x y z_datum Time Well_no H2O H O Charge Al C Ca Cl Fe K Mg Na S Si U pH pe Alkalinity
2.6764000E+02 2.7427000E+02 8.6700000E+00 0.0000000E+00 9 9.9704301E-01 7.2098600E-06 6.6484776E-04 -3.2324431E-06 0.0000000E+00 1.0067647E-04 6.3262499E-05 4.3211171E-04 0.0000000E+00 2.8240956E-04 5.5605061E-05 2.2967748E-04 1.4127542E-04 0.0000000E+00 0.0000000E+00 7.0300000E+00 -2.2001569E+00 7.1999443E-03
2.6764000E+02 2.7427000E+02 8.6700000E+00 5.0000000E+00 9 5.5324641E+01 2.2336243E-02 6.8027342E-02 -2.9743751E-03 0.0000000E+00 6.9859010E-03 1.3155809E-03 1.0158283E-02 0.0000000E+00 6.0200315E-03 1.9067596E-03 8.3264613E-03 1.1999283E-02 0.0000000E+00 0.0000000E+00 3.4046232E+00 1.6986887E+01 -6.5813058E-04
2.6764000E+02 2.7427000E+02 8.6700000E+00 1.0000000E+01 9 5.5306471E+01 3.6533359E-02 1.0905530E-01 -2.7012248E-03 9.8675981E-04 7.5110713E-03 3.0401242E-03 8.0096263E-03 3.6319954E-05 5.2352605E-03 1.5034462E-03 7.0577901E-03 2.0041992E-02 2.9505179E-03 5.4704369E-06 2.3538440E+00 1.8105110E+01 -8.3296905E-03
2.6764000E+02 2.7427000E+02 8.6700000E+00 1.5000000E+01 9 5.5287971E+01 5.5861011E-02 1.4994791E-01 -2.4831002E-03 2.2861271E-03 7.9382434E-03 4.4250569E-03 6.2938144E-03 8.6855524E-05 4.8670226E-03 1.1813799E-03 6.2940953E-03 2.6465383E-02 6.8323742E-03 1.2930906E-05 2.1671632E+00 1.8323203E+01 -1.3580862E-02
2.6764000E+02 2.7427000E+02 8.6700000E+00 2.0000000E+01 9 5.5272174E+01 7.3930915E-02 1.8501944E-01 -2.3160799E-03 3.5495180E-03 8.2539599E-03 5.4741414E-03 4.9799980E-03 1.3630413E-04 4.7210946E-03 9.3477011E-04 5.8397824E-03 3.1384178E-02 1.0606217E-02 2.0308159E-05 2.0903633E+00 1.8418069E+01 -1.6873673E-02
2.6764000E+02 2.7427000E+02 8.6700000E+00 2.5000000E+01 9 5.5259595E+01 8.8904966E-02 2.1316837E-01 -2.1902860E-03 4.6297615E-03 8.4974756E-03 6.2700041E-03 3.9904776E-03 1.7906806E-04 4.6776282E-03 7.4903227E-04 5.5587988E-03 3.5089081E-02 1.3832531E-02 2.6718339E-05 2.0523398E+00 1.8467352E+01 -1.8953913E-02
2.6764000E+02 2.7427000E+02 8.6700000E+00 3.0000000E+01 9 5.5249959E+01 1.0058942E-01 2.3491441E-01 -2.0965642E-03 5.4911393E-03 8.6970831E-03 6.8811335E-03 3.2532431E-03 2.1398078E-04 4.6747325E-03 6.1064973E-04 5.3759638E-03 3.7849581E-02 1.6404823E-02 3.1909217E-05 2.0315154E+00 1.8495478E+01 -2.0298819E-02
2.6764000E+02 2.7427000E+02 8.6700000E+00 3.5000000E+01 9 5.5242732E+01 1.0942349E-01 2.5140718E-01 -2.0271162E-03 6.1565997E-03 8.8692116E-03 7.3582005E-03 2.7069509E-03 2.4105145E-04 4.6867010E-03 5.0810800E-04 5.2532708E-03 3.9895256E-02 1.8391875E-02 3.5956566E-05 2.0197916E+00 1.8512064E+01 -2.1170218E-02
2.6764000E+02 2.7427000E+02 8.6700000E+00 4.0000000E+01 9 5.5237343E+01 1.1603140E-01 2.6384935E-01 -1.9755899E-03 6.6630111E-03 9.0226181E-03 7.7378535E-03 2.3016341E-03 2.6156237E-04 4.7020651E-03 4.3202805E-04 5.1683119E-03 4.1413130E-02 1.9903938E-02 3.9046843E-05 2.0131916E+00 1.8521970E+01 -2.1734800E-02
2.6764000E+02 2.7427000E+02 8.6700000E+00 4.5000000E+01 9 5.5233316E+01 1.2096725E-01 2.7326323E-01 -1.9370541E-03 7.0465750E-03 9.1618029E-03 8.0462445E-03 1.9985041E-03 2.7679877E-04 4.7159150E-03 3.7512904E-04 5.1072017E-03 4.2548408E-02 2.1049184E-02 4.1384026E-05 2.0095325E+00 1.8527917E+01 -2.2102341E-02
2.6764000E+02 2.7427000E+02 8.6700000E+00 5.0000000E+01 9 5.5230280E+01 1.2467438E-01 2.8045233E-01 -1.9078382E-03 7.3379250E-03 9.2891364E-03 8.3018620E-03 1.7686855E-03 2.8811810E-04 4.7265550E-03 3.3199097E-04 5.0612867E-03 4.3409188E-02 2.1919111E-02 4.3150037E-05 2.0075145E+00 1.8531549E+01 -2.2345242E-02
2.6764000E+02 2.7427000E+02 8.6700000E+00 5.5000000E+01 9 5.5227961E+01 1.2748869E-01 2.8601911E-01 -1.8852927E-03 7.5611110E-03 9.4060083E-03 8.5177287E-03 1.5913379E-03 2.9658272E-04 4.7337769E-03 2.9870195E-04 5.0252236E-03 4.4073497E-02 2.2585532E-02 4.4491963E-05 2.0064350E+00 1.8533786E+01 -2.2509207E-02
2.6764000E+02 2.7427000E+02 8.6700000E+00 6.0000000E+01 9 5.5226159E+01 1.2965686E-01 2.9040312E-01 -1.8675428E-03 7.7342528E-03 9.5133863E-03 8.7030445E-03 1.4517135E-03 3.0292206E-04 4.7380159E-03 2.7249377E-04 4.9957382E-03 4.4596549E-02 2.3102545E-02 4.5522255E-05 2.0059152E+00 1.8535153E+01 -2.2622660E-02
2.6764000E+02 2.7427000E+02 8.6700000E+00 6.5000000E+01 9 5.5224732E+01 1.3135554E-01 2.9391941E-01 -1.8532751E-03 7.8706297E-03 9.6120615E-03 8.8643678E-03 1.3394806E-03 3.0779607E-04 4.7398888E-03 2.5142709E-04 4.9708040E-03 4.5017028E-02 2.3509793E-02 4.6324079E-05 2.0058065E+00 1.8535892E+01 -2.2702548E-02
2.6764000E+02 2.7427000E+02 8.6700000E+00 6.6000000E+01 9 5.5218896E+01 1.4284207E-01 3.2188016E-01 -1.8505512E-03 9.8643675E-03 1.1595693E-02 1.0859960E-02 1.3180535E-03 3.8202888E-04 5.7257642E-03 2.4740513E-04 5.9358054E-03 4.5103305E-02 2.9465803E-02 5.6593524E-05 1.9988378E+00 1.8538628E+01 -2.3047528E-02
2.6764000E+02 2.7427000E+02 8.6700000E+00 6.7000000E+01 9 5.5218951E+01 1.4252076E-01 3.2119047E-01 -1.8479480E-03 9.7888357E-03 1.1548153E-02 1.0823851E-02 1.2975760E-03 3.7007900E-04 5.6756302E-03 2.4356139E-04 5.8819186E-03 4.5180778E-02 2.9240067E-02 5.7377630E-05 1.9875717E+00 1.8548726E+01 -2.3588662E-02
2.6764000E+02 2.7427000E+02 8.6700000E+00 7.2000000E+01 9 5.5219756E+01 1.3306322E-01 2.9791972E-01 -1.7981815E-03 7.7804600E-03 9.5761611E-03 8.8991794E-03 1.2128013E-03 2.9814010E-04 4.6185028E-03 2.2764876E-04 4.8237370E-03 4.6168701E-02 2.3240508E-02 4.6308931E-05 1.9633517E+00 1.8691000E+01 -2.5056072E-02
2.6764000E+02 2.7427000E+02 8.6700000E+00 7.7000000E+01 9 5.5214206E+01 1.3633001E-01 3.0491310E-01 -1.7491572E-03 7.9803395E-03 9.6766790E-03 9.0395942E-03 1.1413266E-03 3.2125046E-04 4.6779512E-03 2.1423262E-04 4.8615781E-03 4.7136251E-02 2.3836835E-02 5.2852669E-05 1.9517118E+00 1.8755762E+01 -2.5884195E-02
2.6764000E+02 2.7427000E+02 8.6700000E+00 8.2000000E+01 9 5.5209548E+01 1.3928669E-01 3.1116623E-01 -1.7091025E-03 8.1837520E-03 9.7801504E-03 9.1772519E-03 1.0800824E-03 3.3930531E-04 4.7453059E-03 2.0273677E-04 4.9094661E-03 4.7935259E-02 2.4443703E-02 6.1635851E-05 1.9453159E+00 1.8790658E+01 -2.6400596E-02
2.6764000E+02 2.7427000E+02 8.6700000E+00 8.7000000E+01 9 5.5205846E+01 1.4174144E-01 3.1635003E-01 -1.6775388E-03 8.3612079E-03 9.8747870E-03 9.3015999E-03 1.0268551E-03 3.5407466E-04 4.8041396E-03 1.9274575E-04 4.9514679E-03 4.8574705E-02 2.4973157E-02 7.0088078E-05 1.9415516E+00 1.8811658E+01 -2.6742217E-02
2.6764000E+02 2.7427000E+02 8.6700000E+00 9.1000000E+01 9 5.5202110E+01 1.4603136E-01 3.2615836E-01 -1.6568967E-03 8.9436327E-03 1.0373436E-02 9.8216418E-03 9.8852961E-04 3.8332252E-04 5.0749032E-03 1.8555187E-04 5.2049506E-03 4.9003657E-02 2.6712313E-02 8.1204396E-05 1.9292315E+00 1.8833025E+01 -2.7488104E-02
2.6764000E+02 2.7427000E+02 8.6700000E+00 9.2000000E+01 9 5.5197194E+01 1.5514415E-01 3.4789222E-01 -1.6520107E-03 1.0488846E-02 1.1835942E-02 1.1289355E-02 9.7920153E-04 4.4976591E-04 5.8450305E-03 1.8380094E-04 5.9567999E-03 4.9117584E-02 3.1327823E-02 9.7692974E-05 1.9216342E+00 1.8841501E+01 -2.7931631E-02
2.6764000E+02 2.7427000E+02 8.6700000E+00 9.7000000E+01 9 5.5195665E+01 1.4531765E-01 3.2532246E-01 -2.2701285E-03 8.4079809E-03 9.8844016E-03 9.3609756E-03 9.3770876E-04 3.6097836E-04 4.7756695E-03 1.7601255E-04 4.9001969E-03 5.0517393E-02 2.5112212E-02 8.1964265E-05 1.9040382E+00 1.8877133E+01 -2.9398877E-02
2.6764000E+02 2.7427000E+02 8.6700000E+00 1.0200000E+02 9 5.5187752E+01 1.4874888E-01 3.3372396E-01 -2.9078633E-03 8.6118065E-03 9.9741563E-03 9.4715181E-03 9.0046782E-04 3.8497368E-04 4.8580847E-03 1.6902224E-04 4.9672472E-03 5.1881004E-02 2.5720141E-02 8.7664599E-05 1.8941659E+00 1.8899667E+01 -3.0367364E-02
2.6764000E+02 2.7427000E+02 8.6700000E+00 1.0700000E+02 9 5.5181288E+01 1.5174774E-01 3.4092487E-01 -3.4233580E-03 8.8083103E-03 1.0063319E-02 9.5794798E-03 8.6679036E-04 4.0284104E-04 4.9389777E-03 1.6270081E-04 5.0336026E-03 5.2986276E-02 2.6306248E-02 9.3705711E-05 1.8885061E+00 1.8914013E+01 -3.1016615E-02
2.6764000E+02 2.7427000E+02 8.6700000E+00 1.1200000E+02 9 5.5176239E+01 1.5419285E-01 3.4674592E-01 -3.8190400E-03 8.9764465E-03 1.0143331E-02 9.6766012E-03 8.3613898E-04 4.1758439E-04 5.0071725E-03 1.5694740E-04 5.0888204E-03 5.3851812E-02 2.6807770E-02 9.8989713E-05 1.8851651E+00 1.8923393E+01 -3.1463484E-02
2.6764000E+02 2.7427000E+02 8.6700000E+00 1.1700000E+02 9 5.5172346E+01 1.5615034E-01 3.5138271E-01 -4.1170213E-03 9.1155623E-03 1.0214209E-02 9.7631375E-03 8.0808752E-04 4.2945233E-04 5.0620328E-03 1.5168200E-04 5.1322828E-03 5.4524560E-02 2.7222748E-02 1.0335467E-04 1.8830113E+00 1.8929816E+01 -3.1777419E-02
2.6764000E+02 2.7427000E+02 8.6700000E+00 1.2200000E+02 9 5.5169358E+01 1.5770759E-01 3.5506061E-01 -4.3386261E-03 9.2290038E-03 1.0276993E-02 9.8403195E-03 7.8229293E-04 4.3874001E-04 5.1050212E-03 1.4684023E-04 5.1653579E-03 5.5047271E-02 2.7561159E-02 1.0686745E-04 1.8816815E+00 1.8934206E+01 -3.1998402E-02
2.6764000E+02 2.7427000E+02 8.6700000E+00 1.2400000E+02 9 5.5163652E+01 1.6759366E-01 3.7807823E-01 -4.4163451E-03 1.0861834E-02 1.1700513E-02 1.1269409E-02 7.7231612E-04 5.1854011E-04 5.9217239E-03 1.4496753E-04 5.9562459E-03 5.5252021E-02 3.2437344E-02 1.2695722E-04 1.8685039E+00 1.8947386E+01 -3.2816387E-02
2.6764000E+02 2.7427000E+02 8.6700000E+00 1.2500000E+02 9 5.5161910E+01 1.7035404E-01 3.8470212E-01 -4.4526316E-03 1.1313113E-02 1.2140164E-02 1.1711798E-02 7.6741057E-04 5.2868708E-04 6.1454095E-03 1.4404674E-04 6.1739611E-03 5.5347334E-02 3.3785278E-02 1.3378693E-04 1.8599886E+00 1.8955948E+01 -3.3396321E-02
2.6764000E+02 2.7427000E+02 8.6700000E+00 1.3000000E+02 9 5.5166686E+01 1.5805199E-01 3.5646341E-01 -4.5826300E-03 9.1401093E-03 1.0237784E-02 9.8206453E-03 7.4729739E-04 4.2983674E-04 5.0398266E-03 1.4027140E-04 5.0927694E-03 5.5654971E-02 2.7295524E-02 1.0979364E-04 1.8655351E+00 1.8953642E+01 -3.3227965E-02
2.6764000E+02 2.7427000E+02 8.6700000E+00 1.3100000E+02 9 5.5159713E+01 1.7154681E-01 3.8765240E-01 -4.6068791E-03 1.1411834E-02 1.2203274E-02 1.1788320E-02 7.4338319E-04 5.5621138E-04 6.1819654E-03 1.3953668E-04 6.2013529E-03 5.5738128E-02 3.4079747E-02 1.3423734E-04 1.8608600E+00 1.8957554E+01 -3.3473715E-02
2.6764000E+02 2.7427000E+02 8.6700000E+00 1.3200000E+02 9 5.5159586E+01 1.7132424E-01 3.8717185E-01 -4.6295342E-03 1.1356139E-02 1.2169960E-02 1.1757167E-02 7.3951267E-04 5.3681733E-04 6.1517805E-03 1.3881017E-04 6.1706770E-03 5.5800490E-02 3.3913261E-02 1.3651343E-04 1.8549676E+00 1.8963391E+01 -3.3865291E-02
2.6764000E+02 2.7427000E+02 8.6700000E+00 1.3700000E+02 9 5.5156715E+01 1.6073763E-01 3.6433755E-01 -6.0981460E-03 9.1815018E-03 1.0276401E-02 9.8735145E-03 7.2176402E-04 4.3586645E-04 5.0463392E-03 1.3547866E-04 5.0911302E-03 5.7641789E-02 2.7418768E-02 1.1171808E-04 1.8455344E+00 1.8952930E+01 -3.5218617E-02
2.6764000E+02 2.7427000E+02 8.6700000E+00 1.4200000E+02 9 5.5146547E+01 1.6461159E-01 3.7440112E-01 -7.6014592E-03 9.4289112E-03 1.0413662E-02 1.0019998E-02 7.0524099E-04 4.6096420E-04 5.1632097E-03 1.3237720E-04 5.1962649E-03 5.9524558E-02 2.8156847E-02 1.1086694E-04 1.8404173E+00 1.8930555E+01 -3.6162255E-02
2.6764000E+02 2.7427000E+02 8.6700000E+00 1.4700000E+02 9 5.5138150E+01 1.6796578E-01 3.8296036E-01 -8.8267590E-03 9.6554587E-03 1.0541303E-02 1.0156342E-02 6.8965075E-04 4.7599382E-04 5.2699759E-03 1.2945084E-04 5.2921358E-03 6.1064947E-02 2.8832694E-02 1.0831248E-04 1.8375206E+00 1.8904939E+01 -3.6835366E-02
2.6764000E+02 2.7427000E+02 8.6700000E+00 1.5200000E+02 9 5.5131554E+01 1.7066337E-01 3.8980250E-01 -9.7783520E-03 9.8419625E-03 1.0649764E-02 1.0273069E-02 6.7484234E-04 4.8655432E-04 5.3566714E-03 1.2667123E-04 5.3694822E-03 6.2271447E-02 2.9389098E-02 1.0409954E-04 1.8356901E+00 1.8879012E+01 -3.7329103E-02
2.6764000E+02 2.7427000E+02 8.6700000E+00 1.5700000E+02 9 5.5126445E+01 1.7279525E-01 3.9518880E-01 -1.0505337E-02 9.9917957E-03 1.0740487E-02 1.0371664E-02 6.6073995E-04 4.9400873E-04 5.4249608E-03 1.2402414E-04 5.4298713E-03 6.3204894E-02 2.9836111E-02 9.9030476E-05 1.8345063E+00 1.8854094E+01 -3.7692599E-02
2.6764000E+02 2.7427000E+02 8.6700000E+00 1.6200000E+02 9 5.5122518E+01 1.7446859E-01 3.9940463E-01 -1.1055116E-02 1.0111043E-02 1.0816181E-02 1.0454861E-02 6.4729899E-04 4.9934591E-04 5.4779220E-03 1.2150120E-04 5.4761946E-03 6.3923248E-02 3.0191881E-02 9.3768972E-05 1.8337384E+00 1.8831160E+01 -3.7960359E-02
2.6764000E+02 2.7427000E+02 8.6700000E+00 1.6700000E+02 9 5.5119502E+01 1.7578162E-01 4.0270531E-01 -1.1468692E-02 1.0205735E-02 1.0879545E-02 1.0525377E-02 6.3448585E-04 5.0317238E-04 5.5186302E-03 1.1909612E-04 5.5113100E-03 6.4476236E-02 3.0474402E-02 8.8760421E-05 1.8332350E+00 1.8810901E+01 -3.8158610E-02
2.6764000E+02 2.7427000E+02 8.6700000E+00 1.6800000E+02 9 5.5112142E+01 1.8965892E-01 4.3441471E-01 -1.1546277E-02 1.2516932E-02 1.2819117E-02 1.2466366E-02 6.3194808E-04 6.2931762E-04 6.6830326E-03 1.1861976E-04 6.6385415E-03 6.4588967E-02 3.7376032E-02 1.0173028E-04 1.8272085E+00 1.8810445E+01 -3.8528933E-02
2.6764000E+02 2.7427000E+02 8.6700000E+00 1.6900000E+02 9 5.5111893E+01 1.8931977E-01 4.3371171E-01 -1.1619038E-02 1.2435815E-02 1.2769441E-02 1.2418093E-02 6.2943492E-04 6.0216923E-04 6.6406460E-03 1.1814803E-04 6.5967675E-03 6.4688266E-02 3.7133691E-02 1.0134288E-04 1.8199658E+00 1.8812823E+01 -3.9087132E-02
2.6764000E+02 2.7427000E+02 8.6700000E+00 1.7400000E+02 9 5.5126260E+01 1.6742030E-01 3.9646364E-01 -1.6807668E-02 1.0058707E-02 1.0800831E-02 1.0456170E-02 6.1745442E-04 4.8353568E-04 5.4339868E-03 1.1589923E-04 5.4259032E-03 6.3435293E-02 3.0035366E-02 8.1420034E-05 1.9148566E+00 1.8704888E+01 -3.2463791E-02
2.6764000E+02 2.7427000E+02 8.6700000E+00 1.7500000E+02 9 5.5122078E+01 1.7749248E-01 4.2348316E-01 -1.7968326E-02 1.2110864E-02 1.2731994E-02 1.2388658E-02 6.1508149E-04 5.7305641E-04 6.4627074E-03 1.1545382E-04 6.4329090E-03 6.3148174E-02 3.6165676E-02 9.2272199E-05 1.9329406E+00 1.8681298E+01 -3.1275783E-02
2.6764000E+02 2.7427000E+02 8.6700000E+00 1.7600000E+02 9 5.5124403E+01 1.7464020E-01 4.2031192E-01 -1.9171211E-02 1.1959929E-02 1.2682370E-02 1.2340345E-02 6.1273149E-04 5.4843648E-04 6.3836659E-03 1.1501271E-04 6.3590228E-03 6.2835496E-02 3.5715521E-02 9.1523287E-05 1.9502175E+00 1.8660205E+01 -3.0201145E-02
2.6764000E+02 2.7427000E+02 8.6700000E+00 1.8100000E+02 9 5.5059682E+01 1.7626026E-01 4.4165438E-01 -3.0068443E-02 9.6009062E-03 1.0735672E-02 1.0399903E-02 6.0152494E-04 4.4031161E-04 5.1860552E-03 1.1290919E-04 5.1982407E-03 7.6153363E-02 2.8671356E-02 7.3303777E-05 1.7979903E+00 1.8804607E+01 -4.5419352E-02
2.6764000E+02 2.7427000E+02 8.6700000E+00 1.8600000E+02 9 5.4982137E+01 1.9646727E-01 5.0179676E-01 -4.0110666E-02 9.8703528E-03 1.0814530E-02 1.0484729E-02 5.9083209E-04 4.8162457E-04 5.3194819E-03 1.1090209E-04 5.3164275E-03 9.0361072E-02 2.9474223E-02 7.1354612E-05 1.6877866E+00 1.8905856E+01 -6.1326937E-02
2.6764000E+02 2.7427000E+02 8.6700000E+00 1.9100000E+02 9 5.4917338E+01 2.1548194E-01 5.5472721E-01 -4.8125917E-02 1.0383853E-02 1.0895376E-02 1.0571273E-02 5.8062393E-04 5.4734154E-04 5.5815705E-03 1.0898597E-04 5.5478536E-03 1.0203541E-01 3.1003576E-02 7.1669439E-05 1.6234493E+00 1.8962460E+01 -7.3692876E-02
2.6764000E+02 2.7427000E+02 8.6700000E+00 1.9600000E+02 9 5.4866196E+01 2.3172782E-01 5.9817907E-01 -5.4296967E-02 1.0968675E-02 1.0967742E-02 1.0649082E-02 5.7087243E-04 6.2408530E-04 5.8816501E-03 1.0715556E-04 5.8123679E-03 1.1112983E-01 3.2745121E-02 7.2743084E-05 1.5848935E+00 1.8994605E+01 -8.2760990E-02
2.6764000E+02 2.7427000E+02 8.6700000E+00 2.0100000E+02 9 5.4826638E+01 2.4508679E-01 6.3288397E-01 -5.8980226E-02 1.1536960E-02 1.1031849E-02 1.0718393E-02 5.6155085E-04 6.9828872E-04 6.1735363E-03 1.0540586E-04 6.0692730E-03 1.1808906E-01 3.4437308E-02 7.3959409E-05 1.5609255E+00 1.9013292E+01 -8.9302428E-02
2.6764000E+02 2.7427000E+02 8.6700000E+00 2.0600000E+02 9 5.4796436E+01 2.5580037E-01 6.6010568E-01 -6.2504989E-02 1.2046423E-02 1.1089010E-02 1.0780531E-02 5.5263384E-04 7.6243001E-04 6.4349460E-03 1.0373209E-04 6.2990422E-03 1.2335444E-01 3.5954307E-02 7.5055158E-05 1.5457101E+00 1.9024142E+01 -9.3973473E-02
2.6764000E+02 2.7427000E+02 8.6700000E+00 2.1100000E+02 9 5.4773559E+01 2.6424815E-01 6.8121612E-01 -6.5150407E-02 1.2482372E-02 1.1140524E-02 1.0836810E-02 5.4409750E-04 8.1443915E-04 6.6580631E-03 1.0212978E-04 6.4949618E-03 1.2731256E-01 3.7252432E-02 7.5938714E-05 1.5359621E+00 1.9030260E+01 -9.7285307E-02
2.6764000E+02 2.7427000E+02 8.6700000E+00 2.1600000E+02 9 5.4756256E+01 2.7085296E-01 6.9752478E-01 -6.7142660E-02 1.2845835E-02 1.1187598E-02 1.0888449E-02 5.3591942E-04 8.5552700E-04 6.8433649E-03 1.0059471E-04 6.6575591E-03 1.3028746E-01 3.8334785E-02 7.6602920E-05 1.5297014E+00 1.9033481E+01 -9.9627820E-02
2.6764000E+02 2.7427000E+02 8.6700000E+00 2.2100000E+02 9 5.4743101E+01 2.7601431E-01 7.1016764E-01 -6.8657168E-02 1.3145217E-02 1.1231273E-02 1.0936501E-02 5.2807861E-04 8.8774744E-04 6.9952414E-03 9.9122951E-05 6.7907276E-03 1.3253780E-01 3.9226395E-02 7.7076591E-05 1.5256805E+00 1.9034938E+01 -1.0129069E-01
2.6764000E+02 2.7427000E+02 8.6700000E+00 2.2600000E+02 9 5.4732989E+01 2.8007271E-01 7.2006283E-01 -6.9825024E-02 1.3391222E-02 1.1272360E-02 1.0981787E-02 5.2055546E-04 9.1308437E-04 7.1193079E-03 9.7710820E-05 6.8994071E-03 1.3426095E-01 3.9959134E-02 7.7399091E-05 1.5231002E+00 1.9035343E+01 -1.0248258E-01
2.6764000E+02 2.7427000E+02 8.6700000E+00 2.3100000E+02 9 5.4725096E+01 2.8329982E-01 7.2791687E-01 -7.0741556E-02 1.3594244E-02 1.1311437E-02 1.1024897E-02 5.1333169E-04 9.3317547E-04 7.2210056E-03 9.6354884E-05 6.9883980E-03 1.3560240E-01 4.0563929E-02 7.7608567E-05 1.5214469E+00 1.9035144E+01 -1.0334977E-01
2.6764000E+02 2.7427000E+02 8.6700000E+00 2.3600000E+02 9 5.4718823E+01 2.8590377E-01 7.3425663E-01 -7.1474900E-02 1.3763294E-02 1.1348886E-02 1.1066221E-02 5.0639026E-04 9.4929428E-04 7.3050194E-03 9.5051943E-05 7.0618948E-03 1.3666687E-01 4.1067599E-02 7.7737244E-05 1.5203921E+00 1.9034617E+01 -1.0399264E-01
2.6764000E+02 2.7427000E+02 8.6700000E+00 2.4100000E+02 9 5.4713739E+01 2.8803958E-01 7.3946725E-01 -7.2073340E-02 1.3905701E-02 1.1384950E-02 1.1106010E-02 4.9971527E-04 9.6240289E-04 7.3751348E-03 9.3799013E-05 7.1233295E-03 1.3752876E-01 4.1491953E-02 7.7810141E-05 1.5197262E+00 1.9033930E+01 -1.0447930E-01
2.6764000E+02 2.7427000E+02 8.6700000E+00 2.4600000E+02 9 5.4709541E+01 2.8982108E-01 7.4382742E-01 -7.2571049E-02 1.4027189E-02 1.1419779E-02 1.1144425E-02 4.9329189E-04 9.7320776E-04 7.4343082E-03 9.2593313E-05 7.1753820E-03 1.3824066E-01 4.1854029E-02 7.7845549E-05 1.5193150E+00 1.9033182E+01 -1.0485585E-01
2.6764000E+02 2.7427000E+02 8.6700000E+00 2.5100000E+02 9 5.4706010E+01 2.9133121E-01 7.4753816E-01 -7.2992315E-02 1.4132135E-02 1.1453472E-02 1.1181571E-02 4.8710629E-04 9.8222928E-04 7.4848161E-03 9.1432247E-05 7.2200783E-03 1.3883977E-01 4.2166848E-02 7.7856234E-05 1.5190714E+00 1.9032432E+01 -1.0515367E-01
2.6764000E+02 2.7427000E+02 8.6700000E+00 2.5600000E+02 9 5.4702991E+01 2.9263019E-01 7.5074482E-01 -7.3354549E-02 1.4223843E-02 1.1486093E-02 1.1217520E-02 4.8114558E-04 9.8985424E-04 7.5284043E-03 9.0313391E-05 7.2589202E-03 1.3935262E-01 4.2440246E-02 7.7850820E-05 1.5189384E+00 1.9031710E+01 -1.0539435E-01
2.6764000E+02 2.7427000E+02 8.6700000E+00 2.6100000E+02 9 5.4700372E+01 2.9376211E-01 7.5355335E-01 -7.3670376E-02 1.4304808E-02 1.1517687E-02 1.1252321E-02 4.7539769E-04 9.9638042E-04 7.5664107E-03 8.9234484E-05 7.2930164E-03 1.3979830E-01 4.2681644E-02 7.7835050E-05 1.5188784E+00 1.9031035E+01 -1.0559288E-01
2.6764000E+02 2.7427000E+02 8.6700000E+00 2.6400000E+02 9 5.4694418E+01 3.0343340E-01 7.7376541E-01 -7.3845399E-02 1.5771511E-02 1.2409434E-02 1.2145952E-02 4.7202307E-04 1.1175768E-03 8.3138430E-03 8.8601052E-05 7.9953193E-03 1.4004782E-01 4.7057345E-02 8.5073097E-05 1.5133692E+00 1.9033837E+01 -1.0661940E-01
2.6764000E+02 2.7427000E+02 8.6700000E+00 2.6500000E+02 9 5.4689381E+01 3.1280202E-01 7.9326387E-01 -7.3902209E-02 1.7227946E-02 1.3324214E-02 1.3061356E-02 4.7090634E-04 1.2443260E-03 9.0566151E-03 8.8391437E-05 8.6955297E-03 1.4013061E-01 5.1402899E-02 9.1984424E-05 1.5100581E+00 1.9034838E+01 -1.0718778E-01
2.6764000E+02 2.7427000E+02 8.6700000E+00 2.7000000E+02 9 5.4696260E+01 2.9640240E-01 7.5989379E-01 -7.4103427E-02 1.4600602E-02 1.1726522E-02 1.1465293E-02 4.6798749E-04 9.9975520E-04 7.7120918E-03 8.7843553E-05 7.4302739E-03 1.4040433E-01 4.3564238E-02 7.9408387E-05 1.5239625E+00 1.9023382E+01 -1.0487085E-01
2.6764000E+02 2.7427000E+02 8.6700000E+00 2.7500000E+02 9 5.4693176E+01 3.0015866E-01 7.6801022E-01 -7.4292271E-02 1.5136359E-02 1.2061789E-02 1.1802529E-02 4.6445848E-04 1.0531578E-03 7.9833481E-03 8.7181140E-05 7.6853644E-03 1.4066798E-01 4.5162652E-02 8.1336259E-05 1.5373870E+00 1.9008029E+01 -1.0254701E-01
2.6764000E+02 2.7427000E+02 8.6700000E+00 2.8000000E+02 9 5.4690574E+01 3.0309936E-01 7.7449923E-01 -7.4469468E-02 1.5548461E-02 1.2347083E-02 1.2090077E-02 4.6042146E-04 1.0823873E-03 8.1905101E-03 8.6423373E-05 7.8813604E-03 1.4091717E-01 4.6392469E-02 8.3162018E-05 1.5477745E+00 1.8995629E+01 -1.0077860E-01
2.6764000E+02 2.7427000E+02 8.6700000E+00 2.8500000E+02 9 5.4688446E+01 3.0527078E-01 7.7949098E-01 -7.4632814E-02 1.5849810E-02 1.2583324E-02 1.2328524E-02 4.5647047E-04 1.0993869E-03 8.3407786E-03 8.5681753E-05 8.0246355E-03 1.4114690E-01 4.7292060E-02 8.4454513E-05 1.5554520E+00 1.8986349E+01 -9.9499170E-02
2.6764000E+02 2.7427000E+02 8.6700000E+00 2.8900000E+02 9 5.4684880E+01 3.1085737E-01 7.9154001E-01 -7.4755260E-02 1.6704917E-02 1.3172876E-02 1.2919778E-02 4.5342089E-04 1.1611069E-03 8.7744023E-03 8.5109332E-05 8.4350762E-03 1.4132040E-01 4.9843906E-02 8.8574279E-05 1.5569190E+00 1.8982716E+01 -9.9243208E-02
2.6764000E+02 2.7427000E+02 8.6700000E+00 2.9000000E+02 9 5.4677712E+01 3.2485366E-01 8.2091960E-01 -7.4785371E-02 1.8914779E-02 1.4614157E-02 1.4361481E-02 4.5266564E-04 1.3591904E-03 9.9007962E-03 8.4967567E-05 9.4998547E-03 1.4136660E-01 5.6438245E-02 9.8447718E-05 1.5555096E+00 1.8980823E+01 -9.9394803E-02
2.6764000E+02 2.7427000E+02 8.6700000E+00 2.9500000E+02 9 5.4743742E+01 2.9223838E-01 7.4058036E-01 -6.7844323E-02 1.5993322E-02 1.2822653E-02 1.2572007E-02 4.4902895E-04 1.0794300E-03 8.4064872E-03 8.4284943E-05 8.0914112E-03 1.3086936E-01 4.7721551E-02 8.5120655E-05 1.6175496E+00 1.8922201E+01 -8.5354826E-02
2.6764000E+02 2.7427000E+02 8.6700000E+00 3.0000000E+02 9 5.4807814E+01 2.7572399E-01 6.9302829E-01 -6.0054598E-02 1.5929538E-02 1.2964265E-02 1.2715588E-02 4.4550034E-04 1.0764022E-03 8.3667764E-03 8.3622605E-05 8.0641801E-03 1.1909751E-01 4.7533846E-02 8.4151115E-05 1.6948090E+00 1.8844430E+01 -7.0392109E-02
2.6764000E+02 2.7427000E+02 8.6700000E+00 3.0100000E+02 9 5.4812849E+01 2.8788550E-01 7.1737434E-01 -5.8506515E-02 1.8438217E-02 1.4878833E-02 1.4630548E-02 4.4479871E-04 1.2789858E-03 9.6374159E-03 8.3490906E-05 9.2832726E-03 1.1676347E-01 5.5023970E-02 9.5516423E-05 1.7087584E+00 1.8826290E+01 -6.7724544E-02
2.6764000E+02 2.7427000E+02 8.6700000E+00 3.0200000E+02 9 5.4825693E+01 2.8382638E-01 7.0641236E-01 -5.6997077E-02 1.8286565E-02 1.4862750E-02 1.4614854E-02 4.4410097E-04 1.2248618E-03 9.5576402E-03 8.3359936E-05 9.2121058E-03 1.1448322E-01 5.4572402E-02 9.6059412E-05 1.7215328E+00 1.8811912E+01 -6.5355745E-02
2.6764000E+02 2.7427000E+02 8.6700000E+00 3.0300000E+02 9 5.4838316E+01 2.7955007E-01 6.9524716E-01 -5.5533528E-02 1.8096184E-02 1.4831793E-02 1.4584935E-02 4.4224063E-04 1.1837781E-03 9.4570754E-03 8.3010741E-05 9.1217273E-03 1.1227474E-01 5.4005387E-02 9.5464498E-05 1.7329217E+00 1.8800380E+01 -6.3259451E-02
2.6764000E+02 2.7427000E+02 8.6700000E+00 3.0800000E+02 9 5.4897234E+01 2.4793502E-01 6.1860815E-01 -4.9517678E-02 1.5036954E-02 1.2887972E-02 1.2646936E-02 4.3181346E-04 9.4383015E-04 7.8895606E-03 8.1053511E-05 7.6400027E-03 1.0318814E-01 4.4877113E-02 7.9457799E-05 1.7933053E+00 1.8746815E+01 -5.3994783E-02
2.6764000E+02 2.7427000E+02 8.6700000E+00 3.1300000E+02 9 5.4938195E+01 2.3481356E-01 5.8417493E-01 -4.4724635E-02 1.4573686E-02 1.2884086E-02 1.2650592E-02 4.1830122E-04 8.8089799E-04 7.6365819E-03 7.8517197E-05 7.4164483E-03 9.5959390E-02 4.3498924E-02 7.6493311E-05 1.8459413E+00 1.8695036E+01 -4.6826110E-02
2.6764000E+02 2.7427000E+02 8.6700000E+00 3.1800000E+02 9 5.4970721E+01 2.2382710E-01 5.5597676E-01 -4.0961434E-02 1.4111373E-02 1.2878187E-02 1.2652575E-02 4.0418109E-04 8.0460570E-04 7.3839727E-03 7.5866779E-05 7.1924543E-03 9.0287939E-02 4.2123265E-02 7.4309618E-05 1.8885258E+00 1.8652414E+01 -4.1612533E-02
2.6764000E+02 2.7427000E+02 8.6700000E+00 3.2300000E+02 9 5.4996280E+01 2.1465147E-01 5.3306830E-01 -3.8044464E-02 1.3664597E-02 1.2870177E-02 1.2652036E-02 3.9079574E-04 7.3660637E-04 7.1401978E-03 7.3354281E-05 6.9758271E-03 8.5893924E-02 4.0793471E-02 7.2373679E-05 1.9210249E+00 1.8619747E+01 -3.7922926E-02
2.6764000E+02 2.7427000E+02 8.6700000E+00 3.2800000E+02 9 5.5016179E+01 2.0708735E-01 5.1467305E-01 -3.5804881E-02 1.3253568E-02 1.2863195E-02 1.2651836E-02 3.7864645E-04 6.8028246E-04 6.9160086E-03 7.1073801E-05 6.7765275E-03 8.2521400E-02 3.9569762E-02 7.0636398E-05 1.9449537E+00 1.8595656E+01 -3.5344686E-02
2.6764000E+02 2.7427000E+02 8.6700000E+00 3.2900000E+02 9 5.5014080E+01 2.1739930E-01 5.3883950E-01 -3.5382734E-02 1.5184682E-02 1.4735157E-02 1.4525124E-02 3.7626888E-04 7.4744510E-04 7.8840581E-03 7.0627520E-05 7.7242016E-03 8.1891402E-02 4.5339034E-02 8.0074731E-05 1.9473734E+00 1.8589256E+01 -3.5024418E-02
2.6764000E+02 2.7427000E+02 8.6700000E+00 3.3000000E+02 9 5.5017875E+01 2.1553536E-01 5.3450236E-01 -3.4985053E-02 1.5030050E-02 1.4686295E-02 1.4477560E-02 3.7394547E-04 7.2554767E-04 7.8028279E-03 7.0191404E-05 7.6488674E-03 8.1293376E-02 4.4877833E-02 8.0452344E-05 1.9460148E+00 1.8589245E+01 -3.4957455E-02
2.6764000E+02 2.7427000E+02 8.6700000E+00 3.3500000E+02 9 5.5007195E+01 2.0803879E-01 5.1454065E-01 -3.4056928E-02 1.2551342E-02 1.2727311E-02 1.2524335E-02 3.6362923E-04 6.0464324E-04 6.5402102E-03 6.8254995E-05 6.4358491E-03 8.4647529E-02 3.7476974E-02 6.7926894E-05 1.8456088E+00 1.8695303E+01 -4.3393982E-02
2.6764000E+02 2.7427000E+02 8.6700000E+00 3.4000000E+02 9 5.4982924E+01 2.1756393E-01 5.3262104E-01 -3.3544868E-02 1.2569100E-02 1.2733833E-02 1.2535978E-02 3.5445376E-04 6.1779930E-04 6.5432190E-03 6.6532713E-05 6.4372357E-03 8.9111664E-02 3.7529426E-02 6.7670991E-05 1.7657219E+00 1.8775760E+01 -5.1817791E-02
2.6764000E+02 2.7427000E+02 8.6700000E+00 3.4500000E+02 9 5.4960602E+01 2.2756003E-01 5.5132155E-01 -3.3204844E-02 1.2808458E-02 1.2752130E-02 1.2558861E-02 3.4623859E-04 6.5117826E-04 6.6633648E-03 6.4990687E-05 6.5419417E-03 9.3065572E-02 3.8241678E-02 6.8825501E-05 1.7125765E+00 1.8828736E+01 -5.8421574E-02
2.6764000E+02 2.7427000E+02 8.6700000E+00 3.5000000E+02 9 5.4941838E+01 2.3673776E-01 5.6827009E-01 -3.2957603E-02 1.3142416E-02 1.2770013E-02 1.2580886E-02 3.3881886E-04 6.9599424E-04 6.8339649E-03 6.3597966E-05 6.6908580E-03 9.6300128E-02 3.9235615E-02 7.0398223E-05 1.6777504E+00 1.8863305E+01 -6.3315719E-02
2.6764000E+02 2.7427000E+02 8.6700000E+00 3.5500000E+02 9 5.4926556E+01 2.4473091E-01 5.8287424E-01 -3.2766773E-02 1.3500777E-02 1.2785989E-02 1.2600636E-02 3.3205623E-04 7.4393333E-04 7.0180911E-03 6.2328587E-05 6.8513094E-03 9.8876878E-02 4.0302221E-02 7.2005158E-05 1.6546469E+00 1.8886185E+01 -6.6880560E-02
2.6764000E+02 2.7427000E+02 8.6700000E+00 3.6000000E+02 9 5.4914392E+01 2.5144582E-01 5.9503084E-01 -3.2610776E-02 1.3842955E-02 1.2800024E-02 1.2618142E-02 3.2583908E-04 7.9004895E-04 7.1943452E-03 6.1161597E-05 7.0044127E-03 1.0089084E-01 4.1320665E-02 7.3474673E-05 1.6391830E+00 1.8901473E+01 -6.9448361E-02
2.6764000E+02 2.7427000E+02 8.6700000E+00 3.6500000E+02 9 5.4904896E+01 2.5693633E-01 6.0488130E-01 -3.2476692E-02 1.4148229E-02 1.2812168E-02 1.2633501E-02 3.2007883E-04 8.3086074E-04 7.3517222E-03 6.0080370E-05 7.1405671E-03 1.0243899E-01 4.2229263E-02 7.4737064E-05 1.6287738E+00 1.8911749E+01 -7.1281005E-02
2.6764000E+02 2.7427000E+02 8.6700000E+00 3.7000000E+02 9 5.4897589E+01 2.6134048E-01 6.1270952E-01 -3.2357347E-02 1.4409274E-02 1.2822522E-02 1.2646854E-02 3.1470547E-04 8.6517797E-04 7.4862408E-03 5.9071764E-05 7.2564221E-03 1.0361405E-01 4.3006223E-02 7.5779257E-05 1.6217368E+00 1.8918689E+01 -7.2580510E-02
2.6764000E+02 2.7427000E+02 8.6700000E+00 3.7500000E+02 9 5.4892017E+01 2.6483340E-01 6.1885722E-01 -3.2249060E-02 1.4626808E-02 1.2831265E-02 1.2658411E-02 3.0966353E-04 8.9303383E-04 7.5981747E-03 5.8125367E-05 7.3523419E-03 1.0449924E-01 4.3653698E-02 7.6618034E-05 1.6169528E+00 1.8923403E+01 -7.3499640E-02
2.6764000E+02 2.7427000E+02 8.6700000E+00 3.8000000E+02 9 5.4887781E+01 2.6759127E-01 6.2366099E-01 -3.2150013E-02 1.4805522E-02 1.2838631E-02 1.2668432E-02 3.0490879E-04 9.1516429E-04 7.6899216E-03 5.7232879E-05 7.4305043E-03 1.0516465E-01 4.4185654E-02 7.7282699E-05 1.6136707E+00 1.8926636E+01 -7.4151184E-02
2.6764000E+02 2.7427000E+02 8.6700000E+00 3.8500000E+02 9 5.4884555E+01 2.6977150E-01 6.2741759E-01 -3.2059258E-02 1.4951472E-02 1.2844864E-02 1.2677178E-02 3.0040566E-04 9.3252061E-04 7.7646228E-03 5.6387621E-05 7.4937014E-03 1.0566631E-01 4.4620113E-02 7.7805016E-05 1.6113911E+00 1.8928882E+01 -7.4616307E-02
2.6764000E+02 2.7427000E+02 8.6700000E+00 3.9000000E+02 9 5.4882082E+01 2.7150443E-01 6.3037131E-01 -3.1976183E-02 1.5070665E-02 1.2850183E-02 1.2684887E-02 2.9612526E-04 9.4622712E-04 7.8254095E-03 5.5584169E-05 7.5446941E-03 1.0604734E-01 4.4974948E-02 7.8214209E-05 1.6097814E+00 1.8930469E+01 -7.4952334E-02
2.6764000E+02 2.7427000E+02 8.6700000E+00 3.9500000E+02 9 5.4880168E+01 2.7289440E-01 6.3271466E-01 -3.1900269E-02 1.5168414E-02 1.2854771E-02 1.2691753E-02 2.9204386E-04 9.5702014E-04 7.8750573E-03 5.4818068E-05 7.5859219E-03 1.0633995E-01 4.5265970E-02 7.8535054E-05 1.6086197E+00 1.8931616E+01 -7.5199192E-02
2.6764000E+02 2.7427000E+02 8.6700000E+00 4.0000000E+02 9 5.4878668E+01 2.7402191E-01 6.3459528E-01 -3.1831005E-02 1.5249150E-02 1.2858768E-02 1.2697928E-02 2.8814173E-04 9.6556456E-04 7.9158811E-03 5.4085620E-05 7.6194180E-03 1.0656780E-01 4.5506362E-02 7.8787596E-05 1.6077579E+00 1.8932469E+01 -7.5384412E-02
2.6764000E+02 2.7427000E+02 8.6700000E+00 4.0500000E+02 9 5.4877475E+01 2.7494829E-01 6.3612450E-01 -3.1767872E-02 1.5316439E-02 1.2862279E-02 1.2703527E-02 2.8440236E-04 9.7235428E-04 7.9497416E-03 5.3383722E-05 7.6468181E-03 1.0674805E-01 4.5706728E-02 7.8987595E-05 1.6070980E+00 1.8933125E+01 -7.5526827E-02
2.6764000E+02 2.7427000E+02 8.6700000E+00 4.1000000E+02 9 5.4876512E+01 2.7571952E-01 6.3738544E-01 -3.1710347E-02 1.5373084E-02 1.2865381E-02 1.2708633E-02 2.8081169E-04 9.7781890E-04 7.9781008E-03 5.2709736E-05 7.6694088E-03 1.0689312E-01 4.5875409E-02 7.9147192E-05 1.6065757E+00 1.8933646E+01 -7.5639302E-02
2.6764000E+02 2.7427000E+02 8.6700000E+00 4.1200000E+02 9 5.4869684E+01 2.8899813E-01 6.6502205E-01 -3.1688201E-02 1.7453204E-02 1.4205848E-02 1.4049889E-02 2.7939838E-04 1.1393030E-03 9.0398917E-03 5.2444450E-05 8.6690906E-03 1.0695042E-01 5.2082464E-02 8.9084298E-05 1.6007089E+00 1.8936034E+01 -7.6322787E-02
2.6764000E+02 2.7427000E+02 8.6700000E+00 4.1700000E+02 9 5.4876032E+01 2.7540464E-01 6.3640566E-01 -3.1637739E-02 1.5251794E-02 1.2774786E-02 1.2620725E-02 2.7599723E-04 9.5383689E-04 7.9147914E-03 5.1806038E-05 7.6055035E-03 1.0705565E-01 4.5513281E-02 7.8758817E-05 1.5995454E+00 1.8941011E+01 -7.6643145E-02
2.6764000E+02 2.7427000E+02 8.6700000E+00 4.2200000E+02 9 5.4875314E+01 2.7613836E-01 6.3767422E-01 -3.1591712E-02 1.5325648E-02 1.2785367E-02 1.2633136E-02 2.7271836E-04 9.7317742E-04 7.9522261E-03 5.1190578E-05 7.6365001E-03 1.0714753E-01 4.5733254E-02 7.8632307E-05 1.6004673E+00 1.8940436E+01 -7.6559687E-02
2.6764000E+02 2.7427000E+02 8.6700000E+00 4.2700000E+02 9 5.4874652E+01 2.7687529E-01 6.3893097E-01 -3.1549689E-02 1.5401875E-02 1.2802167E-02 1.2651703E-02 2.6955312E-04 9.8345944E-04 7.9907967E-03 5.0596446E-05 7.6689049E-03 1.0722626E-01 4.5960366E-02 7.8899602E-05 1.6015472E+00 1.8939236E+01 -7.6434481E-02
2.6764000E+02 2.7427000E+02 8.6700000E+00 4.2900000E+02 9 5.4867898E+01 2.9020608E-01 6.6664819E-01 -3.1533494E-02 1.7496410E-02 1.4143526E-02 1.3993759E-02 2.6830467E-04 1.1480987E-03 9.0604449E-03 5.0362107E-05 8.6752130E-03 1.0726008E-01 5.2210339E-02 8.8930506E-05 1.5963089E+00 1.8940932E+01 -7.7032076E-02
2.6764000E+02 2.7427000E+02 8.6700000E+00 4.3000000E+02 9 5.4865869E+01 2.9417180E-01 6.7487967E-01 -3.1525547E-02 1.8111726E-02 1.4563001E-02 1.4413580E-02 2.6768480E-04 1.1772674E-03 9.3740091E-03 5.0245753E-05 8.9712836E-03 1.0727596E-01 5.4046674E-02 9.2303113E-05 1.5924348E+00 1.8943301E+01 -7.7508265E-02
2.6764000E+02 2.7427000E+02 8.6700000E+00 4.3500000E+02 9 5.4872976E+01 2.7938995E-01 6.4401995E-01 -3.1500880E-02 1.5753004E-02 1.3035219E-02 1.2888462E-02 2.6291343E-04 9.8667539E-04 8.1670718E-03 4.9350144E-05 7.8315820E-03 1.0734409E-01 4.7008144E-02 8.0861330E-05 1.6117032E+00 1.8927295E+01 -7.5004595E-02
2.6764000E+02 2.7427000E+02 8.6700000E+00 4.3600000E+02 9 5.4863734E+01 2.9783809E-01 6.8267603E-01 -3.1495643E-02 1.8670986E-02 1.4949668E-02 1.4803371E-02 2.6208739E-04 1.2447529E-03 9.6559117E-03 4.9195092E-05 9.2365645E-03 1.0736232E-01 5.5716102E-02 9.3129319E-05 1.6131185E+00 1.8922310E+01 -7.4674146E-02
2.6764000E+02 2.7427000E+02 8.6700000E+00 4.3700000E+02 9 5.4866924E+01 2.9772274E-01 6.8078913E-01 -3.0734501E-02 1.8716139E-02 1.4988668E-02 1.4842844E-02 2.6124092E-04 1.2123586E-03 9.6786401E-03 4.9036206E-05 9.2573934E-03 1.0673678E-01 5.5850759E-02 9.4432529E-05 1.6159454E+00 1.8917850E+01 -7.3951756E-02
2.6764000E+02 2.7427000E+02 8.6700000E+00 4.3800000E+02 9 5.4874314E+01 2.9673075E-01 6.7546206E-01 -2.9078168E-02 1.8729393E-02 1.5011741E-02 1.4866458E-02 2.6027166E-04 1.1926003E-03 9.6847004E-03 4.8854270E-05 9.2631605E-03 1.0535400E-01 5.5890404E-02 9.5043522E-05 1.6201476E+00 1.8912798E+01 -7.2750229E-02
2.6764000E+02 2.7427000E+02 8.6700000E+00 4.4300000E+02 9 5.4943233E+01 2.7150984E-01 5.9671933E-01 -1.5612718E-02 1.6198268E-02 1.3362098E-02 1.3218158E-02 2.5786651E-04 9.9476634E-04 8.3913681E-03 4.8402813E-05 8.0420971E-03 9.4024676E-02 4.8337277E-02 8.3263534E-05 1.6667044E+00 1.8869443E+01 -6.2348318E-02
2.6764000E+02 2.7427000E+02 8.6700000E+00 4.4400000E+02 9 5.4947313E+01 2.8664760E-01 6.2353757E-01 -1.2835283E-02 1.8917141E-02 1.5245723E-02 1.5102087E-02 2.5732200E-04 1.2050231E-03 9.7759935E-03 4.8300605E-05 9.3548441E-03 9.1693537E-02 5.6452432E-02 9.4883776E-05 1.6743904E+00 1.8858061E+01 -6.0368906E-02
2.6764000E+02 2.7427000E+02 8.6700000E+00 4.4500000E+02 9 5.4959868E+01 2.8474558E-01 6.1410029E-01 -1.0062401E-02 1.8905018E-02 1.5263202E-02 1.5119895E-02 2.5673221E-04 1.1645317E-03 9.7692340E-03 4.8189898E-05 9.3487912E-03 8.9361929E-02 5.6416349E-02 9.5980576E-05 1.6820118E+00 1.8848777E+01 -5.8518789E-02
2.6764000E+02 2.7427000E+02 8.6700000E+00 4.5000000E+02 9 5.5016029E+01 2.6299640E-01 5.4780316E-01 7.6154540E-04 1.6643415E-02 1.3801785E-02 1.3659483E-02 2.5493121E-04 9.8662908E-04 8.6137367E-03 4.7851843E-05 8.2580168E-03 8.0248535E-02 4.9667288E-02 8.5683547E-05 1.7383981E+00 1.8794332E+01 -4.9308220E-02
2.6764000E+02 2.7427000E+02 8.6700000E+00 4.5300000E+02 9 5.5038175E+01 2.6772847E-01 5.4723296E-01 6.6142704E-03 1.8059470E-02 1.4929558E-02 1.4787783E-02 2.5398703E-04 1.0444476E-03 9.3310542E-03 4.7674615E-05 8.9453852E-03 7.5326639E-02 5.3895380E-02 9.2195036E-05 1.7674299E+00 1.8761819E+01 -4.4721876E-02
2.6764000E+02 2.7427000E+02 8.6700000E+00 4.5400000E+02 9 5.5043043E+01 2.7380403E-01 5.5706453E-01 8.5005779E-03 1.9251200E-02 1.5910242E-02 1.5768652E-02 2.5365586E-04 1.0772777E-03 9.9341182E-03 4.7612453E-05 9.5253234E-03 7.3742330E-02 5.7454049E-02 9.7669046E-05 1.7765199E+00 1.8750208E+01 -4.3326663E-02
2.6764000E+02 2.7427000E+02 8.6700000E+00 4.5900000E+02 9 5.5093276E+01 2.4996591E-01 4.8954038E-01 1.7668747E-02 1.6476603E-02 1.4073441E-02 1.3933189E-02 2.5126024E-04 8.9659968E-04 8.5171937E-03 4.7162783E-05 8.1857843E-03 6.6031902E-02 4.9173287E-02 8.4955759E-05 1.8017476E+00 1.8729524E+01 -3.8679228E-02
2.6764000E+02 2.7427000E+02 8.6700000E+00 4.6400000E+02 9 5.5128306E+01 2.4291197E-01 4.6130570E-01 2.5205252E-02 1.6223961E-02 1.4117924E-02 1.3978760E-02 2.4931133E-04 8.5157112E-04 8.3816223E-03 4.6796963E-05 8.0689146E-03 5.9700296E-02 4.8421265E-02 8.3335180E-05 1.8262957E+00 1.8705492E+01 -3.4751400E-02
2.6764000E+02 2.7427000E+02 8.6700000E+00 4.6900000E+02 9 5.5156710E+01 2.3695764E-01 4.3815627E-01 3.1290793E-02 1.5987251E-02 1.4169822E-02 1.4031416E-02 2.4795050E-04 8.0499920E-04 8.2546375E-03 4.6541528E-05 7.9599787E-03 5.4589990E-02 4.7716555E-02 8.2262669E-05 1.8471444E+00 1.8684487E+01 -3.1692353E-02
2.6764000E+02 2.7427000E+02 8.6700000E+00 4.7400000E+02 9 5.5179591E+01 2.3185468E-01 4.1911900E-01 3.6161044E-02 1.5752614E-02 1.4215593E-02 1.4077827E-02 2.4680482E-04 7.6273006E-04 8.1289160E-03 4.6326479E-05 7.8520296E-03 5.0504607E-02 4.7017811E-02 8.1306379E-05 1.8631814E+00 1.8668199E+01 -2.9414288E-02
2.6764000E+02 2.7427000E+02 8.6700000E+00 4.7900000E+02 9 5.5197913E+01 2.2750651E-01 4.0353752E-01 4.0034478E-02 1.5526915E-02 1.4253257E-02 1.4116096E-02 2.4572251E-04 7.2677256E-04 8.0080037E-03 4.6123323E-05 7.7480934E-03 4.7260595E-02 4.6345470E-02 8.0410989E-05 1.8746408E+00 1.8656508E+01 -2.7753246E-02
2.6764000E+02 2.7427000E+02 8.6700000E+00 4.8100000E+02 9 5.5199668E+01 2.3572241E-01 4.1977958E-01 4.1437947E-02 1.7063739E-02 1.5599434E-02 1.5462512E-02 2.4529401E-04 7.6685982E-04 8.7841008E-03 4.6042892E-05 8.4975731E-03 4.6090379E-02 5.0934658E-02 8.8076600E-05 1.8714287E+00 1.8656149E+01 -2.7633225E-02
2.6764000E+02 2.7427000E+02 8.6700000E+00 4.8200000E+02 9 5.5201517E+01 2.3758805E-01 4.2321118E-01 4.2104877E-02 1.7467368E-02 1.6026791E-02 1.5889988E-02 2.4508033E-04 7.6830865E-04 8.9862247E-03 4.6002784E-05 8.6961699E-03 4.5534131E-02 5.2140332E-02 9.0530581E-05 1.8671173E+00 1.8658877E+01 -2.7733231E-02
2.6764000E+02 2.7427000E+02 8.6700000E+00 4.8700000E+02 9 5.5222438E+01 2.1889317E-01 3.7771322E-01 4.4897688E-02 1.4759269E-02 1.4024586E-02 1.3888627E-02 2.4356860E-04 6.5836252E-04 7.6067232E-03 4.5719025E-05 7.3852576E-03 4.3200525E-02 4.4055673E-02 7.7346120E-05 1.8528453E+00 1.8679442E+01 -2.7806798E-02
2.6764000E+02 2.7427000E+02 8.6700000E+00 4.9200000E+02 9 5.5233100E+01 2.1582365E-01 3.6744099E-01 4.7100512E-02 1.4526985E-02 1.3933889E-02 1.3798714E-02 2.4216335E-04 6.4529133E-04 7.4849581E-03 4.5455252E-05 7.2746149E-03 4.1369471E-02 4.3362541E-02 7.5773780E-05 1.8501406E+00 1.8683342E+01 -2.7424581E-02
2.6764000E+02 2.7427000E+02 8.6700000E+00 4.9700000E+02 9 5.5241418E+01 2.1363812E-01 3.5970549E-01 4.8848756E-02 1.4374629E-02 1.3870652E-02 1.3736198E-02 2.4087236E-04 6.3209719E-04 7.4053156E-03 4.5212927E-05 7.2012352E-03 3.9921335E-02 4.2907784E-02 7.5077049E-05 1.8500131E+00 1.8683741E+01 -2.7007287E-02
2.6764000E+02 2.7427000E+02 8.6700000E+00 5.0200000E+02 9 5.5248044E+01 2.1195315E-01 3.5359465E-01 5.0252822E-02 1.4259100E-02 1.3819490E-02 1.3685764E-02 2.3956900E-04 6.2028472E-04 7.3451546E-03 4.4968280E-05 7.1448911E-03 3.8763371E-02 4.2562925E-02 7.4635674E-05 1.8500430E+00 1.8683764E+01 -2.6661739E-02
2.6764000E+02 2.7427000E+02 8.6700000E+00 5.0500000E+02 9 5.5248290E+01 2.1755171E-01 3.6479234E-01 5.0991198E-02 1.5270986E-02 1.4643092E-02 1.4509810E-02 2.3877332E-04 6.5109697E-04 7.8579481E-03 4.4818926E-05 7.6354920E-03 3.8159225E-02 4.5583846E-02 7.9944812E-05 1.8381518E+00 1.8693297E+01 -2.7141805E-02
2.6764000E+02 2.7427000E+02 8.6700000E+00 5.0600000E+02 9 5.5246279E+01 2.2352468E-01 3.7783251E-01 5.1226451E-02 1.6287182E-02 1.5511741E-02 1.5378607E-02 2.3850641E-04 6.7653488E-04 8.3719947E-03 4.4768826E-05 8.1301528E-03 3.7968771E-02 4.8618210E-02 8.4939839E-05 1.8323468E+00 1.8696955E+01 -2.7471846E-02
2.6764000E+02 2.7427000E+02 8.6700000E+00 5.1100000E+02 9 5.5258763E+01 2.0685407E-01 3.3935743E-01 5.2247541E-02 1.3669688E-02 1.3475360E-02 1.3343082E-02 2.3697405E-04 5.8199850E-04 7.0424982E-03 4.4481195E-05 6.8588696E-03 3.7129298E-02 4.0803483E-02 7.2280682E-05 1.8173819E+00 1.8717846E+01 -2.8084581E-02
2.6764000E+02 2.7427000E+02 8.6700000E+00 5.1600000E+02 9 5.5262712E+01 2.0580993E-01 3.3523873E-01 5.3088842E-02 1.3575020E-02 1.3351473E-02 1.3219952E-02 2.3561805E-04 5.8456215E-04 6.9956283E-03 4.4226666E-05 6.8095969E-03 3.6444927E-02 4.0520358E-02 7.1349714E-05 1.8132636E+00 1.8723044E+01 -2.8132669E-02
2.6764000E+02 2.7427000E+02 8.6700000E+00 5.2100000E+02 9 5.5265867E+01 2.0521412E-01 3.3227418E-01 5.3792559E-02 1.3532875E-02 1.3262575E-02 1.3131725E-02 2.3441556E-04 5.8315390E-04 6.9759382E-03 4.4000954E-05 6.7855069E-03 3.5875148E-02 4.0394046E-02 7.1131302E-05 1.8120107E+00 1.8724547E+01 -2.8031101E-02
2.6764000E+02 2.7427000E+02 8.6700000E+00 5.2600000E+02 9 5.5268506E+01 2.0477820E-01 3.2987580E-01 5.4391340E-02 1.3505535E-02 1.3191628E-02 1.3061448E-02 2.3321478E-04 5.8044445E-04 6.9636408E-03 4.3775560E-05 6.7687851E-03 3.5393263E-02 4.0312059E-02 7.1054261E-05 1.8114149E+00 1.8725210E+01 -2.7914937E-02
2.6764000E+02 2.7427000E+02 8.6700000E+00 5.3100000E+02 9 5.5270767E+01 2.0441594E-01 3.2783832E-01 5.4908129E-02 1.3483265E-02 1.3132801E-02 1.3003312E-02 2.3197743E-04 5.7765247E-04 6.9536692E-03 4.3543304E-05 6.7547617E-03 3.4980145E-02 4.0245292E-02 7.0997469E-05 1.8109590E+00 1.8725689E+01 -2.7812099E-02
2.6764000E+02 2.7427000E+02 8.6700000E+00 5.3600000E+02 9 5.5272734E+01 2.0409723E-01 3.2606184E-01 5.5359690E-02 1.3463044E-02 1.3082700E-02 1.2953922E-02 2.3070286E-04 5.7494857E-04 6.9444883E-03 4.3304061E-05 6.7419579E-03 3.4621659E-02 4.0184699E-02 7.0935833E-05 1.8104602E+00 1.8726201E+01 -2.7728271E-02
2.6764000E+02 2.7427000E+02 8.6700000E+00 5.4100000E+02 9 5.5274468E+01 2.0380968E-01 3.2448758E-01 5.5758541E-02 1.3443928E-02 1.3038885E-02 1.2910836E-02 2.2939880E-04 5.7253828E-04 6.9356517E-03 4.3059282E-05 6.7298847E-03 3.4307211E-02 4.0127445E-02 7.0866767E-05 1.8099797E+00 1.8726694E+01 -2.7660891E-02
2.6764000E+02 2.7427000E+02 8.6700000E+00 5.4600000E+02 9 5.5276008E+01 2.0354932E-01 3.2307834E-01 5.6114179E-02 1.3425798E-02 1.2999638E-02 1.2872328E-02 2.2807358E-04 5.7027952E-04 6.9271373E-03 4.2810532E-05 6.7184520E-03 3.4028755E-02 4.0073162E-02 7.0793227E-05 1.8093505E+00 1.8727336E+01 -2.7610131E-02
2.6764000E+02 2.7427000E+02 8.6700000E+00 5.5100000E+02 9 5.5277388E+01 2.0331435E-01 3.2180858E-01 5.6433906E-02 1.3408790E-02 1.2963798E-02 1.2837235E-02 2.2673439E-04 5.6817086E-04 6.9190483E-03 4.2559159E-05 6.7076949E-03 3.3780106E-02 4.0022242E-02 7.0718761E-05 1.8086937E+00 1.8728006E+01 -2.7571096E-02
2.6764000E+02 2.7427000E+02 8.6700000E+00 5.5600000E+02 9 5.5278631E+01 2.0310317E-01 3.2065908E-01 5.6723419E-02 1.3393037E-02 1.2930603E-02 1.2804793E-02 2.2538700E-04 5.6627473E-04 6.9114835E-03 4.2306249E-05 6.6976545E-03 3.3556447E-02 3.9975082E-02 7.0646114E-05 1.8080118E+00 1.8728701E+01 -2.7541367E-02
2.6764000E+02 2.7427000E+02 8.6700000E+00 5.6100000E+02 9 5.5279758E+01 2.0291423E-01 3.1961444E-01 5.6987217E-02 1.3378608E-02 1.2899551E-02 1.2774495E-02 2.2403598E-04 5.6458349E-04 6.9045015E-03 4.2052656E-05 6.6883438E-03 3.3353977E-02 3.9931882E-02 7.0576956E-05 1.8073218E+00 1.8729404E+01 -2.7518743E-02
2.6764000E+02 2.7427000E+02 8.6700000E+00 5.6600000E+02 9 5.5280784E+01 2.0274575E-01 3.1866171E-01 5.7228899E-02 1.3365495E-02 1.2870296E-02 1.2745994E-02 2.2268486E-04 5.6307048E-04 6.8981175E-03 4.1799043E-05 6.6797435E-03 3.3169664E-02 3.9892614E-02 7.0512122E-05 1.8066354E+00 1.8730103E+01 -2.7501586E-02
2.6764000E+02 2.7427000E+02 8.6700000E+00 5.7100000E+02 9 5.5281723E+01 2.0259584E-01 3.1778990E-01 5.7451378E-02 1.3353638E-02 1.2842592E-02 1.2719043E-02 2.2133638E-04 5.6171407E-04 6.8923163E-03 4.1545927E-05 6.6718124E-03 3.3001056E-02 3.9857099E-02 7.0451839E-05 1.8059594E+00 1.8730790E+01 -2.7488707E-02
2.6764000E+02 2.7427000E+02 8.6700000E+00 5.7600000E+02 9 5.5282584E+01 2.0246254E-01 3.1698948E-01 5.7657039E-02 1.3342942E-02 1.2816250E-02 1.2693450E-02 2.1999268E-04 5.6049680E-04 6.8870606E-03 4.1293708E-05 6.6644978E-03 3.2846153E-02 3.9825057E-02 7.0396028E-05 1.8052972E+00 1.8731462E+01 -2.7479276E-02
2.6764000E+02 2.7427000E+02 8.6700000E+00 5.8100000E+02 9 5.5283378E+01 2.0234410E-01 3.1625238E-01 5.7847858E-02 1.3333310E-02 1.2791119E-02 1.2669067E-02 2.1865542E-04 5.5941013E-04 6.8823091E-03 4.1042699E-05 6.6577440E-03 3.2703301E-02 3.9796188E-02 7.0344407E-05 1.8046513E+00 1.8732117E+01 -2.7472659E-02
2.6764000E+02 2.7427000E+02 8.6700000E+00 5.8200000E+02 9 5.5276314E+01 2.1680695E-01 3.4761654E-01 5.7885443E-02 1.5687882E-02 1.4565367E-02 1.4443464E-02 2.1838824E-04 6.4856608E-04 8.0796992E-03 4.0992547E-05 7.7972703E-03 3.2680562E-02 4.6825348E-02 8.1230820E-05 1.7994605E+00 1.8733366E+01 -2.7801413E-02
2.6764000E+02 2.7427000E+02 8.6700000E+00 5.8700000E+02 9 5.5284493E+01 2.0180071E-01 3.1473199E-01 5.8074583E-02 1.3267384E-02 1.2750758E-02 1.2630397E-02 2.1562629E-04 5.5191568E-04 6.8471872E-03 4.0474115E-05 6.6231596E-03 3.2544062E-02 3.9599401E-02 7.0204431E-05 1.8001653E+00 1.8736520E+01 -2.7687121E-02
2.6764000E+02 2.7427000E+02 8.6700000E+00 5.9200000E+02 9 5.5285010E+01 2.0214508E-01 3.1489227E-01 5.8262660E-02 1.3323730E-02 1.2753872E-02 1.2635189E-02 2.1261857E-04 5.5820618E-04 6.8751090E-03 3.9909551E-05 6.6468496E-03 3.2415359E-02 3.9767461E-02 7.0031205E-05 1.8038119E+00 1.8733225E+01 -2.7432049E-02
2.6764000E+02 2.7427000E+02 8.6700000E+00 5.9700000E+02 9 5.5285519E+01 2.0245736E-01 3.1495778E-01 5.8446101E-02 1.3371129E-02 1.2750146E-02 1.2633285E-02 2.0935476E-04 5.6005263E-04 6.8985247E-03 3.9296919E-05 6.6657968E-03 3.2292509E-02 3.9908799E-02 7.0190167E-05 1.8065606E+00 1.8730394E+01 -2.7226600E-02
2.6764000E+02 2.7427000E+02 8.6700000E+00 6.0200000E+02 9 5.5286038E+01 2.0267404E-01 3.1485991E-01 5.8620112E-02 1.3403220E-02 1.2740044E-02 1.2625026E-02 2.0605236E-04 5.5998785E-04 6.9140799E-03 3.8677042E-05 6.6773839E-03 3.2177527E-02 4.0004497E-02 7.0340211E-05 1.8082064E+00 1.8728638E+01 -2.7088951E-02
2.6764000E+02 2.7427000E+02 8.6700000E+00 6.0700000E+02 9 5.5286552E+01 2.0281202E-01 3.1464851E-01 5.8782854E-02 1.3423536E-02 1.2726536E-02 1.2613313E-02 2.0283821E-04 5.5933584E-04 6.9236059E-03 3.8073730E-05 6.6834509E-03 3.2070920E-02 4.0065072E-02 7.0439761E-05 1.8091243E+00 1.8727641E+01 -2.7000782E-02
2.6764000E+02 2.7427000E+02 8.6700000E+00 6.1200000E+02 9 5.5287052E+01 2.0289405E-01 3.1437058E-01 5.8934206E-02 1.3435818E-02 1.2711544E-02 1.2600033E-02 1.9977018E-04 5.5876103E-04 6.9290374E-03 3.7497845E-05 6.6858481E-03 3.1972361E-02 4.0101672E-02 7.0497258E-05 1.8094559E+00 1.8727259E+01 -2.6947220E-02
2.6764000E+02 2.7427000E+02 8.6700000E+00 6.1700000E+02 9 5.5287529E+01 2.0294019E-01 3.1405854E-01 5.9074795E-02 1.3442851E-02 1.2696007E-02 1.2586114E-02 1.9687008E-04 5.5803176E-04 6.9318181E-03 3.6953483E-05 6.6859232E-03 3.1881197E-02 4.0122603E-02 7.0525944E-05 1.8094732E+00 1.8727212E+01 -2.6915647E-02
2.6764000E+02 2.7427000E+02 8.6700000E+00 6.2200000E+02 9 5.5287983E+01 2.0296328E-01 3.1373285E-01 5.9205519E-02 1.3446529E-02 1.2680347E-02 1.2571979E-02 1.9414017E-04 5.5737388E-04 6.9329293E-03 3.6441064E-05 6.6845760E-03 3.1796698E-02 4.0133515E-02 7.0536129E-05 1.8092878E+00 1.8727381E+01 -2.6898683E-02
2.6764000E+02 2.7427000E+02 8.6700000E+00 6.2700000E+02 9 5.5288411E+01 2.0297269E-01 3.1340649E-01 5.9327334E-02 1.3448144E-02 1.2664757E-02 1.2557822E-02 1.9157231E-04 5.5679018E-04 6.9330391E-03 3.5959066E-05 6.6824083E-03 3.1718163E-02 4.0138263E-02 7.0535009E-05 1.8089742E+00 1.8727687E+01 -2.6891382E-02
2.6764000E+02 2.7427000E+02 8.6700000E+00 6.3200000E+02 9 5.5288813E+01 2.0297464E-01 3.1308733E-01 5.9441148E-02 1.3448549E-02 1.2649327E-02 1.2543742E-02 1.8915363E-04 5.5628337E-04 6.9325883E-03 3.5505066E-05 6.6798092E-03 3.1644960E-02 4.0139396E-02 7.0527273E-05 1.8085845E+00 1.8728074E+01 -2.6890406E-02
2.6764000E+02 2.7427000E+02 8.6700000E+00 6.3700000E+02 9 5.5289192E+01 2.0297304E-01 3.1277970E-01 5.9547789E-02 1.3448288E-02 1.2634105E-02 1.2529795E-02 1.8686966E-04 5.5585282E-04 6.9318537E-03 3.5076355E-05 6.6770202E-03 3.1576532E-02 4.0138535E-02 7.0515876E-05 1.8081518E+00 1.8728508E+01 -2.6893592E-02
2.6764000E+02 2.7427000E+02 8.6700000E+00 6.4200000E+02 9 5.5289547E+01 2.0297029E-01 3.1248570E-01 5.9647986E-02 1.3447693E-02 1.2619113E-02 1.2516011E-02 1.8470620E-04 5.5549144E-04 6.9310027E-03 3.4670262E-05 6.6741848E-03 3.1512397E-02 4.0136675E-02 7.0502582E-05 1.8076965E+00 1.8728966E+01 -2.6899559E-02
2.6764000E+02 2.7427000E+02 8.6700000E+00 6.4700000E+02 9 5.5289882E+01 2.0296777E-01 3.1220605E-01 5.9742376E-02 1.3446964E-02 1.2604360E-02 1.2502405E-02 1.8265009E-04 5.5518918E-04 6.9301325E-03 3.4284321E-05 6.6713851E-03 3.1452138E-02 4.0134409E-02 7.0488445E-05 1.8072305E+00 1.8729436E+01 -2.6907440E-02
2.6764000E+02 2.7427000E+02 8.6700000E+00 6.5000000E+02 9 5.5286693E+01 2.0975298E-01 3.2677769E-01 5.9797047E-02 1.4551517E-02 1.3418224E-02 1.3316937E-02 1.8145241E-04 5.9483180E-04 7.4924151E-03 3.4059510E-05 7.2036761E-03 3.1420196E-02 4.3431490E-02 7.6128101E-05 1.7940121E+00 1.8740375E+01 -2.7635496E-02
