x y z_datum Time Well_no H2O H O Charge Al C Ca Cl Fe K Mg Na S Si U pH pe Alkalinity
2.6764000E+02 2.7427000E+02 8.6700000E+00 0.0000000E+00 9 9.9704301E-01 7.2098600E-06 6.6484776E-04 -3.2324431E-06 0.0000000E+00 1.0067647E-04 6.3262499E-05 4.3211171E-04 0.0000000E+00 2.8240956E-04 5.5605061E-05 2.2967748E-04 1.4127542E-04 0.0000000E+00 0.0000000E+00 7.0300000E+00 -2.2001569E+00 7.1999443E-03
2.6764000E+02 2.7427000E+02 8.6700000E+00 5.0000000E+00 9 5.5326574E+01 2.0711231E-02 6.5193814E-02 -3.0019959E-03 0.0000000E+00 7.1353192E-03 1.3437192E-03 1.0375553E-02 0.0000000E+00 6.1487911E-03 1.9475424E-03 8.5045520E-03 1.1186555E-02 0.0000000E+00 0.0000000E+00 4.7736699E+00 1.5603627E+01 3.2325774E-04
2.6764000E+02 2.7427000E+02 8.6700000E+00 1.0000000E+01 9 5.5307737E+01 3.5039961E-02 1.0822211E-01 -2.7140193E-03 1.0573108E-03 7.6755649E-03 3.1484382E-03 8.1102710E-03 3.7066941E-05 5.3286151E-03 1.5223378E-03 7.1769171E-03 1.9665718E-02 3.1611959E-03 5.7075708E-06 2.4108046E+00 1.8044108E+01 -7.2944953E-03
2.6764000E+02 2.7427000E+02 8.6700000E+00 1.5000000E+01 9 5.5286173E+01 5.8267919E-02 1.5504503E-01 -2.4683671E-03 2.5868168E-03 7.9923686E-03 4.5438737E-03 6.1779204E-03 9.6581323E-05 4.9476265E-03 1.1596260E-03 6.3488647E-03 2.6899231E-02 7.7306010E-03 1.4179575E-05 2.1814601E+00 1.8310468E+01 -1.3217649E-02
2.6764000E+02 2.7427000E+02 8.6700000E+00 2.0000000E+01 9 5.5267900E+01 7.9529655E-02 1.9473646E-01 -2.2796275E-03 4.0252475E-03 8.1973047E-03 5.5775446E-03 4.6932559E-03 1.5856235E-04 4.7909050E-03 8.8094722E-04 5.8376383E-03 3.2457304E-02 1.2026695E-02 2.2506427E-05 2.0877070E+00 1.8424840E+01 -1.7146430E-02
2.6764000E+02 2.7427000E+02 8.6700000E+00 2.5000000E+01 9 5.5254028E+01 9.6116481E-02 2.2515621E-01 -2.1418078E-03 5.1836762E-03 8.3579506E-03 6.3433413E-03 3.6091386E-03 2.1164254E-04 4.7331419E-03 6.7745306E-04 5.5146015E-03 3.6516218E-02 1.5485735E-02 2.9471438E-05 2.0407434E+00 1.8483971E+01 -1.9686367E-02
2.6764000E+02 2.7427000E+02 8.6700000E+00 3.0000000E+01 9 5.5243973E+01 1.0827842E-01 2.4750646E-01 -2.0436080E-03 6.0605826E-03 8.5018971E-03 6.9184728E-03 2.8366779E-03 2.5279177E-04 4.7190181E-03 5.3245839E-04 5.3083338E-03 3.9408537E-02 1.8103758E-02 3.4877003E-05 2.0157278E+00 1.8516443E+01 -2.1290594E-02
2.6764000E+02 2.7427000E+02 8.6700000E+00 3.5000000E+01 9 5.5236791E+01 1.1701635E-01 2.6369455E-01 -1.9740843E-03 6.7061879E-03 8.6378311E-03 7.3596776E-03 2.2897905E-03 2.8283359E-04 4.7219042E-03 4.2980493E-04 5.1739315E-03 4.1456414E-02 2.0031063E-02 3.8914273E-05 2.0019813E+00 1.8534891E+01 -2.2293980E-02
2.6764000E+02 2.7427000E+02 8.6700000E+00 4.0000000E+01 9 5.5231655E+01 1.2327481E-01 2.7543880E-01 -1.9244946E-03 7.1777254E-03 8.7671622E-03 7.7067516E-03 1.8997076E-03 3.0400465E-04 4.7295557E-03 3.5658446E-04 5.0834184E-03 4.2917244E-02 2.1438688E-02 4.1880202E-05 1.9943580E+00 1.8545560E+01 -2.2922327E-02
2.6764000E+02 2.7427000E+02 8.6700000E+00 4.5000000E+01 9 5.5227938E+01 1.2779606E-01 2.8406812E-01 -1.8884956E-03 7.5238810E-03 8.8892956E-03 7.9869525E-03 1.6165324E-03 3.1890320E-04 4.7368969E-03 3.0343109E-04 5.0197605E-03 4.3977806E-02 2.2472042E-02 4.4055596E-05 1.9901174E+00 1.8551831E+01 -2.3320830E-02
2.6764000E+02 2.7427000E+02 8.6700000E+00 5.0000000E+01 9 5.5225194E+01 1.3111669E-01 2.9053513E-01 -1.8617276E-03 7.7814666E-03 9.0035693E-03 8.2187616E-03 1.4059697E-03 3.2942039E-04 4.7422214E-03 2.6390742E-04 4.9727748E-03 4.4766488E-02 2.3241034E-02 4.5665235E-05 1.9877372E+00 1.8555605E+01 -2.3579676E-02
2.6764000E+02 2.7427000E+02 8.6700000E+00 5.5000000E+01 9 5.5223122E+01 1.3360699E-01 2.9549572E-01 -1.8412795E-03 7.9766953E-03 9.1097299E-03 8.4147075E-03 1.2451207E-03 3.3697374E-04 4.7452654E-03 2.3371528E-04 4.9364006E-03 4.5369019E-02 2.3823908E-02 4.6874607E-05 1.9864059E+00 1.8557920E+01 -2.3752945E-02
2.6764000E+02 2.7427000E+02 8.6700000E+00 6.0000000E+01 9 5.5221517E+01 1.3551751E-01 2.9939332E-01 -1.8252300E-03 8.1277076E-03 9.2078991E-03 8.5833483E-03 1.1188722E-03 3.4242515E-04 4.7463094E-03 2.1001781E-04 4.9070127E-03 4.5841985E-02 2.4274806E-02 4.7800436E-05 1.9856646E+00 1.8559374E+01 -2.3873264E-02
2.6764000E+02 2.7427000E+02 8.6700000E+00 6.5000000E+01 9 5.5220245E+01 1.3701559E-01 3.0252615E-01 -1.8123097E-03 8.2468875E-03 9.2984310E-03 8.7306117E-03 1.0172387E-03 3.4660018E-04 4.7457571E-03 1.9094071E-04 4.8823916E-03 4.6222772E-02 2.4630686E-02 4.8523282E-05 1.9852552E+00 1.8560312E+01 -2.3960366E-02
2.6764000E+02 2.7427000E+02 8.6700000E+00 6.6000000E+01 9 5.5214055E+01 1.4923145E-01 3.3146594E-01 -1.8098417E-03 1.0316421E-02 1.1293503E-02 1.0736521E-02 9.9782413E-04 4.1982816E-04 5.7716817E-03 1.8729650E-04 5.8853904E-03 4.6301665E-02 3.0812900E-02 5.9168975E-05 1.9821981E+00 1.8559060E+01 -2.4117849E-02
2.6764000E+02 2.7427000E+02 8.6700000E+00 6.7000000E+01 9 5.5213992E+01 1.4916833E-01 3.3126793E-01 -1.8074812E-03 1.0281342E-02 1.1264396E-02 1.0717779E-02 9.7925592E-04 4.1206009E-04 5.7432863E-03 1.8381115E-04 5.8526119E-03 4.6372061E-02 3.0707916E-02 6.0172010E-05 1.9756067E+00 1.8564336E+01 -2.4448794E-02
2.6764000E+02 2.7427000E+02 8.6700000E+00 7.2000000E+01 9 5.5215759E+01 1.3854826E-01 3.0610621E-01 -1.7625358E-03 8.1626635E-03 9.2632478E-03 8.7597291E-03 9.0204523E-04 3.3717522E-04 4.6342991E-03 1.6931833E-04 4.7475217E-03 4.7264422E-02 2.4379146E-02 4.8569853E-05 1.9482335E+00 1.8700377E+01 -2.6108182E-02
2.6764000E+02 2.7427000E+02 8.6700000E+00 7.7000000E+01 9 5.5210220E+01 1.4151816E-01 3.1256053E-01 -1.7123867E-03 8.3163049E-03 9.3385909E-03 8.8715617E-03 8.3667480E-04 3.5928375E-04 4.6739392E-03 1.5704798E-04 4.7678863E-03 4.8242231E-02 2.4837418E-02 5.5129119E-05 1.9333292E+00 1.8772767E+01 -2.7157197E-02
2.6764000E+02 2.7427000E+02 8.6700000E+00 8.2000000E+01 9 5.5205208E+01 1.4452425E-01 3.1896063E-01 -1.6689856E-03 8.5122095E-03 9.4331622E-03 8.9974960E-03 7.8048855E-04 3.8038426E-04 4.7406829E-03 1.4650154E-04 4.8160095E-03 4.9092107E-02 2.5421737E-02 6.4648680E-05 1.9252961E+00 1.8812870E+01 -2.7805574E-02
2.6764000E+02 2.7427000E+02 8.6700000E+00 8.7000000E+01 9 5.5201187E+01 1.4708421E-01 3.2438682E-01 -1.6347189E-03 8.6932309E-03 9.5254505E-03 9.1170840E-03 7.3158170E-04 3.9770564E-04 4.8039761E-03 1.3732148E-04 4.8631290E-03 4.9772350E-02 2.5961705E-02 7.3906380E-05 1.9208566E+00 1.8836429E+01 -2.8212648E-02
2.6764000E+02 2.7427000E+02 8.6700000E+00 9.1000000E+01 9 5.5197142E+01 1.5172990E-01 3.3479031E-01 -1.6128024E-03 9.3144838E-03 1.0032956E-02 9.6442494E-03 6.9636137E-04 4.3114752E-04 5.0964611E-03 1.3071045E-04 5.1377423E-03 5.0219085E-02 2.7816621E-02 8.5880360E-05 1.9106000E+00 1.8856410E+01 -2.8875222E-02
2.6764000E+02 2.7427000E+02 8.6700000E+00 9.2000000E+01 9 5.5191883E+01 1.6147626E-01 3.5740882E-01 -1.6076570E-03 1.0924596E-02 1.1507154E-02 1.1123232E-02 6.8778938E-04 4.9756269E-04 5.9003244E-03 1.2910145E-04 5.9212975E-03 5.0336816E-02 3.2625779E-02 1.0312901E-04 1.9058373E+00 1.8862168E+01 -2.9160914E-02
2.6764000E+02 2.7427000E+02 8.6700000E+00 9.7000000E+01 9 5.5191310E+01 1.5064367E-01 3.3317163E-01 -2.1625076E-03 8.7506814E-03 9.5345928E-03 9.1719190E-03 6.4972412E-04 4.0356076E-04 4.7851022E-03 1.2195641E-04 4.8230975E-03 5.1633517E-02 2.6132520E-02 8.6686528E-05 1.8865268E+00 1.8898407E+01 -3.0757744E-02
2.6764000E+02 2.7427000E+02 8.6700000E+00 1.0200000E+02 9 5.5183260E+01 1.5389769E-01 3.4131670E-01 -2.8317289E-03 8.9228511E-03 9.6066376E-03 9.2629774E-03 6.1566138E-04 4.2828293E-04 4.8530729E-03 1.1556267E-04 4.8776464E-03 5.3034074E-02 2.6645924E-02 9.2102894E-05 1.8747907E+00 1.8922811E+01 -3.1904768E-02
2.6764000E+02 2.7427000E+02 8.6700000E+00 1.0700000E+02 9 5.5176289E+01 1.5697660E-01 3.4882326E-01 -3.4131081E-03 9.1154667E-03 9.6893848E-03 9.3628498E-03 5.8498180E-04 4.4912866E-04 4.9334608E-03 1.0980396E-04 4.9448330E-03 5.4226543E-02 2.7220329E-02 9.8160722E-05 1.8680176E+00 1.8938574E+01 -3.2679924E-02
2.6764000E+02 2.7427000E+02 8.6700000E+00 1.1200000E+02 9 5.5170822E+01 1.5952761E-01 3.5495796E-01 -3.8626895E-03 9.2868743E-03 9.7667454E-03 9.4557221E-03 5.5719285E-04 4.6538761E-04 5.0045211E-03 1.0458784E-04 5.0044364E-03 5.5159234E-02 2.7731539E-02 1.0354763E-04 1.8641256E+00 1.8948679E+01 -3.3197373E-02
2.6764000E+02 2.7427000E+02 8.6700000E+00 1.1700000E+02 9 5.5166718E+01 1.6153025E-01 3.5973126E-01 -4.1914790E-03 9.4271811E-03 9.8344512E-03 9.5375481E-03 5.3189692E-04 4.7759231E-04 5.0609712E-03 9.9839668E-05 5.0513669E-03 5.5863076E-02 2.8150043E-02 1.0796501E-04 1.8618192E+00 1.8955256E+01 -3.3543930E-02
2.6764000E+02 2.7427000E+02 8.6700000E+00 1.2200000E+02 9 5.5163689E+01 1.6307209E-01 3.6338264E-01 -4.4253447E-03 9.5383043E-03 9.8924667E-03 9.6084736E-03 5.0876873E-04 4.8659783E-04 5.1036500E-03 9.5498393E-05 5.0862188E-03 5.6388670E-02 2.8481540E-02 1.1145533E-04 1.8604775E+00 1.8959551E+01 -3.3777431E-02
2.6764000E+02 2.7427000E+02 8.6700000E+00 1.2400000E+02 9 5.5157592E+01 1.7374035E-01 3.8756674E-01 -4.5054950E-03 1.1259846E-02 1.1335683E-02 1.1056671E-02 4.9984513E-04 5.7669218E-04 5.9663752E-03 9.3823389E-05 5.9205133E-03 5.6591470E-02 3.3622321E-02 1.3256994E-04 1.8517361E+00 1.8968212E+01 -3.4336571E-02
2.6764000E+02 2.7427000E+02 8.6700000E+00 1.2500000E+02 9 5.5155674E+01 1.7686005E-01 3.9476207E-01 -4.5424480E-03 1.1755657E-02 1.1789629E-02 1.1513063E-02 4.9546295E-04 5.8667750E-04 6.2130208E-03 9.3000832E-05 6.1601825E-03 5.6684985E-02 3.5103137E-02 1.3992094E-04 1.8458976E+00 1.8974047E+01 -3.4746467E-02
2.6764000E+02 2.7427000E+02 8.6700000E+00 1.3000000E+02 9 5.5161025E+01 1.6351645E-01 3.6489317E-01 -4.6692223E-03 9.4658680E-03 9.8539626E-03 9.5875609E-03 4.7725399E-04 4.7325606E-04 5.0477037E-03 8.9582922E-05 5.0256476E-03 5.6975009E-02 2.8265065E-02 1.1455312E-04 1.8465080E+00 1.8976559E+01 -3.4909418E-02
2.6764000E+02 2.7427000E+02 8.6700000E+00 1.3100000E+02 9 5.5153736E+01 1.7766993E-01 3.9693921E-01 -4.6926103E-03 1.1801691E-02 1.1823258E-02 1.1558852E-02 4.7367888E-04 6.1057098E-04 6.2230602E-03 8.8911856E-05 6.1650252E-03 5.7055204E-02 3.5240452E-02 1.3973802E-04 1.8434616E+00 1.8978804E+01 -3.5051347E-02
2.6764000E+02 2.7427000E+02 8.6700000E+00 1.3200000E+02 9 5.5153522E+01 1.7764944E-01 3.9682053E-01 -4.7142621E-03 1.1775729E-02 1.1800729E-02 1.1538304E-02 4.7012888E-04 5.9321964E-04 6.2081400E-03 8.8245503E-05 6.1490330E-03 5.7114144E-02 3.5162691E-02 1.4233160E-04 1.8398291E+00 1.8982341E+01 -3.5298364E-02
2.6764000E+02 2.7427000E+02 8.6700000E+00 1.3700000E+02 9 5.5152081E+01 1.6583603E-01 3.7176103E-01 -6.0326683E-03 9.4856512E-03 9.8720330E-03 9.6188190E-03 4.5362856E-04 4.7823634E-04 5.0435252E-03 8.5148312E-05 5.0159581E-03 5.8768051E-02 2.8323829E-02 1.1616943E-04 1.8279794E+00 1.8977530E+01 -3.6807324E-02
2.6764000E+02 2.7427000E+02 8.6700000E+00 1.4200000E+02 9 5.5141728E+01 1.6955052E-01 3.8159298E-01 -7.5926969E-03 9.7011314E-03 9.9871759E-03 9.7424977E-03 4.3833685E-04 5.0579299E-04 5.1444457E-03 8.2277984E-05 5.1070891E-03 6.0708225E-02 2.8966595E-02 1.1491366E-04 1.8209123E+00 1.8957613E+01 -3.7957474E-02
2.6764000E+02 2.7427000E+02 8.6700000E+00 1.4700000E+02 9 5.5132519E+01 1.7312298E-01 3.9076227E-01 -8.9582723E-03 9.9339504E-03 1.0109662E-02 9.8729321E-03 4.2409675E-04 5.2493924E-04 5.2549455E-03 7.9605045E-05 5.2073095E-03 6.2404409E-02 2.9661067E-02 1.1202809E-04 1.8171558E+00 1.8930833E+01 -3.8777164E-02
2.6764000E+02 2.7427000E+02 8.6700000E+00 1.5200000E+02 9 5.5125199E+01 1.7606999E-01 3.9823461E-01 -1.0029661E-02 1.0134670E-02 1.0217929E-02 9.9886371E-03 4.1077294E-04 5.3792381E-04 5.3494601E-03 7.7104101E-05 5.2930049E-03 6.3742572E-02 3.0259831E-02 1.0730062E-04 1.8150383E+00 1.8902075E+01 -3.9356405E-02
2.6764000E+02 2.7427000E+02 8.6700000E+00 1.5700000E+02 9 5.5119669E+01 1.7835434E-01 4.0398761E-01 -1.0827353E-02 1.0293963E-02 1.0307318E-02 1.0085008E-02 3.9826471E-04 5.4638428E-04 5.4231494E-03 7.4756245E-05 5.3596203E-03 6.4750070E-02 3.0735055E-02 1.0163705E-04 1.8137840E+00 1.8874225E+01 -3.9763762E-02
2.6764000E+02 2.7427000E+02 8.6700000E+00 1.6200000E+02 9 5.5115584E+01 1.8008115E-01 4.0831522E-01 -1.1406239E-02 1.0416230E-02 1.0379187E-02 1.0163447E-02 3.8649504E-04 5.5175915E-04 5.4782562E-03 7.2547020E-05 5.4091597E-03 6.5493823E-02 3.1099850E-02 9.5869108E-05 1.8130095E+00 1.8849099E+01 -4.0050857E-02
2.6764000E+02 2.7427000E+02 8.6700000E+00 1.6700000E+02 9 5.5112578E+01 1.8138235E-01 4.1156284E-01 -1.1823082E-02 1.0509434E-02 1.0436759E-02 1.0227211E-02 3.7540122E-04 5.5522289E-04 5.5188551E-03 7.0464655E-05 5.4453508E-03 6.6042141E-02 3.1377961E-02 9.0534262E-05 1.8125034E+00 1.8827645E+01 -4.0255762E-02
2.6764000E+02 2.7427000E+02 8.6700000E+00 1.6800000E+02 9 5.5104832E+01 1.9604269E-01 4.4436299E-01 -1.1900418E-02 1.2902095E-02 1.2387103E-02 1.2178779E-02 3.7320900E-04 6.9748581E-04 6.7255644E-03 7.0053165E-05 6.6114884E-03 6.6153034E-02 3.8522506E-02 1.0392577E-04 1.8088744E+00 1.8824266E+01 -4.0460267E-02
2.6764000E+02 2.7427000E+02 8.6700000E+00 1.6900000E+02 9 5.5104448E+01 1.9599423E-01 4.4418692E-01 -1.1972160E-02 1.2863127E-02 1.2354956E-02 1.2147841E-02 3.7104288E-04 6.7170180E-04 6.7048726E-03 6.9646573E-05 6.5903170E-03 6.6249553E-02 3.8405928E-02 1.0378104E-04 1.8043986E+00 1.8823570E+01 -4.0814675E-02
2.6764000E+02 2.7427000E+02 8.6700000E+00 1.7400000E+02 9 5.5118428E+01 1.7398531E-01 4.0611145E-01 -1.6635111E-02 1.0380975E-02 1.0359190E-02 1.0157785E-02 3.6081386E-04 5.3110785E-04 5.4444524E-03 6.7726536E-05 5.3715974E-03 6.5142477E-02 3.0994382E-02 8.3177500E-05 1.8811195E+00 1.8734258E+01 -3.5180400E-02
2.6764000E+02 2.7427000E+02 8.6700000E+00 1.7500000E+02 9 5.5113674E+01 1.8507317E-01 4.3441184E-01 -1.7710491E-02 1.2523299E-02 1.2294340E-02 1.2094064E-02 3.5879172E-04 6.3242312E-04 6.5201699E-03 6.7346971E-05 6.4214007E-03 6.4877717E-02 3.7393457E-02 9.4436291E-05 1.8968110E+00 1.8712812E+01 -3.4042312E-02
2.6764000E+02 2.7427000E+02 8.6700000E+00 1.7600000E+02 9 5.5115877E+01 1.8243649E-01 4.3155930E-01 -1.8877794E-02 1.2395314E-02 1.2255232E-02 1.2056072E-02 3.5679287E-04 6.0524783E-04 6.4528865E-03 6.6971777E-05 6.3590482E-03 6.4570705E-02 3.7011845E-02 9.3870718E-05 1.9136571E+00 1.8692096E+01 -3.2903879E-02
2.6764000E+02 2.7427000E+02 8.6700000E+00 1.8100000E+02 9 5.5061202E+01 1.7933349E-01 4.4385162E-01 -2.9658526E-02 9.8703563E-03 1.0271763E-02 1.0077880E-02 3.4733759E-04 4.7481105E-04 5.1700356E-03 6.5196973E-05 5.1216789E-03 7.6165220E-02 2.9473146E-02 7.4898248E-05 1.7963387E+00 1.8802574E+01 -4.5572291E-02
2.6764000E+02 2.7427000E+02 8.6700000E+00 1.8600000E+02 9 5.4981480E+01 1.9912940E-01 5.0493962E-01 -4.0509092E-02 1.0071643E-02 1.0327679E-02 1.0138795E-02 3.3838217E-04 5.1948480E-04 5.2692096E-03 6.3515998E-05 5.2090666E-03 9.0822807E-02 3.0072845E-02 7.2721398E-05 1.6850532E+00 1.8905634E+01 -6.1872668E-02
2.6764000E+02 2.7427000E+02 8.6700000E+00 1.9100000E+02 9 5.4909068E+01 2.2011861E-01 5.6372397E-01 -4.9505364E-02 1.0611055E-02 1.0403019E-02 1.0218875E-02 3.2989110E-04 5.9870120E-04 5.5464248E-03 6.1922182E-05 5.4532728E-03 1.0388498E-01 3.1679075E-02 7.3279476E-05 1.6135172E+00 1.8970034E+01 -7.5857504E-02
2.6764000E+02 2.7427000E+02 8.6700000E+00 1.9600000E+02 9 5.4851036E+01 2.3858098E-01 6.1280969E-01 -5.6379930E-02 1.1256510E-02 1.0474451E-02 1.0294805E-02 3.2183202E-04 6.8450520E-04 5.8801742E-03 6.0409453E-05 5.7462788E-03 1.1420564E-01 3.3600798E-02 7.4731899E-05 1.5698305E+00 1.9007811E+01 -8.6382591E-02
2.6764000E+02 2.7427000E+02 8.6700000E+00 2.0100000E+02 9 5.4807224E+01 2.5347904E-01 6.5108679E-01 -6.1426875E-02 1.1874930E-02 1.0535436E-02 1.0360064E-02 3.1417538E-04 7.5917546E-04 6.2005113E-03 5.8972264E-05 6.0264888E-03 1.2190794E-01 3.5441933E-02 7.6244675E-05 1.5432225E+00 1.9029578E+01 -9.3836216E-02
2.6764000E+02 2.7427000E+02 8.6700000E+00 2.0600000E+02 9 5.4775141E+01 2.6496106E-01 6.7988945E-01 -6.5066662E-02 1.2409912E-02 1.0585779E-02 1.0414472E-02 3.0689418E-04 8.1851990E-04 6.4775907E-03 5.7605546E-05 6.2680110E-03 1.2749423E-01 3.7034679E-02 7.7496811E-05 1.5269875E+00 1.9041847E+01 -9.8949055E-02
2.6764000E+02 2.7427000E+02 8.6700000E+00 2.1100000E+02 9 5.4751912E+01 2.7361974E-01 7.0124473E-01 -6.7686219E-02 1.2849627E-02 1.0627541E-02 1.0460102E-02 2.9996367E-04 8.6398957E-04 6.7049816E-03 5.6304656E-05 6.4655780E-03 1.3150587E-01 3.8343879E-02 7.8417896E-05 1.5170571E+00 1.9048515E+01 -1.0240864E-01
2.6764000E+02 2.7427000E+02 8.6700000E+00 2.1600000E+02 9 5.4735045E+01 2.8011954E-01 7.1708778E-01 -6.9590387E-02 1.3202951E-02 1.0663224E-02 1.0499470E-02 2.9336115E-04 8.9835840E-04 6.8872013E-03 5.5065331E-05 6.6234215E-03 1.3439915E-01 3.9395973E-02 7.9042426E-05 1.5109545E+00 1.9051918E+01 -1.0475075E-01
2.6764000E+02 2.7427000E+02 8.6700000E+00 2.2100000E+02 9 5.4722627E+01 2.8503617E-01 7.2898069E-01 -7.1000473E-02 1.3485442E-02 1.0695002E-02 1.0534763E-02 2.8706573E-04 9.2433972E-04 7.0323470E-03 5.3883649E-05 6.7487866E-03 1.3651730E-01 4.0237263E-02 7.9435769E-05 1.5071756E+00 1.9053452E+01 -1.0635519E-01
2.6764000E+02 2.7427000E+02 8.6700000E+00 2.2600000E+02 9 5.4713294E+01 2.8881343E-01 7.3807992E-01 -7.2069781E-02 1.3712594E-02 1.0724493E-02 1.0567607E-02 2.8105815E-04 9.4417218E-04 7.1485278E-03 5.2755998E-05 6.8488392E-03 1.3810259E-01 4.0913844E-02 7.9661887E-05 1.5048118E+00 1.9053939E+01 -1.0747684E-01
2.6764000E+02 2.7427000E+02 8.6700000E+00 2.3100000E+02 9 5.4706105E+01 2.9177292E-01 7.4520161E-01 -7.2901879E-02 1.3897361E-02 1.0752772E-02 1.0599089E-02 2.7532065E-04 9.5956040E-04 7.2425399E-03 5.1679040E-05 6.9295515E-03 1.3932002E-01 4.1464261E-02 7.9772660E-05 1.5033159E+00 1.9053862E+01 -1.0828157E-01
2.6764000E+02 2.7427000E+02 8.6700000E+00 2.3600000E+02 9 5.4700427E+01 2.9414050E-01 7.5090801E-01 -7.3566078E-02 1.4049757E-02 1.0780482E-02 1.0629860E-02 2.6983678E-04 9.7174231E-04 7.3196405E-03 5.0649690E-05 6.9955344E-03 1.4028007E-01 4.1918308E-02 7.9806737E-05 1.5023582E+00 1.9053499E+01 -1.0887578E-01
2.6764000E+02 2.7427000E+02 8.6700000E+00 2.4100000E+02 9 5.4695833E+01 2.9607296E-01 7.5558353E-01 -7.4108855E-02 1.4177253E-02 1.0807950E-02 1.0660256E-02 2.6459129E-04 9.8159168E-04 7.3837485E-03 4.9665086E-05 7.0502261E-03 1.4105646E-01 4.2298216E-02 7.9791678E-05 1.5017389E+00 1.9053007E+01 -1.0932759E-01
2.6764000E+02 2.7427000E+02 8.6700000E+00 2.4600000E+02 9 5.4692034E+01 2.9767933E-01 7.5949198E-01 -7.4561702E-02 1.4285356E-02 1.0835294E-02 1.0690402E-02 2.5957004E-04 9.8971967E-04 7.4377483E-03 4.8722573E-05 7.0961621E-03 1.4169873E-01 4.2620368E-02 7.9746677E-05 1.5013355E+00 1.9052476E+01 -1.0968093E-01
2.6764000E+02 2.7427000E+02 8.6700000E+00 2.5100000E+02 9 5.4688834E+01 2.9903624E-01 7.6281654E-01 -7.4946309E-02 1.4378128E-02 1.0862499E-02 1.0720293E-02 2.5475988E-04 9.9655247E-04 7.4837645E-03 4.7819682E-05 7.1352142E-03 1.4224062E-01 4.2896859E-02 7.9684884E-05 1.5010717E+00 1.9051953E+01 -1.0996452E-01
2.6764000E+02 2.7427000E+02 8.6700000E+00 2.5600000E+02 9 5.4686094E+01 3.0019843E-01 7.6568658E-01 -7.5277914E-02 1.4458594E-02 1.0889479E-02 1.0749847E-02 2.5014856E-04 1.0023883E-03 7.5233762E-03 4.6954116E-05 7.1687756E-03 1.4270551E-01 4.3136692E-02 7.9615168E-05 1.5008995E+00 1.9051464E+01 -1.1019749E-01
2.6764000E+02 2.7427000E+02 8.6700000E+00 2.6100000E+02 9 5.4683717E+01 3.0120576E-01 7.6819528E-01 -7.5567456E-02 1.4529034E-02 1.0916115E-02 1.0778952E-02 2.4572469E-04 1.0074377E-03 7.5577733E-03 4.6123733E-05 7.1978949E-03 1.4311001E-01 4.3346656E-02 7.9543391E-05 1.5007877E+00 1.9051020E+01 -1.1039287E-01
2.6764000E+02 2.7427000E+02 8.6700000E+00 2.6400000E+02 9 5.4677591E+01 3.1141830E-01 7.8921236E-01 -7.5727971E-02 1.6065244E-02 1.1822215E-02 1.1686498E-02 2.4313549E-04 1.1375587E-03 8.3426868E-03 4.5637726E-05 7.9325448E-03 1.4333692E-01 4.7929303E-02 8.7139092E-05 1.4965986E+00 1.9052429E+01 -1.1120017E-01
2.6764000E+02 2.7427000E+02 8.6700000E+00 2.6500000E+02 9 5.4672369E+01 3.2122162E-01 8.0938418E-01 -7.5780075E-02 1.7576446E-02 1.2747566E-02 1.2612326E-02 2.4227957E-04 1.2728225E-03 9.1144942E-03 4.5477066E-05 8.6582503E-03 1.4341242E-01 5.2437948E-02 9.4317465E-05 1.4941756E+00 1.9052456E+01 -1.1162120E-01
2.6764000E+02 2.7427000E+02 8.6700000E+00 2.7000000E+02 9 5.4679718E+01 3.0407018E-01 7.7477466E-01 -7.5966955E-02 1.4860265E-02 1.1129353E-02 1.0995391E-02 2.3999101E-04 1.0132321E-03 7.7246715E-03 4.5047493E-05 7.3513257E-03 1.4366420E-01 4.4334735E-02 8.1330038E-05 1.5067086E+00 1.9042675E+01 -1.0945763E-01
2.6764000E+02 2.7427000E+02 8.6700000E+00 2.7500000E+02 9 5.4676797E+01 3.0772673E-01 7.8264965E-01 -7.6138647E-02 1.5385786E-02 1.1456565E-02 1.1324106E-02 2.3729718E-04 1.0667567E-03 7.9920039E-03 4.4541847E-05 7.6013430E-03 1.4390202E-01 4.5902562E-02 8.3205425E-05 1.5195216E+00 1.9028102E+01 -1.0714970E-01
2.6764000E+02 2.7427000E+02 8.6700000E+00 2.8000000E+02 9 5.4674284E+01 3.1070106E-01 7.8914906E-01 -7.6299710E-02 1.5807695E-02 1.1739844E-02 1.1609080E-02 2.3426224E-04 1.0988553E-03 8.2056438E-03 4.3972174E-05 7.8019466E-03 1.4412633E-01 4.7161528E-02 8.5089053E-05 1.5298825E+00 1.9015827E+01 -1.0531015E-01
2.6764000E+02 2.7427000E+02 8.6700000E+00 2.8500000E+02 9 5.4672215E+01 3.1293728E-01 7.9420737E-01 -7.6449168E-02 1.6122296E-02 1.1974413E-02 1.1845354E-02 2.3120594E-04 1.1191020E-03 8.3639583E-03 4.3398492E-05 7.9515367E-03 1.4433464E-01 4.8100568E-02 8.6463224E-05 1.5376948E+00 1.9006488E+01 -1.0395115E-01
2.6764000E+02 2.7427000E+02 8.6700000E+00 2.8900000E+02 9 5.4668545E+01 3.1886472E-01 8.0677212E-01 -7.6561428E-02 1.7023493E-02 1.2570090E-02 1.2442367E-02 2.2881413E-04 1.1887815E-03 8.8224200E-03 4.2949538E-05 8.3836666E-03 1.4449252E-01 5.0789701E-02 9.0832137E-05 1.5400096E+00 1.9001978E+01 -1.0353310E-01
2.6764000E+02 2.7427000E+02 8.6700000E+00 2.9000000E+02 9 5.4661133E+01 3.3338494E-01 8.3695068E-01 -7.6589041E-02 1.9296808E-02 1.4019258E-02 1.3891866E-02 2.2822021E-04 1.4008764E-03 9.9822773E-03 4.2838056E-05 9.4779655E-03 1.4453497E-01 5.7573006E-02 1.0100329E-04 1.5394181E+00 1.8999192E+01 -1.0355594E-01
2.6764000E+02 2.7427000E+02 8.6700000E+00 2.9500000E+02 9 5.4719868E+01 3.0199144E-01 7.6121879E-01 -7.0581301E-02 1.6297409E-02 1.2210033E-02 1.2084234E-02 2.2536718E-04 1.1062364E-03 8.4477598E-03 4.2302529E-05 8.0337827E-03 1.3544608E-01 4.8624262E-02 8.7335191E-05 1.5898836E+00 1.8952390E+01 -9.1443220E-02
2.6764000E+02 2.7427000E+02 8.6700000E+00 3.0000000E+02 9 5.4785166E+01 2.8498770E-01 7.1242284E-01 -6.2653159E-02 1.6203232E-02 1.2331006E-02 1.2206737E-02 2.2262510E-04 1.1042476E-03 8.3929052E-03 4.1787826E-05 7.9927291E-03 1.2346494E-01 4.8346011E-02 8.6212353E-05 1.6618936E+00 1.8880065E+01 -7.6300886E-02
2.6764000E+02 2.7427000E+02 8.6700000E+00 3.0100000E+02 9 5.4790455E+01 2.9775918E-01 7.3747764E-01 -6.1026870E-02 1.8804712E-02 1.4250314E-02 1.4126349E-02 2.2208105E-04 1.3363923E-03 9.7124388E-03 4.1685706E-05 9.2549187E-03 1.2101288E-01 5.6112473E-02 9.7990022E-05 1.6760269E+00 1.8861689E+01 -7.3423525E-02
2.6764000E+02 2.7427000E+02 8.6700000E+00 3.0200000E+02 9 5.4804287E+01 2.9353547E-01 7.2598448E-01 -5.9390675E-02 1.8670693E-02 1.4245842E-02 1.4122179E-02 2.2154130E-04 1.2908486E-03 9.6416292E-03 4.1584391E-05 9.1925577E-03 1.1854130E-01 5.5713637E-02 9.8665108E-05 1.6900543E+00 1.8845971E+01 -7.0691411E-02
2.6764000E+02 2.7427000E+02 8.6700000E+00 3.0300000E+02 9 5.4818184E+01 2.8904274E-01 7.1407934E-01 -5.7764001E-02 1.8499365E-02 1.4223929E-02 1.4101225E-02 2.1982143E-04 1.2565077E-03 9.5507845E-03 4.1261563E-05 9.1116170E-03 1.1608631E-01 5.5203593E-02 9.8178933E-05 1.7033287E+00 1.8832470E+01 -6.8159165E-02
2.6764000E+02 2.7427000E+02 8.6700000E+00 3.0800000E+02 9 5.4886077E+01 2.5390504E-01 6.2894211E-01 -5.0736584E-02 1.5252271E-02 1.2252703E-02 1.2133309E-02 2.1389311E-04 9.8269626E-04 7.8870951E-03 4.0148789E-05 7.5467496E-03 1.0546533E-01 4.5516122E-02 8.1339857E-05 1.7680481E+00 1.8774757E+01 -5.7389964E-02
2.6764000E+02 2.7427000E+02 8.6700000E+00 3.1300000E+02 9 5.4933810E+01 2.3831808E-01 5.8833567E-01 -4.5165616E-02 1.4672524E-02 1.2230869E-02 1.2115175E-02 2.0726406E-04 9.1339032E-04 7.5769068E-03 3.8904484E-05 7.2749946E-03 9.7049841E-02 4.3791205E-02 7.7807953E-05 1.8246571E+00 1.8719184E+01 -4.9165265E-02
2.6764000E+02 2.7427000E+02 8.6700000E+00 3.1800000E+02 9 5.4970406E+01 2.2584570E-01 5.5643778E-01 -4.0933985E-02 1.4142031E-02 1.2223796E-02 1.2111978E-02 2.0031957E-04 8.2816960E-04 7.2923248E-03 3.7600969E-05 7.0257647E-03 9.0657700E-02 4.2212693E-02 7.5298195E-05 1.8699929E+00 1.8673867E+01 -4.3298336E-02
2.6764000E+02 2.7427000E+02 8.6700000E+00 3.2300000E+02 9 5.4997878E+01 2.1597238E-01 5.3179317E-01 -3.7795726E-02 1.3665193E-02 1.2221666E-02 1.2113632E-02 1.9354135E-04 7.5111963E-04 7.0361123E-03 3.6328663E-05 6.8012527E-03 8.5916816E-02 4.0793543E-02 7.3217059E-05 1.9039734E+00 1.8639715E+01 -3.9269566E-02
2.6764000E+02 2.7427000E+02 8.6700000E+00 3.2800000E+02 9 5.5018305E+01 2.0821401E-01 5.1292082E-01 -3.5493750E-02 1.3248646E-02 1.2221281E-02 1.2116805E-02 1.8716703E-04 6.8993227E-04 6.8117929E-03 3.5132171E-05 6.6048352E-03 8.2438764E-02 3.9553517E-02 7.1443620E-05 1.9281855E+00 1.8615327E+01 -3.6560104E-02
2.6764000E+02 2.7427000E+02 8.6700000E+00 3.2900000E+02 9 5.5015980E+01 2.1907098E-01 5.3778840E-01 -3.5064761E-02 1.5234289E-02 1.4103896E-02 1.4000122E-02 1.8590983E-04 7.5921522E-04 7.8085644E-03 3.4896188E-05 7.5794528E-03 8.1796353E-02 4.5485487E-02 8.1132820E-05 1.9316152E+00 1.8607861E+01 -3.6131255E-02
2.6764000E+02 2.7427000E+02 8.6700000E+00 3.3000000E+02 9 5.5019678E+01 2.1742419E-01 5.3385889E-01 -3.4665164E-02 1.5112589E-02 1.4072209E-02 1.3969126E-02 1.8467143E-04 7.3803588E-04 7.7446531E-03 3.4663735E-05 7.5210231E-03 8.1193359E-02 4.5122602E-02 8.1672142E-05 1.9326434E+00 1.8605354E+01 -3.5891755E-02
2.6764000E+02 2.7427000E+02 8.6700000E+00 3.3500000E+02 9 5.5012818E+01 2.0811469E-01 5.1057139E-01 -3.3710922E-02 1.2586571E-02 1.2104047E-02 1.2004149E-02 1.7896537E-04 6.1313003E-04 6.4594731E-03 3.3592680E-05 6.2901343E-03 8.3882435E-02 3.7580555E-02 6.8935228E-05 1.8455362E+00 1.8698137E+01 -4.3243543E-02
2.6764000E+02 2.7427000E+02 8.6700000E+00 3.4000000E+02 9 5.4987326E+01 2.1790365E-01 5.2935921E-01 -3.3283493E-02 1.2590693E-02 1.2094438E-02 1.1997476E-02 1.7370647E-04 6.3445406E-04 6.4571910E-03 3.2605559E-05 6.2887270E-03 8.8572877E-02 3.7592145E-02 6.8562032E-05 1.7621822E+00 1.8782206E+01 -5.2071790E-02
2.6764000E+02 2.7427000E+02 8.6700000E+00 3.4500000E+02 9 5.4960960E+01 2.2950898E-01 5.5143509E-01 -3.3078792E-02 1.2877281E-02 1.2106658E-02 1.2012412E-02 1.6883990E-04 6.8525994E-04 6.6037713E-03 3.1692080E-05 6.4182538E-03 9.3233621E-02 3.8444687E-02 6.9874264E-05 1.7023105E+00 1.8841968E+01 -5.9685966E-02
2.6764000E+02 2.7427000E+02 8.6700000E+00 3.5000000E+02 9 5.4938096E+01 2.4046894E-01 5.7202392E-01 -3.2959217E-02 1.3281432E-02 1.2123384E-02 1.2031665E-02 1.6431232E-04 7.4736470E-04 6.8127937E-03 3.0842231E-05 6.6020186E-03 9.7170042E-02 3.9647194E-02 7.1722692E-05 1.6625108E+00 1.8881512E+01 -6.5507697E-02
2.6764000E+02 2.7427000E+02 8.6700000E+00 3.5500000E+02 9 5.4919848E+01 2.4980481E-01 5.8933682E-01 -3.2865468E-02 1.3699302E-02 1.2138149E-02 1.2048793E-02 1.6007805E-04 8.0777560E-04 7.0297036E-03 3.0047437E-05 6.7918814E-03 1.0024729E-01 4.0890564E-02 7.3572103E-05 1.6366411E+00 1.8907143E+01 -6.9700769E-02
2.6764000E+02 2.7427000E+02 8.6700000E+00 3.6000000E+02 9 5.4905972E+01 2.5730363E-01 6.0306103E-01 -3.2774657E-02 1.4077856E-02 1.2148809E-02 1.2061675E-02 1.5609999E-04 8.6036496E-04 7.2265761E-03 2.9300736E-05 6.9633165E-03 1.0254628E-01 4.2016964E-02 7.5192797E-05 1.6199549E+00 1.8923644E+01 -7.2617465E-02
2.6764000E+02 2.7427000E+02 8.6700000E+00 3.6500000E+02 9 5.4895724E+01 2.6312241E-01 6.1356407E-01 -3.2680674E-02 1.4397492E-02 1.2155145E-02 1.2070105E-02 1.5234854E-04 9.0337452E-04 7.3930237E-03 2.8596570E-05 7.1073134E-03 1.0421745E-01 4.2968080E-02 7.6517153E-05 1.6092026E+00 1.8934263E+01 -7.4606242E-02
2.6764000E+02 2.7427000E+02 8.6700000E+00 3.7000000E+02 9 5.4888271E+01 2.6755813E-01 6.2145123E-01 -3.2584271E-02 1.4657200E-02 1.2157781E-02 1.2074721E-02 1.4880000E-04 9.3707801E-04 7.5284119E-03 2.7930491E-05 7.2234786E-03 1.0541486E-01 4.3740912E-02 7.7557219E-05 1.6022378E+00 1.8941136E+01 -7.5950803E-02
2.6764000E+02 2.7427000E+02 8.6700000E+00 3.7500000E+02 9 5.4882875E+01 2.7092162E-01 6.2733495E-01 -3.2488188E-02 1.4864323E-02 1.2157613E-02 1.2076431E-02 1.4543506E-04 9.6286682E-04 7.6364939E-03 2.7298877E-05 7.3152854E-03 1.0626931E-01 4.4357314E-02 7.8356818E-05 1.5976756E+00 1.8945637E+01 -7.6860705E-02
2.6764000E+02 2.7427000E+02 8.6700000E+00 3.8000000E+02 9 5.4878953E+01 2.7348209E-01 6.3173645E-01 -3.2395060E-02 1.5028612E-02 1.2155513E-02 1.2076117E-02 1.4223770E-04 9.8244708E-04 7.7222954E-03 2.6698717E-05 7.3873123E-03 1.0688165E-01 4.4846286E-02 7.8966132E-05 1.5946360E+00 1.8948636E+01 -7.7482077E-02
2.6764000E+02 2.7427000E+02 8.6700000E+00 3.8500000E+02 9 5.4876072E+01 2.7545187E-01 6.3506136E-01 -3.2306754E-02 1.5159351E-02 1.2152208E-02 1.2074510E-02 1.3919428E-04 9.9732724E-04 7.7906139E-03 2.6127450E-05 7.4439080E-03 1.0732531E-01 4.5235446E-02 7.9430327E-05 1.5925637E+00 1.8950682E+01 -7.7913287E-02
2.6764000E+02 2.7427000E+02 8.6700000E+00 3.9000000E+02 9 5.4873922E+01 2.7698968E-01 6.3760955E-01 -3.2224324E-02 1.5264298E-02 1.2148245E-02 1.2072167E-02 1.3629293E-04 1.0087138E-03 7.8454644E-03 2.5582853E-05 7.4886992E-03 1.0765188E-01 4.5547867E-02 7.9785924E-05 1.5911101E+00 1.8952119E+01 -7.8219151E-02
2.6764000E+02 2.7427000E+02 8.6700000E+00 3.9500000E+02 9 5.4872289E+01 2.7821064E-01 6.3959631E-01 -3.2148189E-02 1.5349524E-02 1.2144014E-02 1.2069481E-02 1.3352319E-04 1.0175233E-03 7.8899942E-03 2.5062959E-05 7.5245164E-03 1.0789693E-01 4.5801606E-02 8.0060814E-05 1.5900565E+00 1.8953163E+01 -7.8441913E-02
2.6764000E+02 2.7427000E+02 8.6700000E+00 4.0000000E+02 9 5.4871023E+01 2.7919703E-01 6.4117385E-01 -3.2078344E-02 1.5419621E-02 1.2139771E-02 1.2066716E-02 1.3087570E-04 1.0244324E-03 7.9265889E-03 2.4566012E-05 7.5534930E-03 1.0808472E-01 4.6010320E-02 8.0275637E-05 1.5892649E+00 1.8953949E+01 -7.8609031E-02
2.6764000E+02 2.7427000E+02 8.6700000E+00 4.0500000E+02 9 5.4870022E+01 2.8000736E-01 6.4244932E-01 -3.2014524E-02 1.5478005E-02 1.2135674E-02 1.2064033E-02 1.2834199E-04 1.0299344E-03 7.9570285E-03 2.4090422E-05 7.5772106E-03 1.0823179E-01 4.6184172E-02 8.0445434E-05 1.5886475E+00 1.8954564E+01 -7.8738414E-02
2.6764000E+02 2.7427000E+02 8.6700000E+00 4.1000000E+02 9 5.4869215E+01 2.8068346E-01 6.4349831E-01 -3.1956328E-02 1.5527211E-02 1.2131806E-02 1.2061521E-02 1.2591437E-04 1.0343868E-03 7.9826362E-03 2.3634747E-05 7.5968365E-03 1.0834945E-01 4.6330699E-02 8.0581109E-05 1.5881478E+00 1.8955064E+01 -7.8841841E-02
2.6764000E+02 2.7427000E+02 8.6700000E+00 4.1200000E+02 9 5.4862080E+01 2.9465921E-01 6.7222644E-01 -3.1933922E-02 1.7694515E-02 1.3487126E-02 1.3417374E-02 1.2495983E-04 1.2190814E-03 9.0905334E-03 2.3455574E-05 8.6373161E-03 1.0839677E-01 5.2797450E-02 9.0927002E-05 1.5843338E+00 1.8955264E+01 -7.9278231E-02
2.6764000E+02 2.7427000E+02 8.6700000E+00 4.1700000E+02 9 5.4868847E+01 2.8038886E-01 6.4250937E-01 -3.1882883E-02 1.5415960E-02 1.2039080E-02 1.1970606E-02 1.2266984E-04 1.0112478E-03 7.9258781E-03 2.3025732E-05 7.5385540E-03 1.0848081E-01 4.5998526E-02 8.0277277E-05 1.5819151E+00 1.8961556E+01 -7.9756658E-02
2.6764000E+02 2.7427000E+02 8.6700000E+00 4.2200000E+02 9 5.4868323E+01 2.8086918E-01 6.4327072E-01 -3.1836355E-02 1.5456147E-02 1.2032370E-02 1.1965124E-02 1.2047002E-04 1.0263132E-03 7.9467284E-03 2.2612816E-05 7.5543157E-03 1.0855479E-01 4.6118148E-02 7.9983002E-05 1.5818889E+00 1.8962026E+01 -7.9799168E-02
2.6764000E+02 2.7427000E+02 8.6700000E+00 4.2700000E+02 9 5.4867765E+01 2.8151045E-01 6.4432224E-01 -3.1793897E-02 1.5521673E-02 1.2041137E-02 1.1975072E-02 1.1835470E-04 1.0356942E-03 7.9806262E-03 2.2215760E-05 7.5822640E-03 1.0861810E-01 4.6313338E-02 8.0201091E-05 1.5827160E+00 1.8961106E+01 -7.9700779E-02
2.6764000E+02 2.7427000E+02 8.6700000E+00 4.2900000E+02 9 5.4860674E+01 2.9556125E-01 6.7317511E-01 -3.1777538E-02 1.7705587E-02 1.3398059E-02 1.3332459E-02 1.1752174E-04 1.2236940E-03 9.0974762E-03 2.2059409E-05 8.6303703E-03 1.0864622E-01 5.2829515E-02 9.0650766E-05 1.5794828E+00 1.8960664E+01 -8.0053982E-02
2.6764000E+02 2.7427000E+02 8.6700000E+00 4.3000000E+02 9 5.4858495E+01 2.9984675E-01 6.8197923E-01 -3.1769511E-02 1.8366831E-02 1.3829757E-02 1.3764388E-02 1.1710851E-04 1.2654145E-03 9.4351441E-03 2.1981844E-05 8.9480977E-03 1.0865935E-01 5.4802717E-02 9.4247282E-05 1.5770064E+00 1.8961530E+01 -8.0356488E-02
2.6764000E+02 2.7427000E+02 8.6700000E+00 4.3500000E+02 9 5.4865936E+01 2.8452727E-01 6.5022158E-01 -3.1742043E-02 1.5945395E-02 1.2290452E-02 1.2226717E-02 1.1418057E-04 1.0506341E-03 8.1965507E-03 2.1432254E-05 7.7806063E-03 1.0870827E-01 4.7577377E-02 8.2540968E-05 1.5950230E+00 1.8946806E+01 -7.7911170E-02
2.6764000E+02 2.7427000E+02 8.6700000E+00 4.3600000E+02 9 5.4856435E+01 3.0351641E-01 6.8972676E-01 -3.1736623E-02 1.8930463E-02 1.4210156E-02 1.4146717E-02 1.1364961E-04 1.3345587E-03 9.7209164E-03 2.1332591E-05 9.2168282E-03 1.0872335E-01 5.6485119E-02 9.5082562E-05 1.5973871E+00 1.8940848E+01 -7.7468816E-02
2.6764000E+02 2.7427000E+02 8.6700000E+00 4.3700000E+02 9 5.4858045E+01 3.0380942E-01 6.8932321E-01 -3.1305696E-02 1.9005468E-02 1.4261418E-02 1.4198245E-02 1.1317388E-04 1.3105427E-03 9.7593024E-03 2.1243294E-05 9.2521109E-03 1.0837349E-01 5.6708805E-02 9.6509864E-05 1.6005074E+00 1.8936039E+01 -7.6818977E-02
2.6764000E+02 2.7427000E+02 8.6700000E+00 4.3800000E+02 9 5.4862508E+01 3.0347077E-01 6.8652919E-01 -3.0271588E-02 1.9053501E-02 1.4299818E-02 1.4236913E-02 1.1269240E-04 1.2952447E-03 9.7836718E-03 2.1152918E-05 9.2747080E-03 1.0751264E-01 5.6852130E-02 9.7286237E-05 1.6043294E+00 1.8931273E+01 -7.5870742E-02
2.6764000E+02 2.7427000E+02 8.6700000E+00 4.4300000E+02 9 5.4925304E+01 2.7854062E-01 6.1150656E-01 -1.8243214E-02 1.6438473E-02 1.2645431E-02 1.2582831E-02 1.1214616E-04 1.0635594E-03 8.4473001E-03 2.1050385E-05 8.0163017E-03 9.7379697E-02 4.9049088E-02 8.5212703E-05 1.6432897E+00 1.8895532E+01 -6.6544925E-02
2.6764000E+02 2.7427000E+02 8.6700000E+00 4.4400000E+02 9 5.4928337E+01 2.9433099E-01 6.3974682E-01 -1.5640260E-02 1.9223421E-02 1.4530835E-02 1.4468326E-02 1.1198298E-04 1.3043835E-03 9.8669961E-03 2.1019755E-05 9.3598591E-03 9.5192477E-02 5.7361004E-02 9.7088049E-05 1.6504239E+00 1.8884697E+01 -6.4639510E-02
2.6764000E+02 2.7427000E+02 8.6700000E+00 4.4500000E+02 9 5.4940631E+01 2.9256208E-01 6.3067037E-01 -1.2916131E-02 1.9227923E-02 1.4553645E-02 1.4491271E-02 1.1174145E-04 1.2690154E-03 9.8690175E-03 2.0974419E-05 9.3620080E-03 9.2898809E-02 5.7374528E-02 9.8255356E-05 1.6579791E+00 1.8875458E+01 -6.2735443E-02
2.6764000E+02 2.7427000E+02 8.6700000E+00 4.5000000E+02 9 5.5002428E+01 2.6939240E-01 5.5935513E-01 -9.2667153E-04 1.6887073E-02 1.3069531E-02 1.3007717E-02 1.1073917E-04 1.0619587E-03 8.6725692E-03 2.0786287E-05 8.2349006E-03 8.2791199E-02 5.0389397E-02 8.7646681E-05 1.7128832E+00 1.8822581E+01 -5.2803332E-02
2.6764000E+02 2.7427000E+02 8.6700000E+00 4.5300000E+02 9 5.5028516E+01 2.7388822E-01 5.5629171E-01 5.8325131E-03 1.8349756E-02 1.4197575E-02 1.4136104E-02 1.1012537E-04 1.1316422E-03 9.4144273E-03 2.0671074E-05 8.9443922E-03 7.7098719E-02 5.4756512E-02 9.4364776E-05 1.7438392E+00 1.8788090E+01 -4.7525367E-02
2.6764000E+02 2.7427000E+02 8.6700000E+00 4.5400000E+02 9 5.5034671E+01 2.8007979E-01 5.6553117E-01 8.0375031E-03 1.9580406E-02 1.5182081E-02 1.5120729E-02 1.0991139E-04 1.1646990E-03 1.0037807E-02 2.0630908E-05 9.5427592E-03 7.5243556E-02 5.8431261E-02 9.9999031E-05 1.7538160E+00 1.8775554E+01 -4.5867401E-02
2.6764000E+02 2.7427000E+02 8.6700000E+00 4.5900000E+02 9 5.5092618E+01 2.5430617E-01 4.9121978E-01 1.8804918E-02 1.6703231E-02 1.3320846E-02 1.3260418E-02 1.0825552E-04 9.5157104E-04 8.5671335E-03 2.0320093E-05 8.1565584E-03 6.6172539E-02 4.9845011E-02 8.6878989E-05 1.7809045E+00 1.8753073E+01 -4.0371425E-02
2.6764000E+02 2.7427000E+02 8.6700000E+00 4.6400000E+02 9 5.5132916E+01 2.4610990E-01 4.5841207E-01 2.7455618E-02 1.6390894E-02 1.3330692E-02 1.3271117E-02 1.0672622E-04 8.8961978E-04 8.4000799E-03 2.0033036E-05 8.0127192E-03 5.8894094E-02 4.8915205E-02 8.4960910E-05 1.8052996E+00 1.8729389E+01 -3.5976652E-02
2.6764000E+02 2.7427000E+02 8.6700000E+00 4.6900000E+02 9 5.5164126E+01 2.3965639E-01 4.3295205E-01 3.4147960E-02 1.6136540E-02 1.3363772E-02 1.3304918E-02 1.0543634E-04 8.3241761E-04 8.2630582E-03 1.9790920E-05 7.8965041E-03 5.3268764E-02 4.8158019E-02 8.3794065E-05 1.8263858E+00 1.8708244E+01 -3.2614338E-02
2.6764000E+02 2.7427000E+02 8.6700000E+00 4.7400000E+02 9 5.5188051E+01 2.3449562E-01 4.1320704E-01 3.9258145E-02 1.5912414E-02 1.3402707E-02 1.3344501E-02 1.0427509E-04 7.8353193E-04 8.1419525E-03 1.9572947E-05 7.7943799E-03 4.8979211E-02 4.7490712E-02 8.2878261E-05 1.8429277E+00 1.8691480E+01 -3.0153293E-02
2.6764000E+02 2.7427000E+02 8.6700000E+00 4.7900000E+02 9 5.5206339E+01 2.3033704E-01 3.9786477E-01 4.3144667E-02 1.5711353E-02 1.3439632E-02 1.3382035E-02 1.0318400E-04 7.4351069E-04 8.0334266E-03 1.9368145E-05 7.7024968E-03 4.5722771E-02 4.6891913E-02 8.2083392E-05 1.8551461E+00 1.8679035E+01 -2.8393414E-02
2.6764000E+02 2.7427000E+02 8.6700000E+00 4.8100000E+02 9 5.5207541E+01 2.3947517E-01 4.1547069E-01 4.4525371E-02 1.7347657E-02 1.4801137E-02 1.4743778E-02 1.0275637E-04 7.8120841E-04 8.8612789E-03 1.9287876E-05 8.4988637E-03 4.4571329E-02 5.1777863E-02 9.0160172E-05 1.8559772E+00 1.8674532E+01 -2.8019365E-02
2.6764000E+02 2.7427000E+02 8.6700000E+00 4.8200000E+02 9 5.5209107E+01 2.4176284E-01 4.1960648E-01 4.5174899E-02 1.7802367E-02 1.5240254E-02 1.5183013E-02 1.0254452E-04 7.8175035E-04 9.0900376E-03 1.9248111E-05 8.7215105E-03 4.4029548E-02 5.3135982E-02 9.2833754E-05 1.8547011E+00 1.8674142E+01 -2.7943401E-02
2.6764000E+02 2.7427000E+02 8.6700000E+00 4.8700000E+02 9 5.5229675E+01 2.2237978E-01 3.7361384E-01 4.7798975E-02 1.5016510E-02 1.3224618E-02 1.3168110E-02 1.0123212E-04 6.7592027E-04 7.6716019E-03 1.9001766E-05 7.3727157E-03 4.1835417E-02 4.4819369E-02 7.9346937E-05 1.8367022E+00 1.8698496E+01 -2.8294965E-02
2.6764000E+02 2.7427000E+02 8.6700000E+00 4.9200000E+02 9 5.5239620E+01 2.1922038E-01 3.6352378E-01 4.9818124E-02 1.4752283E-02 1.3113190E-02 1.3057339E-02 1.0005664E-04 6.5997249E-04 7.5349807E-03 1.8781124E-05 7.2455847E-03 4.0156426E-02 4.4030957E-02 7.7563942E-05 1.8304726E+00 1.8706111E+01 -2.8164750E-02
2.6764000E+02 2.7427000E+02 8.6700000E+00 4.9700000E+02 9 5.5247148E+01 2.1716385E-01 3.5637285E-01 5.1391018E-02 1.4601556E-02 1.3043613E-02 1.2988357E-02 9.8990459E-05 6.4913322E-04 7.4577384E-03 1.8580996E-05 7.1716795E-03 3.8853324E-02 4.3580945E-02 7.6831260E-05 1.8290230E+00 1.8707909E+01 -2.7856691E-02
2.6764000E+02 2.7427000E+02 8.6700000E+00 5.0200000E+02 9 5.5253036E+01 2.1568390E-01 3.5096227E-01 5.2640665E-02 1.4501812E-02 1.2995752E-02 1.2941066E-02 9.7967690E-05 6.4028374E-04 7.4070639E-03 1.8389017E-05 7.1218276E-03 3.7822266E-02 4.3283035E-02 7.6443400E-05 1.8288879E+00 1.8708098E+01 -2.7543338E-02
2.6764000E+02 2.7427000E+02 8.6700000E+00 5.0500000E+02 9 5.5252512E+01 2.2213696E-01 3.6363464E-01 5.3295217E-02 1.5606141E-02 1.3838682E-02 1.3784335E-02 9.7362370E-05 6.7477278E-04 7.9687989E-03 1.8275396E-05 7.6553349E-03 3.7286725E-02 4.6579557E-02 8.2154716E-05 1.8215088E+00 1.8712988E+01 -2.7792718E-02
2.6764000E+02 2.7427000E+02 8.6700000E+00 5.0600000E+02 9 5.5250095E+01 2.2870375E-01 3.7758756E-01 5.3503539E-02 1.6685930E-02 1.4718484E-02 1.4664249E-02 9.7161334E-05 6.9762054E-04 8.5162572E-03 1.8237660E-05 8.1797446E-03 3.7118298E-02 4.9803650E-02 8.7410528E-05 1.8187642E+00 1.8713518E+01 -2.7947391E-02
2.6764000E+02 2.7427000E+02 8.6700000E+00 5.1100000E+02 9 5.5262622E+01 2.1099491E-01 3.3801309E-01 5.4407696E-02 1.3955943E-02 1.2671945E-02 1.2618339E-02 9.6035061E-05 6.0693370E-04 7.1294813E-03 1.8026253E-05 6.8547831E-03 3.6372886E-02 4.1653368E-02 7.4300203E-05 1.7989700E+00 1.8739306E+01 -2.8912816E-02
2.6764000E+02 2.7427000E+02 8.6700000E+00 5.1600000E+02 9 5.5266347E+01 2.0966609E-01 3.3359707E-01 5.5158761E-02 1.3814714E-02 1.2533276E-02 1.2480235E-02 9.5020676E-05 6.0873172E-04 7.0591888E-03 1.7835848E-05 6.7832214E-03 3.5760710E-02 4.1231294E-02 7.3117987E-05 1.7916862E+00 1.8747812E+01 -2.9191998E-02
2.6764000E+02 2.7427000E+02 8.6700000E+00 5.2100000E+02 9 5.5269241E+01 2.0901325E-01 3.3072032E-01 5.5790277E-02 1.3760965E-02 1.2443059E-02 1.2390531E-02 9.4101981E-05 6.1051582E-04 7.0337931E-03 1.7663405E-05 6.7536620E-03 3.5248334E-02 4.1070228E-02 7.2832706E-05 1.7895248E+00 1.8750259E+01 -2.9169675E-02
2.6764000E+02 2.7427000E+02 8.6700000E+00 5.2600000E+02 9 5.5271631E+01 2.0860895E-01 3.2854866E-01 5.6330374E-02 1.3736316E-02 1.2378443E-02 1.2326411E-02 9.3214851E-05 6.1060144E-04 7.0229459E-03 1.7496886E-05 6.7385372E-03 3.4812214E-02 4.0996140E-02 7.2774168E-05 1.7889808E+00 1.8750849E+01 -2.9063545E-02
2.6764000E+02 2.7427000E+02 8.6700000E+00 5.3100000E+02 9 5.5273681E+01 2.0829160E-01 3.2673737E-01 5.6798946E-02 1.3719426E-02 1.2327899E-02 1.2276358E-02 9.2334857E-05 6.0935650E-04 7.0156955E-03 1.7331707E-05 6.7275893E-03 3.4435712E-02 4.0945338E-02 7.2753758E-05 1.7888523E+00 1.8750968E+01 -2.8950872E-02
2.6764000E+02 2.7427000E+02 8.6700000E+00 5.3600000E+02 9 5.5275478E+01 2.0800687E-01 3.2514429E-01 5.7210284E-02 1.3703475E-02 1.2285243E-02 1.2234192E-02 9.1456505E-05 6.0751876E-04 7.0086320E-03 1.7166836E-05 6.7174365E-03 3.4106831E-02 4.0897434E-02 7.2722796E-05 1.7886852E+00 1.8751124E+01 -2.8856376E-02
2.6764000E+02 2.7427000E+02 8.6700000E+00 5.4100000E+02 9 5.5277072E+01 2.0774167E-01 3.2371065E-01 5.7574904E-02 1.3687079E-02 1.2247177E-02 1.2196615E-02 9.0580525E-05 6.0544325E-04 7.0011347E-03 1.7002410E-05 6.7073108E-03 3.3816727E-02 4.0848266E-02 7.2675454E-05 1.7883756E+00 1.8751431E+01 -2.8783771E-02
2.6764000E+02 2.7427000E+02 8.6700000E+00 5.4600000E+02 9 5.5278496E+01 2.0749514E-01 3.2241010E-01 5.7900734E-02 1.3670563E-02 1.2212023E-02 1.2161948E-02 8.9709221E-05 6.0349692E-04 6.9934352E-03 1.6838862E-05 6.6972933E-03 3.3558728E-02 4.0798775E-02 7.2617058E-05 1.7878846E+00 1.8751928E+01 -2.8730748E-02
2.6764000E+02 2.7427000E+02 8.6700000E+00 5.5100000E+02 9 5.5279776E+01 2.0726934E-01 3.2122759E-01 5.8193892E-02 1.3654538E-02 1.2178964E-02 1.2129371E-02 8.8844929E-05 6.0170079E-04 6.9858918E-03 1.6676630E-05 6.6876284E-03 3.3327688E-02 4.0750774E-02 7.2553843E-05 1.7873022E+00 1.8752522E+01 -2.8691979E-02
2.6764000E+02 2.7427000E+02 8.6700000E+00 5.5600000E+02 9 5.5280930E+01 2.0706535E-01 3.2015154E-01 5.8459198E-02 1.3639461E-02 1.2147604E-02 1.2098488E-02 8.7989542E-05 6.0004180E-04 6.9787670E-03 1.6516070E-05 6.6785045E-03 3.3119560E-02 4.0705614E-02 7.2490274E-05 1.7866722E+00 1.8753166E+01 -2.8663541E-02
2.6764000E+02 2.7427000E+02 8.6700000E+00 5.6100000E+02 9 5.5281976E+01 2.0688275E-01 3.1917130E-01 5.8700518E-02 1.3625566E-02 1.2117731E-02 1.2069088E-02 8.7144434E-05 5.9852882E-04 6.9721984E-03 1.6357439E-05 6.6700158E-03 3.2931101E-02 4.0663990E-02 7.2428910E-05 1.7860250E+00 1.8753828E+01 -2.8642592E-02
2.6764000E+02 2.7427000E+02 8.6700000E+00 5.6600000E+02 9 5.5282926E+01 2.0672004E-01 3.1827681E-01 5.8921003E-02 1.3612915E-02 1.2089212E-02 1.2041034E-02 8.6310522E-05 5.9720802E-04 6.9662287E-03 1.6200909E-05 6.6621830E-03 3.2759676E-02 4.0626089E-02 7.2370933E-05 1.7853761E+00 1.8754490E+01 -2.8627223E-02
2.6764000E+02 2.7427000E+02 8.6700000E+00 5.7100000E+02 9 5.5283794E+01 2.0657555E-01 3.1745875E-01 5.9123252E-02 1.3601477E-02 1.2061936E-02 1.2014217E-02 8.5488365E-05 5.9602988E-04 6.9608482E-03 1.6046587E-05 6.6549828E-03 3.2603114E-02 4.0591811E-02 7.2316719E-05 1.7847364E+00 1.8755142E+01 -2.8616138E-02
2.6764000E+02 2.7427000E+02 8.6700000E+00 5.7600000E+02 9 5.5284587E+01 2.0644739E-01 3.1670872E-01 5.9309435E-02 1.3591169E-02 1.2035806E-02 1.1988539E-02 8.4678270E-05 5.9499457E-04 6.9560204E-03 1.5894528E-05 6.6483707E-03 3.2459607E-02 4.0560910E-02 7.2266227E-05 1.7841089E+00 1.8755781E+01 -2.8608487E-02
2.6764000E+02 2.7427000E+02 8.6700000E+00 5.8100000E+02 9 5.5285316E+01 2.0633372E-01 3.1601924E-01 5.9481380E-02 1.3581889E-02 1.2010729E-02 1.1963907E-02 8.3880365E-05 5.9409554E-04 6.9516968E-03 1.5744757E-05 6.6422935E-03 3.2327637E-02 4.0533081E-02 7.2219217E-05 1.7834970E+00 1.8756403E+01 -2.8603643E-02
2.6764000E+02 2.7427000E+02 8.6700000E+00 5.8200000E+02 9 5.5277729E+01 2.2182049E-01 3.4872487E-01 5.9515214E-02 1.6036701E-02 1.3793674E-02 1.3746941E-02 8.3721272E-05 6.8094737E-04 8.2015843E-03 1.5714894E-05 7.8287835E-03 3.2307150E-02 4.7861096E-02 8.3505773E-05 1.7815793E+00 1.8754335E+01 -2.8723753E-02
2.6764000E+02 2.7427000E+02 8.6700000E+00 5.8700000E+02 9 5.5286216E+01 2.0603033E-01 3.1496935E-01 5.9676973E-02 1.3547784E-02 1.1981445E-02 1.1935550E-02 8.2219518E-05 5.8942290E-04 6.9341114E-03 1.5433008E-05 6.6236317E-03 3.2183147E-02 4.0431170E-02 7.2226402E-05 1.7812489E+00 1.8758483E+01 -2.8690997E-02
2.6764000E+02 2.7427000E+02 8.6700000E+00 5.9200000E+02 9 5.5286697E+01 2.0624778E-01 3.1498857E-01 5.9831435E-02 1.3587313E-02 1.1983889E-02 1.1938750E-02 8.0866774E-05 5.9401619E-04 6.9543024E-03 1.5179091E-05 6.6407195E-03 3.2069276E-02 4.0549075E-02 7.1959496E-05 1.7839177E+00 1.8756183E+01 -2.8491781E-02
2.6764000E+02 2.7427000E+02 8.6700000E+00 5.9700000E+02 9 5.5287129E+01 2.0651422E-01 3.1506079E-01 5.9980040E-02 1.3630109E-02 1.1982263E-02 1.1937885E-02 7.9503214E-05 5.9620691E-04 6.9763342E-03 1.4923144E-05 6.6591552E-03 3.1960609E-02 4.0676656E-02 7.2079552E-05 1.7865750E+00 1.8753441E+01 -2.8292679E-02
2.6764000E+02 2.7427000E+02 8.6700000E+00 6.0200000E+02 9 5.5287558E+01 2.0672315E-01 3.1502968E-01 6.0121006E-02 1.3663031E-02 1.1975196E-02 1.1931580E-02 7.8138125E-05 5.9687959E-04 6.9931992E-03 1.4666910E-05 6.6729723E-03 3.1858214E-02 4.0774795E-02 7.2224821E-05 1.7884865E+00 1.8751402E+01 -2.8140801E-02
2.6764000E+02 2.7427000E+02 8.6700000E+00 6.0700000E+02 9 5.5287988E+01 2.0686137E-01 3.1488732E-01 6.0253235E-02 1.3685008E-02 1.1964054E-02 1.1921182E-02 7.6803543E-05 5.9662124E-04 7.0043343E-03 1.4416403E-05 6.6817189E-03 3.1762655E-02 4.0840303E-02 7.2328461E-05 1.7896451E+00 1.8750147E+01 -2.8037284E-02
2.6764000E+02 2.7427000E+02 8.6700000E+00 6.1200000E+02 9 5.5288412E+01 2.0694228E-01 3.1466367E-01 6.0376596E-02 1.3698348E-02 1.1950198E-02 1.1908045E-02 7.5515906E-05 5.9602669E-04 7.0109663E-03 1.4174707E-05 6.6864746E-03 3.1673888E-02 4.0880054E-02 7.2389185E-05 1.7901773E+00 1.8749553E+01 -2.7972517E-02
2.6764000E+02 2.7427000E+02 8.6700000E+00 6.1700000E+02 9 5.5288822E+01 2.0698458E-01 3.1439115E-01 6.0491508E-02 1.3705739E-02 1.1934614E-02 1.1893152E-02 7.4280174E-05 5.9515279E-04 7.0145191E-03 1.3942754E-05 6.6884813E-03 3.1591524E-02 4.0902052E-02 7.2418686E-05 1.7903746E+00 1.8749320E+01 -2.7933555E-02
2.6764000E+02 2.7427000E+02 8.6700000E+00 6.2200000E+02 9 5.5289215E+01 2.0700219E-01 3.1409464E-01 6.0598625E-02 1.3709327E-02 1.1918000E-02 1.1877198E-02 7.3095482E-05 5.9443558E-04 7.0161285E-03 1.3720382E-05 6.6887306E-03 3.1515039E-02 4.0912702E-02 7.2428205E-05 1.7902650E+00 1.8749411E+01 -2.7913418E-02
2.6764000E+02 2.7427000E+02 8.6700000E+00 6.2700000E+02 9 5.5289586E+01 2.0700619E-01 3.1379119E-01 6.0698651E-02 1.3710642E-02 1.1900846E-02 1.1860679E-02 7.1958640E-05 5.9375841E-04 7.0165981E-03 1.3506991E-05 6.6879283E-03 3.1443887E-02 4.0916561E-02 7.2425937E-05 1.7900194E+00 1.8749649E+01 -2.7904660E-02
2.6764000E+02 2.7427000E+02 8.6700000E+00 6.3200000E+02 9 5.5289937E+01 2.0700294E-01 3.1349108E-01 6.0792252E-02 1.3710658E-02 1.1883499E-02 1.1843942E-02 7.0865899E-05 5.9324562E-04 7.0164376E-03 1.3301878E-05 6.6865265E-03 3.1377557E-02 4.0916537E-02 7.2417102E-05 1.7896735E+00 1.8749993E+01 -2.7903599E-02
2.6764000E+02 2.7427000E+02 8.6700000E+00 6.3700000E+02 9 5.5290266E+01 2.0699664E-01 3.1320013E-01 6.0880028E-02 1.3709977E-02 1.1866190E-02 1.1827220E-02 6.9813722E-05 5.9282055E-04 7.0159600E-03 1.3104379E-05 6.6848054E-03 3.1315589E-02 4.0914430E-02 7.2404833E-05 1.7892675E+00 1.8750401E+01 -2.7907552E-02
2.6764000E+02 2.7427000E+02 8.6700000E+00 6.4200000E+02 9 5.5290576E+01 2.0698955E-01 3.1292128E-01 6.0962506E-02 1.3708955E-02 1.1849068E-02 1.1810665E-02 6.8799025E-05 5.9249839E-04 7.0153460E-03 1.2913915E-05 6.6829319E-03 3.1257582E-02 4.0911297E-02 7.2390890E-05 1.7888311E+00 1.8750841E+01 -2.7914768E-02
2.6764000E+02 2.7427000E+02 8.6700000E+00 6.4700000E+02 9 5.5290867E+01 2.0698291E-01 3.1265569E-01 6.1040147E-02 1.3707790E-02 1.1832222E-02 1.1794365E-02 6.7819194E-05 5.9224866E-04 7.0146943E-03 1.2729996E-05 6.6810021E-03 3.1203183E-02 4.0907735E-02 7.2376217E-05 1.7884188E+00 1.8751258E+01 -2.7923532E-02
2.6764000E+02 2.7427000E+02 8.6700000E+00 6.5000000E+02 9 5.5287287E+01 2.1449880E-01 3.2830699E-01 6.1085082E-02 1.4894220E-02 1.2660208E-02 1.2622673E-02 6.7243338E-05 6.3495169E-04 7.6200976E-03 1.2621905E-05 7.2521573E-03 3.1174761E-02 4.4448908E-02 7.8377392E-05 1.7795776E+00 1.8757700E+01 -2.8406094E-02
