x y z_datum Time Well_no H2O H O Charge Al C Ca Cl Fe K Mg Na S Si U pH pe Alkalinity
2.6764000E+02 2.7427000E+02 8.6700000E+00 0.0000000E+00 9 9.9704301E-01 7.2098600E-06 6.6484776E-04 -3.2324431E-06 0.0000000E+00 1.0067647E-04 6.3262499E-05 4.3211171E-04 0.0000000E+00 2.8240956E-04 5.5605061E-05 2.2967748E-04 1.4127542E-04 0.0000000E+00 0.0000000E+00 7.0300000E+00 -2.2001569E+00 7.1999443E-03
2.6764000E+02 2.7427000E+02 8.6700000E+00 5.0000000E+00 9 5.5322721E+01 2.3949951E-02 7.0841158E-02 -2.9469465E-03 0.0000000E+00 6.8375223E-03 1.2876383E-03 9.9425234E-03 0.0000000E+00 5.8921676E-03 1.8662605E-03 8.1496094E-03 1.2806356E-02 0.0000000E+00 0.0000000E+00 2.9742799E+00 1.7429363E+01 -1.8304506E-03
2.6764000E+02 2.7427000E+02 8.6700000E+00 1.0000000E+01 9 5.5302354E+01 4.0753505E-02 1.1560189E-01 -2.6517214E-03 1.1198404E-03 7.1557524E-03 2.9021690E-03 7.6202228E-03 4.6475147E-05 5.0719012E-03 1.4303533E-03 6.8033884E-03 2.1497918E-02 3.3480652E-03 5.6319353E-06 2.2496196E+00 1.8222876E+01 -1.0701973E-02
2.6764000E+02 2.7427000E+02 8.6700000E+00 1.5000000E+01 9 5.5283418E+01 6.0779614E-02 1.5644180E-01 -2.4314589E-03 2.3777481E-03 7.4896391E-03 4.2032041E-03 5.8875928E-03 1.1090467E-04 4.6761536E-03 1.1051301E-03 6.0017207E-03 2.7983714E-02 7.1050387E-03 1.2375506E-05 2.0879732E+00 1.8414391E+01 -1.6431335E-02
2.6764000E+02 2.7427000E+02 8.6700000E+00 2.0000000E+01 9 5.5268802E+01 7.7224410E-02 1.8873074E-01 -2.2735517E-03 3.5017261E-03 7.7877943E-03 5.1947123E-03 4.6454626E-03 1.6873541E-04 4.5045361E-03 8.7197618E-04 5.5354688E-03 3.2633891E-02 1.0461656E-02 1.8611755E-05 2.0225981E+00 1.8495913E+01 -1.9814064E-02
2.6764000E+02 2.7427000E+02 8.6700000E+00 2.5000000E+01 9 5.5257601E+01 9.0342338E-02 2.1393156E-01 -2.1589034E-03 4.4482318E-03 8.0451029E-03 5.9554291E-03 3.7436153E-03 2.1378555E-04 4.4454731E-03 7.0269501E-04 5.2609670E-03 3.6010470E-02 1.3288296E-02 2.3999811E-05 1.9922977E+00 1.8535899E+01 -2.1795353E-02
2.6764000E+02 2.7427000E+02 8.6700000E+00 3.0000000E+01 9 5.5249007E+01 1.0065513E-01 2.3352472E-01 -2.0739595E-03 5.2163030E-03 8.2661102E-03 6.5494155E-03 3.0754294E-03 2.4754244E-04 4.4357230E-03 5.7727322E-04 5.0898950E-03 3.8512454E-02 1.5582023E-02 2.8497085E-05 1.9768812E+00 1.8557496E+01 -2.3000558E-02
2.6764000E+02 2.7427000E+02 8.6700000E+00 3.5000000E+01 9 5.5242417E+01 1.0866079E-01 2.4871706E-01 -2.0100355E-03 5.8258891E-03 8.4570174E-03 7.0210059E-03 2.5725904E-03 2.7256590E-04 4.4444720E-03 4.8288786E-04 4.9763965E-03 4.0395487E-02 1.7402390E-02 3.2167067E-05 1.9686650E+00 1.8569825E+01 -2.3764381E-02
2.6764000E+02 2.7427000E+02 8.6700000E+00 4.0000000E+01 9 5.5237358E+01 1.1484400E-01 2.6050345E-01 -1.9614032E-03 6.3046733E-03 8.6230470E-03 7.4005748E-03 2.1900384E-03 2.9143537E-04 4.4586862E-03 4.1108097E-04 4.8973877E-03 4.1828198E-02 1.8832114E-02 3.5114908E-05 1.9642247E+00 1.8577080E+01 -2.4262363E-02
2.6764000E+02 2.7427000E+02 8.6700000E+00 4.5000000E+01 9 5.5233460E+01 1.1961847E-01 2.6966986E-01 -1.9240746E-03 6.6788313E-03 8.7680691E-03 7.7095024E-03 1.8964044E-03 3.0556154E-04 4.4729271E-03 3.5596444E-04 4.8400174E-03 4.2927997E-02 1.9949391E-02 3.7455062E-05 1.9617622E+00 1.8581509E+01 -2.4595708E-02
2.6764000E+02 2.7427000E+02 8.6700000E+00 5.0000000E+01 9 5.5230443E+01 1.2331411E-01 2.7682982E-01 -1.8951660E-03 6.9709612E-03 8.8949591E-03 7.9633270E-03 1.6690031E-03 3.1615270E-04 4.4851175E-03 3.1328008E-04 4.7967761E-03 4.3779795E-02 2.0821720E-02 3.9299456E-05 1.9604243E+00 1.8584244E+01 -2.4823688E-02
2.6764000E+02 2.7427000E+02 8.6700000E+00 5.5000000E+01 9 5.5228092E+01 1.2618575E-01 2.8245690E-01 -1.8725562E-03 7.1996144E-03 9.0060056E-03 8.1736506E-03 1.4911499E-03 3.2428125E-04 4.4947200E-03 2.7989617E-04 4.7630659E-03 4.4446051E-02 2.1504507E-02 4.0749402E-05 1.9597058E+00 1.8585970E+01 -2.4983579E-02
2.6764000E+02 2.7427000E+02 8.6700000E+00 6.0000000E+01 9 5.5226245E+01 1.2843368E-01 2.8691621E-01 -1.8546794E-03 7.3796078E-03 9.1031690E-03 8.3493088E-03 1.3505276E-03 3.3053471E-04 4.5018614E-03 2.5350067E-04 4.7360798E-03 4.4972877E-02 2.2042001E-02 4.1890978E-05 1.9593569E+00 1.8587058E+01 -2.5098410E-02
2.6764000E+02 2.7427000E+02 8.6700000E+00 6.5000000E+01 9 5.5224778E+01 1.3020995E-01 2.9048466E-01 -1.8403809E-03 7.5224224E-03 9.1881990E-03 8.4971222E-03 1.2380524E-03 3.3541152E-04 4.5069328E-03 2.3238853E-04 4.7139991E-03 4.5394283E-02 2.2468483E-02 4.2793805E-05 1.9592135E+00 1.8587751E+01 -2.5183059E-02
2.6764000E+02 2.7427000E+02 8.6700000E+00 6.6000000E+01 9 5.5218688E+01 1.4220622E-01 3.1936195E-01 -1.8376557E-03 9.5974900E-03 1.1168005E-02 1.0488894E-02 1.2166154E-03 4.2698962E-04 5.5350964E-03 2.2836470E-04 5.7171361E-03 4.5480385E-02 2.8666701E-02 5.3167829E-05 1.9519357E+00 1.8591435E+01 -2.5568968E-02
2.6764000E+02 2.7427000E+02 8.6700000E+00 6.7000000E+01 9 5.5218785E+01 1.4180145E-01 3.1850702E-01 -1.8350570E-03 9.5095802E-03 1.1112388E-02 1.0444688E-02 1.1961732E-03 4.1520807E-04 5.4783020E-03 2.2452759E-04 5.6576446E-03 4.5557534E-02 2.8403958E-02 5.3713443E-05 1.9405528E+00 1.8602044E+01 -2.6175228E-02
2.6764000E+02 2.7427000E+02 8.6700000E+00 7.2000000E+01 9 5.5219457E+01 1.3190984E-01 2.9436253E-01 -1.7814802E-03 7.4030661E-03 9.1109989E-03 8.4897264E-03 1.1129992E-03 3.2188741E-04 4.3712269E-03 2.0891542E-04 4.5545847E-03 4.6609487E-02 2.2112098E-02 4.2649791E-05 1.9160272E+00 1.8747198E+01 -2.7833375E-02
2.6764000E+02 2.7427000E+02 8.6700000E+00 7.7000000E+01 9 5.5213494E+01 1.3546713E-01 3.0186461E-01 -1.7296450E-03 7.6289586E-03 9.2032492E-03 8.6201844E-03 1.0445507E-03 3.4910723E-04 4.4463456E-03 1.9606730E-04 4.6068336E-03 4.7620937E-02 2.2786057E-02 4.9298329E-05 1.9058083E+00 1.8810589E+01 -2.8669694E-02
2.6764000E+02 2.7427000E+02 8.6700000E+00 8.2000000E+01 9 5.5208772E+01 1.3851948E-01 3.0823110E-01 -1.6897208E-03 7.8462757E-03 9.2979393E-03 8.7466542E-03 9.8761777E-04 3.6954762E-04 4.5238729E-03 1.8538071E-04 4.6644295E-03 4.8410009E-02 2.3434426E-02 5.7395302E-05 1.9009492E+00 1.8842535E+01 -2.9140868E-02
2.6764000E+02 2.7427000E+02 8.6700000E+00 8.7000000E+01 9 5.5205249E+01 1.4089691E-01 3.1316786E-01 -1.6601141E-03 8.0216263E-03 9.3772562E-03 8.8526697E-03 9.3978788E-04 3.8441204E-04 4.5852591E-03 1.7640281E-04 4.7094175E-03 4.9005895E-02 2.3957617E-02 6.4780067E-05 1.8981693E+00 1.8860867E+01 -2.9443669E-02
2.6764000E+02 2.7427000E+02 8.6700000E+00 9.1000000E+01 9 5.5201698E+01 1.4510771E-01 3.2271003E-01 -1.6414425E-03 8.6015155E-03 9.8533887E-03 9.3474586E-03 9.0636532E-04 4.1813962E-04 4.8582390E-03 1.7012923E-04 4.9650213E-03 4.9391806E-02 2.5689074E-02 7.4784647E-05 1.8860157E+00 1.8881010E+01 -3.0244764E-02
2.6764000E+02 2.7427000E+02 8.6700000E+00 9.2000000E+01 9 5.5196660E+01 1.5454085E-01 3.4501262E-01 -1.6370629E-03 1.0202620E-02 1.1308870E-02 1.0807443E-02 8.9829778E-04 4.9945745E-04 5.6585657E-03 1.6861491E-04 5.7436903E-03 4.9494153E-02 3.0470956E-02 9.1014744E-05 1.8779195E+00 1.8889911E+01 -3.0738478E-02
2.6764000E+02 2.7427000E+02 8.6700000E+00 9.7000000E+01 9 5.5195062E+01 1.4413224E-01 3.2141493E-01 -2.3229892E-03 8.0184130E-03 9.3318127E-03 8.8496592E-03 8.6376984E-04 3.8486706E-04 4.5396671E-03 1.6213385E-04 4.6442197E-03 5.0949673E-02 2.3947531E-02 7.4577655E-05 1.8607876E+00 1.8924436E+01 -3.2333985E-02
2.6764000E+02 2.7427000E+02 8.6700000E+00 1.0200000E+02 9 5.5186791E+01 1.4768367E-01 3.3009062E-01 -3.0147131E-03 8.2330921E-03 9.4104858E-03 8.9449684E-03 8.3396653E-04 4.1305128E-04 4.6323071E-03 1.5653962E-04 4.7222977E-03 5.2354565E-02 2.4587822E-02 8.0300565E-05 1.8523437E+00 1.8945279E+01 -3.3313760E-02
2.6764000E+02 2.7427000E+02 8.6700000E+00 1.0700000E+02 9 5.5180365E+01 1.5065544E-01 3.3718635E-01 -3.5384397E-03 8.4318253E-03 9.4880298E-03 9.0369881E-03 8.0803368E-04 4.3303341E-04 4.7189648E-03 1.5167190E-04 4.7960247E-03 5.3434345E-02 2.5180568E-02 8.6189801E-05 1.8478280E+00 1.8958073E+01 -3.3930481E-02
2.6764000E+02 2.7427000E+02 8.6700000E+00 1.1200000E+02 9 5.5175609E+01 1.5295087E-01 3.4259715E-01 -3.9145287E-03 8.5912509E-03 9.5521734E-03 9.1138256E-03 7.8529266E-04 4.4753949E-04 4.7872556E-03 1.4740329E-04 4.8536728E-03 5.4234074E-02 2.5656099E-02 9.1224722E-05 1.8450487E+00 1.8966429E+01 -3.4345273E-02
2.6764000E+02 2.7427000E+02 8.6700000E+00 1.1700000E+02 9 5.5172061E+01 1.5472488E-01 3.4674003E-01 -4.1869448E-03 8.7174310E-03 9.6048035E-03 9.1776713E-03 7.6520008E-04 4.5832072E-04 4.8400107E-03 1.4363182E-04 4.8976440E-03 5.4833852E-02 2.6032479E-02 9.5376766E-05 1.8432898E+00 1.8972065E+01 -3.4634148E-02
2.6764000E+02 2.7427000E+02 8.6700000E+00 1.2200000E+02 9 5.5169363E+01 1.5611599E-01 3.4996860E-01 -4.3881246E-03 8.8183376E-03 9.6490494E-03 9.2318989E-03 7.4731807E-04 4.6672415E-04 4.8810784E-03 1.4027528E-04 4.9313713E-03 5.5293070E-02 2.6333478E-02 9.8775196E-05 1.8421681E+00 1.8975964E+01 -3.4840127E-02
2.6764000E+02 2.7427000E+02 8.6700000E+00 1.2400000E+02 9 5.5163612E+01 1.6623744E-01 3.7334416E-01 -4.4589071E-03 1.0492651E-02 1.1058330E-02 1.0644989E-02 7.4049335E-04 5.6674865E-04 5.7217427E-03 1.3899424E-04 5.7436613E-03 5.5473412E-02 3.1332975E-02 1.1832508E-04 1.8290945E+00 1.8989114E+01 -3.5735575E-02
2.6764000E+02 2.7427000E+02 8.6700000E+00 1.2500000E+02 9 5.5161901E+01 1.6900320E-01 3.7994893E-01 -4.4920669E-03 1.0949034E-02 1.1487867E-02 1.1076386E-02 7.3715997E-04 5.8016756E-04 5.9492358E-03 1.3836855E-04 5.9647694E-03 5.5557030E-02 3.2695975E-02 1.2471883E-04 1.8201462E+00 1.8998157E+01 -3.6388094E-02
2.6764000E+02 2.7427000E+02 8.6700000E+00 1.3000000E+02 9 5.5167161E+01 1.5594778E-01 3.5019413E-01 -4.6139751E-03 8.6661981E-03 9.5580964E-03 9.1535842E-03 7.2467672E-04 4.5012205E-04 4.7905533E-03 1.3602538E-04 4.8387974E-03 5.5823397E-02 2.5879088E-02 1.0097334E-04 1.8245677E+00 1.8996638E+01 -3.6264673E-02
2.6764000E+02 2.7427000E+02 8.6700000E+00 1.3100000E+02 9 5.5159938E+01 1.6998085E-01 3.8235154E-01 -4.6369060E-03 1.1024439E-02 1.1518986E-02 1.1115848E-02 7.2221421E-04 6.0939225E-04 5.9791005E-03 1.3556316E-04 5.9885260E-03 5.5898048E-02 3.2920835E-02 1.2554166E-04 1.8200049E+00 1.9000529E+01 -3.6531312E-02
2.6764000E+02 2.7427000E+02 8.6700000E+00 1.3200000E+02 9 5.5159861E+01 1.6969071E-01 3.8172320E-01 -4.6585062E-03 1.0959856E-02 1.1479364E-02 1.1077630E-02 7.1969935E-04 5.8895261E-04 5.9451695E-03 1.3509111E-04 5.9546665E-03 5.5952963E-02 3.2727774E-02 1.2736064E-04 1.8141529E+00 1.9006381E+01 -3.6957035E-02
2.6764000E+02 2.7427000E+02 8.6700000E+00 1.3700000E+02 9 5.5156474E+01 1.5870717E-01 3.5831949E-01 -6.2721668E-03 8.6957243E-03 9.5717022E-03 9.1763393E-03 7.0828595E-04 4.5637040E-04 4.7962112E-03 1.3294876E-04 4.8391228E-03 5.7940891E-02 2.5966872E-02 1.0310056E-04 1.8045459E+00 1.8993615E+01 -3.8463475E-02
2.6764000E+02 2.7427000E+02 8.6700000E+00 1.4200000E+02 9 5.5145557E+01 1.6288508E-01 3.6910349E-01 -7.8979608E-03 8.9689133E-03 9.7089040E-03 9.3192789E-03 6.9800670E-04 4.8716572E-04 4.9299832E-03 1.3101929E-04 4.9617199E-03 5.9943459E-02 2.6781830E-02 1.0283574E-04 1.8006248E+00 1.8966903E+01 -3.9429784E-02
2.6764000E+02 2.7427000E+02 8.6700000E+00 1.4700000E+02 9 5.5137056E+01 1.6629148E-01 3.7775203E-01 -9.1457921E-03 9.2041540E-03 9.8315950E-03 9.4472574E-03 6.8853423E-04 5.0500227E-04 5.0448334E-03 1.2924126E-04 5.0667528E-03 6.1486540E-02 2.7483589E-02 1.0068825E-04 1.7987999E+00 1.8938272E+01 -4.0071066E-02
2.6764000E+02 2.7427000E+02 8.6700000E+00 1.5200000E+02 9 5.5130794E+01 1.6884143E-01 3.8419495E-01 -1.0054957E-02 9.3823725E-03 9.9275478E-03 9.5481571E-03 6.7967199E-04 5.1603311E-04 5.1308355E-03 1.2757778E-04 5.1449657E-03 6.2619961E-02 2.8015266E-02 9.7124054E-05 1.7976248E+00 1.8911471E+01 -4.0525524E-02
2.6764000E+02 2.7427000E+02 8.6700000E+00 1.5700000E+02 9 5.5126143E+01 1.7076116E-01 3.8902744E-01 -1.0722754E-02 9.5173781E-03 1.0002075E-02 9.6273434E-03 6.7132443E-04 5.2314078E-04 5.1950349E-03 1.2601090E-04 5.2028596E-03 6.3460981E-02 2.8418032E-02 9.2977858E-05 1.7967899E+00 1.8887169E+01 -4.0857929E-02
2.6764000E+02 2.7427000E+02 8.6700000E+00 1.6200000E+02 9 5.5122615E+01 1.7223937E-01 3.9273337E-01 -1.1222835E-02 9.6221380E-03 1.0061251E-02 9.6909216E-03 6.6343901E-04 5.2788064E-04 5.2440465E-03 1.2453076E-04 5.2465998E-03 6.4098124E-02 2.8730564E-02 8.8710725E-05 1.7961982E+00 1.8865421E+01 -4.1105201E-02
2.6764000E+02 2.7427000E+02 8.6700000E+00 1.6700000E+02 9 5.5119893E+01 1.7339993E-01 3.9563005E-01 -1.1603349E-02 9.7051140E-03 1.0109295E-02 9.7431304E-03 6.5597796E-04 5.3102078E-04 5.2821806E-03 1.2313029E-04 5.2802141E-03 6.4589390E-02 2.8978107E-02 8.4556138E-05 1.7957819E+00 1.8846272E+01 -4.1291511E-02
2.6764000E+02 2.7427000E+02 8.6700000E+00 1.6800000E+02 9 5.5112325E+01 1.8777468E-01 4.2823088E-01 -1.1675016E-02 1.2096745E-02 1.2045079E-02 1.1679738E-02 6.5450244E-04 6.9046937E-04 6.4897563E-03 1.2285333E-04 6.4452412E-03 6.4690274E-02 3.6119110E-02 9.7586344E-05 1.7899802E+00 1.8845995E+01 -4.1683473E-02
2.6764000E+02 2.7427000E+02 8.6700000E+00 1.6900000E+02 9 5.5112162E+01 1.8733525E-01 4.2731123E-01 -1.1742559E-02 1.2002176E-02 1.1988007E-02 1.1623481E-02 6.5304334E-04 6.6063271E-04 6.4412135E-03 1.2257945E-04 6.3977434E-03 6.4778708E-02 3.5836580E-02 9.7080342E-05 1.7824794E+00 1.8849005E+01 -4.2298249E-02
2.6764000E+02 2.7427000E+02 8.6700000E+00 1.7400000E+02 9 5.5128004E+01 1.6377818E-01 3.8779945E-01 -1.7437870E-02 9.5084015E-03 9.9940586E-03 9.6333927E-03 6.4612671E-04 5.0330738E-04 5.1766732E-03 1.2128116E-04 5.1765184E-03 6.3315553E-02 2.8390807E-02 7.7772282E-05 1.8796531E+00 1.8739174E+01 -3.4985104E-02
2.6764000E+02 2.7427000E+02 8.6700000E+00 1.7500000E+02 9 5.5123898E+01 1.7400326E-01 4.1529400E-01 -1.8723464E-02 1.1618693E-02 1.1920905E-02 1.1561003E-02 6.4475829E-04 6.1528971E-04 6.2366332E-03 1.2102430E-04 6.2111850E-03 6.2978994E-02 3.4694216E-02 8.8667261E-05 1.8983318E+00 1.8715245E+01 -3.3661600E-02
2.6764000E+02 2.7427000E+02 8.6700000E+00 1.7600000E+02 9 5.5126572E+01 1.7078012E-01 4.1166688E-01 -2.0066900E-02 1.1448526E-02 1.1865215E-02 1.1506069E-02 6.4340454E-04 5.8497610E-04 6.1481970E-03 1.2077020E-04 6.1290569E-03 6.2612437E-02 3.4186743E-02 8.7778733E-05 1.9166812E+00 1.8693303E+01 -3.2436274E-02
2.6764000E+02 2.7427000E+02 8.6700000E+00 1.8100000E+02 9 5.5054300E+01 1.7391516E-01 4.3786366E-01 -3.1885238E-02 9.0188478E-03 9.9084263E-03 9.5528696E-03 6.3697377E-04 4.4675076E-04 4.9161858E-03 1.1956311E-04 4.9396266E-03 7.7354691E-02 2.6932341E-02 7.0054027E-05 1.7595767E+00 1.8842439E+01 -4.9526847E-02
2.6764000E+02 2.7427000E+02 8.6700000E+00 1.8600000E+02 9 5.4969468E+01 1.9671144E-01 5.0395007E-01 -4.2369673E-02 9.3530399E-03 9.9930485E-03 9.6409075E-03 6.3085465E-04 5.0107096E-04 5.0863841E-03 1.1841452E-04 5.0915423E-03 9.2854715E-02 2.7928041E-02 6.8415531E-05 1.6475065E+00 1.8945446E+01 -6.7254920E-02
2.6764000E+02 2.7427000E+02 8.6700000E+00 1.9100000E+02 9 5.4903003E+01 2.1661891E-01 5.5833181E-01 -5.0251286E-02 9.8963095E-03 1.0075808E-02 9.7269222E-03 6.2502312E-04 5.6826436E-04 5.3671890E-03 1.1731991E-04 5.3397705E-03 1.0480537E-01 2.9545843E-02 6.8484759E-05 1.5859768E+00 1.8999208E+01 -8.0197314E-02
2.6764000E+02 2.7427000E+02 8.6700000E+00 1.9600000E+02 9 5.4854139E+01 2.3224709E-01 5.9977842E-01 -5.6016293E-02 1.0453640E-02 1.0143074E-02 9.7972954E-03 6.1945731E-04 6.3409836E-04 5.6559646E-03 1.1627518E-04 5.5942105E-03 1.1348623E-01 3.1205321E-02 6.8959276E-05 1.5514949E+00 1.9027337E+01 -8.9008389E-02
2.6764000E+02 2.7427000E+02 8.6700000E+00 2.0100000E+02 9 5.4818031E+01 2.4438877E-01 6.3133919E-01 -6.0283721E-02 1.0964836E-02 1.0198437E-02 9.8556272E-03 6.1413738E-04 6.9540202E-04 5.9208454E-03 1.1527661E-04 5.8272660E-03 1.1983681E-01 3.2727412E-02 6.9498974E-05 1.5311114E+00 1.9042586E+01 -9.5037132E-02
2.6764000E+02 2.7427000E+02 8.6700000E+00 2.0600000E+02 9 5.4790842E+01 2.5392981E-01 6.5573128E-01 -6.3497701E-02 1.1415630E-02 1.0246059E-02 9.9060917E-03 6.0904531E-04 7.4918055E-04 6.1541532E-03 1.1432080E-04 6.0325094E-03 1.2457690E-01 3.4069686E-02 7.0006439E-05 1.5184619E+00 1.9051097E+01 -9.9253828E-02
2.6764000E+02 2.7427000E+02 8.6700000E+00 2.1100000E+02 9 5.4770041E+01 2.6151011E-01 6.7482626E-01 -6.5951441E-02 1.1805530E-02 1.0288295E-02 9.9510525E-03 6.0416476E-04 7.9440144E-04 6.3554523E-03 1.1340470E-04 6.2098794E-03 1.2817471E-01 3.5230705E-02 7.0446802E-05 1.5103447E+00 1.9055880E+01 -1.0226025E-01
2.6764000E+02 2.7427000E+02 8.6700000E+00 2.1600000E+02 9 5.4753952E+01 2.6757562E-01 6.8990504E-01 -6.7843717E-02 1.2138750E-02 1.0326320E-02 9.9916918E-03 5.9948088E-04 8.3113392E-04 6.5268249E-03 1.1252551E-04 6.3614434E-03 1.3093766E-01 3.6223024E-02 7.0807774E-05 1.5050378E+00 1.9058497E+01 -1.0443147E-01
2.6764000E+02 2.7427000E+02 8.6700000E+00 2.2100000E+02 9 5.4741405E+01 2.7245128E-01 7.0189079E-01 -6.9315662E-02 1.2421307E-02 1.0360829E-02 1.0028714E-02 5.9498012E-04 8.6072777E-04 6.6714867E-03 1.1168069E-04 6.4899167E-03 1.3307870E-01 3.7064559E-02 7.1088630E-05 1.5015482E+00 1.9059806E+01 -1.0601296E-01
2.6764000E+02 2.7427000E+02 8.6700000E+00 2.2600000E+02 9 5.4731543E+01 2.7638642E-01 7.1147771E-01 -7.0470761E-02 1.2659714E-02 1.0392374E-02 1.0062675E-02 5.9065013E-04 8.8455105E-04 6.7930044E-03 1.1086794E-04 6.5981466E-03 1.3475208E-01 3.7774687E-02 7.1295388E-05 1.4992571E+00 1.9060320E+01 -1.0717380E-01
2.6764000E+02 2.7427000E+02 8.6700000E+00 2.3100000E+02 9 5.4723727E+01 2.7957754E-01 7.1919931E-01 -7.1385988E-02 1.2860348E-02 1.0421446E-02 1.0094075E-02 5.8647962E-04 9.0377689E-04 6.8948483E-03 1.1008511E-04 6.6889432E-03 1.3607221E-01 3.8372378E-02 7.1437963E-05 1.4977614E+00 1.9060356E+01 -1.0803359E-01
2.6764000E+02 2.7427000E+02 8.6700000E+00 2.3600000E+02 9 5.4717474E+01 2.8218030E-01 7.2546775E-01 -7.2118787E-02 1.3029107E-02 1.0448477E-02 1.0123350E-02 5.8245824E-04 9.1936970E-04 6.9801592E-03 1.0933028E-04 6.7649735E-03 1.3712450E-01 3.8875173E-02 7.1527911E-05 1.4967925E+00 1.9060120E+01 -1.0867765E-01
2.6764000E+02 2.7427000E+02 8.6700000E+00 2.4100000E+02 9 5.4712420E+01 2.8431718E-01 7.3060061E-01 -7.2711999E-02 1.3171220E-02 1.0473820E-02 1.0150861E-02 5.7857647E-04 9.3208542E-04 7.0516834E-03 1.0860165E-04 6.8286402E-03 1.3797273E-01 3.9298629E-02 7.1576687E-05 1.4961703E+00 1.9059739E+01 -1.0916679E-01
2.6764000E+02 2.7427000E+02 8.6700000E+00 2.4600000E+02 9 5.4708293E+01 2.8608398E-01 7.3484164E-01 -7.3197564E-02 1.3291182E-02 1.0497753E-02 1.0176888E-02 5.7482557E-04 9.4252893E-04 7.1117709E-03 1.0789759E-04 6.8820191E-03 1.3866442E-01 3.9656114E-02 7.1594411E-05 1.4957748E+00 1.9059297E+01 -1.0954417E-01
2.6764000E+02 2.7427000E+02 8.6700000E+00 2.5100000E+02 9 5.4704887E+01 2.8755535E-01 7.3837759E-01 -7.3599345E-02 1.3392767E-02 1.0520481E-02 1.0201641E-02 5.7119749E-04 9.5117079E-04 7.1623842E-03 1.0721658E-04 6.9268645E-03 1.3923498E-01 3.9958860E-02 7.1589677E-05 1.4955260E+00 1.9058844E+01 -1.0984034E-01
2.6764000E+02 2.7427000E+02 8.6700000E+00 2.5600000E+02 9 5.4702048E+01 2.8878944E-01 7.4135171E-01 -7.3935256E-02 1.3479105E-02 1.0542148E-02 1.0225269E-02 5.6768477E-04 9.5837777E-04 7.2051493E-03 1.0655722E-04 6.9646329E-03 1.3971089E-01 4.0216183E-02 7.1569385E-05 1.4953712E+00 1.9058409E+01 -1.1007697E-01
2.6764000E+02 2.7427000E+02 8.6700000E+00 2.6100000E+02 9 5.4699658E+01 2.8983165E-01 7.4387438E-01 -7.4218851E-02 1.3552771E-02 1.0562852E-02 1.0247873E-02 5.6428054E-04 9.6443947E-04 7.2414012E-03 1.0591823E-04 6.9965246E-03 1.4011206E-01 4.0435747E-02 7.1538862E-05 1.4952755E+00 1.9058008E+01 -1.1026944E-01
2.6764000E+02 2.7427000E+02 8.6700000E+00 2.6400000E+02 9 5.4693779E+01 2.9959950E-01 7.6407955E-01 -7.4372638E-02 1.5029419E-02 1.1439370E-02 1.1125510E-02 5.6227563E-04 1.0928119E-03 7.9958079E-03 1.0554190E-04 7.7034385E-03 1.4033218E-01 4.4840697E-02 7.8481867E-05 1.4894185E+00 1.9061820E+01 -1.1140208E-01
2.6764000E+02 2.7427000E+02 8.6700000E+00 2.6500000E+02 9 5.4688679E+01 3.0918053E-01 7.8384762E-01 -7.4422167E-02 1.6511898E-02 1.2347465E-02 1.2033975E-02 5.6161146E-04 1.2267328E-03 8.7530810E-03 1.0541723E-04 8.4154061E-03 1.4040482E-01 4.9263533E-02 8.5264160E-05 1.4859714E+00 1.9063410E+01 -1.1202374E-01
2.6764000E+02 2.7427000E+02 8.6700000E+00 2.7000000E+02 9 5.4696183E+01 2.9195118E-01 7.4900591E-01 -7.4588289E-02 1.3783855E-02 1.0729269E-02 1.0415971E-02 5.6126755E-04 9.6578634E-04 7.3574692E-03 1.0535268E-04 7.1053847E-03 1.4062780E-01 4.1125195E-02 7.2628578E-05 1.4989271E+00 1.9052594E+01 -1.0976071E-01
2.6764000E+02 2.7427000E+02 8.6700000E+00 2.7500000E+02 9 5.4693313E+01 2.9568589E-01 7.5693079E-01 -7.4742826E-02 1.4320937E-02 1.1052731E-02 1.0740532E-02 5.5929992E-04 1.0193883E-03 7.6311747E-03 1.0498335E-04 7.3614420E-03 1.4084516E-01 4.2727359E-02 7.4612368E-05 1.5119511E+00 1.9037836E+01 -1.0739450E-01
2.6764000E+02 2.7427000E+02 8.6700000E+00 2.8000000E+02 9 5.4690946E+01 2.9855752E-01 7.6315462E-01 -7.4886048E-02 1.4727876E-02 1.1325029E-02 1.1014423E-02 5.5644461E-04 1.0494281E-03 7.8371773E-03 1.0444739E-04 7.5550606E-03 1.4104946E-01 4.3941602E-02 7.6374427E-05 1.5219106E+00 1.9026184E+01 -1.0561392E-01
2.6764000E+02 2.7427000E+02 8.6700000E+00 2.8500000E+02 9 5.4689107E+01 3.0057845E-01 7.6773203E-01 -7.5013725E-02 1.5013116E-02 1.1544903E-02 1.1235802E-02 5.5374990E-04 1.0661418E-03 7.9806348E-03 1.0394158E-04 7.6908777E-03 1.4123141E-01 4.4792999E-02 7.7560597E-05 1.5290130E+00 1.9017805E+01 -1.0436721E-01
2.6764000E+02 2.7427000E+02 8.6700000E+00 2.8900000E+02 9 5.4685757E+01 3.0609007E-01 7.7947879E-01 -7.5106476E-02 1.5858835E-02 1.2115209E-02 1.1807205E-02 5.5178419E-04 1.1305862E-03 8.4109577E-03 1.0357261E-04 8.0966911E-03 1.4136454E-01 4.7316540E-02 8.1470412E-05 1.5297928E+00 1.9015384E+01 -1.0421571E-01
2.6764000E+02 2.7427000E+02 8.6700000E+00 2.9000000E+02 9 5.4678419E+01 3.2051995E-01 8.0948271E-01 -7.5129094E-02 1.8124407E-02 1.3551132E-02 1.3243396E-02 5.5130464E-04 1.3390679E-03 9.5674857E-03 1.0348259E-04 9.1866349E-03 1.4140043E-01 5.4076410E-02 9.1371804E-05 1.5282767E+00 1.9014128E+01 -1.0439828E-01
2.6764000E+02 2.7427000E+02 8.6700000E+00 2.9500000E+02 9 5.4751485E+01 2.8536905E-01 7.2274499E-01 -6.7375707E-02 1.5081283E-02 1.1736900E-02 1.1430404E-02 5.4908195E-04 1.0415780E-03 8.0103450E-03 1.0306538E-04 7.7227715E-03 1.2968254E-01 4.4997553E-02 7.7832681E-05 1.5924127E+00 1.8952994E+01 -8.8934744E-02
2.6764000E+02 2.7427000E+02 8.6700000E+00 3.0000000E+02 9 5.4822603E+01 2.6701524E-01 6.6976908E-01 -5.8723893E-02 1.4998409E-02 1.1869219E-02 1.1563913E-02 5.4695100E-04 1.0347229E-03 7.9617487E-03 1.0266539E-04 7.6875363E-03 1.1661474E-01 4.4753033E-02 7.7008716E-05 1.6738787E+00 1.8870920E+01 -7.2391927E-02
2.6764000E+02 2.7427000E+02 8.6700000E+00 3.0100000E+02 9 5.4828794E+01 2.7921865E-01 6.9371423E-01 -5.7010276E-02 1.7555880E-02 1.3782303E-02 1.3477233E-02 5.4652790E-04 1.2533008E-03 9.2585597E-03 1.0258598E-04 8.9290429E-03 1.1403175E-01 5.2388333E-02 8.8423936E-05 1.6889752E+00 1.8852202E+01 -6.9430118E-02
2.6764000E+02 2.7427000E+02 8.6700000E+00 3.0200000E+02 9 5.4842900E+01 2.7474698E-01 6.8169611E-01 -5.5352045E-02 1.7391169E-02 1.3763064E-02 1.3458228E-02 5.4610740E-04 1.2050538E-03 9.1721605E-03 1.0250705E-04 8.8519824E-03 1.1152778E-01 5.1897890E-02 8.8749057E-05 1.7027378E+00 1.8837234E+01 -6.6816656E-02
2.6764000E+02 2.7427000E+02 8.6700000E+00 3.0300000E+02 9 5.4856101E+01 2.7034288E-01 6.7016218E-01 -5.3814881E-02 1.7203348E-02 1.3731952E-02 1.3430011E-02 5.4092183E-04 1.1711886E-03 9.0708653E-03 1.0153369E-04 8.7602016E-03 1.0921936E-01 5.1338554E-02 8.8047170E-05 1.7147027E+00 1.8825419E+01 -6.4579704E-02
2.6764000E+02 2.7427000E+02 8.6700000E+00 3.0800000E+02 9 5.4914816E+01 2.3852348E-01 5.9323886E-01 -4.7834681E-02 1.4099980E-02 1.1786923E-02 1.1489862E-02 5.3218064E-04 9.1172291E-04 7.4808592E-03 9.9892923E-05 7.2597709E-03 1.0019400E-01 4.2078988E-02 7.2690449E-05 1.7726056E+00 1.8773035E+01 -5.5374114E-02
2.6764000E+02 2.7427000E+02 8.6700000E+00 3.1300000E+02 9 5.4953246E+01 2.2636132E-01 5.6118213E-01 -4.3321307E-02 1.3690244E-02 1.1795857E-02 1.1504639E-02 5.2171306E-04 8.5771559E-04 7.2574815E-03 9.7928107E-05 7.0638871E-03 9.3391599E-02 4.0860278E-02 7.0405135E-05 1.8214712E+00 1.8724575E+01 -4.8502519E-02
2.6764000E+02 2.7427000E+02 8.6700000E+00 3.1800000E+02 9 5.4982846E+01 2.1649637E-01 5.3574415E-01 -3.9881526E-02 1.3291371E-02 1.1802461E-02 1.1517599E-02 5.1032611E-04 7.9244714E-04 7.0395008E-03 9.5790721E-05 6.8718748E-03 8.8213045E-02 3.9673563E-02 6.8687757E-05 1.8592281E+00 1.8686653E+01 -4.3641751E-02
2.6764000E+02 2.7427000E+02 8.6700000E+00 3.2300000E+02 9 5.5006032E+01 2.0824110E-01 5.1505417E-01 -3.7225224E-02 1.2895790E-02 1.1800396E-02 1.1521456E-02 4.9971530E-04 7.3135117E-04 6.8241641E-03 9.3799019E-05 6.6813395E-03 8.4216506E-02 3.8496191E-02 6.7053456E-05 1.8872827E+00 1.8658428E+01 -4.0237104E-02
2.6764000E+02 2.7427000E+02 8.6700000E+00 3.2800000E+02 9 5.5024373E+01 2.0128469E-01 4.9809332E-01 -3.5154652E-02 1.2518113E-02 1.1793104E-02 1.1519332E-02 4.9045765E-04 6.8007084E-04 6.6194571E-03 9.2061313E-05 6.4995898E-03 8.1102075E-02 3.7371733E-02 6.5494256E-05 1.9076070E+00 1.8637974E+01 -3.7848152E-02
2.6764000E+02 2.7427000E+02 8.6700000E+00 3.2900000E+02 9 5.5021726E+01 2.1224541E-01 5.2347830E-01 -3.4762521E-02 1.4538051E-02 1.3664888E-02 1.3392118E-02 4.8866305E-04 7.7081164E-04 7.6345754E-03 9.1724458E-05 7.4888895E-03 8.0517721E-02 4.3405574E-02 7.5067942E-05 1.9090788E+00 1.8633154E+01 -3.7560798E-02
2.6764000E+02 2.7427000E+02 8.6700000E+00 3.3000000E+02 9 5.5025280E+01 2.1047240E-01 5.1933945E-01 -3.4391052E-02 1.4387014E-02 1.3613815E-02 1.3342014E-02 4.8692658E-04 7.4756550E-04 7.5557175E-03 9.1398514E-05 7.4155342E-03 7.9959582E-02 4.2955012E-02 7.5283556E-05 1.9071488E+00 1.8634119E+01 -3.7539872E-02
2.6764000E+02 2.7427000E+02 8.6700000E+00 3.3500000E+02 9 5.5011564E+01 2.0347226E-01 5.0064559E-01 -3.3574349E-02 1.1811236E-02 1.1636312E-02 1.1368663E-02 4.7948807E-04 6.0501764E-04 6.2448906E-03 9.0002268E-05 6.1586493E-03 8.3922361E-02 3.5264808E-02 6.2692735E-05 1.8029695E+00 1.8743185E+01 -4.7081053E-02
2.6764000E+02 2.7427000E+02 8.6700000E+00 3.4000000E+02 9 5.4983970E+01 2.1426405E-01 5.2137552E-01 -3.3130809E-02 1.1853680E-02 1.1639027E-02 1.1374986E-02 4.7302584E-04 6.3366718E-04 6.2638145E-03 8.8789277E-05 6.1722574E-03 8.8978149E-02 3.5390558E-02 6.2582351E-05 1.7212735E+00 1.8825239E+01 -5.6481031E-02
2.6764000E+02 2.7427000E+02 8.6700000E+00 3.4500000E+02 9 5.4960500E+01 2.2468615E-01 5.4097820E-01 -3.2795161E-02 1.2100762E-02 1.1657845E-02 1.1396993E-02 4.6731171E-04 6.7634366E-04 6.3911066E-03 8.7716706E-05 6.2808368E-03 9.3135945E-02 3.6125514E-02 6.3632079E-05 1.6699566E+00 1.8876335E+01 -6.3448111E-02
2.6764000E+02 2.7427000E+02 8.6700000E+00 3.5000000E+02 9 5.4942570E+01 2.3339240E-01 5.5700797E-01 -3.2505421E-02 1.2404361E-02 1.1674068E-02 1.1416085E-02 4.6217285E-04 7.1862103E-04 6.5486521E-03 8.6752118E-05 6.4158681E-03 9.6233918E-02 3.7028774E-02 6.4901019E-05 1.6382539E+00 1.8907799E+01 -6.8257625E-02
2.6764000E+02 2.7427000E+02 8.6700000E+00 3.5500000E+02 9 5.4929058E+01 2.4045181E-01 5.6977180E-01 -3.2252346E-02 1.2707725E-02 1.1685852E-02 1.1430487E-02 4.5748330E-04 7.5754299E-04 6.7063683E-03 8.5871865E-05 6.5511819E-03 9.8518247E-02 3.7931435E-02 6.6136856E-05 1.6181341E+00 1.8927740E+01 -7.1558445E-02
2.6764000E+02 2.7427000E+02 8.6700000E+00 3.6000000E+02 9 5.4918753E+01 2.4617668E-01 5.7997674E-01 -3.2033854E-02 1.2990033E-02 1.1694749E-02 1.1441801E-02 4.5315154E-04 7.9283201E-04 6.8532249E-03 8.5058774E-05 6.6770983E-03 1.0022674E-01 3.8771517E-02 6.7270942E-05 1.6049570E+00 1.8940792E+01 -7.3855032E-02
2.6764000E+02 2.7427000E+02 8.6700000E+00 3.6500000E+02 9 5.4910787E+01 2.5083754E-01 5.8819338E-01 -3.1846587E-02 1.3243415E-02 1.1702142E-02 1.1451450E-02 4.4911037E-04 8.2421471E-04 6.9850637E-03 8.4300226E-05 6.7898916E-03 1.0152472E-01 3.9525572E-02 6.8280544E-05 1.5961015E+00 1.8949561E+01 -7.5478077E-02
2.6764000E+02 2.7427000E+02 8.6700000E+00 3.7000000E+02 9 5.4904574E+01 2.5463827E-01 5.9483188E-01 -3.1686190E-02 1.3465461E-02 1.1708767E-02 1.1460196E-02 4.4530953E-04 8.5134870E-04 7.1005775E-03 8.3586789E-05 6.8884078E-03 1.0252150E-01 4.0186408E-02 6.9158648E-05 1.5900354E+00 1.8955569E+01 -7.6639291E-02
2.6764000E+02 2.7427000E+02 8.6700000E+00 3.7500000E+02 9 5.4899704E+01 2.5773846E-01 6.0019952E-01 -3.1548423E-02 1.3656754E-02 1.1714921E-02 1.1468360E-02 4.4171074E-04 8.7375876E-04 7.2000001E-03 8.2911278E-05 6.9729294E-03 1.0329202E-01 4.0755748E-02 6.9908104E-05 1.5858159E+00 1.8959752E+01 -7.7477718E-02
2.6764000E+02 2.7427000E+02 8.6700000E+00 3.8000000E+02 9 5.4895874E+01 2.6026660E-01 6.0454061E-01 -3.1429681E-02 1.3819590E-02 1.1720692E-02 1.1476043E-02 4.3828430E-04 8.9189568E-04 7.2844576E-03 8.2268119E-05 7.0445555E-03 1.0389052E-01 4.1240424E-02 7.0538490E-05 1.5828463E+00 1.8962700E+01 -7.8087606E-02
2.6764000E+02 2.7427000E+02 8.6700000E+00 3.8500000E+02 9 5.4892850E+01 2.6232947E-01 6.0805587E-01 -3.1327057E-02 1.3957143E-02 1.1726088E-02 1.1483269E-02 4.3500681E-04 9.0652790E-04 7.3555524E-03 8.1652917E-05 7.1047846E-03 1.0435777E-01 4.1649877E-02 7.1063287E-05 1.5807350E+00 1.8964802E+01 -7.8534688E-02
2.6764000E+02 2.7427000E+02 8.6700000E+00 3.9000000E+02 9 5.4890451E+01 2.6401782E-01 6.1091163E-01 -3.1238222E-02 1.4072927E-02 1.1731109E-02 1.1490047E-02 4.3185949E-04 9.1810736E-04 7.4150996E-03 8.1062151E-05 7.1552424E-03 1.0472495E-01 4.1994555E-02 7.1497449E-05 1.5792135E+00 1.8966322E+01 -7.8865631E-02
2.6764000E+02 2.7427000E+02 8.6700000E+00 3.9500000E+02 9 5.4888533E+01 2.6540560E-01 6.1324357E-01 -3.1161278E-02 1.4170327E-02 1.1735760E-02 1.1496390E-02 4.2882714E-04 9.2733913E-04 7.4648826E-03 8.0492963E-05 7.1974677E-03 1.0501595E-01 4.2284533E-02 7.1855441E-05 1.5781019E+00 1.8967438E+01 -7.9113561E-02
2.6764000E+02 2.7427000E+02 8.6700000E+00 4.0000000E+02 9 5.4886988E+01 2.6655309E-01 6.1516066E-01 -3.1094633E-02 1.4252398E-02 1.1740056E-02 1.1502322E-02 4.2589722E-04 9.3471928E-04 7.5065305E-03 7.9943003E-05 7.2328276E-03 1.0524893E-01 4.2528890E-02 7.2150327E-05 1.5772752E+00 1.8968273E+01 -7.9302148E-02
2.6764000E+02 2.7427000E+02 8.6700000E+00 4.0500000E+02 9 5.4885731E+01 2.6750819E-01 6.1674891E-01 -3.1036923E-02 1.4321755E-02 1.1744017E-02 1.1507867E-02 4.2305930E-04 9.4070208E-04 7.5414525E-03 7.9410311E-05 7.2624815E-03 1.0543764E-01 4.2735410E-02 7.2393367E-05 1.5766473E+00 1.8968911E+01 -7.9448263E-02
2.6764000E+02 2.7427000E+02 8.6700000E+00 4.1000000E+02 9 5.4884697E+01 2.6830885E-01 6.1807565E-01 -3.0986963E-02 1.4380591E-02 1.1747666E-02 1.1513053E-02 4.2030459E-04 9.4560966E-04 7.5708334E-03 7.8893239E-05 7.2873952E-03 1.0559240E-01 4.2910611E-02 7.2594000E-05 1.5761577E+00 1.8969412E+01 -7.9563931E-02
2.6764000E+02 2.7427000E+02 8.6700000E+00 4.1200000E+02 9 5.4877619E+01 2.8204421E-01 6.4644243E-01 -3.0968147E-02 1.6519952E-02 1.3085531E-02 1.2851527E-02 4.1921550E-04 1.1244440E-03 8.6644130E-03 7.8688811E-05 8.3141393E-03 1.0565342E-01 4.9293694E-02 8.2414756E-05 1.5703798E+00 1.8972410E+01 -8.0289704E-02
2.6764000E+02 2.7427000E+02 8.6700000E+00 4.1700000E+02 9 5.4884220E+01 2.6783236E-01 6.1684100E-01 -3.0927423E-02 1.4234827E-02 1.1648278E-02 1.1415753E-02 4.1656569E-04 9.2187432E-04 7.4945560E-03 7.8191429E-05 7.2137264E-03 1.0576837E-01 4.2475510E-02 7.2077266E-05 1.5686999E+00 1.8977349E+01 -8.0689957E-02
2.6764000E+02 2.7427000E+02 8.6700000E+00 4.2200000E+02 9 5.4883401E+01 2.6866591E-01 6.1829282E-01 -3.0892151E-02 1.4320511E-02 1.1662878E-02 1.1431795E-02 4.1398276E-04 9.3828559E-04 7.5378181E-03 7.7706600E-05 7.2515962E-03 1.0586896E-01 4.2730749E-02 7.2135348E-05 1.5698591E+00 1.8976373E+01 -8.0563595E-02
2.6764000E+02 2.7427000E+02 8.6700000E+00 4.2700000E+02 9 5.4882643E+01 2.6950411E-01 6.1975754E-01 -3.0861578E-02 1.4410633E-02 1.1686015E-02 1.1456339E-02 4.1146143E-04 9.4826833E-04 7.5833025E-03 7.7233335E-05 7.2917628E-03 1.0595517E-01 4.2999291E-02 7.2496196E-05 1.5713048E+00 1.8974770E+01 -8.0379395E-02
2.6764000E+02 2.7427000E+02 8.6700000E+00 4.2900000E+02 9 5.4875636E+01 2.8330930E-01 6.4824167E-01 -3.0850055E-02 1.6567516E-02 1.3026924E-02 1.2797805E-02 4.1046244E-04 1.1299963E-03 8.6863123E-03 7.7045819E-05 8.3265347E-03 1.0599152E-01 4.9434557E-02 8.2413179E-05 1.5662577E+00 1.8976966E+01 -8.0998687E-02
2.6764000E+02 2.7427000E+02 8.6700000E+00 4.3000000E+02 9 5.4873554E+01 2.8736272E-01 6.5664975E-01 -3.0844465E-02 1.7197643E-02 1.3444549E-02 1.3215707E-02 4.0996529E-04 1.1697539E-03 9.0078900E-03 7.6952502E-05 8.6293439E-03 1.0600860E-01 5.1314862E-02 8.5644913E-05 1.5624617E+00 1.8979640E+01 -8.1503622E-02
2.6764000E+02 2.7427000E+02 8.6700000E+00 4.3500000E+02 9 5.4880800E+01 2.7207901E-01 6.2505865E-01 -3.0838743E-02 1.4766682E-02 1.1924414E-02 1.1699654E-02 4.0265233E-04 9.5980680E-04 7.7600369E-03 7.5579824E-05 7.4557284E-03 1.0610664E-01 4.4061606E-02 7.4313323E-05 1.5811315E+00 1.8963533E+01 -7.8959004E-02
2.6764000E+02 2.7427000E+02 8.6700000E+00 4.3600000E+02 9 5.4871192E+01 2.9122338E-01 6.6487348E-01 -3.0837022E-02 1.7779559E-02 1.3840442E-02 1.3616374E-02 4.0141420E-04 1.2411457E-03 9.2991612E-03 7.5347419E-05 8.9034916E-03 1.0612980E-01 5.3051753E-02 8.6747628E-05 1.5827435E+00 1.8958871E+01 -7.8607341E-02
2.6764000E+02 2.7427000E+02 8.6700000E+00 4.3700000E+02 9 5.4874249E+01 2.9112709E-01 6.6312364E-01 -3.0105106E-02 1.7827630E-02 1.3880293E-02 1.3656788E-02 4.0040465E-04 1.2166318E-03 9.3232779E-03 7.5157922E-05 8.9255673E-03 1.0552935E-01 5.3195059E-02 8.7877183E-05 1.5855146E+00 1.8954817E+01 -7.7884839E-02
2.6764000E+02 2.7427000E+02 8.6700000E+00 4.3800000E+02 9 5.4881585E+01 2.9012735E-01 6.5784118E-01 -2.8462322E-02 1.7840710E-02 1.3902811E-02 1.3679947E-02 3.9925743E-04 1.2028615E-03 9.3291194E-03 7.4942583E-05 8.9311033E-03 1.0415851E-01 5.3234131E-02 8.8356462E-05 1.5893857E+00 1.8950332E+01 -7.6687682E-02
2.6764000E+02 2.7427000E+02 8.6700000E+00 4.4300000E+02 9 5.4957944E+01 2.6279576E-01 5.7207328E-01 -1.3496004E-02 1.5160773E-02 1.2220937E-02 1.1997379E-02 4.0050011E-04 9.7187024E-04 7.9592963E-03 7.5175840E-05 7.6445563E-03 9.1533095E-02 4.5237948E-02 7.6364277E-05 1.6337386E+00 1.8908478E+01 -6.5463017E-02
2.6764000E+02 2.7427000E+02 8.6700000E+00 4.4400000E+02 9 5.4963367E+01 2.7824668E-01 5.9864503E-01 -1.0363814E-02 1.7961440E-02 1.4098437E-02 1.3875023E-02 4.0024234E-04 1.2160525E-03 9.3878279E-03 7.5127457E-05 8.9945001E-03 8.8899170E-02 5.3596294E-02 8.8140314E-05 1.6415504E+00 1.8897486E+01 -6.3275045E-02
2.6764000E+02 2.7427000E+02 8.6700000E+00 4.4500000E+02 9 5.4977702E+01 2.7600141E-01 5.8779462E-01 -7.2081773E-03 1.7940118E-02 1.4110015E-02 1.3887081E-02 3.9938174E-04 1.1819925E-03 9.3761328E-03 7.4965917E-05 8.9838676E-03 8.6244582E-02 5.3532746E-02 8.9033651E-05 1.6492636E+00 1.8888480E+01 -6.1201344E-02
2.6764000E+02 2.7427000E+02 8.6700000E+00 4.5000000E+02 9 5.5039146E+01 2.5285335E-01 5.1659841E-01 4.7076732E-03 1.5578617E-02 1.2629540E-02 1.2408276E-02 3.9639020E-04 9.7474575E-04 8.1668386E-03 7.4404390E-05 7.8464939E-03 7.6211777E-02 4.6486353E-02 7.8562515E-05 1.7045064E+00 1.8834764E+01 -5.1304451E-02
2.6764000E+02 2.7427000E+02 8.6700000E+00 4.5300000E+02 9 5.5062667E+01 2.5766741E-01 5.1542909E-01 1.0895458E-02 1.7041315E-02 1.3748481E-02 1.3527844E-02 3.9526780E-04 1.0574653E-03 8.9090038E-03 7.4193709E-05 8.5547719E-03 7.1005054E-02 5.0853106E-02 8.5107499E-05 1.7327714E+00 1.8803558E+01 -4.6494350E-02
2.6764000E+02 2.7427000E+02 8.6700000E+00 4.5400000E+02 9 5.5067725E+01 2.6400327E-01 5.2553819E-01 1.2856890E-02 1.8279160E-02 1.4726502E-02 1.4506047E-02 3.9494037E-04 1.1032792E-03 9.5365784E-03 7.4132249E-05 9.1557570E-03 6.9356246E-02 5.4548995E-02 9.0646646E-05 1.7412114E+00 1.8793020E+01 -4.5054312E-02
2.6764000E+02 2.7427000E+02 8.6700000E+00 4.5900000E+02 9 5.5116734E+01 2.3978488E-01 4.5798446E-01 2.1679441E-02 1.5408381E-02 1.2877229E-02 1.2657560E-02 3.9353365E-04 8.8770969E-04 8.0695345E-03 7.3868202E-05 7.7726986E-03 6.1926669E-02 4.5981983E-02 7.7872777E-05 1.7617466E+00 1.8776335E+01 -4.0629479E-02
2.6764000E+02 2.7427000E+02 8.6700000E+00 4.6400000E+02 9 5.5148553E+01 2.3350296E-01 4.3250645E-01 2.8532097E-02 1.5197069E-02 1.2922553E-02 1.2703151E-02 3.9305491E-04 8.4610596E-04 7.9569902E-03 7.3778339E-05 7.6757855E-03 5.6159093E-02 4.5353107E-02 7.6639230E-05 1.7822558E+00 1.8756061E+01 -3.6954971E-02
2.6764000E+02 2.7427000E+02 8.6700000E+00 4.6900000E+02 9 5.5173681E+01 2.2838426E-01 4.1225589E-01 3.3925507E-02 1.5011075E-02 1.2979017E-02 1.2759506E-02 3.9324961E-04 8.0460332E-04 7.8580884E-03 7.3814887E-05 7.5911518E-03 5.1618810E-02 4.4799493E-02 7.5862127E-05 1.7995486E+00 1.8738495E+01 -3.4114110E-02
2.6764000E+02 2.7427000E+02 8.6700000E+00 4.7400000E+02 9 5.5193915E+01 2.2396017E-01 3.9555646E-01 3.8235155E-02 1.4817439E-02 1.3026278E-02 1.2806707E-02 3.9335689E-04 7.6671071E-04 7.7551765E-03 7.3835022E-05 7.5027277E-03 4.7993702E-02 4.4222883E-02 7.5096176E-05 1.8123297E+00 1.8725424E+01 -3.2012315E-02
2.6764000E+02 2.7427000E+02 8.6700000E+00 4.7900000E+02 9 5.5210371E+01 2.2008253E-01 3.8159328E-01 4.1710514E-02 1.4618598E-02 1.3060902E-02 1.2841451E-02 3.9314216E-04 7.3391330E-04 7.6490841E-03 7.3794717E-05 7.4117508E-03 4.5074612E-02 4.3630509E-02 7.4308774E-05 1.8210596E+00 1.8716457E+01 -3.0482772E-02
2.6764000E+02 2.7427000E+02 8.6700000E+00 4.8100000E+02 9 5.5211215E+01 2.2903531E-01 3.9934755E-01 4.2980683E-02 1.6248325E-02 1.4402905E-02 1.4183534E-02 3.9300067E-04 7.9144476E-04 8.4733330E-03 7.3768159E-05 8.2052241E-03 4.4012546E-02 4.8496081E-02 8.2076008E-05 1.8161418E+00 1.8718480E+01 -3.0455076E-02
2.6764000E+02 2.7427000E+02 8.6700000E+00 4.8200000E+02 9 5.5212704E+01 2.3112977E-01 4.0327481E-01 4.3587329E-02 1.6678793E-02 1.4826771E-02 1.4607446E-02 3.9291604E-04 7.9413440E-04 8.6883040E-03 7.3752272E-05 8.4176315E-03 4.3505046E-02 4.9781543E-02 8.4494760E-05 1.8113740E+00 1.8722042E+01 -3.0612508E-02
2.6764000E+02 2.7427000E+02 8.6700000E+00 4.8700000E+02 9 5.5233316E+01 2.1156618E-01 3.5663851E-01 4.6195640E-02 1.3824992E-02 1.2806883E-02 1.2588373E-02 3.9145675E-04 6.6432454E-04 7.2331617E-03 7.3478357E-05 7.0384242E-03 4.1320146E-02 4.1263163E-02 7.1088722E-05 1.7961083E+00 1.8742657E+01 -3.0872042E-02
2.6764000E+02 2.7427000E+02 8.6700000E+00 4.9200000E+02 9 5.5243506E+01 2.0869581E-01 3.4689447E-01 4.8301224E-02 1.3611890E-02 1.2716673E-02 1.2498820E-02 3.9028116E-04 6.5460241E-04 7.1224073E-03 7.3257693E-05 6.9361285E-03 3.9562718E-02 4.0627279E-02 6.9762490E-05 1.7937384E+00 1.8745833E+01 -3.0460469E-02
2.6764000E+02 2.7427000E+02 8.6700000E+00 4.9700000E+02 9 5.5251605E+01 2.0666428E-01 3.3952969E-01 5.0006786E-02 1.3480208E-02 1.2660194E-02 1.2442935E-02 3.8921649E-04 6.4528994E-04 7.0544219E-03 7.3057849E-05 6.8719275E-03 3.8141817E-02 4.0234230E-02 6.9182220E-05 1.7941669E+00 1.8745504E+01 -2.9968536E-02
2.6764000E+02 2.7427000E+02 8.6700000E+00 5.0200000E+02 9 5.5258181E+01 2.0503639E-01 3.3355727E-01 5.1397295E-02 1.3374282E-02 1.2613778E-02 1.2397175E-02 3.8804019E-04 6.3548161E-04 6.9999481E-03 7.2837052E-05 6.8196307E-03 3.6986980E-02 3.9918084E-02 6.8757080E-05 1.7944932E+00 1.8745169E+01 -2.9571732E-02
2.6764000E+02 2.7427000E+02 8.6700000E+00 5.0500000E+02 9 5.5258290E+01 2.1093667E-01 3.4526080E-01 5.2133845E-02 1.4431047E-02 1.3433501E-02 1.3217321E-02 3.8728421E-04 6.7913435E-04 7.5361041E-03 7.2695150E-05 7.3311860E-03 3.6379397E-02 4.3072405E-02 7.3975797E-05 1.7818713E+00 1.8755955E+01 -3.0130218E-02
2.6764000E+02 2.7427000E+02 8.6700000E+00 5.0600000E+02 9 5.5256118E+01 2.1724664E-01 3.5888007E-01 5.2369050E-02 1.5499241E-02 1.4299824E-02 1.4083787E-02 3.8702667E-04 7.1056373E-04 8.0761226E-03 7.2646809E-05 7.8512180E-03 3.6187278E-02 4.6261428E-02 7.9008470E-05 1.7756772E+00 1.8760420E+01 -3.0511967E-02
2.6764000E+02 2.7427000E+02 8.6700000E+00 5.1100000E+02 9 5.5269160E+01 1.9955221E-01 3.1862514E-01 5.3393202E-02 1.2734123E-02 1.2254697E-02 1.2039520E-02 3.8548424E-04 5.9250296E-04 6.6705896E-03 7.2357287E-05 6.5101707E-03 3.5337603E-02 3.8007503E-02 6.6114614E-05 1.7617415E+00 1.8779409E+01 -3.1170166E-02
2.6764000E+02 2.7427000E+02 8.6700000E+00 5.1600000E+02 9 5.5273100E+01 1.9860127E-01 3.1469468E-01 5.4235198E-02 1.2656851E-02 1.2138828E-02 1.1924393E-02 3.8415694E-04 5.9777928E-04 6.6339799E-03 7.2108146E-05 6.4679938E-03 3.4644962E-02 3.7776405E-02 6.5394364E-05 1.7589761E+00 1.8782921E+01 -3.1130110E-02
2.6764000E+02 2.7427000E+02 8.6700000E+00 5.2100000E+02 9 5.5276219E+01 1.9810099E-01 3.1195738E-01 5.4933139E-02 1.2633012E-02 1.2061821E-02 1.1848015E-02 3.8303037E-04 5.9909267E-04 6.6247256E-03 7.1896684E-05 6.4517795E-03 3.4072146E-02 3.7704809E-02 6.5268644E-05 1.7590847E+00 1.8782936E+01 -3.0932503E-02
2.6764000E+02 2.7427000E+02 8.6700000E+00 5.2600000E+02 9 5.5278814E+01 1.9770604E-01 3.0969697E-01 5.5518462E-02 1.2614581E-02 1.1999578E-02 1.1786424E-02 3.8186115E-04 5.9760286E-04 6.6177376E-03 7.1677216E-05 6.4386770E-03 3.3594158E-02 3.7649497E-02 6.5205079E-05 1.7591365E+00 1.8782921E+01 -3.0765601E-02
2.6764000E+02 2.7427000E+02 8.6700000E+00 5.3100000E+02 9 5.5281013E+01 1.9734967E-01 3.0773914E-01 5.6014033E-02 1.2594497E-02 1.1945719E-02 1.1733273E-02 3.8059385E-04 5.9510395E-04 6.6093435E-03 7.1439337E-05 6.4252440E-03 3.3192099E-02 3.7589338E-02 6.5132512E-05 1.7588769E+00 1.8783212E+01 -3.0646809E-02
2.6764000E+02 2.7427000E+02 8.6700000E+00 5.3600000E+02 9 5.5282891E+01 1.9702767E-01 3.0603464E-01 5.6436991E-02 1.2573870E-02 1.1898505E-02 1.1686811E-02 3.7924586E-04 5.9260621E-04 6.6001974E-03 7.1186314E-05 6.4119287E-03 3.2851425E-02 3.7527593E-02 6.5054195E-05 1.7583928E+00 1.8783727E+01 -3.0564604E-02
2.6764000E+02 2.7427000E+02 8.6700000E+00 5.4100000E+02 9 5.5284503E+01 1.9674206E-01 3.0455296E-01 5.6800540E-02 1.2554120E-02 1.1857031E-02 1.1646120E-02 3.7784407E-04 5.9036524E-04 6.5910995E-03 7.0923191E-05 6.3993710E-03 3.2560840E-02 3.7468489E-02 6.4977212E-05 1.7577528E+00 1.8784395E+01 -3.0507825E-02
2.6764000E+02 2.7427000E+02 8.6700000E+00 5.4600000E+02 9 5.5285891E+01 1.9649351E-01 3.0326663E-01 5.7115057E-02 1.2536077E-02 1.1820449E-02 1.1610339E-02 3.7640910E-04 5.8834865E-04 6.5825801E-03 7.0653839E-05 6.3878880E-03 3.2311480E-02 3.7414492E-02 6.4904944E-05 1.7570730E+00 1.8785099E+01 -3.0467667E-02
2.6764000E+02 2.7427000E+02 8.6700000E+00 5.5100000E+02 9 5.5287093E+01 1.9627925E-01 3.0214879E-01 5.7388809E-02 1.2520001E-02 1.1787937E-02 1.1578638E-02 3.7495463E-04 5.8666158E-04 6.5748381E-03 7.0380828E-05 6.3775584E-03 3.2096303E-02 3.7366379E-02 6.4838467E-05 1.7563961E+00 1.8785796E+01 -3.0439059E-02
2.6764000E+02 2.7427000E+02 8.6700000E+00 5.5600000E+02 9 5.5288137E+01 1.9609594E-01 3.0117533E-01 5.7628456E-02 1.2505896E-02 1.1758772E-02 1.1550291E-02 3.7348956E-04 5.8531007E-04 6.5679263E-03 7.0105827E-05 6.3683442E-03 3.1909656E-02 3.7324157E-02 6.4777996E-05 1.7557382E+00 1.8786472E+01 -3.0419119E-02
2.6764000E+02 2.7427000E+02 8.6700000E+00 5.6100000E+02 9 5.5289048E+01 1.9594052E-01 3.0032549E-01 5.7839412E-02 1.2493660E-02 1.1732359E-02 1.1524699E-02 3.7201978E-04 5.8415990E-04 6.5618373E-03 6.9829943E-05 6.3601597E-03 3.1746954E-02 3.7287523E-02 6.4723380E-05 1.7551035E+00 1.8787122E+01 -3.0405745E-02
2.6764000E+02 2.7427000E+02 8.6700000E+00 5.6600000E+02 9 5.5289846E+01 1.9581001E-01 2.9958170E-01 5.8026114E-02 1.2483159E-02 1.1708226E-02 1.1501387E-02 3.7054940E-04 5.8314604E-04 6.5565470E-03 6.9553945E-05 6.3529014E-03 3.1604447E-02 3.7256076E-02 6.4674322E-05 1.7544936E+00 1.8787745E+01 -3.0397445E-02
2.6764000E+02 2.7427000E+02 8.6700000E+00 5.7100000E+02 9 5.5290549E+01 1.9570103E-01 2.9892864E-01 5.8192224E-02 1.2474205E-02 1.1686005E-02 1.1479985E-02 3.6908137E-04 5.8230902E-04 6.5519893E-03 6.9278388E-05 6.3464517E-03 3.1479045E-02 3.7229252E-02 6.4630302E-05 1.7539115E+00 1.8788339E+01 -3.0393146E-02
2.6764000E+02 2.7427000E+02 8.6700000E+00 5.7600000E+02 9 5.5291169E+01 1.9561059E-01 2.9835323E-01 5.8340784E-02 1.2466613E-02 1.1665404E-02 1.1460201E-02 3.6761790E-04 5.8164901E-04 6.5480916E-03 6.9003688E-05 6.3407011E-03 3.1368188E-02 3.7206494E-02 6.4590801E-05 1.7533583E+00 1.8788902E+01 -3.0391952E-02
2.6764000E+02 2.7427000E+02 8.6700000E+00 5.8100000E+02 9 5.5291720E+01 1.9553586E-01 2.9784387E-01 5.8474328E-02 1.2460166E-02 1.1646192E-02 1.1441802E-02 3.6616071E-04 5.8107908E-04 6.5447340E-03 6.8730167E-05 6.3355575E-03 3.1269740E-02 3.7187158E-02 6.4555334E-05 1.7528248E+00 1.8789445E+01 -3.0393594E-02
2.6764000E+02 2.7427000E+02 8.6700000E+00 5.8200000E+02 9 5.5284230E+01 2.1076466E-01 3.3055825E-01 5.8500455E-02 1.4927589E-02 1.3421655E-02 1.3217428E-02 3.6586954E-04 6.9313507E-04 7.8011126E-03 6.8675512E-05 7.5274660E-03 3.1255708E-02 4.4551977E-02 7.5623117E-05 1.7469997E+00 1.8791935E+01 -3.0772269E-02
2.6764000E+02 2.7427000E+02 8.6700000E+00 5.8700000E+02 9 5.5292511E+01 1.9506534E-01 2.9664154E-01 5.8638503E-02 1.2397400E-02 1.1614536E-02 1.1413446E-02 3.6024972E-04 5.7431204E-04 6.5086505E-03 6.7620644E-05 6.3009938E-03 3.1176285E-02 3.6999783E-02 6.4398447E-05 1.7484298E+00 1.8793856E+01 -3.0647227E-02
2.6764000E+02 2.7427000E+02 8.6700000E+00 5.9200000E+02 9 5.5292718E+01 1.9554332E-01 2.9719931E-01 5.8767382E-02 1.2467903E-02 1.1628302E-02 1.1429404E-02 3.5632195E-04 5.8221891E-04 6.5433544E-03 6.6883383E-05 6.3306471E-03 3.1098835E-02 3.7210087E-02 6.4375889E-05 1.7523949E+00 1.8790081E+01 -3.0362410E-02
2.6764000E+02 2.7427000E+02 8.6700000E+00 5.9700000E+02 9 5.5292929E+01 1.9596440E-01 2.9763632E-01 5.8890449E-02 1.2527235E-02 1.1636723E-02 1.1440036E-02 3.5236078E-04 5.8596518E-04 6.5722749E-03 6.6139852E-05 6.3549406E-03 3.1026793E-02 3.7387029E-02 6.4601207E-05 1.7555114E+00 1.8786837E+01 -3.0130927E-02
2.6764000E+02 2.7427000E+02 8.6700000E+00 6.0200000E+02 9 5.5293170E+01 1.9625206E-01 2.9784624E-01 5.9004641E-02 1.2566350E-02 1.1638054E-02 1.1443566E-02 3.4842337E-04 5.8723007E-04 6.5907227E-03 6.5400780E-05 6.3697081E-03 3.0961816E-02 3.7503689E-02 6.4772099E-05 1.7572696E+00 1.8784966E+01 -2.9986805E-02
2.6764000E+02 2.7427000E+02 8.6700000E+00 6.0700000E+02 9 5.5293428E+01 1.9643301E-01 2.9788913E-01 5.9108500E-02 1.2590049E-02 1.1634860E-02 1.1442414E-02 3.4476309E-04 5.8727276E-04 6.6013523E-03 6.4713728E-05 6.3774039E-03 3.0903315E-02 3.7574372E-02 6.4873955E-05 1.7582590E+00 1.8783905E+01 -2.9902921E-02
2.6764000E+02 2.7427000E+02 8.6700000E+00 6.1200000E+02 9 5.5293688E+01 1.9654281E-01 2.9783272E-01 5.9202432E-02 1.2603942E-02 1.1629306E-02 1.1438705E-02 3.4145833E-04 5.8713714E-04 6.6071213E-03 6.4093409E-05 6.3807350E-03 3.0850439E-02 3.7615793E-02 6.4928929E-05 1.7586465E+00 1.8783472E+01 -2.9858371E-02
2.6764000E+02 2.7427000E+02 8.6700000E+00 6.1700000E+02 9 5.5293940E+01 1.9660979E-01 2.9772345E-01 5.9287606E-02 1.2611985E-02 1.1622567E-02 1.1433627E-02 3.3848367E-04 5.8689987E-04 6.6100710E-03 6.3535049E-05 6.3815466E-03 3.0802421E-02 3.7639757E-02 6.4955326E-05 1.7587050E+00 1.8783385E+01 -2.9836869E-02
2.6764000E+02 2.7427000E+02 8.6700000E+00 6.2200000E+02 9 5.5294179E+01 1.9665155E-01 2.9758858E-01 5.9365302E-02 1.2616590E-02 1.1615179E-02 1.1427746E-02 3.3578194E-04 5.8668560E-04 6.6114179E-03 6.3027922E-05 6.3809321E-03 3.0758616E-02 3.7653453E-02 6.4964593E-05 1.7585780E+00 1.8783494E+01 -2.9829156E-02
2.6764000E+02 2.7427000E+02 8.6700000E+00 6.2700000E+02 9 5.5294404E+01 1.9667921E-01 2.9744377E-01 5.9436658E-02 1.2619214E-02 1.1607366E-02 1.1421320E-02 3.3329705E-04 5.8650195E-04 6.6118805E-03 6.2561495E-05 6.3795392E-03 3.0718482E-02 3.7661230E-02 6.4963770E-05 1.7583425E+00 1.8783718E+01 -2.9829939E-02
2.6764000E+02 2.7427000E+02 8.6700000E+00 6.3200000E+02 9 5.5294614E+01 1.9669954E-01 2.9729790E-01 5.9502616E-02 1.2620733E-02 1.1599233E-02 1.1414479E-02 3.3098355E-04 5.8635710E-04 6.6118830E-03 6.2127240E-05 6.3777502E-03 3.0681564E-02 3.7665707E-02 6.4957224E-05 1.7580448E+00 1.8784009E+01 -2.9836006E-02
2.6764000E+02 2.7427000E+02 8.6700000E+00 6.3700000E+02 9 5.5294809E+01 1.9671657E-01 2.9715584E-01 5.9563938E-02 1.2621672E-02 1.1590846E-02 1.1407307E-02 3.2880708E-04 5.8625880E-04 6.6116779E-03 6.1718705E-05 6.3757847E-03 3.0647475E-02 3.7668448E-02 6.4947638E-05 1.7577112E+00 1.8784340E+01 -2.9845478E-02
2.6764000E+02 2.7427000E+02 8.6700000E+00 6.4200000E+02 9 5.5294990E+01 1.9673273E-01 2.9702020E-01 5.9621239E-02 1.2622347E-02 1.1582258E-02 1.1399872E-02 3.2674211E-04 5.8620057E-04 6.6114201E-03 6.1331100E-05 6.3737665E-03 3.0615889E-02 3.7670401E-02 6.4936623E-05 1.7573576E+00 1.8784693E+01 -2.9857174E-02
2.6764000E+02 2.7427000E+02 8.6700000E+00 6.4700000E+02 9 5.5295159E+01 1.9674913E-01 2.9689187E-01 5.9675020E-02 1.2622918E-02 1.1573519E-02 1.1392234E-02 3.2476961E-04 5.8617866E-04 6.6111728E-03 6.0960853E-05 6.3717636E-03 3.0586525E-02 3.7672039E-02 6.4925137E-05 1.7569928E+00 1.8785058E+01 -2.9870396E-02
2.6764000E+02 2.7427000E+02 8.6700000E+00 6.5000000E+02 9 5.5291752E+01 2.0379144E-01 3.1197125E-01 5.9706118E-02 1.3765147E-02 1.2385926E-02 1.2205285E-02 3.2361597E-04 6.3859036E-04 7.1929919E-03 6.0744310E-05 6.9216864E-03 3.0572350E-02 4.1081009E-02 7.0442734E-05 1.7434997E+00 1.8796794E+01 -3.0693943E-02
