x y z_datum Time Well_no H2O H O Charge Al C Ca Cl Fe K Mg Na S Si U pH pe Alkalinity
2.6764000E+02 2.7427000E+02 8.6700000E+00 0.0000000E+00 9 9.9704301E-01 7.2098600E-06 6.6484776E-04 -3.2324431E-06 0.0000000E+00 1.0067647E-04 6.3262499E-05 4.3211171E-04 0.0000000E+00 2.8240956E-04 5.5605061E-05 2.2967748E-04 1.4127542E-04 0.0000000E+00 0.0000000E+00 7.0300000E+00 -2.2001569E+00 7.1999443E-03
2.6764000E+02 2.7427000E+02 8.6700000E+00 5.0000000E+00 9 5.5325722E+01 2.1427377E-02 6.6442556E-02 -2.9898234E-03 0.0000000E+00 7.0694702E-03 1.3313186E-03 1.0279802E-02 0.0000000E+00 6.0920465E-03 1.9295694E-03 8.4260670E-03 1.1544726E-02 0.0000000E+00 0.0000000E+00 4.0829694E+00 1.6300881E+01 -6.8155649E-05
2.6764000E+02 2.7427000E+02 8.6700000E+00 1.0000000E+01 9 5.5306427E+01 3.6279573E-02 1.1008913E-01 -2.6969962E-03 1.0649791E-03 7.5612317E-03 3.1088516E-03 7.9763637E-03 4.2825420E-05 5.2536260E-03 1.4972027E-03 7.0703147E-03 2.0165796E-02 3.1838550E-03 5.0530937E-06 2.3620740E+00 1.8099863E+01 -8.1925682E-03
2.6764000E+02 2.7427000E+02 8.6700000E+00 1.5000000E+01 9 5.5284863E+01 5.9515364E-02 1.5675166E-01 -2.4514752E-03 2.5877716E-03 7.8428055E-03 4.4684808E-03 6.0450457E-03 1.0769009E-04 4.8706993E-03 1.1346848E-03 6.2388734E-03 2.7394838E-02 7.7330856E-03 1.2833665E-05 2.1503994E+00 1.8348111E+01 -1.4236237E-02
2.6764000E+02 2.7427000E+02 8.6700000E+00 2.0000000E+01 9 5.5266888E+01 8.0405982E-02 1.9566941E-01 -2.2655056E-03 3.9903739E-03 8.0283988E-03 5.4706461E-03 4.5821708E-03 1.7265258E-04 4.7093133E-03 8.6009600E-04 5.7273828E-03 3.2871064E-02 1.1921978E-02 2.0635779E-05 2.0622993E+00 1.8456091E+01 -1.8203136E-02
2.6764000E+02 2.7427000E+02 8.6700000E+00 2.5000000E+01 9 5.5253410E+01 9.6493471E-02 2.2519323E-01 -2.1312621E-03 5.1109664E-03 8.1808858E-03 6.2125818E-03 3.5261833E-03 2.2589110E-04 4.6492079E-03 6.6188195E-04 5.4087869E-03 3.6824581E-02 1.5267912E-02 2.7295716E-05 2.0186790E+00 1.8511168E+01 -2.0719212E-02
2.6764000E+02 2.7427000E+02 8.6700000E+00 3.0000000E+01 9 5.5243694E+01 1.0823690E-01 2.4679537E-01 -2.0362607E-03 5.9569267E-03 8.3235189E-03 6.7723553E-03 2.7788833E-03 2.6568615E-04 4.6342582E-03 5.2161005E-04 5.2081422E-03 3.9622713E-02 1.7793496E-02 3.2563162E-05 1.9957781E+00 1.8540937E+01 -2.2279678E-02
2.6764000E+02 2.7427000E+02 8.6700000E+00 3.5000000E+01 9 5.5236766E+01 1.1666154E-01 2.6243423E-01 -1.9691456E-03 6.5796107E-03 8.4620964E-03 7.2056278E-03 2.2509423E-03 2.9406930E-04 4.6366784E-03 4.2251293E-04 5.0782151E-03 4.1599708E-02 1.9652366E-02 3.6564053E-05 1.9834081E+00 1.8557557E+01 -2.3241920E-02
2.6764000E+02 2.7427000E+02 8.6700000E+00 4.0000000E+01 9 5.5231812E+01 1.2269275E-01 2.7379520E-01 -1.9212274E-03 7.0345561E-03 8.5961521E-03 7.5500873E-03 1.8740074E-03 3.1373498E-04 4.6436937E-03 3.5176040E-04 4.9904444E-03 4.3011373E-02 2.1010464E-02 3.9543740E-05 1.9766582E+00 1.8567020E+01 -2.3839081E-02
2.6764000E+02 2.7427000E+02 8.6700000E+00 4.5000000E+01 9 5.5228224E+01 1.2704744E-01 2.8215589E-01 -1.8863674E-03 7.3684063E-03 8.7237624E-03 7.8307638E-03 1.5997920E-03 3.2732684E-04 4.6501629E-03 3.0028882E-04 4.9281014E-03 4.4038447E-02 2.2007086E-02 4.1750025E-05 1.9729637E+00 1.8572502E+01 -2.4215996E-02
2.6764000E+02 2.7427000E+02 8.6700000E+00 5.0000000E+01 9 5.5225577E+01 1.3024012E-01 2.8842567E-01 -1.8603993E-03 7.6164060E-03 8.8432966E-03 8.0643212E-03 1.3955212E-03 3.3703876E-04 4.6544802E-03 2.6194618E-04 4.8814933E-03 4.4803620E-02 2.2747458E-02 4.3390124E-05 1.9709472E+00 1.8575735E+01 -2.4460153E-02
2.6764000E+02 2.7427000E+02 8.6700000E+00 5.5000000E+01 9 5.5223579E+01 1.3262880E-01 2.9323245E-01 -1.8405468E-03 7.8038544E-03 8.9538501E-03 8.2620448E-03 1.2393575E-03 3.4394858E-04 4.6565334E-03 2.3263350E-04 4.8450011E-03 4.5388646E-02 2.3307100E-02 4.4622790E-05 1.9698501E+00 1.8577686E+01 -2.4623739E-02
2.6764000E+02 2.7427000E+02 8.6700000E+00 6.0000000E+01 9 5.5222035E+01 1.3445595E-01 2.9700337E-01 -1.8249706E-03 7.9483799E-03 9.0551863E-03 8.4317745E-03 1.1168317E-03 3.4905589E-04 4.6567048E-03 2.0963480E-04 4.8153003E-03 4.5847702E-02 2.3738626E-02 4.5563794E-05 1.9692614E+00 1.8578891E+01 -2.4737775E-02
2.6764000E+02 2.7427000E+02 8.6700000E+00 6.5000000E+01 9 5.5220814E+01 1.3588538E-01 3.0002822E-01 -1.8124478E-03 8.0621271E-03 9.1475432E-03 8.5791174E-03 1.0183252E-03 3.5301809E-04 4.6554775E-03 1.9114465E-04 4.7903739E-03 4.6216800E-02 2.4078282E-02 4.6295307E-05 1.9689529E+00 1.8579655E+01 -2.4820798E-02
2.6764000E+02 2.7427000E+02 8.6700000E+00 6.6000000E+01 9 5.5214591E+01 1.4817290E-01 3.2914882E-01 -1.8100566E-03 1.0150983E-02 1.1139029E-02 1.0581103E-02 9.9951479E-04 4.3310447E-04 5.6920582E-03 1.8761384E-04 5.8026498E-03 4.6292552E-02 3.0317978E-02 5.6127021E-05 1.9648627E+00 1.8581057E+01 -2.5030775E-02
2.6764000E+02 2.7427000E+02 8.6700000E+00 6.7000000E+01 9 5.5214576E+01 1.4801879E-01 3.2879079E-01 -1.8077705E-03 1.0104077E-02 1.1105149E-02 1.0557261E-02 9.8153163E-04 4.2613269E-04 5.6580449E-03 1.8423831E-04 5.7645734E-03 4.6360511E-02 3.0177682E-02 5.6822730E-05 1.9575851E+00 1.8587488E+01 -2.5411947E-02
2.6764000E+02 2.7427000E+02 8.6700000E+00 7.2000000E+01 9 5.5216237E+01 1.3733357E-01 3.0348523E-01 -1.7614434E-03 7.9611871E-03 9.1075163E-03 8.6012721E-03 9.0692785E-04 3.4225133E-04 4.5380883E-03 1.7023482E-04 4.6502010E-03 4.7274093E-02 2.3776837E-02 4.6418096E-05 1.9314724E+00 1.8721417E+01 -2.7067508E-02
2.6764000E+02 2.7427000E+02 8.6700000E+00 7.7000000E+01 9 5.5210621E+01 1.4034147E-01 3.1002178E-01 -1.7108165E-03 8.1189884E-03 9.1851062E-03 8.7140197E-03 8.4394352E-04 3.6441461E-04 4.5814928E-03 1.5841235E-04 4.6742949E-03 4.8255420E-02 2.4247519E-02 5.2318282E-05 1.9173072E+00 1.8792557E+01 -2.8109281E-02
2.6764000E+02 2.7427000E+02 8.6700000E+00 8.2000000E+01 9 5.5205626E+01 1.4332874E-01 3.1639212E-01 -1.6676527E-03 8.3148921E-03 9.2803074E-03 8.8393401E-03 7.8998539E-04 3.8614468E-04 4.6497988E-03 1.4828414E-04 4.7240022E-03 4.9096422E-02 2.4831839E-02 6.1007588E-05 1.9097940E+00 1.8831563E+01 -2.8744941E-02
2.6764000E+02 2.7427000E+02 8.6700000E+00 8.7000000E+01 9 5.5201676E+01 1.4583609E-01 3.2171442E-01 -1.6340402E-03 8.4927878E-03 9.3717311E-03 8.9568854E-03 7.4318907E-04 4.0326638E-04 4.7130311E-03 1.3950024E-04 4.7710632E-03 4.9761116E-02 2.5362483E-02 6.9684723E-05 1.9057078E+00 1.8854195E+01 -2.9139369E-02
2.6764000E+02 2.7427000E+02 8.6700000E+00 9.1000000E+01 9 5.5197713E+01 1.5040951E-01 3.3198733E-01 -1.6127599E-03 9.1097363E-03 9.8742725E-03 9.4781785E-03 7.0959564E-04 4.3824912E-04 5.0046750E-03 1.3319459E-04 5.0445182E-03 5.0193132E-02 2.7204502E-02 8.0857553E-05 1.8953764E+00 1.8873993E+01 -2.9828461E-02
2.6764000E+02 2.7427000E+02 8.6700000E+00 9.2000000E+01 9 5.5192446E+01 1.6019597E-01 3.5470907E-01 -1.6077783E-03 1.0732771E-02 1.1344309E-02 1.0952775E-02 7.0142671E-04 5.0903659E-04 5.8157708E-03 1.3166124E-04 5.8341544E-03 5.0305277E-02 3.2052071E-02 9.6711320E-05 1.8897600E+00 1.8880941E+01 -3.0163840E-02
2.6764000E+02 2.7427000E+02 8.6700000E+00 9.7000000E+01 9 5.5191755E+01 1.4927102E-01 3.3030371E-01 -2.1913688E-03 8.5318978E-03 9.3716595E-03 9.0002927E-03 6.6529742E-04 4.0690157E-04 4.6878525E-03 1.2487960E-04 4.7247357E-03 5.1633554E-02 2.5478557E-02 8.2187696E-05 1.8714910E+00 1.8915354E+01 -3.1762471E-02
2.6764000E+02 2.7427000E+02 8.6700000E+00 1.0200000E+02 9 5.5183642E+01 1.5253744E-01 3.3849961E-01 -2.8739609E-03 8.7060882E-03 9.4437939E-03 9.0904024E-03 6.3309494E-04 4.3295266E-04 4.7582686E-03 1.1883503E-04 4.7814655E-03 5.3041033E-02 2.5997982E-02 8.7580525E-05 1.8602840E+00 1.8938994E+01 -3.2907587E-02
2.6764000E+02 2.7427000E+02 8.6700000E+00 1.0700000E+02 9 5.5176714E+01 1.5558022E-01 3.4594075E-01 -3.4565707E-03 8.8969850E-03 9.5259073E-03 9.1886458E-03 6.0419822E-04 4.5460165E-04 4.8391505E-03 1.1341098E-04 4.8489667E-03 5.4223295E-02 2.6567252E-02 9.3384709E-05 1.8539538E+00 1.8954123E+01 -3.3673054E-02
2.6764000E+02 2.7427000E+02 8.6700000E+00 1.1200000E+02 9 5.5171353E+01 1.5806537E-01 3.5193840E-01 -3.9002329E-03 9.0640662E-03 9.6020038E-03 9.2793046E-03 5.7811005E-04 4.7106240E-04 4.9093348E-03 1.0851410E-04 4.9075503E-03 5.5136371E-02 2.7065543E-02 9.8587966E-05 1.8503271E+00 1.8963774E+01 -3.4180354E-02
2.6764000E+02 2.7427000E+02 8.6700000E+00 1.1700000E+02 9 5.5167374E+01 1.5999213E-01 3.5654884E-01 -4.2206644E-03 9.1988106E-03 9.6680107E-03 9.3585313E-03 5.5442699E-04 4.8292896E-04 4.9642185E-03 1.0406867E-04 4.9527989E-03 5.5818167E-02 2.7467433E-02 1.0291238E-04 1.8482022E+00 1.8969999E+01 -3.4518291E-02
2.6764000E+02 2.7427000E+02 8.6700000E+00 1.2200000E+02 9 5.5164459E+01 1.6146199E-01 3.6004639E-01 -4.4468592E-03 9.3043833E-03 9.7242777E-03 9.4268604E-03 5.3281805E-04 4.9151729E-04 5.0052570E-03 1.0001257E-04 4.9859203E-03 5.6323852E-02 2.7782348E-02 1.0637358E-04 1.8469173E+00 1.8974098E+01 -3.4747133E-02
2.6764000E+02 2.7427000E+02 8.6700000E+00 1.2400000E+02 9 5.5158404E+01 1.7210112E-01 3.8421997E-01 -4.5241952E-03 1.1031102E-02 1.1160840E-02 1.0868073E-02 5.2448682E-04 5.8863659E-04 5.8714524E-03 9.8448755E-05 5.8226318E-03 5.6516450E-02 3.2938408E-02 1.2558676E-04 1.8375432E+00 1.8983697E+01 -3.5371714E-02
2.6764000E+02 2.7427000E+02 8.6700000E+00 1.2500000E+02 9 5.5156516E+01 1.7518807E-01 3.9135310E-01 -4.5598186E-03 1.1524341E-02 1.1610396E-02 1.1319912E-02 5.2039695E-04 5.9923763E-04 6.1171601E-03 9.7681066E-05 6.0610700E-03 5.6605281E-02 3.4411489E-02 1.3216169E-04 1.8311527E+00 1.8990205E+01 -3.5828042E-02
2.6764000E+02 2.7427000E+02 8.6700000E+00 1.3000000E+02 9 5.5161954E+01 1.6176140E-01 3.6126053E-01 -4.6819593E-03 9.2157504E-03 9.6793275E-03 9.3987241E-03 5.0269612E-04 4.7627870E-04 4.9425151E-03 9.4358534E-05 4.9180229E-03 5.6889280E-02 2.7517500E-02 1.0971346E-04 1.8326952E+00 1.8991166E+01 -3.5921713E-02
2.6764000E+02 2.7427000E+02 8.6700000E+00 1.3100000E+02 9 5.5154629E+01 1.7600358E-01 3.9353003E-01 -4.7044976E-03 1.1574315E-02 1.1646137E-02 1.1367441E-02 4.9927940E-04 6.2390522E-04 6.1301208E-03 9.3717199E-05 6.0678253E-03 5.6964252E-02 3.4560529E-02 1.3295957E-04 1.8292484E+00 1.8994174E+01 -3.6098832E-02
2.6764000E+02 2.7427000E+02 8.6700000E+00 1.3200000E+02 9 5.5154459E+01 1.7591050E-01 3.9327852E-01 -4.7253827E-03 1.1538794E-02 1.1619613E-02 1.1342778E-02 4.9594582E-04 6.0673924E-04 6.1105446E-03 9.3091470E-05 6.0473075E-03 5.7020014E-02 3.4454234E-02 1.3483762E-04 1.8251955E+00 1.8998229E+01 -3.6386026E-02
2.6764000E+02 2.7427000E+02 8.6700000E+00 1.3700000E+02 9 5.5152734E+01 1.6409991E-01 3.6825862E-01 -6.1022653E-03 9.2303986E-03 9.6966347E-03 9.4282158E-03 4.8086794E-04 4.8147752E-04 4.9374218E-03 9.0261277E-05 4.9066804E-03 5.8739105E-02 2.7560918E-02 1.1149898E-04 1.8141413E+00 1.8991147E+01 -3.7892167E-02
2.6764000E+02 2.7427000E+02 8.6700000E+00 1.4200000E+02 9 5.5142231E+01 1.6786817E-01 3.7825154E-01 -7.6897629E-03 9.4516520E-03 9.8164146E-03 9.5557114E-03 4.6704525E-04 5.1104094E-04 5.0424776E-03 8.7666691E-05 5.0014722E-03 6.0704815E-02 2.8220901E-02 1.1059824E-04 1.8076517E+00 1.8969742E+01 -3.9036482E-02
2.6764000E+02 2.7427000E+02 8.6700000E+00 1.4700000E+02 9 5.5133041E+01 1.7141504E-01 3.8739551E-01 -9.0574010E-03 9.6837244E-03 9.9415326E-03 9.6879885E-03 4.5421989E-04 5.3147494E-04 5.1536416E-03 8.5259306E-05 5.1022822E-03 6.2397134E-02 2.8913139E-02 1.0796815E-04 1.8042670E+00 1.8941858E+01 -3.9846529E-02
2.6764000E+02 2.7427000E+02 8.6700000E+00 1.5200000E+02 9 5.5125845E+01 1.7428816E-01 3.9472553E-01 -1.0114947E-02 9.8795313E-03 1.0050866E-02 9.8040232E-03 4.4221439E-04 5.4494232E-04 5.2465826E-03 8.3005816E-05 5.1865330E-03 6.3713300E-02 2.9497232E-02 1.0356803E-04 1.8023933E+00 1.8912389E+01 -4.0414187E-02
2.6764000E+02 2.7427000E+02 8.6700000E+00 1.5700000E+02 9 5.5120481E+01 1.7647839E-01 4.0028761E-01 -1.0892647E-02 1.0031954E-02 1.0140344E-02 9.8998128E-03 4.3090730E-04 5.5360030E-04 5.3176070E-03 8.0883419E-05 5.2506851E-03 6.4691993E-02 2.9951938E-02 9.8217526E-05 1.8012800E+00 1.8884270E+01 -4.0811542E-02
2.6764000E+02 2.7427000E+02 8.6700000E+00 1.6200000E+02 9 5.5116554E+01 1.7811444E-01 4.0442905E-01 -1.1452487E-02 1.0147260E-02 1.0212046E-02 9.9774845E-03 4.2021266E-04 5.5872145E-04 5.3699177E-03 7.8875983E-05 5.2976229E-03 6.5408398E-02 3.0295941E-02 9.2680356E-05 1.8005694E+00 1.8859246E+01 -4.1091578E-02
2.6764000E+02 2.7427000E+02 8.6700000E+00 1.6700000E+02 9 5.5113676E+01 1.7933815E-01 4.0752007E-01 -1.1854248E-02 1.0234365E-02 1.0269655E-02 1.0040757E-02 4.1006674E-04 5.6176117E-04 5.4080794E-03 7.6971543E-05 5.3315259E-03 6.5934367E-02 3.0555826E-02 8.7466850E-05 1.8000953E+00 1.8838114E+01 -4.1291598E-02
2.6764000E+02 2.7427000E+02 8.6700000E+00 1.6800000E+02 9 5.5105924E+01 1.9404569E-01 4.4047849E-01 -1.1928744E-02 1.2644851E-02 1.2216445E-02 1.1988667E-02 4.0805902E-04 7.1649073E-04 6.6244867E-03 7.6594685E-05 6.5057978E-03 6.6039750E-02 3.7753340E-02 9.9671561E-05 1.7960183E+00 1.8836128E+01 -4.1543378E-02
2.6764000E+02 2.7427000E+02 8.6700000E+00 1.6900000E+02 9 5.5105600E+01 1.9390820E-01 4.4013626E-01 -1.1997832E-02 1.2594042E-02 1.2179665E-02 1.1952997E-02 4.0607233E-04 6.9037924E-04 6.5978975E-03 7.6221773E-05 6.4790272E-03 6.6131952E-02 3.7601421E-02 9.9169591E-05 1.7910334E+00 1.8836312E+01 -4.1948429E-02
2.6764000E+02 2.7427000E+02 8.6700000E+00 1.7400000E+02 9 5.5120097E+01 1.7143044E-01 4.0147783E-01 -1.6868197E-02 1.0088459E-02 1.0187733E-02 9.9663416E-03 3.9661946E-04 5.3424499E-04 5.3258750E-03 7.4447423E-05 5.2498583E-03 6.4939727E-02 3.0120148E-02 8.0213348E-05 1.8706893E+00 1.8743308E+01 -3.5942845E-02
2.6764000E+02 2.7427000E+02 8.6700000E+00 1.7500000E+02 9 5.5115412E+01 1.8248388E-01 4.2984520E-01 -1.7982351E-02 1.2244811E-02 1.2120329E-02 1.1899982E-02 3.9474777E-04 6.4240506E-04 6.4092278E-03 7.4096097E-05 6.3060927E-03 6.4657631E-02 3.6560960E-02 9.0534686E-05 1.8863330E+00 1.8722945E+01 -3.4779354E-02
2.6764000E+02 2.7427000E+02 8.6700000E+00 1.7600000E+02 9 5.5117719E+01 1.7972650E-01 4.2681867E-01 -1.9180831E-02 1.2107393E-02 1.2077336E-02 1.1858024E-02 3.9289463E-04 6.1369805E-04 6.3372927E-03 7.3748254E-05 6.2392432E-03 6.4336846E-02 3.6151206E-02 8.9714540E-05 1.9029860E+00 1.8702816E+01 -3.3629698E-02
2.6764000E+02 2.7427000E+02 8.6700000E+00 1.8100000E+02 9 5.5059702E+01 1.7753246E-01 4.4148441E-01 -3.0274379E-02 9.5706973E-03 1.0100151E-02 9.8857714E-03 3.8405809E-04 4.7176257E-04 5.0487830E-03 7.2089592E-05 4.9968560E-03 7.6549296E-02 2.8577669E-02 7.2218497E-05 1.7814907E+00 1.8816582E+01 -4.7100858E-02
2.6764000E+02 2.7427000E+02 8.6700000E+00 1.8600000E+02 9 5.4978263E+01 1.9791940E-01 5.0397960E-01 -4.1224960E-02 9.7855233E-03 1.0161617E-02 9.9519466E-03 3.7562056E-04 5.2388075E-04 5.1554114E-03 7.0505827E-05 5.0909192E-03 9.1515176E-02 2.9217704E-02 6.9846842E-05 1.6710346E+00 1.8919216E+01 -6.3849130E-02
2.6764000E+02 2.7427000E+02 8.6700000E+00 1.9100000E+02 9 5.4905570E+01 2.1905477E-01 5.6301917E-01 -5.0167848E-02 1.0329068E-02 1.0240990E-02 1.0035821E-02 3.6755538E-04 6.1122410E-04 5.4349660E-03 6.8991952E-05 5.3374527E-03 1.0462775E-01 3.0836200E-02 6.9954241E-05 1.6011452E+00 1.8982451E+01 -7.7971603E-02
2.6764000E+02 2.7427000E+02 8.6700000E+00 1.9600000E+02 9 5.4848216E+01 2.3730518E-01 6.1151327E-01 -5.6912294E-02 1.0964372E-02 1.0315466E-02 1.0114605E-02 3.5983855E-04 6.9848870E-04 5.7634183E-03 6.7543466E-05 5.6261598E-03 1.1483132E-01 3.2727612E-02 7.1002578E-05 1.5589005E+00 1.9019187E+01 -8.8440970E-02
2.6764000E+02 2.7427000E+02 8.6700000E+00 2.0100000E+02 9 5.4805502E+01 2.5179217E-01 6.4878791E-01 -6.1813972E-02 1.1561821E-02 1.0379061E-02 1.0182326E-02 3.5244835E-04 7.7022741E-04 6.0725604E-03 6.6156289E-05 5.8971565E-03 1.2234663E-01 3.4506207E-02 7.2216565E-05 1.5333957E+00 1.9040175E+01 -9.5758461E-02
2.6764000E+02 2.7427000E+02 8.6700000E+00 2.0600000E+02 9 5.4774505E+01 2.6283195E-01 6.7656791E-01 -6.5328632E-02 1.2072616E-02 1.0432043E-02 1.0239261E-02 3.4536494E-04 8.2568927E-04 6.3364488E-03 6.4826697E-05 6.1281920E-03 1.2774997E-01 3.6026851E-02 7.3276905E-05 1.5179330E+00 1.9051949E+01 -1.0073270E-01
2.6764000E+02 2.7427000E+02 8.6700000E+00 2.1100000E+02 9 5.4752151E+01 2.7111591E-01 6.9708359E-01 -6.7853700E-02 1.2490821E-02 1.0476556E-02 1.0287568E-02 3.3857010E-04 8.6791531E-04 6.5517529E-03 6.3551272E-05 6.3167440E-03 1.3161570E-01 3.7271955E-02 7.4097823E-05 1.5085129E+00 1.9058358E+01 -1.0408274E-01
2.6764000E+02 2.7427000E+02 8.6700000E+00 2.1600000E+02 9 5.4735919E+01 2.7733760E-01 7.1231365E-01 -6.9690655E-02 1.2827829E-02 1.0514867E-02 1.0329520E-02 3.3204706E-04 9.0006718E-04 6.7243561E-03 6.2326866E-05 6.4681780E-03 1.3440374E-01 3.8275456E-02 7.4692475E-05 1.5027455E+00 1.9061660E+01 -1.0634622E-01
2.6764000E+02 2.7427000E+02 8.6700000E+00 2.2100000E+02 9 5.4723942E+01 2.8206442E-01 7.2378621E-01 -7.1053226E-02 1.3099373E-02 1.0548806E-02 1.0366956E-02 3.2578034E-04 9.2474007E-04 6.8624757E-03 6.1150573E-05 6.5898009E-03 1.3644859E-01 3.9084180E-02 7.5105238E-05 1.4992000E+00 1.9063178E+01 -1.0789404E-01
2.6764000E+02 2.7427000E+02 8.6700000E+00 2.2600000E+02 9 5.4714915E+01 2.8571940E-01 7.3260462E-01 -7.2087805E-02 1.3320089E-02 1.0579709E-02 1.0401222E-02 3.1975562E-04 9.4393197E-04 6.9738313E-03 6.0019703E-05 6.6883266E-03 1.3798212E-01 3.9741670E-02 7.5382445E-05 1.4970167E+00 1.9063685E+01 -1.0897189E-01
2.6764000E+02 2.7427000E+02 8.6700000E+00 2.3100000E+02 9 5.4707945E+01 2.8860444E-01 7.3953895E-01 -7.2893100E-02 1.3501825E-02 1.0608518E-02 1.0433267E-02 3.1395961E-04 9.5907906E-04 7.0647295E-03 5.8931762E-05 6.7691271E-03 1.3916128E-01 4.0283170E-02 7.5562375E-05 1.4956751E+00 1.9063633E+01 -1.0973957E-01
2.6764000E+02 2.7427000E+02 8.6700000E+00 2.3600000E+02 9 5.4702431E+01 2.9093003E-01 7.4511823E-01 -7.3535401E-02 1.3653572E-02 1.0635886E-02 1.0463750E-02 3.0837997E-04 9.7121112E-04 7.1399805E-03 5.7884437E-05 6.8362460E-03 1.4009137E-01 4.0735412E-02 7.5673730E-05 1.4948567E+00 1.9063288E+01 -1.1030045E-01
2.6764000E+02 2.7427000E+02 8.6700000E+00 2.4100000E+02 9 5.4697967E+01 2.9284166E-01 7.4970444E-01 -7.4059412E-02 1.3781946E-02 1.0662257E-02 1.0493121E-02 3.0300525E-04 9.8109278E-04 7.2031267E-03 5.6875576E-05 6.8926554E-03 1.4084305E-01 4.1118073E-02 7.5737104E-05 1.4943652E+00 1.9062803E+01 -1.1072156E-01
2.6764000E+02 2.7427000E+02 8.6700000E+00 2.4600000E+02 9 5.4694276E+01 2.9444015E-01 7.5354651E-01 -7.4495591E-02 1.3891787E-02 1.0687920E-02 1.0521676E-02 2.9782477E-04 9.8927713E-04 7.2567456E-03 5.5903173E-05 6.9405380E-03 1.4146405E-01 4.1445545E-02 7.5767056E-05 1.4940781E+00 1.9062269E+01 -1.1104662E-01
2.6764000E+02 2.7427000E+02 8.6700000E+00 2.5100000E+02 9 5.4691169E+01 2.9579625E-01 7.5681781E-01 -7.4865001E-02 1.3986665E-02 1.0713051E-02 1.0549595E-02 2.9282857E-04 9.9615861E-04 7.3027218E-03 5.4965362E-05 6.9815181E-03 1.4198706E-01 4.1728443E-02 7.5773896E-05 1.4939184E+00 1.9061736E+01 -1.1130445E-01
2.6764000E+02 2.7427000E+02 8.6700000E+00 2.5600000E+02 9 5.4688513E+01 2.9696064E-01 7.5964126E-01 -7.5182489E-02 1.4069257E-02 1.0737743E-02 1.0576978E-02 2.8800737E-04 1.0020196E-03 7.3424551E-03 5.4060400E-05 7.0168267E-03 1.4243482E-01 4.1974732E-02 7.5764991E-05 1.4938372E+00 1.9061232E+01 -1.1151429E-01
2.6764000E+02 2.7427000E+02 8.6700000E+00 2.6100000E+02 9 5.4686212E+01 2.9797048E-01 7.6210599E-01 -7.5458742E-02 1.4141625E-02 1.0762028E-02 1.0603862E-02 2.8335249E-04 1.0070697E-03 7.3770182E-03 5.3186656E-05 7.0474157E-03 1.4282350E-01 4.2190547E-02 7.5745658E-05 1.4938037E+00 1.9060771E+01 -1.1168911E-01
2.6764000E+02 2.7427000E+02 8.6700000E+00 2.6400000E+02 9 5.4680143E+01 3.0816104E-01 7.8305963E-01 -7.5611542E-02 1.5676155E-02 1.1661756E-02 1.1505116E-02 2.8061764E-04 1.1454038E-03 8.1607719E-03 5.2673311E-05 7.7813297E-03 1.4304086E-01 4.6768135E-02 8.2666312E-05 1.4894637E+00 1.9063266E+01 -1.1254485E-01
2.6764000E+02 2.7427000E+02 8.6700000E+00 2.6500000E+02 9 5.4674932E+01 3.1797266E-01 8.0324559E-01 -7.5661101E-02 1.7189927E-02 1.2583288E-02 1.2427153E-02 2.7971241E-04 1.2889337E-03 8.9339437E-03 5.2503395E-05 8.5081006E-03 1.4311295E-01 5.1284349E-02 8.9253002E-05 1.4869480E+00 1.9064257E+01 -1.1300106E-01
2.6764000E+02 2.7427000E+02 8.6700000E+00 2.7000000E+02 9 5.4682326E+01 3.0077087E-01 7.6849343E-01 -7.5843524E-02 1.4462669E-02 1.0965224E-02 1.0810971E-02 2.7634059E-04 1.0113872E-03 7.5368193E-03 5.1870489E-05 7.1960994E-03 1.4336436E-01 4.3148360E-02 7.7495026E-05 1.4994029E+00 1.9052981E+01 -1.1079932E-01
2.6764000E+02 2.7427000E+02 8.6700000E+00 2.7500000E+02 9 5.4679449E+01 3.0443205E-01 7.7634344E-01 -7.6006793E-02 1.4989446E-02 1.1289120E-02 1.1136634E-02 2.7317695E-04 1.0666162E-03 7.8040890E-03 5.1276657E-05 7.4467629E-03 1.4359351E-01 4.4719936E-02 7.9277706E-05 1.5121201E+00 1.9038737E+01 -1.0848348E-01
2.6764000E+02 2.7427000E+02 8.6700000E+00 2.8000000E+02 9 5.4677014E+01 3.0736602E-01 7.8273901E-01 -7.6158103E-02 1.5407242E-02 1.1567646E-02 1.1416959E-02 2.6995309E-04 1.1003246E-03 8.0150854E-03 5.0671522E-05 7.6456642E-03 1.4380634E-01 4.5966630E-02 8.1006752E-05 1.5223079E+00 1.9026923E+01 -1.0665484E-01
2.6764000E+02 2.7427000E+02 8.6700000E+00 2.8500000E+02 9 5.4675034E+01 3.0954570E-01 7.8766446E-01 -7.6297189E-02 1.5715582E-02 1.1798086E-02 1.1649161E-02 2.6679766E-04 1.1208603E-03 8.1696566E-03 5.0079232E-05 7.7926437E-03 1.4400208E-01 4.6886982E-02 8.2298504E-05 1.5299262E+00 1.9017967E+01 -1.0531273E-01
2.6764000E+02 2.7427000E+02 8.6700000E+00 2.8900000E+02 9 5.4671446E+01 3.1540853E-01 8.0009107E-01 -7.6401122E-02 1.6609346E-02 1.2388245E-02 1.2240692E-02 2.6433735E-04 1.1939441E-03 8.6238997E-03 4.9617421E-05 8.2214865E-03 1.4414960E-01 4.9553864E-02 8.6313792E-05 1.5319633E+00 1.9014296E+01 -1.0494389E-01
2.6764000E+02 2.7427000E+02 8.6700000E+00 2.9000000E+02 9 5.4664019E+01 3.2998118E-01 8.3037006E-01 -7.6426656E-02 1.8892245E-02 1.3834051E-02 1.3686840E-02 2.6372645E-04 1.4182156E-03 9.7889010E-03 4.9502751E-05 9.3200213E-03 1.4418898E-01 5.6365560E-02 9.5750843E-05 1.5312893E+00 1.9012830E+01 -1.0500042E-01
2.6764000E+02 2.7427000E+02 8.6700000E+00 2.9500000E+02 9 5.4725713E+01 2.9769795E-01 7.5216448E-01 -7.0065718E-02 1.5863843E-02 1.2023694E-02 1.1878131E-02 2.6077303E-04 1.1036242E-03 8.2382565E-03 4.8948380E-05 7.8631739E-03 1.3457076E-01 4.7330514E-02 8.3174006E-05 1.5834606E+00 1.8962597E+01 -9.2229671E-02
2.6764000E+02 2.7427000E+02 8.6700000E+00 3.0000000E+02 9 5.4792722E+01 2.8024972E-01 7.0205354E-01 -6.1927795E-02 1.5764514E-02 1.2144793E-02 1.2000828E-02 2.5791098E-04 1.0972904E-03 8.1800128E-03 4.8411159E-05 7.8202277E-03 1.2227591E-01 4.7036886E-02 8.2268171E-05 1.6564460E+00 1.8889188E+01 -7.6708048E-02
2.6764000E+02 2.7427000E+02 8.6700000E+00 3.0100000E+02 9 5.4798272E+01 2.9299931E-01 7.2699525E-01 -6.0266361E-02 1.8374152E-02 1.4061438E-02 1.3917790E-02 2.5734214E-04 1.3410784E-03 9.5038824E-03 4.8304385E-05 9.0860673E-03 1.1977062E-01 5.4827548E-02 9.3213510E-05 1.6707555E+00 1.8872231E+01 -7.3788563E-02
2.6764000E+02 2.7427000E+02 8.6700000E+00 3.0200000E+02 9 5.4812374E+01 2.8864751E-01 7.1520420E-01 -5.8600912E-02 1.8230470E-02 1.4053065E-02 1.3909733E-02 2.5677678E-04 1.2959869E-03 9.4279513E-03 4.8198265E-05 9.0192092E-03 1.1725517E-01 5.4399884E-02 9.3569115E-05 1.6846607E+00 1.8857217E+01 -7.1044079E-02
2.6764000E+02 2.7427000E+02 8.6700000E+00 3.0300000E+02 9 5.4827003E+01 2.8377783E-01 7.0242391E-01 -5.6897364E-02 1.8027431E-02 1.4020772E-02 1.3877467E-02 2.5672768E-04 1.2568272E-03 9.3216520E-03 4.8189047E-05 8.9246440E-03 1.1468115E-01 5.3795255E-02 9.2967259E-05 1.6975555E+00 1.8844214E+01 -6.8501870E-02
2.6764000E+02 2.7427000E+02 8.6700000E+00 3.0800000E+02 9 5.4895392E+01 2.4834273E-01 6.1651834E-01 -4.9820399E-02 1.4744040E-02 1.2035368E-02 1.1894556E-02 2.5226155E-04 9.5941656E-04 7.6398089E-03 4.7350733E-05 7.3440141E-03 1.0398452E-01 4.3999528E-02 7.7698311E-05 1.7610766E+00 1.8785188E+01 -5.7742621E-02
2.6764000E+02 2.7427000E+02 8.6700000E+00 3.1300000E+02 9 5.4942416E+01 2.3300600E-01 5.7648535E-01 -4.4330604E-02 1.4172202E-02 1.2006124E-02 1.1868921E-02 2.4579691E-04 8.8867817E-04 7.3342858E-03 4.6137288E-05 7.0755607E-03 9.5692055E-02 4.2297988E-02 7.4520867E-05 1.8160310E+00 1.8731073E+01 -4.9649083E-02
2.6764000E+02 2.7427000E+02 8.6700000E+00 3.1800000E+02 9 5.4977914E+01 2.2094077E-01 5.4557007E-01 -4.0223731E-02 1.3661003E-02 1.1994281E-02 1.1861192E-02 2.3842671E-04 8.0860137E-04 7.0603409E-03 4.4753867E-05 6.8341081E-03 8.9489707E-02 4.0776802E-02 7.2145500E-05 1.8592485E+00 1.8687979E+01 -4.3951133E-02
2.6764000E+02 2.7427000E+02 8.6700000E+00 3.2300000E+02 9 5.5004301E+01 2.1149979E-01 5.2194405E-01 -3.7206909E-02 1.3207678E-02 1.1988247E-02 1.1859440E-02 2.3075604E-04 7.3747430E-04 6.8170670E-03 4.3314043E-05 6.6186058E-03 8.4934512E-02 3.9427581E-02 7.0160781E-05 1.8913948E+00 1.8655772E+01 -4.0063994E-02
2.6764000E+02 2.7427000E+02 8.6700000E+00 3.2800000E+02 9 5.5023828E+01 2.0412810E-01 5.0395061E-01 -3.5003833E-02 1.2814153E-02 1.1983549E-02 1.1858994E-02 2.2313831E-04 6.8186438E-04 6.6055146E-03 4.1884158E-05 6.4304091E-03 8.1608842E-02 3.8256064E-02 6.8465827E-05 1.9138431E+00 1.8633226E+01 -3.7465738E-02
2.6764000E+02 2.7427000E+02 8.6700000E+00 3.2900000E+02 9 5.5021259E+01 2.1520408E-01 5.2924754E-01 -3.4593610E-02 1.4827747E-02 1.3862184E-02 1.3738477E-02 2.2161935E-04 7.6064426E-04 7.6172840E-03 4.1599041E-05 7.4172652E-03 8.0994608E-02 4.4271197E-02 7.7479507E-05 1.9161958E+00 1.8628394E+01 -3.7099768E-02
2.6764000E+02 2.7427000E+02 8.6700000E+00 3.3000000E+02 9 5.5024824E+01 2.1356937E-01 5.2536432E-01 -3.4211694E-02 1.4701724E-02 1.3825011E-02 1.3702148E-02 2.2010710E-04 7.3993724E-04 7.5514184E-03 4.1315185E-05 7.3560882E-03 8.0418704E-02 4.3895358E-02 7.7724016E-05 1.9163755E+00 1.8627282E+01 -3.6923775E-02
2.6764000E+02 2.7427000E+02 8.6700000E+00 3.3500000E+02 9 5.5015769E+01 2.0499226E-01 5.0365451E-01 -3.3353482E-02 1.2170836E-02 1.1853993E-02 1.1735180E-02 2.1285085E-04 6.0869908E-04 6.2643061E-03 3.9953150E-05 6.1201623E-03 8.3514929E-02 3.6338880E-02 6.6048927E-05 1.8267332E+00 1.8720522E+01 -4.4816124E-02
2.6764000E+02 2.7427000E+02 8.6700000E+00 3.4000000E+02 9 5.4988875E+01 2.1540211E-01 5.2372765E-01 -3.2990027E-02 1.2201321E-02 1.1841690E-02 1.1726724E-02 2.0596013E-04 6.3721692E-04 6.2764001E-03 3.8659729E-05 6.1281431E-03 8.8448932E-02 3.6428969E-02 6.5694664E-05 1.7436369E+00 1.8804185E+01 -5.3961240E-02
2.6764000E+02 2.7427000E+02 8.6700000E+00 3.4500000E+02 9 5.4961918E+01 2.2728614E-01 5.4639905E-01 -3.2824379E-02 1.2504153E-02 1.1850445E-02 1.1739112E-02 1.9945227E-04 6.9601037E-04 6.4318482E-03 3.7438173E-05 6.2625343E-03 9.3211726E-02 3.7329852E-02 6.6796052E-05 1.6852124E+00 1.8862579E+01 -6.1688727E-02
2.6764000E+02 2.7427000E+02 8.6700000E+00 3.5000000E+02 9 5.4939022E+01 2.3827016E-01 5.6706324E-01 -3.2727232E-02 1.2913172E-02 1.1863590E-02 1.1755679E-02 1.9332124E-04 7.6150821E-04 6.6436114E-03 3.6287348E-05 6.4460945E-03 9.7154595E-02 3.8546827E-02 6.8431412E-05 1.6468975E+00 1.8900715E+01 -6.7501231E-02
2.6764000E+02 2.7427000E+02 8.6700000E+00 3.5500000E+02 9 5.4921051E+01 2.4747224E-01 5.8413592E-01 -3.2646160E-02 1.3326683E-02 1.1874892E-02 1.1770202E-02 1.8754918E-04 8.2159883E-04 6.8583128E-03 3.5203903E-05 6.6316701E-03 1.0018719E-01 3.9777187E-02 7.0116581E-05 1.6222429E+00 1.8925181E+01 -7.1630477E-02
2.6764000E+02 2.7427000E+02 8.6700000E+00 3.6000000E+02 9 5.4907540E+01 2.5478335E-01 5.9751052E-01 -3.2563547E-02 1.3696172E-02 1.1882598E-02 1.1780943E-02 1.8211288E-04 8.7126463E-04 7.0503565E-03 3.4183484E-05 6.7968966E-03 1.0242803E-01 4.0876564E-02 7.1627119E-05 1.6064197E+00 1.8940851E+01 -7.4477067E-02
2.6764000E+02 2.7427000E+02 8.6700000E+00 3.6500000E+02 9 5.4897612E+01 2.6042969E-01 6.0769221E-01 -3.2476389E-02 1.4006119E-02 1.1886880E-02 1.1788086E-02 1.7698749E-04 9.1016466E-04 7.2114137E-03 3.3221421E-05 6.9347441E-03 1.0404948E-01 4.1798790E-02 7.2888687E-05 1.5962164E+00 1.8950945E+01 -7.6412027E-02
2.6764000E+02 2.7427000E+02 8.6700000E+00 3.7000000E+02 9 5.4890386E+01 2.6473582E-01 6.1534298E-01 -3.2386743E-02 1.4257746E-02 1.1888559E-02 1.1792467E-02 1.7214835E-04 9.3978774E-04 7.3419723E-03 3.2313092E-05 7.0459052E-03 1.0521294E-01 4.2547518E-02 7.3902473E-05 1.5895723E+00 1.8957519E+01 -7.7723103E-02
2.6764000E+02 2.7427000E+02 8.6700000E+00 3.7500000E+02 9 5.4885129E+01 2.6801382E-01 6.2107901E-01 -3.2297629E-02 1.4459040E-02 1.1888514E-02 1.1794976E-02 1.6757211E-04 9.6213969E-04 7.4461456E-03 3.1454109E-05 7.1341240E-03 1.0604824E-01 4.3146515E-02 7.4700760E-05 1.5851868E+00 1.8961862E+01 -7.8615518E-02
2.6764000E+02 2.7427000E+02 8.6700000E+00 3.8000000E+02 9 5.4881279E+01 2.7052343E-01 6.2540293E-01 -3.2211577E-02 1.4619540E-02 1.1887460E-02 1.1796342E-02 1.6323709E-04 9.7901574E-04 7.5289207E-03 3.0640405E-05 7.2038043E-03 1.0665231E-01 4.3624164E-02 7.5323796E-05 1.5822420E+00 1.8964786E+01 -7.9229471E-02
2.6764000E+02 2.7427000E+02 8.6700000E+00 3.8500000E+02 9 5.4878426E+01 2.7246588E-01 6.2869843E-01 -3.2130289E-02 1.4748046E-02 1.1885907E-02 1.1797085E-02 1.5912351E-04 9.9186734E-04 7.5949229E-03 2.9868265E-05 7.2589819E-03 1.0709465E-01 4.4006644E-02 7.5809443E-05 1.5802227E+00 1.8966797E+01 -7.9658593E-02
2.6764000E+02 2.7427000E+02 8.6700000E+00 3.9000000E+02 9 5.4876279E+01 2.7399129E-01 6.3124794E-01 -3.2054724E-02 1.4851856E-02 1.1884183E-02 1.1797543E-02 1.5521340E-04 1.0017645E-03 7.6479950E-03 2.9134319E-05 7.3029920E-03 1.0742403E-01 4.4315657E-02 7.6189517E-05 1.5788024E+00 1.8968218E+01 -7.9964769E-02
2.6764000E+02 2.7427000E+02 8.6700000E+00 3.9500000E+02 9 5.4874633E+01 2.7520930E-01 6.3325514E-01 -3.1985278E-02 1.4936703E-02 1.1882480E-02 1.1797918E-02 1.5149060E-04 1.0094791E-03 7.6911533E-03 2.8435531E-05 7.3384542E-03 1.0767422E-01 4.4568254E-02 7.6489275E-05 1.5777738E+00 1.8969252E+01 -8.0188704E-02
2.6764000E+02 2.7427000E+02 8.6700000E+00 4.0000000E+02 9 5.4873344E+01 2.7619907E-01 6.3486540E-01 -3.1921965E-02 1.5006963E-02 1.1880897E-02 1.1798317E-02 1.4794054E-04 1.0155771E-03 7.7266977E-03 2.7769167E-05 7.3673675E-03 1.0786849E-01 4.4777452E-02 7.6728118E-05 1.5770041E+00 1.8970031E+01 -8.0357174E-02
2.6764000E+02 2.7427000E+02 8.6700000E+00 4.0500000E+02 9 5.4872313E+01 2.7701741E-01 6.3618189E-01 -3.1864558E-02 1.5065922E-02 1.1879470E-02 1.1798783E-02 1.4455011E-04 1.0204700E-03 7.7563503E-03 2.7132767E-05 7.3912338E-03 1.0802285E-01 4.4953021E-02 7.6920659E-05 1.5764079E+00 1.8970638E+01 -8.0487843E-02
2.6764000E+02 2.7427000E+02 8.6700000E+00 4.1000000E+02 9 5.4871472E+01 2.7770514E-01 6.3727786E-01 -3.1812691E-02 1.5116028E-02 1.1878199E-02 1.1799322E-02 1.4130755E-04 1.0244633E-03 7.7813936E-03 2.6524122E-05 7.4111699E-03 1.0814834E-01 4.5102240E-02 7.7077777E-05 1.5759294E+00 1.8971128E+01 -8.0592442E-02
2.6764000E+02 2.7427000E+02 8.6700000E+00 4.1200000E+02 9 5.4864293E+01 2.9174423E-01 6.6615223E-01 -3.1792805E-02 1.7295481E-02 1.3229323E-02 1.3151157E-02 1.4003346E-04 1.2235016E-03 8.8956194E-03 2.6284968E-05 8.4567855E-03 1.0819820E-01 5.1604972E-02 8.6566629E-05 1.5719143E+00 1.8972916E+01 -8.1091357E-02
2.6764000E+02 2.7427000E+02 8.6700000E+00 4.1700000E+02 9 5.4871083E+01 2.7736644E-01 6.3623724E-01 -3.1748016E-02 1.4996569E-02 1.1785470E-02 1.1709007E-02 1.3698142E-04 9.9895172E-04 7.7190664E-03 2.5712086E-05 7.3488040E-03 1.0829124E-01 4.4745608E-02 7.6827097E-05 1.5695301E+00 1.8977738E+01 -8.1552945E-02
2.6764000E+02 2.7427000E+02 8.6700000E+00 4.2200000E+02 9 5.4870498E+01 2.7790486E-01 6.3712543E-01 -3.1707694E-02 1.5043835E-02 1.1783113E-02 1.1708284E-02 1.3405339E-04 1.0136535E-03 7.7427453E-03 2.5162481E-05 7.3677291E-03 1.0837375E-01 4.4886348E-02 7.6639242E-05 1.5696737E+00 1.8977940E+01 -8.1572352E-02
2.6764000E+02 2.7427000E+02 8.6700000E+00 4.2700000E+02 9 5.4869886E+01 2.7858772E-01 6.3827919E-01 -3.1671395E-02 1.5114493E-02 1.1795401E-02 1.1722143E-02 1.3124109E-04 1.0237619E-03 7.7784656E-03 2.4634598E-05 7.3979673E-03 1.0844560E-01 4.5096863E-02 7.6836633E-05 1.5706157E+00 1.8976966E+01 -8.1458622E-02
2.6764000E+02 2.7427000E+02 8.6700000E+00 4.2900000E+02 9 5.4862745E+01 2.9271113E-01 6.6729414E-01 -3.1657491E-02 1.7311700E-02 1.3148428E-02 1.3075787E-02 1.3013417E-04 1.2264809E-03 8.9023051E-03 2.4426824E-05 8.4517500E-03 1.0847647E-01 5.1652438E-02 8.6404325E-05 1.5672130E+00 1.8978100E+01 -8.1868748E-02
2.6764000E+02 2.7427000E+02 8.6700000E+00 4.3000000E+02 9 5.4860566E+01 2.9698454E-01 6.7609340E-01 -3.1650689E-02 1.7972576E-02 1.3577068E-02 1.3504734E-02 1.2958515E-04 1.2737453E-03 9.2397569E-03 2.4323771E-05 8.7690982E-03 1.0849104E-01 5.3624464E-02 8.9621768E-05 1.5645689E+00 1.8979750E+01 -8.2213186E-02
2.6764000E+02 2.7427000E+02 8.6700000E+00 4.3500000E+02 9 5.4868194E+01 2.8131386E-01 6.4365831E-01 -3.1624885E-02 1.5497368E-02 1.2028364E-02 1.1957238E-02 1.2742020E-04 1.0366078E-03 7.9730649E-03 2.3917399E-05 7.5776160E-03 1.0853579E-01 4.6239020E-02 7.8891642E-05 1.5815083E+00 1.8964430E+01 -7.9842424E-02
2.6764000E+02 2.7427000E+02 8.6700000E+00 4.3600000E+02 9 5.4858603E+01 3.0048788E-01 6.8350134E-01 -3.1619862E-02 1.8511932E-02 1.3943962E-02 1.3873065E-02 1.2701155E-04 1.3384510E-03 9.5134233E-03 2.3840692E-05 9.0270536E-03 1.0854955E-01 5.5234330E-02 9.0719526E-05 1.5837073E+00 1.8959995E+01 -7.9437660E-02
2.6764000E+02 2.7427000E+02 8.6700000E+00 4.3700000E+02 9 5.4860805E+01 3.0060224E-01 6.8253258E-01 -3.1069482E-02 1.8574626E-02 1.3988820E-02 1.3918179E-02 1.2655221E-04 1.3180815E-03 9.5454735E-03 2.3754473E-05 9.0564753E-03 1.0809820E-01 5.5421265E-02 9.1746858E-05 1.5866563E+00 1.8955943E+01 -7.8762112E-02
2.6764000E+02 2.7427000E+02 8.6700000E+00 4.3800000E+02 9 5.4866246E+01 3.0003413E-01 6.7887993E-01 -2.9829672E-02 1.8610207E-02 1.4019927E-02 1.3949570E-02 1.2604177E-04 1.3039176E-03 9.5634151E-03 2.3658659E-05 9.0731040E-03 1.0706344E-01 5.5527427E-02 9.2321942E-05 1.5903855E+00 1.8951552E+01 -7.7733586E-02
2.6764000E+02 2.7427000E+02 8.6700000E+00 4.4300000E+02 9 5.4931506E+01 2.7480814E-01 6.0203712E-01 -1.7237119E-02 1.5995464E-02 1.2367685E-02 1.2299068E-02 1.2292613E-04 1.0535043E-03 8.2251213E-03 2.3073840E-05 7.8134224E-03 9.6473353E-02 4.7725530E-02 8.1481720E-05 1.6298821E+00 1.8913388E+01 -6.7909766E-02
2.6764000E+02 2.7427000E+02 8.6700000E+00 4.4400000E+02 9 5.4934792E+01 2.9081256E-01 6.3047989E-01 -1.4546290E-02 1.8821609E-02 1.4252552E-02 1.4184277E-02 1.2231391E-04 1.3130247E-03 9.6665268E-03 2.2958923E-05 9.1752847E-03 9.4214429E-02 5.6159938E-02 9.2741560E-05 1.6372528E+00 1.8903670E+01 -6.5928025E-02
2.6764000E+02 2.7427000E+02 8.6700000E+00 4.4500000E+02 9 5.4947421E+01 2.8897681E-01 6.2113672E-01 -1.1749120E-02 1.8824051E-02 1.4273556E-02 1.4205603E-02 1.2173647E-04 1.2803750E-03 9.6673077E-03 2.2850533E-05 9.1761448E-03 9.1861010E-02 5.6167292E-02 9.3589833E-05 1.6446625E+00 1.8895115E+01 -6.3984978E-02
2.6764000E+02 2.7427000E+02 8.6700000E+00 4.5000000E+02 9 5.5010111E+01 2.6561254E-01 5.4900994E-01 4.3421769E-04 1.6466341E-02 1.2793652E-02 1.2726905E-02 1.1957630E-04 1.0545513E-03 8.4609469E-03 2.2445060E-05 8.0407537E-03 8.1597439E-02 4.9132177E-02 8.3903196E-05 1.6989890E+00 1.8841253E+01 -5.3837724E-02
2.6764000E+02 2.7427000E+02 8.6700000E+00 4.5300000E+02 9 5.5036437E+01 2.7020267E-01 5.4596314E-01 7.2631737E-03 1.7949782E-02 1.3919871E-02 1.3853760E-02 1.1843561E-04 1.1330753E-03 9.2137578E-03 2.2230947E-05 8.7590184E-03 7.5848606E-02 5.3560989E-02 9.0194132E-05 1.7293302E+00 1.8808392E+01 -4.8502355E-02
2.6764000E+02 2.7427000E+02 8.6700000E+00 4.5400000E+02 9 5.5042613E+01 2.7649645E-01 5.5533590E-01 9.4860762E-03 1.9197052E-02 1.4902415E-02 1.4836512E-02 1.1806302E-04 1.1716556E-03 9.8460329E-03 2.2161009E-05 9.3646543E-03 7.3978836E-02 5.7285134E-02 9.5465727E-05 1.7387293E+00 1.8797339E+01 -4.6849274E-02
2.6764000E+02 2.7427000E+02 8.6700000E+00 4.5900000E+02 9 5.5100180E+01 2.5067893E-01 4.8110424E-01 2.0158038E-02 1.6297136E-02 1.3044672E-02 1.2979895E-02 1.1604664E-04 9.4241648E-04 8.3636344E-03 2.1782526E-05 7.9672929E-03 6.4990688E-02 4.8631390E-02 8.3336476E-05 1.7646703E+00 1.8774148E+01 -4.1339898E-02
2.6764000E+02 2.7427000E+02 8.6700000E+00 4.6400000E+02 9 5.5139405E+01 2.4281235E-01 4.4933590E-01 2.8592598E-02 1.6009008E-02 1.3061495E-02 1.2997732E-02 1.1422926E-04 8.8162656E-04 8.2100033E-03 2.1441394E-05 7.8336244E-03 5.7895820E-02 4.7773793E-02 8.1726064E-05 1.7878469E+00 1.8751405E+01 -3.6979154E-02
2.6764000E+02 2.7427000E+02 8.6700000E+00 4.6900000E+02 9 5.5169459E+01 2.3668387E-01 4.2496215E-01 3.5047970E-02 1.5777161E-02 1.3100892E-02 1.3037996E-02 1.1267699E-04 8.2741970E-04 8.0855007E-03 2.1150025E-05 7.7268384E-03 5.2471247E-02 4.7083752E-02 8.0656549E-05 1.8077749E+00 1.8731423E+01 -3.3669240E-02
2.6764000E+02 2.7427000E+02 8.6700000E+00 4.7400000E+02 9 5.5192395E+01 2.3179399E-01 4.0613589E-01 3.9954610E-02 1.5571426E-02 1.3144257E-02 1.3082137E-02 1.1128647E-04 7.8170502E-04 7.9746037E-03 2.0889018E-05 7.6324225E-03 4.8353948E-02 4.6471316E-02 7.9792232E-05 1.8232762E+00 1.8715740E+01 -3.1257721E-02
2.6764000E+02 2.7427000E+02 8.6700000E+00 4.7900000E+02 9 5.5209936E+01 2.2783797E-01 3.9148256E-01 4.3686842E-02 1.5383865E-02 1.3183689E-02 1.3122289E-02 1.0999652E-04 7.4434952E-04 7.8734331E-03 2.0646888E-05 7.5462989E-03 4.5227931E-02 4.5912809E-02 7.9035550E-05 1.8343872E+00 1.8704429E+01 -2.9540078E-02
2.6764000E+02 2.7427000E+02 8.6700000E+00 4.8100000E+02 9 5.5210823E+01 2.3715617E-01 4.0953289E-01 4.5013948E-02 1.7044351E-02 1.4541448E-02 1.4480329E-02 1.0949357E-04 7.9005424E-04 8.7143538E-03 2.0552482E-05 8.3533329E-03 4.4121129E-02 5.0870624E-02 8.6455869E-05 1.8336331E+00 1.8702919E+01 -2.9249941E-02
2.6764000E+02 2.7427000E+02 8.6700000E+00 4.8200000E+02 9 5.5212265E+01 2.3948622E-01 4.1379530E-01 4.5638694E-02 1.7503511E-02 1.4977585E-02 1.4916605E-02 1.0924502E-04 7.9353947E-04 8.9455767E-03 2.0505828E-05 8.5778294E-03 4.3600003E-02 5.2241924E-02 8.8834422E-05 1.8317005E+00 1.8703823E+01 -2.9223241E-02
2.6764000E+02 2.7427000E+02 8.6700000E+00 4.8700000E+02 9 5.5232535E+01 2.1997294E-01 3.6774298E-01 4.8174838E-02 1.4685773E-02 1.2964487E-02 1.2904235E-02 1.0794002E-04 6.7884933E-04 7.5094426E-03 2.0260872E-05 7.2153383E-03 4.1479667E-02 4.3830620E-02 7.6439477E-05 1.8150043E+00 1.8724621E+01 -2.9556051E-02
2.6764000E+02 2.7427000E+02 8.6700000E+00 4.9200000E+02 9 5.5242163E+01 2.1695034E-01 3.5802009E-01 5.0133701E-02 1.4434547E-02 1.2857437E-02 1.2797917E-02 1.0662951E-04 6.6293759E-04 7.3788057E-03 2.0014883E-05 7.0949477E-03 3.9851302E-02 4.3081039E-02 7.4855729E-05 1.8092071E+00 1.8731500E+01 -2.9410094E-02
2.6764000E+02 2.7427000E+02 8.6700000E+00 4.9700000E+02 9 5.5249470E+01 2.1498132E-01 3.5112918E-01 5.1664029E-02 1.4292755E-02 1.2792089E-02 1.2733277E-02 1.0536073E-04 6.5407869E-04 7.3055840E-03 1.9776727E-05 7.0256243E-03 3.8584204E-02 4.2657739E-02 7.4107323E-05 1.8079703E+00 1.8733094E+01 -2.9089898E-02
2.6764000E+02 2.7427000E+02 8.6700000E+00 5.0200000E+02 9 5.5255200E+01 2.1355815E-01 3.4590168E-01 5.2882257E-02 1.4198715E-02 1.2747774E-02 1.2689659E-02 1.0411158E-04 6.4681196E-04 7.2575051E-03 1.9542255E-05 6.9785381E-03 3.7579941E-02 4.2376895E-02 7.3680505E-05 1.8081015E+00 1.8733063E+01 -2.8767218E-02
2.6764000E+02 2.7427000E+02 8.6700000E+00 5.0500000E+02 9 5.5254582E+01 2.2006517E-01 3.5872925E-01 5.3520826E-02 1.5313090E-02 1.3587787E-02 1.3530088E-02 1.0336658E-04 6.8732331E-04 7.8246302E-03 1.9402415E-05 7.5163385E-03 3.7057652E-02 4.5703224E-02 7.8858325E-05 1.7995510E+00 1.8740095E+01 -2.9086835E-02
2.6764000E+02 2.7427000E+02 8.6700000E+00 5.0600000E+02 9 5.5252095E+01 2.2672845E-01 3.7285473E-01 5.3724102E-02 1.6407314E-02 1.4465127E-02 1.4407567E-02 1.0311867E-04 7.1164894E-04 8.3798294E-03 1.9355882E-05 8.0471660E-03 3.6893173E-02 4.8970201E-02 8.3713905E-05 1.7961521E+00 1.8742149E+01 -2.9288744E-02
2.6764000E+02 2.7427000E+02 8.6700000E+00 5.1100000E+02 9 5.5264623E+01 2.0883158E-01 3.3299264E-01 5.4605692E-02 1.3643571E-02 1.2423917E-02 1.2367092E-02 1.0180066E-04 6.1291938E-04 6.9746707E-03 1.9108484E-05 6.7070615E-03 3.6167843E-02 4.0719653E-02 7.1624382E-05 1.7783280E+00 1.8763920E+01 -3.0199640E-02
2.6764000E+02 2.7427000E+02 8.6700000E+00 5.1600000E+02 9 5.5268223E+01 2.0759143E-01 3.2879166E-01 5.5337130E-02 1.3513345E-02 1.2292244E-02 1.2236136E-02 1.0051680E-04 6.1491240E-04 6.9101067E-03 1.8867498E-05 6.6403277E-03 3.5572989E-02 4.0330456E-02 7.0575620E-05 1.7718863E+00 1.8771355E+01 -3.0443658E-02
2.6764000E+02 2.7427000E+02 8.6700000E+00 5.2100000E+02 9 5.5271015E+01 2.0699354E-01 3.2607574E-01 5.5951313E-02 1.3466754E-02 1.2208414E-02 1.2152985E-02 9.9299286E-05 6.1798215E-04 6.8887305E-03 1.8638964E-05 6.6134519E-03 3.5076102E-02 4.0190798E-02 7.0243048E-05 1.7701238E+00 1.8773434E+01 -3.0398925E-02
2.6764000E+02 2.7427000E+02 8.6700000E+00 5.2600000E+02 9 5.5273323E+01 2.0662394E-01 3.2402041E-01 5.6476118E-02 1.3446310E-02 1.2149019E-02 1.2094250E-02 9.8117156E-05 6.1855175E-04 6.8805224E-03 1.8417073E-05 6.5994635E-03 3.4653762E-02 4.0129299E-02 7.0130915E-05 1.7697486E+00 1.8773901E+01 -3.0281260E-02
2.6764000E+02 2.7427000E+02 8.6700000E+00 5.3100000E+02 9 5.5275306E+01 2.0632570E-01 3.2229108E-01 5.6930892E-02 1.3431407E-02 1.2102414E-02 1.2048293E-02 9.6955937E-05 6.1753275E-04 6.8747809E-03 1.8199106E-05 6.5885969E-03 3.4289742E-02 4.0084458E-02 7.0074954E-05 1.7698153E+00 1.8773852E+01 -3.0162485E-02
2.6764000E+02 2.7427000E+02 8.6700000E+00 5.3600000E+02 9 5.5277044E+01 2.0605024E-01 3.2075917E-01 5.7329505E-02 1.3416188E-02 1.2062714E-02 1.2009234E-02 9.5809107E-05 6.1621046E-04 6.8685210E-03 1.7983841E-05 6.5779994E-03 3.3972406E-02 4.0038761E-02 7.0022637E-05 1.7696155E+00 1.8774051E+01 -3.0069896E-02
2.6764000E+02 2.7427000E+02 8.6700000E+00 5.4100000E+02 9 5.5278584E+01 2.0579166E-01 3.1937720E-01 5.7682180E-02 1.3400053E-02 1.2027042E-02 1.1974196E-02 9.4673948E-05 6.1443459E-04 6.8615028E-03 1.7770766E-05 6.5672960E-03 3.3693180E-02 3.9990388E-02 6.9962331E-05 1.7692285E+00 1.8774437E+01 -3.0001614E-02
2.6764000E+02 2.7427000E+02 8.6700000E+00 5.4600000E+02 9 5.5279956E+01 2.0555143E-01 3.1812493E-01 5.7996639E-02 1.3383719E-02 1.1994027E-02 1.1941808E-02 9.3549648E-05 6.1270335E-04 6.8541654E-03 1.7559729E-05 6.5567475E-03 3.3445586E-02 3.9941456E-02 6.9895317E-05 1.7687066E+00 1.8774962E+01 -2.9952531E-02
2.6764000E+02 2.7427000E+02 8.6700000E+00 5.5100000E+02 9 5.5281186E+01 2.0533228E-01 3.1698987E-01 5.8278858E-02 1.3367937E-02 1.1963006E-02 1.1911409E-02 9.2436294E-05 6.1114695E-04 6.8469525E-03 1.7350747E-05 6.5466476E-03 3.3224617E-02 3.9894192E-02 6.9825506E-05 1.7681079E+00 1.8775567E+01 -2.9917433E-02
2.6764000E+02 2.7427000E+02 8.6700000E+00 5.5600000E+02 9 5.5282291E+01 2.0513550E-01 3.1596126E-01 5.8533561E-02 1.3353195E-02 1.1933632E-02 1.1882649E-02 9.1334347E-05 6.0975647E-04 6.8401589E-03 1.7143906E-05 6.5371824E-03 3.3026314E-02 3.9850043E-02 6.9756229E-05 1.7674713E+00 1.8776212E+01 -2.9892353E-02
2.6764000E+02 2.7427000E+02 8.6700000E+00 5.6100000E+02 9 5.5283288E+01 2.0496081E-01 3.1502870E-01 5.8764553E-02 1.3339725E-02 1.1905692E-02 1.1855318E-02 9.0244378E-05 6.0852252E-04 6.8339355E-03 1.6939314E-05 6.5284322E-03 3.2847493E-02 3.9809703E-02 6.9689611E-05 1.7668233E+00 1.8776869E+01 -2.9874507E-02
2.6764000E+02 2.7427000E+02 8.6700000E+00 5.6600000E+02 9 5.5284191E+01 2.0480684E-01 3.1418214E-01 5.8974954E-02 1.3327586E-02 1.1879037E-02 1.1829265E-02 8.9166945E-05 6.0744374E-04 6.8283320E-03 1.6737074E-05 6.5204033E-03 3.2685546E-02 3.9773341E-02 6.9626741E-05 1.7661796E+00 1.8777521E+01 -2.9862032E-02
2.6764000E+02 2.7427000E+02 8.6700000E+00 5.7100000E+02 9 5.5285010E+01 2.0467176E-01 3.1341214E-01 5.9167352E-02 1.3316734E-02 1.1853547E-02 1.1804368E-02 8.8102537E-05 6.0651090E-04 6.8233402E-03 1.6537279E-05 6.5130608E-03 3.2538313E-02 3.9740825E-02 6.9568034E-05 1.7655476E+00 1.8778162E+01 -2.9853701E-02
2.6764000E+02 2.7427000E+02 8.6700000E+00 5.7600000E+02 9 5.5285757E+01 2.0455375E-01 3.1271019E-01 5.9343921E-02 1.3307081E-02 1.1829118E-02 1.1780527E-02 8.7051561E-05 6.0568530E-04 6.8189237E-03 1.6340006E-05 6.5063535E-03 3.2403980E-02 3.9711891E-02 6.9513508E-05 1.7649306E+00 1.8778786E+01 -2.9848673E-02
2.6764000E+02 2.7427000E+02 8.6700000E+00 5.8100000E+02 9 5.5286439E+01 2.0445081E-01 3.1206862E-01 5.9506505E-02 1.3298512E-02 1.1805662E-02 1.1757649E-02 8.6014340E-05 6.0497522E-04 6.8150297E-03 1.6145315E-05 6.5002216E-03 3.2281011E-02 3.9686199E-02 6.9462957E-05 1.7643298E+00 1.8779394E+01 -2.9846359E-02
2.6764000E+02 2.7427000E+02 8.6700000E+00 5.8200000E+02 9 5.5278757E+01 2.2010926E-01 3.4511893E-01 5.9538476E-02 1.5784583E-02 1.3586071E-02 1.3538173E-02 8.5807448E-05 7.0066897E-04 8.0817827E-03 1.6106480E-05 7.7005933E-03 3.2261573E-02 4.7107104E-02 7.9965823E-05 1.7613894E+00 1.8779884E+01 -3.0026297E-02
2.6764000E+02 2.7427000E+02 8.6700000E+00 5.8700000E+02 9 5.5287351E+01 2.0400924E-01 3.1080440E-01 5.9685936E-02 1.3244782E-02 1.1767647E-02 1.1720337E-02 8.4755536E-05 5.9989990E-04 6.7879056E-03 1.5909031E-05 6.4722018E-03 3.2146486E-02 3.9525735E-02 6.9379145E-05 1.7609877E+00 1.8782640E+01 -3.0017050E-02
2.6764000E+02 2.7427000E+02 8.6700000E+00 5.9200000E+02 9 5.5287795E+01 2.0424517E-01 3.1084425E-01 5.9833693E-02 1.3284987E-02 1.1765440E-02 1.1718891E-02 8.3392324E-05 6.0446395E-04 6.8087044E-03 1.5653149E-05 6.4893234E-03 3.2038190E-02 3.9645630E-02 6.9198180E-05 1.7633721E+00 1.8780517E+01 -2.9827480E-02
2.6764000E+02 2.7427000E+02 8.6700000E+00 5.9700000E+02 9 5.5288196E+01 2.0453486E-01 3.1094877E-01 5.9978532E-02 1.3329594E-02 1.1760164E-02 1.1714492E-02 8.1819732E-05 6.0761070E-04 6.8317944E-03 1.5357966E-05 6.5081934E-03 3.1934133E-02 3.9778596E-02 6.9302770E-05 1.7658008E+00 1.8778045E+01 -2.9633737E-02
2.6764000E+02 2.7427000E+02 8.6700000E+00 6.0200000E+02 9 5.5288597E+01 2.0476961E-01 3.1095134E-01 6.0117352E-02 1.3364487E-02 1.1750205E-02 1.1705468E-02 8.0144666E-05 6.0854285E-04 6.8497532E-03 1.5043548E-05 6.5224299E-03 3.1835807E-02 3.9882608E-02 6.9428580E-05 1.7675787E+00 1.8776184E+01 -2.9484953E-02
2.6764000E+02 2.7427000E+02 8.6700000E+00 6.0700000E+02 9 5.5289002E+01 2.0493247E-01 3.1083981E-01 6.0248642E-02 1.3388294E-02 1.1736457E-02 1.1692675E-02 7.8433708E-05 6.0852594E-04 6.8618773E-03 1.4722393E-05 6.5314701E-03 3.1743858E-02 3.9953573E-02 6.9521137E-05 1.7686134E+00 1.8775083E+01 -2.9385034E-02
2.6764000E+02 2.7427000E+02 8.6700000E+00 6.1200000E+02 9 5.5289404E+01 2.0503748E-01 3.1064449E-01 6.0371863E-02 1.3403342E-02 1.1720094E-02 1.1677265E-02 7.6728850E-05 6.0804889E-04 6.8694065E-03 1.4402382E-05 6.5364346E-03 3.1658369E-02 3.9998422E-02 6.9577064E-05 1.7690780E+00 1.8774577E+01 -2.9323638E-02
2.6764000E+02 2.7427000E+02 8.6700000E+00 6.1700000E+02 9 5.5289794E+01 2.0510279E-01 3.1039932E-01 6.0487059E-02 1.3412394E-02 1.1702140E-02 1.1660244E-02 7.5055467E-05 6.0750244E-04 6.8738049E-03 1.4088280E-05 6.5386277E-03 3.1579099E-02 4.0025380E-02 6.9605219E-05 1.7691658E+00 1.8774467E+01 -2.9289024E-02
2.6764000E+02 2.7427000E+02 8.6700000E+00 6.2200000E+02 9 5.5290167E+01 2.0514336E-01 3.1013058E-01 6.0594590E-02 1.3417658E-02 1.1683377E-02 1.1642390E-02 7.3427905E-05 6.0704190E-04 6.8762425E-03 1.3782779E-05 6.5390888E-03 3.1505641E-02 4.0041037E-02 6.9615170E-05 1.7690187E+00 1.8774605E+01 -2.9272006E-02
2.6764000E+02 2.7427000E+02 8.6700000E+00 6.2700000E+02 9 5.5290519E+01 2.0516971E-01 3.0985552E-01 6.0694966E-02 1.3420649E-02 1.1664358E-02 1.1624250E-02 7.1853464E-05 6.0665173E-04 6.8775190E-03 1.3487249E-05 6.5385277E-03 3.1437525E-02 4.0049903E-02 6.9614167E-05 1.7687309E+00 1.8774893E+01 -2.9266221E-02
2.6764000E+02 2.7427000E+02 8.6700000E+00 6.3200000E+02 9 5.5290850E+01 2.0518826E-01 3.0958438E-01 6.0788746E-02 1.3422322E-02 1.1645447E-02 1.1606186E-02 7.0335077E-05 6.0634189E-04 6.8781379E-03 1.3202240E-05 6.5373929E-03 3.1374276E-02 4.0054831E-02 6.9606990E-05 1.7683627E+00 1.8775265E+01 -2.9267530E-02
2.6764000E+02 2.7427000E+02 8.6700000E+00 6.3700000E+02 9 5.5291160E+01 2.0520278E-01 3.0932261E-01 6.0876488E-02 1.3423247E-02 1.1626865E-02 1.1588421E-02 6.8873056E-05 6.0610724E-04 6.8783983E-03 1.2927811E-05 6.5359524E-03 3.1315440E-02 4.0057523E-02 6.9596528E-05 1.7679506E+00 1.8775684E+01 -2.9273363E-02
2.6764000E+02 2.7427000E+02 8.6700000E+00 6.4200000E+02 9 5.5291450E+01 2.0521537E-01 3.0907274E-01 6.0958718E-02 1.3423756E-02 1.1608737E-02 1.1571078E-02 6.7466187E-05 6.0593642E-04 6.8784714E-03 1.2663735E-05 6.5343609E-03 3.1260602E-02 4.0058967E-02 6.9584432E-05 1.7675158E+00 1.8776127E+01 -2.9282147E-02
2.6764000E+02 2.7427000E+02 8.6700000E+00 6.4700000E+02 9 5.5291721E+01 2.0522718E-01 3.0883562E-01 6.1035924E-02 1.3424034E-02 1.1591122E-02 1.1554218E-02 6.6112415E-05 6.0581737E-04 6.8784530E-03 1.2409625E-05 6.5327058E-03 3.1209386E-02 4.0059720E-02 6.9571597E-05 1.7670706E+00 1.8776581E+01 -2.9292923E-02
2.6764000E+02 2.7427000E+02 8.6700000E+00 6.5000000E+02 9 5.5288119E+01 2.1277532E-01 3.2456014E-01 6.1080538E-02 1.4618020E-02 1.2413810E-02 1.2377349E-02 6.5318752E-05 6.5398191E-04 7.4880846E-03 1.2260651E-05 7.1067200E-03 3.1182420E-02 4.3623238E-02 7.5045148E-05 1.7574146E+00 1.8784758E+01 -2.9849284E-02
