x y z_datum Time Well_no H2O H O Charge Al C Ca Cl Fe K Mg Na S Si U pH pe Alkalinity
2.6764000E+02 2.7427000E+02 8.6700000E+00 0.0000000E+00 9 9.9704301E-01 7.2098600E-06 6.6484776E-04 -3.2324431E-06 0.0000000E+00 1.0067647E-04 6.3262499E-05 4.3211171E-04 0.0000000E+00 2.8240956E-04 5.5605062E-05 2.2967748E-04 1.4127542E-04 0.0000000E+00 0.0000000E+00 7.0300000E+00 1.1068788E+01 7.1999443E-03
2.6764000E+02 2.7427000E+02 8.6700000E+00 5.0000000E+00 9 5.5326103E+01 2.1106864E-02 6.5883687E-02 -2.9952751E-03 0.0000000E+00 7.0989413E-03 1.3368686E-03 1.0322656E-02 0.0000000E+00 6.1174429E-03 1.9376133E-03 8.4611935E-03 1.1384428E-02 0.0000000E+00 0.0000000E+00 2.2603380E+00 1.8139018E+01 -8.9969466E-03
2.6764000E+02 2.7427000E+02 8.6700000E+00 1.0000000E+01 9 5.5307346E+01 3.5585368E-02 1.0854466E-01 -2.7111240E-03 1.0552893E-03 7.6091752E-03 3.0947985E-03 8.0874296E-03 4.0867248E-05 5.3143495E-03 1.5180503E-03 7.1568977E-03 1.9750365E-02 3.1554887E-03 5.0665434E-06 1.9527122E+00 1.8517974E+01 -2.0034669E-02
2.6764000E+02 2.7427000E+02 8.6700000E+00 1.5000000E+01 9 5.5286841E+01 5.7545377E-02 1.5303557E-01 -2.4759895E-03 2.4799573E-03 7.9517013E-03 4.4697908E-03 6.2377839E-03 1.0237424E-04 4.9309034E-03 1.1708627E-03 6.3437632E-03 2.6673978E-02 7.4114359E-03 1.2506276E-05 1.8471860E+00 1.8657248E+01 -2.7093628E-02
2.6764000E+02 2.7427000E+02 8.6700000E+00 2.0000000E+01 9 5.5269920E+01 7.6996007E-02 1.9012589E-01 -2.2982689E-03 3.8132110E-03 8.2001755E-03 5.4986293E-03 4.8397744E-03 1.6344969E-04 4.7721736E-03 9.0844946E-04 5.8524582E-03 3.1907505E-02 1.1393387E-02 1.9942488E-05 1.8002156E+00 1.8722875E+01 -3.1408683E-02
2.6764000E+02 2.7427000E+02 8.6700000E+00 2.5000000E+01 9 5.5256973E+01 9.2398928E-02 2.1875364E-01 -2.1686822E-03 4.8969799E-03 8.4060029E-03 6.2734668E-03 3.8204025E-03 2.1387782E-04 4.7144738E-03 7.1710833E-04 5.5467415E-03 3.5723997E-02 1.4629615E-02 2.6314781E-05 1.7769728E+00 1.8757078E+01 -3.4053065E-02
2.6764000E+02 2.7427000E+02 8.6700000E+00 3.0000000E+01 9 5.5247476E+01 1.0384181E-01 2.4005554E-01 -2.0754099E-03 5.7283679E-03 8.5897007E-03 6.8667195E-03 3.0866916E-03 2.5187542E-04 4.6996213E-03 5.7938719E-04 5.3508369E-03 3.8471269E-02 1.7111911E-02 3.1387232E-05 1.7650477E+00 1.8775735E+01 -3.5677979E-02
2.6764000E+02 2.7427000E+02 8.6700000E+00 3.5000000E+01 9 5.5240573E+01 1.1221215E-01 2.5576781E-01 -2.0082492E-03 6.3518636E-03 8.7585535E-03 7.3304723E-03 2.5583834E-03 2.7954839E-04 4.7016823E-03 4.8022114E-04 5.2216437E-03 4.0449633E-02 1.8973386E-02 3.5276729E-05 1.7590290E+00 1.8786039E+01 -3.6674796E-02
2.6764000E+02 2.7427000E+02 8.6700000E+00 4.0000000E+01 9 5.5235538E+01 1.1833033E-01 2.6740177E-01 -1.9594030E-03 6.8167405E-03 8.9148821E-03 7.7012826E-03 2.1741430E-03 2.9941896E-04 4.7088523E-03 4.0809733E-04 5.1333299E-03 4.1888636E-02 2.0361286E-02 3.8206926E-05 1.7561813E+00 1.8791703E+01 -3.7287135E-02
2.6764000E+02 2.7427000E+02 8.6700000E+00 4.5000000E+01 9 5.5231821E+01 1.2283960E-01 2.7611966E-01 -1.9232642E-03 7.1649012E-03 9.0593107E-03 8.0043952E-03 1.8898631E-03 3.1354221E-04 4.7160717E-03 3.5473661E-04 5.0702858E-03 4.2953376E-02 2.1400759E-02 4.0404664E-05 1.7550291E+00 1.8794762E+01 -3.7666166E-02
2.6764000E+02 2.7427000E+02 8.6700000E+00 5.0000000E+01 9 5.5229030E+01 1.2621064E-01 2.8276503E-01 -1.8959432E-03 7.4285700E-03 9.1920404E-03 8.2570903E-03 1.6749471E-03 3.2375703E-04 4.7215155E-03 3.1439582E-04 5.0231181E-03 4.3758393E-02 2.2188017E-02 4.2061322E-05 1.7547703E+00 1.8796351E+01 -3.7904168E-02
2.6764000E+02 2.7427000E+02 8.6700000E+00 5.5000000E+01 9 5.5226891E+01 1.2877692E-01 2.8793121E-01 -1.8747977E-03 7.6313119E-03 9.3133192E-03 8.4712185E-03 1.5086092E-03 3.3113514E-04 4.7248227E-03 2.8317337E-04 4.9862208E-03 4.4381506E-02 2.2793402E-02 4.3324615E-05 1.7549562E+00 1.8797117E+01 -3.8057077E-02
2.6764000E+02 2.7427000E+02 8.6700000E+00 6.0000000E+01 9 5.5225217E+01 1.3076861E-01 2.9202867E-01 -1.8580489E-03 7.7898710E-03 9.4235756E-03 8.6550180E-03 1.3768579E-03 3.3667344E-04 4.7262147E-03 2.5844300E-04 4.9562286E-03 4.4875099E-02 2.3266892E-02 4.4302912E-05 1.7553504E+00 1.8797422E+01 -3.8158207E-02
2.6764000E+02 2.7427000E+02 8.6700000E+00 6.5000000E+01 9 5.5223881E+01 1.3234430E-01 2.9534026E-01 -1.8444988E-03 7.9160053E-03 9.5234139E-03 8.8143543E-03 1.2702683E-03 3.4092693E-04 4.7260873E-03 2.3843561E-04 4.9311024E-03 4.5274460E-02 2.3643577E-02 4.5073533E-05 1.7558224E+00 1.8797474E+01 -3.8227558E-02
2.6764000E+02 2.7427000E+02 8.6700000E+00 6.6000000E+01 9 5.5217914E+01 1.4410355E-01 3.2379688E-01 -1.8419080E-03 9.9527787E-03 1.1517630E-02 1.0819947E-02 1.2498881E-03 4.1338243E-04 5.7344963E-03 2.3461015E-04 5.9177845E-03 4.5356321E-02 2.9728096E-02 5.4905554E-05 1.9410801E+00 1.8602535E+01 -2.6113615E-02
2.6764000E+02 2.7427000E+02 8.6700000E+00 6.7000000E+01 9 5.5217887E+01 1.4395725E-01 3.2347517E-01 -1.8394285E-03 9.9066459E-03 1.1485838E-02 1.0799042E-02 1.2303829E-03 4.0825737E-04 5.6999563E-03 2.3094892E-04 5.8788414E-03 4.5429971E-02 2.9590089E-02 5.5580650E-05 1.9339167E+00 1.8608861E+01 -2.6510758E-02
2.6764000E+02 2.7427000E+02 8.6700000E+00 7.2000000E+01 9 5.5219263E+01 1.3390940E-01 2.9902946E-01 -1.7930306E-03 7.8261552E-03 9.4917049E-03 8.8501331E-03 1.1493650E-03 3.3091401E-04 4.6083835E-03 2.1574146E-04 4.7888074E-03 4.6354373E-02 2.3375214E-02 4.5160353E-05 1.7270416E+00 1.8927975E+01 -4.0847907E-02
2.6764000E+02 2.7427000E+02 8.6700000E+00 7.7000000E+01 9 5.5213688E+01 1.3701219E-01 3.0573782E-01 -1.7430314E-03 7.9996528E-03 9.5765076E-03 8.9730366E-03 1.0811080E-03 3.5467451E-04 4.6563102E-03 2.0292928E-04 4.8165398E-03 4.7333057E-02 2.3892816E-02 5.1110722E-05 1.7177060E+00 1.8992695E+01 -4.1944917E-02
2.6764000E+02 2.7427000E+02 8.6700000E+00 8.2000000E+01 9 5.5208801E+01 1.4001999E-01 3.1213226E-01 -1.7009072E-03 8.2025319E-03 9.6764514E-03 9.1054542E-03 1.0229320E-03 3.7594975E-04 4.7252727E-03 1.9200936E-04 4.8665952E-03 4.8162456E-02 2.4498042E-02 5.9588471E-05 1.7132662E+00 1.9027581E+01 -4.2585916E-02
2.6764000E+02 2.7427000E+02 8.6700000E+00 8.7000000E+01 9 5.5204948E+01 1.4252081E-01 3.1742837E-01 -1.6681284E-03 8.3825154E-03 9.7699642E-03 9.2269117E-03 9.7286940E-04 3.9248133E-04 4.7872322E-03 1.8261237E-04 4.9124214E-03 4.8817519E-02 2.5034993E-02 6.7923760E-05 1.7110717E+00 1.9047778E+01 -4.2978791E-02
2.6764000E+02 2.7427000E+02 8.6700000E+00 9.1000000E+01 9 5.5201105E+01 1.4694686E-01 3.2749285E-01 -1.6472285E-03 8.9848083E-03 1.0273688E-02 9.7505367E-03 9.3721617E-04 4.2576143E-04 5.0697024E-03 1.7592008E-04 5.1776516E-03 4.9246019E-02 2.6833383E-02 7.8755054E-05 1.7434699E+00 1.9024107E+01 -4.0366282E-02
2.6764000E+02 2.7427000E+02 8.6700000E+00 9.2000000E+01 9 5.5196066E+01 1.5629609E-01 3.4965158E-01 -1.6423225E-03 1.0565724E-02 1.1744862E-02 1.1226539E-02 9.2856599E-04 4.9064492E-04 5.8584455E-03 1.7429640E-04 5.9472811E-03 4.9358001E-02 3.1555476E-02 9.4515006E-05 1.8703121E+00 1.8896853E+01 -3.1192632E-02
2.6764000E+02 2.7427000E+02 8.6700000E+00 9.7000000E+01 9 5.5195192E+01 1.4595205E-01 3.2597280E-01 -2.2137762E-03 8.4259637E-03 9.7726478E-03 9.2754264E-03 8.9076376E-04 3.9717402E-04 4.7609727E-03 1.6720074E-04 4.8655412E-03 5.0668274E-02 2.5164056E-02 7.9729163E-05 1.6851626E+00 1.9100499E+01 -4.5924916E-02
2.6764000E+02 2.7427000E+02 8.6700000E+00 1.0200000E+02 9 5.5187225E+01 1.4924231E-01 3.3415424E-01 -2.8750083E-03 8.6091242E-03 9.8470798E-03 9.3684159E-03 8.5751831E-04 4.2341124E-04 4.8348429E-03 1.6096040E-04 4.9262768E-03 5.2046353E-02 2.5710323E-02 8.5089856E-05 1.6781323E+00 1.9119970E+01 -4.7105441E-02
2.6764000E+02 2.7427000E+02 8.6700000E+00 1.0700000E+02 9 5.5180495E+01 1.5226021E-01 3.4147930E-01 -3.4316589E-03 8.8030225E-03 9.9298453E-03 9.4675952E-03 8.2811328E-04 4.4438893E-04 4.9165010E-03 1.5544094E-04 4.9952966E-03 5.3192129E-02 2.6288626E-02 9.0818518E-05 1.6746320E+00 1.9132232E+01 -4.7869010E-02
2.6764000E+02 2.7427000E+02 8.6700000E+00 1.1200000E+02 9 5.5175292E+01 1.5471119E-01 3.4735567E-01 -3.8547130E-03 8.9701054E-03 1.0005144E-02 9.5574889E-03 8.0196563E-04 4.6011846E-04 4.9862874E-03 1.5053289E-04 5.0542229E-03 5.4076325E-02 2.6786982E-02 9.5906393E-05 1.6728413E+00 1.9140049E+01 -4.8369842E-02
2.6764000E+02 2.7427000E+02 8.6700000E+00 1.1700000E+02 9 5.5171393E+01 1.5662319E-01 3.5190221E-01 -4.1634342E-03 9.1051255E-03 1.0070057E-02 9.6354475E-03 7.7859595E-04 4.7159453E-04 5.0412429E-03 1.4614629E-04 5.1001333E-03 5.4742091E-02 2.7189735E-02 1.0012873E-04 1.6719374E+00 1.9145109E+01 -4.8701695E-02
2.6764000E+02 2.7427000E+02 8.6700000E+00 1.2200000E+02 9 5.5168495E+01 1.5809858E-01 3.5539136E-01 -4.3852214E-03 9.2119619E-03 1.0125427E-02 9.7025335E-03 7.5760707E-04 4.8008524E-04 5.0831499E-03 1.4220657E-04 5.1345255E-03 5.5241985E-02 2.7508448E-02 1.0352232E-04 1.6715128E+00 1.9148441E+01 -4.8924226E-02
2.6764000E+02 2.7427000E+02 8.6700000E+00 1.2400000E+02 9 5.5162658E+01 1.6830125E-01 3.7898176E-01 -4.4617783E-03 1.0894110E-02 1.1562611E-02 1.1144204E-02 7.4956893E-04 5.7099892E-04 5.9261610E-03 1.4069777E-04 5.9507411E-03 5.5434155E-02 3.2531751E-02 1.2266488E-04 1.7796752E+00 1.9039235E+01 -3.9455347E-02
2.6764000E+02 2.7427000E+02 8.6700000E+00 1.2500000E+02 9 5.5160850E+01 1.7122531E-01 3.8590214E-01 -4.4972318E-03 1.1371146E-02 1.2012272E-02 1.1596060E-02 7.4563639E-04 5.8016441E-04 6.1635208E-03 1.3995962E-04 6.1816996E-03 5.5522927E-02 3.3956530E-02 1.2914347E-04 1.8149563E+00 1.9003662E+01 -3.6754197E-02
2.6764000E+02 2.7427000E+02 8.6700000E+00 1.3000000E+02 9 5.5165977E+01 1.5836976E-01 3.5654249E-01 -4.6216415E-03 9.1182778E-03 1.0074710E-02 9.6677107E-03 7.2913167E-04 4.6609170E-04 5.0184036E-03 1.3686160E-04 5.0659153E-03 5.5808081E-02 2.7228472E-02 1.0657097E-04 1.6594325E+00 1.9163569E+01 -5.0304859E-02
2.6764000E+02 2.7427000E+02 8.6700000E+00 1.3100000E+02 9 5.5158918E+01 1.7206819E-01 3.8809635E-01 -4.6446964E-03 1.1422639E-02 1.2042040E-02 1.1636754E-02 7.2606418E-04 6.0381256E-04 6.1776658E-03 1.3628582E-04 6.1909539E-03 5.5883955E-02 3.4110098E-02 1.2994033E-04 1.8130284E+00 1.9007814E+01 -3.7035098E-02
2.6764000E+02 2.7427000E+02 8.6700000E+00 1.3200000E+02 9 5.5158746E+01 1.7197160E-01 3.8785831E-01 -4.6661247E-03 1.1388086E-02 1.2016656E-02 1.1612997E-02 7.2314840E-04 5.8944941E-04 6.1587454E-03 1.3573851E-04 6.1713222E-03 5.5939479E-02 3.4006676E-02 1.3182106E-04 1.8090324E+00 1.9011825E+01 -3.7325157E-02
2.6764000E+02 2.7427000E+02 8.6700000E+00 1.3700000E+02 9 5.5156848E+01 1.6071545E-01 3.6351310E-01 -6.0215608E-03 9.1391528E-03 1.0092843E-02 9.6964647E-03 7.1010530E-04 4.7178509E-04 5.0171721E-03 1.3329026E-04 5.0608463E-03 5.7627975E-02 2.7290483E-02 1.0840287E-04 1.6458118E+00 1.9158843E+01 -5.2431326E-02
2.6764000E+02 2.7427000E+02 8.6700000E+00 1.4200000E+02 9 5.5146563E+01 1.6446644E-01 3.7339350E-01 -7.5675860E-03 9.3667591E-03 1.0212375E-02 9.8226741E-03 6.9814301E-04 5.0098393E-04 5.1260150E-03 1.3104488E-04 5.1608137E-03 5.9540981E-02 2.7969495E-02 1.0773549E-04 1.6428514E+00 1.9134516E+01 -5.3548898E-02
2.6764000E+02 2.7427000E+02 8.6700000E+00 1.4700000E+02 9 5.5137693E+01 1.6792543E-01 3.8227182E-01 -8.8811584E-03 9.5971371E-03 1.0334567E-02 9.9510394E-03 6.8708376E-04 5.2030895E-04 5.2372226E-03 1.2896900E-04 5.2624217E-03 6.1165807E-02 2.8656739E-02 1.0534371E-04 1.6419461E+00 1.9105538E+01 -5.4316510E-02
2.6764000E+02 2.7427000E+02 8.6700000E+00 1.5200000E+02 9 5.5130774E+01 1.7070196E-01 3.8933436E-01 -9.8941872E-03 9.7881029E-03 1.0439465E-02 1.0061665E-02 6.7682201E-04 5.3272950E-04 5.3289395E-03 1.2704282E-04 5.3455740E-03 6.2425429E-02 2.9226425E-02 1.0123784E-04 1.6417256E+00 1.9076327E+01 -5.4853498E-02
2.6764000E+02 2.7427000E+02 8.6700000E+00 1.5700000E+02 9 5.5125573E+01 1.7283083E-01 3.9472260E-01 -1.0646218E-02 9.9370648E-03 1.0524727E-02 1.0152257E-02 6.6727351E-04 5.4048059E-04 5.3996691E-03 1.2525052E-04 5.4090789E-03 6.3369275E-02 2.9670824E-02 9.6229641E-05 1.6417513E+00 1.9049029E+01 -5.5230887E-02
2.6764000E+02 2.7427000E+02 8.6700000E+00 1.6200000E+02 9 5.5121709E+01 1.7444183E-01 3.9878454E-01 -1.1196659E-02 1.0051181E-02 1.0592993E-02 1.0225496E-02 6.5836384E-04 5.4519465E-04 5.4529600E-03 1.2357813E-04 5.4563785E-03 6.4069421E-02 3.0011284E-02 9.1030055E-05 1.6418679E+00 1.9024808E+01 -5.5497133E-02
2.6764000E+02 2.7427000E+02 8.6700000E+00 1.6700000E+02 9 5.5118833E+01 1.7566374E-01 4.0185610E-01 -1.1599231E-02 1.0138637E-02 1.0647786E-02 1.0284943E-02 6.5002711E-04 5.4812282E-04 5.4929234E-03 1.2201328E-04 5.4913816E-03 6.4590601E-02 3.0272218E-02 8.6108756E-05 1.6420155E+00 1.9004173E+01 -5.5686603E-02
2.6764000E+02 2.7427000E+02 8.6700000E+00 1.6800000E+02 9 5.5111347E+01 1.8983367E-01 4.3408369E-01 -1.1674246E-02 1.2493376E-02 1.2595301E-02 1.2233376E-02 6.4838216E-04 6.8966740E-04 6.6803516E-03 1.2170452E-04 6.6400267E-03 6.4695900E-02 3.7303749E-02 9.8564548E-05 1.7826457E+00 1.8853357E+01 -4.2269637E-02
2.6764000E+02 2.7427000E+02 8.6700000E+00 1.6900000E+02 9 5.5111030E+01 1.8967571E-01 4.3372857E-01 -1.1744159E-02 1.2441507E-02 1.2558850E-02 1.2197831E-02 6.4675912E-04 6.6711098E-04 6.6535957E-03 1.2139987E-04 6.6128704E-03 6.4787873E-02 3.7148639E-02 9.8076077E-05 1.7775601E+00 1.8853766E+01 -4.2690037E-02
2.6764000E+02 2.7427000E+02 8.6700000E+00 1.7400000E+02 9 5.5125061E+01 1.6788499E-01 3.9590592E-01 -1.6534245E-02 9.9906688E-03 1.0562332E-02 1.0205567E-02 6.3913742E-04 5.2405244E-04 5.4116729E-03 1.1996924E-04 5.4102937E-03 6.3626567E-02 2.9830327E-02 7.9043230E-05 1.7033253E+00 1.8919449E+01 -4.9571625E-02
2.6764000E+02 2.7427000E+02 8.6700000E+00 1.7500000E+02 9 5.5120611E+01 1.7842027E-01 4.2356162E-01 -1.7633169E-02 1.2090995E-02 1.2495614E-02 1.2139689E-02 6.3763240E-04 6.1930126E-04 6.4659060E-03 1.1968674E-04 6.4407318E-03 6.3351077E-02 3.6104247E-02 8.9558712E-05 1.8725352E+00 1.8740704E+01 -3.5456526E-02
2.6764000E+02 2.7427000E+02 8.6700000E+00 1.7600000E+02 9 5.5122884E+01 1.7568116E-01 4.2056640E-01 -1.8816709E-02 1.1954029E-02 1.2453502E-02 1.2098408E-02 6.3614630E-04 5.9442597E-04 6.3944732E-03 1.1940779E-04 6.3743256E-03 6.3036461E-02 3.5695799E-02 8.8744967E-05 1.8891846E+00 1.8720544E+01 -3.4291117E-02
2.6764000E+02 2.7427000E+02 8.6700000E+00 1.8100000E+02 9 5.5065531E+01 1.7409178E-01 4.3538530E-01 -2.9611619E-02 9.4887632E-03 1.0474377E-02 1.0123190E-02 6.2914504E-04 4.6295346E-04 5.1439944E-03 1.1809362E-04 5.1671368E-03 7.5057105E-02 2.8334971E-02 7.1248759E-05 1.6344377E+00 1.8972368E+01 -6.1757065E-02
2.6764000E+02 2.7427000E+02 8.6700000E+00 1.8600000E+02 9 5.4986168E+01 1.9421597E-01 4.9650326E-01 -4.0167085E-02 9.7241245E-03 1.0535059E-02 1.0187562E-02 6.2253548E-04 5.1521884E-04 5.2619595E-03 1.1685297E-04 5.2728135E-03 8.9620827E-02 2.9036282E-02 6.9141038E-05 1.5467243E+00 1.9051947E+01 -7.9472833E-02
2.6764000E+02 2.7427000E+02 8.6700000E+00 1.9100000E+02 9 5.4916488E+01 2.1458320E-01 5.5322905E-01 -4.8727890E-02 1.0262466E-02 1.0611154E-02 1.0267146E-02 6.1628493E-04 5.9393584E-04 5.5396023E-03 1.1567971E-04 5.5187559E-03 1.0217615E-01 3.0639446E-02 6.9345396E-05 1.4912796E+00 1.9100390E+01 -9.3895021E-02
2.6764000E+02 2.7427000E+02 8.6700000E+00 1.9600000E+02 9 5.4861769E+01 2.3201885E-01 5.9958397E-01 -5.5204805E-02 1.0880735E-02 1.0680697E-02 1.0339994E-02 6.1036466E-04 6.7533007E-04 5.8598748E-03 1.1456845E-04 5.8014471E-03 1.1190085E-01 3.2480362E-02 7.0369919E-05 1.4578280E+00 1.9127989E+01 -1.0439146E-01
2.6764000E+02 2.7427000E+02 8.6700000E+00 2.0100000E+02 9 5.4820669E+01 2.4597272E-01 6.3554315E-01 -5.9971048E-02 1.1467561E-02 1.0739508E-02 1.0401939E-02 6.0474920E-04 7.4819706E-04 6.1640427E-03 1.1351440E-04 6.0695584E-03 1.1912212E-01 3.4227604E-02 7.1527508E-05 1.4376836E+00 1.9143280E+01 -1.1170008E-01
2.6764000E+02 2.7427000E+02 8.6700000E+00 2.0600000E+02 9 5.4790348E+01 2.5679992E-01 6.6280854E-01 -6.3448545E-02 1.1978901E-02 1.0788883E-02 1.0454292E-02 5.9941573E-04 8.0651477E-04 6.4290196E-03 1.1251328E-04 6.3026526E-03 1.2439683E-01 3.5750148E-02 7.2530925E-05 1.4254893E+00 1.9151450E+01 -1.1669708E-01
2.6764000E+02 2.7427000E+02 8.6700000E+00 2.1100000E+02 9 5.4768065E+01 2.6508569E-01 6.8333153E-01 -6.5993573E-02 1.2405532E-02 1.0831357E-02 1.0499596E-02 5.9434368E-04 8.5136049E-04 6.6499641E-03 1.1156123E-04 6.4964367E-03 1.2824030E-01 3.7020560E-02 7.3293875E-05 1.4180928E+00 1.9155502E+01 -1.2009631E-01
2.6764000E+02 2.7427000E+02 8.6700000E+00 2.1600000E+02 9 5.4751592E+01 2.7141384E-01 6.9883006E-01 -6.7877559E-02 1.2754069E-02 1.0869264E-02 1.0540199E-02 5.8951438E-04 8.8552238E-04 6.8302372E-03 1.1065475E-04 6.6540600E-03 1.3106161E-01 3.8058527E-02 7.3823117E-05 1.4136096E+00 1.9157202E+01 -1.2241924E-01
2.6764000E+02 2.7427000E+02 8.6700000E+00 2.2100000E+02 9 5.4739251E+01 2.7627898E-01 7.1066419E-01 -6.9296603E-02 1.3036888E-02 1.0904322E-02 1.0577827E-02 5.8491079E-04 9.1167808E-04 6.9762047E-03 1.0979063E-04 6.7813586E-03 1.3316329E-01 3.8900879E-02 7.4161297E-05 1.4109018E+00 1.9157593E+01 -1.2402633E-01
2.6764000E+02 2.7427000E+02 8.6700000E+00 2.2600000E+02 9 5.4729832E+01 2.8006807E-01 7.1984996E-01 -7.0387991E-02 1.3267041E-02 1.0937608E-02 1.0613565E-02 5.8051732E-04 9.3195503E-04 7.0945857E-03 1.0896596E-04 6.8844859E-03 1.3476003E-01 3.9586455E-02 7.4358214E-05 1.4092807E+00 1.9157287E+01 -1.2515846E-01
2.6764000E+02 2.7427000E+02 8.6700000E+00 2.3100000E+02 9 5.4722492E+01 2.8306933E-01 7.2711980E-01 -7.1246129E-02 1.3456032E-02 1.0969701E-02 1.0648001E-02 5.7631965E-04 9.4793231E-04 7.1913227E-03 1.0817803E-04 6.9688452E-03 1.3600040E-01 4.0149492E-02 7.4457871E-05 1.4083294E+00 1.9156640E+01 -1.2597341E-01
2.6764000E+02 2.7427000E+02 8.6700000E+00 2.3600000E+02 9 5.4716646E+01 2.8549011E-01 7.3298990E-01 -7.1935458E-02 1.3613114E-02 1.1000851E-02 1.0681393E-02 5.7230457E-04 9.6073569E-04 7.2712318E-03 1.0742438E-04 7.0387436E-03 1.3698591E-01 4.0617526E-02 7.4494202E-05 1.4077948E+00 1.9155850E+01 -1.2657369E-01
2.6764000E+02 2.7427000E+02 8.6700000E+00 2.4100000E+02 9 5.4711895E+01 2.8747722E-01 7.3782034E-01 -7.2500049E-02 1.3745336E-02 1.1031121E-02 1.0713808E-02 5.6845991E-04 9.7115901E-04 7.3380213E-03 1.0670272E-04 7.0974231E-03 1.3778566E-01 4.1011543E-02 7.4491277E-05 1.4075210E+00 1.9155027E+01 -1.2702612E-01
2.6764000E+02 2.7427000E+02 8.6700000E+00 2.4600000E+02 9 5.4707963E+01 2.8913438E-01 7.4186230E-01 -7.2970331E-02 1.3857925E-02 1.1060474E-02 1.0745219E-02 5.6477441E-04 9.7977049E-04 7.3944680E-03 1.0601093E-04 7.1472534E-03 1.3844696E-01 4.1347093E-02 7.4465264E-05 1.4074107E+00 1.9154230E+01 -1.2737474E-01
2.6764000E+02 2.7427000E+02 8.6700000E+00 2.5100000E+02 9 5.4704660E+01 2.9053509E-01 7.4529256E-01 -7.3367659E-02 1.3954729E-02 1.1088838E-02 1.0775557E-02 5.6123765E-04 9.8697246E-04 7.4426345E-03 1.0534707E-04 7.1899604E-03 1.3900264E-01 4.1635632E-02 7.4426634E-05 1.4074022E+00 1.9153487E+01 -1.2764903E-01
2.6764000E+02 2.7427000E+02 8.6700000E+00 2.5600000E+02 9 5.4701848E+01 2.9173228E-01 7.4823766E-01 -7.3707336E-02 1.4038615E-02 1.1116136E-02 1.0804751E-02 5.5783999E-04 9.9305136E-04 7.4840626E-03 1.0470931E-04 7.2268203E-03 1.3947588E-01 4.1885688E-02 7.4381997E-05 1.4074553E+00 1.9152812E+01 -1.2786903E-01
2.6764000E+02 2.7427000E+02 8.6700000E+00 2.6100000E+02 9 5.4699429E+01 2.9276483E-01 7.5079027E-01 -7.4000590E-02 1.4111760E-02 1.1142303E-02 1.0832743E-02 5.5457245E-04 9.9821810E-04 7.5199244E-03 1.0409598E-04 7.2588005E-03 1.3988342E-01 4.2103743E-02 7.4335431E-05 1.4075444E+00 1.9152207E+01 -1.2804867E-01
2.6764000E+02 2.7427000E+02 8.6700000E+00 2.6400000E+02 9 5.4693436E+01 3.0269484E-01 7.7140716E-01 -7.4161846E-02 1.5616669E-02 1.2043743E-02 1.1735252E-02 5.5265693E-04 1.1315382E-03 8.2884451E-03 1.0373642E-04 7.9798583E-03 1.4010994E-01 4.6593218E-02 8.1232866E-05 1.4442769E+00 1.9110094E+01 -1.2028296E-01
2.6764000E+02 2.7427000E+02 8.6700000E+00 2.6500000E+02 9 5.4688330E+01 3.1226199E-01 7.9124899E-01 -7.4214035E-02 1.7101946E-02 1.2966279E-02 1.2658141E-02 5.5202335E-04 1.2696028E-03 9.0466248E-03 1.0361750E-04 8.6938861E-03 1.4018490E-01 5.1024700E-02 8.7827715E-05 1.4838028E+00 1.9065377E+01 -1.1234935E-01
2.6764000E+02 2.7427000E+02 8.6700000E+00 2.7000000E+02 9 5.4695473E+01 2.9544899E-01 7.5706482E-01 -7.4405658E-02 1.4417401E-02 1.1344622E-02 1.1037652E-02 5.4993143E-04 1.0023185E-03 7.6732946E-03 1.0322483E-04 7.4019573E-03 1.4044479E-01 4.3015543E-02 7.5907851E-05 1.4128044E+00 1.9144853E+01 -1.2712866E-01
2.6764000E+02 2.7427000E+02 8.6700000E+00 2.7500000E+02 9 5.4692621E+01 2.9905862E-01 7.6483948E-01 -7.4569771E-02 1.4938955E-02 1.1671562E-02 1.1365257E-02 5.4874157E-04 1.0557766E-03 7.9389843E-03 1.0300149E-04 7.6518299E-03 1.4066910E-01 4.4571582E-02 7.7722345E-05 1.4250607E+00 1.9130989E+01 -1.2458919E-01
2.6764000E+02 2.7427000E+02 8.6700000E+00 2.8000000E+02 9 5.4690205E+01 3.0194720E-01 7.7117417E-01 -7.4721899E-02 1.5351958E-02 1.1953752E-02 1.1648433E-02 5.4697434E-04 1.0881451E-03 8.1483218E-03 1.0266977E-04 7.8497175E-03 1.4087889E-01 4.5804026E-02 7.9450469E-05 1.4348922E+00 1.9119501E+01 -1.2258302E-01
2.6764000E+02 2.7427000E+02 8.6700000E+00 2.8500000E+02 9 5.4688250E+01 3.0407405E-01 7.7602039E-01 -7.4861300E-02 1.5654205E-02 1.2186239E-02 1.1882003E-02 5.4503273E-04 1.1076078E-03 8.3005239E-03 1.0230532E-04 7.9947548E-03 1.4107169E-01 4.6706235E-02 8.0711983E-05 1.4422148E+00 1.9110848E+01 -1.2111761E-01
2.6764000E+02 2.7427000E+02 8.6700000E+00 2.8900000E+02 9 5.4684752E+01 3.0976407E-01 7.8819654E-01 -7.4964745E-02 1.6528614E-02 1.2777899E-02 1.2474531E-02 5.4347846E-04 1.1774146E-03 8.7452426E-03 1.0201358E-04 8.4152885E-03 1.4121612E-01 4.9315538E-02 8.4689405E-05 1.4649476E+00 1.9084689E+01 -1.1648990E-01
2.6764000E+02 2.7427000E+02 8.6700000E+00 2.9000000E+02 9 5.4677509E+01 3.2397112E-01 8.1793773E-01 -7.4990105E-02 1.8768539E-02 1.4224808E-02 1.3921656E-02 5.4309107E-04 1.3920844E-03 9.8875484E-03 1.0194086E-04 9.4944314E-03 1.4125479E-01 5.5999453E-02 9.4161616E-05 1.5285244E+00 1.9013307E+01 -1.0430579E-01
2.6764000E+02 2.7427000E+02 8.6700000E+00 2.9500000E+02 9 5.4738111E+01 2.9236074E-01 7.4104411E-01 -6.8734738E-02 1.5794415E-02 1.2415398E-02 1.2113292E-02 5.4121789E-04 1.0901437E-03 8.3668902E-03 1.0158926E-04 8.0626558E-03 1.3179315E-01 4.7125752E-02 8.1462022E-05 1.4900447E+00 1.9061214E+01 -1.0738420E-01
2.6764000E+02 2.7427000E+02 8.6700000E+00 3.0000000E+02 9 5.4803511E+01 2.7533024E-01 6.9215253E-01 -6.0792406E-02 1.5698597E-02 1.2539018E-02 1.2237923E-02 5.3940677E-04 1.0828574E-03 8.3114810E-03 1.0124930E-04 8.0218158E-03 1.1979128E-01 4.6842549E-02 8.0580169E-05 1.5537848E+00 1.8996918E+01 -9.1132725E-02
2.6764000E+02 2.7427000E+02 8.6700000E+00 3.0100000E+02 9 5.4808948E+01 2.8766962E-01 7.1661746E-01 -5.9175108E-02 1.8248869E-02 1.4457304E-02 1.4156409E-02 5.3904697E-04 1.3097067E-03 9.6040590E-03 1.0118177E-04 9.2606002E-03 1.1735238E-01 5.4456562E-02 9.1561536E-05 1.6676115E+00 1.8873038E+01 -7.3371920E-02
2.6764000E+02 2.7427000E+02 8.6700000E+00 3.0200000E+02 9 5.4822623E+01 2.8343741E-01 7.0516270E-01 -5.7560985E-02 1.8107269E-02 1.4450648E-02 1.4149953E-02 5.3868953E-04 1.2633572E-03 9.5293879E-03 1.0111467E-04 9.1948167E-03 1.1491399E-01 5.4035062E-02 9.1924857E-05 1.6812928E+00 1.8858191E+01 -7.0681585E-02
2.6764000E+02 2.7427000E+02 8.6700000E+00 3.0300000E+02 9 5.4836559E+01 2.7879464E-01 6.9307796E-01 -5.5937542E-02 1.7919272E-02 1.4440279E-02 1.4138665E-02 5.4033644E-04 1.2260284E-03 9.4316126E-03 1.0142381E-04 9.1090323E-03 1.1245799E-01 5.3475296E-02 9.1173298E-05 1.6943819E+00 1.8845181E+01 -6.8154754E-02
2.6764000E+02 2.7427000E+02 8.6700000E+00 3.0800000E+02 9 5.4900983E+01 2.4509408E-01 6.1122882E-01 -4.9292580E-02 1.4745604E-02 1.2479561E-02 1.2182853E-02 5.3154771E-04 9.4857471E-04 7.8040547E-03 9.9774119E-05 7.5764751E-03 1.0242643E-01 4.4006208E-02 7.5997815E-05 1.6404192E+00 1.8910976E+01 -7.1589952E-02
2.6764000E+02 2.7427000E+02 8.6700000E+00 3.1300000E+02 9 5.4945285E+01 2.3071449E-01 5.7365489E-01 -4.4115212E-02 1.4213116E-02 1.2462572E-02 1.2173093E-02 5.1859701E-04 8.7930965E-04 7.5144268E-03 9.7343210E-05 7.3218811E-03 9.4624266E-02 4.2421835E-02 7.3033550E-05 1.6845259E+00 1.8867608E+01 -6.3249799E-02
2.6764000E+02 2.7427000E+02 8.6700000E+00 3.1800000E+02 9 5.4979235E+01 2.1918591E-01 5.4415511E-01 -4.0185778E-02 1.3722873E-02 1.2461191E-02 1.2179012E-02 5.0551868E-04 8.0164764E-04 7.2473548E-03 9.4888342E-05 7.0861924E-03 8.8707141E-02 4.0962989E-02 7.0801720E-05 1.7188487E+00 1.8833357E+01 -5.7285208E-02
2.6764000E+02 2.7427000E+02 8.6700000E+00 3.2300000E+02 9 5.5004977E+01 2.0992973E-01 5.2110262E-01 -3.7244178E-02 1.3272611E-02 1.2464480E-02 1.2189079E-02 4.9337550E-04 7.3443187E-04 7.0026832E-03 9.2609008E-05 6.8687506E-03 8.4280161E-02 3.9622778E-02 6.8882319E-05 1.7437630E+00 1.8808363E+01 -5.3165262E-02
2.6764000E+02 2.7427000E+02 8.6700000E+00 3.2800000E+02 9 5.5024420E+01 2.0252986E-01 5.0315063E-01 -3.5052744E-02 1.2870658E-02 1.2468153E-02 1.2198935E-02 4.8229908E-04 6.8006899E-04 6.7849757E-03 9.0529910E-05 6.6734279E-03 8.0984283E-02 3.8426033E-02 6.7203556E-05 1.7608981E+00 1.8791122E+01 -5.0372013E-02
2.6764000E+02 2.7427000E+02 8.6700000E+00 3.2900000E+02 9 5.5022101E+01 2.1309865E-01 5.2776731E-01 -3.4642612E-02 1.4830608E-02 1.4349665E-02 1.4081660E-02 4.8012647E-04 7.4809972E-04 7.7682140E-03 9.0122099E-05 7.6348164E-03 8.0372737E-02 4.4281369E-02 7.6200903E-05 1.9057077E+00 1.8636809E+01 -3.7773939E-02
2.6764000E+02 2.7427000E+02 8.6700000E+00 3.3000000E+02 9 5.5025692E+01 2.1143188E-01 5.2386777E-01 -3.4258848E-02 1.4702872E-02 1.4315514E-02 1.4048698E-02 4.7799581E-04 7.3192275E-04 7.7012267E-03 8.9722165E-05 7.5721760E-03 7.9796302E-02 4.3900392E-02 7.6431138E-05 1.9060139E+00 1.8635555E+01 -3.7593972E-02
2.6764000E+02 2.7427000E+02 8.6700000E+00 3.3500000E+02 9 5.5017364E+01 2.0293256E-01 5.0197076E-01 -3.3354267E-02 1.2203846E-02 1.2349619E-02 1.2088255E-02 4.6822855E-04 6.0860127E-04 6.4306339E-03 8.7888801E-05 6.3476091E-03 8.2731108E-02 3.6438618E-02 6.4694827E-05 1.6841960E+00 1.8868144E+01 -5.8612822E-02
2.6764000E+02 2.7427000E+02 8.6700000E+00 3.4000000E+02 9 5.4991864E+01 2.1278686E-01 5.2092909E-01 -3.2927128E-02 1.2220081E-02 1.2344621E-02 1.2088291E-02 4.5921016E-04 6.3902976E-04 6.4351336E-03 8.6196006E-05 6.3461042E-03 8.7426091E-02 3.6486301E-02 6.4373699E-05 1.6138786E+00 1.8939038E+01 -6.8461008E-02
2.6764000E+02 2.7427000E+02 8.6700000E+00 3.4500000E+02 9 5.4966707E+01 2.2391258E-01 5.4207149E-01 -3.2687537E-02 1.2497457E-02 1.2359347E-02 1.2107689E-02 4.5084050E-04 6.9381551E-04 6.5773078E-03 8.4624979E-05 6.4660230E-03 9.1881280E-02 3.7311490E-02 6.5453952E-05 1.5652064E+00 1.8987710E+01 -7.6525277E-02
2.6764000E+02 2.7427000E+02 8.6700000E+00 3.5000000E+02 9 5.4945548E+01 2.3413562E-01 5.6117625E-01 -3.2517977E-02 1.2874306E-02 1.2375935E-02 1.2128628E-02 4.4304665E-04 7.4857379E-04 6.7720706E-03 8.3162036E-05 6.6325019E-03 9.5530262E-02 3.8432823E-02 6.7015866E-05 1.5333179E+00 1.9019473E+01 -8.2485834E-02
2.6764000E+02 2.7427000E+02 8.6700000E+00 3.5500000E+02 9 5.4928912E+01 2.4274626E-01 5.7702096E-01 -3.2373600E-02 1.3260010E-02 1.2389053E-02 1.2145806E-02 4.3577254E-04 7.9932150E-04 6.9715991E-03 8.1796649E-05 6.8037295E-03 9.8339019E-02 3.9580573E-02 6.8621658E-05 1.5127159E+00 1.9039947E+01 -8.6695554E-02
2.6764000E+02 2.7427000E+02 8.6700000E+00 3.6000000E+02 9 5.4916276E+01 2.4968288E-01 5.8959656E-01 -3.2238495E-02 1.3611502E-02 1.2397878E-02 1.2158427E-02 4.2897194E-04 8.4371692E-04 7.1531745E-03 8.0520144E-05 6.9598086E-03 1.0043369E-01 4.0626572E-02 7.0073435E-05 1.4994249E+00 1.9053138E+01 -8.9601749E-02
2.6764000E+02 2.7427000E+02 8.6700000E+00 3.6500000E+02 9 5.4906858E+01 2.5513690E-01 5.9933816E-01 -3.2108354E-02 1.3913073E-02 1.2403079E-02 1.2167182E-02 4.2260467E-04 8.8074853E-04 7.3085300E-03 7.9324975E-05 7.0934301E-03 1.0196964E-01 4.1524070E-02 7.1301194E-05 1.4908213E+00 1.9061673E+01 -9.1585785E-02
2.6764000E+02 2.7427000E+02 8.6700000E+00 3.7000000E+02 9 5.4899896E+01 2.5937427E-01 6.0679427E-01 -3.1983284E-02 1.4163386E-02 1.2405713E-02 1.2173149E-02 4.1663459E-04 9.1058075E-04 7.4369934E-03 7.8204362E-05 7.2038916E-03 1.0308779E-01 4.2269086E-02 7.2300616E-05 1.4852128E+00 1.9067237E+01 -9.2936038E-02
2.6764000E+02 2.7427000E+02 8.6700000E+00 3.7500000E+02 9 5.4894754E+01 2.6265820E-01 6.1248598E-01 -3.1864681E-02 1.4367741E-02 1.2406793E-02 1.2177358E-02 4.1102876E-04 9.3403410E-04 7.5414135E-03 7.7152119E-05 7.2935258E-03 1.0390226E-01 4.2877374E-02 7.3097197E-05 1.4815162E+00 1.9070907E+01 -9.3858283E-02
2.6764000E+02 2.7427000E+02 8.6700000E+00 3.8000000E+02 9 5.4890930E+01 2.6521514E-01 6.1685199E-01 -3.1753914E-02 1.4533669E-02 1.2407133E-02 1.2180640E-02 4.0575698E-04 9.5227466E-04 7.6258085E-03 7.6162580E-05 7.3657059E-03 1.0449996E-01 4.3371334E-02 7.3726176E-05 1.4790432E+00 1.9073365E+01 -9.4494259E-02
2.6764000E+02 2.7427000E+02 8.6700000E+00 3.8500000E+02 9 5.4888053E+01 2.6722593E-01 6.2023724E-01 -3.1651875E-02 1.4668698E-02 1.2407305E-02 1.2183584E-02 4.0079161E-04 9.6649989E-04 7.6941711E-03 7.5230556E-05 7.4238311E-03 1.0494445E-01 4.3773355E-02 7.4222341E-05 1.4773582E+00 1.9075044E+01 -9.4939356E-02
2.6764000E+02 2.7427000E+02 8.6700000E+00 3.9000000E+02 9 5.4885852E+01 2.6882876E-01 6.2290135E-01 -3.1558915E-02 1.4779376E-02 1.2407667E-02 1.2186561E-02 3.9610743E-04 9.7766184E-04 7.7499508E-03 7.4351313E-05 7.4708800E-03 1.0528098E-01 4.4102914E-02 7.4615726E-05 1.4761843E+00 1.9076218E+01 -9.5257002E-02
2.6764000E+02 2.7427000E+02 8.6700000E+00 3.9500000E+02 9 5.4884135E+01 2.7012626E-01 6.2503437E-01 -3.1474943E-02 1.4871010E-02 1.2408403E-02 1.2189767E-02 3.9168147E-04 9.8650317E-04 7.7959274E-03 7.3520538E-05 7.5092788E-03 1.0554118E-01 4.4375792E-02 7.4930463E-05 1.4753455E+00 1.9077061E+01 -9.5489016E-02
2.6764000E+02 2.7427000E+02 8.6700000E+00 4.0000000E+02 9 5.4882770E+01 2.7119324E-01 6.2677298E-01 -3.1399556E-02 1.4947721E-02 1.2409568E-02 1.2193271E-02 3.8749286E-04 9.9359041E-04 7.8342426E-03 7.2734316E-05 7.5409250E-03 1.0574696E-01 4.4604249E-02 7.5185152E-05 1.4747290E+00 1.9077684E+01 -9.5662948E-02
2.6764000E+02 2.7427000E+02 8.6700000E+00 4.0500000E+02 9 5.4881660E+01 2.7208402E-01 6.2821487E-01 -3.1332162E-02 1.5012654E-02 1.2411135E-02 1.2197054E-02 3.8352268E-04 9.9935733E-04 7.8665261E-03 7.1989093E-05 7.5672689E-03 1.0591338E-01 4.4797645E-02 7.5393804E-05 1.4742626E+00 1.9078160E+01 -9.5796939E-02
2.6764000E+02 2.7427000E+02 8.6700000E+00 4.1000000E+02 9 5.4880743E+01 2.7283787E-01 6.2942952E-01 -3.1272074E-02 1.5068174E-02 1.2413026E-02 1.2201049E-02 3.7975377E-04 1.0041155E-03 7.8939915E-03 7.1281649E-05 7.5894069E-03 1.0605082E-01 4.4963011E-02 7.5566830E-05 1.4738987E+00 1.9078535E+01 -9.5903092E-02
2.6764000E+02 2.7427000E+02 8.6700000E+00 4.1200000E+02 9 5.4873741E+01 2.8648761E-01 6.5774244E-01 -3.1249162E-02 1.7201184E-02 1.3766916E-02 1.3555763E-02 3.7827735E-04 1.1905246E-03 8.9831990E-03 7.1004519E-05 8.6139369E-03 1.0610554E-01 5.1327663E-02 8.5044046E-05 1.5436184E+00 1.9001163E+01 -8.4488988E-02
2.6764000E+02 2.7427000E+02 8.6700000E+00 4.1700000E+02 9 5.4880260E+01 2.7256882E-01 6.2852926E-01 -3.1198185E-02 1.4954326E-02 1.2325686E-02 1.2116493E-02 3.7476606E-04 9.7973039E-04 7.8339234E-03 7.0345433E-05 7.5293846E-03 1.0620958E-01 4.4623061E-02 7.5276990E-05 1.4679997E+00 1.9084709E+01 -9.6959860E-02
2.6764000E+02 2.7427000E+02 8.6700000E+00 4.2200000E+02 9 5.4879597E+01 2.7318593E-01 6.2956527E-01 -3.1152821E-02 1.5009779E-02 1.2327693E-02 1.2120367E-02 3.7142097E-04 9.9559078E-04 7.8614912E-03 6.9717542E-05 7.5519468E-03 1.0630237E-01 4.4788218E-02 7.5150715E-05 1.4683264E+00 1.9084683E+01 -9.6949915E-02
2.6764000E+02 2.7427000E+02 8.6700000E+00 4.2700000E+02 9 5.4878922E+01 2.7392563E-01 6.3082902E-01 -3.1112427E-02 1.5085911E-02 1.2343718E-02 1.2138174E-02 3.6822975E-04 1.0063324E-03 7.8998194E-03 6.9118536E-05 7.5844708E-03 1.0638347E-01 4.5015062E-02 7.5390780E-05 1.4693387E+00 1.9083614E+01 -9.6803957E-02
2.6764000E+02 2.7427000E+02 8.6700000E+00 4.2900000E+02 9 5.4871967E+01 2.8765015E-01 6.5926898E-01 -3.1097025E-02 1.7235933E-02 1.3699478E-02 1.3494633E-02 3.6697713E-04 1.1964619E-03 8.9983109E-03 6.8883412E-05 8.6168475E-03 1.0641800E-01 5.1430356E-02 8.4952310E-05 1.5392087E+00 1.9006057E+01 -8.5264813E-02
2.6764000E+02 2.7427000E+02 8.6700000E+00 4.3000000E+02 9 5.4869841E+01 2.9180407E-01 6.6788454E-01 -3.1089508E-02 1.7881066E-02 1.4129540E-02 1.3925041E-02 3.6635669E-04 1.2384502E-03 9.3272844E-03 6.8766952E-05 8.9270320E-03 1.0643432E-01 5.3355557E-02 8.8143252E-05 1.5619058E+00 1.8980524E+01 -8.1784167E-02
2.6764000E+02 2.7427000E+02 8.6700000E+00 4.3500000E+02 9 5.4877133E+01 2.7667080E-01 6.3643502E-01 -3.1067946E-02 1.5475521E-02 1.2605541E-02 1.2403411E-02 3.6211169E-04 1.0187932E-03 8.0956269E-03 6.7970145E-05 7.7664248E-03 1.0649900E-01 4.6177465E-02 7.7262593E-05 1.4799025E+00 1.9071619E+01 -9.4964709E-02
2.6764000E+02 2.7427000E+02 8.6700000E+00 4.3600000E+02 9 5.4867790E+01 2.9532075E-01 6.7548461E-01 -3.1063610E-02 1.8423480E-02 1.4525809E-02 1.4324135E-02 3.6129582E-04 1.3014061E-03 9.6000220E-03 6.7817003E-05 9.1855469E-03 1.0651692E-01 5.4974761E-02 8.9055230E-05 1.5817412E+00 1.8960265E+01 -7.8920702E-02
2.6764000E+02 2.7427000E+02 8.6700000E+00 4.3700000E+02 9 5.4869729E+01 2.9550263E-01 6.7475190E-01 -3.0564223E-02 1.8489224E-02 1.4574477E-02 1.4373382E-02 3.6025810E-04 1.2790143E-03 9.6331389E-03 6.7622218E-05 9.2161220E-03 1.0611357E-01 5.5170818E-02 9.0091955E-05 1.5846847E+00 1.8956179E+01 -7.8263339E-02
2.6764000E+02 2.7427000E+02 8.6700000E+00 4.3800000E+02 9 5.4874765E+01 2.9501482E-01 6.7143231E-01 -2.9406820E-02 1.8526804E-02 1.4608635E-02 1.4408242E-02 3.5900102E-04 1.2643268E-03 9.6514919E-03 6.7386256E-05 9.2332733E-03 1.0515456E-01 5.5282956E-02 9.0634888E-05 1.5883223E+00 1.8951914E+01 -7.7279257E-02
2.6764000E+02 2.7427000E+02 8.6700000E+00 4.4300000E+02 9 5.4938998E+01 2.7029658E-01 5.9563634E-01 -1.6975979E-02 1.5946803E-02 1.2928520E-02 1.2731507E-02 3.5294559E-04 1.0298557E-03 8.3301606E-03 6.6249622E-05 7.9865882E-03 9.4729663E-02 4.7584015E-02 7.9846204E-05 1.5175636E+00 1.9031281E+01 -8.2740420E-02
2.6764000E+02 2.7427000E+02 8.6700000E+00 4.4400000E+02 9 5.4942448E+01 2.8575354E-01 6.2326145E-01 -1.4307576E-02 1.8699322E-02 1.4810016E-02 1.4613603E-02 3.5187080E-04 1.2688573E-03 9.7320394E-03 6.6047879E-05 9.3146210E-03 9.2494487E-02 5.5799391E-02 9.1108158E-05 1.6335745E+00 1.8905535E+01 -6.5746769E-02
2.6764000E+02 2.7427000E+02 8.6700000E+00 4.4500000E+02 9 5.4954967E+01 2.8391491E-01 6.1397568E-01 -1.1534263E-02 1.8698772E-02 1.4830834E-02 1.4634914E-02 3.5098736E-04 1.2370014E-03 9.7309271E-03 6.5882053E-05 9.3139789E-03 9.0164430E-02 5.5797826E-02 9.1970440E-05 1.6409234E+00 1.8896976E+01 -6.3816309E-02
2.6764000E+02 2.7427000E+02 8.6700000E+00 4.5000000E+02 9 5.5015664E+01 2.6119718E-01 5.4381910E-01 2.5483495E-04 1.6390035E-02 1.3358397E-02 1.3163631E-02 3.4892124E-04 1.0311643E-03 8.5503274E-03 6.5494232E-05 8.2012455E-03 8.0236936E-02 4.8908255E-02 8.2217054E-05 1.5709795E+00 1.8974773E+01 -6.8104677E-02
2.6764000E+02 2.7427000E+02 8.6700000E+00 4.5300000E+02 9 5.5040745E+01 2.6562591E-01 5.4129260E-01 6.7679895E-03 1.7827951E-02 1.4492590E-02 1.4298173E-02 3.4829500E-04 1.0996447E-03 9.2790045E-03 6.5376684E-05 8.8993793E-03 7.4753669E-02 5.3201561E-02 8.8469852E-05 1.6573474E+00 1.8882168E+01 -5.5423063E-02
2.6764000E+02 2.7427000E+02 8.6700000E+00 4.5400000E+02 9 5.5046559E+01 2.7169155E-01 5.5058686E-01 8.8773619E-03 1.9037078E-02 1.5478521E-02 1.5284206E-02 3.4811139E-04 1.1289089E-03 9.8910789E-03 6.5342220E-05 9.4877850E-03 7.2979323E-02 5.6812166E-02 9.3706302E-05 1.7337701E+00 1.8800307E+01 -4.7068907E-02
2.6764000E+02 2.7427000E+02 8.6700000E+00 4.5900000E+02 9 5.5101108E+01 2.4682554E-01 4.7928558E-01 1.8942754E-02 1.6206112E-02 1.3633617E-02 1.3439803E-02 3.4721327E-04 9.2622696E-04 8.4465734E-03 6.5173638E-05 8.1221053E-03 6.4499593E-02 4.8363365E-02 8.1604994E-05 1.6161106E+00 1.8928089E+01 -5.5407644E-02
2.6764000E+02 2.7427000E+02 8.6700000E+00 4.6400000E+02 9 5.5138437E+01 2.3924360E-01 4.4897163E-01 2.6959091E-02 1.5919937E-02 1.3659832E-02 1.3466542E-02 3.4627695E-04 8.7055017E-04 8.2957917E-03 6.4997886E-05 7.9886750E-03 5.7755475E-02 4.7511410E-02 8.0032403E-05 1.6292429E+00 1.8915279E+01 -5.1016827E-02
2.6764000E+02 2.7427000E+02 8.6700000E+00 4.6900000E+02 9 5.5167498E+01 2.3321735E-01 4.2529529E-01 3.3188624E-02 1.5682488E-02 1.3704216E-02 1.3511212E-02 3.4576259E-04 8.1894390E-04 8.1704910E-03 6.4901339E-05 7.8785080E-03 5.2517534E-02 4.6804478E-02 7.8974570E-05 1.6401296E+00 1.8904239E+01 -4.7634962E-02
2.6764000E+02 2.7427000E+02 8.6700000E+00 4.7400000E+02 9 5.5190081E+01 2.2829515E-01 4.0661697E-01 3.8005322E-02 1.5464271E-02 1.3748742E-02 1.3555965E-02 3.4535730E-04 7.7396071E-04 8.0548371E-03 6.4825263E-05 7.7777814E-03 4.8471801E-02 4.6154644E-02 7.8084452E-05 1.6478534E+00 1.8896263E+01 -4.5154691E-02
2.6764000E+02 2.7427000E+02 8.6700000E+00 4.7900000E+02 9 5.5207660E+01 2.2422960E-01 3.9178430E-01 4.1731395E-02 1.5260938E-02 1.3786585E-02 1.3594049E-02 3.4492375E-04 7.3670110E-04 7.9464977E-03 6.4743885E-05 7.6843235E-03 4.5346871E-02 4.5548940E-02 7.7283072E-05 1.6527005E+00 1.8891167E+01 -4.3381256E-02
2.6764000E+02 2.7427000E+02 8.6700000E+00 4.8100000E+02 9 5.5208881E+01 2.3295113E-01 4.0900960E-01 4.3066445E-02 1.6860249E-02 1.5144477E-02 1.4952043E-02 3.4474119E-04 7.7481377E-04 8.7553617E-03 6.4709616E-05 8.4633451E-03 4.4231914E-02 5.0324538E-02 8.4622226E-05 1.7746485E+00 1.8761463E+01 -3.3276596E-02
2.6764000E+02 2.7427000E+02 8.6700000E+00 4.8200000E+02 9 5.5210458E+01 2.3506727E-01 4.1296841E-01 4.3697417E-02 1.7297535E-02 1.5580683E-02 1.5388302E-02 3.4464725E-04 7.7737430E-04 8.9751717E-03 6.4691983E-05 8.6778064E-03 4.3704794E-02 5.1630632E-02 8.6949986E-05 1.8183710E+00 1.8714834E+01 -3.0210106E-02
2.6764000E+02 2.7427000E+02 8.6700000E+00 4.8700000E+02 9 5.5230687E+01 2.1617462E-01 3.6751796E-01 4.6295662E-02 1.4541430E-02 1.3563271E-02 1.3371287E-02 3.4393574E-04 6.7167579E-04 7.5720743E-03 6.4558430E-05 7.3439080E-03 4.1528503E-02 4.3402544E-02 7.4544797E-05 1.6315006E+00 1.8913219E+01 -4.3681020E-02
2.6764000E+02 2.7427000E+02 8.6700000E+00 4.9200000E+02 9 5.5240690E+01 2.1308730E-01 3.5748867E-01 4.8335015E-02 1.4288538E-02 1.3452350E-02 1.3260902E-02 3.4297558E-04 6.5643601E-04 7.4401669E-03 6.4378202E-05 7.2235984E-03 3.9830230E-02 4.2647928E-02 7.3012021E-05 1.6249529E+00 1.8920775E+01 -4.3564763E-02
2.6764000E+02 2.7427000E+02 8.6700000E+00 4.9700000E+02 9 5.5248413E+01 2.1102111E-01 3.5021849E-01 4.9950936E-02 1.4141047E-02 1.3381315E-02 1.3190354E-02 3.4210483E-04 6.4720647E-04 7.3631758E-03 6.4214759E-05 7.1529492E-03 3.8488205E-02 4.2207614E-02 7.2298147E-05 1.6224014E+00 1.8923633E+01 -4.3230340E-02
2.6764000E+02 2.7427000E+02 8.6700000E+00 5.0200000E+02 9 5.5254566E+01 2.0947556E-01 3.4456050E-01 5.1253567E-02 1.4037141E-02 1.3328895E-02 1.3138410E-02 3.4125012E-04 6.3902764E-04 7.3088651E-03 6.4054326E-05 7.1028731E-03 3.7409675E-02 4.1897348E-02 7.1872395E-05 1.6210125E+00 1.8925108E+01 -4.2898096E-02
2.6764000E+02 2.7427000E+02 8.6700000E+00 5.0500000E+02 9 5.5254396E+01 2.1551206E-01 3.5661325E-01 5.1941629E-02 1.5106074E-02 1.4163972E-02 1.3973777E-02 3.4073268E-04 6.7453012E-04 7.8512601E-03 6.3957200E-05 7.6207789E-03 3.6843823E-02 4.5088344E-02 7.6975821E-05 1.6950904E+00 1.8845958E+01 -3.6441457E-02
2.6764000E+02 2.7427000E+02 8.6700000E+00 5.0600000E+02 9 5.5252191E+01 2.2175218E-01 3.7014605E-01 5.2161254E-02 1.6159921E-02 1.5039940E-02 1.4849841E-02 3.4055941E-04 6.9601500E-04 8.3848688E-03 6.3924677E-05 8.1333631E-03 3.6665005E-02 4.8235065E-02 8.1770311E-05 1.7812773E+00 1.8754760E+01 -3.0285672E-02
2.6764000E+02 2.7427000E+02 8.6700000E+00 5.1100000E+02 9 5.5264712E+01 2.0457522E-01 3.3092829E-01 5.3123931E-02 1.3467355E-02 1.2987014E-02 1.2797409E-02 3.3967486E-04 6.0470619E-04 7.0165463E-03 6.3758641E-05 6.8273387E-03 3.5867188E-02 4.0196303E-02 6.9732803E-05 1.5946660E+00 1.8952644E+01 -4.4680218E-02
2.6764000E+02 2.7427000E+02 8.6700000E+00 5.1600000E+02 9 5.5268646E+01 2.0331739E-01 3.2648532E-01 5.3929823E-02 1.3341021E-02 1.2846142E-02 1.2657012E-02 3.3882458E-04 6.0730848E-04 6.9529519E-03 6.3599040E-05 6.7641227E-03 3.5205532E-02 3.9818748E-02 6.8766048E-05 1.5889862E+00 1.8959277E+01 -4.4946183E-02
2.6764000E+02 2.7427000E+02 8.6700000E+00 5.2100000E+02 9 5.5271756E+01 2.0267209E-01 3.2349031E-01 5.4610542E-02 1.3293352E-02 1.2752249E-02 1.2563497E-02 3.3814518E-04 6.0994545E-04 6.9299555E-03 6.3471514E-05 6.7385875E-03 3.4647695E-02 3.9675934E-02 6.8485277E-05 1.5871317E+00 1.8961427E+01 -4.4884520E-02
2.6764000E+02 2.7427000E+02 8.6700000E+00 5.2600000E+02 9 5.5274360E+01 2.0223549E-01 3.2113486E-01 5.5194097E-02 1.3267961E-02 1.2681518E-02 1.2493134E-02 3.3748641E-04 6.0998803E-04 6.9181361E-03 6.3347859E-05 6.7240708E-03 3.4170966E-02 3.9599730E-02 6.8388520E-05 1.5862922E+00 1.8962365E+01 -4.4754949E-02
2.6764000E+02 2.7427000E+02 8.6700000E+00 5.3100000E+02 9 5.5276603E+01 2.0187416E-01 3.1912614E-01 5.5700151E-02 1.3247603E-02 1.2623485E-02 1.2435487E-02 3.3679536E-04 6.0820514E-04 6.9086067E-03 6.3218146E-05 6.7122678E-03 3.3759139E-02 3.9538658E-02 6.8332494E-05 1.5856254E+00 1.8963067E+01 -4.4634203E-02
2.6764000E+02 2.7427000E+02 8.6700000E+00 5.3600000E+02 9 5.5278565E+01 2.0154830E-01 3.1735354E-01 5.6142912E-02 1.3227883E-02 1.2573264E-02 1.2385674E-02 3.3606433E-04 6.0581033E-04 6.8991875E-03 6.3080928E-05 6.7009695E-03 3.3400318E-02 3.9479567E-02 6.8277089E-05 1.5849280E+00 1.8963782E+01 -4.4538906E-02
2.6764000E+02 2.7427000E+02 8.6700000E+00 5.4100000E+02 9 5.5280296E+01 2.0124923E-01 3.1576967E-01 5.6533034E-02 1.3208291E-02 1.2528380E-02 1.2341217E-02 3.3529863E-04 6.0329380E-04 6.8896930E-03 6.2937201E-05 6.6898477E-03 3.3085526E-02 3.9420904E-02 6.8214794E-05 1.5841753E+00 1.8964548E+01 -4.4468236E-02
2.6764000E+02 2.7427000E+02 8.6700000E+00 5.4600000E+02 9 5.5281829E+01 2.0097593E-01 3.1434888E-01 5.6878765E-02 1.3189255E-02 1.2487494E-02 1.2300774E-02 3.3450538E-04 6.0100579E-04 6.8803967E-03 6.2788305E-05 6.6790544E-03 3.2807798E-02 3.9363927E-02 6.8147571E-05 1.5833936E+00 1.8965344E+01 -4.4417089E-02
2.6764000E+02 2.7427000E+02 8.6700000E+00 5.5100000E+02 9 5.5283193E+01 2.0072948E-01 3.1307347E-01 5.7186660E-02 1.3171282E-02 1.2449833E-02 1.2263568E-02 3.3369062E-04 5.9888178E-04 6.8715878E-03 6.2635371E-05 6.6688061E-03 3.2561607E-02 3.9310140E-02 6.8079134E-05 1.5826072E+00 1.8966145E+01 -4.4380503E-02
2.6764000E+02 2.7427000E+02 8.6700000E+00 5.5600000E+02 9 5.5284408E+01 2.0050919E-01 3.1192826E-01 5.7462041E-02 1.3154689E-02 1.2414913E-02 1.2229112E-02 3.3285895E-04 5.9706558E-04 6.8634457E-03 6.2479261E-05 6.6592413E-03 3.2342471E-02 3.9260481E-02 6.8012465E-05 1.5818407E+00 1.8966926E+01 -4.4354363E-02
2.6764000E+02 2.7427000E+02 8.6700000E+00 5.6100000E+02 9 5.5285495E+01 2.0031406E-01 3.1089931E-01 5.7709297E-02 1.3139604E-02 1.2382391E-02 1.2197062E-02 3.3201383E-04 5.9544371E-04 6.8560468E-03 6.2320629E-05 6.6504127E-03 3.2146700E-02 3.9215327E-02 6.7949408E-05 1.5811034E+00 1.8967677E+01 -4.4335936E-02
2.6764000E+02 2.7427000E+02 8.6700000E+00 5.6600000E+02 9 5.5286470E+01 2.0014221E-01 3.0997397E-01 5.7932098E-02 1.3126043E-02 1.2352004E-02 1.2167152E-02 3.3115799E-04 5.9404114E-04 6.8494042E-03 6.2159983E-05 6.6423268E-03 3.1971212E-02 3.9174725E-02 6.7890882E-05 1.5804032E+00 1.8968390E+01 -4.4323150E-02
2.6764000E+02 2.7427000E+02 8.6700000E+00 5.7100000E+02 9 5.5287346E+01 1.9999143E-01 3.0914052E-01 5.8133542E-02 1.3113932E-02 1.2323526E-02 1.2139157E-02 3.3029359E-04 5.9285261E-04 6.8434826E-03 6.1997731E-05 6.6349487E-03 3.1813411E-02 3.9138455E-02 6.7837115E-05 1.5797423E+00 1.8969062E+01 -4.4314637E-02
2.6764000E+02 2.7427000E+02 8.6700000E+00 5.7600000E+02 9 5.5288135E+01 1.9985960E-01 3.0838841E-01 5.8316267E-02 1.3103162E-02 1.2296761E-02 1.2112879E-02 3.2942243E-04 5.9182404E-04 6.8382273E-03 6.1834211E-05 6.6282267E-03 3.1671085E-02 3.9106189E-02 6.7787976E-05 1.5791194E+00 1.8969695E+01 -4.4309487E-02
2.6764000E+02 2.7427000E+02 8.6700000E+00 5.8100000E+02 9 5.5288849E+01 1.9974462E-01 3.0770823E-01 5.8482532E-02 1.3093608E-02 1.2271534E-02 1.2088141E-02 3.2854603E-04 5.9093940E-04 6.8335753E-03 6.1669706E-05 6.6221014E-03 3.1542346E-02 3.9077554E-02 6.7743141E-05 1.5785323E+00 1.8970291E+01 -4.4307038E-02
2.6764000E+02 2.7427000E+02 8.6700000E+00 5.8200000E+02 9 5.5281538E+01 2.1466904E-01 3.3980399E-01 5.8515144E-02 1.5508179E-02 1.4052674E-02 1.3869378E-02 3.2837055E-04 6.7475030E-04 8.0622424E-03 6.1636768E-05 7.7899609E-03 3.1522039E-02 4.6285674E-02 7.8207582E-05 1.7453364E+00 1.8793870E+01 -3.0943244E-02
2.6764000E+02 2.7427000E+02 8.6700000E+00 5.8700000E+02 9 5.5289758E+01 1.9930387E-01 3.0651675E-01 5.8664025E-02 1.3042939E-02 1.2245539E-02 1.2063508E-02 3.2610487E-04 5.8676932E-04 6.8067170E-03 6.1211487E-05 6.5951839E-03 3.1411605E-02 3.8926225E-02 6.7588342E-05 1.5760371E+00 1.8972778E+01 -4.4485028E-02
2.6764000E+02 2.7427000E+02 8.6700000E+00 5.9200000E+02 9 5.5290192E+01 1.9957511E-01 3.0661800E-01 5.8821846E-02 1.3086209E-02 1.2246212E-02 1.2066202E-02 3.2248370E-04 5.9123724E-04 6.8274386E-03 6.0531777E-05 6.6122454E-03 3.1308428E-02 3.9055282E-02 6.7430350E-05 1.5779708E+00 1.8971112E+01 -4.4255864E-02
2.6764000E+02 2.7427000E+02 8.6700000E+00 5.9700000E+02 9 5.5290574E+01 1.9989797E-01 3.0678255E-01 5.8975302E-02 1.3132779E-02 1.2243735E-02 1.2065993E-02 3.1842148E-04 5.9427915E-04 6.8497701E-03 5.9769278E-05 6.6303152E-03 3.1212147E-02 3.9194122E-02 6.7562156E-05 1.5798774E+00 1.8969166E+01 -4.4030039E-02
2.6764000E+02 2.7427000E+02 8.6700000E+00 6.0200000E+02 9 5.5290950E+01 2.0015010E-01 3.0683826E-01 5.9118481E-02 1.3168033E-02 1.2238199E-02 1.2062685E-02 3.1442921E-04 5.9523400E-04 6.8662145E-03 5.9019909E-05 6.6431606E-03 3.1123809E-02 3.9299225E-02 6.7702561E-05 1.5811801E+00 1.8967789E+01 -4.3863430E-02
2.6764000E+02 2.7427000E+02 8.6700000E+00 6.0700000E+02 9 5.5291325E+01 2.0032162E-01 3.0678042E-01 5.9250361E-02 1.3191582E-02 1.2230269E-02 1.2056858E-02 3.1066309E-04 5.9525056E-04 6.8766463E-03 5.8312990E-05 6.6507398E-03 3.1043125E-02 3.9369426E-02 6.7803356E-05 1.5819191E+00 1.8966991E+01 -4.3753649E-02
2.6764000E+02 2.7427000E+02 8.6700000E+00 6.1200000E+02 9 5.5291692E+01 2.0043215E-01 3.0664304E-01 5.9371558E-02 1.3206396E-02 1.2220599E-02 1.2049153E-02 3.0714174E-04 5.9488489E-04 6.8826486E-03 5.7652016E-05 6.6544369E-03 3.0969457E-02 3.9413580E-02 6.7865715E-05 1.5822473E+00 1.8966623E+01 -4.3686266E-02
2.6764000E+02 2.7427000E+02 8.6700000E+00 6.1700000E+02 9 5.5292043E+01 2.0050314E-01 3.0645953E-01 5.9483109E-02 1.3215432E-02 1.2209720E-02 1.2040115E-02 3.0384381E-04 5.9424429E-04 6.8857735E-03 5.7032978E-05 6.6555959E-03 3.0902100E-02 3.9440493E-02 6.7900209E-05 1.5823001E+00 1.8966548E+01 -4.3647877E-02
2.6764000E+02 2.7427000E+02 8.6700000E+00 6.2200000E+02 9 5.5292376E+01 2.0054912E-01 3.0625353E-01 5.9586055E-02 1.3220824E-02 1.2198061E-02 1.2030187E-02 3.0074249E-04 5.9373158E-04 6.8871335E-03 5.6450845E-05 6.6551808E-03 3.0840391E-02 3.9456528E-02 6.7916556E-05 1.5821865E+00 1.8966651E+01 -4.3628346E-02
2.6764000E+02 2.7427000E+02 8.6700000E+00 6.2700000E+02 9 5.5292687E+01 2.0058087E-01 3.0604090E-01 5.9681323E-02 1.3224046E-02 1.2185963E-02 1.2019723E-02 2.9781475E-04 5.9331872E-04 6.8874917E-03 5.5901293E-05 6.6538576E-03 3.0783731E-02 3.9466085E-02 6.7921971E-05 1.5819739E+00 1.8966860E+01 -4.3620819E-02
2.6764000E+02 2.7427000E+02 8.6700000E+00 6.3200000E+02 9 5.5292978E+01 2.0060491E-01 3.0583102E-01 5.9769714E-02 1.3226017E-02 1.2173680E-02 1.2008988E-02 2.9504221E-04 5.9302110E-04 6.8873152E-03 5.5380875E-05 6.6520443E-03 3.0731589E-02 3.9471903E-02 6.7921129E-05 1.5817066E+00 1.8967129E+01 -4.3620810E-02
2.6764000E+02 2.7427000E+02 8.6700000E+00 6.3700000E+02 9 5.5293249E+01 2.0062507E-01 3.0562900E-01 5.9851922E-02 1.3227292E-02 1.2161392E-02 1.1998169E-02 2.9241013E-04 5.9282274E-04 6.8868793E-03 5.4886820E-05 6.6499952E-03 3.0683500E-02 3.9475637E-02 6.7916869E-05 1.5814114E+00 1.8967428E+01 -4.3625508E-02
2.6764000E+02 2.7427000E+02 8.6700000E+00 6.4200000E+02 9 5.5293500E+01 2.0064356E-01 3.0543730E-01 5.9928550E-02 1.3228195E-02 1.2149211E-02 1.1987386E-02 2.8990623E-04 5.9270008E-04 6.8863383E-03 5.4416824E-05 6.6478602E-03 3.0639055E-02 3.9478256E-02 6.7910836E-05 1.5811038E+00 1.8967741E+01 -4.3633186E-02
2.6764000E+02 2.7427000E+02 8.6700000E+00 6.4700000E+02 9 5.5293733E+01 2.0066153E-01 3.0525679E-01 6.0000127E-02 1.3228907E-02 1.2137202E-02 1.1976709E-02 2.8751988E-04 5.9263796E-04 6.8857763E-03 5.3968896E-05 6.6457220E-03 3.0597896E-02 3.9480303E-02 6.7903946E-05 1.5807929E+00 1.8968058E+01 -4.3642799E-02
2.6764000E+02 2.7427000E+02 8.6700000E+00 6.5000000E+02 9 5.5290297E+01 2.0783460E-01 3.2052311E-01 6.0041360E-02 1.4385670E-02 1.2963980E-02 1.2804264E-02 2.8612828E-04 6.3650411E-04 7.4751442E-03 5.3707686E-05 7.2023672E-03 3.0576925E-02 4.2933021E-02 7.3315843E-05 1.6534648E+00 1.8890422E+01 -3.7293152E-02
