7.45 11.51 13.94 22.63 18.65 11.8 3.0 3.5 5.2 5.03 4.39 4.07 5.91 7.99 5.36 3.71 4.34 8.1 11.24 4.9 2.26 2.63 8.3 3.6 5.23 4.2 4.55 12.17 13.17 11.63 9.36 4.9 8.33 9.48 19.94 14.04 8.22 5.99 8.26 12.26 3.7 4.22 2.74 4.8 3.31 3.38 3.24 5.7 5.96 7.71 4.41 25.17 11.52 20.18 15.21 12.89 24.21 8.58 16.02 4.67 4.57 11.45 4.3 6.16
9.01 16.61 9.48 9.49 5.53 6.04 4.36 9.0 7.1 15.36 6.35 11.05 8.64 6.28 3.91 8.38 2.54 8.97 7.97 9.21 2.79 3.04 12.36 8.46 14.79 3.22 5.8 9.02 21.39 12.85 8.63 2.03 6.02 4.08 12.39 16.56 8.44 8.11 3.22 5.51 2.96 3.63 2.11 8.97 2.62 6.38 2.69 6.44 6.73 5.9 5.39 11.85 15.15 24.96 22.3 12.22 14.36 10.8 9.85 6.84 9.02 5.06 2.7 3.94
6.72 5.12 8.85 5.18 3.95 7.21 6.61 10.29 5.47 6.22 6.27 6.68 14.06 17.41 8.66 8.23 8.41 9.94 43.74 17.14 8.0 5.12 6.82 4.01 9.58 4.61 4.07 5.4 4.55 10.29 8.71 2.4 5.08 6.01 13.71 8.85 7.56 9.51 7.25 5.91 5.55 9.96 5.12 11.13 5.32 4.61 3.68 8.08 3.72 3.77 3.7 10.28 9.08 22.73 10.54 14.01 5.8 10.35 6.9 4.78 4.57 6.13 4.74 4.1
8.0 5.59 5.24 6.14 5.68 6.39 8.48 4.32 4.85 5.53 10.76 6.24 7.29 11.32 10.13 10.85 9.28 12.26 7.34 6.27 9.24 6.29 2.37 4.14 7.5 4.61 4.85 3.71 6.23 11.94 9.79 8.54 2.47 3.32 11.64 10.27 8.75 8.76 6.61 9.47 8.44 10.75 13.11 5.12 1.8 2.27 1.77 5.81 6.97 7.99 5.55 9.65 10.42 21.74 12.21 14.44 18.04 4.65 6.52 3.75 3.04 4.34 10.82 2.49
9.0 4.36 10.46 5.97 8.88 7.68 5.73 4.71 4.79 9.18 8.63 8.21 4.44 7.19 17.05 11.16 5.66 5.06 2.06 2.81 6.68 4.27 3.39 4.25 12.73 9.64 6.6 12.96 8.89 6.75 8.71 3.03 4.84 3.8 11.0 6.68 5.71 4.22 7.69 9.24 7.14 9.74 5.85 5.39 7.38 9.75 6.74 5.62 7.37 8.21 3.93 3.55 4.65 9.65 6.59 10.28 5.52 2.64 2.19 2.18 2.12 5.77 7.94 9.19
13.48 6.14 3.99 6.4 15.72 14.63 5.2 7.58 8.25 5.8 14.03 9.38 5.8 6.92 8.06 10.05 6.7 7.74 2.68 2.46 4.24 6.4 3.21 3.28 17.34 15.37 9.96 10.27 6.55 9.15 5.44 3.64 5.27 8.16 7.37 13.21 8.33 6.23 20.1 7.07 16.37 5.79 8.76 8.34 7.42 9.18 7.88 3.36 8.25 4.12 2.7 5.52 6.63 7.85 6.66 9.06 8.33 3.54 5.95 4.54 7.02 11.29 7.76 10.35
14.0 4.51 2.49 4.59 22.45 18.81 8.6 5.53 7.64 7.8 11.32 10.1 6.29 4.04 3.43 3.89 6.63 13.22 1.68 1.76 2.54 5.13 8.24 13.6 27.72 16.64 21.63 5.36 4.36 4.68 5.08 5.59 10.29 6.46 12.02 16.7 11.77 3.69 5.94 5.12 11.44 5.04 5.7 15.44 21.12 15.04 10.36 8.47 9.02 8.93 4.4 6.13 11.98 8.7 3.8 7.47 5.04 5.61 5.39 3.42 9.74 5.2 6.08 7.6
5.29 3.9 3.82 9.43 5.86 10.38 4.84 3.32 3.48 2.56 11.27 7.62 8.58 6.4 4.87 3.52 4.41 5.82 4.2 4.08 11.31 7.97 8.79 3.53 8.61 10.79 10.73 12.17 10.68 11.98 5.06 6.93 12.54 9.37 10.85 8.82 8.83 11.93 5.89 6.6 7.54 7.53 12.88 4.92 14.23 8.35 10.67 7.97 11.01 9.61 2.77 3.6 5.27 10.01 10.02 11.71 8.64 4.26 5.46 5.7 7.51 3.29 7.72 6.72
10.86 9.92 4.85 4.36 5.92 5.88 4.05 2.24 2.67 5.19 17.35 7.6 13.32 7.46 4.84 3.47 5.23 6.33 10.0 3.06 6.96 21.14 17.0 9.64 16.71 7.86 9.57 6.54 6.98 33.73 9.73 7.22 7.73 9.26 3.44 4.34 4.96 8.03 8.19 8.28 5.65 5.92 9.59 4.96 8.35 3.61 4.89 11.89 9.89 16.2 4.19 2.72 4.04 5.0 6.98 7.57 13.77 4.72 8.01 2.51 5.14 5.38 8.04 6.43
10.81 6.92 7.22 3.2 4.41 7.88 6.05 6.81 12.07 22.76 28.33 8.21 2.37 2.87 3.64 4.56 6.88 9.76 7.9 13.26 20.11 21.57 9.1 10.35 7.43 7.83 10.26 8.91 12.63 7.89 6.26 9.8 11.34 19.62 15.91 3.67 6.39 5.43 7.07 7.51 6.64 5.64 5.05 7.91 4.88 15.79 6.71 4.92 10.62 3.81 6.65 4.66 4.64 6.15 8.83 6.52 19.93 4.61 4.37 2.86 5.96 8.7 13.78 10.34
27.44 6.53 8.2 4.06 10.36 7.1 10.44 12.96 23.92 14.66 10.18 8.98 5.24 5.98 2.65 8.41 5.28 8.14 19.45 12.54 11.41 10.42 6.98 7.24 6.7 6.54 13.58 10.31 13.52 9.28 3.56 11.34 6.57 12.59 4.14 4.92 2.53 3.52 5.8 7.72 9.33 7.18 6.51 8.7 4.65 18.02 10.34 4.97 4.11 4.22 8.03 4.93 9.94 4.0 10.46 6.06 11.89 4.61 7.48 5.44 9.65 7.56 3.64 7.44
8.1 3.79 5.43 5.91 10.59 38.2 15.1 17.76 16.21 12.45 6.44 18.53 7.95 10.54 5.61 7.43 4.59 7.2 6.26 11.29 2.98 1.83 3.18 3.14 6.78 4.76 11.5 9.03 11.88 8.52 3.88 3.49 7.11 9.62 9.34 6.84 3.28 4.84 5.27 12.61 14.39 11.99 7.43 4.37 7.39 19.33 30.37 18.62 7.76 4.62 4.55 6.52 8.9 3.08 4.62 6.46 5.58 8.28 5.84 5.72 14.5 12.67 6.22 6.35
5.02 11.65 16.48 7.08 8.54 15.97 4.87 10.99 9.8 10.61 5.27 12.01 9.88 13.6 5.01 4.33 4.99 3.06 7.41 6.34 5.55 2.56 4.33 4.11 11.57 4.34 7.54 12.21 5.87 9.45 7.25 5.62 8.59 8.28 9.01 7.23 3.43 6.33 6.15 15.36 10.64 28.86 8.42 5.18 15.18 7.1 4.27 12.79 8.25 10.38 4.26 6.28 5.17 7.04 9.77 21.38 29.62 23.77 8.43 4.4 4.45 9.66 6.06 3.92
7.91 7.46 11.22 9.97 3.28 14.41 6.58 8.41 6.42 7.37 5.1 5.07 7.9 10.15 5.52 5.22 7.05 5.43 3.05 6.36 8.6 5.14 2.38 4.22 9.83 8.75 10.04 6.19 12.9 8.91 6.56 10.65 7.45 8.61 8.35 5.37 7.18 8.34 8.46 5.19 5.97 18.85 18.54 11.43 12.11 15.04 13.1 19.22 15.56 12.33 7.59 23.41 8.72 9.03 10.03 15.06 5.78 5.9 8.79 7.8 6.88 3.36 4.48 2.91
7.21 11.54 11.63 12.95 20.26 16.57 5.12 9.4 6.03 5.3 8.45 3.78 12.53 7.77 7.19 4.67 4.78 3.0 3.83 3.89 3.51 8.23 2.58 3.09 3.4 5.79 5.79 11.1 7.61 10.97 7.31 18.55 18.87 5.92 5.81 7.78 5.52 4.23 11.16 9.89 14.3 27.0 9.22 5.92 4.62 7.14 7.32 5.83 3.3 7.97 6.61 9.18 9.14 7.59 7.72 11.8 6.6 6.41 4.71 7.42 12.09 5.58 2.5 4.17
4.64 6.13 22.19 24.52 47.17 13.99 4.78 5.01 11.13 5.85 5.88 5.94 9.58 5.26 11.54 4.5 5.15 2.77 3.39 2.71 2.52 4.07 5.88 9.79 4.23 5.68 4.72 7.49 14.22 10.23 8.82 23.5 11.63 6.28 3.74 4.1 3.32 5.65 3.23 4.68 9.94 11.54 4.02 2.36 2.61 5.29 4.74 3.48 4.36 4.74 6.67 4.12 2.83 4.72 6.82 6.49 5.69 5.67 3.23 3.51 7.58 5.72 3.68 2.64
6.11 4.51 7.84 6.73 20.13 4.77 7.23 9.36 7.79 5.94 6.44 6.67 8.91 15.46 9.53 3.6 4.62 14.08 9.86 7.78 3.28 13.33 6.81 7.25 5.61 5.93 8.65 5.31 9.32 7.07 4.1 4.83 6.22 6.65 6.59 6.1 6.54 6.59 3.64 6.75 6.15 3.41 5.11 3.04 6.11 3.96 6.27 6.47 5.3 5.0 4.63 5.99 5.67 9.97 6.69 4.93 5.43 3.84 4.3 4.02 4.27 7.0 10.0 16.85
6.84 8.19 7.6 6.53 12.03 5.88 5.59 1.88 3.26 5.82 5.22 5.04 8.6 22.22 12.79 4.11 3.34 4.49 16.84 4.0 4.05 10.32 10.63 8.28 5.13 3.81 6.18 5.4 5.09 9.05 5.84 3.17 5.47 4.57 5.16 4.39 9.54 10.52 4.94 5.9 5.97 6.57 4.38 4.51 5.82 6.41 12.1 9.22 3.98 3.53 8.54 5.29 13.9 10.97 7.97 4.48 5.14 9.86 7.83 4.25 5.22 8.02 3.77 20.15
11.26 6.61 9.05 3.8 7.8 12.24 3.81 5.4 11.84 10.76 14.9 6.28 11.21 11.96 4.91 3.87 3.0 5.83 11.36 6.32 3.52 6.65 3.37 11.36 24.84 10.73 8.68 3.78 5.84 5.68 4.39 9.75 4.86 13.84 6.33 7.25 17.19 9.74 7.9 4.64 12.45 14.67 6.33 4.65 4.15 3.04 3.94 2.22 3.45 4.17 4.96 10.05 13.21 15.11 8.89 3.25 2.89 2.12 6.33 4.03 11.95 6.31 8.04 9.86
7.95 6.48 10.19 7.92 11.84 16.71 4.98 4.56 11.22 11.95 21.72 14.41 14.4 11.89 9.26 1.92 3.31 6.88 6.06 4.19 12.96 4.36 5.31 7.83 18.53 17.31 10.99 6.81 6.97 12.1 19.53 30.31 16.58 10.36 6.4 5.33 9.24 6.1 6.26 9.89 5.8 5.36 2.87 4.53 2.63 2.52 8.12 5.56 9.36 5.11 3.52 3.98 3.89 8.54 7.0 4.42 3.12 2.22 5.31 11.76 3.99 3.26 3.78 11.15
6.81 12.84 5.23 3.56 15.15 9.56 8.71 15.13 16.67 17.02 12.87 12.39 9.31 7.3 7.78 2.52 7.87 5.21 10.27 9.11 10.37 6.19 5.94 6.66 8.62 5.17 8.58 6.45 5.85 8.16 15.28 22.24 19.45 7.6 4.67 6.34 3.9 14.69 9.87 15.69 3.71 4.38 3.92 4.28 3.16 3.89 5.46 3.24 11.05 9.25 5.23 1.05 1.93 3.14 4.24 3.82 3.48 4.44 4.3 3.09 4.37 1.82 4.3 12.33
9.84 13.74 6.33 4.96 9.17 11.53 13.68 6.66 20.01 14.77 12.14 10.41 5.39 7.89 7.72 11.97 19.62 5.59 6.76 8.52 4.21 6.06 6.98 8.29 5.8 10.32 13.15 10.61 15.91 10.23 15.43 8.89 14.88 18.54 7.8 4.57 6.77 5.05 9.37 7.51 6.85 6.73 6.08 7.27 6.63 7.25 6.81 5.72 10.63 7.76 6.48 2.04 1.84 4.97 2.76 3.62 3.7 5.04 3.02 4.16 6.71 5.73 9.21 12.58
4.9 4.48 5.95 4.31 6.43 14.33 8.05 5.07 4.07 14.87 27.13 5.34 3.33 4.74 6.07 9.81 18.44 5.77 5.11 1.78 3.28 6.83 3.35 9.34 6.22 12.47 11.21 7.03 4.79 7.27 3.84 6.33 8.49 12.79 20.48 4.83 6.33 6.58 9.15 7.41 16.26 7.41 4.67 12.8 7.93 9.56 12.56 9.53 12.19 16.24 20.45 10.3 4.94 3.25 2.97 1.95 4.77 6.45 5.05 5.84 8.25 4.83 11.67 7.99
11.92 6.78 5.92 5.64 15.2 12.15 12.27 9.47 18.95 16.11 16.23 6.1 8.85 7.74 6.33 8.41 6.49 15.11 5.98 6.98 3.95 6.45 4.59 6.49 5.88 6.35 7.99 6.17 6.11 3.57 6.47 9.34 8.52 8.21 10.43 4.91 5.28 2.67 4.32 7.13 8.0 9.34 8.52 7.05 7.88 9.05 9.8 7.85 3.44 9.68 11.69 6.3 3.61 5.69 2.08 4.7 4.39 6.04 4.55 2.95 6.66 5.18 10.69 12.59
7.77 15.67 9.21 11.3 18.58 7.15 4.64 10.07 15.13 16.63 13.25 15.63 13.88 15.59 7.12 6.55 16.67 19.02 8.31 6.95 2.38 5.36 5.49 5.4 4.82 3.67 4.82 10.49 22.91 12.01 12.1 3.52 8.41 5.96 5.08 4.61 3.33 2.46 5.97 4.39 4.06 8.33 12.68 6.5 6.91 5.84 15.16 9.15 5.33 4.19 8.27 7.76 4.54 9.45 3.72 12.32 4.29 2.98 4.42 7.05 5.02 8.25 6.09 12.59
6.1 8.57 4.06 8.64 10.37 5.07 5.79 14.62 18.62 9.22 8.78 13.46 22.57 13.44 26.16 19.09 10.25 8.87 6.08 5.54 5.68 10.01 14.09 3.67 4.72 6.19 6.36 8.09 8.04 9.7 6.97 7.46 6.01 2.96 5.64 10.19 7.42 5.89 4.79 12.11 5.59 2.65 5.03 6.95 8.83 5.13 7.36 10.66 7.76 2.66 6.28 6.63 9.1 16.86 3.66 5.85 2.61 4.2 2.74 3.01 5.61 4.74 4.99 8.6
2.47 8.65 4.54 9.89 18.01 8.65 6.24 7.83 8.16 7.07 13.81 16.75 30.02 11.61 9.06 17.09 7.08 4.68 8.14 8.74 3.61 10.24 6.6 10.33 8.67 6.31 7.09 3.8 7.59 24.37 10.11 12.76 5.74 4.73 6.15 8.23 12.37 7.79 5.06 4.21 6.58 2.23 7.45 11.49 9.5 5.34 11.57 7.98 14.66 10.09 7.51 11.14 10.13 7.03 7.07 7.51 2.08 5.85 2.55 3.53 8.35 5.38 6.72 4.46
11.59 7.35 7.27 8.91 11.7 5.41 1.34 1.92 8.5 5.43 9.01 8.21 10.32 12.31 7.99 4.76 9.83 4.89 8.23 4.57 6.78 8.36 14.53 9.27 8.05 9.04 5.48 4.48 5.23 24.5 5.59 9.76 5.47 20.89 4.38 10.51 7.66 3.34 5.71 6.49 8.03 11.96 10.04 11.34 4.29 5.09 6.48 7.09 13.18 9.37 10.04 10.4 10.26 8.1 8.33 16.26 14.47 6.2 5.77 4.55 8.16 10.23 10.29 5.07
7.85 7.37 12.69 5.41 9.44 3.91 2.41 2.02 5.26 6.13 9.06 4.0 8.59 15.0 15.52 11.81 9.65 11.35 12.14 17.48 5.83 6.53 8.64 10.65 6.83 8.44 4.19 6.72 3.02 8.24 9.29 11.27 25.53 11.85 7.19 8.68 4.15 5.38 5.06 2.8 4.15 2.45 5.05 6.19 6.5 6.48 3.54 6.05 10.0 5.97 13.16 18.31 13.17 11.8 16.54 19.54 9.92 3.33 2.77 3.58 14.56 12.16 17.41 7.51
10.3 7.61 4.32 7.49 15.15 7.67 19.79 5.69 9.65 9.09 3.86 4.26 5.94 9.88 10.8 9.13 5.25 16.87 16.49 26.41 11.79 11.87 7.23 11.62 10.95 11.15 10.21 6.76 5.73 9.15 18.91 10.4 12.76 9.42 9.96 10.62 3.56 7.21 16.61 15.24 10.42 7.55 7.74 7.13 7.26 8.16 3.9 13.7 14.99 14.78 12.14 7.19 19.68 13.77 6.95 6.87 4.01 2.69 7.19 6.71 5.96 5.65 17.42 20.34
8.83 9.48 5.7 5.16 6.3 7.6 3.85 5.75 4.1 6.16 3.97 5.23 2.94 7.77 6.12 9.33 10.76 14.11 18.5 13.48 13.46 9.9 12.06 6.46 13.92 9.58 15.25 6.63 7.83 12.81 6.67 10.62 5.85 20.59 29.7 14.42 9.77 6.66 6.9 10.41 6.03 13.51 13.6 11.85 3.99 4.38 6.74 6.73 11.64 9.03 12.47 4.41 15.43 15.8 14.95 9.5 6.84 5.36 10.22 18.52 12.83 7.15 9.35 12.74
8.6 7.55 7.36 6.43 7.78 7.86 3.7 9.07 6.14 4.57 8.45 5.8 6.86 4.41 4.7 9.21 9.89 16.48 20.33 27.34 12.9 9.93 8.28 6.83 24.16 32.22 21.61 4.32 7.57 7.03 8.79 10.65 3.96 6.1 4.44 7.6 7.76 7.28 4.2 10.35 9.24 17.43 13.08 6.18 4.45 4.56 5.86 9.3 6.83 6.5 6.38 5.25 12.21 23.2 13.87 20.37 8.56 6.7 5.29 7.66 6.73 7.99 7.59 6.44
4.25 5.92 10.47 4.77 8.66 11.92 12.83 16.22 5.84 5.02 7.76 11.67 15.55 8.57 6.41 17.22 20.11 8.08 18.65 18.57 30.58 9.85 6.15 7.33 21.06 13.43 19.16 3.11 6.26 6.6 5.98 7.24 7.24 5.26 6.41 5.64 13.49 26.58 9.97 12.22 19.6 22.3 6.68 15.92 2.09 5.93 7.3 8.31 7.96 11.21 7.83 9.02 5.66 8.22 30.27 19.47 9.03 7.44 8.62 8.37 6.34 6.26 15.8 17.54
4.57 5.62 8.81 6.37 15.39 14.73 12.23 11.68 9.88 5.69 5.43 7.86 14.86 14.91 12.04 8.25 14.18 6.15 10.19 15.83 19.38 19.89 2.99 3.87 6.58 9.77 3.8 11.43 3.88 2.62 10.56 6.55 8.81 8.28 4.55 5.28 7.43 10.18 20.47 20.67 12.68 6.88 11.24 5.7 6.92 6.34 6.56 13.38 6.64 7.11 13.33 5.85 7.2 9.89 7.77 14.82 5.65 9.73 13.2 13.05 13.66 12.26 17.43 15.08
9.79 12.8 10.4 17.01 23.65 11.88 7.05 5.32 10.45 5.37 8.39 15.26 16.88 11.63 16.03 12.17 9.69 4.29 6.99 14.32 15.55 25.01 6.41 5.52 5.1 3.6 6.21 6.92 7.91 9.33 4.42 3.67 6.49 6.56 4.24 4.13 7.09 6.2 18.41 9.49 21.55 7.48 15.28 5.65 5.36 7.76 10.87 9.36 4.53 8.17 7.75 9.22 16.79 15.96 20.13 17.31 7.5 23.61 8.15 19.1 11.35 3.36 2.18 3.57
14.78 7.86 4.97 7.99 8.65 7.22 5.28 4.64 5.1 5.37 14.97 21.07 12.18 13.23 5.98 18.79 19.35 20.75 12.35 10.02 10.94 9.12 4.27 5.57 4.62 9.7 8.03 1.7 4.16 5.72 3.36 2.83 2.29 4.47 7.3 4.18 12.03 10.41 14.56 10.84 6.37 16.14 10.94 5.34 8.48 5.52 8.11 7.31 3.86 10.12 17.98 22.6 21.94 15.85 13.5 6.09 10.86 13.32 12.05 12.58 6.12 4.46 4.26 3.4
21.6 25.37 10.47 5.25 4.68 8.86 3.96 3.73 4.9 7.12 14.97 12.97 24.63 10.2 5.75 6.46 7.95 9.38 9.47 6.49 9.67 15.05 4.04 3.17 3.36 5.71 5.52 2.92 9.23 5.05 5.87 2.9 3.35 3.94 7.2 7.58 7.53 6.44 13.48 4.79 14.3 14.37 13.02 5.94 4.88 5.97 11.2 14.04 4.92 4.99 5.78 5.07 7.38 14.9 4.91 5.78 6.69 8.91 5.88 5.23 5.71 10.17 5.15 11.99
16.55 12.59 12.94 5.46 11.32 10.1 2.84 5.08 6.12 7.09 7.78 5.84 7.74 10.81 11.91 12.84 18.22 11.52 10.36 13.09 10.19 5.95 3.51 4.4 7.29 6.13 3.72 2.86 6.16 4.95 7.11 2.34 6.48 8.24 7.98 4.18 6.21 13.42 6.92 6.09 9.71 23.27 8.28 3.88 2.62 8.91 6.36 6.16 2.58 2.19 4.62 4.75 9.78 7.54 5.16 8.64 11.01 6.89 10.75 5.39 6.76 6.81 4.85 3.33
12.55 12.11 9.29 14.23 12.01 3.42 2.8 3.05 3.54 10.92 8.56 3.26 5.9 6.99 7.24 11.37 10.62 5.27 13.45 10.34 15.11 8.28 2.95 7.56 5.67 6.61 7.22 5.67 6.12 12.25 13.04 9.02 7.47 8.0 5.57 5.02 3.18 11.65 14.09 6.74 9.39 7.95 3.6 4.97 4.34 11.69 13.3 3.99 2.92 2.78 4.28 6.22 12.7 2.3 20.89 6.97 3.14 3.98 2.7 6.53 3.16 2.91 3.89 5.57
8.43 3.35 9.98 12.26 6.38 12.88 7.69 4.52 4.31 9.39 8.82 2.79 5.18 13.97 7.46 9.11 11.03 8.8 17.13 13.6 14.13 7.66 4.43 3.46 2.76 7.06 5.64 10.81 11.52 6.12 12.72 15.38 5.06 12.62 6.83 11.88 2.98 3.77 5.55 5.93 4.37 6.7 3.97 2.73 4.38 8.1 4.32 4.02 5.33 4.62 9.85 3.7 10.77 3.73 17.52 16.84 8.25 5.94 5.35 7.22 6.81 11.63 6.48 4.69
5.47 1.8 8.96 21.2 24.02 16.59 12.62 7.75 6.55 6.99 5.54 5.8 4.37 5.36 5.9 13.41 11.5 15.61 15.94 8.6 13.57 8.59 8.35 5.36 3.2 6.7 7.09 15.11 15.84 11.68 7.31 6.98 12.18 22.89 10.99 7.29 3.54 3.01 2.89 7.27 4.85 9.16 5.69 3.95 9.47 11.29 5.6 6.6 5.75 16.52 9.06 5.59 18.6 12.42 9.41 10.46 12.75 7.7 5.46 13.41 22.37 26.75 17.08 4.15
3.41 4.85 14.43 13.42 12.12 10.43 4.66 6.67 4.48 12.67 7.88 10.38 10.8 4.3 4.25 7.96 11.82 8.19 10.53 8.59 18.44 10.64 7.33 15.02 2.22 10.36 6.08 11.8 8.44 9.02 7.42 3.53 14.72 19.17 7.97 5.37 5.95 5.23 2.79 2.23 6.59 4.75 12.38 12.37 11.79 9.6 11.31 10.15 6.14 5.52 8.09 6.49 3.94 2.57 5.94 10.52 14.62 30.56 17.12 22.15 23.6 32.11 22.9 11.62
7.64 7.66 5.57 7.89 7.49 16.03 10.25 5.26 3.66 7.08 31.08 19.17 32.96 12.24 3.49 6.67 12.73 9.7 17.91 17.69 20.69 19.45 8.27 15.0 5.13 5.77 5.77 3.92 6.58 5.61 7.14 5.71 23.23 11.79 9.41 11.98 14.16 6.04 2.43 2.1 4.73 8.62 5.93 14.34 4.75 9.95 6.04 8.32 3.83 4.65 3.28 9.82 4.64 10.11 19.45 11.37 10.57 10.34 15.22 5.5 14.66 26.0 49.65 12.0
7.2 7.84 12.19 12.38 9.43 17.93 10.93 11.52 4.54 2.65 6.45 10.86 11.81 16.66 12.67 9.02 9.91 4.49 5.69 17.89 9.64 13.59 13.45 10.5 6.42 7.13 5.52 5.94 5.71 4.2 6.67 9.46 14.66 7.07 9.43 4.94 8.36 4.83 3.44 6.13 9.87 22.41 9.15 9.49 12.88 13.24 17.5 13.93 2.98 5.17 6.2 4.47 3.09 4.63 27.28 15.96 10.02 19.01 17.33 18.56 14.21 10.93 15.3 6.73
4.3 6.19 7.6 19.05 6.9 17.1 16.43 21.84 11.81 1.72 2.92 3.96 15.98 10.68 15.07 6.54 10.81 7.42 9.31 5.1 8.85 11.28 10.96 7.56 4.16 4.25 2.71 3.29 3.17 1.97 7.55 10.14 4.55 1.75 2.0 4.24 4.3 9.75 7.72 4.79 8.81 20.05 26.59 26.68 11.76 4.75 5.93 6.16 4.05 6.24 4.43 5.21 2.18 6.04 12.28 17.1 15.97 16.22 13.28 13.39 6.72 7.25 5.84 2.52
3.42 10.19 21.15 12.24 13.72 9.45 24.69 10.19 4.95 3.11 7.82 8.81 8.43 10.88 5.11 7.67 5.4 4.91 14.79 8.17 11.78 8.75 5.32 6.51 4.47 3.85 2.91 5.12 10.04 5.25 8.44 6.47 9.45 4.12 3.71 5.96 16.08 17.03 8.9 4.28 4.58 11.53 20.82 11.41 12.35 5.31 5.18 7.63 3.37 7.42 7.63 3.72 9.38 7.08 6.73 11.6 13.24 18.51 24.14 6.07 4.31 9.45 4.34 3.18
4.98 4.11 2.99 4.83 5.45 6.29 11.07 8.61 6.48 9.8 4.18 5.43 11.68 9.73 14.8 11.51 5.29 4.95 9.16 2.35 7.13 6.14 5.75 6.41 10.41 10.99 5.48 11.24 10.1 9.44 6.21 8.1 6.88 7.14 5.2 2.88 4.17 6.41 6.96 4.83 6.69 7.11 12.17 6.45 12.59 5.12 6.84 13.84 14.53 12.43 6.22 3.32 3.39 3.22 9.87 7.29 13.38 23.46 10.13 7.52 4.16 4.63 5.14 3.8
2.86 8.03 5.24 5.51 4.88 14.28 7.9 7.29 16.11 6.58 6.98 4.93 8.54 17.16 17.94 27.39 10.51 9.14 13.03 4.18 4.98 2.69 4.86 5.57 9.02 6.21 3.92 5.49 5.03 6.25 11.31 13.85 7.92 9.7 7.93 7.3 5.94 4.44 4.28 2.6 13.37 4.48 7.42 9.13 8.55 5.37 7.73 10.49 8.15 6.89 3.54 7.12 3.03 5.15 10.82 4.43 4.8 3.56 4.16 7.5 5.75 3.77 2.25 2.24
5.44 7.35 8.71 6.01 3.6 6.63 17.04 13.05 8.1 6.77 5.7 8.97 6.64 20.71 19.08 10.37 8.16 9.04 6.75 9.0 12.36 11.18 5.89 3.01 3.63 2.94 9.24 11.43 3.87 11.72 16.75 10.2 6.3 6.6 10.05 6.33 5.81 4.98 4.66 5.34 7.18 7.5 4.04 7.2 7.59 5.71 10.26 10.36 9.35 5.36 3.67 5.41 8.41 13.81 15.41 6.01 1.63 2.69 3.94 3.14 2.74 3.35 6.34 2.28
2.24 2.3 3.8 2.95 2.75 12.04 9.82 14.98 5.18 4.39 6.11 20.58 9.21 8.82 5.18 2.81 3.74 3.35 6.25 8.2 16.73 9.22 8.83 1.97 4.78 4.98 8.59 8.56 3.48 5.94 10.53 5.26 4.82 5.76 7.35 8.77 5.21 7.79 4.51 3.54 2.12 3.21 2.98 2.61 7.44 6.26 7.88 13.39 7.12 12.12 9.78 14.08 18.58 24.65 17.09 6.33 4.04 3.68 6.34 2.09 4.03 6.34 3.6 6.89
3.22 2.01 2.79 5.37 6.45 9.74 10.24 6.51 9.76 9.39 7.92 11.85 9.71 6.73 8.46 9.46 4.48 3.9 6.38 3.88 7.69 6.19 5.48 6.36 1.38 6.08 8.32 8.88 4.52 6.36 5.43 5.6 2.4 3.41 6.61 6.58 4.89 5.21 3.88 3.23 3.83 5.09 2.44 5.61 4.62 7.4 6.95 9.12 9.7 12.96 11.97 15.44 17.37 13.28 4.9 4.01 7.01 8.69 8.2 5.39 13.67 8.72 6.66 6.92
4.03 2.89 5.46 7.75 21.38 15.47 4.75 8.18 5.05 6.6 12.19 11.77 11.92 13.95 12.66 17.17 8.67 6.38 8.18 3.96 2.2 1.61 5.38 3.65 4.15 4.09 3.39 3.75 3.29 9.02 3.47 3.15 3.55 9.52 10.31 10.88 10.18 9.02 1.79 4.33 10.72 10.13 8.34 7.36 4.71 5.3 4.97 5.85 4.26 20.2 19.59 8.13 15.02 10.3 13.5 8.78 8.54 9.33 7.43 7.75 8.25 7.74 8.73 9.35
11.57 7.3 6.16 6.6 11.91 9.31 12.52 5.95 5.88 3.28 5.17 11.01 41.38 43.79 9.18 12.59 7.69 8.26 3.65 2.78 2.48 3.28 9.38 7.98 6.03 5.03 3.56 4.02 2.64 5.34 4.25 6.66 8.19 29.25 14.68 13.19 5.22 6.5 1.63 6.68 8.27 9.67 10.26 6.3 5.22 4.23 4.42 8.35 10.96 12.17 8.43 7.62 8.08 8.32 14.01 10.06 11.68 5.42 8.32 7.2 3.64 10.85 8.83 5.17
14.14 8.05 4.4 5.33 4.58 6.33 12.3 4.18 11.18 4.54 6.73 8.69 17.74 22.94 9.03 5.14 11.36 9.98 4.44 6.57 3.03 4.76 6.92 11.66 7.78 3.27 4.56 11.24 7.26 11.26 8.7 12.44 8.82 6.49 7.61 7.59 5.24 4.44 3.03 3.49 5.42 10.25 16.68 11.15 8.78 5.79 8.86 4.76 15.13 12.2 6.32 10.36 9.53 9.1 5.8 14.5 14.41 6.49 4.21 2.91 4.56 12.12 8.36 12.71
10.71 10.2 7.58 8.03 5.06 7.89 11.37 10.9 9.94 10.07 7.06 4.67 9.39 14.36 5.9 7.67 10.16 5.68 7.62 4.05 7.16 4.97 5.49 8.22 17.11 8.57 9.56 15.82 7.12 10.31 8.72 10.96 6.5 9.4 4.97 4.07 5.37 5.13 6.15 4.03 7.94 5.84 11.77 7.92 6.7 4.29 4.49 4.35 4.43 7.43 6.32 13.72 6.32 6.14 2.31 7.55 12.5 9.44 8.96 5.24 17.57 6.27 7.28 11.56
12.14 5.14 7.58 4.8 4.75 12.11 5.66 5.88 7.54 6.02 18.06 7.57 22.06 13.02 10.93 6.75 9.4 9.53 8.85 6.83 8.25 5.11 4.38 4.26 9.33 5.77 7.96 10.01 17.2 23.97 16.41 14.9 6.22 8.98 2.8 1.76 3.23 3.16 9.68 8.49 8.0 6.04 9.01 6.14 9.94 7.51 10.24 7.14 10.06 11.2 4.33 3.91 5.18 3.64 2.87 17.76 17.14 10.2 3.33 3.76 7.27 8.38 4.78 4.11
5.99 7.3 6.84 6.36 4.93 9.54 6.05 6.18 13.6 11.4 17.94 15.97 7.76 7.64 11.96 5.9 10.72 8.2 4.01 5.46 12.36 6.44 16.36 4.54 7.63 4.32 8.45 9.74 8.88 15.13 7.85 8.51 8.04 4.77 5.03 3.15 4.98 5.22 7.2 21.58 9.25 6.57 5.95 4.68 11.24 12.46 8.66 7.4 10.51 10.27 9.18 3.95 6.95 3.04 8.09 5.85 18.97 9.6 4.25 4.07 6.82 11.94 9.87 6.08
10.07 13.18 15.69 3.99 5.41 3.64 5.26 12.0 22.62 9.91 14.57 4.61 7.51 8.08 11.52 6.19 9.59 6.72 10.04 4.27 9.53 19.47 14.72 6.01 9.24 6.06 14.37 8.41 7.65 12.82 8.06 3.7 5.51 2.55 4.14 10.87 3.69 7.81 5.85 6.64 6.84 4.68 3.62 6.22 12.57 5.36 5.43 5.34 3.42 10.11 17.8 13.32 9.1 3.35 12.24 7.49 14.92 6.86 9.83 3.4 8.9 8.41 7.17 8.13
12.58 14.79 6.28 3.51 4.59 8.33 6.13 11.08 13.44 11.12 11.84 10.88 15.86 10.1 8.16 15.3 16.87 8.56 8.87 4.45 7.32 5.37 11.25 7.9 8.55 15.57 13.81 9.5 6.24 6.93 3.11 4.44 2.91 5.85 9.35 6.73 6.57 6.35 6.62 12.85 9.09 5.66 3.78 4.12 5.65 2.33 7.4 3.57 9.59 3.89 12.51 10.75 25.71 10.87 18.15 5.33 14.02 8.0 14.14 5.29 3.36 3.72 2.17 8.53
9.79 8.2 6.93 4.97 5.5 6.18 4.81 19.59 10.07 13.58 9.47 14.75 14.75 10.97 9.82 21.83 15.12 4.18 3.46 3.4 10.44 7.15 7.75 3.66 25.38 11.87 16.36 15.9 15.22 7.27 5.71 8.34 4.08 4.58 8.5 17.98 8.88 9.1 4.8 14.37 8.5 5.16 4.52 2.14 6.25 4.45 4.18 5.17 9.68 7.0 6.02 5.17 27.07 12.24 9.57 7.94 4.85 4.9 4.07 4.65 4.75 3.27 3.85 6.61
13.06 12.27 4.49 1.9 2.15 4.85 4.5 10.64 7.84 8.29 15.71 17.82 18.72 5.78 12.85 15.82 6.77 6.93 3.28 6.5 5.11 8.97 3.81 2.85 5.62 7.65 4.71 4.68 6.47 5.55 4.0 16.03 6.73 7.13 12.72 17.68 33.58 8.46 3.92 5.14 4.57 6.23 6.89 3.32 5.39 5.99 14.56 8.26 9.54 4.38 3.96 2.8 8.62 7.68 10.57 22.57 4.9 2.34 1.81 6.56 13.94 3.04 2.72 9.24
13.34 7.6 4.9 3.54 5.91 10.59 5.84 7.31 6.27 20.41 22.17 17.26 17.64 7.25 13.19 9.13 14.68 7.66 3.91 2.95 2.32 6.67 3.69 4.19 6.4 6.23 14.64 17.73 4.26 6.77 5.33 4.73 7.32 9.03 12.66 15.03 15.58 11.3 4.4 4.86 2.55 15.3 5.11 5.65 3.51 4.12 10.65 5.05 5.5 4.76 4.35 7.21 7.88 9.05 11.16 10.4 4.96 1.62 1.01 4.52 6.3 11.76 8.3 7.14
15.84 7.79 9.24 4.69 2.5 8.67 6.39 3.96 7.04 16.24 24.06 16.58 15.32 12.42 18.0 11.78 13.61 15.45 4.87 3.35 5.93 5.88 3.25 8.55 6.8 8.28 8.34 10.96 7.84 4.15 3.54 5.4 7.35 17.86 11.55 12.78 7.81 14.99 5.14 4.97 4.47 10.79 11.96 5.87 2.83 4.76 4.68 5.2 6.14 10.96 11.64 19.55 5.53 16.24 14.32 8.57 5.09 1.53 2.07 2.44 5.06 6.52 11.94 7.79
9.41 5.82 13.78 4.09 4.5 12.12 10.46 18.37 9.96 7.75 13.75 3.23 7.25 15.13 7.81 4.86 6.47 8.36 3.37 3.5 4.93 15.08 13.99 24.32 13.32 10.27 3.96 10.51 4.52 9.04 8.2 7.09 7.43 13.48 12.5 12.01 3.13 4.97 9.02 7.19 9.16 37.53 13.86 9.58 2.11 2.93 6.63 5.5 5.77 6.22 4.49 7.68 7.4 5.38 11.21 11.39 4.91 6.9 6.87 7.75 6.88 8.44 6.19 10.48
