10.73 7.4 4.63 4.97 3.78 5.04 4.36 11.18 10.59 5.56 6.38 4.95 4.79 9.93 4.79 8.14 8.5 20.39 8.83 2.64 3.87 4.86 7.43 9.38 5.41 10.96 6.11 12.45 7.38 8.71 6.95 10.14 13.84 8.82 14.6 21.94 17.28 11.82 36.83 6.7 7.75 4.14 12.46 8.27 3.86 7.11 8.26 4.77 12.41 11.63 11.84 8.4 5.97 3.63 5.84 13.52 9.14 6.46 12.87 4.49 20.07 13.11 8.11 3.29
17.37 25.26 5.32 4.33 2.59 4.95 8.83 6.99 14.66 7.98 12.29 6.49 4.02 12.75 6.18 15.14 28.4 14.38 8.48 3.56 5.88 6.96 11.95 7.26 6.99 8.36 5.6 5.43 12.44 11.34 6.28 14.28 10.19 10.0 7.35 8.49 11.13 10.25 17.05 19.77 19.19 5.76 6.39 6.62 3.49 5.36 8.98 5.94 8.73 11.47 5.32 4.08 4.69 4.25 3.43 6.7 4.59 4.39 12.02 9.37 10.46 7.34 4.53 1.46
18.33 5.89 3.77 1.9 2.84 5.22 8.95 4.91 5.71 4.61 18.98 7.62 13.17 9.57 4.45 6.5 15.27 13.54 7.68 10.11 4.28 4.08 10.44 7.2 11.45 3.34 3.78 2.75 16.47 9.62 10.88 13.42 14.74 5.71 8.23 6.36 5.04 9.63 20.51 9.21 15.78 2.62 4.87 8.74 6.19 6.49 3.86 3.17 8.9 5.77 9.1 6.3 4.25 2.56 4.43 5.37 3.0 3.67 9.45 8.22 5.36 6.92 3.53 3.24
23.0 10.82 5.22 2.49 6.62 6.64 11.03 6.95 5.67 2.5 6.5 8.0 5.34 13.55 6.98 9.1 9.3 6.01 5.06 18.59 12.99 7.8 9.38 8.28 9.6 4.08 4.21 19.44 4.42 4.8 9.52 11.55 6.18 6.06 4.73 3.8 4.39 4.86 16.59 8.34 16.04 9.66 3.96 8.55 7.38 6.05 8.27 4.65 7.58 4.55 11.04 11.82 5.96 6.97 9.5 8.01 2.5 4.86 13.66 10.33 7.12 5.22 2.19 4.07
12.14 8.55 3.53 7.28 4.48 6.08 6.14 3.98 3.48 4.84 13.24 5.39 4.39 5.06 5.97 10.33 10.26 4.45 9.58 32.24 4.98 4.29 4.21 7.69 6.34 2.9 4.56 4.94 10.67 8.96 10.06 8.92 2.38 10.41 11.15 9.86 4.52 2.77 5.63 5.54 6.94 10.58 6.88 17.74 12.06 5.17 3.01 3.67 3.56 8.47 8.81 11.15 4.86 3.79 9.79 7.83 2.56 3.1 6.63 11.81 5.19 14.23 5.96 7.2
3.56 5.86 2.11 4.39 6.29 6.4 6.44 2.09 3.37 5.12 13.09 3.46 2.58 2.99 2.34 4.94 3.12 5.05 4.22 13.39 13.14 5.77 6.82 4.42 4.72 3.35 7.2 3.68 3.52 7.69 16.44 11.27 7.78 7.28 13.26 10.4 14.34 9.1 4.07 5.08 8.74 15.17 8.74 5.59 5.93 3.25 2.47 5.04 5.42 6.33 13.87 11.59 8.87 3.8 4.06 7.07 3.26 5.11 5.87 4.36 3.63 7.5 16.51 4.76
9.07 5.23 2.6 5.18 2.64 8.03 9.98 3.05 7.74 6.19 5.93 13.94 6.38 6.02 3.68 9.86 13.53 12.97 7.16 6.86 7.31 12.54 6.99 15.77 4.81 4.84 5.84 4.74 2.88 6.67 9.48 16.21 10.05 13.73 20.82 25.97 15.51 25.68 5.32 4.2 7.74 9.55 9.03 5.35 10.67 5.52 2.96 4.5 4.62 9.16 15.76 20.63 11.81 4.5 12.57 8.41 4.41 6.51 3.18 5.69 9.18 13.87 8.67 9.3
9.44 14.36 3.99 3.62 5.6 8.49 15.86 5.68 6.38 8.59 4.85 13.56 12.5 12.12 7.16 4.21 5.94 4.73 4.82 12.76 19.7 14.22 6.04 10.39 12.6 6.97 5.67 3.99 4.81 6.0 11.83 17.27 13.96 11.15 8.73 7.19 13.64 9.56 5.51 6.44 4.71 6.79 4.51 5.15 7.63 15.55 8.91 10.54 3.22 7.27 12.89 21.86 8.45 4.39 7.4 3.97 3.4 13.45 4.3 6.94 3.58 6.79 14.43 6.46
7.13 5.29 1.8 1.99 4.62 6.18 7.82 4.53 8.6 7.42 5.92 7.79 10.31 2.51 8.42 11.75 5.57 5.08 3.16 3.96 3.9 9.95 10.13 10.85 7.86 3.83 7.56 8.89 4.78 4.45 7.74 5.21 16.78 10.34 7.69 9.9 10.12 3.81 6.4 2.32 2.86 5.96 5.78 10.41 7.33 8.73 7.01 6.14 3.69 10.35 18.12 4.44 2.97 5.91 5.96 4.13 6.32 4.75 5.82 8.63 10.67 6.91 30.53 10.96
4.43 5.19 2.33 6.82 5.37 12.82 10.72 2.92 8.26 7.71 5.58 12.59 5.76 5.52 13.28 9.76 3.02 6.62 4.24 5.04 4.15 4.06 10.59 16.47 6.95 7.1 16.42 7.41 4.33 7.4 10.67 11.55 23.07 13.0 6.05 11.51 8.44 6.9 10.36 4.3 2.79 6.37 4.52 3.94 8.65 2.82 6.22 3.95 8.01 4.98 10.23 2.62 3.41 8.41 5.12 4.77 8.96 4.61 7.81 6.25 8.01 8.12 10.79 17.78
4.81 3.46 9.82 5.3 4.84 30.55 6.36 3.39 7.74 5.34 4.9 3.49 6.02 4.56 19.54 16.94 5.81 12.93 7.86 5.54 10.26 4.23 17.36 20.49 6.83 2.99 9.77 5.94 5.51 4.47 21.34 20.45 17.37 10.61 20.94 22.16 12.06 4.23 7.27 6.74 11.19 11.9 9.39 10.55 5.22 2.35 4.43 6.31 15.3 8.79 11.6 3.66 4.1 10.25 7.76 8.01 13.4 3.68 7.04 12.01 9.62 22.87 11.79 10.53
5.76 6.45 8.8 4.98 11.3 18.56 5.38 3.18 8.96 6.41 5.12 4.39 11.68 3.85 8.36 4.58 9.87 6.69 11.41 9.38 8.45 10.78 17.17 11.01 5.45 6.43 4.32 7.75 2.92 6.23 18.04 18.74 23.1 3.22 33.94 9.8 7.64 7.67 7.78 8.87 10.87 7.44 5.44 7.71 8.2 2.66 5.01 8.8 15.79 7.54 5.18 6.22 4.74 7.7 4.47 7.44 2.98 4.1 4.79 3.78 5.65 6.42 11.27 10.52
5.36 5.38 10.53 6.48 7.16 10.6 2.8 7.57 15.56 5.17 4.02 9.65 10.67 10.42 8.6 26.72 5.77 5.68 9.22 10.15 5.17 8.71 25.72 15.02 18.9 10.99 6.93 11.41 7.31 9.87 6.15 20.45 16.65 15.5 10.46 8.81 11.99 11.41 8.47 3.87 9.93 6.28 7.1 9.69 4.91 4.27 8.14 13.22 10.03 6.5 3.56 4.15 10.03 6.31 4.5 5.76 7.31 7.93 6.07 2.97 5.0 6.84 6.95 15.28
9.72 6.4 17.02 5.48 14.09 3.63 5.24 7.34 9.58 7.54 8.8 6.37 14.23 15.5 12.02 14.85 6.22 5.46 10.32 11.69 9.18 6.75 18.36 10.45 15.72 16.1 11.16 9.75 12.23 9.1 8.82 14.96 18.14 13.69 12.62 21.18 11.37 15.27 6.45 8.96 2.87 6.23 3.92 3.66 3.83 8.37 13.0 16.25 14.44 6.44 6.43 3.48 4.9 4.26 4.8 7.15 17.35 20.88 7.23 4.82 9.8 4.06 5.8 8.82
20.12 7.8 7.97 12.27 8.62 10.86 9.14 11.77 10.14 4.47 4.9 2.46 8.31 8.06 7.19 7.67 3.46 4.77 1.7 9.24 11.79 12.48 17.78 7.84 10.01 11.0 6.12 9.94 4.51 3.74 6.32 10.17 14.52 5.11 5.83 9.86 7.62 12.19 11.14 6.61 3.39 2.67 10.03 3.25 2.27 3.92 5.57 9.72 12.72 2.46 6.36 5.24 5.15 7.34 7.71 10.89 5.14 10.73 4.67 11.27 11.86 8.48 7.71 13.26
9.31 7.29 9.39 35.01 16.62 5.42 5.39 6.33 5.06 7.97 6.92 2.44 3.05 10.94 7.46 5.98 2.67 4.3 3.7 5.63 8.67 22.23 7.67 5.88 3.09 7.27 3.78 6.5 11.47 6.2 14.35 11.87 7.42 5.59 4.18 5.33 10.02 15.87 8.6 10.31 4.93 5.62 6.11 3.97 2.74 4.13 8.64 11.07 11.53 6.25 5.27 11.33 3.71 3.88 7.09 6.71 11.42 7.3 4.81 8.02 7.77 18.65 7.67 7.34
3.55 7.21 11.8 21.25 58.49 9.77 16.89 22.23 13.2 3.61 16.96 14.63 7.66 7.01 17.25 7.16 7.74 6.56 4.36 2.98 9.18 33.31 22.83 12.39 5.0 4.23 19.65 16.26 8.51 12.68 28.51 20.43 9.38 9.21 4.42 12.23 7.94 8.39 8.8 22.9 10.75 11.17 10.03 8.49 3.45 12.31 9.66 11.09 14.02 7.02 4.97 12.05 7.96 4.35 8.81 4.91 8.71 15.15 23.22 29.06 21.53 10.2 11.61 7.06
8.66 14.22 6.16 16.92 16.32 6.03 8.06 27.18 11.79 12.03 18.12 13.77 6.55 6.95 6.97 6.3 21.07 7.39 12.76 6.03 4.43 35.75 14.74 10.28 6.16 3.06 4.92 12.85 8.53 9.41 13.13 9.7 4.26 7.23 5.57 5.78 11.52 11.07 7.01 15.32 13.36 7.77 4.44 3.21 10.32 5.66 11.62 5.02 12.77 6.13 7.65 10.66 11.79 4.54 10.54 19.35 9.04 6.36 15.36 21.87 16.93 7.53 11.76 9.28
2.77 8.01 2.33 14.41 10.82 3.34 7.55 8.17 4.92 2.57 6.48 4.18 9.79 13.0 8.49 3.44 6.57 5.77 6.08 13.04 10.03 13.55 12.25 9.71 8.15 6.89 9.61 11.42 7.62 5.19 8.53 9.03 7.83 6.07 6.03 3.6 19.64 12.78 3.68 12.11 29.56 13.14 5.13 6.1 9.38 5.37 15.42 11.6 7.73 3.95 9.95 14.61 20.36 8.38 6.83 10.77 4.4 5.7 19.82 19.67 8.05 5.27 10.44 6.36
4.94 7.02 6.93 4.9 13.01 3.09 12.23 9.9 5.0 1.79 4.76 19.83 23.89 8.86 10.86 4.97 16.87 7.19 7.93 12.35 10.34 17.32 18.67 13.14 7.51 10.87 9.97 17.02 14.81 7.11 8.16 7.29 9.16 4.65 8.25 3.05 8.83 9.9 3.75 8.86 10.29 7.35 3.58 12.07 13.98 9.59 15.05 14.06 10.17 8.54 19.93 17.5 8.9 11.45 11.75 6.42 5.05 5.26 11.79 12.65 9.47 11.14 15.59 10.92
3.85 7.79 5.46 6.89 9.27 4.48 5.2 11.65 9.97 3.42 7.93 17.08 10.29 10.97 6.5 7.61 15.38 4.23 3.26 8.04 6.29 8.54 39.4 15.91 10.96 9.32 11.47 13.98 23.79 8.23 3.86 7.28 11.48 8.02 8.84 6.12 5.01 4.86 6.88 9.55 11.0 16.28 4.69 15.45 9.64 4.34 8.76 12.35 13.16 9.66 17.63 8.8 9.85 14.32 15.48 7.43 3.5 8.7 7.53 20.76 15.59 15.85 14.61 15.82
2.35 6.58 7.43 3.39 6.18 3.46 1.66 3.3 9.05 11.74 8.69 10.36 10.36 8.02 10.43 8.51 8.95 3.8 4.02 4.55 3.57 10.68 12.21 12.18 15.4 15.72 12.71 14.27 17.7 6.32 5.83 4.12 6.2 29.56 6.15 7.99 3.2 5.66 8.74 10.57 7.77 5.3 9.33 23.86 27.96 9.31 10.86 7.47 12.9 12.72 6.72 1.99 5.49 11.13 10.32 8.42 10.39 12.86 19.44 5.97 12.01 9.16 7.33 17.22
8.62 5.15 5.68 11.8 6.97 6.37 1.93 1.99 5.63 10.72 12.73 4.77 7.85 5.48 12.83 32.37 23.07 6.26 4.46 16.42 6.57 30.62 19.51 24.03 6.98 14.5 8.53 6.57 5.83 5.94 3.01 3.29 9.39 15.0 8.87 10.17 5.17 4.97 10.44 17.12 5.74 3.32 5.3 26.81 18.08 9.19 9.15 5.46 13.82 7.07 3.73 1.36 4.41 6.19 8.56 14.9 4.11 14.74 8.18 9.55 21.58 6.84 8.79 14.05
13.91 3.89 2.73 10.0 7.11 12.73 2.41 2.8 3.85 11.44 8.3 5.93 7.87 6.35 18.49 21.97 12.91 9.74 6.87 14.17 12.36 21.0 10.84 10.05 7.55 10.02 8.01 3.78 7.32 8.64 4.07 3.57 9.62 8.32 7.5 9.61 10.77 8.12 10.31 11.03 3.95 3.17 5.78 13.08 19.72 12.43 9.62 6.6 7.09 10.32 6.29 4.4 5.65 13.41 14.79 14.92 3.1 6.37 6.26 17.44 6.66 7.42 9.98 18.41
13.24 6.76 8.36 10.22 6.87 9.66 7.19 1.44 2.8 13.4 8.37 8.67 4.8 5.3 23.95 43.25 9.24 5.03 6.97 5.05 13.4 9.26 8.02 12.34 9.83 8.13 3.99 3.2 1.81 5.98 4.71 4.56 8.88 6.83 11.36 22.87 5.05 6.99 4.58 7.48 5.91 4.29 5.91 18.39 8.25 3.77 7.13 5.35 10.59 10.06 5.33 4.68 14.79 11.81 12.73 7.61 9.43 11.76 12.59 8.31 5.99 6.64 11.27 9.92
11.76 18.49 9.47 4.05 3.29 4.32 7.2 5.35 15.01 9.3 16.29 16.52 9.39 8.06 8.99 8.09 12.24 8.96 4.96 4.13 2.61 6.9 4.27 18.32 10.65 9.27 6.26 3.14 5.11 6.26 4.99 3.49 7.0 11.31 6.44 13.44 6.65 5.2 3.53 5.13 3.69 3.16 5.71 12.38 6.98 9.42 17.46 6.05 7.0 6.45 2.42 5.79 36.05 9.23 7.77 5.14 13.93 10.34 8.48 22.81 14.31 7.21 12.73 17.23
8.18 8.09 9.02 5.07 5.27 3.72 9.5 5.01 14.92 10.09 17.58 9.44 10.22 5.32 8.58 13.56 18.81 19.16 4.27 5.42 7.63 4.59 5.71 12.52 12.98 10.64 3.7 6.06 4.58 2.3 8.13 3.59 11.85 7.31 5.9 8.66 11.67 5.06 8.0 11.68 8.85 8.05 5.1 5.29 5.66 6.14 17.69 20.08 14.56 5.92 7.87 6.64 29.83 20.29 8.93 3.82 8.59 7.39 4.09 14.57 18.42 10.64 8.32 15.59
9.39 8.95 9.88 7.33 4.24 8.53 12.5 6.25 18.05 11.82 8.15 16.17 16.77 6.84 9.32 19.91 28.97 27.23 5.02 2.75 3.59 4.39 2.95 14.97 12.47 3.68 5.16 9.1 8.88 2.61 4.79 3.71 6.8 9.36 7.21 7.76 6.62 7.75 5.65 12.71 4.57 3.2 8.12 2.8 8.27 4.03 7.03 16.19 17.06 5.32 8.85 7.93 6.23 8.77 12.86 6.97 6.97 3.9 2.42 5.12 10.1 17.75 10.56 6.72
5.44 4.81 6.57 9.03 7.43 15.22 10.51 6.96 11.99 4.08 5.22 10.73 6.81 5.18 13.69 14.87 19.73 13.75 7.28 2.46 6.05 7.69 7.76 10.96 8.29 4.82 6.6 7.3 4.36 2.75 2.02 7.93 8.27 6.95 5.05 6.67 5.17 7.7 6.93 10.48 9.0 8.2 2.52 3.44 6.47 6.21 6.44 16.02 9.22 10.83 16.58 18.69 4.22 3.71 7.99 21.19 10.96 4.67 3.09 5.69 11.21 6.68 5.48 6.17
4.73 4.65 0.94 2.99 7.07 18.04 16.3 12.93 12.01 4.0 9.52 6.49 6.02 4.57 15.35 8.51 15.27 15.61 11.8 4.05 3.84 11.62 8.15 5.66 6.59 18.91 11.12 8.21 12.37 3.8 3.94 8.92 12.62 7.97 6.25 10.68 4.61 11.32 9.79 9.78 9.61 13.81 11.29 5.66 4.56 3.33 6.61 9.95 14.0 19.89 10.86 10.08 2.39 5.12 8.83 17.8 10.84 6.22 5.56 4.4 4.69 5.76 4.0 8.27
9.62 9.46 1.91 2.41 3.75 10.99 23.71 22.45 6.95 4.01 6.09 6.17 3.66 9.84 11.88 8.56 6.65 7.4 4.41 10.69 3.44 9.86 5.73 5.11 7.82 21.64 9.58 12.97 18.38 5.38 8.26 14.57 13.84 7.45 3.59 5.87 2.74 9.41 8.48 13.26 6.72 7.2 13.33 8.64 12.33 5.79 16.9 22.66 15.94 7.84 9.26 4.46 3.73 6.46 12.52 13.78 4.6 7.95 8.26 13.84 7.46 8.14 6.63 4.83
11.07 5.71 4.38 6.83 2.0 7.63 10.18 18.44 17.03 14.08 4.54 2.24 3.27 4.16 5.54 10.46 5.8 9.29 4.24 6.76 4.57 7.28 5.52 8.17 7.99 9.03 8.7 9.94 25.43 9.11 7.39 14.67 9.52 9.46 2.1 10.99 23.68 5.63 10.14 14.99 4.26 17.08 5.33 6.57 5.97 6.39 5.96 15.28 17.44 5.72 3.21 6.01 2.37 7.22 20.15 13.92 4.61 9.64 6.28 17.28 4.98 20.95 13.64 13.98
4.25 7.14 6.58 8.45 4.17 7.7 15.02 13.76 15.7 18.36 5.35 6.77 4.81 2.67 6.4 10.02 5.37 6.92 7.02 7.13 5.22 6.36 10.47 8.97 12.44 9.5 13.72 22.36 9.9 3.7 7.79 19.14 10.72 3.32 4.48 6.07 5.47 4.9 5.75 13.65 6.1 12.2 9.95 3.43 5.25 3.11 4.58 11.77 8.91 8.18 5.18 13.9 11.39 5.33 4.75 3.69 7.11 7.81 13.39 10.87 6.25 22.93 10.59 23.03
11.13 8.77 2.58 3.84 4.07 8.26 10.58 16.47 13.6 10.04 13.39 8.86 8.88 7.92 3.51 13.64 11.87 7.42 6.8 12.41 7.1 11.2 8.88 14.37 11.1 10.31 28.2 7.49 3.14 2.11 6.19 7.62 10.31 2.85 3.96 9.02 2.68 3.81 5.91 7.72 7.51 15.16 13.92 7.49 6.37 3.99 3.59 4.1 4.17 6.38 7.7 3.53 11.9 4.94 5.87 4.73 6.85 3.68 10.01 9.58 5.83 8.47 16.69 19.3
8.01 4.81 5.39 6.95 17.04 4.62 8.6 12.17 15.52 17.53 6.5 8.32 18.77 14.29 5.91 3.83 5.49 6.24 6.22 14.63 9.64 8.92 4.72 15.76 12.65 18.02 14.13 12.47 4.37 2.89 9.01 5.88 7.55 5.53 3.31 8.24 3.25 4.19 3.24 5.25 11.11 8.19 16.55 17.44 18.48 5.4 8.59 5.53 5.86 16.12 4.81 5.04 6.53 3.88 2.51 11.92 6.35 8.5 7.95 2.74 2.76 6.29 17.61 12.18
6.52 4.72 3.72 4.06 18.66 6.62 4.22 13.98 6.95 20.87 8.87 7.86 20.13 8.15 11.24 6.84 14.24 5.74 2.72 5.32 9.06 4.65 9.4 4.7 6.78 12.48 9.67 8.63 7.94 2.95 4.11 3.21 4.77 4.22 4.38 5.37 4.85 6.49 2.98 2.15 9.89 4.02 20.09 11.72 18.12 9.95 5.18 5.93 6.88 6.4 3.08 3.35 8.12 7.56 6.91 21.4 14.71 9.93 7.14 2.55 7.14 11.01 10.09 11.77
5.25 5.66 2.19 3.61 13.1 4.0 2.52 12.52 9.79 7.7 11.05 10.88 14.02 10.46 12.22 9.92 5.23 8.75 3.44 4.54 4.05 3.94 5.25 6.83 5.17 6.89 7.58 2.66 8.84 4.11 12.77 7.14 4.28 3.38 4.46 4.52 4.32 4.4 3.52 5.33 5.03 4.43 6.85 18.66 18.3 12.66 8.32 4.73 9.93 7.8 7.81 5.49 8.92 5.86 7.12 21.63 22.88 12.68 8.74 5.86 11.79 4.19 7.59 7.65
4.41 2.45 1.93 3.4 9.8 3.25 4.64 10.88 25.43 6.19 6.91 3.65 11.85 6.27 14.86 16.69 20.55 15.67 4.02 7.02 7.1 8.77 2.58 3.84 6.09 10.51 6.59 2.67 2.95 1.26 3.26 8.82 8.13 8.82 2.44 3.84 4.8 6.73 4.1 4.75 5.22 7.61 8.25 17.52 5.52 5.89 11.63 9.11 9.75 7.33 6.67 8.17 6.04 22.68 6.73 7.93 11.88 7.12 5.62 3.45 6.28 3.63 3.65 13.91
1.25 2.76 3.06 3.66 2.11 3.08 11.12 22.84 17.94 6.99 7.63 5.91 10.44 11.62 14.03 9.04 11.08 12.2 7.42 7.3 11.2 3.07 5.15 10.41 9.86 5.43 10.54 8.25 4.66 4.62 8.03 10.24 9.2 5.72 4.57 3.1 4.92 8.17 9.75 8.05 5.09 6.04 16.02 11.11 11.59 4.86 4.88 8.23 12.51 11.12 9.23 11.74 5.72 6.46 5.65 7.43 10.63 8.09 2.75 3.15 4.72 5.05 5.17 9.56
2.1 1.75 4.34 9.58 3.74 4.34 4.45 11.48 9.1 10.37 5.05 6.45 6.76 11.28 7.54 8.68 6.8 4.69 6.15 12.42 10.12 8.59 2.51 8.42 6.28 8.31 9.85 9.45 3.15 3.61 10.41 10.8 2.89 5.2 5.95 3.83 6.9 12.73 7.02 5.18 4.07 9.57 11.66 17.13 16.66 9.3 6.56 24.24 12.11 10.13 8.18 11.42 13.17 14.45 10.72 5.79 8.57 7.19 4.97 8.53 6.68 5.67 14.0 11.16
3.59 6.39 4.76 7.02 12.3 4.56 3.54 6.36 6.76 12.85 4.01 8.68 17.91 6.34 9.34 3.29 4.16 4.23 5.79 13.59 6.39 8.04 4.0 7.37 7.83 3.31 2.85 2.49 5.94 4.0 2.75 6.14 3.81 7.01 14.67 8.27 6.75 9.74 4.34 6.8 4.65 7.24 9.35 9.33 12.96 8.88 10.38 19.02 9.99 14.97 6.99 14.15 15.66 13.04 9.92 8.86 8.13 6.49 6.23 5.51 5.19 9.6 6.18 15.94
6.66 10.01 5.86 6.63 11.39 7.17 3.17 5.88 8.49 4.99 2.73 6.6 6.42 4.38 5.17 4.49 4.15 9.54 16.08 5.08 11.06 8.94 8.16 7.74 12.0 3.67 3.84 1.78 5.05 4.28 2.33 3.17 7.37 17.74 17.95 7.28 12.46 11.37 3.81 10.73 9.78 8.39 13.1 4.49 12.98 6.37 8.18 6.94 9.42 8.18 13.75 19.81 14.27 14.31 7.26 2.22 5.41 6.67 4.16 9.82 8.37 2.41 7.01 10.86
8.61 3.31 5.95 11.04 7.74 4.14 6.13 15.44 6.99 14.02 5.59 5.85 7.76 5.83 8.43 5.42 10.73 7.16 12.14 6.99 7.55 15.38 5.17 8.49 5.21 10.73 3.84 4.15 7.52 4.54 13.48 5.67 7.92 7.43 7.58 8.98 16.01 10.72 2.82 9.62 18.32 9.42 4.56 3.61 5.78 5.91 4.47 6.28 4.98 4.4 5.92 8.78 5.84 4.62 5.24 3.74 7.03 11.11 5.96 9.04 4.14 3.3 5.96 7.49
6.18 4.38 9.49 7.99 9.56 11.73 25.05 12.37 22.24 14.05 9.86 6.02 7.5 9.98 11.51 5.6 10.88 12.95 14.42 16.17 12.98 11.03 5.57 7.29 16.32 18.62 7.21 2.83 7.06 3.36 11.65 9.29 6.57 6.74 6.5 4.61 8.4 6.34 4.14 6.46 6.63 7.03 6.89 4.29 8.35 4.5 3.14 3.9 3.11 2.18 5.98 7.16 10.87 9.06 7.0 3.53 13.06 7.61 9.98 6.47 1.79 4.17 8.4 6.63
4.15 5.48 10.5 6.6 7.88 6.74 21.97 14.8 19.49 21.04 13.08 16.5 10.0 25.82 17.81 8.6 6.94 18.46 22.17 12.97 13.33 12.1 6.65 4.71 10.59 6.2 7.98 4.8 13.36 4.98 15.32 9.69 5.73 4.33 5.33 5.17 4.65 4.72 9.59 15.67 3.98 5.73 11.92 7.48 9.46 8.48 4.14 7.58 8.04 3.48 5.08 4.54 12.37 8.13 20.31 10.96 11.45 4.27 5.32 3.91 3.25 4.59 7.27 8.87
6.86 5.21 24.74 28.6 13.66 12.45 14.55 16.15 8.15 5.4 7.69 4.87 4.34 6.56 6.17 3.88 8.45 9.27 10.17 17.05 9.98 11.85 4.1 9.59 8.26 10.12 5.55 2.51 3.7 3.55 13.81 14.44 8.99 6.29 6.0 6.89 4.75 3.66 8.42 6.01 18.29 8.67 11.36 7.49 5.95 11.72 4.87 5.84 15.66 11.64 11.69 11.05 10.07 10.73 8.56 20.25 10.62 5.88 6.4 3.77 4.53 4.84 3.96 8.16
7.96 10.5 12.99 10.29 6.29 7.63 18.08 7.52 8.9 9.35 5.09 4.04 5.78 2.95 4.01 4.44 8.01 2.49 5.81 5.06 7.97 10.64 8.57 14.08 5.74 5.78 6.39 11.29 3.47 14.45 10.17 10.69 13.61 7.33 15.73 8.2 11.27 6.44 6.93 7.36 7.17 7.23 4.86 4.75 7.71 10.65 6.08 6.86 17.62 19.62 15.18 16.21 17.86 9.78 14.4 23.49 6.52 6.73 6.91 4.84 6.58 6.53 7.43 9.79
12.09 11.01 13.74 9.61 10.99 10.13 10.89 19.99 12.16 7.67 6.13 4.76 4.91 4.76 2.5 8.28 7.09 4.21 2.01 3.19 7.26 8.96 19.62 25.43 6.82 12.6 11.72 13.65 11.13 16.84 15.65 4.96 8.72 4.94 9.33 24.7 10.86 18.2 10.29 21.33 15.36 4.69 2.41 6.12 4.29 8.68 9.83 8.79 8.02 10.7 6.44 16.49 15.2 6.68 11.6 16.11 5.48 6.62 14.83 12.83 4.14 8.26 8.71 3.87
17.69 8.82 13.31 2.88 5.58 9.82 11.09 7.89 8.42 9.34 5.47 12.23 5.24 4.18 2.73 6.88 17.61 7.06 3.28 6.4 7.55 10.23 7.84 8.13 6.56 22.15 18.33 6.08 7.3 9.52 5.03 5.42 10.3 4.85 4.71 20.34 20.35 19.91 15.87 24.88 12.44 6.16 7.51 5.62 10.82 6.77 12.83 20.74 7.7 4.23 8.88 7.2 14.88 8.95 16.06 11.09 8.82 5.09 11.0 14.84 5.21 5.21 10.02 6.92
15.82 13.59 7.03 5.03 4.13 7.48 10.15 12.34 8.78 10.02 11.09 5.26 10.91 4.46 7.81 16.59 13.52 8.14 12.1 12.31 8.33 10.33 13.49 32.33 15.56 13.21 13.17 4.23 4.02 22.08 11.38 4.1 9.05 12.17 12.5 9.72 11.12 7.13 8.27 18.0 18.21 10.43 11.43 9.58 11.36 8.05 18.37 8.34 7.55 6.05 10.33 4.11 9.55 8.1 6.09 6.38 4.46 4.01 2.84 3.05 4.94 13.27 8.15 4.51
23.19 19.75 9.15 4.92 7.35 16.99 9.11 16.76 10.44 8.32 18.7 5.7 10.23 5.03 9.22 15.93 13.09 10.38 10.15 5.09 9.41 6.74 5.57 13.81 10.12 12.84 17.23 2.73 2.7 5.86 7.02 5.45 12.05 4.41 5.61 5.94 2.77 6.95 8.6 6.6 14.57 8.37 5.48 19.3 7.71 2.54 15.25 24.41 18.43 13.49 5.88 3.52 8.41 14.23 8.14 8.56 6.7 7.37 4.6 6.95 5.55 7.92 3.63 4.85
15.96 11.27 15.56 6.73 9.18 8.58 6.98 13.07 13.95 7.47 12.18 4.62 4.16 8.27 9.61 12.23 13.8 10.97 4.62 4.11 8.94 5.17 5.16 7.65 7.68 3.52 4.51 3.75 5.21 6.54 3.33 3.15 7.1 2.91 4.66 5.57 5.31 7.77 5.56 3.61 6.96 12.47 9.6 9.17 6.28 4.56 13.33 17.4 32.83 14.02 7.85 2.53 7.36 4.24 13.13 8.81 9.08 7.32 5.9 3.81 9.48 5.62 2.76 5.42
8.15 14.8 7.45 2.25 3.63 4.52 11.86 10.86 20.83 8.03 5.51 6.98 6.29 6.46 5.89 8.38 6.89 8.67 11.7 9.26 12.37 8.92 8.67 5.0 4.13 5.08 3.9 5.22 9.64 4.4 2.0 6.06 3.23 4.69 6.67 4.36 14.52 18.38 13.85 17.12 11.53 14.56 11.12 11.6 13.66 5.0 17.31 5.26 10.57 8.75 5.55 11.3 11.18 11.11 9.99 5.21 7.06 6.03 11.55 14.94 4.9 4.65 3.67 5.83
5.86 19.82 4.59 5.59 5.98 4.78 6.02 13.66 21.91 12.59 8.71 11.66 5.87 4.59 15.8 15.17 17.71 4.77 6.2 10.2 10.67 5.36 3.71 3.15 2.9 6.73 5.29 8.46 24.5 6.14 5.97 4.82 4.57 3.42 6.16 5.34 9.62 9.98 12.8 17.5 17.6 20.44 12.28 10.76 7.76 7.44 8.74 6.95 9.79 5.85 14.82 19.06 9.44 10.11 6.6 2.54 2.51 6.77 8.82 20.36 5.79 12.29 6.83 10.29
17.94 9.6 7.13 6.69 13.63 5.63 9.58 7.32 11.49 16.87 7.75 7.55 5.9 6.92 9.07 7.56 15.25 16.52 14.37 10.23 7.82 9.32 3.26 7.64 4.53 5.91 5.22 9.94 15.35 8.92 9.96 11.23 15.7 6.13 10.38 5.43 26.19 12.32 8.17 17.66 13.55 31.82 8.61 7.62 3.91 4.19 4.04 5.3 15.03 4.03 11.45 10.55 25.76 13.19 5.55 5.81 4.41 4.46 2.89 9.07 7.9 12.32 6.52 6.4
11.11 6.3 10.93 9.88 7.15 6.52 8.98 19.96 18.27 14.11 13.5 15.84 15.08 20.55 3.33 4.11 6.78 16.06 10.52 7.23 10.74 14.54 10.83 5.94 7.5 4.76 3.29 7.07 4.61 16.3 10.15 13.54 11.28 5.43 8.27 7.76 8.06 5.4 5.72 9.6 9.53 23.23 3.2 4.57 3.2 4.27 2.59 10.89 10.04 4.82 13.6 17.73 15.45 10.72 5.93 4.84 7.38 5.6 1.66 6.51 5.4 10.49 4.15 6.42
10.99 7.11 18.78 18.0 11.39 22.46 6.17 8.16 16.64 21.85 6.82 12.86 10.15 3.31 1.85 2.94 5.44 15.05 8.71 7.63 8.73 29.63 8.22 7.35 7.65 3.98 2.13 5.48 2.09 5.46 3.69 2.13 7.87 9.28 3.42 13.61 12.72 7.25 4.67 14.96 9.89 8.14 8.46 3.68 2.32 2.79 3.26 11.02 16.11 7.41 8.14 7.11 11.9 17.78 16.93 13.99 17.35 18.56 12.76 8.01 11.12 7.38 6.4 8.82
14.24 9.56 21.37 18.42 8.22 13.25 9.64 18.21 34.83 9.1 4.69 3.8 7.78 5.53 1.65 1.96 1.92 5.97 5.96 9.22 5.2 13.65 15.58 7.89 2.37 2.96 2.49 8.7 4.63 3.68 2.1 3.78 6.3 10.36 7.65 6.01 11.91 4.58 7.9 4.08 5.71 4.77 9.0 3.52 3.84 2.77 5.08 12.84 9.28 10.25 20.9 7.82 14.39 21.01 10.53 8.82 8.58 24.08 11.86 8.94 11.12 6.26 7.3 4.83
6.32 14.51 21.96 11.74 8.55 26.62 7.1 11.86 6.25 7.57 8.06 1.92 3.26 3.6 3.53 3.18 4.0 7.24 5.37 6.13 11.44 20.4 21.71 15.89 4.61 2.79 3.29 3.44 4.69 9.2 5.26 2.74 4.29 8.1 7.98 7.02 8.84 14.1 11.96 3.43 5.37 5.8 5.26 6.41 4.78 2.15 2.35 6.32 6.78 9.58 27.14 6.55 7.34 12.38 7.99 19.96 13.27 16.16 2.74 5.96 6.49 11.87 9.53 7.46
6.46 6.36 12.85 6.67 17.57 27.58 16.14 9.77 7.43 5.19 5.6 2.73 9.68 12.52 6.31 7.08 4.76 4.43 8.32 8.81 13.65 11.4 32.19 14.35 13.98 6.09 3.83 9.7 4.24 4.82 5.36 4.45 3.43 7.16 4.87 2.07 3.74 18.5 14.11 12.81 14.4 9.15 4.53 8.43 3.92 5.81 9.16 5.23 4.84 7.11 12.81 4.15 9.58 9.38 13.51 16.27 7.74 9.85 6.34 4.46 9.97 6.28 4.31 3.82
6.33 15.57 18.67 15.25 29.47 24.65 9.5 7.58 13.27 4.22 6.4 5.75 5.84 6.09 4.31 8.13 13.63 12.23 16.79 36.71 21.0 15.33 19.5 15.47 8.04 5.65 3.5 3.7 4.2 8.4 3.98 3.21 2.91 1.8 3.42 2.51 21.99 12.52 12.26 12.28 19.1 9.24 5.4 6.09 7.24 7.08 11.35 5.57 8.69 4.31 4.41 5.24 11.58 8.8 11.0 7.07 5.55 4.31 2.38 2.43 7.23 8.33 5.15 5.74
2.61 19.28 14.51 8.6 13.18 10.18 7.36 5.55 14.92 5.06 7.15 9.1 5.7 3.55 3.89 4.83 5.94 3.92 10.7 19.21 12.83 17.88 20.71 4.93 6.98 10.95 3.82 7.33 5.13 3.47 3.07 4.72 3.4 3.56 2.87 2.84 5.27 11.47 10.93 19.55 14.66 6.07 5.02 8.41 4.27 4.24 7.46 9.53 30.76 4.29 5.37 6.66 11.52 16.12 21.24 11.75 5.7 5.63 3.01 5.6 4.61 5.72 5.36 10.68
5.62 10.38 7.97 12.58 15.77 2.1 2.35 2.74 3.84 6.88 3.82 4.46 3.2 4.99 3.9 4.95 11.28 4.35 10.54 9.72 10.45 28.76 19.59 7.79 8.77 9.84 11.89 5.92 7.97 3.16 3.72 2.86 3.72 7.26 7.76 5.72 7.84 12.19 6.29 8.08 5.66 7.01 4.43 9.39 6.37 8.74 12.82 4.67 8.46 9.34 9.16 6.67 21.59 15.19 13.12 10.35 2.99 8.03 2.42 3.66 5.71 7.98 2.38 8.49
5.7 4.81 1.8 6.61 11.69 4.2 4.37 4.87 2.25 4.39 5.09 3.96 8.73 8.58 5.89 7.91 3.12 3.79 5.15 8.03 5.38 16.39 11.6 7.63 12.63 5.83 4.18 3.7 6.66 5.44 2.73 4.8 3.55 8.71 12.36 8.49 10.53 9.9 10.77 8.49 7.5 2.88 6.84 11.61 3.67 26.43 18.78 7.25 6.94 11.58 6.85 9.23 20.27 11.0 8.96 9.51 2.76 13.5 4.11 2.59 9.59 8.23 5.36 5.96
