12.78 7.66 6.0 12.55 7.09 5.44 6.53 15.7 9.28 6.09 6.96 6.59 5.22 5.23 5.13 2.71 3.85 11.28 13.63 6.07 6.78 3.06 5.99 1.61 14.54 12.45 5.79 10.51 11.22 4.88 3.93 5.33 3.37 8.43 8.87 4.86 20.26 20.3 9.9 4.06 5.25 4.06 16.21 8.41 8.61 8.51 6.58 4.85 1.64 4.26 3.45 4.69 12.16 11.51 13.11 8.81 10.96 23.96 5.81 8.23 10.36 5.05 5.89 6.35
4.99 4.88 9.77 32.95 14.57 14.34 16.07 12.27 8.59 4.49 6.92 6.33 4.06 6.97 4.05 4.23 11.82 5.98 12.42 5.86 12.27 8.09 4.04 3.41 4.73 15.1 2.68 7.0 27.72 5.63 13.11 8.2 4.18 3.25 8.44 5.2 11.09 3.62 6.38 4.11 5.05 5.99 6.64 14.07 12.12 6.73 3.99 4.87 1.72 2.66 4.31 2.78 6.53 7.53 5.16 15.98 16.67 35.69 16.93 8.35 8.15 5.39 5.94 14.92
4.1 8.81 5.01 21.92 47.27 17.87 13.8 19.21 10.97 6.4 6.31 4.38 5.01 9.06 11.03 7.87 13.03 7.15 11.14 5.41 4.97 7.99 4.18 3.36 6.33 12.67 4.44 13.66 6.61 7.73 5.65 9.04 10.47 13.07 6.47 5.65 5.71 9.59 5.94 6.18 4.42 6.0 5.64 4.7 4.23 5.64 5.17 6.74 3.54 6.95 7.5 6.75 12.95 5.36 4.51 14.72 10.54 14.82 11.38 5.3 7.78 6.54 11.28 12.59
4.96 2.3 6.4 12.6 20.22 5.62 4.39 6.51 4.47 7.19 9.41 3.61 14.81 11.11 15.47 9.3 10.46 5.94 29.45 3.93 4.65 5.86 5.74 3.81 8.51 11.95 14.93 6.18 11.07 7.78 6.63 5.88 9.21 19.33 8.59 2.93 9.07 11.67 12.54 5.61 3.85 6.8 6.08 5.2 2.04 3.55 5.87 3.98 4.32 4.82 12.11 15.34 7.12 10.8 5.0 11.38 13.0 5.13 6.42 6.56 10.58 6.81 7.9 12.02
9.99 6.12 14.63 22.68 8.49 3.28 6.78 5.95 3.44 3.35 10.11 6.77 10.52 26.53 16.72 8.54 15.07 22.45 10.41 5.72 2.95 8.05 6.15 6.91 13.43 15.46 6.72 4.24 2.77 7.43 7.74 12.33 20.18 3.48 3.33 5.01 9.27 5.3 6.9 4.68 7.49 9.34 8.62 6.03 2.75 2.65 3.44 9.08 11.11 8.29 7.73 7.38 6.38 9.28 11.66 8.53 8.83 7.71 5.25 11.14 11.11 15.25 8.36 11.09
11.71 7.3 12.48 17.9 18.0 6.46 4.44 4.42 4.19 4.94 8.47 6.2 7.79 6.0 21.54 7.99 16.23 15.91 16.01 8.72 5.79 5.98 10.1 6.29 5.89 8.41 8.51 6.5 2.0 3.19 7.07 6.31 11.67 2.23 3.93 4.88 8.88 5.12 9.88 6.18 16.36 11.65 10.93 9.49 4.24 4.4 11.28 13.27 17.48 8.73 5.87 6.68 26.78 11.15 7.2 5.56 8.64 5.0 7.99 8.38 26.07 8.01 8.7 5.93
11.18 9.18 10.04 12.89 3.69 5.44 6.74 5.43 9.13 5.96 8.98 5.84 4.37 4.09 3.92 10.73 7.52 9.49 5.76 4.74 3.83 11.0 5.69 9.68 6.89 9.89 8.39 3.55 4.32 5.33 5.51 9.0 5.59 4.28 7.25 8.21 4.23 9.17 10.36 10.2 7.72 11.19 6.12 3.82 5.93 5.69 10.13 44.01 9.78 8.52 6.85 12.7 12.75 6.79 8.48 5.2 6.1 7.4 11.27 16.79 9.22 5.63 5.71 6.19
10.24 7.83 14.44 4.71 5.27 4.24 8.54 6.2 6.8 23.12 7.47 6.25 7.45 2.88 3.78 5.09 8.28 7.59 3.85 4.04 4.67 12.63 17.58 14.86 6.62 11.68 6.13 3.43 9.75 4.46 8.32 9.86 12.59 9.21 19.49 14.09 8.73 7.1 20.71 7.23 4.8 8.07 5.74 6.76 8.01 7.66 10.67 9.51 7.75 7.19 12.02 8.81 5.99 6.06 4.92 5.86 4.42 7.78 16.96 17.37 9.64 4.88 4.36 5.44
8.95 4.33 6.64 4.83 4.45 6.89 4.99 5.2 5.71 8.64 7.71 5.19 7.23 2.17 4.4 4.51 3.34 4.51 3.28 6.29 5.1 11.64 31.9 25.56 31.83 19.13 5.8 4.64 11.58 15.23 10.12 9.79 7.0 2.92 23.44 12.04 6.65 8.96 7.84 7.18 6.16 4.63 6.76 8.76 8.55 7.72 5.08 4.01 5.84 6.64 5.69 4.36 4.59 5.92 7.29 4.51 3.62 10.79 11.44 8.92 3.14 13.97 7.79 8.86
4.24 2.81 3.7 11.33 3.58 6.52 6.64 4.59 8.66 11.95 6.93 9.34 4.27 2.74 4.93 4.13 4.19 6.94 17.97 10.08 1.52 6.5 12.06 9.68 27.11 27.46 18.57 6.09 8.87 22.51 8.0 14.02 4.85 3.79 7.33 8.22 4.09 8.33 4.15 15.84 16.11 9.23 4.09 5.46 9.79 6.12 3.89 2.54 2.19 8.69 7.81 6.7 4.35 7.45 11.79 3.1 4.77 4.55 8.43 5.51 4.34 4.39 14.54 8.92
3.4 2.67 2.08 6.34 3.89 3.28 7.1 7.08 12.02 14.65 5.27 4.49 6.97 3.92 1.91 5.02 8.17 17.98 17.98 11.08 7.33 6.79 15.11 45.01 7.28 8.23 7.16 6.52 9.14 30.94 13.67 18.62 6.31 6.01 3.18 5.09 3.98 2.3 6.76 13.97 14.69 8.42 5.81 9.43 9.56 8.87 6.23 5.44 3.66 7.95 7.63 7.86 6.09 5.71 7.5 7.09 6.51 12.33 5.85 6.23 8.75 6.63 4.85 9.53
6.56 4.49 4.12 2.57 5.67 8.99 16.0 15.19 11.93 4.2 8.4 10.31 12.26 5.74 6.42 4.57 7.78 10.79 6.6 5.75 18.08 13.3 11.6 17.22 14.47 4.07 2.37 2.8 15.81 32.28 26.32 5.95 1.78 3.58 4.26 3.15 2.64 2.31 2.74 9.16 8.07 6.32 3.66 9.47 11.05 4.57 5.66 5.25 7.18 5.1 2.06 4.97 5.44 6.77 15.77 12.12 7.97 13.24 7.87 9.74 11.69 13.61 3.97 17.07
3.53 10.36 7.27 3.25 9.25 13.14 6.46 8.07 4.82 7.71 6.75 7.07 11.2 9.05 8.76 6.15 7.99 11.6 17.1 13.95 4.27 10.02 13.28 7.26 7.78 5.51 3.92 6.48 22.34 11.66 8.48 3.33 3.12 2.39 2.65 3.66 3.65 6.92 3.65 9.48 12.24 4.18 7.34 14.82 10.11 8.21 5.82 5.04 7.94 7.07 11.11 6.35 5.01 6.24 9.46 23.99 10.61 8.11 4.59 4.7 10.52 8.36 8.75 5.55
6.04 6.12 8.73 4.35 5.82 12.15 6.17 6.68 7.47 3.34 6.29 1.92 5.95 5.14 7.39 11.34 4.65 6.77 15.42 6.27 4.67 8.95 13.55 13.6 21.46 4.64 5.02 7.53 22.68 31.39 8.52 9.16 5.56 2.47 3.04 5.94 13.27 11.05 3.91 7.61 9.28 4.54 6.03 20.78 7.1 2.98 5.59 6.01 9.62 21.13 7.94 11.95 4.95 6.29 8.65 7.05 5.25 2.37 7.13 6.42 2.76 8.47 15.31 5.67
7.87 5.7 14.1 5.23 3.22 5.94 11.76 6.62 6.19 4.85 6.38 5.21 3.01 4.45 2.85 14.26 6.05 6.36 8.25 10.19 7.38 5.89 9.79 6.01 9.02 6.4 7.36 10.78 6.79 20.43 6.69 8.61 6.27 11.38 6.69 6.17 5.46 7.65 5.08 11.07 18.62 7.01 12.0 19.07 4.29 3.64 6.58 13.88 3.85 16.97 6.2 6.69 5.89 9.84 11.68 7.68 8.87 3.99 3.62 10.1 2.61 3.01 3.68 7.81
9.02 10.77 28.49 9.24 12.16 4.79 9.92 6.46 4.22 9.02 6.03 1.97 7.1 6.25 4.01 4.49 13.44 5.16 23.35 9.62 5.84 3.71 7.28 7.94 11.44 4.41 4.07 7.53 18.02 9.03 15.61 3.76 6.4 7.61 8.45 4.02 4.78 2.92 6.68 6.83 9.09 14.26 11.72 14.58 8.52 5.26 10.78 11.99 6.76 4.61 3.87 8.5 6.25 8.24 14.25 9.28 14.49 9.04 3.41 8.81 6.38 3.69 2.26 1.91
14.87 31.01 23.95 12.62 6.83 3.82 8.35 9.22 7.46 11.39 8.06 3.94 6.24 5.54 11.78 11.31 10.43 15.02 12.55 5.21 4.96 5.54 8.74 10.77 9.64 13.38 5.6 11.16 3.68 8.08 15.5 9.51 5.95 13.11 16.45 17.68 5.51 3.86 4.97 7.19 10.5 18.17 5.62 8.05 11.18 4.77 4.6 10.57 8.74 10.87 11.08 6.99 4.07 3.53 12.07 9.87 5.02 8.46 4.45 7.32 11.32 5.06 2.79 7.52
7.18 11.27 10.12 5.69 5.86 6.16 4.11 3.8 7.52 10.79 4.97 11.1 3.58 5.12 9.84 10.9 16.03 17.03 6.22 4.4 15.47 15.94 14.77 16.83 16.07 20.09 5.71 6.51 10.09 9.05 7.39 5.88 10.41 23.81 26.89 9.57 7.8 11.35 11.99 8.73 14.27 7.93 6.98 6.05 4.36 4.09 7.47 11.65 5.36 17.2 19.27 17.08 5.61 8.87 10.2 5.28 5.03 5.95 7.88 6.74 15.53 13.17 8.21 7.79
6.8 4.8 5.6 3.27 10.19 3.59 5.57 4.51 10.77 11.55 4.72 5.57 1.8 3.58 7.73 14.1 14.1 12.96 7.89 12.23 11.18 9.88 8.0 7.31 15.21 18.09 5.94 8.01 6.37 7.32 8.49 9.46 12.27 15.62 8.69 3.4 9.64 8.9 18.41 9.2 8.26 8.98 4.15 5.17 4.0 4.71 4.67 7.7 8.38 4.74 9.31 10.87 6.64 13.94 5.91 8.29 5.08 8.42 5.47 11.51 13.95 10.11 7.3 9.76
11.59 4.53 5.85 6.28 6.36 10.18 6.04 6.27 6.22 7.58 3.61 4.1 6.49 5.11 9.19 9.81 22.76 12.0 15.1 10.27 11.55 3.5 5.03 7.47 7.51 6.28 12.99 10.23 4.05 4.93 8.38 5.11 10.2 13.27 7.48 7.16 34.13 14.05 18.69 13.67 7.06 9.42 5.84 11.4 4.56 4.83 7.51 7.93 5.71 7.58 11.46 10.25 6.67 10.86 10.73 6.9 9.8 4.72 6.65 31.27 11.39 6.58 4.04 11.46
4.36 4.96 3.22 5.98 7.28 9.7 9.32 3.75 5.12 5.9 8.22 4.02 4.84 8.02 25.82 7.9 7.49 10.74 9.19 9.88 6.21 5.57 6.65 13.06 15.34 13.72 5.4 8.54 10.66 3.39 11.04 5.61 9.63 11.24 19.46 17.9 35.25 25.02 9.83 5.48 6.65 7.83 6.17 10.97 6.06 4.78 8.86 8.41 15.63 11.53 12.7 14.25 4.17 6.2 6.87 3.19 7.7 7.2 9.07 4.65 6.47 4.52 15.29 10.1
5.69 5.19 3.11 5.61 9.92 8.79 3.94 5.0 6.69 8.93 10.66 11.87 6.3 9.04 8.73 8.35 3.1 7.89 4.3 8.95 4.93 14.3 7.32 8.75 4.79 10.8 8.16 7.81 3.31 1.61 10.76 5.07 3.44 14.7 12.18 15.49 18.22 17.68 5.17 6.4 5.03 7.37 8.32 3.25 7.44 10.71 6.74 9.26 6.67 12.29 46.18 17.89 6.97 7.08 4.79 9.83 5.41 10.61 4.02 1.79 5.9 10.21 12.61 13.79
9.65 7.05 12.28 13.0 15.82 6.04 6.04 2.64 13.22 7.54 13.82 15.7 3.9 3.54 5.19 8.11 6.37 3.43 4.64 4.38 9.09 18.8 9.05 6.42 9.01 8.48 8.95 7.65 5.03 5.44 5.48 2.04 4.3 11.43 5.72 12.54 5.44 7.79 7.73 6.47 10.28 10.82 10.54 4.15 16.66 5.7 2.13 3.65 2.78 8.33 45.5 31.7 12.71 8.54 8.69 12.92 3.09 3.16 4.27 6.07 11.89 13.23 6.05 7.41
11.19 18.18 13.54 11.38 5.82 4.79 6.66 14.05 11.48 5.67 14.35 2.94 1.54 3.65 10.26 13.96 5.25 2.86 1.82 4.39 11.71 10.6 8.04 8.48 21.3 18.64 18.81 10.84 7.31 5.81 6.33 9.15 6.06 7.04 5.3 7.84 3.31 2.58 7.92 8.12 7.5 8.24 6.31 7.19 9.03 3.45 2.13 2.4 10.44 11.12 18.34 21.07 9.76 13.68 10.23 10.79 3.55 3.32 4.1 8.8 22.64 11.33 12.3 11.72
8.69 18.73 5.87 5.47 6.69 4.44 8.05 7.78 8.17 20.11 10.49 4.81 2.24 10.84 6.08 9.11 10.5 7.0 3.45 11.35 8.85 6.8 2.07 6.21 7.66 20.5 17.1 18.39 5.02 6.37 7.17 10.16 8.66 3.99 2.41 8.06 8.05 2.89 3.67 6.59 15.12 7.89 8.15 7.74 7.73 8.81 4.29 3.78 7.73 10.09 15.76 19.15 8.02 16.57 6.77 13.26 21.59 6.78 6.65 8.76 15.46 9.3 5.18 11.61
11.66 11.2 4.0 3.74 6.42 3.02 14.01 7.35 9.59 15.16 6.47 8.41 3.29 7.0 18.32 8.5 7.98 9.33 5.04 17.39 8.45 3.88 1.61 2.63 7.4 6.62 10.02 7.57 2.73 20.4 10.45 14.24 10.26 5.2 4.06 6.28 6.91 4.8 5.48 6.8 9.16 5.94 5.54 8.13 14.99 8.44 5.67 9.93 8.49 8.4 5.54 7.89 9.28 6.92 7.05 14.85 8.27 9.78 14.69 8.79 7.93 6.28 6.21 6.47
14.52 7.46 8.41 6.39 6.03 8.17 14.84 11.65 6.85 9.9 7.96 5.05 15.61 10.99 19.77 10.68 16.69 13.48 7.31 5.4 9.99 5.16 2.06 3.99 2.9 3.2 16.2 9.16 5.87 9.17 3.98 18.69 6.02 15.44 9.61 11.85 5.71 6.16 8.16 16.44 13.53 6.27 5.97 7.36 6.1 4.38 5.96 10.46 6.95 4.0 4.14 8.54 8.23 10.65 7.91 8.88 4.57 12.5 26.08 13.7 6.89 7.92 5.15 11.8
7.16 11.93 5.97 6.98 8.49 11.79 15.9 4.93 12.46 6.98 9.04 11.09 8.56 5.88 18.42 19.6 12.63 11.42 15.6 4.85 9.65 6.98 3.53 4.06 3.42 6.77 10.18 16.65 9.43 4.59 3.22 12.27 12.72 6.69 9.64 3.83 7.27 9.26 9.25 5.61 6.2 13.63 16.66 7.23 4.86 14.17 5.32 6.29 4.88 2.86 5.34 6.38 5.05 4.13 5.39 9.7 10.75 6.93 10.9 8.55 4.64 6.37 4.71 3.77
6.39 8.87 14.4 4.36 12.74 16.72 16.94 5.19 10.5 12.97 6.69 9.72 6.96 3.24 15.32 35.74 7.83 7.25 4.85 17.53 11.85 3.31 2.05 3.59 4.95 14.1 5.99 7.26 7.87 6.14 3.63 13.38 5.4 5.49 9.21 6.45 4.65 7.17 5.7 2.23 5.93 3.11 10.35 7.87 8.29 9.81 6.07 2.75 3.02 2.83 12.68 4.2 3.94 6.9 4.41 4.18 8.37 5.64 10.49 6.66 5.51 3.44 4.37 9.75
6.53 4.84 11.61 11.62 3.57 15.46 10.43 6.4 7.72 6.17 6.66 14.48 6.06 19.12 20.47 21.57 35.06 9.47 12.26 9.22 13.58 5.18 3.99 6.1 2.9 7.25 9.02 3.75 5.67 7.61 2.81 9.52 6.47 6.16 4.32 6.8 4.34 9.5 3.12 5.07 7.07 6.55 4.02 6.38 8.21 7.06 4.95 3.01 2.78 3.17 5.48 10.93 5.34 8.31 7.32 6.2 8.42 16.26 6.72 7.5 3.24 3.87 3.64 5.43
15.9 10.77 9.21 3.85 6.85 8.36 5.7 7.75 6.21 7.23 17.67 17.97 12.74 7.85 22.72 17.1 21.1 13.61 13.68 10.49 14.96 6.38 6.51 4.72 4.32 5.9 10.77 4.25 8.69 7.78 4.06 5.42 9.28 12.01 14.71 8.49 4.72 4.18 2.82 2.47 5.4 8.69 6.41 4.31 4.17 4.8 2.8 4.2 6.96 5.06 13.15 13.3 8.05 4.97 7.05 13.44 9.6 17.52 8.88 10.46 4.4 3.7 6.45 7.81
16.0 18.71 8.08 6.34 3.48 7.65 5.35 10.35 8.01 10.43 31.54 16.77 7.9 9.25 4.98 28.56 21.6 8.32 7.89 8.73 7.99 7.11 7.51 9.62 7.57 5.69 6.82 2.77 6.51 13.31 6.1 5.84 6.43 12.9 20.27 23.05 13.24 4.66 4.66 5.08 6.81 9.82 8.92 3.06 8.27 9.45 3.14 5.59 8.0 16.51 14.5 26.3 7.11 6.27 17.1 15.44 7.1 15.09 19.44 10.93 8.33 7.08 9.82 9.04
11.75 10.05 8.36 11.4 10.5 6.09 4.83 14.59 7.57 4.52 5.73 14.48 9.16 9.46 10.2 17.87 13.64 5.24 7.04 3.7 2.35 6.57 13.31 14.93 13.12 6.61 5.98 7.4 4.2 9.12 5.89 6.46 4.33 6.47 12.95 19.98 11.56 6.06 7.4 8.6 4.21 5.61 6.87 6.07 6.81 5.78 3.15 3.19 16.49 26.9 15.86 21.82 27.94 5.54 8.87 12.77 15.13 20.19 22.69 7.35 11.59 3.87 5.57 4.08
7.25 5.53 8.79 7.51 8.05 11.83 9.99 34.32 6.07 5.02 7.49 9.49 14.99 11.12 16.1 15.37 16.0 6.48 4.84 3.2 7.12 5.82 7.89 4.57 9.4 8.41 6.2 8.75 3.55 5.54 3.3 4.27 6.55 3.7 7.28 13.83 10.62 6.38 4.57 7.36 9.84 3.9 2.98 9.7 3.25 4.14 5.7 4.7 12.44 20.11 9.98 16.87 7.89 16.14 9.65 11.67 9.91 15.76 12.2 9.27 3.64 1.76 3.0 7.55
5.11 6.59 3.32 6.38 5.33 15.57 17.21 12.21 6.33 4.05 17.83 9.3 16.93 11.5 14.12 10.39 5.75 5.55 8.78 16.14 5.73 9.42 8.56 7.52 3.25 2.66 3.38 8.69 3.68 8.99 3.57 2.23 5.52 3.43 8.51 10.07 6.13 7.52 4.78 5.94 4.11 7.54 13.06 4.73 10.33 7.24 9.61 11.42 8.14 18.23 7.01 15.4 7.41 12.68 17.84 4.25 4.01 5.62 9.67 8.75 4.38 3.78 5.4 6.58
7.1 13.47 3.03 4.96 10.1 6.5 18.3 17.26 7.83 5.95 6.96 4.68 6.48 10.62 8.62 5.63 4.23 3.99 8.39 11.25 7.51 4.37 3.54 12.26 4.71 2.5 4.63 3.76 8.38 6.28 5.99 2.96 19.39 14.07 13.06 13.05 10.32 3.94 8.19 4.69 8.15 9.97 9.2 4.33 10.76 17.58 8.4 6.79 14.53 11.1 22.68 4.49 7.33 4.3 11.04 6.21 6.68 8.37 5.23 6.58 5.43 5.64 16.64 10.58
7.13 7.6 9.1 9.8 11.37 10.9 12.02 15.68 4.65 4.63 6.31 5.71 5.86 6.78 3.03 3.34 3.14 9.11 9.16 7.26 6.73 4.25 3.33 6.87 5.48 7.74 3.43 4.18 6.85 4.37 3.17 7.78 7.67 13.34 4.5 11.3 15.25 4.57 7.92 6.66 10.46 9.02 3.75 5.9 6.02 13.05 12.21 13.39 17.08 17.3 7.98 4.33 3.66 4.09 9.05 12.6 27.57 19.3 15.19 14.0 13.25 9.52 17.1 15.53
8.24 6.03 2.96 8.1 19.28 13.96 11.39 6.44 11.76 9.12 5.79 8.03 7.77 4.73 3.11 2.98 7.94 6.42 5.68 12.46 5.17 3.7 3.32 6.64 4.69 5.29 6.96 9.18 9.19 4.09 4.65 2.86 8.24 4.15 3.71 11.29 7.03 4.75 3.94 12.21 3.49 6.17 12.17 6.59 9.16 8.35 12.45 9.94 15.5 7.3 7.06 5.21 4.85 12.0 2.34 9.3 17.91 24.2 17.03 9.59 29.96 13.04 14.79 9.24
10.81 2.35 4.7 12.91 9.74 6.07 8.74 11.79 20.2 11.67 19.95 14.87 10.08 6.22 4.45 5.26 9.64 26.41 8.94 8.19 5.54 3.31 4.22 7.0 3.58 4.84 11.2 8.11 5.45 5.39 11.37 3.22 6.82 7.67 2.58 11.34 8.32 7.83 5.1 6.61 10.64 20.95 12.87 6.9 15.78 15.87 24.42 19.89 7.66 9.39 7.07 7.28 10.08 8.37 5.88 8.16 12.88 3.59 11.7 13.95 12.13 9.63 8.31 7.09
14.76 8.2 7.85 10.14 6.55 6.74 4.02 7.04 11.16 13.97 29.24 36.75 14.06 15.99 5.61 14.84 16.78 50.65 12.98 6.06 4.77 3.38 5.66 5.22 5.9 10.66 3.59 7.73 5.4 8.82 9.68 9.91 9.91 5.86 4.85 4.08 3.84 2.92 9.55 5.56 7.36 20.42 12.73 6.09 12.14 8.81 16.45 12.87 5.08 10.54 6.48 2.85 7.21 3.33 17.58 6.62 19.09 7.57 11.09 7.97 4.99 2.61 10.91 9.88
8.43 9.02 9.81 5.61 6.15 8.0 2.88 3.98 9.71 11.71 27.97 21.77 29.85 30.3 10.79 11.86 16.54 25.99 10.44 6.42 6.44 4.72 5.63 4.66 3.36 6.01 7.48 11.33 3.44 14.28 18.52 14.42 8.36 4.54 3.21 7.78 2.94 2.76 7.17 6.79 5.06 7.19 13.74 14.56 12.72 12.77 10.5 7.17 6.71 5.74 6.98 2.74 6.08 7.92 11.17 7.4 9.14 21.66 5.96 7.09 4.41 4.6 9.94 7.95
6.55 5.3 8.47 13.13 15.16 8.7 4.21 4.85 7.8 14.79 15.83 18.28 7.62 10.42 7.08 7.49 11.23 22.01 6.52 3.12 2.93 7.23 8.7 11.95 2.98 4.24 12.44 6.26 3.17 7.8 17.81 18.13 9.53 4.05 3.2 2.51 2.58 3.95 5.42 7.66 10.35 41.65 16.42 14.04 19.22 12.8 6.05 4.56 3.31 12.8 9.63 5.96 7.24 11.64 6.58 13.61 4.65 8.02 7.76 10.9 13.72 7.04 9.18 10.79
7.88 7.07 7.5 6.39 7.81 3.85 8.72 6.03 8.06 11.17 15.7 9.93 4.29 5.59 4.32 8.34 8.16 8.17 2.11 3.2 5.49 11.04 7.46 7.9 12.02 4.54 5.0 5.12 11.25 9.73 6.01 8.11 10.21 6.2 2.68 2.34 2.14 4.27 7.36 5.38 17.3 12.33 37.2 19.05 31.99 5.53 2.54 5.77 5.08 8.95 7.8 2.63 6.82 6.0 10.07 7.7 12.26 5.7 4.27 5.08 13.42 7.76 4.49 15.5
9.05 13.89 6.29 8.44 6.83 2.83 6.28 11.42 5.1 16.85 15.55 17.54 10.48 6.61 12.29 9.28 10.57 3.04 5.05 6.65 9.57 6.79 9.97 7.81 8.82 6.42 6.22 8.05 7.76 10.93 11.61 7.61 4.51 3.65 4.02 3.21 1.68 1.96 7.2 5.74 7.02 23.58 15.98 8.28 6.16 6.49 7.06 9.12 11.15 5.45 5.36 3.27 4.63 9.19 12.26 9.79 10.1 4.61 1.83 8.1 8.85 4.3 6.66 10.43
7.7 13.52 6.14 5.18 5.93 4.99 5.92 12.6 8.31 12.03 5.91 5.14 12.88 17.3 11.22 15.67 10.72 6.68 4.15 10.55 16.98 7.35 6.32 6.95 3.29 9.3 7.15 8.77 8.88 13.56 19.12 18.19 8.18 4.74 8.14 4.93 5.12 5.26 3.94 4.07 3.24 10.82 13.28 12.77 5.47 13.1 12.43 6.58 2.49 4.41 9.67 5.64 6.69 8.92 4.21 8.99 5.81 3.3 1.77 7.87 5.06 3.61 5.97 14.28
11.75 33.9 11.27 5.46 3.21 2.33 11.27 5.76 7.93 8.93 10.76 5.72 8.78 15.63 10.77 10.39 10.96 4.9 4.44 26.38 24.64 7.87 6.47 5.92 5.86 12.47 9.31 7.43 27.21 19.91 20.39 13.57 10.72 12.54 19.93 24.23 6.93 6.63 7.6 6.02 4.66 8.46 14.46 8.75 8.01 3.69 9.25 7.91 10.91 7.09 5.5 9.58 5.02 11.92 5.71 6.11 5.38 10.9 8.23 10.39 3.37 5.37 7.55 8.62
14.48 44.02 8.47 4.7 7.88 8.44 4.53 11.82 9.99 6.51 9.58 9.15 21.9 14.41 15.07 10.4 10.13 5.8 5.56 20.9 17.61 10.33 6.12 10.89 6.4 5.27 11.52 6.91 18.62 19.38 7.83 11.62 6.87 11.79 10.55 22.52 8.52 3.14 7.82 6.01 5.26 16.59 16.11 6.35 4.8 8.07 7.36 8.65 16.3 5.74 7.3 4.77 8.41 8.38 8.16 7.91 6.23 11.44 19.82 10.38 4.92 10.63 6.48 5.22
12.48 12.26 10.99 9.76 9.03 15.95 6.72 11.44 12.53 11.79 7.77 9.54 9.44 17.79 9.1 6.99 8.73 6.12 12.1 11.63 8.96 6.82 7.31 7.3 4.8 4.88 12.04 9.8 19.46 16.84 9.72 3.23 4.81 5.37 16.15 8.43 12.66 6.07 5.79 4.36 7.53 9.5 12.48 11.0 17.64 9.45 6.83 8.1 14.44 10.26 7.33 7.08 8.32 12.52 5.37 7.8 7.72 12.75 13.1 10.3 4.22 4.96 13.67 4.52
10.89 15.65 7.28 9.68 14.42 13.98 4.74 8.59 14.21 10.25 10.32 4.56 7.57 6.78 5.54 5.41 6.11 17.73 5.78 11.85 5.25 3.77 6.6 3.05 4.07 12.45 12.64 17.07 9.77 10.62 12.87 11.13 2.8 5.6 10.55 12.65 6.29 5.78 6.35 7.14 6.07 8.98 17.14 14.44 15.5 10.1 6.65 12.95 14.85 11.9 2.92 5.55 5.05 10.28 7.78 12.08 11.11 14.89 9.14 11.38 4.74 5.4 20.15 9.07
15.16 14.76 9.47 6.25 8.37 7.57 3.12 5.07 8.55 10.18 9.8 5.45 4.35 3.58 2.33 3.8 10.39 16.51 11.7 9.38 9.82 4.05 4.26 3.26 2.07 7.39 13.11 10.08 14.86 8.47 8.91 5.45 14.45 14.72 11.14 10.74 10.62 8.78 4.76 4.5 5.14 7.38 10.51 16.13 11.75 9.46 22.47 17.84 9.87 5.35 2.49 1.91 4.25 3.99 6.2 3.81 16.99 26.6 17.35 13.97 8.8 12.39 10.99 8.43
7.84 8.16 10.15 8.42 8.45 5.67 13.31 5.31 15.47 11.55 13.21 8.53 6.03 2.61 3.58 4.61 8.96 6.52 6.09 13.43 14.24 4.56 8.6 5.88 5.72 4.54 10.38 8.66 13.77 18.03 7.58 11.8 22.48 13.79 24.29 11.62 19.22 8.56 7.82 5.42 16.45 18.14 14.22 11.3 12.23 16.55 13.04 11.16 8.78 2.3 2.46 1.55 3.39 1.67 7.33 6.35 10.67 11.76 20.93 15.31 21.33 25.25 31.79 8.5
4.85 6.68 6.89 3.22 9.59 6.71 9.72 17.66 11.75 16.83 6.32 3.74 3.86 3.45 2.29 3.86 6.62 9.44 3.35 11.98 2.7 9.51 6.46 10.14 10.1 11.88 11.8 5.72 10.66 10.78 6.13 11.47 11.19 9.34 11.64 8.48 10.79 5.85 4.34 7.97 15.67 17.24 18.62 10.45 20.21 7.67 6.9 10.04 15.38 4.76 2.67 4.08 1.18 2.66 3.6 7.01 14.75 14.08 18.86 11.07 22.11 46.25 45.0 13.21
6.77 4.0 5.46 2.63 12.62 6.62 17.72 8.98 12.47 6.23 5.67 4.36 2.6 5.41 6.45 6.52 6.07 3.29 7.89 5.6 5.41 11.63 11.22 6.17 8.95 13.65 12.79 9.48 6.11 11.33 5.63 5.57 7.67 16.12 6.93 2.89 5.07 4.9 7.68 9.38 10.68 7.32 11.37 8.68 8.72 5.5 11.62 8.95 29.72 10.62 4.92 2.99 3.6 5.87 6.24 3.23 9.64 8.66 19.05 9.61 20.5 58.66 20.66 17.45
2.15 3.09 3.08 3.17 9.22 16.09 14.22 14.85 6.75 20.48 3.44 6.9 8.03 9.13 16.52 6.15 9.09 10.45 5.19 7.0 5.52 9.81 7.29 4.81 4.62 10.38 7.84 12.38 5.49 3.53 2.92 4.94 6.55 8.82 6.05 2.49 2.93 3.69 4.89 4.12 7.69 4.98 12.16 17.75 5.25 6.15 9.5 11.94 19.27 8.36 8.26 6.91 11.22 16.06 7.25 3.11 7.08 7.44 6.95 15.75 22.82 19.08 5.02 8.15
5.56 3.46 1.86 5.5 8.82 6.81 13.37 35.24 18.27 7.03 11.68 4.96 8.35 13.9 12.43 11.8 20.0 11.87 6.18 10.8 8.4 6.78 10.52 7.77 3.61 4.26 4.77 8.81 6.93 6.09 8.27 2.05 8.35 11.18 10.28 2.78 3.23 3.65 5.96 8.68 10.28 9.31 8.43 10.27 9.64 2.55 5.25 4.21 17.7 6.49 9.19 5.52 5.19 15.95 9.87 3.44 6.29 4.68 5.84 19.11 7.82 11.48 5.19 14.5
6.45 9.36 1.7 7.73 13.29 7.23 8.22 25.08 14.71 7.95 5.63 6.71 14.9 11.42 8.39 14.32 6.45 6.75 20.73 17.77 8.82 12.18 8.13 12.02 10.06 6.27 6.87 10.07 6.85 7.29 4.31 4.41 9.98 19.9 10.31 9.39 5.37 9.8 8.53 18.21 22.72 18.78 19.53 9.9 13.22 4.92 4.7 3.73 10.75 14.41 11.13 5.16 4.82 10.47 4.35 3.86 3.08 3.76 6.88 18.23 10.37 12.23 11.89 9.38
5.03 4.13 5.73 8.15 7.38 6.73 6.99 8.33 8.79 8.53 5.69 4.84 12.4 8.25 2.7 4.74 4.4 7.84 14.31 13.21 10.3 3.22 11.14 12.44 9.48 12.24 17.91 9.4 3.23 4.37 2.43 6.2 8.21 19.54 5.63 7.56 5.01 18.13 13.01 8.76 18.93 7.64 10.05 9.12 8.8 10.01 6.94 5.66 7.13 14.77 28.32 19.33 9.82 5.63 4.5 1.7 2.53 4.9 8.21 12.84 8.84 11.51 6.04 10.81
7.8 4.58 6.04 15.01 6.74 5.35 7.37 11.01 8.2 4.73 6.48 11.87 12.46 11.06 7.35 4.63 18.88 5.96 11.78 19.58 6.44 4.57 6.47 12.4 8.11 10.55 14.99 7.54 4.46 3.86 5.38 5.86 6.08 5.63 16.39 7.82 4.44 5.99 13.03 18.59 7.29 9.0 14.51 9.69 12.66 5.81 6.42 9.38 24.53 33.76 16.3 10.27 9.43 5.32 6.73 8.26 1.28 2.29 5.73 12.42 4.76 6.39 5.45 5.19
10.65 8.58 5.89 14.01 8.47 4.15 15.37 16.99 6.34 10.19 7.31 8.38 14.7 11.99 25.82 9.0 10.99 22.59 30.89 15.19 5.07 5.26 7.55 8.76 5.79 5.55 4.83 3.32 6.48 11.56 8.4 2.92 8.58 8.66 7.96 6.64 3.28 4.44 16.23 4.66 6.76 11.48 17.25 8.95 3.63 6.57 9.5 18.41 17.99 11.19 20.18 11.84 9.06 6.94 8.76 7.79 2.23 4.12 14.11 12.34 8.59 6.94 4.08 4.61
10.91 8.13 4.1 16.66 6.56 7.77 11.01 10.46 10.63 12.54 5.2 7.96 14.53 16.95 13.46 8.48 7.37 19.36 11.0 16.72 13.12 4.75 17.94 11.37 2.49 2.29 5.21 2.62 3.16 10.63 9.1 9.04 12.18 27.95 13.06 10.2 8.13 14.74 6.75 4.87 2.91 12.1 14.43 8.03 11.19 4.53 12.6 13.94 6.56 11.22 5.61 15.89 5.25 5.7 3.22 4.99 6.65 11.86 11.98 10.06 18.76 9.55 4.73 5.81
12.2 15.29 4.82 9.45 9.52 6.92 8.0 13.86 17.46 6.02 8.06 4.77 5.96 10.38 13.61 7.73 21.78 5.29 3.96 5.43 12.87 5.52 13.42 7.69 11.12 6.53 6.9 3.51 3.02 9.66 8.68 7.75 16.87 16.96 31.08 9.1 6.76 9.89 5.57 6.92 3.75 3.36 5.56 4.79 9.49 9.03 6.93 15.56 21.85 14.33 8.88 6.46 5.39 2.76 3.3 7.54 10.41 21.37 17.72 12.58 12.58 8.21 8.24 6.69
8.92 6.05 7.11 7.84 5.94 13.59 8.67 16.11 5.41 6.68 5.01 4.36 3.88 13.99 17.1 12.55 7.24 4.89 7.63 4.01 6.71 12.97 9.61 17.48 10.14 8.1 11.91 7.97 6.97 6.0 5.62 7.56 23.16 20.45 16.21 8.23 5.99 9.68 8.15 3.89 2.91 4.68 2.05 4.82 3.11 4.31 4.14 10.79 11.76 15.48 10.9 12.57 5.22 5.26 5.28 9.4 10.32 20.0 12.94 9.25 8.5 13.56 4.61 9.6
7.77 3.48 4.36 5.51 5.47 17.12 10.55 3.73 5.93 5.05 7.88 4.16 10.73 17.74 27.94 12.71 10.7 6.6 10.55 4.59 7.53 10.68 22.52 14.03 15.98 8.95 9.89 3.92 6.21 5.18 2.24 10.91 18.24 5.67 9.32 14.73 6.79 5.98 9.35 5.64 5.46 4.21 4.11 6.22 8.9 4.8 4.04 5.47 13.95 10.36 11.7 6.15 9.37 7.14 14.53 16.28 13.3 4.59 9.81 4.89 14.97 6.3 7.16 7.34
7.57 10.77 2.6 11.76 4.58 6.09 6.91 4.48 4.85 7.61 10.41 8.4 8.41 19.37 19.54 8.17 10.13 2.75 7.63 12.82 6.05 6.53 2.71 5.99 13.68 8.92 3.26 2.53 2.75 3.75 8.28 10.39 4.14 5.06 3.71 8.58 7.6 6.65 4.71 3.43 13.64 4.42 2.76 7.41 10.06 9.01 1.87 4.23 7.23 6.24 4.9 4.48 10.34 10.73 9.02 7.56 5.76 9.92 12.55 7.33 6.16 3.59 5.78 15.28
