7.61 7.45 6.1 3.64 4.45 11.27 6.7 6.53 7.29 1.57 5.63 5.03 4.4 5.25 2.88 3.36 7.62 15.82 5.15 6.75 5.37 5.4 1.81 3.12 1.42 2.58 2.06 5.52 6.44 10.17 13.38 5.33 13.06 3.7 6.57 5.29 5.96 2.29 5.09 5.03 2.52 4.02 12.84 6.72 7.77 4.21 2.54 3.34 5.23 7.03 4.36 9.85 10.24 8.39 10.47 8.31 2.97 4.84 2.52 5.02 5.53 4.67 8.99 4.36
10.78 8.59 7.78 4.33 7.02 9.93 4.25 7.47 5.26 3.3 3.29 6.05 8.94 5.5 3.08 2.43 6.02 5.83 7.28 5.01 9.25 3.43 7.21 5.73 4.92 3.88 7.74 2.34 9.91 8.73 12.49 8.38 3.89 12.02 6.14 7.33 3.11 5.42 3.36 5.68 3.14 5.83 19.3 12.45 10.7 5.92 8.09 4.83 5.97 6.83 4.98 7.68 8.35 8.26 3.79 4.25 3.03 3.93 3.8 5.47 6.66 6.47 6.49 5.43
4.31 13.41 8.22 6.15 6.46 1.92 5.12 3.33 6.56 3.86 5.1 4.31 3.07 3.23 4.57 2.89 5.13 4.84 2.84 2.83 5.87 5.29 5.97 6.02 7.42 3.67 4.83 4.01 3.46 8.35 7.94 7.77 6.18 13.34 6.81 7.08 5.22 8.11 7.27 5.77 8.19 18.44 6.68 7.56 2.13 5.75 4.64 5.12 4.78 4.34 4.35 5.09 20.69 10.95 8.24 3.87 6.0 4.3 6.63 5.71 11.37 7.67 8.47 6.09
7.69 27.81 5.74 10.57 6.73 5.86 6.01 9.04 10.37 3.83 4.38 2.87 3.37 4.58 3.6 3.56 3.53 3.03 3.09 2.05 7.97 6.38 12.11 10.28 7.69 5.57 2.57 11.81 5.08 6.11 5.6 8.54 8.67 9.71 10.71 3.25 6.88 9.61 9.19 8.16 9.79 5.73 5.98 2.35 1.99 2.98 6.28 10.84 4.32 5.73 4.78 13.39 7.91 9.23 3.14 5.83 4.11 3.64 8.23 4.58 4.99 5.59 6.64 4.37
10.39 14.65 7.34 11.49 7.64 19.22 4.04 5.52 8.01 2.58 4.5 14.88 9.34 4.26 4.14 5.34 5.84 4.04 5.76 6.53 5.64 8.24 24.48 9.38 10.65 3.42 1.89 6.51 14.85 6.37 8.86 7.96 7.81 9.55 6.42 16.93 8.03 26.49 15.53 23.8 2.86 6.63 3.86 7.95 2.53 4.26 12.48 7.18 10.35 2.82 4.93 7.97 14.07 3.83 6.47 3.83 4.19 3.46 7.99 4.01 5.2 8.1 13.69 8.7
8.87 8.65 11.4 7.55 7.33 16.16 13.92 3.48 2.28 3.72 5.61 9.14 12.22 4.4 2.54 4.38 10.77 6.79 4.29 3.96 4.21 6.26 8.23 13.56 3.65 5.07 4.12 7.03 10.74 15.79 3.83 3.55 5.36 8.83 11.27 15.14 17.85 13.57 16.02 9.58 6.29 4.57 5.18 3.58 1.83 6.39 15.41 4.99 7.15 1.65 4.26 5.4 10.55 6.65 5.04 5.9 3.57 3.95 7.43 4.8 11.42 6.93 8.07 4.66
6.97 7.01 6.85 6.18 7.43 8.05 8.62 5.79 2.79 3.9 5.02 7.73 6.56 15.79 7.46 6.79 4.93 2.85 4.13 3.74 21.18 11.01 11.39 7.18 6.63 8.72 10.27 15.0 3.88 3.25 3.6 3.73 16.69 10.93 8.43 4.32 11.11 11.9 12.33 11.07 5.01 4.79 6.68 5.43 2.88 7.03 8.48 6.89 6.66 5.05 3.03 13.89 4.91 4.2 2.76 9.49 5.7 4.45 9.2 6.19 6.88 2.78 3.22 1.99
14.23 15.73 7.51 5.95 8.49 6.85 4.22 7.76 4.47 2.62 3.56 7.02 11.58 6.32 5.01 4.02 2.65 4.6 3.64 3.38 17.6 8.05 7.28 5.19 5.04 11.6 18.97 7.1 7.76 3.32 7.86 6.28 7.99 9.32 3.12 5.85 5.95 23.46 9.77 16.58 13.9 8.89 4.11 9.32 7.21 13.35 3.61 5.42 3.18 7.24 9.56 11.72 4.8 2.13 5.9 6.6 10.38 3.4 13.53 11.16 8.04 5.13 3.12 6.56
4.08 16.04 10.9 10.79 9.19 2.92 3.47 4.53 10.38 6.17 6.5 4.94 8.59 5.18 16.4 8.55 2.84 4.32 4.29 8.24 4.91 9.09 2.58 3.83 13.14 23.28 15.92 19.77 5.28 3.89 5.63 10.16 10.73 11.14 7.35 12.2 18.54 11.38 11.15 8.34 11.05 16.84 11.23 20.5 8.46 4.61 4.1 2.22 4.69 10.06 10.58 24.66 7.08 5.05 3.33 5.04 4.95 17.54 12.43 9.66 7.62 5.33 3.43 2.73
7.21 20.01 14.2 16.25 5.77 8.4 5.07 7.51 12.33 23.1 12.02 7.51 6.71 9.49 7.47 12.5 7.11 7.05 12.31 5.74 4.47 2.89 4.5 4.9 10.83 30.41 28.07 13.53 9.33 5.44 1.91 4.44 9.24 12.68 8.91 9.29 11.82 11.2 7.07 6.93 11.95 14.94 15.06 16.7 13.47 6.24 2.82 2.62 7.66 7.74 11.51 17.61 7.18 4.79 3.47 5.0 7.3 17.21 13.97 5.06 12.67 10.51 5.2 5.78
9.34 13.51 17.57 10.54 3.4 7.52 9.06 5.81 11.69 8.89 11.53 5.34 6.19 7.06 5.89 10.4 7.78 9.82 12.18 5.99 5.17 3.51 6.67 5.69 16.32 9.42 20.7 15.88 8.48 5.52 10.25 10.81 10.38 8.83 4.56 16.69 7.01 5.84 3.3 4.16 6.5 9.68 14.41 19.72 13.36 11.92 4.08 4.17 8.65 8.21 8.1 6.9 8.25 2.45 4.58 2.01 5.95 6.72 12.3 24.49 17.92 16.38 5.25 4.17
15.28 8.13 11.83 4.96 3.61 5.33 3.63 3.57 6.95 7.87 10.32 6.95 9.64 9.07 18.92 14.27 3.63 9.89 10.06 6.79 4.15 10.21 5.58 4.98 4.26 6.1 8.36 6.52 8.4 9.37 8.77 12.33 9.39 6.35 4.58 5.9 18.08 2.91 3.29 1.94 4.08 6.97 16.18 22.62 11.7 10.46 6.26 6.61 5.47 6.07 7.4 9.54 3.83 9.28 4.73 3.1 8.06 21.12 14.29 7.58 13.29 10.1 3.9 7.43
6.97 16.82 7.99 4.88 4.32 5.97 6.57 6.09 8.84 11.43 5.0 10.78 7.03 6.23 19.66 9.37 5.02 2.54 28.08 5.34 5.22 6.06 5.23 2.95 2.66 6.1 9.36 11.8 12.56 15.39 32.46 16.51 7.49 4.88 3.77 7.71 2.81 4.43 2.03 2.78 8.66 18.95 16.58 8.72 9.68 2.59 7.34 5.66 10.35 8.09 3.89 11.5 6.02 9.24 4.42 4.69 8.33 22.64 12.58 22.45 8.26 4.59 4.14 11.43
6.4 6.86 11.83 5.9 6.58 5.29 10.32 4.39 7.21 2.13 3.68 5.26 6.21 11.19 21.17 10.87 4.4 9.57 15.02 6.42 8.57 13.04 5.3 7.66 3.22 5.32 3.81 18.38 19.87 14.56 25.57 10.53 29.98 6.58 3.91 7.42 4.3 4.75 3.64 14.02 17.42 13.63 16.67 12.01 6.44 5.84 6.28 11.49 6.69 6.72 14.7 6.36 8.41 6.35 6.1 5.3 16.28 16.62 29.02 8.01 6.88 8.4 6.48 14.03
6.57 5.31 7.5 6.37 5.33 4.95 12.43 7.88 3.92 3.07 2.81 13.28 3.96 12.21 13.69 12.49 9.39 9.41 14.1 5.24 6.34 7.73 5.18 4.05 4.66 3.03 3.97 20.11 25.47 26.84 24.04 6.45 9.29 2.84 4.2 3.23 6.86 5.02 8.27 10.59 21.84 6.66 7.48 6.94 7.08 3.69 5.82 8.02 8.15 10.47 8.36 11.52 4.42 9.51 10.48 12.17 9.7 9.02 9.09 5.04 5.75 4.07 8.03 6.14
6.36 5.74 5.78 5.22 9.5 20.48 13.11 10.09 4.46 3.78 4.08 9.84 6.13 3.95 5.96 12.77 17.0 15.58 14.03 7.83 25.04 16.98 7.3 6.69 7.28 2.65 16.8 54.65 49.94 18.96 14.12 6.75 6.71 6.11 4.23 3.49 4.05 4.24 7.79 14.61 7.53 8.45 4.89 4.1 7.66 6.04 5.27 5.39 11.62 12.17 7.69 6.07 9.31 3.38 5.99 4.36 9.42 8.25 20.29 8.71 4.69 7.46 1.34 4.49
10.56 8.04 2.77 7.11 8.37 13.29 10.41 4.6 5.36 3.51 5.11 8.73 10.46 9.18 11.38 10.08 10.45 12.28 19.65 49.78 12.66 16.91 11.8 6.36 3.79 4.3 11.56 27.64 9.67 6.18 11.3 8.04 7.07 8.13 7.13 5.86 8.86 7.11 14.67 5.97 3.8 3.02 3.5 3.75 5.83 7.76 6.52 4.45 8.45 7.58 8.36 9.75 9.93 6.21 8.06 4.97 10.66 18.87 8.36 8.91 7.26 7.14 5.39 4.87
15.46 5.4 5.98 6.0 10.36 15.0 4.11 5.31 4.28 2.8 5.41 10.41 13.23 10.04 5.8 4.77 6.47 9.9 25.96 23.0 18.59 17.19 11.79 11.29 6.87 6.91 8.39 7.89 12.25 13.65 11.93 9.36 6.48 9.71 6.6 7.87 4.53 9.13 8.72 3.83 5.26 1.96 3.1 3.4 6.32 4.95 2.52 2.5 12.59 7.68 8.51 6.28 5.23 6.28 8.12 22.98 13.42 18.89 8.07 7.75 17.64 15.12 6.67 4.52
5.31 9.87 17.12 21.01 17.38 9.47 3.65 4.03 2.98 4.43 6.75 18.11 18.96 22.19 9.12 3.98 3.74 12.71 24.76 26.89 34.63 50.16 32.7 13.41 12.78 7.21 8.87 5.54 11.07 10.3 9.12 12.42 9.49 9.4 13.39 8.06 4.43 6.91 12.42 5.13 8.36 8.26 5.2 6.35 9.04 7.77 6.49 3.88 7.78 6.92 4.15 7.66 5.31 3.9 3.85 6.22 19.2 7.05 10.54 10.79 12.07 11.9 7.86 11.08
5.59 9.12 8.06 9.15 7.78 3.35 5.8 4.12 4.42 5.45 7.13 9.16 9.84 17.49 7.61 7.92 6.72 15.99 26.17 14.37 21.51 19.54 5.06 5.86 8.63 11.8 4.46 8.62 12.07 10.91 10.47 16.72 20.7 11.58 12.41 6.87 21.37 12.06 14.11 10.71 5.9 4.64 5.49 8.37 14.03 10.4 5.18 5.3 4.76 10.97 8.42 6.81 13.53 7.3 7.77 16.41 4.87 4.6 8.22 3.75 6.66 9.84 6.48 8.62
10.61 7.24 9.62 8.18 10.97 9.16 6.34 6.83 5.88 4.56 5.02 9.6 6.27 9.16 2.88 5.87 7.74 10.88 9.06 19.97 12.0 27.6 6.74 8.95 5.38 16.63 11.29 23.65 26.01 8.83 12.96 11.93 9.61 7.77 4.93 3.0 11.27 17.27 12.92 6.9 3.53 4.45 15.23 7.42 9.36 3.73 9.31 3.04 10.34 21.08 8.44 7.05 10.59 11.68 10.42 11.39 9.11 12.79 10.76 8.52 2.72 4.99 7.81 6.75
21.28 6.79 10.3 14.93 8.85 18.71 10.34 9.25 4.09 6.86 10.69 6.26 10.09 10.47 4.08 4.7 5.48 14.04 17.79 15.71 19.99 25.67 8.12 9.22 19.97 12.55 18.81 18.55 19.07 6.47 8.83 10.64 4.18 11.26 7.51 9.15 19.93 19.44 10.14 4.45 4.75 6.49 14.91 13.35 5.08 7.31 11.51 3.97 13.01 19.82 7.29 6.98 19.67 12.02 4.12 4.51 7.07 10.18 5.53 4.65 6.81 11.72 5.74 6.49
14.19 11.95 8.1 10.3 18.53 8.04 8.83 7.81 6.54 7.76 7.8 8.63 3.43 9.88 7.16 6.91 10.92 12.18 36.87 23.94 12.99 21.39 11.6 7.6 9.77 20.27 15.05 9.22 14.53 10.98 11.35 9.76 6.54 10.32 11.79 12.91 27.19 19.22 13.69 6.59 5.24 4.96 10.52 11.96 4.62 7.59 15.73 19.85 14.07 17.61 6.67 13.56 14.22 10.81 22.58 4.56 8.47 11.71 10.55 11.21 9.29 10.93 6.76 6.04
16.98 4.38 11.49 5.16 7.93 7.1 5.08 11.16 6.75 6.33 11.69 13.03 16.7 11.68 15.88 12.68 8.41 8.44 6.65 8.28 12.73 35.41 14.66 11.05 8.9 9.38 16.07 6.67 9.19 4.37 7.14 6.08 2.75 9.87 16.19 5.05 8.03 11.12 10.34 7.0 5.84 3.68 7.7 5.22 9.97 17.32 16.04 19.63 10.04 9.15 8.58 6.97 6.77 9.17 4.99 16.49 14.13 14.17 10.01 8.1 4.65 14.21 3.01 13.65
12.62 4.58 3.9 5.28 8.86 5.48 8.94 9.39 10.52 6.88 5.63 6.27 7.64 22.31 24.31 9.49 7.14 9.14 9.29 9.19 9.58 27.61 7.36 9.43 11.97 16.26 7.31 6.27 7.16 7.03 7.4 8.58 5.61 11.07 11.77 8.69 11.05 9.54 13.5 7.62 3.87 4.02 8.79 7.72 3.33 8.26 6.49 8.83 6.32 4.71 9.19 13.97 14.23 3.78 13.51 16.18 12.19 11.64 10.61 9.08 6.32 21.43 8.07 8.29
5.94 5.32 7.09 12.27 16.59 8.59 6.32 8.97 11.2 10.42 9.64 9.45 5.89 14.27 6.64 11.91 9.96 6.2 12.8 7.12 6.65 15.02 8.65 11.76 6.03 8.12 5.91 15.13 3.59 5.13 6.87 9.59 5.66 12.87 10.88 3.97 12.09 14.33 8.51 5.54 3.89 4.18 7.83 4.68 7.38 5.64 17.69 5.55 8.33 9.37 10.21 7.19 16.67 7.67 5.98 25.73 8.06 17.37 22.42 10.17 7.5 12.03 9.02 10.35
22.59 13.78 9.37 8.17 7.47 9.69 6.18 9.06 15.53 20.59 12.06 12.79 8.6 11.35 10.71 9.2 7.12 12.22 4.7 5.48 6.49 10.39 3.71 3.31 14.3 13.27 6.39 4.31 5.45 2.0 5.97 8.71 4.71 3.94 3.91 3.31 9.26 5.39 7.02 7.59 5.82 6.66 12.34 7.21 5.2 6.28 12.85 4.13 8.31 11.19 10.79 9.48 5.61 8.18 5.16 8.59 11.46 16.8 16.93 16.3 6.93 7.79 12.09 11.48
22.84 13.05 10.25 16.36 12.75 18.27 14.19 13.15 6.62 8.0 12.17 9.4 15.05 8.03 10.05 13.26 13.01 9.72 10.65 11.78 10.16 7.23 18.07 9.42 13.79 14.16 7.98 5.14 5.05 4.06 6.54 7.8 5.74 3.51 7.79 3.28 5.85 6.09 13.35 9.86 8.09 5.88 7.55 6.09 3.63 6.52 4.42 11.89 16.26 17.36 22.32 11.55 3.87 9.63 7.8 11.56 11.07 15.34 12.31 10.17 21.18 23.01 8.57 7.19
24.66 12.74 24.13 14.38 6.89 6.86 14.27 8.3 10.87 9.02 7.58 11.62 6.43 6.55 32.16 8.2 10.4 11.76 11.39 15.82 7.19 9.56 6.38 8.31 8.85 16.88 8.65 2.81 2.55 4.69 3.61 4.9 4.5 3.87 7.32 14.59 11.38 8.49 15.16 4.59 7.04 5.93 6.02 3.47 6.73 18.72 21.05 12.78 22.33 16.64 11.35 17.22 8.18 8.47 7.79 6.44 5.44 7.77 5.56 12.76 9.73 19.77 9.97 17.36
16.64 18.78 16.65 24.49 12.39 8.58 12.62 14.44 9.31 12.71 5.53 4.96 4.45 19.15 10.94 11.47 7.19 20.05 8.92 13.7 6.65 8.79 6.87 7.41 19.48 9.45 19.07 4.82 9.32 6.17 5.35 2.11 2.91 1.9 1.28 5.64 4.7 5.37 5.86 6.92 5.66 9.02 10.22 6.26 5.13 11.31 14.22 20.5 7.02 12.13 23.96 5.41 4.89 2.87 3.42 5.05 12.85 6.02 7.65 14.72 12.6 12.88 3.54 16.69
9.67 8.71 7.97 22.17 13.44 12.82 8.5 16.45 7.86 8.62 4.71 12.0 7.5 10.21 14.7 4.75 5.84 14.27 6.87 4.84 13.84 15.73 12.06 8.96 17.18 9.53 5.6 8.22 17.89 10.91 3.95 4.94 2.26 4.63 4.0 8.2 9.41 6.34 3.21 7.7 8.91 9.89 12.55 8.81 4.87 4.7 12.71 8.18 9.71 6.54 7.69 7.93 3.54 5.13 6.22 4.7 7.14 3.98 8.77 10.55 4.78 3.12 4.98 6.47
9.19 8.19 9.05 13.84 15.12 9.57 8.96 24.05 13.34 15.27 10.29 14.66 5.5 7.21 6.0 13.95 3.16 3.54 5.45 8.11 7.79 19.74 6.52 13.93 6.68 11.51 9.5 15.05 25.65 10.15 4.34 3.48 3.9 3.08 9.78 8.97 10.38 5.11 13.92 4.59 12.6 5.64 9.8 8.71 9.7 7.14 10.23 3.46 2.14 4.93 6.27 10.52 5.61 22.65 12.1 14.85 9.24 6.55 4.13 6.1 6.12 7.58 14.13 12.5
13.08 16.91 14.24 57.8 11.36 11.81 20.25 16.39 10.57 9.09 10.69 19.66 6.14 7.96 6.68 7.4 5.1 9.29 7.55 19.51 25.36 13.1 18.63 10.33 14.26 19.88 10.22 14.89 27.74 10.43 6.51 2.02 4.93 3.7 7.91 5.1 5.87 2.53 6.94 5.93 8.91 16.2 6.11 5.64 3.36 12.29 5.47 2.39 3.18 4.39 6.41 11.93 11.33 5.87 6.43 6.77 12.22 20.03 7.05 11.56 5.44 7.99 6.66 6.46
12.53 10.04 11.7 6.54 13.48 12.34 23.4 19.28 13.67 13.07 17.52 12.7 7.94 6.72 9.41 8.25 5.25 5.51 2.65 12.67 18.46 9.79 10.7 15.7 11.38 18.81 11.21 10.09 5.7 6.3 2.86 3.76 11.4 8.0 16.25 7.73 7.19 3.87 6.78 14.27 13.09 7.91 3.35 6.15 11.85 4.89 3.26 3.75 6.1 3.3 11.8 11.32 4.2 5.4 2.19 5.78 4.25 10.03 6.14 5.97 7.08 4.51 3.71 7.36
9.55 10.19 3.44 9.53 12.99 18.05 17.51 33.46 29.76 17.5 12.21 14.13 5.05 8.15 16.26 12.73 7.34 4.94 6.6 9.71 8.69 6.05 3.92 12.52 11.41 4.5 7.56 10.62 12.06 6.06 4.95 9.22 5.82 4.47 8.32 15.86 5.13 4.63 16.84 8.23 12.23 2.65 1.51 1.28 3.82 7.22 6.4 5.82 9.5 9.52 7.18 15.06 2.44 4.02 5.62 8.55 5.72 15.73 3.2 5.09 2.68 13.68 5.55 4.52
6.85 14.98 6.37 4.01 18.63 14.98 7.82 11.24 13.98 13.09 15.8 9.99 4.19 7.31 6.4 13.31 7.93 5.35 18.25 16.82 13.91 9.81 8.5 4.68 4.68 3.99 6.0 3.79 5.92 8.16 2.32 4.7 10.56 6.02 13.33 18.9 12.42 8.78 9.92 11.7 4.31 4.6 3.4 5.72 4.96 15.06 6.42 9.93 8.33 6.4 3.4 1.6 4.82 3.99 6.98 6.53 5.78 7.71 16.08 8.83 6.21 3.62 4.47 7.62
7.16 2.06 2.41 6.61 11.24 11.32 12.04 8.97 20.8 12.21 12.13 8.22 10.64 6.63 10.23 13.37 9.34 9.66 9.39 34.27 10.54 7.75 7.15 12.44 4.69 11.33 6.43 6.95 5.35 6.07 6.45 15.42 16.95 12.87 14.09 10.23 18.68 13.8 8.91 10.86 10.66 6.04 7.42 6.08 18.18 5.96 6.87 6.52 6.15 12.15 5.78 3.8 13.6 13.67 6.08 8.88 8.8 9.47 10.62 12.59 9.19 5.78 5.71 7.5
8.9 6.07 4.05 12.15 7.05 12.42 7.07 24.62 4.44 8.85 15.32 5.17 4.67 4.7 4.16 7.32 9.0 28.69 22.17 11.81 11.3 6.41 11.84 15.69 20.27 7.73 14.91 10.6 12.57 6.61 5.27 16.19 12.84 12.17 7.88 9.74 14.51 11.56 7.32 5.55 7.9 8.85 10.94 9.23 32.46 19.19 11.95 10.98 10.9 4.07 4.99 3.75 6.41 12.36 19.86 20.22 12.21 7.67 5.35 7.94 6.06 13.5 5.14 9.67
4.03 10.51 3.53 11.6 5.23 5.73 10.83 11.81 14.47 12.36 6.05 12.23 11.05 7.37 6.65 6.06 6.77 9.18 13.18 12.05 10.02 7.71 14.6 8.18 39.44 12.32 19.53 13.65 25.21 5.41 7.19 14.4 9.87 5.32 8.81 11.17 13.17 10.06 7.57 4.38 9.1 19.83 3.6 15.69 26.08 31.06 11.25 6.25 9.39 3.72 3.97 5.61 7.19 6.37 10.91 10.41 6.31 8.75 6.5 4.69 8.13 7.31 16.86 11.88
4.37 3.49 6.25 5.02 10.57 10.13 6.54 3.09 7.5 5.84 6.82 8.28 8.67 9.73 5.88 4.64 5.49 11.96 19.38 9.82 10.58 18.96 18.62 11.8 21.6 28.27 19.09 16.76 16.26 12.38 8.89 7.81 12.23 3.07 8.58 13.07 15.84 7.93 8.79 10.63 13.25 6.66 9.89 6.01 24.77 17.25 6.98 12.24 6.7 13.78 6.65 11.16 5.52 9.54 5.15 14.97 9.37 18.22 6.62 4.2 10.55 14.51 17.81 6.71
14.86 7.65 8.33 6.79 5.07 9.64 5.44 2.25 3.45 7.68 5.45 4.16 7.04 4.3 4.81 6.01 8.78 15.87 12.03 12.69 16.85 10.82 21.3 23.49 13.75 6.56 7.96 13.06 7.68 5.48 5.46 5.21 3.98 5.1 16.3 5.46 4.7 6.48 9.04 11.18 13.64 9.07 7.93 13.07 11.62 16.78 11.36 14.02 13.23 10.04 4.57 3.18 5.43 2.79 4.31 6.84 9.48 11.48 9.74 9.12 8.47 17.8 16.85 10.08
8.12 6.95 5.51 3.11 13.4 7.18 6.02 6.77 5.88 5.79 5.82 4.92 9.01 13.23 19.69 12.94 17.44 10.88 18.25 6.78 32.82 46.04 7.59 19.04 11.38 11.56 15.72 11.91 4.73 4.89 13.17 12.05 4.1 7.14 13.55 5.67 3.22 10.23 12.37 17.02 9.22 11.47 7.42 5.86 6.04 7.9 12.5 8.55 11.65 12.02 5.95 3.53 5.13 1.53 2.87 8.12 8.6 6.2 31.81 11.75 9.13 7.51 13.57 10.91
7.31 4.09 2.49 4.46 5.79 4.03 4.97 5.61 10.32 3.53 3.36 7.74 6.47 6.71 10.78 11.94 4.85 11.65 6.57 13.66 13.35 13.7 4.84 7.66 14.33 18.29 13.12 8.55 7.05 5.31 26.03 15.91 7.93 12.6 13.05 10.77 8.27 5.31 8.79 10.38 6.83 8.23 12.93 10.45 10.21 5.99 30.46 25.08 32.29 29.78 4.4 11.37 7.07 3.22 5.18 8.29 11.75 7.0 11.66 18.15 6.16 5.12 16.35 5.97
7.84 4.86 6.53 4.61 2.72 7.47 4.82 14.44 4.25 6.25 2.74 3.85 4.66 5.88 11.91 18.51 14.79 9.34 6.16 5.93 20.25 6.06 7.01 6.65 16.08 11.43 9.99 9.52 3.66 2.79 9.75 11.5 12.01 17.79 19.84 7.88 5.9 4.73 6.44 10.01 7.81 7.65 11.28 6.63 5.69 10.36 15.01 24.43 54.34 19.61 12.91 16.97 8.48 3.78 12.27 10.19 4.54 9.06 18.68 11.02 5.0 9.65 11.71 8.46
13.28 5.58 6.11 3.9 2.59 4.34 13.14 10.89 7.56 2.06 1.78 3.3 3.4 5.02 9.98 10.2 15.94 13.41 10.58 8.6 13.72 5.41 4.87 6.5 10.02 18.28 20.57 8.57 5.15 7.46 8.51 8.01 9.05 9.79 7.5 11.8 7.51 3.95 9.01 13.49 18.56 14.23 7.16 11.3 8.95 17.09 17.4 21.97 44.15 23.35 13.42 15.49 7.75 2.6 13.15 10.53 7.32 5.73 8.98 3.7 5.31 5.83 6.06 3.76
5.72 5.79 5.89 5.51 5.59 8.74 8.63 6.29 6.11 2.69 6.34 2.24 5.46 7.62 6.82 7.06 13.23 11.06 5.29 3.1 17.29 23.47 6.28 12.55 16.75 6.51 7.88 8.67 3.43 8.3 8.01 13.65 8.57 11.14 7.39 11.91 10.4 9.31 16.7 25.66 12.79 9.83 10.9 16.31 10.7 12.35 20.17 15.92 48.92 28.3 18.09 12.27 5.88 5.0 8.07 13.53 4.99 5.61 4.64 4.21 2.72 2.59 4.41 5.19
9.56 8.18 13.04 8.41 6.25 8.67 9.68 3.85 7.25 2.94 5.16 5.81 4.08 3.81 5.5 9.83 13.4 7.62 6.44 6.92 26.45 8.8 18.84 16.88 14.13 7.35 4.64 10.84 3.37 9.62 27.64 14.99 4.98 4.19 8.64 14.04 7.35 11.9 6.74 18.54 5.99 14.42 6.91 10.35 9.82 9.65 19.61 22.4 18.54 21.72 14.51 18.03 8.39 7.62 6.56 7.18 5.26 5.58 4.79 5.32 5.21 1.45 14.24 4.76
16.13 5.1 5.8 3.38 5.34 2.47 2.32 3.32 8.99 5.83 9.22 4.0 6.23 3.36 3.88 8.86 5.46 7.78 7.18 4.13 8.26 8.63 6.31 17.58 8.88 3.7 4.47 12.46 5.18 9.06 13.12 7.6 5.32 13.1 20.8 5.49 7.06 11.47 3.76 6.66 4.76 12.86 15.18 19.5 18.1 18.65 9.75 18.61 7.58 5.41 5.9 9.13 5.82 5.77 9.38 10.93 10.01 2.93 7.38 4.81 8.25 4.05 8.1 3.53
6.38 6.77 6.04 3.58 3.34 3.09 6.67 4.26 10.17 7.92 12.0 7.59 4.71 5.26 4.46 4.18 4.09 6.58 5.88 3.89 4.63 8.44 12.55 8.23 10.73 3.7 3.06 13.1 10.22 10.54 6.13 6.9 6.24 18.19 8.55 7.48 8.4 6.21 17.1 13.59 14.21 34.47 13.46 11.35 18.95 18.99 11.46 7.8 21.43 5.72 5.29 12.2 16.46 3.91 5.25 10.83 13.05 5.51 5.81 6.74 4.95 4.47 5.91 15.06
6.28 8.93 12.48 3.79 1.12 3.42 3.78 2.34 5.82 14.57 11.68 2.6 4.41 3.31 4.67 4.87 13.25 9.88 5.2 7.64 6.39 3.02 3.63 6.74 15.14 9.35 12.7 11.02 9.15 6.54 6.75 3.24 4.75 6.58 4.86 5.35 5.79 11.32 5.66 11.21 17.62 23.39 21.75 10.52 26.21 21.09 7.87 13.24 21.68 11.65 5.59 6.72 7.42 8.1 13.32 16.51 15.46 6.09 6.01 4.41 8.32 4.82 3.69 5.8
11.76 5.39 4.15 3.35 1.6 3.69 5.28 4.04 4.78 15.62 13.71 7.0 6.99 2.59 16.87 5.02 28.99 9.68 4.16 3.78 6.96 4.06 5.23 8.01 15.13 7.55 23.37 19.72 10.97 9.31 5.18 4.62 5.73 12.88 4.89 21.56 6.34 7.79 11.65 16.62 13.31 21.78 21.57 15.17 17.81 15.18 7.73 15.1 9.36 8.26 5.62 14.43 9.41 6.95 25.22 16.61 7.39 11.89 15.7 10.85 7.01 4.68 2.34 2.78
4.96 4.5 8.45 3.9 5.93 6.48 14.14 3.41 3.23 10.56 9.97 3.8 4.23 6.56 7.47 5.7 12.39 4.69 3.97 8.11 11.23 8.84 2.85 7.97 8.95 8.08 14.58 7.95 6.55 7.54 12.39 5.66 4.34 5.15 8.69 13.33 8.8 18.13 19.16 25.49 24.43 36.11 17.45 14.53 9.77 29.36 8.04 17.33 15.69 11.78 11.97 12.38 19.14 16.75 17.85 18.44 21.58 13.5 17.89 8.48 2.67 3.3 2.28 5.26
3.97 8.42 6.71 8.09 9.95 10.98 9.88 3.83 5.59 7.85 5.33 6.0 4.01 7.42 12.82 5.55 9.15 7.04 23.64 13.24 17.46 5.93 6.86 7.29 10.42 7.71 4.04 4.57 2.3 7.17 8.2 3.56 3.31 6.53 5.13 10.74 7.51 6.62 9.41 21.79 18.63 31.66 19.13 13.28 7.75 9.88 13.93 14.66 8.95 7.05 5.57 7.79 6.88 9.24 9.92 16.65 26.42 8.34 13.49 6.74 7.38 4.33 7.27 7.78
3.83 3.92 3.34 6.42 17.51 13.08 19.62 8.12 5.27 3.28 6.19 4.3 8.45 7.16 4.33 6.59 8.42 6.56 11.43 12.38 6.53 4.39 6.21 6.38 4.0 9.26 3.53 7.77 5.45 7.13 8.75 5.72 5.25 18.46 7.91 5.24 5.45 11.18 8.34 10.14 11.38 7.21 15.07 9.39 11.97 9.45 21.31 15.81 16.06 4.94 12.81 5.48 6.72 13.26 24.17 9.09 10.93 8.99 14.14 7.66 8.06 6.16 2.86 8.07
2.69 2.02 1.12 4.65 4.75 9.68 23.82 13.97 4.05 2.83 2.22 3.85 2.79 5.16 4.57 4.86 7.51 17.5 9.53 8.88 5.2 4.33 6.99 5.84 7.54 9.46 4.11 5.25 5.02 4.76 7.3 3.54 11.76 10.17 15.98 8.43 4.97 4.98 12.28 7.31 7.65 9.47 6.57 10.38 10.0 18.35 18.2 7.61 20.67 17.85 9.28 17.71 7.74 8.72 25.26 35.25 9.71 13.87 19.65 5.96 6.83 7.23 3.87 5.1
2.53 1.8 2.72 5.55 7.22 4.42 11.65 9.97 5.63 3.81 3.67 5.57 4.92 5.68 6.61 16.54 17.37 12.29 15.55 12.97 8.87 6.78 12.68 4.74 2.52 3.04 11.14 7.17 6.7 13.38 4.83 4.0 13.76 29.53 16.9 10.57 11.66 21.05 4.44 6.68 7.45 11.96 18.58 19.23 9.57 17.7 20.65 16.27 15.09 16.12 11.82 7.98 6.9 13.51 9.6 11.41 19.69 12.82 29.42 7.79 12.02 5.98 10.09 7.43
4.81 2.42 3.62 7.0 6.84 7.64 11.67 4.07 9.35 4.86 3.47 2.15 1.77 4.78 8.22 8.18 20.28 14.55 16.63 13.55 7.01 8.15 3.28 4.51 1.77 5.03 5.37 32.38 13.78 7.88 6.08 4.19 5.57 18.78 8.79 10.99 15.82 13.65 6.07 3.67 18.75 14.47 14.5 17.86 13.22 10.09 29.68 22.68 10.89 9.99 17.59 21.27 9.22 4.76 8.81 5.38 8.87 14.23 8.35 9.43 3.81 7.67 7.08 18.88
5.76 2.2 4.7 4.4 12.48 11.99 4.33 7.95 8.07 5.3 4.38 2.59 3.09 4.27 5.37 11.3 10.92 8.44 11.96 7.82 5.71 14.68 11.3 10.28 7.41 4.9 7.49 8.84 11.4 2.41 2.68 4.99 2.76 8.78 10.12 16.8 8.55 15.32 4.53 6.32 29.55 22.27 10.85 14.17 9.59 14.34 15.95 24.73 10.82 8.16 12.25 7.07 7.84 9.92 13.47 5.37 6.64 5.3 8.51 5.69 5.7 6.84 6.23 17.28
4.52 8.07 7.64 7.52 5.97 8.09 5.02 4.24 12.96 6.86 6.88 2.75 3.45 5.87 7.28 13.64 7.37 4.98 18.18 10.69 6.36 13.41 6.77 3.58 4.53 5.12 3.09 6.51 9.57 5.03 3.81 4.66 3.53 10.28 10.12 14.58 6.56 14.21 7.69 13.14 8.82 14.44 9.07 6.24 8.36 11.3 30.09 13.81 19.04 18.95 9.0 6.71 15.37 15.37 24.22 8.4 7.46 2.82 5.5 4.24 7.79 10.65 5.69 8.48
10.64 5.79 12.53 4.97 4.46 6.23 5.06 6.86 7.15 6.67 3.75 1.88 4.49 7.56 6.96 13.02 11.32 6.48 8.46 15.75 17.14 11.75 10.13 10.56 3.43 7.73 4.0 5.33 2.81 5.79 2.57 5.67 5.17 11.86 10.16 10.73 14.89 12.17 6.24 9.32 14.69 3.89 13.02 5.96 7.57 10.61 11.43 9.55 13.95 11.51 8.62 6.98 11.25 17.43 17.87 22.04 5.88 7.37 5.11 6.56 11.01 11.92 5.72 6.42
19.42 11.9 9.2 6.97 4.58 8.83 13.92 7.4 7.12 3.7 2.15 4.34 9.5 8.84 7.01 4.59 9.11 8.21 3.19 4.56 8.98 14.66 6.84 11.91 6.35 3.35 6.28 16.31 6.85 4.18 5.92 3.42 3.86 10.74 7.1 4.2 16.56 10.88 11.97 15.05 18.4 11.0 3.86 10.04 4.61 7.77 8.45 11.63 9.28 10.69 9.62 7.25 11.96 5.83 12.48 12.81 5.11 5.27 11.7 4.16 10.66 7.67 7.95 6.62
15.94 10.01 9.5 10.34 10.3 8.73 12.12 7.5 10.75 3.27 7.19 3.95 5.54 4.94 11.58 7.18 8.57 6.27 8.58 3.65 11.5 11.95 4.53 5.61 6.82 10.87 19.06 20.31 15.59 7.69 3.6 10.55 4.44 6.06 3.36 3.81 9.06 12.23 7.27 18.58 8.29 4.56 2.83 2.81 6.18 11.5 10.5 9.69 16.26 8.81 8.64 4.74 7.57 3.02 4.59 4.4 6.09 9.45 4.45 2.53 4.23 7.88 4.84 7.76
9.25 7.69 12.93 9.58 12.49 15.74 7.67 7.05 6.46 6.68 6.91 18.37 14.81 9.48 7.83 6.06 4.75 4.14 5.76 4.69 4.17 11.81 9.58 4.42 4.99 7.73 12.17 6.69 16.47 13.53 26.61 9.43 6.28 4.49 4.31 6.96 11.29 7.83 7.22 16.96 16.89 7.8 2.54 5.1 7.22 8.53 14.81 10.36 6.74 16.85 7.42 7.06 10.38 7.87 4.81 4.86 8.11 18.85 6.64 4.88 3.8 10.78 6.73 5.25
9.58 6.9 12.58 9.93 9.48 12.0 5.44 8.47 3.71 8.27 5.94 7.72 7.01 8.98 12.19 6.09 10.63 9.38 5.56 1.96 3.66 3.06 5.25 3.24 4.19 6.24 15.77 4.67 9.8 8.48 8.27 7.44 3.07 5.33 1.91 4.52 5.33 6.83 5.59 18.62 17.79 8.03 9.09 11.93 6.57 9.26 3.87 7.36 3.58 5.02 5.04 4.99 7.8 13.79 7.12 6.16 12.83 11.93 15.81 6.49 17.58 10.24 6.69 4.94
