18.38 9.07 3.38 5.19 7.45 6.01 9.89 7.25 4.9 8.21 6.87 7.64 6.25 7.32 7.1 8.97 9.93 7.82 10.3 7.24 7.94 9.27 7.34 10.14 7.15 12.19 8.88 5.73 10.97 12.93 14.14 11.03 7.29 12.42 9.75 8.95 8.62 7.04 7.55 5.79 6.21 10.39 5.26 5.91 4.95 5.27 5.49 4.35 2.57 2.49 1.5 3.28 5.49 9.27 9.11 8.05 6.01 6.51 9.45 10.89 8.62 8.63 8.48 7.62
16.93 11.69 8.64 5.23 4.14 4.88 5.11 8.81 7.37 5.96 6.9 5.63 9.18 9.87 9.54 8.37 5.75 7.91 4.54 5.87 5.72 4.21 6.29 6.85 8.68 9.43 9.57 8.43 5.87 6.79 14.75 14.96 10.09 12.31 8.28 6.87 9.45 5.84 5.12 7.59 5.9 10.11 5.16 9.2 12.07 5.57 4.71 4.47 3.24 2.3 2.55 3.39 5.57 6.22 5.14 5.37 12.74 10.37 10.07 12.45 12.3 8.44 9.0 7.79
16.3 9.38 6.69 4.67 2.98 3.93 5.04 8.02 8.38 7.41 5.33 5.28 6.16 6.42 5.76 4.19 7.0 5.73 4.62 6.44 3.56 4.56 7.93 4.71 10.37 10.37 9.49 7.51 8.84 6.88 15.61 13.39 10.46 8.01 4.98 7.16 8.14 6.8 6.19 7.43 12.43 9.42 15.9 20.13 12.3 5.43 3.78 4.58 4.38 4.18 2.95 4.2 6.47 5.48 5.0 6.88 11.98 9.81 8.25 8.41 8.25 7.68 10.72 5.48
13.28 8.23 4.97 7.39 6.0 4.96 7.61 9.4 6.89 6.77 4.06 8.44 7.5 6.33 4.6 5.02 6.54 5.13 4.65 4.46 4.51 10.05 9.89 10.69 10.48 12.95 10.35 11.49 12.51 8.92 11.42 8.08 8.7 5.95 4.83 6.55 6.37 6.87 7.58 10.17 13.84 12.7 10.93 15.46 18.87 10.5 5.33 5.65 3.69 2.7 3.85 3.88 7.88 8.89 7.87 11.94 12.43 13.3 12.74 7.36 7.24 7.32 7.51 11.44
11.04 4.13 6.84 5.05 5.12 5.6 6.65 5.82 5.94 4.76 3.73 3.96 7.04 5.35 3.69 3.65 6.18 7.03 5.26 4.38 5.09 6.74 16.35 17.25 11.44 15.46 16.68 13.13 6.88 23.51 13.62 11.03 9.05 4.42 4.15 5.11 6.2 7.2 6.06 9.06 10.43 10.54 12.56 9.66 10.74 7.17 6.94 3.29 2.53 4.14 3.08 4.46 5.47 4.33 5.81 11.44 9.88 14.58 8.37 10.22 6.35 7.32 7.88 9.61
14.08 7.93 6.27 4.09 4.68 7.17 7.03 5.93 9.01 6.32 4.01 3.93 4.46 3.43 3.29 3.49 6.74 6.79 3.59 3.15 3.72 5.48 8.12 14.11 13.25 19.43 8.84 11.61 8.73 9.98 15.02 11.66 5.71 5.72 9.32 4.45 6.85 8.04 6.72 5.94 12.71 10.73 9.81 12.74 7.48 6.06 7.96 6.34 5.61 3.94 3.09 3.21 5.95 4.02 5.93 6.02 9.61 11.48 13.08 8.07 6.74 5.66 5.45 4.46
5.43 5.66 5.92 4.71 6.37 7.23 5.92 8.09 6.46 7.54 5.45 4.05 3.71 5.15 2.42 5.21 6.9 4.62 5.35 4.52 5.79 5.87 8.34 15.07 16.06 14.75 15.83 9.54 8.57 9.31 15.48 11.28 4.61 6.53 6.74 4.76 5.78 6.45 7.37 10.32 11.55 8.62 12.69 11.94 11.26 8.5 7.11 5.27 6.09 2.57 4.81 4.6 5.16 4.83 6.48 8.73 6.65 9.99 7.93 7.13 5.58 5.41 7.04 6.09
6.03 6.01 7.7 10.7 6.34 6.63 5.52 7.53 6.92 9.18 4.67 3.18 3.78 3.96 2.98 4.63 4.93 3.7 4.72 4.1 5.83 9.04 8.76 21.5 27.6 18.1 13.81 13.23 9.24 16.66 13.47 12.41 6.52 6.7 7.14 6.58 6.6 3.4 5.91 8.02 8.85 12.97 9.54 8.29 11.46 8.71 8.77 9.87 4.58 4.28 5.28 5.6 3.61 5.53 8.34 4.78 6.03 8.97 10.7 5.66 4.16 6.14 6.07 5.38
10.26 5.77 8.37 12.66 6.44 6.63 15.17 8.29 9.63 7.45 7.63 3.79 2.62 3.96 2.78 5.26 5.2 4.28 3.51 4.27 5.36 7.42 13.2 14.95 16.92 17.65 16.8 11.73 11.47 10.59 16.14 11.11 10.46 17.38 8.42 7.58 5.28 5.44 6.58 8.33 7.51 5.82 5.63 5.67 6.15 7.92 12.51 8.71 6.01 6.33 6.7 4.56 5.94 4.13 2.84 2.58 6.76 8.29 13.35 5.12 3.47 6.3 7.01 8.34
6.93 5.06 12.17 10.14 8.76 10.16 9.78 6.83 10.0 10.15 6.99 4.75 5.14 4.07 4.3 2.69 2.43 4.66 4.07 3.84 5.41 9.27 10.48 14.04 13.94 15.19 9.09 7.68 6.68 8.5 7.1 16.03 10.76 19.31 11.09 6.63 5.99 8.08 11.21 4.4 3.8 4.44 6.53 4.89 5.78 6.58 8.88 5.32 7.41 4.19 5.33 4.2 2.79 3.58 2.89 3.13 6.47 4.81 4.96 3.7 6.59 6.02 6.45 5.34
5.17 4.16 11.79 11.05 9.52 14.41 15.68 10.01 17.7 11.57 7.94 6.62 7.52 8.97 4.24 3.76 3.72 4.47 4.77 7.87 5.15 4.55 4.72 12.72 10.48 7.86 6.26 6.87 7.03 6.35 7.58 6.92 11.05 10.53 5.91 6.89 6.54 7.02 10.43 4.87 4.13 4.9 6.17 5.73 4.95 8.11 8.95 7.34 12.2 9.24 3.51 4.06 5.0 5.6 3.11 2.56 5.37 3.87 2.91 5.19 6.36 7.32 4.36 6.11
5.26 4.32 10.59 7.9 9.05 15.55 12.04 10.04 9.95 8.54 9.56 9.12 8.17 10.74 6.73 8.24 6.49 4.18 5.32 5.32 5.86 4.94 8.76 7.73 8.07 6.68 6.28 7.71 6.35 6.52 7.59 9.92 12.28 9.02 9.52 7.38 5.12 8.26 5.27 3.48 3.33 2.31 4.3 9.1 6.58 8.5 9.26 8.79 10.12 10.55 4.22 3.91 4.47 6.08 3.16 5.83 4.49 4.05 2.76 4.23 5.3 6.64 5.76 10.38
4.6 5.75 8.33 11.2 13.32 13.04 11.23 13.36 12.59 7.54 8.68 7.69 9.67 8.17 7.94 8.9 7.95 4.43 3.21 4.07 3.5 4.48 4.56 6.41 5.63 3.52 7.17 7.3 6.06 5.97 7.14 6.03 6.85 8.44 10.34 5.33 9.91 7.72 5.61 4.11 3.82 2.53 6.72 7.63 8.37 10.39 11.13 8.13 9.81 7.56 6.46 4.23 4.05 4.32 4.98 4.44 3.13 3.54 2.88 5.97 7.52 7.22 7.15 6.93
6.94 5.82 8.12 7.53 6.67 9.44 13.36 10.54 11.88 8.19 7.86 11.68 7.86 6.94 6.8 10.69 6.48 4.8 4.22 3.46 2.53 6.03 6.5 8.49 6.9 6.06 7.46 6.24 6.29 7.25 6.78 4.24 5.39 6.27 5.97 6.88 6.25 10.48 4.68 4.6 5.41 4.67 7.49 6.23 10.74 12.75 10.37 9.46 12.3 4.06 4.12 3.93 1.81 2.81 4.81 2.91 2.9 4.57 4.55 6.62 6.25 5.92 5.69 8.37
8.36 11.3 5.27 11.0 8.71 15.88 17.64 9.94 7.09 7.14 5.84 5.01 5.86 9.25 6.03 8.44 8.48 4.93 3.21 2.97 3.3 6.37 8.07 9.9 6.62 5.84 8.16 8.37 6.73 8.18 6.44 6.01 6.56 6.33 5.6 4.7 5.8 5.65 4.04 6.0 5.63 7.3 11.59 7.2 8.66 9.49 15.16 10.94 8.55 5.8 4.89 2.04 2.19 3.56 3.67 3.65 3.87 2.87 4.46 7.57 6.22 8.63 6.46 7.37
11.82 10.75 13.55 13.27 12.75 17.31 15.62 9.71 10.49 7.26 8.29 5.11 8.48 6.6 8.44 5.75 5.87 5.37 4.35 4.8 6.64 7.3 5.72 8.72 6.0 4.22 9.76 8.45 11.43 9.21 6.71 7.87 7.14 9.22 6.97 6.01 6.85 4.22 5.44 7.77 5.94 8.74 9.48 11.18 10.27 12.8 18.39 10.47 10.12 6.62 5.04 5.96 3.45 4.41 3.91 4.06 4.92 3.83 3.41 5.11 8.97 9.62 5.58 6.62
8.6 9.51 15.47 14.25 9.3 11.51 11.45 9.08 12.85 12.06 6.48 7.23 8.75 7.47 10.75 5.08 4.55 6.59 4.53 4.87 14.33 9.4 7.25 9.08 6.64 8.52 10.13 9.78 13.09 9.03 9.64 5.08 8.39 7.32 8.15 6.03 6.46 3.92 6.27 5.84 5.83 5.16 6.46 8.71 7.75 12.77 16.78 10.78 7.86 7.51 5.76 4.06 2.76 3.57 6.0 5.78 4.93 6.59 5.92 5.38 8.21 10.97 12.54 7.62
7.0 7.33 9.41 11.76 13.77 9.45 10.42 13.42 11.94 8.42 4.42 6.29 7.4 10.02 6.86 4.2 5.47 5.07 4.79 7.84 7.2 9.2 9.2 10.69 7.1 8.29 9.29 7.08 7.54 7.75 5.88 6.57 9.17 6.16 7.18 4.2 4.01 3.42 4.38 4.63 6.93 5.84 5.1 9.94 8.63 12.69 13.74 9.94 10.54 9.27 5.51 4.34 4.06 5.7 9.41 12.71 6.24 11.77 5.73 7.9 7.34 17.36 8.9 9.18
6.88 7.05 8.76 12.19 14.67 7.24 10.97 7.37 5.17 5.66 3.19 4.7 4.86 6.67 4.9 3.64 7.55 10.77 8.68 7.88 9.15 11.6 9.42 11.31 10.55 13.4 11.69 12.53 6.93 12.8 9.61 4.68 6.94 7.83 10.44 9.02 7.63 3.15 5.38 7.98 9.89 5.03 5.74 7.61 8.83 7.19 7.61 9.62 8.61 10.0 7.13 6.64 6.51 5.02 8.45 11.64 9.46 7.55 8.19 12.95 14.7 12.25 8.14 11.62
7.63 8.27 9.95 12.88 10.97 8.68 11.08 9.04 5.92 3.67 3.65 4.81 7.4 5.42 5.16 4.15 6.04 8.44 6.8 6.59 10.12 12.45 10.14 7.68 13.2 9.15 12.15 9.95 5.16 7.52 6.79 4.43 6.86 9.29 17.82 12.44 5.53 4.51 5.88 9.9 7.46 8.66 9.33 8.84 11.26 9.8 8.74 8.98 8.65 6.15 8.79 7.62 9.5 5.72 12.36 8.23 10.48 7.73 11.71 11.5 11.54 7.93 5.84 8.42
5.17 7.45 9.13 12.77 9.13 8.17 13.06 11.62 3.72 3.06 4.94 5.32 6.31 7.02 7.75 6.98 5.61 3.68 6.78 4.46 7.83 7.61 10.06 12.36 8.67 7.41 11.22 8.05 8.19 6.21 4.68 8.39 8.13 10.33 8.1 9.15 4.64 5.55 9.74 11.03 7.89 6.02 7.68 11.45 9.45 6.58 12.8 17.8 11.69 8.82 9.27 8.66 7.02 5.98 9.62 11.38 15.57 8.42 8.46 9.13 8.2 6.0 5.27 4.76
6.82 10.55 11.66 9.44 6.83 6.36 8.55 7.91 3.98 4.08 6.56 5.14 7.23 7.77 8.15 7.99 4.5 2.64 3.95 6.09 9.03 6.59 8.33 8.01 8.82 7.67 8.63 6.45 6.54 8.58 8.96 5.54 8.23 12.71 7.36 8.08 5.96 3.68 7.22 13.67 5.14 6.46 6.42 9.14 6.45 8.73 10.6 14.53 10.96 14.2 6.76 6.63 4.12 5.62 8.84 9.2 10.55 7.43 9.1 8.05 8.05 5.03 3.73 3.79
9.98 10.16 10.54 7.89 6.98 8.91 8.11 6.2 5.8 5.08 5.28 7.45 7.33 6.21 7.32 7.0 4.91 4.76 4.83 4.98 7.98 4.06 4.74 6.03 8.78 7.72 9.15 5.3 6.2 8.34 6.5 5.91 5.93 10.94 7.67 6.09 8.13 4.26 4.49 8.72 6.94 7.65 14.21 12.3 9.77 8.25 9.28 10.43 8.43 11.8 11.6 7.47 6.04 8.46 5.66 6.81 7.92 7.17 6.97 7.55 6.16 4.57 3.24 4.49
8.61 11.14 7.11 4.65 6.13 6.17 4.4 4.52 7.08 7.71 9.14 6.04 5.79 7.47 6.19 5.3 6.22 5.63 4.33 5.03 8.36 8.64 6.43 8.95 6.07 12.03 9.34 8.41 12.56 9.14 9.18 10.58 9.99 8.16 5.43 4.83 9.29 4.8 9.06 8.84 11.43 10.8 18.91 10.51 8.27 6.5 7.13 6.71 5.21 7.83 11.62 6.4 6.02 7.17 6.22 8.68 7.01 6.72 5.76 5.67 7.32 6.27 4.77 3.84
9.61 10.56 6.45 4.84 6.69 4.38 6.89 5.65 8.16 12.59 6.44 5.38 6.34 8.19 5.73 3.66 3.47 4.21 3.99 5.22 6.34 6.96 7.67 6.69 9.31 13.2 9.5 8.67 6.87 8.87 10.78 10.88 11.35 9.06 4.1 5.84 8.86 6.44 8.85 12.31 8.98 12.63 8.56 7.54 8.09 5.45 5.16 3.56 4.1 6.58 7.82 6.19 5.05 6.42 6.67 4.96 6.85 11.44 5.85 5.58 7.94 7.19 2.83 3.12
7.9 6.17 4.74 6.82 7.07 7.64 8.18 8.62 10.83 11.06 9.35 5.25 6.31 4.4 5.74 2.96 4.37 5.66 6.56 4.62 5.24 5.41 7.29 7.83 9.63 6.32 8.02 8.33 6.07 11.21 9.97 11.12 9.17 13.83 5.89 8.3 9.05 6.86 10.26 11.95 8.5 12.14 10.09 7.13 4.58 2.23 2.89 3.45 3.39 5.25 6.18 5.5 6.57 6.2 3.46 4.09 6.23 7.53 6.65 4.69 4.4 7.13 3.8 3.43
5.15 5.03 6.59 9.34 16.03 10.51 7.07 9.0 15.06 7.11 9.64 9.42 8.93 6.2 7.67 4.63 6.23 4.68 3.74 5.71 7.49 6.16 5.51 6.47 4.65 4.91 5.02 5.18 7.88 9.53 8.22 6.34 6.43 7.02 5.29 5.29 4.99 16.03 12.65 12.15 17.47 10.65 6.29 4.87 5.58 2.88 3.17 4.67 6.83 8.14 7.66 8.47 7.85 3.92 4.47 2.85 3.65 5.26 4.94 4.36 5.9 3.58 4.68 2.79
5.09 4.06 6.13 10.49 17.44 11.74 8.62 10.77 16.26 11.73 8.22 14.03 11.81 7.24 6.08 4.62 5.17 3.97 4.26 9.85 5.14 4.14 5.54 6.06 5.36 3.71 4.4 4.91 6.39 10.15 8.81 7.02 3.86 4.6 4.16 4.3 7.58 8.83 7.7 14.09 6.63 5.54 6.65 6.61 7.55 4.41 3.71 4.15 7.65 7.73 7.63 12.11 9.81 4.94 6.19 5.69 4.35 4.59 3.83 6.52 6.79 2.79 4.69 5.68
5.15 4.32 6.22 8.14 10.59 9.99 6.86 9.06 14.41 9.92 12.34 11.98 9.62 9.59 5.47 4.81 4.86 3.99 6.92 8.06 5.5 6.09 4.97 5.44 5.13 4.8 5.72 7.03 6.92 9.25 9.34 6.72 6.13 5.79 5.59 4.71 7.6 8.82 7.68 13.62 5.5 2.72 7.38 5.8 5.12 3.97 3.33 6.85 6.01 5.99 6.49 7.82 5.79 5.4 4.54 4.49 4.16 4.38 5.0 14.96 8.75 5.44 6.23 6.88
6.59 5.12 5.97 5.67 11.12 6.67 11.86 6.43 8.98 5.65 12.85 16.66 12.2 8.44 7.76 4.02 3.62 4.68 6.36 7.55 9.19 6.92 4.97 4.11 4.73 5.07 4.94 4.67 4.44 8.41 8.57 8.68 10.7 6.22 4.3 4.47 8.33 8.0 7.82 11.05 4.87 3.15 3.71 5.73 6.09 5.0 4.24 4.67 4.46 6.81 5.64 3.76 4.01 5.34 3.35 4.38 4.68 2.97 4.09 9.95 8.11 5.04 7.53 5.25
5.51 4.04 4.94 4.87 6.56 13.51 13.01 6.18 6.41 8.1 11.66 12.94 10.41 6.81 10.31 7.43 5.22 7.96 11.15 5.7 5.24 7.41 5.87 5.44 5.17 4.83 5.61 6.1 7.82 9.31 7.72 8.14 7.94 7.87 7.17 5.49 6.69 7.63 9.02 6.38 5.6 6.32 4.53 5.07 5.79 6.21 5.0 4.29 7.4 3.63 3.86 3.51 3.42 3.17 4.23 3.83 4.91 5.19 4.37 5.37 8.28 8.17 6.21 9.01
5.05 3.57 5.98 3.96 5.88 10.82 7.84 6.83 8.36 9.45 10.08 10.87 11.08 6.39 6.46 7.0 5.18 8.71 7.44 5.39 7.88 6.9 5.44 7.31 4.57 5.75 6.01 7.87 8.46 12.26 9.57 10.28 15.32 17.15 7.25 4.52 4.11 6.35 7.2 8.18 7.62 7.21 7.78 8.9 7.0 4.63 4.62 5.53 6.28 5.36 3.9 2.52 3.86 3.49 2.21 3.82 4.6 6.79 4.84 5.91 6.25 7.84 8.55 10.69
3.56 5.37 4.8 5.99 10.04 7.42 5.16 8.02 9.95 6.97 10.32 17.29 7.05 5.54 5.88 3.24 6.25 8.39 7.78 10.27 8.65 6.75 6.98 5.85 5.96 5.31 7.09 7.8 8.53 11.48 16.04 9.63 10.19 14.94 9.83 9.56 6.21 6.41 8.94 5.86 5.25 5.95 6.63 9.94 6.89 4.19 4.45 4.14 5.25 4.23 2.93 1.51 2.08 2.16 4.14 4.68 5.54 4.41 4.75 6.06 9.13 8.31 10.11 10.15
6.68 5.16 4.75 6.82 10.37 8.3 6.11 5.97 8.44 9.21 10.26 8.18 5.44 3.24 5.45 2.38 4.58 6.59 11.53 11.95 9.97 6.87 6.73 4.46 5.23 4.21 7.1 9.21 10.24 12.82 9.2 6.27 7.87 13.07 9.75 9.32 7.07 8.17 5.85 13.17 12.82 7.82 11.73 11.5 6.72 6.1 5.86 4.27 4.11 3.41 3.9 2.86 2.32 2.65 4.45 4.46 5.78 6.75 6.87 4.68 8.24 7.31 8.04 7.91
6.38 5.62 5.63 7.31 8.74 7.94 6.13 6.13 8.75 6.96 9.22 8.94 4.86 5.22 4.29 3.93 3.93 5.67 10.07 8.34 4.7 6.33 6.86 5.17 5.11 6.76 9.26 12.9 7.57 10.16 7.92 6.6 15.25 9.24 10.17 7.66 7.62 7.73 5.97 13.85 19.02 11.36 13.94 9.75 5.93 5.08 2.83 3.4 3.89 5.07 5.0 5.18 2.72 2.1 3.5 3.41 8.99 11.53 6.65 6.58 7.37 5.59 7.22 4.14
4.84 4.1 4.39 4.48 5.75 5.64 6.61 8.01 13.88 13.55 9.32 8.34 4.22 6.45 3.64 3.33 6.26 11.79 10.23 14.28 9.85 6.98 6.48 5.03 4.64 6.79 13.63 10.73 10.0 13.19 9.24 5.96 8.79 13.15 9.27 9.1 11.72 7.07 6.94 8.04 13.3 12.0 6.93 8.82 3.25 3.99 2.67 2.07 3.35 4.73 5.37 7.42 4.2 5.17 4.4 4.42 8.54 6.36 4.67 11.67 8.6 7.16 8.44 5.12
5.44 4.6 4.9 4.48 6.3 7.31 5.3 8.93 11.36 8.97 5.8 6.38 6.84 4.16 2.64 3.73 3.52 6.95 10.22 15.44 15.66 8.42 4.68 7.33 10.19 7.94 6.15 10.33 10.58 12.51 10.91 7.91 9.41 10.25 17.13 13.29 12.95 9.31 9.83 5.71 7.07 6.65 8.52 4.15 5.08 3.31 1.86 1.95 3.72 4.66 5.9 7.89 7.25 6.25 5.48 3.38 6.84 6.88 6.72 8.02 8.68 9.68 5.16 4.18
5.51 5.16 6.17 4.51 5.54 8.48 11.36 12.28 15.43 10.17 8.09 7.24 7.73 4.61 4.26 5.26 5.21 11.7 11.84 10.9 12.78 10.45 6.26 8.42 7.35 7.0 7.26 6.59 6.75 15.67 15.11 12.47 9.55 7.42 16.29 13.32 7.62 10.96 9.81 5.1 6.56 8.66 8.4 5.98 3.87 1.85 1.77 1.75 3.12 3.43 4.86 4.16 4.92 4.31 5.97 4.34 5.58 4.68 6.51 8.31 13.16 8.55 8.71 6.26
4.65 8.95 5.27 4.83 7.67 9.57 8.32 10.95 18.98 14.1 8.75 7.57 5.4 5.26 7.64 6.7 10.64 12.39 10.5 9.96 11.54 7.18 3.6 4.44 4.5 6.71 7.07 4.56 6.01 12.24 9.7 12.03 6.78 9.72 8.15 18.83 8.12 14.37 15.02 10.27 6.85 8.92 8.42 9.32 5.43 4.14 3.74 3.41 3.45 3.57 6.32 3.19 5.39 3.91 5.84 5.43 4.58 4.53 8.44 6.65 16.69 13.63 8.27 8.24
3.02 7.8 4.84 5.45 8.54 7.66 9.0 11.94 10.82 9.87 12.07 6.67 5.97 4.83 8.06 7.46 12.14 10.98 14.5 13.72 13.43 7.3 4.93 4.19 5.93 4.03 4.73 4.19 5.54 9.38 7.92 8.88 7.54 10.45 9.88 11.01 11.64 15.63 7.76 13.58 8.67 10.98 14.19 9.68 6.82 4.22 4.1 3.45 3.41 4.66 3.91 6.72 7.4 6.96 5.94 5.12 5.95 3.61 5.15 8.84 20.63 10.82 11.16 11.7
5.23 11.25 4.4 4.9 7.15 11.12 12.76 12.21 15.53 13.01 9.39 9.6 7.31 4.72 6.08 9.34 10.49 12.69 11.38 12.47 14.73 11.64 7.23 5.89 6.69 5.08 4.71 6.25 8.95 6.47 6.83 8.25 10.41 8.4 6.55 8.91 8.73 7.82 9.55 7.9 9.58 19.22 10.69 5.92 4.58 5.21 9.28 7.73 4.73 4.41 5.34 6.53 7.53 6.84 8.79 7.74 11.55 6.28 7.44 16.52 16.51 5.96 9.64 6.87
7.0 6.7 5.47 5.69 7.92 10.86 14.23 20.78 14.03 14.67 7.74 7.72 5.58 5.12 7.44 8.63 10.42 7.48 6.25 11.28 8.82 6.42 6.18 6.51 6.11 4.59 5.65 6.08 8.91 10.57 12.62 12.44 13.18 7.15 6.37 7.36 7.0 7.31 13.58 7.91 11.5 15.14 10.19 5.28 4.03 5.33 11.04 8.41 5.79 5.43 5.95 6.07 5.88 5.69 4.67 7.16 9.99 10.2 6.37 17.53 12.75 6.19 6.85 11.41
5.81 10.52 8.96 7.11 11.64 10.9 17.61 18.77 15.24 9.39 7.4 7.03 8.07 7.78 8.38 9.66 8.0 7.76 8.41 6.58 5.44 9.52 8.05 9.05 5.44 6.32 5.96 5.99 5.46 10.48 10.23 11.88 9.65 7.57 8.22 4.92 7.28 7.79 7.9 7.63 7.39 12.53 12.38 5.69 5.74 5.67 9.47 8.76 4.24 6.0 6.3 5.55 5.58 5.2 5.77 5.79 5.76 9.42 9.54 12.27 8.01 7.18 5.66 10.54
8.69 9.81 8.06 6.87 13.35 12.07 13.12 19.38 17.8 8.2 9.5 5.8 5.48 4.18 7.37 5.78 5.66 4.52 8.22 6.19 5.18 5.46 6.17 6.5 6.18 6.63 8.07 8.58 6.88 9.74 15.17 16.41 11.89 6.97 5.52 6.34 5.66 9.79 9.44 7.44 8.81 14.46 10.82 5.53 7.51 5.86 7.68 10.05 11.08 10.32 12.4 4.7 5.41 5.22 6.9 5.2 9.63 11.09 10.48 13.15 9.15 4.53 3.92 4.53
5.83 10.27 6.82 4.92 7.72 12.57 10.31 13.1 9.61 12.06 10.9 8.92 9.64 7.84 16.73 8.81 6.83 4.91 7.84 6.0 6.34 4.98 6.65 7.81 7.54 9.16 6.61 7.14 6.15 13.5 14.79 22.29 15.07 8.86 13.15 9.7 5.08 5.92 3.73 4.38 5.91 11.23 9.13 5.51 10.19 5.94 5.94 9.26 11.58 6.43 7.26 3.74 3.93 5.14 6.53 8.76 10.64 9.91 16.69 14.54 9.37 4.95 3.65 3.32
5.6 7.11 6.89 7.69 8.57 10.26 7.88 14.92 6.72 8.35 12.97 9.57 15.32 17.55 9.43 14.26 14.1 9.51 8.89 8.01 7.95 7.38 7.34 5.27 6.12 5.59 7.43 9.25 10.46 10.17 17.72 14.98 13.3 12.5 12.83 7.7 8.25 4.26 4.89 4.91 5.84 9.59 10.32 7.81 5.93 9.19 7.18 7.34 6.29 6.7 7.95 4.53 4.17 7.32 5.38 7.48 9.75 10.4 10.22 9.56 7.39 5.73 4.03 4.97
3.69 5.45 11.02 9.51 7.95 5.66 5.61 10.77 6.1 7.55 8.69 10.44 10.6 14.76 13.96 13.66 7.41 7.96 9.0 7.82 12.77 8.02 9.85 6.61 7.79 7.82 6.62 7.43 11.08 6.6 15.18 13.29 11.85 11.77 8.47 8.7 6.9 5.49 9.06 6.76 5.86 6.46 11.0 8.53 7.71 4.88 5.38 15.19 8.77 5.76 6.15 3.17 4.08 5.75 4.51 8.17 10.79 6.8 4.14 5.9 4.89 3.72 3.79 3.62
5.5 4.85 8.73 8.57 14.36 7.96 8.06 9.38 10.03 9.21 7.94 9.77 13.59 13.55 15.55 11.37 7.92 13.15 10.21 10.28 11.69 11.15 10.74 8.21 10.93 14.15 7.76 6.02 7.52 9.05 9.48 13.95 10.87 8.61 11.86 5.14 5.05 3.38 6.56 4.38 4.72 6.02 9.41 9.16 9.18 3.97 5.5 14.64 7.82 4.37 4.67 3.85 5.18 7.19 5.96 8.21 8.32 5.09 5.1 4.01 5.7 3.81 4.27 5.28
8.25 6.03 11.99 10.41 12.22 5.89 5.21 6.68 10.4 11.08 8.71 16.66 14.45 11.19 6.85 9.29 7.57 16.27 9.71 11.79 11.29 11.19 9.97 6.89 5.46 9.33 6.77 7.48 10.29 6.96 9.88 18.17 12.5 10.37 11.11 6.62 5.11 5.79 4.95 4.81 8.61 6.42 12.9 13.91 6.98 5.98 6.53 10.3 8.07 4.53 4.27 4.33 7.46 4.25 6.7 7.38 5.19 6.29 5.4 5.67 7.35 3.78 4.75 7.05
5.95 9.14 8.61 9.35 7.12 6.89 7.14 6.58 8.04 6.18 7.68 16.58 10.16 14.24 11.71 5.64 10.39 10.73 9.51 13.07 14.68 11.23 9.2 5.81 7.7 7.87 6.67 9.24 8.91 7.27 8.53 13.8 12.61 8.63 5.8 6.5 5.13 6.16 5.99 8.03 7.28 7.16 15.78 10.48 6.46 6.27 7.54 10.76 6.47 4.03 3.64 4.48 5.48 6.33 6.77 4.81 4.78 4.23 4.71 6.35 5.76 4.51 6.11 9.56
4.39 6.32 5.84 6.17 5.8 9.32 7.78 6.36 6.6 4.96 9.42 10.2 10.33 11.4 9.41 4.57 6.42 7.2 7.87 6.26 8.94 9.38 7.1 4.16 10.74 7.69 6.6 7.35 12.03 8.34 10.8 16.55 14.46 7.66 7.78 5.85 5.01 7.01 6.25 7.12 6.41 14.52 17.97 9.3 8.36 7.59 8.76 5.8 6.98 4.73 4.51 5.93 4.54 7.44 6.33 6.49 7.74 3.9 3.09 3.68 4.17 4.21 6.61 6.2
6.89 5.8 5.27 3.47 3.16 5.72 5.91 6.43 3.9 7.82 7.34 5.27 13.54 9.08 7.3 5.65 5.89 8.7 8.38 5.65 6.99 7.07 6.61 3.58 6.7 6.85 6.68 8.42 8.98 10.49 12.07 10.77 9.49 9.69 7.0 7.05 4.37 5.19 5.54 6.94 8.39 14.64 14.73 9.91 5.33 4.57 6.68 7.37 7.32 8.13 6.91 5.46 4.91 3.32 4.84 6.5 6.0 5.68 5.65 5.78 7.27 5.62 5.98 4.67
8.64 7.51 3.18 4.14 3.86 5.49 6.8 4.36 5.89 6.18 5.73 7.4 8.8 7.48 5.48 6.51 7.36 8.06 8.25 8.23 9.79 10.96 7.48 6.15 6.03 6.69 7.21 4.76 7.03 13.72 12.0 8.07 9.91 9.39 7.18 9.77 6.0 5.82 4.09 5.86 8.14 9.51 9.77 10.32 8.87 8.68 6.68 6.64 5.95 4.83 3.9 3.86 4.44 5.29 4.52 6.64 8.98 9.77 5.91 6.48 6.72 6.75 7.13 7.17
9.05 6.55 5.37 6.56 5.67 6.2 4.45 3.86 6.5 4.63 5.37 5.7 4.43 5.04 7.7 9.4 7.31 7.55 8.01 10.73 11.48 9.15 8.86 7.11 5.1 3.29 5.71 5.36 10.34 10.35 10.64 11.26 7.09 4.6 8.77 8.22 7.8 7.04 6.98 9.72 11.75 8.28 7.09 7.54 6.86 7.13 5.0 9.06 4.78 4.02 4.11 4.69 4.74 6.52 4.68 8.94 11.24 11.09 8.14 4.95 9.9 9.21 6.63 6.05
17.62 11.52 7.3 5.88 4.43 4.84 5.53 5.39 4.89 4.95 5.51 5.77 5.93 5.97 9.42 10.08 8.93 8.9 10.64 13.28 9.23 8.94 9.53 5.91 7.65 5.0 3.2 4.22 7.82 4.76 7.32 8.67 9.18 5.3 9.81 6.41 4.67 5.66 5.69 9.97 8.18 5.97 5.58 5.48 3.98 3.95 5.41 5.88 4.94 5.53 4.43 4.74 4.78 4.49 8.16 8.01 12.7 22.37 15.8 8.79 8.19 6.49 6.81 6.47
12.68 8.53 4.79 7.79 4.2 4.18 6.48 5.4 4.99 4.64 4.61 5.29 5.18 4.8 7.86 7.97 10.83 11.04 11.7 8.93 12.89 8.92 6.57 8.38 9.56 6.71 3.7 4.3 8.3 7.54 7.16 9.97 11.21 9.11 8.25 10.48 7.75 4.72 5.6 5.28 6.92 7.69 4.99 6.26 3.96 6.28 5.74 5.12 7.03 5.22 4.99 4.91 3.55 4.85 7.12 12.8 10.5 23.3 14.21 6.72 5.94 6.19 5.07 5.6
10.53 9.26 6.61 7.07 5.98 5.91 6.4 6.52 5.31 5.05 5.78 5.75 6.33 5.75 7.6 4.73 6.01 7.16 9.98 10.87 9.74 12.86 12.51 12.75 9.08 7.28 4.98 9.48 12.0 8.21 12.43 9.0 10.85 11.86 7.71 9.35 4.08 4.71 5.76 4.6 5.02 6.75 4.58 5.85 3.61 5.59 6.42 5.37 5.5 5.71 6.33 10.29 8.62 4.43 7.76 8.45 15.13 18.52 12.46 8.72 5.6 4.31 3.97 4.56
9.94 8.92 5.89 7.4 9.68 9.91 9.34 8.26 6.66 7.36 7.07 8.57 8.58 4.22 6.4 4.03 5.34 5.03 8.94 5.89 6.75 6.88 14.36 10.47 17.37 10.24 7.69 16.2 13.31 8.07 12.24 13.84 11.09 12.55 11.33 7.1 4.63 7.45 5.43 5.26 3.61 5.13 4.14 5.48 6.96 3.72 4.95 3.83 8.26 5.76 6.8 10.6 9.97 4.66 6.48 8.99 12.16 12.72 13.95 6.96 3.01 3.59 3.89 3.59
8.74 5.79 4.26 8.79 8.07 9.99 7.77 8.07 8.0 7.48 7.91 7.17 7.91 5.8 5.46 5.63 3.89 3.24 9.52 7.17 4.96 5.79 8.13 11.09 10.91 8.5 12.02 13.66 5.92 10.91 15.66 12.72 12.02 8.11 6.61 6.75 4.82 4.55 4.26 2.48 3.66 4.69 5.31 4.6 3.78 6.31 4.33 6.97 7.16 6.48 7.88 7.03 8.64 9.47 9.74 9.83 9.9 9.7 12.91 7.45 5.67 3.2 4.29 3.76
9.69 5.78 4.29 5.07 12.24 11.51 9.16 6.53 3.87 5.01 8.02 12.13 7.53 7.33 5.84 4.27 3.02 4.64 5.67 4.85 5.28 6.7 8.42 8.16 13.41 11.0 14.64 9.1 9.83 12.53 15.71 11.95 15.66 7.49 6.24 5.96 5.83 5.82 3.08 1.89 3.25 3.97 3.04 3.9 3.08 5.33 6.57 6.91 5.41 7.31 6.16 8.3 7.8 6.83 9.27 7.6 8.37 13.22 12.42 9.2 5.04 6.21 3.74 5.33
13.68 7.18 3.92 6.45 8.45 8.73 8.23 7.25 7.29 5.41 11.05 9.89 7.23 5.54 3.93 4.62 4.9 4.9 3.89 4.11 6.64 8.33 10.41 7.32 11.59 20.55 11.6 15.23 12.02 14.34 11.0 14.37 16.08 13.9 8.34 7.89 9.6 6.73 3.28 2.65 4.73 3.46 3.66 4.83 4.14 4.22 5.78 4.59 4.5 4.18 3.35 6.53 5.38 7.0 9.21 12.52 18.4 11.75 12.95 7.88 7.53 5.14 3.01 4.21
13.25 7.57 10.94 7.51 14.0 10.63 7.59 9.42 9.69 6.75 6.55 5.39 12.68 6.51 6.54 5.82 4.1 6.99 6.39 3.8 5.74 9.83 6.01 6.18 10.02 22.7 15.29 11.7 13.13 9.07 6.55 9.13 11.32 8.69 6.76 5.69 7.36 7.47 6.61 4.9 6.57 5.99 4.6 3.61 3.78 6.73 3.41 3.24 5.26 2.16 4.57 7.02 6.61 3.69 5.71 11.39 14.8 12.9 14.33 13.26 14.01 5.88 5.57 5.37
9.07 7.52 10.44 10.6 12.44 8.97 9.2 7.7 3.73 6.72 5.76 6.52 10.08 7.28 4.97 4.88 6.5 6.77 6.57 4.77 10.29 9.4 7.35 11.17 10.86 16.12 13.95 14.81 10.31 9.05 6.03 8.46 7.22 11.82 5.67 10.23 8.49 7.68 9.27 7.98 7.25 6.74 3.98 5.33 8.81 5.79 4.18 3.27 3.46 4.05 3.48 3.34 4.32 2.58 3.71 7.4 8.83 8.5 7.34 4.55 6.73 7.33 6.45 4.87
5.79 11.61 9.11 12.15 8.34 12.28 13.79 11.9 6.2 4.16 6.53 4.56 7.11 6.41 7.71 5.79 5.89 7.31 13.43 5.91 7.75 10.06 11.54 8.82 10.81 16.83 12.68 10.51 8.44 5.18 6.53 5.02 5.68 8.94 9.2 6.79 5.85 8.31 8.64 7.16 6.7 6.04 3.94 4.33 4.58 4.76 3.96 5.03 3.71 5.17 3.9 3.0 4.2 4.92 4.72 9.64 10.16 15.25 15.24 7.44 7.33 8.14 4.69 5.16
