7.65 6.53 4.57 3.82 4.72 8.78 11.91 6.82 5.19 4.59 12.76 7.28 7.4 6.58 6.1 5.23 3.33 4.27 9.55 7.43 5.39 5.77 7.16 6.31 13.7 10.21 10.42 6.83 5.76 6.23 4.04 6.3 5.94 7.36 9.18 8.25 10.84 13.61 13.13 10.6 5.03 5.38 5.09 7.15 12.16 6.71 3.35 3.76 2.77 2.6 3.53 4.52 4.98 6.92 6.33 6.46 7.61 7.85 7.43 8.96 5.69 5.44 7.75 6.45
11.91 8.94 4.98 3.93 5.62 10.16 9.02 8.09 4.92 6.18 5.89 4.78 9.62 12.47 7.91 7.82 4.61 4.53 7.65 10.48 7.79 6.08 6.54 7.78 13.47 7.53 9.87 7.23 9.81 10.68 5.39 5.5 7.91 8.75 11.03 6.78 10.85 13.3 18.97 15.04 8.98 9.85 6.77 6.72 10.82 5.31 5.86 6.32 3.95 1.92 3.96 5.5 7.02 7.58 6.11 12.81 7.65 7.72 4.84 7.05 4.15 9.3 10.55 5.38
8.23 12.44 10.88 4.47 6.97 6.62 9.24 5.99 5.55 9.21 5.73 5.36 8.31 8.2 10.49 6.27 6.47 5.91 6.46 10.28 7.25 3.95 4.04 6.76 9.55 10.59 9.0 7.95 8.42 9.47 6.38 10.36 6.54 6.71 7.65 17.1 11.89 7.04 18.42 17.73 16.1 16.26 6.24 7.65 4.85 6.22 6.82 6.93 7.84 3.75 7.38 6.16 5.93 4.86 6.14 15.3 12.15 7.41 10.01 11.3 8.39 7.68 14.7 10.56
6.8 9.13 7.48 5.63 5.54 4.69 4.39 5.85 4.75 7.73 7.58 5.13 5.3 13.27 10.5 5.5 6.65 5.24 7.24 8.32 7.66 3.29 4.11 6.56 7.6 9.34 11.38 9.35 12.53 14.83 12.2 11.7 6.04 6.73 7.05 8.88 10.58 8.69 14.9 17.59 9.02 13.61 10.96 9.7 5.72 5.91 6.9 8.27 5.84 8.6 7.05 8.0 7.14 6.56 7.47 13.08 14.39 12.26 7.25 11.63 7.21 10.64 12.6 6.24
7.39 13.13 7.77 6.33 4.8 5.05 3.51 4.43 5.43 5.85 6.66 7.03 5.64 7.67 8.18 9.63 16.85 7.53 10.85 7.62 5.66 4.15 5.96 10.04 6.25 6.33 6.59 9.29 13.39 14.49 15.6 13.86 7.7 7.83 6.84 7.05 9.39 6.38 14.58 15.26 7.85 8.84 7.43 7.86 7.49 4.6 6.64 3.91 5.27 7.89 10.06 10.45 6.98 6.01 8.04 13.06 17.7 10.24 9.45 9.22 8.19 5.98 14.68 7.64
5.36 6.73 5.74 5.41 8.17 5.69 4.89 3.93 5.89 7.88 5.98 8.44 8.29 9.25 5.58 6.73 8.57 13.18 15.95 10.57 5.58 4.6 5.27 7.25 7.19 11.12 6.96 13.03 12.18 16.45 19.32 10.64 9.98 7.34 6.45 5.7 4.31 7.93 6.67 6.34 6.06 7.14 7.18 7.55 8.59 9.39 4.21 5.72 5.74 9.57 19.57 11.67 10.32 9.75 7.41 14.84 9.28 16.86 10.05 12.09 8.05 5.27 7.39 7.04
5.97 3.74 4.39 4.73 9.5 6.34 6.63 6.48 10.11 4.33 5.92 8.91 11.47 7.68 7.24 8.15 8.82 10.98 15.63 12.42 13.76 7.14 6.37 5.94 7.6 10.21 8.89 8.86 15.81 11.32 14.67 15.49 10.1 7.42 5.55 7.3 4.39 5.07 7.09 6.88 9.54 5.44 5.31 5.29 12.82 8.18 9.24 6.08 6.73 7.19 15.03 14.99 11.4 17.13 15.59 13.22 11.65 9.5 9.67 7.74 5.68 4.01 6.33 5.19
9.5 5.59 3.75 5.46 5.19 7.31 5.08 7.41 6.39 5.97 6.42 6.69 8.59 13.43 8.18 3.61 6.18 9.65 20.0 15.39 11.46 9.69 5.61 5.77 3.57 5.9 6.69 12.34 16.3 12.8 13.46 6.67 8.84 7.24 4.97 5.38 4.19 5.07 3.23 4.45 6.73 6.05 7.26 6.47 8.01 8.68 7.31 8.54 6.85 9.1 11.99 22.18 13.49 14.96 15.99 14.31 16.82 15.04 9.4 9.82 3.49 3.65 6.86 5.04
13.62 6.18 5.67 6.55 5.47 5.24 5.11 5.25 5.45 5.97 5.96 8.05 13.38 10.61 5.84 3.79 7.28 10.57 23.39 12.11 13.88 11.35 6.33 5.61 4.84 5.48 5.65 9.83 12.61 13.43 11.22 7.07 8.99 4.51 5.54 6.63 5.32 4.42 3.02 4.39 4.98 4.37 5.88 5.56 14.15 9.31 5.97 10.58 7.64 12.63 9.12 9.76 15.28 12.71 16.87 11.02 19.0 6.7 4.65 5.73 4.06 5.37 3.86 4.93
11.43 9.33 5.56 6.34 9.75 7.76 3.17 3.24 7.45 9.87 8.23 13.05 11.37 6.36 5.6 5.4 8.14 10.8 17.1 13.38 10.67 9.98 12.7 12.39 7.32 4.61 3.83 7.47 12.44 13.89 9.95 9.03 6.51 4.98 6.85 7.09 3.2 4.45 5.29 5.72 4.32 3.51 4.12 6.65 8.19 6.11 8.08 13.29 5.37 7.12 6.0 11.25 8.1 11.42 20.73 18.38 14.34 5.06 4.95 5.43 6.87 5.48 3.84 4.02
7.15 7.92 5.42 9.05 9.29 5.7 3.8 3.09 7.1 6.61 11.57 7.67 9.5 6.72 4.46 6.82 9.88 13.5 11.69 12.75 7.35 11.74 10.84 5.28 6.69 5.89 7.32 7.2 13.54 10.8 9.17 8.62 4.64 5.3 10.81 6.28 6.15 6.53 5.38 4.26 5.33 6.28 4.68 5.9 11.22 7.74 8.54 8.04 8.54 10.53 8.27 9.6 8.51 12.02 16.99 15.99 10.35 6.9 6.26 10.06 5.62 4.15 3.93 4.4
9.91 7.08 4.08 10.88 8.89 6.07 3.61 5.3 6.83 8.79 10.97 9.64 11.74 6.19 5.44 5.92 8.24 10.02 7.89 9.32 3.47 5.72 6.31 7.4 9.03 8.56 10.81 9.74 6.3 12.8 5.64 8.48 5.04 7.76 6.82 6.3 8.02 6.53 6.0 8.51 4.07 7.14 7.72 5.14 7.03 6.99 9.24 9.78 8.39 10.01 7.25 10.76 9.22 9.7 9.02 8.37 8.14 9.16 6.98 10.6 6.88 6.68 3.95 4.44
10.89 4.92 4.01 5.97 6.78 6.19 7.1 8.94 6.0 5.65 10.34 8.49 17.06 9.53 4.58 4.22 5.88 6.19 7.81 6.31 5.05 3.65 7.15 5.67 7.67 9.25 8.14 7.0 5.8 9.12 4.93 4.73 6.16 3.44 6.48 7.08 10.98 6.71 8.76 6.48 6.61 5.29 5.21 5.1 7.19 10.69 6.06 6.2 9.3 8.39 15.73 11.04 8.58 7.46 7.42 9.11 8.56 5.65 13.86 8.94 8.23 5.75 3.47 2.57
7.43 7.77 3.12 4.36 4.39 6.21 9.03 11.55 12.07 6.33 12.68 9.28 12.47 13.85 7.49 8.01 5.18 8.75 6.54 5.78 3.42 2.5 4.92 5.3 6.47 9.61 11.36 8.08 6.69 6.35 3.34 4.14 4.74 6.07 6.58 8.42 6.51 5.19 7.55 8.32 6.41 6.53 4.68 7.44 5.17 7.08 5.86 6.82 7.67 12.15 10.29 10.3 7.24 7.67 6.24 7.84 9.25 7.56 9.99 7.67 5.62 7.55 5.38 4.57
6.92 5.55 4.02 5.59 4.18 5.47 9.47 18.77 11.91 8.49 15.31 9.89 10.61 11.71 8.24 10.72 14.56 9.06 5.49 4.14 4.04 5.84 6.07 5.98 6.21 9.07 11.65 6.49 4.66 3.06 3.41 2.89 5.07 5.02 8.84 5.57 9.48 4.6 4.47 5.93 7.35 6.75 4.22 3.84 4.54 5.08 10.31 8.78 11.69 10.66 10.7 8.67 7.18 10.91 7.93 8.3 6.75 10.65 15.38 10.49 8.2 5.87 11.61 5.31
4.74 5.26 5.8 3.7 6.62 5.88 12.03 12.18 19.94 14.52 12.79 10.14 7.4 9.5 11.28 16.11 15.34 10.15 6.37 3.77 6.37 6.63 7.14 6.07 3.86 5.61 7.1 7.0 2.55 4.62 2.42 3.33 5.63 7.04 5.1 4.98 9.15 6.63 4.79 7.27 7.49 7.18 4.28 5.31 6.45 12.11 7.94 14.5 10.18 8.65 8.66 5.15 13.29 12.66 8.49 12.09 15.16 14.32 16.41 13.04 9.61 7.07 12.03 11.35
5.9 6.83 6.28 5.59 5.45 4.89 13.25 17.84 20.3 14.99 12.06 10.04 10.24 8.11 13.53 15.31 18.62 14.48 7.38 5.24 5.13 3.45 8.1 3.7 6.69 6.44 6.26 4.54 3.64 3.01 4.52 5.22 8.57 5.91 6.18 8.16 5.04 4.42 4.85 4.5 7.64 6.17 6.63 4.71 7.22 10.94 7.94 14.16 11.55 11.98 8.63 7.09 11.36 16.34 11.12 12.16 9.91 15.57 14.33 7.27 8.5 7.15 8.49 12.92
3.58 7.15 4.17 6.53 7.07 7.55 9.9 8.2 9.04 13.31 9.28 12.98 9.92 12.11 13.79 14.38 9.11 8.88 9.8 7.97 3.51 8.62 4.28 5.68 3.97 6.81 3.04 2.54 3.42 4.11 5.55 8.17 7.26 7.15 5.05 6.52 9.22 6.46 6.72 7.13 4.74 8.2 8.69 11.33 10.01 9.47 10.98 13.53 11.31 7.82 8.35 7.57 9.88 11.0 10.79 11.27 9.68 22.76 11.26 13.53 9.04 10.43 11.25 8.47
5.45 4.05 4.83 4.99 8.14 5.4 10.66 8.12 8.06 8.2 10.79 10.81 16.08 6.44 11.54 8.65 11.03 8.56 7.51 6.37 5.44 5.1 3.74 2.97 4.94 9.49 7.48 2.85 2.25 4.92 7.37 5.93 8.6 8.8 6.08 5.56 7.59 7.12 5.53 5.05 4.84 9.09 6.92 7.04 11.24 19.15 10.22 8.84 10.92 8.59 8.94 5.17 8.04 7.32 12.89 7.43 12.11 14.9 11.13 12.0 7.89 8.15 9.73 10.2
5.39 5.48 4.13 4.34 5.85 4.86 5.86 10.55 5.35 6.84 4.48 14.68 12.71 15.61 20.29 13.96 10.79 5.26 7.54 12.25 7.28 5.28 2.77 2.57 6.15 6.08 6.32 5.59 3.51 3.82 4.59 5.4 7.94 9.01 9.72 7.08 7.27 5.2 3.36 3.19 3.77 5.48 8.35 10.55 8.63 12.9 9.0 10.71 8.47 10.77 5.95 7.37 5.84 10.73 5.31 5.2 7.23 9.26 10.96 16.86 13.08 7.08 8.5 9.31
3.67 5.35 7.18 8.62 7.78 4.93 7.57 8.95 6.47 5.05 9.71 8.45 7.34 12.49 14.41 21.97 10.59 8.1 9.01 8.38 9.32 10.7 5.46 3.0 3.73 5.92 6.23 6.49 4.54 3.15 5.49 4.56 5.99 8.4 8.76 6.22 9.92 5.27 4.08 3.47 4.62 5.57 6.14 5.68 7.57 8.03 10.81 8.65 7.02 7.34 5.89 6.4 5.27 4.82 11.04 6.01 9.08 9.99 10.71 13.1 14.42 6.66 12.21 10.12
6.14 6.19 10.74 9.03 6.81 7.23 6.96 5.52 5.0 7.83 16.47 6.77 5.22 6.63 16.41 24.05 15.39 10.73 13.02 11.98 6.08 10.49 5.24 4.18 7.17 7.43 6.35 7.08 5.05 3.65 5.03 5.15 5.68 6.53 6.7 7.68 7.25 7.24 3.24 4.49 4.6 5.24 5.53 7.21 6.03 6.65 7.4 6.32 6.87 5.21 6.39 10.6 6.5 8.91 6.72 7.24 7.41 7.55 6.73 9.28 12.24 11.11 9.81 11.05
4.63 6.67 12.7 9.75 9.09 10.36 8.6 4.25 4.29 5.49 9.09 6.07 9.46 9.29 15.98 11.33 16.41 8.9 11.39 8.83 7.29 6.31 7.17 3.28 5.27 6.41 8.21 6.99 5.1 6.25 6.36 4.73 6.84 3.93 6.89 10.25 10.26 8.25 4.86 7.62 5.67 4.71 6.97 7.22 6.1 8.34 5.1 4.95 6.05 5.07 14.82 9.92 9.01 8.62 10.58 8.76 5.95 6.58 12.36 11.6 18.78 16.09 9.4 11.47
5.81 7.73 12.18 14.59 7.06 11.74 4.96 4.98 3.13 4.0 6.3 7.87 12.0 13.05 8.18 12.82 6.7 14.2 10.76 12.78 4.46 4.04 5.55 3.44 5.23 9.19 6.97 7.24 8.17 4.68 7.11 6.21 5.92 7.19 5.55 8.07 7.58 11.08 8.21 6.66 6.23 4.34 4.18 5.85 6.43 8.99 5.37 4.61 8.44 9.53 5.86 10.19 9.17 12.82 10.85 8.66 11.32 8.58 11.52 7.89 10.6 20.37 8.86 13.57
9.19 5.79 9.08 7.14 11.31 8.81 10.14 8.61 4.96 3.4 4.86 6.7 16.93 15.8 12.37 6.54 9.46 9.52 12.98 9.65 5.48 3.81 4.07 4.68 3.78 7.4 9.04 7.86 4.27 4.6 8.55 6.68 5.99 6.71 7.85 10.05 10.31 10.41 7.65 8.38 5.61 3.31 4.79 5.17 6.47 7.57 6.81 3.92 4.8 7.38 5.87 13.14 13.96 13.95 10.84 8.41 9.38 7.41 15.22 13.23 14.15 16.33 8.31 5.38
7.73 8.22 4.09 9.84 10.33 7.41 13.17 8.69 4.73 4.26 5.82 7.6 9.76 24.14 14.02 6.79 6.37 11.11 11.83 9.94 5.51 3.68 3.86 3.37 4.09 8.88 8.39 5.96 6.95 11.77 7.73 4.84 7.5 10.96 9.72 5.83 5.91 5.73 4.2 7.47 7.8 6.38 5.54 5.63 4.29 6.91 5.38 7.3 7.53 8.58 3.21 7.43 16.78 11.23 8.15 9.26 10.7 13.17 16.78 17.89 13.03 11.95 6.78 6.54
4.76 7.54 6.97 9.0 9.71 5.68 11.02 15.17 8.14 6.31 6.47 6.04 10.04 12.25 11.0 10.36 9.06 11.07 7.33 10.53 5.42 4.59 5.66 3.37 5.48 6.13 10.22 5.53 8.27 12.14 9.49 6.54 7.85 10.6 8.12 5.04 7.5 6.27 4.75 9.34 8.38 4.71 6.59 5.74 5.46 4.8 6.53 7.82 11.56 7.49 4.26 6.44 12.05 11.2 11.63 9.85 10.6 9.18 16.26 13.28 10.7 9.96 6.48 9.64
4.39 7.93 9.78 7.35 6.62 7.46 8.34 8.31 6.25 7.47 6.33 4.66 6.89 5.82 8.28 12.04 9.81 10.73 8.73 6.46 6.13 7.03 4.75 7.13 9.54 5.49 4.5 5.58 12.19 14.44 13.54 12.29 8.04 10.52 6.68 6.18 7.59 7.87 7.85 9.2 6.95 6.77 6.49 7.86 5.89 5.23 4.87 8.04 9.33 6.63 8.98 9.45 12.47 12.62 12.61 9.03 10.93 17.21 18.22 12.37 10.05 9.21 7.77 6.39
3.44 5.55 9.06 6.56 6.93 6.98 7.16 5.05 5.11 6.34 7.11 5.44 5.6 5.31 5.07 5.84 8.54 8.73 11.31 8.68 7.69 6.61 5.53 6.3 12.51 6.66 7.5 6.57 11.45 17.98 17.4 14.82 8.25 5.6 3.93 4.96 9.44 11.19 8.92 12.91 14.45 8.03 6.61 9.08 7.05 7.12 6.08 7.63 7.8 9.48 9.53 6.87 8.97 8.92 13.5 12.51 15.03 14.03 12.08 20.77 10.73 11.1 5.55 5.57
4.87 5.66 6.71 7.05 8.45 7.71 6.61 6.04 5.3 9.36 8.98 4.95 5.07 5.18 6.75 8.43 6.31 5.66 11.74 13.13 10.26 5.25 6.99 6.86 6.89 5.97 8.71 8.59 14.78 20.91 20.23 19.48 12.08 7.92 4.09 5.17 7.55 9.97 15.48 10.9 7.67 4.97 6.43 10.03 7.71 11.57 7.2 8.34 12.96 8.1 10.8 8.59 14.1 16.53 10.58 11.69 8.26 10.22 13.94 11.39 16.08 15.31 7.2 8.56
8.38 9.93 8.54 7.64 5.95 6.45 5.27 4.12 5.28 5.99 9.06 7.24 5.87 5.95 5.77 7.79 5.43 13.76 17.57 14.9 9.27 10.32 9.44 3.96 3.76 7.05 7.12 8.75 11.94 14.51 19.88 14.49 10.86 9.73 7.54 7.89 14.0 9.95 11.93 9.98 11.57 10.16 7.6 10.63 7.42 7.34 9.11 8.5 14.44 11.85 10.64 19.66 21.27 15.0 8.82 8.96 11.09 12.95 11.58 14.23 16.58 8.47 4.33 7.56
11.83 7.22 10.12 5.79 6.54 6.65 5.03 6.39 6.19 4.99 9.8 10.08 7.08 6.26 10.5 8.27 3.59 6.68 10.69 8.83 11.36 11.97 10.16 3.94 4.65 6.64 4.46 10.17 8.82 16.78 18.62 15.12 7.68 15.19 9.46 8.2 12.69 14.51 10.92 11.67 9.41 14.02 6.33 14.34 12.8 10.19 13.53 11.91 15.79 11.88 12.22 18.35 12.45 14.36 10.04 9.54 7.76 12.34 7.76 10.18 16.15 8.26 7.54 8.27
6.16 11.41 8.49 6.35 4.7 3.37 4.59 5.2 6.35 9.43 7.73 7.62 6.27 6.6 7.81 8.27 5.84 8.43 8.43 4.85 9.41 11.09 17.78 5.2 7.27 5.98 4.51 6.73 7.02 6.27 15.48 13.39 11.85 15.11 13.95 9.14 14.64 12.2 10.35 12.24 18.15 11.14 10.28 11.7 11.05 9.84 13.11 17.63 15.39 17.85 13.64 11.6 12.08 8.56 7.46 14.16 6.99 9.03 6.91 9.12 11.26 6.03 6.06 7.67
7.24 5.6 9.54 11.06 3.65 3.99 4.77 4.64 4.79 13.57 16.37 9.66 7.82 5.9 6.5 11.0 9.39 10.61 6.63 6.11 5.84 11.11 11.92 10.36 9.15 8.32 5.38 5.87 5.82 6.0 8.59 8.48 13.57 16.51 12.28 10.53 12.11 21.0 12.49 17.09 9.73 13.58 15.23 9.11 10.63 11.21 18.35 14.39 19.92 10.31 12.22 10.67 10.94 5.82 5.4 5.59 10.23 8.63 10.89 8.36 10.9 7.26 5.0 8.09
6.79 4.33 7.69 6.22 5.84 8.32 10.11 8.37 5.69 13.04 15.71 14.95 9.76 7.47 10.26 10.38 15.58 8.82 11.03 6.44 7.9 10.36 14.56 16.55 11.09 12.71 11.35 8.3 6.29 4.68 6.15 9.91 10.53 12.12 8.34 10.05 12.41 15.47 16.1 20.17 8.75 11.63 7.37 8.46 8.96 19.25 28.04 13.82 10.74 12.48 7.75 12.62 6.01 6.54 6.34 6.05 10.79 9.57 11.18 11.93 7.82 9.14 6.09 5.77
6.17 6.77 9.51 7.6 10.39 8.91 13.98 10.66 5.43 13.51 15.28 11.26 9.91 11.47 10.34 8.18 23.87 13.78 15.16 12.07 10.2 8.46 11.36 9.61 17.87 11.45 12.03 9.69 6.57 6.44 4.94 4.09 9.38 10.85 12.98 6.94 12.33 17.12 16.07 16.51 16.85 7.86 14.26 7.57 11.81 14.15 17.72 11.76 10.95 16.27 7.34 8.48 5.8 6.73 8.55 7.71 10.76 12.54 15.58 13.93 8.99 13.69 9.67 5.78
5.64 4.96 7.47 8.73 7.75 7.07 17.16 20.25 8.21 12.53 18.09 12.93 7.64 9.13 9.84 16.71 20.96 15.15 14.24 7.74 4.92 13.62 11.56 12.52 11.31 8.53 13.39 13.0 10.76 10.48 4.81 6.15 5.74 9.03 4.93 7.84 15.01 17.78 10.97 10.96 12.79 7.32 8.02 4.59 8.5 15.48 16.79 7.44 10.55 13.66 9.98 8.22 9.51 8.98 5.48 7.69 9.68 9.76 9.28 10.37 12.04 12.49 10.35 6.43
8.34 5.87 6.91 7.39 7.64 11.3 10.86 13.55 10.19 11.71 14.77 6.94 8.42 7.45 19.59 16.13 23.55 15.99 13.64 11.85 7.32 10.6 10.02 9.75 7.1 9.57 11.27 12.22 12.79 7.12 8.99 7.83 5.24 8.9 5.1 8.04 9.51 13.12 11.83 8.01 12.87 11.82 5.86 6.52 3.64 6.63 10.89 10.09 9.31 9.88 7.05 10.89 7.87 7.49 7.82 7.71 10.54 10.96 7.61 9.06 8.47 9.17 9.06 7.59
7.62 8.37 11.84 8.15 6.49 7.53 6.51 16.53 11.56 10.26 11.53 5.8 4.6 7.6 13.7 11.71 20.13 16.94 15.37 9.77 8.69 12.45 12.25 7.79 7.66 9.03 13.18 13.99 15.78 7.22 10.33 7.52 4.83 6.39 5.63 4.65 8.02 12.93 13.84 10.79 10.55 13.06 5.84 4.28 3.55 7.24 8.84 8.37 8.04 7.15 8.59 9.46 7.93 8.28 7.8 11.6 13.91 10.51 6.32 9.12 14.31 10.13 8.92 14.83
13.39 7.6 7.42 6.78 5.7 6.51 7.1 13.99 9.11 11.02 10.31 6.23 5.01 9.82 7.27 17.91 17.21 14.79 11.03 9.11 6.86 10.16 18.21 13.6 10.74 7.84 9.48 11.65 14.86 13.27 9.15 9.38 4.41 6.89 4.93 3.37 5.69 7.36 12.51 8.07 7.52 5.4 8.69 4.95 6.3 9.4 11.03 12.83 6.03 6.82 10.08 9.88 7.27 6.34 9.6 11.56 9.69 13.47 11.16 6.13 8.14 10.18 16.19 23.07
11.02 6.94 10.22 12.49 6.69 9.64 5.69 6.71 9.78 5.7 10.18 8.44 10.43 7.81 7.06 8.78 14.74 12.68 12.75 8.32 9.83 11.78 14.88 18.99 7.55 10.8 10.06 10.86 12.22 10.27 10.34 10.56 5.52 5.74 2.45 4.62 4.13 7.49 6.38 6.11 9.94 10.99 9.85 7.13 7.38 13.02 10.83 8.07 6.44 6.72 7.67 8.98 5.29 8.23 11.18 16.61 18.31 8.61 11.24 6.66 9.17 10.8 14.63 14.39
11.39 14.45 14.02 11.68 11.2 8.49 5.49 4.89 7.02 7.83 8.2 10.46 6.34 6.82 9.0 6.94 16.48 13.14 14.82 12.31 18.7 10.08 17.98 21.68 19.72 11.31 10.3 12.06 11.36 8.12 7.83 7.92 6.03 4.03 7.64 3.46 6.11 5.06 5.31 6.96 8.78 8.82 10.11 8.9 8.74 11.41 14.28 8.52 5.32 6.14 6.14 5.91 6.79 7.79 9.95 9.83 7.25 5.8 4.47 8.73 9.51 9.53 14.11 17.3
6.2 15.23 10.2 12.02 11.4 7.55 5.92 6.38 11.77 6.58 7.79 8.6 9.67 14.99 11.64 6.55 6.6 9.37 10.12 15.48 16.84 19.16 15.88 22.24 22.0 10.94 11.66 23.06 9.84 7.42 5.54 9.26 5.22 5.72 8.91 7.69 8.88 5.88 4.59 6.66 7.49 6.55 16.14 11.69 9.84 10.9 11.38 9.39 5.0 8.38 9.21 6.56 4.66 6.67 10.54 5.0 4.77 6.17 6.06 7.5 5.29 8.33 12.68 12.3
10.68 9.45 10.74 6.94 5.71 4.71 5.57 5.04 7.47 6.98 5.7 4.71 13.02 9.16 11.06 8.25 4.89 8.31 12.24 15.34 20.57 18.3 20.57 17.48 20.42 15.22 11.26 8.78 8.03 9.37 6.11 4.82 7.17 6.15 10.72 12.47 9.84 9.42 8.35 10.34 6.74 9.28 10.94 8.92 16.51 11.06 8.93 9.09 9.09 7.02 5.49 5.18 4.66 5.93 8.51 7.71 7.28 7.06 5.89 5.06 8.13 11.02 10.74 11.18
10.55 8.58 9.53 7.29 3.42 3.29 5.57 9.73 12.01 10.19 5.64 8.72 7.46 6.24 8.77 8.16 7.47 9.35 14.57 14.52 13.63 10.3 16.59 17.24 13.34 15.59 9.95 6.96 7.41 5.76 4.87 8.38 5.68 6.35 12.53 15.34 10.77 8.1 9.92 7.2 7.57 11.31 5.34 10.23 15.18 16.52 8.63 7.48 7.38 10.33 6.2 5.45 3.6 3.84 8.01 8.67 5.24 6.45 4.51 7.46 10.46 12.3 10.36 9.16
9.62 10.77 9.79 6.95 4.88 4.43 3.84 6.68 11.44 10.71 8.79 6.23 4.75 8.13 7.79 6.64 11.82 8.91 11.27 9.69 10.92 12.84 12.66 15.65 9.82 8.58 7.53 6.05 5.9 6.07 6.17 6.54 7.67 8.36 12.61 7.24 11.16 7.44 9.9 11.98 7.05 5.96 6.23 10.4 14.1 12.04 6.74 8.27 9.48 10.23 4.46 6.12 3.52 3.3 6.74 6.89 6.9 5.22 4.48 7.15 9.55 9.21 8.63 10.78
9.52 8.29 9.65 9.25 5.85 3.61 4.71 8.57 10.63 13.75 12.92 8.87 6.14 5.76 3.48 4.37 10.42 16.9 8.75 9.01 8.53 8.89 8.26 12.32 11.4 7.95 6.89 10.82 4.19 5.09 5.51 7.55 7.92 8.48 7.26 4.84 7.69 7.42 9.04 10.69 9.17 9.05 7.64 8.1 8.27 8.43 9.88 6.66 7.66 5.76 6.06 3.99 3.23 2.93 4.3 9.35 5.69 4.14 4.74 7.43 9.99 5.67 8.08 9.37
9.92 8.58 7.05 10.26 7.88 9.52 6.04 5.01 12.05 8.64 12.77 6.66 8.43 6.02 5.86 3.95 8.27 7.15 9.14 9.4 11.1 6.08 4.28 5.03 8.32 8.2 8.89 8.23 6.15 5.21 5.08 7.61 9.64 13.33 7.61 8.41 4.83 4.24 6.88 9.46 6.75 5.65 5.75 7.98 6.28 6.88 8.2 5.19 7.2 8.81 10.93 8.12 4.11 4.43 3.99 5.12 4.02 3.9 5.18 6.15 9.6 5.93 8.24 6.01
7.44 5.06 6.83 7.33 7.38 6.95 4.01 10.27 12.88 10.57 4.51 6.58 7.86 6.55 4.72 4.5 6.2 6.33 5.31 9.66 10.4 8.26 5.84 5.88 8.15 6.64 5.31 7.97 8.32 4.08 6.18 7.47 10.19 7.92 10.96 6.08 6.47 6.82 7.64 9.18 14.55 10.43 3.89 5.05 3.95 5.95 6.83 6.53 8.17 7.1 11.28 7.18 4.41 5.45 4.19 8.06 4.44 7.05 5.19 9.46 10.26 5.94 7.38 9.02
4.52 5.31 6.73 5.22 9.64 8.06 10.61 11.03 14.98 6.62 7.44 9.08 5.79 4.54 6.67 3.68 6.17 7.0 6.96 11.44 7.25 5.73 4.18 6.51 6.18 3.65 7.25 11.11 7.05 5.09 5.14 6.79 7.12 8.17 10.01 8.73 8.08 4.82 7.04 6.84 8.99 6.81 6.74 4.36 3.73 5.82 5.22 5.9 8.27 7.23 12.3 6.77 7.21 7.26 7.01 4.6 6.71 7.48 8.86 8.48 10.64 4.81 9.54 11.8
6.61 3.73 5.22 4.66 7.3 10.52 6.32 9.53 5.55 4.9 5.72 4.45 6.64 5.51 7.71 4.5 7.23 11.38 9.51 6.18 4.99 5.16 3.9 6.44 3.23 4.09 5.58 6.15 6.3 4.18 4.92 6.52 11.25 6.87 7.59 7.44 6.39 7.64 5.97 10.28 8.7 8.72 4.64 3.5 4.45 5.4 4.42 8.45 5.6 7.87 8.19 10.9 6.52 9.23 6.13 9.44 6.78 5.93 9.97 11.1 13.12 11.01 12.12 11.23
7.29 6.08 6.37 4.42 8.23 7.5 10.89 6.5 5.18 5.29 5.55 6.87 2.83 4.98 7.31 4.97 6.11 8.63 11.28 7.06 4.72 3.41 5.63 6.12 4.89 4.47 5.14 2.82 3.41 5.19 5.81 6.28 7.22 5.44 7.06 5.53 4.92 6.7 6.38 8.13 6.75 6.15 4.92 4.45 5.46 5.0 6.7 7.02 12.51 8.01 3.82 6.31 6.15 5.49 5.01 9.72 6.62 6.42 8.57 16.02 11.3 11.92 10.74 14.42
6.1 6.75 4.82 7.08 8.83 8.8 8.33 3.54 4.29 5.97 5.26 6.37 4.08 5.21 3.55 3.12 7.48 11.11 9.36 9.62 3.62 4.07 3.27 4.25 4.95 4.53 7.2 4.28 3.21 4.89 5.36 8.76 7.18 5.75 6.07 6.34 3.31 4.48 4.17 5.47 6.23 5.1 8.58 4.21 5.92 6.85 5.93 8.61 5.85 5.23 6.12 7.58 6.96 5.01 6.55 4.36 4.8 8.3 9.71 9.14 10.88 5.28 11.76 10.27
5.91 9.3 12.1 6.54 9.26 7.29 5.94 4.64 4.22 4.29 5.95 5.92 6.87 3.81 5.46 3.33 7.45 8.79 10.11 10.1 6.12 4.43 2.9 5.74 6.01 7.97 7.46 3.41 4.11 4.74 8.79 8.48 8.93 9.35 6.94 7.35 3.71 3.81 5.32 9.08 6.81 7.28 5.12 3.66 4.41 6.92 7.06 13.07 8.64 5.81 4.55 6.03 5.89 5.98 4.87 3.36 5.91 10.43 8.19 6.52 9.11 8.1 5.93 7.6
5.04 10.34 13.78 9.79 8.44 9.68 7.11 9.13 7.42 7.61 4.18 8.27 9.32 7.36 5.81 4.69 4.76 4.63 7.31 9.9 8.05 7.01 5.4 5.99 6.0 6.49 6.71 5.75 7.75 7.56 9.4 5.86 6.01 7.86 8.34 10.5 5.14 4.36 7.25 4.0 5.57 7.92 7.19 4.29 4.63 9.39 6.72 9.8 8.0 4.77 5.95 5.05 3.24 3.87 4.28 5.04 12.48 11.81 7.33 6.97 8.26 8.02 3.38 9.81
9.26 9.58 14.21 9.57 10.56 8.8 8.39 5.34 10.26 5.47 6.66 10.5 7.91 6.68 8.2 10.1 5.06 5.11 4.68 6.0 8.11 6.74 3.83 6.66 9.58 6.44 4.64 4.94 9.96 8.45 10.79 7.15 6.92 10.39 15.84 14.14 7.77 6.18 8.42 5.61 6.12 7.95 12.86 5.74 4.97 5.58 5.95 8.02 7.68 7.67 5.18 4.91 7.3 5.19 5.88 6.98 14.5 15.07 8.01 4.83 4.39 6.02 6.3 8.9
8.63 11.06 16.28 9.42 9.45 6.09 6.8 6.89 9.47 4.22 7.78 9.66 7.89 7.98 11.43 10.51 5.94 4.85 3.5 5.64 8.79 5.68 6.28 6.23 7.79 6.34 5.54 2.9 5.41 9.57 10.99 12.05 7.85 10.98 9.15 11.4 15.75 16.23 10.94 6.71 5.52 10.42 10.5 6.2 4.37 6.37 6.1 7.54 7.74 4.8 4.57 6.27 5.83 6.67 4.85 5.29 9.94 12.59 7.32 5.9 9.24 6.18 6.47 8.32
8.71 11.85 11.13 8.53 5.9 8.98 7.35 13.23 7.66 4.69 7.12 8.3 6.28 6.81 9.48 11.97 4.87 3.76 3.72 5.08 8.72 4.34 4.89 6.2 9.16 7.31 4.13 4.65 5.23 6.65 12.39 12.77 10.93 10.57 15.04 12.51 15.26 14.18 12.14 9.42 9.38 6.15 6.88 7.14 6.79 10.55 5.81 6.97 7.29 4.27 4.79 5.62 6.44 8.97 3.29 5.11 4.95 9.61 8.56 4.76 4.47 5.82 8.7 10.75
9.65 13.59 15.23 10.72 7.73 5.17 8.53 7.69 13.71 7.54 5.95 8.31 7.37 10.44 13.64 8.02 6.04 9.42 6.55 6.87 6.89 3.75 6.06 5.21 10.89 8.29 7.22 9.49 4.42 9.6 10.42 16.8 18.36 15.53 16.04 10.29 13.02 12.46 11.39 20.52 11.49 9.54 4.78 6.62 7.62 6.81 7.96 6.55 7.76 6.03 5.06 7.11 9.32 3.62 4.04 3.01 6.3 5.82 3.67 4.26 6.15 4.98 6.59 7.51
11.55 11.54 9.07 13.25 12.34 10.41 11.28 11.35 16.82 6.73 7.19 10.9 8.46 10.51 11.85 12.15 7.24 10.61 5.34 6.74 9.73 3.51 5.03 5.96 9.0 7.42 9.44 10.7 7.48 9.61 20.12 14.64 11.29 12.07 14.28 11.32 8.05 12.22 12.04 18.82 9.78 5.62 5.12 7.36 5.21 8.39 11.26 9.09 9.13 9.1 4.69 6.03 7.75 4.79 2.86 4.11 3.51 5.87 4.74 5.23 6.03 5.54 8.88 6.75
10.87 10.8 8.53 8.69 13.29 12.37 8.74 13.13 16.82 13.68 8.61 11.86 13.67 12.38 9.56 7.86 12.46 12.42 4.09 6.5 7.31 3.37 4.45 5.91 5.5 11.58 11.75 13.61 9.74 13.95 17.25 12.51 12.67 8.95 12.8 9.19 7.87 8.27 10.11 15.35 9.76 9.27 9.79 7.63 4.69 5.79 10.82 9.57 11.95 10.86 7.2 7.43 8.86 8.11 5.3 4.84 4.7 6.31 5.54 4.27 6.58 5.69 6.87 6.49
11.05 5.74 12.2 13.56 14.96 8.72 12.0 10.66 14.94 11.33 6.94 21.33 16.57 12.32 8.67 8.84 10.67 5.74 7.34 7.15 8.03 6.24 4.84 4.92 7.73 9.5 8.0 10.44 14.31 16.16 11.91 7.96 5.62 5.46 7.23 7.61 9.51 9.7 16.94 11.88 9.6 9.08 6.65 10.02 8.19 5.46 4.52 4.55 11.63 8.24 6.57 8.52 7.63 8.61 5.28 5.49 5.23 5.65 5.87 7.73 8.46 9.75 8.43 10.55
6.31 5.9 9.25 8.92 9.74 9.34 12.02 10.9 15.47 11.88 8.09 24.91 25.19 14.42 9.63 6.78 5.4 5.97 9.33 6.05 4.33 3.44 6.78 10.1 11.05 8.89 9.94 8.51 13.29 19.32 12.75 12.58 6.41 4.45 5.57 6.94 6.71 12.21 16.89 8.81 7.86 7.54 5.96 7.55 9.93 7.51 8.83 6.95 9.06 9.18 9.34 10.0 6.9 4.6 6.34 7.74 6.32 4.54 5.58 4.95 8.09 10.06 13.1 9.89
7.0 7.65 9.42 5.42 6.86 9.54 7.41 9.5 10.3 15.1 13.43 13.66 15.54 10.89 8.93 4.93 5.44 6.36 7.55 10.62 8.94 7.37 8.76 13.4 18.69 10.21 9.0 6.43 13.8 10.1 8.54 7.42 9.69 9.86 9.56 11.21 8.76 22.14 16.59 10.51 9.14 6.49 4.55 8.93 7.11 10.78 5.55 4.73 8.11 7.48 10.32 11.12 6.67 6.22 5.52 9.25 6.74 5.83 5.06 4.64 7.53 7.62 8.96 7.12
