8.87 15.88 12.43 12.24 8.97 10.78 9.86 12.42 8.49 8.24 11.89 9.1 7.07 6.46 4.18 5.3 2.55 3.73 5.46 4.41 7.11 9.98 29.82 13.74 22.56 15.64 8.49 10.2 7.44 5.75 4.6 7.08 6.49 12.58 10.22 7.9 5.18 4.4 2.71 5.36 8.05 15.12 15.84 13.79 11.61 8.9 7.02 4.52 3.37 5.58 11.53 7.51 5.01 5.7 5.75 6.06 9.37 7.23 3.96 5.09 3.72 5.12 5.69 10.31
13.24 16.01 10.92 7.36 9.39 7.62 8.11 12.24 9.39 7.64 7.97 9.53 7.67 8.65 3.94 3.86 5.2 4.15 3.18 5.05 4.08 13.86 37.66 27.76 14.4 14.32 9.53 7.38 8.71 9.08 8.06 6.67 5.67 8.42 13.33 8.48 10.35 5.31 3.2 5.38 9.49 8.34 13.2 16.94 24.53 9.25 9.95 6.75 5.82 4.68 7.31 8.01 4.79 5.19 3.33 5.75 7.14 8.09 3.64 3.76 4.29 5.11 6.01 9.78
13.74 8.61 10.5 7.38 6.88 15.09 10.4 7.95 7.8 7.14 8.2 9.98 8.11 8.57 4.46 4.01 5.1 4.4 3.98 5.72 8.17 9.79 18.27 20.84 12.97 10.05 6.97 8.81 11.75 6.94 13.59 5.63 5.25 6.53 10.72 7.01 5.23 5.03 2.46 8.68 10.23 11.16 12.23 15.37 16.45 12.3 12.89 7.72 8.01 4.37 5.42 4.89 4.57 5.73 6.5 7.09 9.33 4.87 4.09 3.27 3.18 4.83 11.76 24.88
10.27 7.64 8.84 7.92 11.71 7.79 11.64 6.6 8.68 7.66 7.41 10.67 7.04 5.67 6.23 4.24 7.26 6.32 4.16 4.53 5.73 8.38 16.1 22.92 13.09 12.52 8.0 13.98 9.08 8.74 8.79 8.9 5.99 3.78 8.47 9.87 7.78 4.88 4.1 8.38 9.45 8.02 14.15 13.14 11.17 18.29 18.47 8.15 9.4 6.05 4.38 4.95 6.59 8.45 9.93 6.68 7.12 6.26 3.99 3.52 5.12 11.28 13.28 18.33
5.88 6.59 8.96 9.72 9.96 7.33 6.86 6.2 8.59 8.91 8.06 8.96 5.08 4.25 3.49 5.31 5.37 4.83 4.42 3.53 6.26 11.66 21.72 17.39 10.88 8.18 10.27 7.99 10.52 8.11 10.35 7.4 6.47 5.39 9.35 13.18 6.82 6.74 5.26 6.82 4.95 6.58 9.48 10.88 13.68 13.77 14.97 10.75 5.8 5.4 2.93 4.98 6.88 6.69 5.36 7.04 6.36 7.26 5.16 5.14 6.38 6.86 15.19 14.57
3.54 5.49 5.77 7.2 7.56 7.95 9.05 9.51 8.96 7.3 10.85 7.05 6.72 2.6 4.61 3.38 4.08 5.39 6.74 6.09 7.52 11.69 9.76 12.25 8.82 5.66 5.97 8.77 9.86 10.93 6.73 6.51 7.93 6.91 8.68 12.81 10.48 6.88 7.75 9.77 6.16 5.7 11.05 9.52 11.07 6.5 7.74 5.52 6.29 8.54 3.99 8.35 6.03 9.54 8.46 7.8 8.98 6.98 8.83 5.86 6.64 7.14 10.81 19.6
6.23 6.01 5.4 8.21 8.95 8.85 8.61 8.37 13.23 9.42 7.62 7.62 7.33 6.57 4.4 6.09 5.62 4.86 9.67 6.86 4.32 11.39 11.46 9.96 7.13 5.06 5.87 7.24 7.76 9.9 8.74 5.04 6.2 7.11 10.88 7.45 7.56 14.96 10.98 8.06 10.3 6.19 7.71 8.88 7.69 4.48 6.81 5.68 6.67 5.23 4.12 6.23 8.8 12.75 6.26 8.69 6.07 5.93 6.67 5.79 10.04 7.36 11.31 9.57
5.32 9.96 6.67 5.45 7.54 11.72 11.23 13.64 13.14 7.65 8.5 4.56 5.02 9.63 7.15 6.06 8.0 4.08 6.03 5.99 8.23 6.31 9.09 10.55 5.85 5.35 4.85 7.23 8.3 17.55 9.88 8.11 5.49 4.91 5.19 5.35 7.77 9.8 9.8 11.36 7.94 10.04 7.82 9.48 10.56 3.09 6.91 5.51 9.57 4.64 4.64 8.33 5.82 5.34 7.4 8.91 4.71 4.3 3.73 10.58 11.6 7.3 8.06 15.58
7.08 10.09 8.4 5.65 9.05 18.74 16.1 12.77 8.4 8.61 9.06 5.86 4.76 5.54 7.44 8.72 7.24 5.78 6.66 6.54 7.17 5.44 7.04 11.1 4.56 4.84 4.87 5.16 8.78 8.14 11.07 15.7 8.75 7.15 3.67 7.21 6.36 5.49 6.62 6.9 12.69 6.53 8.58 9.52 6.26 5.3 5.84 9.69 8.07 7.39 6.26 5.58 3.0 5.95 6.61 8.45 4.13 5.57 6.32 8.94 11.1 9.24 11.03 9.33
9.61 12.16 8.5 8.09 7.59 15.49 8.96 10.68 7.08 8.92 10.56 5.41 3.97 5.02 9.39 15.49 11.01 10.43 7.14 8.09 5.02 4.66 7.69 5.99 6.92 4.77 11.32 5.9 7.2 10.97 10.87 22.75 11.5 10.39 5.51 8.64 5.1 7.81 7.81 10.88 13.63 9.13 12.97 6.64 5.49 5.25 6.64 7.62 9.11 4.96 4.14 4.86 6.63 6.3 4.98 6.02 4.21 5.63 8.24 14.99 9.6 17.89 10.48 11.26
8.62 11.72 10.23 8.09 4.99 7.8 10.01 8.4 9.76 7.54 7.48 4.29 2.83 4.57 11.73 19.98 20.37 15.16 7.49 6.19 4.43 7.48 6.94 8.02 5.46 8.7 7.25 5.16 9.53 10.14 12.74 14.54 15.89 8.75 6.84 8.98 11.18 10.02 10.47 8.55 17.66 16.28 12.98 5.83 3.61 6.34 3.6 4.6 6.07 4.35 6.53 3.75 4.2 5.4 5.27 5.12 2.95 6.58 8.88 18.53 10.03 12.14 11.33 6.62
4.96 6.53 11.04 7.38 6.22 7.14 9.48 8.46 7.45 10.57 6.34 4.26 2.9 3.45 7.44 12.52 15.62 17.96 11.23 6.12 7.97 7.5 7.52 7.63 5.71 5.35 8.06 8.13 6.68 8.42 11.34 18.93 12.37 11.45 10.16 11.13 8.01 7.64 5.52 10.48 16.02 26.97 27.26 7.01 7.17 7.07 4.64 4.74 8.53 4.52 3.64 3.48 4.6 4.25 8.89 8.1 5.43 4.58 8.9 14.66 15.92 13.71 13.76 7.95
4.24 5.64 7.75 14.65 9.51 7.47 9.26 10.35 12.6 9.2 6.26 3.41 3.54 4.62 6.77 14.42 12.62 12.82 11.0 9.56 13.05 8.31 4.57 7.26 9.79 11.39 8.91 8.0 13.57 7.73 9.52 22.04 10.67 9.1 9.16 7.1 4.66 10.39 12.57 11.2 20.36 15.14 16.43 10.03 7.31 5.99 4.87 5.59 5.42 4.14 3.3 2.98 5.76 5.16 7.3 7.15 6.37 6.66 6.21 16.72 9.36 11.14 10.94 11.69
4.05 6.77 9.95 13.31 8.67 8.1 9.38 9.51 7.18 6.22 6.12 4.13 2.8 4.59 9.31 7.76 8.19 12.68 14.55 10.5 9.25 4.8 5.72 6.96 7.68 9.04 13.14 6.57 7.08 9.11 9.67 16.23 14.35 7.3 7.29 7.37 4.41 11.36 8.89 10.63 13.98 11.46 11.35 10.67 7.32 7.91 6.4 6.97 3.1 3.35 3.15 4.93 4.83 7.77 14.97 8.83 7.06 7.71 15.62 10.47 13.03 9.67 7.63 9.97
5.62 8.28 10.47 14.2 10.33 9.05 9.54 5.77 6.62 8.08 7.68 4.92 7.93 7.9 6.99 6.11 5.64 8.91 15.41 9.12 6.37 5.8 3.38 5.95 5.99 12.22 14.82 9.07 5.33 6.3 8.97 10.24 9.2 8.09 8.27 5.54 3.31 6.78 5.81 7.06 10.31 7.61 12.72 9.91 8.69 5.68 10.06 6.79 5.55 4.89 4.68 5.38 7.6 10.68 11.75 10.39 8.2 15.19 13.45 13.95 13.36 10.41 5.5 7.66
5.89 11.86 15.47 11.06 12.6 9.06 6.67 7.48 6.66 10.31 9.78 10.94 9.87 8.62 8.1 7.85 7.19 12.03 20.3 9.72 6.68 3.66 4.1 8.12 12.88 14.74 13.84 7.03 5.26 8.3 10.47 7.77 7.49 7.21 4.21 3.23 3.53 5.47 6.04 5.27 4.11 5.21 7.04 6.96 6.85 6.97 10.61 9.34 6.36 8.79 7.1 6.93 13.88 10.5 11.45 7.1 5.91 11.85 11.36 11.18 9.21 6.61 6.25 4.77
6.46 8.58 12.78 8.77 10.91 8.54 6.81 6.85 9.21 12.01 9.31 9.92 10.92 15.53 9.99 10.39 9.1 13.25 18.08 7.73 6.21 3.51 7.3 10.97 18.61 11.14 9.59 10.31 8.76 11.33 6.01 9.27 5.89 8.45 2.82 2.98 3.06 3.46 3.91 3.82 3.7 5.86 6.71 5.64 8.77 8.83 12.23 10.47 9.18 6.13 11.51 9.25 9.74 8.8 7.76 5.96 6.3 7.42 7.69 10.31 7.48 7.64 6.07 4.71
5.25 5.95 7.01 6.03 9.57 7.42 7.09 7.44 10.34 8.9 5.77 8.25 11.91 17.06 10.4 10.41 7.51 8.67 5.42 9.06 5.86 7.67 7.96 10.78 14.79 5.92 7.06 8.64 11.04 7.22 8.44 4.09 5.04 8.83 8.57 4.62 3.83 4.21 4.23 5.29 4.09 5.21 6.79 7.95 7.47 19.95 13.3 14.06 9.91 6.49 6.26 7.52 5.32 5.0 7.02 9.28 7.62 10.45 9.89 12.75 7.33 7.33 9.3 4.59
5.43 3.71 7.82 12.68 6.71 10.59 10.9 10.18 6.55 6.45 6.06 8.81 10.45 11.96 18.33 13.25 11.45 7.65 6.23 6.16 5.66 8.27 9.5 11.45 11.05 5.43 5.51 6.92 8.86 7.64 10.28 11.23 6.08 7.37 8.98 7.14 4.67 4.73 5.9 6.04 7.59 9.36 4.29 6.14 9.01 10.24 12.8 9.01 4.63 4.89 3.44 3.96 2.6 4.28 5.43 6.75 5.91 3.91 5.78 14.81 10.48 6.98 9.47 7.33
5.44 3.74 8.74 7.95 12.6 8.05 8.0 8.88 9.73 6.75 5.71 6.91 8.37 12.9 16.24 10.55 4.59 8.28 3.6 3.7 4.99 7.64 10.91 10.92 4.97 4.53 9.15 7.88 9.49 8.02 10.39 8.83 7.0 8.54 6.82 10.26 6.89 6.61 9.22 7.07 8.78 8.27 6.49 5.32 5.82 7.54 10.38 7.87 4.23 4.95 4.51 2.98 2.27 3.44 5.08 5.03 4.48 8.98 6.0 12.03 9.95 9.65 6.0 4.56
4.08 5.66 9.17 9.25 12.4 9.56 13.48 10.17 8.31 8.15 5.23 5.37 6.89 10.39 7.49 5.25 5.69 5.98 3.95 5.33 5.71 9.22 7.53 6.19 6.39 7.49 13.11 10.29 7.42 9.19 9.24 9.08 11.27 9.13 10.19 10.02 10.2 10.92 9.72 6.03 8.67 9.45 5.52 9.19 4.51 8.31 9.39 9.61 7.94 8.58 6.14 2.6 2.81 4.17 6.17 4.61 9.45 9.12 12.57 9.74 13.5 10.33 5.51 5.82
4.05 6.98 6.1 9.98 11.42 11.51 10.85 11.01 8.58 7.63 9.46 7.69 5.52 6.41 5.94 3.98 6.71 6.07 5.13 4.95 5.28 8.13 4.86 5.78 8.51 10.5 10.2 11.77 7.2 7.85 6.46 8.8 17.83 8.0 4.88 9.39 12.76 6.81 5.45 6.8 10.21 5.8 4.92 4.79 4.9 6.34 8.46 11.76 8.77 12.24 6.12 3.75 2.99 6.99 4.59 6.47 7.32 10.78 15.35 16.65 15.98 8.04 9.83 5.06
4.88 6.06 5.9 6.49 9.49 8.45 10.95 12.15 9.9 8.98 5.93 8.29 8.76 6.06 5.77 6.59 7.26 4.05 5.27 6.68 4.55 6.31 4.68 8.13 8.17 9.34 7.95 7.11 7.59 5.86 6.1 6.44 8.85 8.43 6.67 9.5 16.62 11.27 7.96 6.92 5.4 4.82 4.99 6.0 6.49 6.17 9.57 9.71 12.96 13.95 7.16 6.94 5.77 8.12 5.32 5.22 7.98 12.2 20.11 15.69 8.76 5.44 9.66 6.64
4.24 4.79 6.24 6.62 9.92 8.61 10.9 12.94 6.89 4.99 6.67 9.91 11.25 10.55 6.31 9.07 5.95 3.39 4.71 5.65 6.14 6.21 6.91 9.29 10.09 7.44 5.92 6.99 6.39 7.2 5.34 5.02 5.82 6.98 8.85 10.81 18.38 10.02 9.77 9.48 7.15 4.67 8.2 6.26 5.56 7.85 14.33 11.5 20.02 21.05 9.87 8.94 8.35 7.0 5.56 8.02 6.2 10.38 11.21 10.38 7.52 7.0 8.5 8.02
5.21 4.71 6.58 5.36 13.13 7.84 13.84 9.38 12.56 9.05 8.42 7.5 7.92 12.61 7.28 9.93 6.57 4.1 7.25 6.86 5.87 9.4 17.61 15.17 10.15 8.88 7.8 5.75 7.17 9.24 6.55 6.2 5.2 9.95 10.0 8.34 7.75 8.58 11.27 6.83 5.76 7.56 7.08 7.57 7.02 8.22 15.3 12.67 13.61 12.91 14.45 8.84 6.94 9.77 6.3 5.56 7.25 7.7 9.56 7.19 10.1 4.78 9.58 6.07
6.31 7.6 7.71 11.29 8.42 11.01 9.95 6.14 6.85 6.64 6.96 3.31 8.04 7.57 9.68 10.21 4.78 5.88 3.79 6.27 8.91 11.71 10.23 12.85 13.63 11.91 6.51 7.09 8.28 13.86 9.51 6.3 8.19 8.51 7.86 5.23 4.82 6.98 10.9 7.32 7.32 6.51 6.27 8.24 8.53 6.73 8.92 10.14 17.09 14.4 9.32 9.08 9.86 7.83 4.37 6.86 8.27 8.95 10.47 7.21 12.25 7.23 5.4 7.02
7.84 11.36 5.46 8.25 9.65 7.17 8.4 5.59 6.66 6.69 6.83 4.24 6.18 9.41 7.92 8.55 4.85 5.84 5.83 8.27 12.96 15.79 13.44 9.27 11.31 12.16 9.74 8.16 15.59 13.94 10.09 11.08 12.74 14.37 8.42 6.55 6.5 6.32 8.2 7.78 9.6 10.06 5.49 6.86 5.82 5.29 8.12 16.47 15.13 19.13 8.36 7.69 6.67 5.19 8.26 14.99 7.06 11.22 8.74 8.51 11.11 6.58 5.9 3.85
8.62 9.02 7.93 6.71 11.02 6.25 5.83 6.54 8.12 8.16 9.72 5.01 4.94 5.35 8.64 7.8 5.07 10.18 7.82 11.7 14.49 14.19 13.91 15.27 9.44 9.97 9.34 12.51 7.83 6.34 10.74 16.39 23.9 11.93 6.52 6.63 6.26 6.64 8.4 8.26 4.91 7.15 5.19 5.07 5.88 7.96 9.29 9.17 17.39 10.25 5.36 5.88 7.28 5.93 10.06 16.8 11.66 8.22 6.03 8.15 7.41 6.18 5.01 7.61
8.26 8.02 5.17 8.69 8.74 7.36 7.26 5.26 5.26 7.06 7.02 7.06 7.1 4.27 6.84 6.58 7.83 5.09 8.33 11.56 8.91 16.94 13.92 13.38 12.53 10.62 9.62 10.15 7.58 8.9 10.52 18.96 18.2 8.98 6.79 12.91 10.65 6.42 9.5 6.99 9.39 5.22 7.87 6.62 7.16 12.28 8.63 13.39 10.32 14.16 7.28 9.74 7.87 13.97 14.53 12.32 12.63 9.11 5.29 5.64 6.42 4.85 5.51 5.42
5.82 5.55 7.01 7.59 7.99 12.0 7.91 9.04 8.14 5.96 7.91 5.02 7.9 6.71 7.93 6.96 7.09 5.62 6.8 10.97 9.09 11.29 19.09 11.14 7.37 6.4 9.21 11.87 6.53 8.72 8.94 14.28 11.38 12.26 8.38 12.17 11.97 6.28 6.28 6.77 9.69 10.6 7.53 7.93 5.18 9.25 10.35 7.9 7.88 11.85 10.07 15.09 13.48 11.71 23.46 12.24 10.41 9.44 8.09 5.03 4.04 5.01 5.37 4.93
5.91 9.47 7.0 9.51 9.24 11.89 7.42 9.28 10.67 12.76 11.02 8.9 9.98 8.46 7.16 7.05 8.13 7.76 7.24 7.86 11.32 13.1 14.95 8.61 7.76 9.67 7.67 8.32 4.74 5.94 5.79 8.62 9.31 9.76 10.14 12.37 12.01 7.3 6.79 4.8 8.12 10.69 7.52 5.3 5.36 8.71 7.31 6.38 9.66 9.89 10.77 14.61 12.82 23.25 17.25 9.72 10.12 14.49 8.35 7.31 6.1 8.23 6.7 5.74
7.44 5.48 10.84 7.85 9.88 11.64 8.92 13.6 12.5 9.92 7.19 10.2 6.31 6.29 6.69 11.54 9.7 6.98 7.06 5.43 11.45 17.79 13.91 5.91 7.01 6.02 7.3 7.46 3.87 6.08 5.41 5.74 7.01 5.76 9.32 12.44 11.0 7.41 4.15 5.33 9.85 7.81 6.85 5.47 7.97 7.17 4.48 6.16 13.51 11.85 15.67 27.39 14.92 13.94 8.1 8.33 9.22 11.22 13.26 10.21 8.0 7.06 5.52 6.35
10.37 6.58 9.08 9.38 13.07 11.26 9.02 11.53 16.14 8.61 8.02 10.63 7.7 7.02 6.0 9.46 10.52 7.08 4.66 7.59 13.08 14.81 15.5 7.82 7.91 5.51 9.15 9.03 7.23 4.45 2.78 7.03 9.82 4.98 7.41 8.62 4.99 5.19 4.09 5.36 11.59 8.69 4.72 6.77 13.57 8.28 8.42 8.35 12.59 11.64 17.09 19.16 16.07 13.05 7.02 5.63 9.42 13.47 18.81 10.74 5.63 6.6 7.37 8.1
7.11 8.4 10.42 7.64 10.15 8.85 8.03 10.27 13.64 10.27 14.62 14.81 13.74 7.16 6.11 6.27 7.79 6.66 6.14 7.38 14.52 11.66 12.0 12.58 7.08 5.65 7.18 11.0 4.93 3.97 5.14 6.97 6.32 5.58 9.29 4.15 3.88 3.46 4.59 6.23 7.92 5.84 4.59 5.92 7.9 9.05 9.08 11.69 12.77 9.95 7.61 8.02 13.22 10.15 8.63 5.21 7.46 10.14 16.43 6.01 4.98 6.97 7.98 5.46
5.08 5.99 10.39 12.03 5.96 4.32 6.96 10.26 6.39 9.24 11.75 9.01 14.34 12.97 8.82 9.07 9.66 10.01 7.21 6.41 7.01 10.22 10.55 8.81 8.83 6.01 6.76 8.98 12.28 8.23 8.41 7.04 6.45 6.73 10.41 4.79 6.1 6.92 5.81 9.25 7.99 9.85 5.18 8.35 9.95 11.0 11.92 11.53 10.76 6.63 6.92 8.17 10.04 7.64 7.71 5.5 6.2 8.1 8.18 6.26 6.12 6.93 8.89 9.76
7.03 8.11 9.76 10.85 8.63 8.45 6.46 6.42 7.33 7.98 12.29 16.0 18.87 22.02 12.94 8.87 9.6 8.59 7.26 10.81 8.48 5.6 5.57 9.31 9.07 8.06 6.69 7.81 8.93 9.14 7.8 5.57 7.24 10.92 10.74 7.22 6.28 5.65 6.01 7.36 10.2 8.74 6.58 8.87 9.42 11.77 8.9 12.25 8.48 9.44 7.19 4.67 6.25 7.6 8.74 5.49 7.96 5.2 7.79 3.72 4.59 8.16 8.34 8.63
8.38 6.25 14.08 15.67 16.03 9.73 5.49 6.26 5.28 9.53 11.68 23.39 23.72 18.01 13.57 10.02 10.61 9.9 5.85 9.61 7.22 6.09 5.31 6.36 8.87 9.54 6.74 7.59 9.76 9.3 6.67 4.65 6.2 9.55 13.2 8.19 8.02 5.02 6.41 7.37 8.82 7.27 4.95 5.17 6.65 10.18 15.09 17.1 12.45 10.13 5.67 7.27 8.02 8.34 6.57 6.15 8.43 5.62 5.65 5.98 10.45 4.91 5.28 9.39
7.54 7.15 9.64 16.96 14.04 8.44 5.2 5.27 7.61 10.83 11.05 19.54 25.16 11.23 16.26 7.75 7.53 5.45 7.67 4.33 4.84 6.86 8.15 8.38 9.43 13.86 7.88 14.53 11.3 9.37 7.09 4.53 7.91 11.07 7.35 9.77 12.39 6.83 5.5 6.25 9.36 7.76 5.83 6.22 5.39 8.21 18.61 18.96 6.26 7.84 5.12 12.15 10.38 7.77 8.61 6.6 8.04 5.46 8.56 6.96 10.93 5.37 4.97 4.27
7.51 5.62 11.19 13.13 14.39 10.57 7.16 4.08 5.26 12.17 10.73 17.0 13.4 12.88 12.5 5.76 5.43 4.2 5.03 5.68 4.26 6.47 6.88 7.32 7.79 8.41 12.71 16.96 11.09 10.16 8.44 5.65 8.23 8.66 11.18 16.3 9.66 8.17 8.16 7.18 6.66 10.4 6.74 6.12 8.35 5.67 10.36 17.62 9.61 7.35 5.86 8.22 10.87 12.75 8.57 8.37 12.49 8.76 8.88 7.72 8.22 6.19 4.69 5.97
6.16 7.54 10.57 16.61 9.61 8.67 5.63 3.98 8.61 7.03 9.72 17.6 7.59 13.22 9.73 7.03 5.03 4.88 3.61 3.05 4.01 6.06 4.95 4.93 10.02 6.34 12.43 11.49 10.94 9.87 11.21 6.25 9.32 16.04 9.29 11.14 6.54 8.82 8.42 8.11 8.32 6.33 7.06 7.11 6.07 7.22 9.11 12.39 6.65 5.8 2.98 8.15 10.82 9.48 6.26 5.84 8.08 6.49 8.37 10.06 6.66 8.82 3.66 4.87
8.96 7.77 9.88 7.87 6.56 4.28 7.43 5.35 9.54 7.08 10.13 6.37 5.24 13.88 8.12 7.45 8.46 5.13 4.4 6.37 3.62 6.12 5.08 5.16 5.67 6.88 8.91 16.46 13.72 13.89 15.95 11.47 12.3 16.26 16.07 9.23 7.66 6.69 11.96 8.3 10.82 11.17 8.23 7.18 6.06 7.47 7.3 7.7 4.54 6.36 4.87 7.83 9.04 10.37 8.12 6.41 6.68 6.27 6.63 6.28 6.21 4.72 5.83 4.67
16.97 16.92 18.34 9.36 4.73 5.41 4.96 6.49 6.2 4.71 5.58 5.2 7.57 15.79 9.11 11.17 16.86 9.54 5.55 3.65 5.5 3.65 3.86 4.57 4.77 10.04 10.52 13.3 17.18 11.79 15.05 8.8 11.81 15.09 16.9 15.65 8.71 3.65 5.56 9.26 11.08 11.94 9.96 7.32 5.44 5.2 8.16 5.96 6.56 6.28 5.75 5.41 6.54 11.59 6.45 7.89 9.74 7.99 6.02 6.92 8.36 5.29 3.84 4.24
15.7 15.3 15.1 8.51 4.71 2.86 4.24 4.13 6.06 3.09 4.45 5.6 12.24 9.06 9.4 9.2 12.25 7.44 6.23 5.85 4.13 3.76 4.0 4.91 6.05 10.03 10.73 9.57 8.0 10.92 11.37 7.36 19.97 15.45 17.83 7.98 4.83 4.01 5.98 8.37 12.85 10.47 11.62 8.3 4.08 7.09 4.74 7.8 5.2 4.93 6.49 4.49 8.01 7.93 11.73 12.41 11.66 7.05 9.21 7.33 7.91 7.54 4.84 5.74
17.71 13.05 8.54 7.88 3.84 3.24 3.37 3.06 5.22 2.58 5.0 6.34 7.28 12.61 7.96 12.2 7.99 9.28 10.62 7.86 5.35 5.94 7.4 5.65 7.32 5.93 7.55 7.97 8.94 10.1 9.28 10.15 10.78 10.84 17.48 9.65 8.48 4.79 8.39 7.26 7.17 7.48 11.26 9.38 5.65 6.46 4.04 6.55 5.58 8.11 4.75 3.08 7.62 7.62 9.49 11.47 11.6 7.69 6.84 6.86 6.78 4.2 5.82 4.52
9.69 14.49 8.14 9.31 6.67 4.16 3.37 3.88 3.26 3.23 4.17 6.71 12.72 8.88 8.09 9.96 8.65 9.53 9.5 7.42 9.3 8.23 10.22 5.82 3.48 7.87 5.98 7.49 7.78 11.93 8.33 8.58 7.9 8.43 12.33 11.14 8.16 5.14 13.08 5.54 6.06 7.6 12.31 6.8 11.32 8.12 6.66 10.46 6.21 7.8 6.33 5.38 4.42 6.58 11.53 11.16 14.48 9.78 6.46 8.29 5.97 3.33 4.07 3.42
8.12 7.27 7.28 8.8 6.63 7.83 5.85 4.88 3.51 3.72 4.21 6.99 6.88 5.64 7.04 9.74 8.2 8.82 14.62 9.29 11.54 7.84 5.47 6.69 6.18 5.1 4.37 9.26 9.69 8.92 7.17 9.2 9.56 9.2 11.0 9.7 10.54 8.95 9.16 6.12 5.46 5.16 7.17 6.01 11.87 10.5 8.76 7.31 9.06 9.96 5.82 5.71 6.16 6.76 9.88 13.61 9.4 5.74 8.21 7.43 5.46 3.39 5.3 3.96
8.47 8.08 6.81 6.67 7.72 6.17 5.27 4.0 5.13 5.38 7.96 5.0 4.67 6.67 7.52 8.0 9.02 7.11 8.56 6.28 9.28 7.05 7.88 7.23 6.92 8.04 3.59 6.99 10.13 8.96 7.51 11.28 12.57 8.36 12.49 16.27 12.45 11.33 6.76 5.21 4.29 4.32 6.15 7.79 9.57 9.4 12.54 8.09 8.63 7.69 9.56 5.56 5.93 4.4 11.67 7.95 6.69 8.09 9.14 8.39 4.14 5.62 5.46 6.2
7.02 10.03 11.5 10.25 11.43 5.35 7.46 5.59 5.44 5.39 5.67 7.88 4.58 5.04 6.38 9.9 8.66 6.55 8.29 6.95 6.23 5.14 5.11 5.79 6.02 6.56 6.46 7.67 6.63 8.08 9.06 5.82 11.72 9.03 10.32 11.03 11.31 8.22 5.45 5.55 5.99 6.96 6.77 6.64 5.33 7.62 8.09 8.57 6.94 6.52 10.11 10.26 4.88 2.95 5.65 8.84 6.54 7.3 5.76 4.67 4.25 5.2 5.66 7.44
13.56 13.66 12.89 10.81 8.59 7.81 5.22 6.12 3.1 4.85 5.34 4.55 5.26 4.49 5.32 8.72 11.47 8.57 11.45 7.8 5.53 4.66 6.27 7.01 8.77 7.2 6.12 5.36 4.37 7.56 8.1 9.76 7.48 10.84 6.06 9.67 7.11 6.68 4.63 5.93 6.25 7.98 7.62 5.26 10.07 7.01 7.85 8.45 7.34 7.81 4.88 5.89 4.74 4.66 7.46 8.54 6.87 8.53 4.87 3.52 4.35 4.85 5.0 5.85
9.79 10.58 13.99 9.41 8.34 5.88 4.89 5.26 5.91 5.36 5.48 5.6 5.74 5.6 5.45 8.43 9.9 12.07 9.54 10.05 6.63 12.8 8.34 8.92 9.09 8.73 4.5 6.04 5.45 6.41 11.78 9.33 6.07 5.6 8.3 5.6 6.36 5.24 5.92 7.61 7.16 9.41 5.72 6.13 5.55 7.55 8.35 10.34 8.53 5.35 4.88 4.68 8.57 8.3 7.19 9.67 9.89 6.01 4.61 3.92 3.04 6.38 3.58 4.72
6.25 6.64 8.9 8.26 6.67 8.94 6.62 7.98 6.05 4.29 4.67 6.29 6.57 8.08 8.75 5.84 9.65 9.46 16.21 7.58 8.27 9.56 8.75 5.61 8.06 6.7 4.3 6.38 6.74 7.66 5.46 5.28 5.25 4.14 6.18 4.93 8.27 6.48 6.12 12.68 5.82 8.97 6.03 4.96 3.88 6.95 4.94 12.54 15.34 4.57 7.54 6.3 5.37 7.77 9.54 9.59 12.48 9.7 5.41 3.71 6.34 5.6 6.66 6.01
4.01 5.1 8.06 4.49 6.56 9.01 8.91 5.07 6.67 5.42 9.73 12.09 8.54 6.26 8.99 5.97 9.13 17.64 18.04 7.63 6.36 7.5 8.04 7.36 5.62 6.45 6.53 6.5 6.54 4.51 7.05 7.08 3.92 4.91 5.54 5.23 7.1 4.62 6.92 11.53 8.32 4.94 4.63 5.14 6.71 7.64 10.4 11.8 10.03 4.45 3.77 3.94 4.54 7.8 13.09 8.15 8.64 11.13 5.21 6.68 5.03 6.34 9.72 6.26
5.54 4.61 5.33 5.36 5.31 8.81 6.23 11.52 4.26 6.4 6.75 11.57 10.01 8.59 10.64 6.37 10.74 19.98 11.26 8.59 8.74 4.97 8.44 5.45 6.66 7.51 9.99 4.52 9.4 5.1 5.32 6.38 4.7 6.73 6.77 5.27 5.42 5.94 7.43 6.38 9.57 5.97 4.4 6.76 8.15 9.6 10.68 17.38 9.28 5.09 4.82 5.14 5.93 9.38 6.72 6.13 9.26 8.95 7.24 5.46 8.57 5.78 9.26 10.17
6.42 5.18 5.25 3.95 5.58 8.21 6.23 8.89 5.68 7.15 5.12 8.05 8.61 6.39 10.03 5.59 10.55 10.91 11.83 10.64 9.08 6.26 5.79 6.52 5.16 4.87 7.44 6.69 6.38 5.33 5.51 6.01 4.2 9.27 7.3 4.47 3.86 6.08 4.76 4.79 7.13 4.69 9.54 8.19 8.84 7.51 10.2 9.63 7.75 5.97 6.0 6.95 9.82 10.39 13.52 8.4 6.73 8.97 4.67 4.37 5.44 7.55 9.27 9.56
6.06 3.54 4.83 4.77 5.75 4.04 5.5 6.27 4.46 9.72 7.39 8.89 5.69 7.02 6.6 4.79 11.93 11.87 10.22 15.45 10.49 9.23 5.56 5.63 5.13 4.97 8.26 5.38 4.05 3.39 7.68 6.0 7.17 6.89 7.93 5.14 3.45 3.88 5.64 4.75 4.07 6.58 4.92 7.05 5.45 9.52 9.93 5.94 8.31 5.63 8.88 5.33 12.16 11.12 17.72 14.04 9.54 7.72 4.19 5.04 10.28 8.4 6.98 10.8
5.06 4.93 4.88 4.33 5.49 3.94 5.62 5.98 5.71 7.64 8.1 11.15 6.13 6.57 9.63 7.42 10.59 8.29 13.56 17.2 16.3 10.05 7.61 6.43 7.84 7.39 6.91 4.45 5.71 4.17 5.39 5.49 6.05 8.87 5.68 5.74 6.57 6.51 5.23 4.12 3.81 4.94 6.04 9.2 12.22 6.84 8.92 6.17 4.73 6.21 7.92 6.86 11.56 7.05 11.97 12.16 16.33 8.76 5.07 6.58 5.82 5.77 7.33 8.21
5.93 5.65 5.84 3.98 5.66 5.2 6.57 4.27 4.31 8.04 9.03 10.43 5.56 7.34 5.91 9.49 7.9 8.35 11.99 20.08 9.66 6.58 7.38 8.07 8.94 6.9 9.06 4.99 6.67 3.76 5.82 4.02 3.97 6.53 5.56 8.68 7.75 5.53 5.32 4.69 5.64 6.73 8.67 13.07 8.35 6.12 5.69 4.78 5.47 6.0 8.42 10.13 9.35 12.11 14.86 10.06 7.18 5.49 6.12 3.91 5.84 4.49 5.9 10.96
7.26 8.48 8.77 7.83 3.64 5.48 3.62 4.15 4.91 7.69 8.55 11.95 7.89 8.89 6.13 6.65 9.78 7.75 12.9 12.52 6.42 7.6 6.0 9.51 10.78 13.77 8.52 7.84 4.64 4.03 5.64 3.58 4.34 6.61 7.63 7.54 10.69 8.6 4.04 6.57 6.78 6.67 8.28 8.77 6.17 4.83 4.68 4.48 4.62 8.21 8.33 4.98 5.66 8.62 12.65 11.57 9.4 6.01 9.92 4.93 5.48 6.39 6.25 8.04
8.71 8.48 11.65 4.48 3.93 4.36 4.94 4.42 5.36 6.67 9.36 12.36 6.3 6.53 5.08 7.28 9.09 10.51 6.96 9.33 6.77 5.75 6.64 15.69 9.16 14.91 8.01 5.96 6.31 4.83 8.16 4.57 5.71 8.06 8.51 10.23 12.6 11.02 6.55 5.62 5.82 8.35 7.41 8.92 5.41 4.33 2.34 3.0 3.72 6.47 6.64 5.55 4.95 8.13 8.85 12.47 8.58 6.91 10.09 8.86 7.5 5.58 9.15 8.0
9.41 8.31 6.15 6.04 4.65 4.73 4.66 3.08 5.14 4.86 6.57 8.2 9.92 5.52 5.59 5.62 7.77 9.85 4.86 7.46 9.35 8.77 7.37 6.1 8.19 9.47 7.63 8.05 8.54 5.48 4.94 7.59 8.08 10.15 8.48 10.36 11.59 10.28 6.09 8.95 6.57 6.23 5.1 5.21 3.05 4.46 3.47 3.44 3.78 7.72 6.68 2.42 5.8 5.36 10.25 9.41 6.95 6.99 7.08 9.77 9.94 8.62 11.9 12.52
9.92 7.6 5.47 8.32 7.93 6.74 4.34 3.58 3.91 3.19 4.43 5.95 8.64 8.44 4.76 6.7 9.01 7.4 5.53 7.32 8.2 5.88 11.59 8.05 4.9 8.54 12.1 7.94 8.25 5.7 4.25 8.53 6.59 8.78 5.93 4.24 8.56 8.14 13.51 7.3 6.69 4.68 6.0 3.39 3.05 3.42 4.69 7.45 5.19 7.06 4.11 5.14 5.33 6.58 7.89 14.37 5.2 6.93 5.73 8.81 13.2 14.29 16.86 11.15
11.66 5.86 8.55 9.99 7.38 8.95 5.37 3.33 2.27 5.38 4.11 5.41 6.51 6.66 10.12 8.74 8.53 10.26 6.16 5.66 10.55 10.87 12.16 7.6 6.86 6.47 12.57 7.95 9.75 6.76 8.68 8.8 8.01 5.15 3.9 4.81 5.55 14.84 14.26 11.54 4.69 4.92 3.83 4.51 3.66 3.96 5.68 7.64 11.57 7.26 4.55 5.29 8.99 8.42 8.82 10.9 4.93 4.67 5.33 8.72 12.12 10.12 9.47 7.43
10.45 6.09 7.13 7.54 6.58 6.36 4.15 3.18 4.2 5.76 4.64 2.66 7.24 8.97 13.1 7.85 7.37 9.18 6.01 5.75 8.35 18.84 10.27 7.23 3.84 10.3 11.36 9.87 8.62 7.72 8.4 8.16 8.61 4.96 3.41 4.63 6.34 7.64 17.4 10.31 5.36 5.13 5.13 5.32 5.8 4.74 6.85 7.05 7.51 6.85 4.48 5.98 7.89 6.94 19.19 10.15 5.68 10.19 6.13 6.59 6.02 11.18 6.28 11.63
4.64 6.02 8.12 6.98 11.35 4.94 4.47 4.01 5.64 6.52 4.26 3.75 7.64 9.88 12.7 11.38 5.71 10.71 7.34 6.81 9.09 7.62 14.49 6.53 9.04 11.54 10.33 8.08 8.3 7.35 7.84 6.89 7.26 6.97 3.91 4.03 5.84 9.28 18.68 9.58 7.43 8.43 5.24 7.58 4.32 4.48 5.31 6.72 9.0 6.89 5.65 7.65 13.95 6.76 8.02 12.02 9.75 8.57 4.31 7.86 8.46 11.76 10.67 9.44
