x y z_datum Time Well_no H2O H O Charge Al C Ca Cl Fe K Mg Na S Si U pH pe Alkalinity
2.6764000E+02 2.7427000E+02 8.6700000E+00 0.0000000E+00 9 9.9704301E-01 7.2098600E-06 6.6484776E-04 -3.2324431E-06 0.0000000E+00 1.0067647E-04 6.3262499E-05 4.3211171E-04 0.0000000E+00 2.8240956E-04 5.5605061E-05 2.2967748E-04 1.4127542E-04 0.0000000E+00 0.0000000E+00 7.0300000E+00 -2.2001569E+00 7.1999443E-03
2.6764000E+02 2.7427000E+02 8.6700000E+00 5.0000000E+00 9 5.5324974E+01 2.2056377E-02 6.7539340E-02 -2.9791321E-03 0.0000000E+00 7.0116344E-03 1.3204270E-03 1.0195702E-02 0.0000000E+00 6.0422070E-03 1.9137834E-03 8.3571328E-03 1.1859311E-02 0.0000000E+00 0.0000000E+00 3.5398927E+00 1.6849369E+01 -4.7081791E-04
2.6764000E+02 2.7427000E+02 8.6700000E+00 1.0000000E+01 9 5.5304912E+01 3.7926183E-02 1.1244942E-01 -2.6799348E-03 1.1126610E-03 7.4379947E-03 3.0605296E-03 7.8421548E-03 4.2443803E-05 5.1985091E-03 1.4720110E-03 6.9832453E-03 2.0668234E-02 3.3266109E-03 5.7548680E-06 2.3222173E+00 1.8142408E+01 -9.0107277E-03
2.6764000E+02 2.7427000E+02 8.6700000E+00 1.5000000E+01 9 5.5283398E+01 6.1070887E-02 1.5865027E-01 -2.4345129E-03 2.5924095E-03 7.6982162E-03 4.3983710E-03 5.9116169E-03 1.0776339E-04 4.7952728E-03 1.1096396E-03 6.1302467E-03 2.7894716E-02 7.7466960E-03 1.3854987E-05 2.1209794E+00 1.8378616E+01 -1.5263130E-02
2.6764000E+02 2.7427000E+02 8.6700000E+00 2.0000000E+01 9 5.5265806E+01 8.1376481E-02 1.9682944E-01 -2.2507837E-03 3.9690564E-03 7.8706203E-03 5.3775098E-03 4.4663654E-03 1.7331864E-04 4.6311232E-03 8.3835875E-04 5.6205952E-03 3.3305065E-02 1.1857883E-02 2.1735916E-05 2.0384869E+00 1.8480365E+01 -1.9246745E-02
2.6764000E+02 2.7427000E+02 8.6700000E+00 2.5000000E+01 9 5.5252536E+01 9.7235827E-02 2.2587216E-01 -2.1188417E-03 5.0740250E-03 8.0103471E-03 6.0965795E-03 3.4284824E-03 2.2768134E-04 4.5737982E-03 6.4354301E-04 5.3092859E-03 3.7190771E-02 1.5157134E-02 2.8318146E-05 1.9979607E+00 1.8532145E+01 -2.1733638E-02
2.6764000E+02 2.7427000E+02 8.6700000E+00 3.0000000E+01 9 5.5242997E+01 1.0878802E-01 2.4705619E-01 -2.0258696E-03 5.9068972E-03 8.1400596E-03 6.6345222E-03 2.6971449E-03 2.6893610E-04 4.5616806E-03 5.0626736E-04 5.1153718E-03 3.9929058E-02 1.7643649E-02 3.3424172E-05 1.9767578E+00 1.8560178E+01 -2.3265620E-02
2.6764000E+02 2.7427000E+02 8.6700000E+00 3.5000000E+01 9 5.5236236E+01 1.1702872E-01 2.6230014E-01 -1.9606060E-03 6.5167827E-03 8.2663821E-03 7.0474102E-03 2.1837677E-03 2.9839426E-04 4.5662498E-03 4.0990394E-04 4.9911678E-03 4.1851430E-02 1.9464325E-02 3.7232175E-05 1.9654487E+00 1.8575751E+01 -2.4202873E-02
2.6764000E+02 2.7427000E+02 8.6700000E+00 4.0000000E+01 9 5.5231441E+01 1.2288104E-01 2.7328475E-01 -1.9144056E-03 6.9589878E-03 8.3894503E-03 7.3733392E-03 1.8203458E-03 3.1900293E-04 4.5748100E-03 3.4168785E-04 4.9082978E-03 4.3212413E-02 2.0784407E-02 4.0018346E-05 1.9593542E+00 1.8584579E+01 -2.4778743E-02
2.6764000E+02 2.7427000E+02 8.6700000E+00 4.5000000E+01 9 5.5227999E+01 1.2706880E-01 2.8129874E-01 -1.8810992E-03 7.2807282E-03 8.5075416E-03 7.6376753E-03 1.5583508E-03 3.3322177E-04 4.5823706E-03 2.9251010E-04 4.8501098E-03 4.4193656E-02 2.1744899E-02 4.2047574E-05 1.9560920E+00 1.8589643E+01 -2.5137444E-02
2.6764000E+02 2.7427000E+02 8.6700000E+00 5.0000000E+01 9 5.5225480E+01 1.3011492E-01 2.8726442E-01 -1.8564781E-03 7.5179108E-03 8.6189885E-03 7.8572308E-03 1.3646760E-03 3.4311826E-04 4.5874728E-03 2.5615639E-04 4.8069523E-03 4.4919094E-02 2.2453000E-02 4.3535144E-05 1.9543327E+00 1.8592626E+01 -2.5367060E-02
2.6764000E+02 2.7427000E+02 8.6700000E+00 5.5000000E+01 9 5.5223589E+01 1.3238059E-01 2.9181600E-01 -1.8377476E-03 7.6961937E-03 8.7227547E-03 8.0432404E-03 1.2173384E-03 3.5014039E-04 4.5901058E-03 2.2850041E-04 4.7732538E-03 4.5471026E-02 2.2985297E-02 4.4641664E-05 1.9534428E+00 1.8594373E+01 -2.5518589E-02
2.6764000E+02 2.7427000E+02 8.6700000E+00 6.0000000E+01 9 5.5222131E+01 1.3410868E-01 2.9538018E-01 -1.8230769E-03 7.8332802E-03 8.8184494E-03 8.2033527E-03 1.1019353E-03 3.5531395E-04 4.5907353E-03 2.0683868E-04 4.7457745E-03 4.5903373E-02 2.3394628E-02 4.5481158E-05 1.9531067E+00 1.8595328E+01 -2.5621670E-02
2.6764000E+02 2.7427000E+02 8.6700000E+00 6.5000000E+01 9 5.5220977E+01 1.3546061E-01 2.9824178E-01 -1.8112687E-03 7.9411748E-03 8.9061632E-03 8.3429149E-03 1.0090498E-03 3.5932381E-04 4.5898941E-03 1.8940362E-04 4.7225930E-03 4.6251396E-02 2.3716819E-02 4.6132328E-05 1.9529010E+00 1.8595991E+01 -2.5697660E-02
2.6764000E+02 2.7427000E+02 8.6700000E+00 6.6000000E+01 9 5.5214685E+01 1.4789968E-01 3.2761318E-01 -1.8090130E-03 1.0052856E-02 1.0895680E-02 1.0342336E-02 9.9130531E-04 4.4639475E-04 5.6392171E-03 1.8607288E-04 5.7461715E-03 4.6323748E-02 3.0024420E-02 5.6711062E-05 1.9482506E+00 1.8596963E+01 -2.5938435E-02
2.6764000E+02 2.7427000E+02 8.6700000E+00 6.7000000E+01 9 5.5214701E+01 1.4769303E-01 3.2713601E-01 -1.8068553E-03 9.9979658E-03 1.0857387E-02 1.0313518E-02 9.7433173E-04 4.3627222E-04 5.6017682E-03 1.8288686E-04 5.7050294E-03 4.6388039E-02 2.9860287E-02 5.7526331E-05 1.9404420E+00 1.8603722E+01 -2.6355806E-02
2.6764000E+02 2.7427000E+02 8.6700000E+00 7.2000000E+01 9 5.5216330E+01 1.3681960E-01 3.0151612E-01 -1.7593812E-03 7.8230600E-03 8.8538526E-03 8.3494487E-03 9.0363101E-04 3.4624384E-04 4.4673050E-03 1.6961598E-04 4.5790306E-03 4.7314700E-02 2.3364137E-02 4.6009273E-05 1.9150848E+00 1.8740985E+01 -2.8042045E-02
2.6764000E+02 2.7427000E+02 8.6700000E+00 7.7000000E+01 9 5.5210628E+01 1.3987521E-01 3.0815754E-01 -1.7082526E-03 7.9867321E-03 8.9336134E-03 8.4626934E-03 8.4364511E-04 3.7066983E-04 4.5154643E-03 1.5835634E-04 4.6084158E-03 4.8300908E-02 2.3852314E-02 5.2510319E-05 1.9016803E+00 1.8810764E+01 -2.9071419E-02
2.6764000E+02 2.7427000E+02 8.6700000E+00 8.2000000E+01 9 5.5205656E+01 1.4284607E-01 3.1449567E-01 -1.6654134E-03 8.1828235E-03 9.0294004E-03 8.5873188E-03 7.9198175E-04 3.9272920E-04 4.5851981E-03 1.4865887E-04 4.6601141E-03 4.9133405E-02 2.4437179E-02 6.1648235E-05 1.8946771E+00 1.8848419E+01 -2.9691785E-02
2.6764000E+02 2.7427000E+02 8.6700000E+00 8.7000000E+01 9 5.5201767E+01 1.4530913E-01 3.1972898E-01 -1.6323621E-03 8.3579192E-03 9.1198444E-03 8.7029067E-03 7.4693670E-04 4.1011759E-04 4.6480420E-03 1.4020369E-04 4.7072537E-03 4.9785899E-02 2.4959458E-02 7.0412811E-05 1.8908931E+00 1.8870192E+01 -3.0076639E-02
2.6764000E+02 2.7427000E+02 8.6700000E+00 9.1000000E+01 9 5.5197849E+01 1.4985423E-01 3.2993040E-01 -1.6115051E-03 8.9729522E-03 9.6181889E-03 9.2193778E-03 7.1446330E-04 4.4607278E-04 4.9395175E-03 1.3410827E-04 4.9805305E-03 5.0209192E-02 2.6795706E-02 8.1823599E-05 1.8804600E+00 1.8889746E+01 -3.0792554E-02
2.6764000E+02 2.7427000E+02 8.6700000E+00 9.2000000E+01 9 5.5192540E+01 1.5974046E-01 3.5282922E-01 -1.6066257E-03 1.0612272E-02 1.1086191E-02 1.0691792E-02 7.0655780E-04 5.2345489E-04 5.7594591E-03 1.3262437E-04 5.7777627E-03 5.0320446E-02 3.1691699E-02 9.8808719E-05 1.8743875E+00 1.8896843E+01 -3.1160806E-02
2.6764000E+02 2.7427000E+02 8.6700000E+00 9.7000000E+01 9 5.5191740E+01 1.4867372E-01 3.2823301E-01 -2.2174854E-03 8.3833658E-03 9.1126076E-03 8.7378199E-03 6.7142578E-04 4.1354167E-04 4.6173694E-03 1.2602992E-04 4.6562310E-03 5.1680454E-02 2.5034768E-02 8.2219742E-05 1.8567329E+00 1.8931143E+01 -3.2782417E-02
2.6764000E+02 2.7427000E+02 8.6700000E+00 1.0200000E+02 9 5.5183517E+01 1.5198841E-01 3.3655866E-01 -2.9148672E-03 8.5625273E-03 9.1882952E-03 8.8310643E-03 6.3997307E-04 4.3994233E-04 4.6908384E-03 1.2012609E-04 4.7158872E-03 5.3103320E-02 2.5569005E-02 8.7491338E-05 1.8462673E+00 1.8953994E+01 -3.3918607E-02
2.6764000E+02 2.7427000E+02 8.6700000E+00 1.0700000E+02 9 5.5176628E+01 1.5501217E-01 3.4396640E-01 -3.4972586E-03 8.7530256E-03 9.2723303E-03 8.9309181E-03 6.1163405E-04 4.6108455E-04 4.7719724E-03 1.1480672E-04 4.7835200E-03 5.4278256E-02 2.6137068E-02 9.3247742E-05 1.8402948E+00 1.8968580E+01 -3.4672852E-02
2.6764000E+02 2.7427000E+02 8.6700000E+00 1.1200000E+02 9 5.5171357E+01 1.5744958E-01 3.4986540E-01 -3.9356677E-03 8.9169364E-03 9.3490406E-03 9.0219628E-03 5.8595425E-04 4.7711935E-04 4.8409957E-03 1.0998649E-04 4.8406885E-03 5.5176890E-02 2.6625883E-02 9.8293741E-05 1.8369603E+00 1.8977765E+01 -3.5169580E-02
2.6764000E+02 2.7427000E+02 8.6700000E+00 1.1700000E+02 9 5.5167465E+01 1.5932640E-01 3.5437625E-01 -4.2507563E-03 9.0481523E-03 9.4154777E-03 9.1014567E-03 5.6256327E-04 4.8902201E-04 4.8945627E-03 1.0559589E-04 4.8841565E-03 5.5845043E-02 2.7017226E-02 1.0239296E-04 1.8349838E+00 1.8983714E+01 -3.5500946E-02
2.6764000E+02 2.7427000E+02 8.6700000E+00 1.2200000E+02 9 5.5164626E+01 1.6075104E-01 3.5778685E-01 -4.4723089E-03 9.1504647E-03 9.4723957E-03 9.1703243E-03 5.4115576E-04 4.9775972E-04 4.9344467E-03 1.0157760E-04 4.9154715E-03 5.6339157E-02 2.7322390E-02 1.0560995E-04 1.8338042E+00 1.8987616E+01 -3.5724559E-02
2.6764000E+02 2.7427000E+02 8.6700000E+00 1.2400000E+02 9 5.5158562E+01 1.7144966E-01 3.8204756E-01 -4.5478876E-03 1.0887084E-02 1.0905072E-02 1.0607613E-02 5.3289207E-04 5.9743344E-04 5.8062821E-03 1.0002646E-04 5.7563701E-03 5.6529055E-02 3.2507814E-02 1.2610002E-04 1.8238764E+00 1.8997538E+01 -3.6401507E-02
2.6764000E+02 2.7427000E+02 8.6700000E+00 1.2500000E+02 9 5.5156691E+01 1.7452252E-01 3.8915482E-01 -4.5826533E-03 1.1379648E-02 1.1351128E-02 1.1055935E-02 5.2883288E-04 6.1061957E-04 6.0518842E-03 9.9264533E-05 5.9942582E-03 5.6616380E-02 3.3978821E-02 1.3309031E-04 1.8171492E+00 1.9004297E+01 -3.6895610E-02
2.6764000E+02 2.7427000E+02 8.6700000E+00 1.3000000E+02 9 5.5162273E+01 1.6088800E-01 3.5865780E-01 -4.7012409E-03 9.0407485E-03 9.4155901E-03 9.1299772E-03 5.1167054E-04 4.8191618E-04 4.8620051E-03 9.6043077E-05 4.8372493E-03 5.6887654E-02 2.6994612E-02 1.0816056E-04 1.8189367E+00 1.9005284E+01 -3.6972739E-02
2.6764000E+02 2.7427000E+02 8.6700000E+00 1.3100000E+02 9 5.5154869E+01 1.7530475E-01 3.9123076E-01 -4.7230716E-03 1.1426347E-02 1.1381519E-02 1.1097779E-02 5.0831401E-04 6.3478370E-04 6.0640631E-03 9.5413039E-05 5.9993722E-03 5.6962778E-02 3.4118051E-02 1.3308323E-04 1.8152086E+00 1.9008326E+01 -3.7170783E-02
2.6764000E+02 2.7427000E+02 8.6700000E+00 1.3200000E+02 9 5.5154723E+01 1.7518161E-01 3.9091360E-01 -4.7432299E-03 1.1386261E-02 1.1352794E-02 1.1070892E-02 5.0502150E-04 6.1619610E-04 6.0422730E-03 9.4795020E-05 5.9765907E-03 5.7017251E-02 3.3998120E-02 1.3528847E-04 1.8110029E+00 1.9012470E+01 -3.7478043E-02
2.6764000E+02 2.7427000E+02 8.6700000E+00 1.3700000E+02 9 5.5152764E+01 1.6327620E-01 3.6582426E-01 -6.1771655E-03 9.0527879E-03 9.4304683E-03 9.1568835E-03 4.9012261E-04 4.8634704E-04 4.8561465E-03 9.1998425E-05 4.8244676E-03 5.8797006E-02 2.7030222E-02 1.0960634E-04 1.8003367E+00 1.9004285E+01 -3.9019458E-02
2.6764000E+02 2.7427000E+02 8.6700000E+00 1.4200000E+02 9 5.5142065E+01 1.6713453E-01 3.7603816E-01 -7.7964158E-03 9.2820371E-03 9.5548073E-03 9.2888770E-03 4.7640967E-04 5.1567238E-04 4.9655797E-03 8.9424437E-05 4.9229471E-03 6.0796480E-02 2.7714021E-02 1.0836877E-04 1.7943349E+00 1.8981453E+01 -4.0163688E-02
2.6764000E+02 2.7427000E+02 8.6700000E+00 1.4700000E+02 9 5.5132900E+01 1.7067603E-01 3.8516950E-01 -9.1619605E-03 9.5145292E-03 9.6816247E-03 9.4228401E-03 4.6360828E-04 5.3515061E-04 5.0772326E-03 8.7021554E-05 5.0237022E-03 6.2483580E-02 2.8407479E-02 1.0534580E-04 1.7912588E+00 1.8952788E+01 -4.0964592E-02
2.6764000E+02 2.7427000E+02 8.6700000E+00 1.5200000E+02 9 5.5125809E+01 1.7350395E-01 3.9239356E-01 -1.0205390E-02 9.7071506E-03 9.7908310E-03 9.5387788E-03 4.5154720E-04 5.4785098E-04 5.1688431E-03 8.4757630E-05 5.1060319E-03 6.3781267E-02 2.8982040E-02 1.0056573E-04 1.7895326E+00 1.8923048E+01 -4.1525431E-02
2.6764000E+02 2.7427000E+02 8.6700000E+00 1.5700000E+02 9 5.5120549E+01 1.7564755E-01 3.9784784E-01 -1.0968773E-02 9.8560761E-03 9.8799555E-03 9.6342815E-03 4.4012078E-04 5.5595171E-04 5.2384017E-03 8.2612835E-05 5.1679992E-03 6.4742107E-02 2.9426284E-02 9.4973231E-05 1.7885021E+00 1.8894862E+01 -4.1917958E-02
2.6764000E+02 2.7427000E+02 8.6700000E+00 1.6200000E+02 9 5.5116711E+01 1.7724230E-01 4.0189843E-01 -1.1516303E-02 9.9683400E-03 9.9515917E-03 9.7119798E-03 4.2926059E-04 5.6101680E-04 5.2894844E-03 8.0574323E-05 5.2128999E-03 6.5443737E-02 2.9761182E-02 8.9358866E-05 1.7878548E+00 1.8869848E+01 -4.2193922E-02
2.6764000E+02 2.7427000E+02 8.6700000E+00 1.6700000E+02 9 5.5113912E+01 1.7842897E-01 4.0491080E-01 -1.1907133E-02 1.0052734E-02 1.0009390E-02 9.7755510E-03 4.1891833E-04 5.6418797E-04 5.3265747E-03 7.8633032E-05 5.2448951E-03 6.5957089E-02 3.0012952E-02 8.4213318E-05 1.7874275E+00 1.8848810E+01 -4.2390376E-02
2.6764000E+02 2.7427000E+02 8.6700000E+00 1.6800000E+02 9 5.5106088E+01 1.9330569E-01 4.3814506E-01 -1.1979491E-02 1.2488067E-02 1.1955288E-02 1.1722593E-02 4.1687024E-04 7.2089561E-04 6.5562676E-03 7.8248595E-05 6.4303442E-03 6.6060595E-02 3.7284353E-02 9.7190427E-05 1.7829364E+00 1.8846762E+01 -4.2670289E-02
2.6764000E+02 2.7427000E+02 8.6700000E+00 1.6900000E+02 9 5.5105801E+01 1.9311483E-01 4.3770005E-01 -1.2046480E-02 1.2429898E-02 1.1915328E-02 1.1683764E-02 4.1484217E-04 6.9432032E-04 6.5259974E-03 7.7867916E-05 6.3998904E-03 6.6150517E-02 3.7110462E-02 9.6842521E-05 1.7776612E+00 1.8847163E+01 -4.3109369E-02
2.6764000E+02 2.7427000E+02 8.6700000E+00 1.7400000E+02 9 5.5120872E+01 1.7003279E-01 3.9832963E-01 -1.7122139E-02 9.8912455E-03 9.9209402E-03 9.6947765E-03 4.0516843E-04 5.3918683E-04 5.2367063E-03 7.6052107E-05 5.1550094E-03 6.4875626E-02 2.9530782E-02 7.7046368E-05 1.8599708E+00 1.8752505E+01 -3.6769296E-02
2.6764000E+02 2.7427000E+02 8.6700000E+00 1.7500000E+02 9 5.5116248E+01 1.8109020E-01 4.2680626E-01 -1.8284580E-02 1.2064041E-02 1.1853072E-02 1.1627978E-02 4.0325208E-04 6.5293474E-04 6.3288097E-03 7.5692399E-05 6.2186718E-03 6.4575389E-02 3.6020520E-02 8.8026509E-05 1.8758430E+00 1.8731398E+01 -3.5555320E-02
2.6764000E+02 2.7427000E+02 8.6700000E+00 1.7600000E+02 9 5.5118685E+01 1.7819659E-01 4.2361615E-01 -1.9531731E-02 1.1919452E-02 1.1808186E-02 1.1584151E-02 4.0135389E-04 6.2322814E-04 6.2531875E-03 7.5336098E-05 6.1483465E-03 6.4235951E-02 3.5589396E-02 8.7337920E-05 1.8929003E+00 1.8710796E+01 -3.4353466E-02
2.6764000E+02 2.7427000E+02 8.6700000E+00 1.8100000E+02 9 5.5057385E+01 1.7683651E-01 4.4058538E-01 -3.0927023E-02 9.3682072E-03 9.8334905E-03 9.6145163E-03 3.9228867E-04 4.7980243E-04 4.9567406E-03 7.3634512E-05 4.8992387E-03 7.7062437E-02 2.7972641E-02 6.9221452E-05 1.7671221E+00 1.8829994E+01 -4.8673573E-02
2.6764000E+02 2.7427000E+02 8.6700000E+00 1.8600000E+02 9 5.4973835E+01 1.9802869E-01 5.0482318E-01 -4.1980553E-02 9.6021725E-03 9.9012116E-03 9.6870741E-03 3.8362354E-04 5.2594036E-04 5.0731918E-03 7.2008024E-05 5.0020754E-03 9.2402833E-02 2.8669650E-02 6.7399409E-05 1.6565881E+00 1.8932977E+01 -6.5981055E-02
2.6764000E+02 2.7427000E+02 8.6700000E+00 1.9100000E+02 9 5.4901029E+01 2.1929580E-01 5.6394961E-01 -5.0869734E-02 1.0146858E-02 9.9836803E-03 9.7741697E-03 3.7533465E-04 5.9800808E-04 5.3531941E-03 7.0452159E-05 5.2489274E-03 1.0553208E-01 3.0291450E-02 6.8039601E-05 1.5883028E+00 1.8994805E+01 -8.0205429E-02
2.6764000E+02 2.7427000E+02 8.6700000E+00 1.9600000E+02 9 5.4844341E+01 2.3734509E-01 6.1184946E-01 -5.7516238E-02 1.0771525E-02 1.0059168E-02 9.8540870E-03 3.6739972E-04 6.7580674E-04 5.6757060E-03 6.8962734E-05 5.5327045E-03 1.1561873E-01 3.2151100E-02 6.9449870E-05 1.5475303E+00 1.9030275E+01 -9.0599527E-02
2.6764000E+02 2.7427000E+02 8.6700000E+00 2.0100000E+02 9 5.4802349E+01 2.5157976E-01 6.4848043E-01 -6.2324135E-02 1.1356610E-02 1.0123365E-02 9.9225272E-03 3.5979791E-04 7.4612388E-04 5.9777265E-03 6.7535837E-05 5.7982640E-03 1.2300959E-01 3.3892810E-02 7.0894422E-05 1.5230593E+00 1.9050435E+01 -9.7819382E-02
2.6764000E+02 2.7427000E+02 8.6700000E+00 2.0600000E+02 9 5.4771979E+01 2.6239405E-01 6.7570036E-01 -6.5755394E-02 1.1856084E-02 1.0177139E-02 9.9803689E-03 3.5250973E-04 8.0299024E-04 6.2349462E-03 6.6167810E-05 6.0244561E-03 1.2830590E-01 3.5379687E-02 7.2098235E-05 1.5082693E+00 1.9061719E+01 -1.0271003E-01
2.6764000E+02 2.7427000E+02 8.6700000E+00 2.1100000E+02 9 5.4750189E+01 2.7047262E-01 6.9570920E-01 -6.8204324E-02 1.2263476E-02 1.0222660E-02 1.0029793E-02 3.4551699E-04 8.4706012E-04 6.4439009E-03 6.4855237E-05 6.2083602E-03 1.3207612E-01 3.6592542E-02 7.3004135E-05 1.4993041E+00 1.9067822E+01 -1.0598715E-01
2.6764000E+02 2.7427000E+02 8.6700000E+00 2.1600000E+02 9 5.4734484E+01 2.7649524E-01 7.1045688E-01 -6.9971341E-02 1.2589516E-02 1.0262110E-02 1.0072992E-02 3.3880269E-04 8.8072929E-04 6.6101789E-03 6.3594931E-05 6.3549810E-03 1.3477522E-01 3.7563338E-02 7.3644864E-05 1.4938640E+00 1.9070911E+01 -1.0818402E-01
2.6764000E+02 2.7427000E+02 8.6700000E+00 2.2100000E+02 9 5.4722998E+01 2.8102868E-01 7.2147255E-01 -7.1271261E-02 1.2849954E-02 1.0297275E-02 1.0111758E-02 3.3235100E-04 9.0644330E-04 6.7420539E-03 6.2383917E-05 6.4715861E-03 1.3673804E-01 3.8338954E-02 7.4079351E-05 1.4905619E+00 1.9072268E+01 -1.0967181E-01
2.6764000E+02 2.7427000E+02 8.6700000E+00 2.2600000E+02 9 5.4714411E+01 2.8450283E-01 7.2987383E-01 -7.2251756E-02 1.3059853E-02 1.0329473E-02 1.0147418E-02 3.2614715E-04 9.2623527E-04 6.8474809E-03 6.1219425E-05 6.5650733E-03 1.3819871E-01 3.8964198E-02 7.4364557E-05 1.4885586E+00 1.9072651E+01 -1.1069810E-01
2.6764000E+02 2.7427000E+02 8.6700000E+00 2.3100000E+02 9 5.4707820E+01 2.8722597E-01 7.3644295E-01 -7.3011979E-02 1.3231524E-02 1.0359620E-02 1.0180898E-02 3.2017738E-04 9.4166841E-04 6.9329817E-03 6.0098869E-05 6.6410552E-03 1.3931581E-01 3.9475691E-02 7.4545983E-05 1.4873468E+00 1.9072503E+01 -1.1142380E-01
2.6764000E+02 2.7427000E+02 8.6700000E+00 2.3600000E+02 9 5.4702621E+01 2.8941193E-01 7.4171376E-01 -7.3617772E-02 1.3374277E-02 1.0388325E-02 1.0212812E-02 3.1442884E-04 9.5389839E-04 7.0034885E-03 5.9019840E-05 6.7037715E-03 1.4019489E-01 3.9901121E-02 7.4656774E-05 1.4866191E+00 1.9072083E+01 -1.1195204E-01
2.6764000E+02 2.7427000E+02 8.6700000E+00 2.4100000E+02 9 5.4698411E+01 2.9120671E-01 7.4604670E-01 -7.4112821E-02 1.3494888E-02 1.0415975E-02 1.0243554E-02 3.0888956E-04 9.6376076E-04 7.0625806E-03 5.7980090E-05 6.7563117E-03 1.4090576E-01 4.0260637E-02 7.4719941E-05 1.4861888E+00 1.9071541E+01 -1.1234864E-01
2.6764000E+02 2.7427000E+02 8.6700000E+00 2.4600000E+02 9 5.4694922E+01 2.9270983E-01 7.4968530E-01 -7.4526356E-02 1.3598219E-02 1.0442804E-02 1.0273364E-02 3.0354837E-04 9.7185209E-04 7.1128156E-03 5.6977521E-05 6.8009022E-03 1.4149475E-01 4.0568700E-02 7.4751113E-05 1.4859418E+00 1.9070960E+01 -1.1265575E-01
2.6764000E+02 2.7427000E+02 8.6700000E+00 2.5100000E+02 9 5.4691972E+01 2.9398977E-01 7.5279596E-01 -7.4878235E-02 1.3687777E-02 1.0468945E-02 1.0302382E-02 2.9839480E-04 9.7859826E-04 7.1560276E-03 5.6010172E-05 6.8391547E-03 1.4199300E-01 4.0835739E-02 7.4760855E-05 1.4858079E+00 1.9070390E+01 -1.1290062E-01
2.6764000E+02 2.7427000E+02 8.6700000E+00 2.5600000E+02 9 5.4689438E+01 2.9509455E-01 7.5549448E-01 -7.5182244E-02 1.3766129E-02 1.0494465E-02 1.0330679E-02 2.9341912E-04 9.8430450E-04 7.1935523E-03 5.5076212E-05 6.8722543E-03 1.4242181E-01 4.1069388E-02 7.4756352E-05 1.4857434E+00 1.9069853E+01 -1.1310114E-01
2.6764000E+02 2.7427000E+02 8.6700000E+00 2.6100000E+02 9 5.4687231E+01 2.9605863E-01 7.5786342E-01 -7.5448197E-02 1.3835198E-02 1.0519389E-02 1.0358287E-02 2.8861219E-04 9.8919175E-04 7.2263844E-03 5.4173927E-05 6.9010928E-03 1.4279610E-01 4.1275371E-02 7.4742556E-05 1.4857207E+00 1.9069362E+01 -1.1326926E-01
2.6764000E+02 2.7427000E+02 8.6700000E+00 2.6400000E+02 9 5.4681195E+01 3.0625422E-01 7.7878114E-01 -7.5595794E-02 1.5370435E-02 1.1414868E-02 1.1255343E-02 2.8578689E-04 1.1224592E-03 8.0107448E-03 5.3643604E-05 7.6349127E-03 1.4300651E-01 4.5854945E-02 8.2138376E-05 1.4810952E+00 1.9071661E+01 -1.1418006E-01
2.6764000E+02 2.7427000E+02 8.6700000E+00 2.6500000E+02 9 5.4675964E+01 3.1612772E-01 7.9903594E-01 -7.5643722E-02 1.6891630E-02 1.2333988E-02 1.2174985E-02 2.8485159E-04 1.2614194E-03 8.7880061E-03 5.3468045E-05 8.3648394E-03 1.4307662E-01 5.0393157E-02 8.9186948E-05 1.4783875E+00 1.9072355E+01 -1.1467012E-01
2.6764000E+02 2.7427000E+02 8.6700000E+00 2.7000000E+02 9 5.4683559E+01 2.9864764E-01 7.6382945E-01 -7.5817082E-02 1.4131052E-02 1.0711491E-02 1.0554075E-02 2.8200959E-04 9.9253951E-04 7.3737297E-03 5.2934587E-05 7.0378458E-03 1.4331288E-01 4.2158064E-02 7.6404837E-05 1.4907830E+00 1.9062135E+01 -1.1246458E-01
2.6764000E+02 2.7427000E+02 8.6700000E+00 2.7500000E+02 9 5.4680689E+01 3.0234640E-01 7.7171899E-01 -7.5976831E-02 1.4662978E-02 1.1034499E-02 1.0878900E-02 2.7875393E-04 1.0470134E-03 7.6438498E-03 5.2323483E-05 7.2906030E-03 1.4353718E-01 4.3744937E-02 7.8322103E-05 1.5034385E+00 1.9047812E+01 -1.1012451E-01
2.6764000E+02 2.7427000E+02 8.6700000E+00 2.8000000E+02 9 5.4678270E+01 3.0528773E-01 7.7809862E-01 -7.6125144E-02 1.5081104E-02 1.1310825E-02 1.1157105E-02 2.7538653E-04 1.0790333E-03 7.8551468E-03 5.1691407E-05 7.4893129E-03 1.4374617E-01 4.4992585E-02 8.0172869E-05 1.5134742E+00 1.9036012E+01 -1.0829488E-01
2.6764000E+02 2.7427000E+02 8.6700000E+00 2.8500000E+02 9 5.4676313E+01 3.0745196E-01 7.8296670E-01 -7.6262055E-02 1.5386270E-02 1.1536919E-02 1.1385043E-02 2.7208428E-04 1.0981822E-03 8.0082196E-03 5.1071557E-05 7.6344276E-03 1.4393921E-01 4.5903449E-02 8.1507033E-05 1.5208817E+00 1.9027204E+01 -1.0697048E-01
2.6764000E+02 2.7427000E+02 8.6700000E+00 2.8900000E+02 9 5.4672732E+01 3.1331641E-01 7.9535062E-01 -7.6364719E-02 1.6278339E-02 1.2120430E-02 1.1969992E-02 2.6950801E-04 1.1678673E-03 8.4618510E-03 5.0587979E-05 8.0620011E-03 1.4408535E-01 4.8565202E-02 8.5747326E-05 1.5225941E+00 1.9023599E+01 -1.0665070E-01
2.6764000E+02 2.7427000E+02 8.6700000E+00 2.9000000E+02 9 5.4665231E+01 3.2804309E-01 8.2583789E-01 -7.6389964E-02 1.8579838E-02 1.3564039E-02 1.3413958E-02 2.6886823E-04 1.3856773E-03 9.6368974E-03 5.0467889E-05 9.1687706E-03 1.4412477E-01 5.5432140E-02 9.5839899E-05 1.5216960E+00 1.9021619E+01 -1.0673485E-01
2.6764000E+02 2.7427000E+02 8.6700000E+00 2.9500000E+02 9 5.4729809E+01 2.9482358E-01 7.4519030E-01 -6.9691191E-02 1.5517733E-02 1.1747346E-02 1.1598995E-02 2.6576820E-04 1.0790922E-03 8.0683879E-03 4.9885998E-05 7.6963306E-03 1.3399647E-01 4.6296889E-02 8.2241415E-05 1.5756208E+00 1.8970716E+01 -9.3303839E-02
2.6764000E+02 2.7427000E+02 8.6700000E+00 3.0000000E+02 9 5.4798886E+01 2.7687058E-01 6.9355498E-01 -6.1299412E-02 1.5419197E-02 1.1866947E-02 1.1720278E-02 2.6275414E-04 1.0737657E-03 8.0103226E-03 4.9320245E-05 7.6538057E-03 1.2131886E-01 4.6005682E-02 8.1216047E-05 1.6499809E+00 1.8895947E+01 -7.7281332E-02
2.6764000E+02 2.7427000E+02 8.6700000E+00 3.0100000E+02 9 5.4804719E+01 2.8967151E-01 7.1843297E-01 -5.9594835E-02 1.8046289E-02 1.3782976E-02 1.3636643E-02 2.6215466E-04 1.3103833E-03 9.3434469E-03 4.9207720E-05 8.9275811E-03 1.1874909E-01 5.3848266E-02 9.2902283E-05 1.6643529E+00 1.8877936E+01 -7.4288969E-02
2.6764000E+02 2.7427000E+02 8.6700000E+00 3.0200000E+02 9 5.4819089E+01 2.8524081E-01 7.0640387E-01 -5.7897462E-02 1.7899108E-02 1.3772498E-02 1.3626497E-02 2.6155842E-04 1.2623113E-03 9.2656338E-03 4.9095801E-05 8.8591038E-03 1.1618570E-01 5.3410188E-02 9.3423167E-05 1.6782626E+00 1.8862625E+01 -7.1501083E-02
2.6764000E+02 2.7427000E+02 8.6700000E+00 3.0300000E+02 9 5.4833525E+01 2.8049020E-01 6.9390451E-01 -5.6212395E-02 1.7707616E-02 1.3746002E-02 1.3601059E-02 2.5966368E-04 1.2257653E-03 9.1640099E-03 4.8740150E-05 8.7687286E-03 1.1364449E-01 5.2840047E-02 9.2732901E-05 1.6911872E+00 1.8849720E+01 -6.8947495E-02
2.6764000E+02 2.7427000E+02 8.6700000E+00 3.0800000E+02 9 5.4900797E+01 2.4543484E-01 6.0913787E-01 -4.9264312E-02 1.4447592E-02 1.1785514E-02 1.1644008E-02 2.5350573E-04 9.4483567E-04 7.4917174E-03 4.7584271E-05 7.1994480E-03 1.0314715E-01 4.3114261E-02 7.6327356E-05 1.7543663E+00 1.8792486E+01 -5.8232847E-02
2.6764000E+02 2.7427000E+02 8.6700000E+00 3.1300000E+02 9 5.4946787E+01 2.3056123E-01 5.7027896E-01 -4.3886059E-02 1.3913193E-02 1.1777728E-02 1.1640193E-02 2.4639024E-04 8.8141762E-04 7.2037239E-03 4.6248660E-05 6.9496876E-03 9.5025729E-02 4.1524443E-02 7.3172156E-05 1.8088661E+00 1.8738793E+01 -5.0171150E-02
2.6764000E+02 2.7427000E+02 8.6700000E+00 3.1800000E+02 9 5.4981587E+01 2.1878621E-01 5.4013093E-01 -3.9856052E-02 1.3424398E-02 1.1780215E-02 1.1646980E-02 2.3868796E-04 8.0704315E-04 6.9395891E-03 4.4802903E-05 6.7201819E-03 8.8941291E-02 4.0070111E-02 7.0924090E-05 1.8514358E+00 1.8696199E+01 -4.4508630E-02
2.6764000E+02 2.7427000E+02 8.6700000E+00 3.2300000E+02 9 5.5007498E+01 2.0951531E-01 5.1699284E-01 -3.6893164E-02 1.2982713E-02 1.1783536E-02 1.1654620E-02 2.3095001E-04 7.4072049E-04 6.7007934E-03 4.3350452E-05 6.5116554E-03 8.4468738E-02 3.8755627E-02 6.9040881E-05 1.8826616E+00 1.8664807E+01 -4.0665556E-02
2.6764000E+02 2.7427000E+02 8.6700000E+00 3.2800000E+02 9 5.5026639E+01 2.0227196E-01 4.9937360E-01 -3.4734487E-02 1.2596698E-02 1.1785922E-02 1.1661169E-02 2.2349178E-04 6.8760335E-04 6.4922595E-03 4.1950506E-05 6.3281090E-03 8.1210746E-02 3.7606507E-02 6.7426245E-05 1.9044633E+00 1.8642844E+01 -3.8105004E-02
2.6764000E+02 2.7427000E+02 8.6700000E+00 3.2900000E+02 9 5.5023943E+01 2.1347735E-01 5.2494822E-01 -3.4332864E-02 1.4629794E-02 1.3665406E-02 1.3541479E-02 2.2201346E-04 7.7361445E-04 7.5142454E-03 4.1673019E-05 7.3240728E-03 8.0610142E-02 4.3679676E-02 7.7101619E-05 1.9065319E+00 1.8637373E+01 -3.7755916E-02
2.6764000E+02 2.7427000E+02 8.6700000E+00 3.3000000E+02 9 5.5027445E+01 2.1184866E-01 5.2108837E-01 -3.3959359E-02 1.4501548E-02 1.3627521E-02 1.3504411E-02 2.2055026E-04 7.5119661E-04 7.4471674E-03 4.1398369E-05 7.2619643E-03 8.0047151E-02 4.3297188E-02 7.7509013E-05 1.9062789E+00 1.8636451E+01 -3.7609346E-02
2.6764000E+02 2.7427000E+02 8.6700000E+00 3.3500000E+02 9 5.5016859E+01 2.0368470E-01 5.0035223E-01 -3.3165682E-02 1.1953651E-02 1.1659292E-02 1.1540006E-02 2.1369907E-04 6.1474332E-04 6.1518076E-03 4.0112366E-05 6.0180563E-03 8.3432920E-02 3.5690097E-02 6.4995354E-05 1.8138869E+00 1.8733691E+01 -4.5961849E-02
2.6764000E+02 2.7427000E+02 8.6700000E+00 3.4000000E+02 9 5.4988753E+01 2.1458943E-01 5.2150684E-01 -3.2856767E-02 1.2002639E-02 1.1656002E-02 1.1540274E-02 2.0732513E-04 6.4376873E-04 6.1753514E-03 3.8915947E-05 6.0336018E-03 8.8577416E-02 3.5835259E-02 6.4808857E-05 1.7306318E+00 1.8817521E+01 -5.5377803E-02
2.6764000E+02 2.7427000E+02 8.6700000E+00 3.4500000E+02 9 5.4961413E+01 2.2664095E-01 5.4455228E-01 -3.2727198E-02 1.2314636E-02 1.1672629E-02 1.1560206E-02 2.0140421E-04 6.9505507E-04 6.3378112E-03 3.7804561E-05 6.1708489E-03 9.3402495E-02 3.6763385E-02 6.6139054E-05 1.6733105E+00 1.8874717E+01 -6.3153858E-02
2.6764000E+02 2.7427000E+02 8.6700000E+00 3.5000000E+02 9 5.4938545E+01 2.3760417E-01 5.6519511E-01 -3.2654873E-02 1.2723725E-02 1.1691432E-02 1.1582083E-02 1.9589701E-04 7.4955904E-04 6.5517151E-03 3.6770833E-05 6.3532018E-03 9.7337204E-02 3.7980535E-02 6.7915162E-05 1.6360506E+00 1.8911732E+01 -6.8929931E-02
2.6764000E+02 2.7427000E+02 8.6700000E+00 3.5500000E+02 9 5.4920687E+01 2.4673636E-01 5.8215383E-01 -3.2593098E-02 1.3134090E-02 1.1707208E-02 1.1600726E-02 1.9076067E-04 8.0069193E-04 6.7663766E-03 3.5806716E-05 6.5365965E-03 1.0034860E-01 3.9201513E-02 6.9663546E-05 1.6121386E+00 1.8935422E+01 -7.3014437E-02
2.6764000E+02 2.7427000E+02 8.6700000E+00 3.6000000E+02 9 5.4907280E+01 2.5397321E-01 5.9541860E-01 -3.2526179E-02 1.3499793E-02 1.1718941E-02 1.1615142E-02 1.8595423E-04 8.4500845E-04 6.9574545E-03 3.4904523E-05 6.6999314E-03 1.0257132E-01 4.0289611E-02 7.1188478E-05 1.5968217E+00 1.8950567E+01 -7.5825314E-02
2.6764000E+02 2.7427000E+02 8.6700000E+00 3.6500000E+02 9 5.4897454E+01 2.5953759E-01 6.0548750E-01 -3.2451456E-02 1.3805242E-02 1.1727030E-02 1.1625750E-02 1.8144084E-04 8.8162620E-04 7.1166920E-03 3.4057339E-05 6.8360136E-03 1.0417607E-01 4.1198441E-02 7.2434675E-05 1.5869891E+00 1.8960277E+01 -7.7730634E-02
2.6764000E+02 2.7427000E+02 8.6700000E+00 3.7000000E+02 9 5.4890349E+01 2.6374674E-01 6.1300301E-01 -3.2371232E-02 1.4051152E-02 1.1732293E-02 1.1633387E-02 1.7718839E-04 9.1074715E-04 7.2444777E-03 3.3259132E-05 6.9451194E-03 1.0532093E-01 4.1930139E-02 7.3415077E-05 1.5806354E+00 1.8966549E+01 -7.9014428E-02
2.6764000E+02 2.7427000E+02 8.6700000E+00 3.7500000E+02 9 5.4885232E+01 2.6691380E-01 6.1857830E-01 -3.2289026E-02 1.4245491E-02 1.1735568E-02 1.1638905E-02 1.7316920E-04 9.3331483E-04 7.3450313E-03 3.2504711E-05 7.0308638E-03 1.0613508E-01 4.2508421E-02 7.4170433E-05 1.5764818E+00 1.8970651E+01 -7.9881212E-02
2.6764000E+02 2.7427000E+02 8.6700000E+00 3.8000000E+02 9 5.4881532E+01 2.6930522E-01 6.2272629E-01 -3.2207981E-02 1.4398238E-02 1.1737545E-02 1.1643009E-02 1.6935959E-04 9.5068025E-04 7.4236184E-03 3.1789628E-05 7.0978018E-03 1.0671673E-01 4.2962973E-02 7.4747534E-05 1.5737205E+00 1.8973382E+01 -8.0471943E-02
2.6764000E+02 2.7427000E+02 8.6700000E+00 3.8500000E+02 9 5.4878828E+01 2.7113071E-01 6.2584477E-01 -3.2130368E-02 1.4518787E-02 1.1738735E-02 1.1646220E-02 1.6573924E-04 9.6402474E-04 7.4851884E-03 3.1110071E-05 7.1502325E-03 1.0713713E-01 4.3321744E-02 7.5188957E-05 1.5718432E+00 1.8975245E+01 -8.0881091E-02
2.6764000E+02 2.7427000E+02 8.6700000E+00 3.9000000E+02 9 5.4876819E+01 2.7254698E-01 6.2822773E-01 -3.2057579E-02 1.4614960E-02 1.1739478E-02 1.1648888E-02 1.6229069E-04 9.7433774E-04 7.5338656E-03 3.0462760E-05 7.1917298E-03 1.0744636E-01 4.3608001E-02 7.5529424E-05 1.5705312E+00 1.8976553E+01 -8.1170765E-02
2.6764000E+02 2.7427000E+02 8.6700000E+00 3.9500000E+02 9 5.4875293E+01 2.7366737E-01 6.3008566E-01 -3.1990299E-02 1.4692832E-02 1.1739986E-02 1.1651233E-02 1.5899881E-04 9.8239557E-04 7.5728633E-03 2.9844859E-05 7.2250569E-03 1.0767887E-01 4.3839816E-02 7.5795472E-05 1.5695847E+00 1.8977502E+01 -8.1381424E-02
2.6764000E+02 2.7427000E+02 8.6700000E+00 4.0000000E+02 9 5.4874108E+01 2.7457221E-01 6.3156624E-01 -3.1928723E-02 1.4756930E-02 1.1740374E-02 1.1653379E-02 1.5585047E-04 9.8877519E-04 7.6045873E-03 2.9253900E-05 7.2522587E-03 1.0785806E-01 4.4030655E-02 7.6006595E-05 1.5688774E+00 1.8978216E+01 -8.1539342E-02
2.6764000E+02 2.7427000E+02 8.6700000E+00 4.0500000E+02 9 5.4873166E+01 2.7531785E-01 6.3277208E-01 -3.1872724E-02 1.4810556E-02 1.1740701E-02 1.1655390E-02 1.5283416E-04 9.9389775E-04 7.6308011E-03 2.8687724E-05 7.2748121E-03 1.0799974E-01 4.4190330E-02 7.6176786E-05 1.5683290E+00 1.8978774E+01 -8.1661631E-02
2.6764000E+02 2.7427000E+02 8.6700000E+00 4.1000000E+02 9 5.4872398E+01 2.7594373E-01 6.3377423E-01 -3.1821993E-02 1.4856087E-02 1.1740985E-02 1.1657289E-02 1.4993976E-04 9.9807344E-04 7.6527825E-03 2.8144430E-05 7.2937736E-03 1.0811459E-01 4.4325919E-02 7.6315989E-05 1.5678877E+00 1.8979226E+01 -8.1759518E-02
2.6764000E+02 2.7427000E+02 8.6700000E+00 4.1200000E+02 9 5.4865200E+01 2.9005460E-01 6.6272050E-01 -3.1802520E-02 1.7044047E-02 1.3090097E-02 1.3007037E-02 1.4880089E-04 1.1872796E-03 8.7714616E-03 2.7930659E-05 8.3434681E-03 1.0816091E-01 5.0853841E-02 8.6459970E-05 1.5634894E+00 1.8980642E+01 -8.2302462E-02
2.6764000E+02 2.7427000E+02 8.6700000E+00 4.1700000E+02 9 5.4872125E+01 2.7547197E-01 6.3251179E-01 -3.1758530E-02 1.4722517E-02 1.1646234E-02 1.1564702E-02 1.4606324E-04 9.7235766E-04 7.5820240E-03 2.7416788E-05 7.2265077E-03 1.0824511E-01 4.3927243E-02 7.5936779E-05 1.5613389E+00 1.8986091E+01 -8.2753617E-02
2.6764000E+02 2.7427000E+02 8.6700000E+00 4.2200000E+02 9 5.4871570E+01 2.7600508E-01 6.3340904E-01 -3.1718791E-02 1.4772326E-02 1.1647489E-02 1.1567428E-02 1.4342751E-04 9.8837335E-04 7.6062998E-03 2.6922049E-05 7.2477662E-03 1.0832044E-01 4.4075562E-02 7.5742950E-05 1.5616862E+00 1.8986095E+01 -8.2741666E-02
2.6764000E+02 2.7427000E+02 8.6700000E+00 4.2700000E+02 9 5.4870991E+01 2.7667322E-01 6.3454779E-01 -3.1682871E-02 1.4843349E-02 1.1662475E-02 1.1583833E-02 1.4088690E-04 9.9840803E-04 7.6416273E-03 2.6445164E-05 7.2791425E-03 1.0838606E-01 4.4287165E-02 7.5990388E-05 1.5627241E+00 1.8984965E+01 -8.2609462E-02
2.6764000E+02 2.7427000E+02 8.6700000E+00 4.2900000E+02 9 5.4863818E+01 2.9087919E-01 6.6365331E-01 -3.1669087E-02 1.7050085E-02 1.3013701E-02 1.2935617E-02 1.3988546E-04 1.1912079E-03 8.7705209E-03 2.6257188E-05 8.3373729E-03 1.0841499E-01 5.0870977E-02 8.6237221E-05 1.5589483E+00 1.8985699E+01 -8.3061428E-02
2.6764000E+02 2.7427000E+02 8.6700000E+00 4.3000000E+02 9 5.4861638E+01 2.9516476E-01 6.7244154E-01 -3.1662338E-02 1.7710935E-02 1.3440308E-02 1.3362502E-02 1.3938838E-04 1.2333645E-03 9.1079579E-03 2.6163885E-05 8.6547556E-03 1.0842856E-01 5.2842869E-02 8.9698154E-05 1.5560593E+00 1.8987291E+01 -8.3438492E-02
2.6764000E+02 2.7427000E+02 8.6700000E+00 4.3500000E+02 9 5.4869274E+01 2.7939136E-01 6.3991654E-01 -3.1642125E-02 1.5222887E-02 1.1891714E-02 1.1816120E-02 1.3542625E-04 1.0096424E-03 7.8321833E-03 2.5420173E-05 7.4572333E-03 1.0848640E-01 4.5419413E-02 7.7975233E-05 1.5732254E+00 1.8972932E+01 -8.1031683E-02
2.6764000E+02 2.7427000E+02 8.6700000E+00 4.3600000E+02 9 5.4859569E+01 2.9877791E-01 6.8006120E-01 -3.1638007E-02 1.8262626E-02 1.3807051E-02 1.3731874E-02 1.3467798E-04 1.3026427E-03 9.3856643E-03 2.5279720E-05 8.9178928E-03 1.0850320E-01 5.4489545E-02 9.0495494E-05 1.5751592E+00 1.8967988E+01 -8.0639727E-02
2.6764000E+02 2.7427000E+02 8.6700000E+00 4.3700000E+02 9 5.4861799E+01 2.9890975E-01 6.7907321E-01 -3.1078541E-02 1.8326104E-02 1.3851263E-02 1.3776445E-02 1.3403476E-04 1.2772919E-03 9.4178522E-03 2.5158985E-05 8.9476907E-03 1.0804510E-01 5.4678810E-02 9.1738950E-05 1.5779790E+00 1.8963800E+01 -7.9961474E-02
2.6764000E+02 2.7427000E+02 8.6700000E+00 4.3800000E+02 9 5.4867465E+01 2.9830761E-01 6.7523807E-01 -2.9789316E-02 1.8360522E-02 1.3881262E-02 1.3806786E-02 1.3342208E-04 1.2608274E-03 9.4349411E-03 2.5043981E-05 8.9638805E-03 1.0696875E-01 5.4781515E-02 9.2381408E-05 1.5816349E+00 1.8959398E+01 -7.8905359E-02
2.6764000E+02 2.7427000E+02 8.6700000E+00 4.4300000E+02 9 5.4935979E+01 2.7221778E-01 5.9549313E-01 -1.6537925E-02 1.5696936E-02 1.2215244E-02 1.2141228E-02 1.3259803E-04 1.0215334E-03 8.0716978E-03 2.4889303E-05 7.6840955E-03 9.5802875E-02 4.6834200E-02 8.0611097E-05 1.6214835E+00 1.8921859E+01 -6.8677447E-02
2.6764000E+02 2.7427000E+02 8.6700000E+00 4.4400000E+02 9 5.4939824E+01 2.8827801E-01 6.2367520E-01 -1.3709721E-02 1.8542342E-02 1.4098012E-02 1.4024137E-02 1.3234747E-04 1.2744404E-03 9.5236164E-03 2.4842272E-05 9.0549219E-03 9.3425200E-02 5.5325802E-02 9.2561497E-05 1.6286681E+00 1.8911474E+01 -6.6624502E-02
2.6764000E+02 2.7427000E+02 8.6700000E+00 4.4500000E+02 9 5.4953043E+01 2.8633161E-01 6.1385532E-01 -1.0786801E-02 1.8541394E-02 1.4117503E-02 1.4043835E-02 1.3197498E-04 1.2403499E-03 9.5226149E-03 2.4772354E-05 9.0544905E-03 9.0963550E-02 5.5323041E-02 9.3609932E-05 1.6361075E+00 1.8902603E+01 -6.4605929E-02
2.6764000E+02 2.7427000E+02 8.6700000E+00 4.5000000E+02 9 5.5016508E+01 2.6262337E-01 5.4092604E-01 1.5345175E-03 1.6157212E-02 1.2637673E-02 1.2564884E-02 1.3040074E-04 1.0283234E-03 8.3016565E-03 2.4476860E-05 7.9083994E-03 8.0575939E-02 4.8209203E-02 8.3091742E-05 1.6903258E+00 1.8849815E+01 -5.4340310E-02
2.6764000E+02 2.7427000E+02 8.6700000E+00 4.5300000E+02 9 5.5042656E+01 2.6730174E-01 5.3812125E-01 8.3290766E-03 1.7652697E-02 1.3763046E-02 1.3690770E-02 1.2948060E-04 1.1124293E-03 9.0606074E-03 2.4304145E-05 8.6326988E-03 7.4853617E-02 5.2673787E-02 8.9801154E-05 1.7200644E+00 1.8816997E+01 -4.9020262E-02
2.6764000E+02 2.7427000E+02 8.6700000E+00 4.5400000E+02 9 5.5048702E+01 2.7367621E-01 5.4771170E-01 1.0529588E-02 1.8912471E-02 1.4745096E-02 1.4672990E-02 1.2917530E-04 1.1600986E-03 9.6994608E-03 2.4246838E-05 9.2441857E-03 7.3002144E-02 5.6435104E-02 9.5441036E-05 1.7292387E+00 1.8805650E+01 -4.7378487E-02
2.6764000E+02 2.7427000E+02 8.6700000E+00 4.5900000E+02 9 5.5105526E+01 2.4777186E-01 4.7378210E-01 2.1012082E-02 1.5985035E-02 1.2884131E-02 1.2813043E-02 1.2735358E-04 9.3686758E-04 8.2023193E-03 2.3904893E-05 7.8346690E-03 6.4170629E-02 4.7699494E-02 8.2427773E-05 1.7537461E+00 1.8785011E+01 -4.1992132E-02
2.6764000E+02 2.7427000E+02 8.6700000E+00 4.6400000E+02 9 5.5144109E+01 2.4001800E-01 4.4254667E-01 2.9304731E-02 1.5702484E-02 1.2899918E-02 1.2829714E-02 1.2576952E-04 8.8516020E-04 8.0527521E-03 2.3607557E-05 7.7027521E-03 5.7192729E-02 4.6858447E-02 8.0742652E-05 1.7758757E+00 1.8763409E+01 -3.7691129E-02
2.6764000E+02 2.7427000E+02 8.6700000E+00 4.6900000E+02 9 5.5173722E+01 2.3397866E-01 4.1853637E-01 3.5664099E-02 1.5474962E-02 1.2936602E-02 1.2867175E-02 1.2437716E-04 8.3584184E-04 7.9327384E-03 2.3346205E-05 7.5959426E-03 5.1847326E-02 4.6181210E-02 7.9712999E-05 1.7947878E+00 1.8744396E+01 -3.4421930E-02
2.6764000E+02 2.7427000E+02 8.6700000E+00 4.7400000E+02 9 5.5196304E+01 2.2916789E-01 3.9999130E-01 4.0494705E-02 1.5272246E-02 1.2975976E-02 1.2907269E-02 1.2308706E-04 7.9215294E-04 7.8263731E-03 2.3104047E-05 7.5000905E-03 4.7792941E-02 4.5577700E-02 7.8880074E-05 1.8092268E+00 1.8729730E+01 -3.2048757E-02
2.6764000E+02 2.7427000E+02 8.6700000E+00 4.7900000E+02 9 5.5213496E+01 2.2530295E-01 3.8562333E-01 4.4153719E-02 1.5088726E-02 1.3011110E-02 1.2943094E-02 1.2184959E-04 7.5555154E-04 7.7304961E-03 2.2871768E-05 7.4127262E-03 4.4727916E-02 4.5031192E-02 7.8137528E-05 1.8194812E+00 1.8719246E+01 -3.0364891E-02
2.6764000E+02 2.7427000E+02 8.6700000E+00 4.8100000E+02 9 5.5214189E+01 2.3476447E-01 4.0398235E-01 4.5451232E-02 1.6768224E-02 1.4365219E-02 1.4297476E-02 1.2136080E-04 8.0607801E-04 8.5830077E-03 2.2780020E-05 8.2269065E-03 4.3646253E-02 5.0045453E-02 8.6165871E-05 1.8178062E+00 1.8717857E+01 -3.0125602E-02
2.6764000E+02 2.7427000E+02 8.6700000E+00 4.8200000E+02 9 5.5215545E+01 2.3714135E-01 4.0833815E-01 4.6061035E-02 1.7231679E-02 1.4798698E-02 1.4731090E-02 1.2111773E-04 8.0863658E-04 8.8172584E-03 2.2734394E-05 8.4525967E-03 4.3137792E-02 5.1429476E-02 8.8772118E-05 1.8153679E+00 1.8718932E+01 -3.0132253E-02
2.6764000E+02 2.7427000E+02 8.6700000E+00 4.8700000E+02 9 5.5235489E+01 2.1756845E-01 3.6229790E-01 4.8512983E-02 1.4390365E-02 1.2780535E-02 1.2713741E-02 1.1966001E-04 6.8592775E-04 7.3711382E-03 2.2460772E-05 7.0766983E-03 4.1088631E-02 4.2948240E-02 7.5356139E-05 1.7991130E+00 1.8740609E+01 -3.0482780E-02
2.6764000E+02 2.7427000E+02 8.6700000E+00 4.9200000E+02 9 5.5244671E+01 2.1474674E-01 3.5309028E-01 5.0389287E-02 1.4158644E-02 1.2674991E-02 1.2608940E-02 1.1832834E-04 6.7339231E-04 7.2526127E-03 2.2210812E-05 6.9635167E-03 3.9529769E-02 4.2256864E-02 7.3755225E-05 1.7939740E+00 1.8746887E+01 -3.0316697E-02
2.6764000E+02 2.7427000E+02 8.6700000E+00 4.9700000E+02 9 5.5251574E+01 2.1295238E-01 3.4664565E-01 5.1843715E-02 1.4032686E-02 1.2610119E-02 1.2544781E-02 1.1705207E-04 6.6553105E-04 7.1887351E-03 2.1971249E-05 6.9005591E-03 3.8326622E-02 4.1880839E-02 7.3103960E-05 1.7930005E+00 1.8748133E+01 -2.9988802E-02
2.6764000E+02 2.7427000E+02 8.6700000E+00 5.0200000E+02 9 5.5256952E+01 2.1166840E-01 3.4177752E-01 5.2994641E-02 1.3949982E-02 1.2564157E-02 1.2499521E-02 1.1579383E-04 6.5854484E-04 7.1469850E-03 2.1735071E-05 6.8584048E-03 3.7379091E-02 4.1633879E-02 7.2753053E-05 1.7931894E+00 1.8747979E+01 -2.9671477E-02
2.6764000E+02 2.7427000E+02 8.6700000E+00 5.0500000E+02 9 5.5256131E+01 2.1827171E-01 3.5484440E-01 5.3596243E-02 1.5075512E-02 1.3399530E-02 1.3335314E-02 1.1504217E-04 7.0161279E-04 7.7202999E-03 2.1593981E-05 7.4010095E-03 3.6888248E-02 4.4993369E-02 7.8358015E-05 1.7840525E+00 1.8755071E+01 -3.0045682E-02
2.6764000E+02 2.7427000E+02 8.6700000E+00 5.0600000E+02 9 5.5253557E+01 2.2501249E-01 3.6913748E-01 5.3787586E-02 1.6181459E-02 1.4274667E-02 1.4210590E-02 1.1479191E-04 7.2972678E-04 8.2818904E-03 2.1547006E-05 7.9369912E-03 3.6734085E-02 4.8295168E-02 8.3583550E-05 1.7802502E+00 1.8757034E+01 -3.0282082E-02
2.6764000E+02 2.7427000E+02 8.6700000E+00 5.1100000E+02 9 5.5265885E+01 2.0708097E-01 3.2923833E-01 5.4617813E-02 1.3399148E-02 1.2229071E-02 1.2165749E-02 1.1344071E-04 6.2137806E-04 6.8662025E-03 2.1293379E-05 6.5891914E-03 3.6051618E-02 3.9989696E-02 7.0572893E-05 1.7634957E+00 1.8778927E+01 -3.1174508E-02
2.6764000E+02 2.7427000E+02 8.6700000E+00 5.1600000E+02 9 5.5269232E+01 2.0598990E-01 3.2537981E-01 5.5306535E-02 1.3285369E-02 1.2098535E-02 1.2035921E-02 1.1217166E-04 6.2632394E-04 6.8094600E-03 2.1055172E-05 6.5309983E-03 3.5492575E-02 3.9649629E-02 6.9554992E-05 1.7577654E+00 1.8785684E+01 -3.1387473E-02
2.6764000E+02 2.7427000E+02 8.6700000E+00 5.2100000E+02 9 5.5271828E+01 2.0549884E-01 3.2290914E-01 5.5886417E-02 1.3249613E-02 1.2014802E-02 1.1952863E-02 1.1096235E-04 6.3018730E-04 6.7927456E-03 2.0828178E-05 6.5102483E-03 3.5024579E-02 3.9542358E-02 6.9331657E-05 1.7564560E+00 1.8787234E+01 -3.1325033E-02
2.6764000E+02 2.7427000E+02 8.6700000E+00 5.2600000E+02 9 5.5273984E+01 2.0519893E-01 3.2102040E-01 5.6383392E-02 1.3235451E-02 1.1954050E-02 1.1892771E-02 1.0978055E-04 6.3148927E-04 6.7867875E-03 2.0606350E-05 6.5002709E-03 3.4625761E-02 3.9499661E-02 6.9294096E-05 1.7563483E+00 1.8787382E+01 -3.1202115E-02
2.6764000E+02 2.7427000E+02 8.6700000E+00 5.3100000E+02 9 5.5275845E+01 2.0495315E-01 3.1941676E-01 5.6815488E-02 1.3224901E-02 1.1905670E-02 1.1845043E-02 1.0861243E-04 6.3103637E-04 6.7823703E-03 2.0387087E-05 6.4924148E-03 3.4280991E-02 3.9467862E-02 6.9281168E-05 1.7562772E+00 1.8787446E+01 -3.1088460E-02
2.6764000E+02 2.7427000E+02 8.6700000E+00 5.3600000E+02 9 5.5277482E+01 2.0472356E-01 3.1798851E-01 5.7195543E-02 1.3213297E-02 1.1864419E-02 1.1804439E-02 1.0745392E-04 6.2948442E-04 6.7771736E-03 2.0169629E-05 6.4843461E-03 3.3979492E-02 3.9432998E-02 6.9254591E-05 1.7560496E+00 1.8787662E+01 -3.0998673E-02
2.6764000E+02 2.7427000E+02 8.6700000E+00 5.4100000E+02 9 5.5278937E+01 2.0450362E-01 3.1669379E-01 5.7532957E-02 1.3200259E-02 1.1827567E-02 1.1768228E-02 1.0630463E-04 6.2754750E-04 6.7710750E-03 1.9953902E-05 6.4757931E-03 3.3713365E-02 3.9393902E-02 6.9211241E-05 1.7556325E+00 1.8788073E+01 -3.0932653E-02
2.6764000E+02 2.7427000E+02 8.6700000E+00 5.4600000E+02 9 5.5280240E+01 2.0429557E-01 3.1551461E-01 5.7834811E-02 1.3186526E-02 1.1793691E-02 1.1734989E-02 1.0516533E-04 6.2568098E-04 6.7645112E-03 1.9740050E-05 6.4670431E-03 3.3476661E-02 3.9352757E-02 6.9156598E-05 1.7551289E+00 1.8788578E+01 -3.0884513E-02
2.6764000E+02 2.7427000E+02 8.6700000E+00 5.5100000E+02 9 5.5281412E+01 2.0410280E-01 3.1444026E-01 5.8106587E-02 1.3172874E-02 1.1762057E-02 1.1703984E-02 1.0403711E-04 6.2401016E-04 6.7579208E-03 1.9528277E-05 6.4584230E-03 3.3264781E-02 3.9311869E-02 6.9096587E-05 1.7545642E+00 1.8789147E+01 -3.0849929E-02
2.6764000E+02 2.7427000E+02 8.6700000E+00 5.5600000E+02 9 5.5282469E+01 2.0392723E-01 3.1346181E-01 5.8352626E-02 1.3159845E-02 1.1732277E-02 1.1674827E-02 1.0292099E-04 6.2258196E-04 6.7516069E-03 1.9318777E-05 6.4501651E-03 3.3074080E-02 3.9272847E-02 6.9035552E-05 1.7539351E+00 1.8789784E+01 -3.0825843E-02
2.6764000E+02 2.7427000E+02 8.6700000E+00 5.6100000E+02 9 5.5283426E+01 2.0376947E-01 3.1257054E-01 5.8576441E-02 1.3147732E-02 1.1704125E-02 1.1647290E-02 1.0181787E-04 6.2130537E-04 6.7457359E-03 1.9111715E-05 6.4423948E-03 3.2901617E-02 3.9236567E-02 6.8976112E-05 1.7532900E+00 1.8790438E+01 -3.0809006E-02
2.6764000E+02 2.7427000E+02 8.6700000E+00 5.6600000E+02 9 5.5284296E+01 2.0362892E-01 3.1175777E-01 5.8780918E-02 1.3136648E-02 1.1677447E-02 1.1621221E-02 1.0072844E-04 6.2012687E-04 6.7403733E-03 1.8907223E-05 6.4351570E-03 3.2744977E-02 3.9203358E-02 6.8919597E-05 1.7526515E+00 1.8791086E+01 -3.0797401E-02
2.6764000E+02 2.7427000E+02 8.6700000E+00 5.7100000E+02 9 5.5285089E+01 2.0350398E-01 3.1101515E-01 5.8968463E-02 1.3126586E-02 1.1652117E-02 1.1596491E-02 9.9653199E-05 6.1911030E-04 6.7355210E-03 1.8705396E-05 6.4284437E-03 3.2602149E-02 3.9173199E-02 6.8866503E-05 1.7520266E+00 1.8791720E+01 -3.0789811E-02
2.6764000E+02 2.7427000E+02 8.6700000E+00 5.7600000E+02 9 5.5285814E+01 2.0339312E-01 3.1033496E-01 5.9141103E-02 1.3117485E-02 1.1628022E-02 1.1572988E-02 9.8592514E-05 6.1822787E-04 6.7311508E-03 1.8506300E-05 6.4222238E-03 3.2471445E-02 3.9145912E-02 6.8816888E-05 1.7514182E+00 1.8792336E+01 -3.0785406E-02
2.6764000E+02 2.7427000E+02 8.6700000E+00 5.8100000E+02 9 5.5286479E+01 2.0329482E-01 3.0971029E-01 5.9300558E-02 1.3109263E-02 1.1605054E-02 1.1550604E-02 9.7546611E-05 6.1745988E-04 6.7272215E-03 1.8309979E-05 6.4164571E-03 3.2351430E-02 3.9121251E-02 6.8770587E-05 1.7508273E+00 1.8792935E+01 -3.0783610E-02
2.6764000E+02 2.7427000E+02 8.6700000E+00 5.8200000E+02 9 5.5278742E+01 2.1906026E-01 3.4300099E-01 5.9331935E-02 1.5617006E-02 1.3385109E-02 1.3330775E-02 9.7338024E-05 7.2171842E-04 8.0057517E-03 1.8270826E-05 7.6263747E-03 3.2333069E-02 4.6606479E-02 8.0019852E-05 1.7474407E+00 1.8792946E+01 -3.0998363E-02
2.6764000E+02 2.7427000E+02 8.6700000E+00 5.8700000E+02 9 5.5287367E+01 2.0288779E-01 3.0852149E-01 5.9482646E-02 1.3059709E-02 1.1572037E-02 1.1518744E-02 9.5473349E-05 6.1165139E-04 6.7014011E-03 1.7920817E-05 6.3901413E-03 3.2220937E-02 3.8973278E-02 6.8643878E-05 1.7478186E+00 1.8795908E+01 -3.0941796E-02
2.6764000E+02 2.7427000E+02 8.6700000E+00 5.9200000E+02 9 5.5287775E+01 2.0317278E-01 3.0868666E-01 5.9629121E-02 1.3107984E-02 1.1578105E-02 1.1525703E-02 9.3877802E-05 6.1761962E-04 6.7258968E-03 1.7621325E-05 6.4112526E-03 3.2115587E-02 3.9117271E-02 6.8437794E-05 1.7507290E+00 1.8793297E+01 -3.0713543E-02
2.6764000E+02 2.7427000E+02 8.6700000E+00 5.9700000E+02 9 5.5288151E+01 2.0347943E-01 3.0886327E-01 5.9770419E-02 1.3156135E-02 1.1580835E-02 1.1529330E-02 9.2270701E-05 6.2042742E-04 6.7504846E-03 1.7319664E-05 6.4321011E-03 3.2014890E-02 3.9260832E-02 6.8575465E-05 1.7534491E+00 1.8790486E+01 -3.0496155E-02
2.6764000E+02 2.7427000E+02 8.6700000E+00 6.0200000E+02 9 5.5288538E+01 2.0370587E-01 3.0889633E-01 5.9904620E-02 1.3191213E-02 1.1577665E-02 1.1527070E-02 9.0639582E-05 6.2111279E-04 6.7683172E-03 1.7013495E-05 6.4467179E-03 3.1920194E-02 3.9365413E-02 6.8719143E-05 1.7553413E+00 1.8788474E+01 -3.0337293E-02
2.6764000E+02 2.7427000E+02 8.6700000E+00 6.0700000E+02 9 5.5288933E+01 2.0384963E-01 3.0879570E-01 6.0030729E-02 1.3213699E-02 1.1569789E-02 1.1520098E-02 8.9020958E-05 6.2089856E-04 6.7796510E-03 1.6709672E-05 6.4553732E-03 3.1831946E-02 3.9432446E-02 6.8815495E-05 1.7564133E+00 1.8787313E+01 -3.0233985E-02
2.6764000E+02 2.7427000E+02 8.6700000E+00 6.1200000E+02 9 5.5289326E+01 2.0393261E-01 3.0860404E-01 6.0148626E-02 1.3226963E-02 1.1558722E-02 1.1509914E-02 8.7438389E-05 6.2021059E-04 6.7862449E-03 1.6412616E-05 6.4596769E-03 3.1750032E-02 3.9471974E-02 6.8868846E-05 1.7569035E+00 1.8786765E+01 -3.0171341E-02
2.6764000E+02 2.7427000E+02 8.6700000E+00 6.1700000E+02 9 5.5289709E+01 2.0397600E-01 3.0835968E-01 6.0258680E-02 1.3234163E-02 1.1545627E-02 1.1497676E-02 8.5903923E-05 6.1936964E-04 6.7897392E-03 1.6124589E-05 6.4611313E-03 3.1674053E-02 3.9493402E-02 6.8892391E-05 1.7570130E+00 1.8786621E+01 -3.0136220E-02
2.6764000E+02 2.7427000E+02 8.6700000E+00 6.2200000E+02 9 5.5290075E+01 2.0399535E-01 3.0808977E-01 6.0361472E-02 1.3237611E-02 1.1531322E-02 1.1484198E-02 8.4422540E-05 6.1860742E-04 6.7913321E-03 1.5846526E-05 6.4608380E-03 3.1603500E-02 3.9503632E-02 6.8897352E-05 1.7568847E+00 1.8786731E+01 -3.0119024E-02
2.6764000E+02 2.7427000E+02 8.6700000E+00 6.2700000E+02 9 5.5290423E+01 2.0400108E-01 3.0781168E-01 6.0457640E-02 1.3238843E-02 1.1516370E-02 1.1470042E-02 8.2995175E-05 6.1799588E-04 6.7918152E-03 1.5578603E-05 6.4595284E-03 3.1537849E-02 3.9507240E-02 6.8891461E-05 1.7566132E+00 1.8786994E+01 -3.0113273E-02
2.6764000E+02 2.7427000E+02 8.6700000E+00 6.3200000E+02 9 5.5290752E+01 2.0399974E-01 3.0753570E-01 6.0547807E-02 1.3238821E-02 1.1501152E-02 1.1455592E-02 8.1620581E-05 6.1752773E-04 6.7916827E-03 1.5320584E-05 6.4576623E-03 3.1476610E-02 3.9507102E-02 6.8879594E-05 1.7562585E+00 1.8787346E+01 -3.0114766E-02
2.6764000E+02 2.7427000E+02 8.6700000E+00 6.3700000E+02 9 5.5291062E+01 2.0399521E-01 3.0726750E-01 6.0632545E-02 1.3238127E-02 1.1485919E-02 1.1441098E-02 8.0296442E-05 6.1717633E-04 6.7912300E-03 1.5072037E-05 6.4555174E-03 3.1419339E-02 3.9504950E-02 6.8864639E-05 1.7558574E+00 1.8787748E+01 -3.0120858E-02
2.6764000E+02 2.7427000E+02 8.6700000E+00 6.4200000E+02 9 5.5291353E+01 2.0398966E-01 3.0700984E-01 6.0712364E-02 1.3237096E-02 1.1470826E-02 1.1426718E-02 7.9020012E-05 6.1691773E-04 6.7906265E-03 1.4832445E-05 6.4532541E-03 3.1365647E-02 3.9501789E-02 6.8848226E-05 1.7554320E+00 1.8788176E+01 -3.0129918E-02
2.6764000E+02 2.7427000E+02 8.6700000E+00 6.4700000E+02 9 5.5291628E+01 2.0398423E-01 3.0676379E-01 6.0787718E-02 1.3235916E-02 1.1455966E-02 1.1412545E-02 7.7788454E-05 6.1673128E-04 6.7899661E-03 1.4601275E-05 6.4509618E-03 3.1315190E-02 3.9498180E-02 6.8831232E-05 1.7549949E+00 1.8788618E+01 -3.0140956E-02
2.6764000E+02 2.7427000E+02 8.6700000E+00 6.5000000E+02 9 5.5288033E+01 2.1151353E-01 3.2248623E-01 6.0831414E-02 1.4430795E-02 1.2277193E-02 1.2234175E-02 7.7065065E-05 6.6682821E-04 7.4004239E-03 1.4465492E-05 7.0250641E-03 3.1288816E-02 4.3064222E-02 7.4672001E-05 1.7447125E+00 1.8796948E+01 -3.0749192E-02
