x y z_datum Time Well_no H2O H O Charge Al C Ca Cl Fe K Mg Na S Si U pH pe Alkalinity
2.6764000E+02 2.7427000E+02 8.6700000E+00 0.0000000E+00 9 9.9704301E-01 7.2098600E-06 6.6484776E-04 -3.2324431E-06 0.0000000E+00 1.0067647E-04 6.3262499E-05 4.3211171E-04 0.0000000E+00 2.8240956E-04 5.5605061E-05 2.2967748E-04 1.4127542E-04 0.0000000E+00 0.0000000E+00 7.0300000E+00 -2.2001569E+00 7.1999443E-03
2.6764000E+02 2.7427000E+02 8.6700000E+00 5.0000000E+00 9 5.5325589E+01 2.1539245E-02 6.6637619E-02 -2.9879219E-03 0.0000000E+00 7.0591842E-03 1.3293815E-03 1.0264845E-02 0.0000000E+00 6.0831825E-03 1.9267618E-03 8.4138071E-03 1.1600675E-02 0.0000000E+00 0.0000000E+00 3.9362818E+00 1.6448698E+01 -1.4495330E-04
2.6764000E+02 2.7427000E+02 8.6700000E+00 1.0000000E+01 9 5.5305984E+01 3.6952845E-02 1.1070375E-01 -2.6943858E-03 1.0855638E-03 7.5216378E-03 3.0807196E-03 7.9558300E-03 4.1173668E-05 5.2522186E-03 1.4933484E-03 7.0631562E-03 2.0243080E-02 3.2457343E-03 5.6652178E-06 2.3552150E+00 1.8105774E+01 -8.3262474E-03
2.6764000E+02 2.7427000E+02 8.6700000E+00 1.5000000E+01 9 5.5284856E+01 5.9589483E-02 1.5634063E-01 -2.4521963E-03 2.5472423E-03 7.8240055E-03 4.4465147E-03 6.0507177E-03 1.0410039E-04 4.8546873E-03 1.1357495E-03 6.2224702E-03 2.7374610E-02 7.6119793E-03 1.3774899E-05 2.1455576E+00 1.8350472E+01 -1.4384699E-02
2.6764000E+02 2.7427000E+02 8.6700000E+00 2.0000000E+01 9 5.5267460E+01 7.9630208E-02 1.9423420E-01 -2.2700328E-03 3.9081169E-03 8.0354219E-03 5.4577910E-03 4.6177823E-03 1.6644491E-04 4.6896248E-03 8.6678044E-04 5.7155209E-03 3.2739110E-02 1.1676193E-02 2.1725786E-05 2.0601894E+00 1.8455022E+01 -1.8265797E-02
2.6764000E+02 2.7427000E+02 8.6700000E+00 2.5000000E+01 9 5.5254293E+01 9.5298696E-02 2.2324262E-01 -2.1383037E-03 5.0115371E-03 8.2075092E-03 6.2082863E-03 3.5815740E-03 2.1737911E-04 4.6317729E-03 6.7227906E-04 5.4056528E-03 3.6618738E-02 1.4970996E-02 2.8444242E-05 2.0185679E+00 1.8507886E+01 -2.0686245E-02
2.6764000E+02 2.7427000E+02 8.6700000E+00 3.0000000E+01 9 5.5244696E+01 1.0690456E-01 2.4467743E-01 -2.0445416E-03 5.8545618E-03 8.3624997E-03 6.7749758E-03 2.8440223E-03 2.5592025E-04 4.6204840E-03 5.3383697E-04 5.2123016E-03 3.9380425E-02 1.7487999E-02 3.3722186E-05 1.9968958E+00 1.8536431E+01 -2.2177415E-02
2.6764000E+02 2.7427000E+02 8.6700000E+00 3.5000000E+01 9 5.5237796E+01 1.1531124E-01 2.6031242E-01 -1.9778950E-03 6.4806226E-03 8.5079722E-03 7.2130861E-03 2.3197664E-03 2.8368733E-04 4.6262536E-03 4.3543157E-04 5.0876640E-03 4.1343623E-02 1.9357111E-02 3.7707003E-05 1.9851952E+00 1.8552468E+01 -2.3096396E-02
2.6764000E+02 2.7427000E+02 8.6700000E+00 4.0000000E+01 9 5.5232830E+01 1.2137217E-01 2.7173225E-01 -1.9300766E-03 6.9409601E-03 8.6452984E-03 7.5603777E-03 1.9436171E-03 3.0330501E-04 4.6360867E-03 3.6482650E-04 5.0035990E-03 4.2752329E-02 2.0731432E-02 4.0656438E-05 1.9789244E+00 1.8561555E+01 -2.3666129E-02
2.6764000E+02 2.7427000E+02 8.6700000E+00 4.5000000E+01 9 5.5229219E+01 1.2576926E-01 2.8016538E-01 -1.8951655E-03 7.2802463E-03 8.7738557E-03 7.8422258E-03 1.6689992E-03 3.1714616E-04 4.6448642E-03 3.1327935E-04 4.9438172E-03 4.3780887E-02 2.1744373E-02 4.2826911E-05 1.9756397E+00 1.8566722E+01 -2.4025046E-02
2.6764000E+02 2.7427000E+02 8.6700000E+00 5.0000000E+01 9 5.5226546E+01 1.2900556E-01 2.8650341E-01 -1.8690940E-03 7.5330702E-03 8.8928672E-03 8.0757140E-03 1.4639161E-03 3.2704883E-04 4.6510718E-03 2.7478425E-04 4.8989867E-03 4.4549080E-02 2.2499207E-02 4.4431648E-05 1.9738047E+00 1.8569852E+01 -2.4259542E-02
2.6764000E+02 2.7427000E+02 8.6700000E+00 5.5000000E+01 9 5.5224524E+01 1.3143421E-01 2.9136877E-01 -1.8491295E-03 7.7245919E-03 9.0020069E-03 8.2725158E-03 1.3068709E-03 3.3418640E-04 4.6546814E-03 2.4530609E-04 4.8637499E-03 4.5137390E-02 2.3071043E-02 4.5632603E-05 1.9728095E+00 1.8571765E+01 -2.4417825E-02
2.6764000E+02 2.7427000E+02 8.6700000E+00 6.0000000E+01 9 5.5222959E+01 1.3329615E-01 2.9518737E-01 -1.8334529E-03 7.8724699E-03 9.1014481E-03 8.4407914E-03 1.1835553E-03 3.3950208E-04 4.6561490E-03 2.2215916E-04 4.8349694E-03 4.5599387E-02 2.3512592E-02 4.6546532E-05 1.9722748E+00 1.8572967E+01 -2.4529134E-02
2.6764000E+02 2.7427000E+02 8.6700000E+00 6.5000000E+01 9 5.5221720E+01 1.3475459E-01 2.9824900E-01 -1.8208520E-03 7.9889012E-03 9.1917231E-03 8.5863954E-03 1.0844343E-03 3.4359162E-04 4.6560051E-03 2.0355366E-04 4.8107533E-03 4.5970774E-02 2.3860262E-02 4.7255215E-05 1.9719906E+00 1.8573749E+01 -2.4610858E-02
2.6764000E+02 2.7427000E+02 8.6700000E+00 6.6000000E+01 9 5.5215547E+01 1.4694195E-01 3.2722143E-01 -1.8184461E-03 1.0064406E-02 1.1184062E-02 1.0589298E-02 1.0655086E-03 4.2630310E-04 5.6857598E-03 2.0000120E-04 5.8164087E-03 4.6047383E-02 3.0060040E-02 5.7499773E-05 1.9674922E+00 1.8574692E+01 -2.4844835E-02
2.6764000E+02 2.7427000E+02 8.6700000E+00 6.7000000E+01 9 5.5215539E+01 1.4677225E-01 3.2683594E-01 -1.8161463E-03 1.0015109E-02 1.1149841E-02 1.0565176E-02 1.0474181E-03 4.1862321E-04 5.6504594E-03 1.9660553E-04 5.7770813E-03 4.6115922E-02 2.9912583E-02 5.8385526E-05 1.9599096E+00 1.8581092E+01 -2.5238032E-02
2.6764000E+02 2.7427000E+02 8.6700000E+00 7.2000000E+01 9 5.5217109E+01 1.3620756E-01 3.0169732E-01 -1.7694504E-03 7.8852532E-03 9.1463729E-03 8.6035262E-03 9.7250074E-04 3.3217584E-04 4.5368329E-03 1.8254317E-04 4.6689169E-03 4.7035751E-02 2.3550739E-02 4.7294403E-05 1.9337010E+00 1.8718788E+01 -2.6889859E-02
2.6764000E+02 2.7427000E+02 8.6700000E+00 7.7000000E+01 9 5.5211458E+01 1.3927482E-01 3.0833325E-01 -1.7187575E-03 8.0506690E-03 9.2248743E-03 8.7172399E-03 9.0941842E-04 3.5505015E-04 4.5842102E-03 1.7070231E-04 4.6964477E-03 4.8019185E-02 2.4044136E-02 5.3756321E-05 1.9198353E+00 1.8789587E+01 -2.7907487E-02
2.6764000E+02 2.7427000E+02 8.6700000E+00 8.2000000E+01 9 5.5206506E+01 1.4226656E-01 3.1469384E-01 -1.6761032E-03 8.2493118E-03 9.3198694E-03 8.8423035E-03 8.5555112E-04 3.7668791E-04 4.6541592E-03 1.6059115E-04 4.7473521E-03 4.8852134E-02 2.4636624E-02 6.3004998E-05 1.9126280E+00 1.8827750E+01 -2.8519047E-02
2.6764000E+02 2.7427000E+02 8.6700000E+00 8.7000000E+01 9 5.5202618E+01 1.4475312E-01 3.1995689E-01 -1.6430902E-03 8.4267633E-03 9.4095256E-03 8.9579457E-03 8.0899776E-04 3.9361350E-04 4.7174903E-03 1.5185286E-04 4.7942132E-03 4.9506721E-02 2.5165939E-02 7.1989329E-05 1.9086856E+00 1.8849851E+01 -2.8899822E-02
2.6764000E+02 2.7427000E+02 8.6700000E+00 9.1000000E+01 9 5.5198713E+01 1.4927347E-01 3.3012183E-01 -1.6221798E-03 9.0375071E-03 9.9098225E-03 9.4768426E-03 7.7567598E-04 4.2821260E-04 5.0062551E-03 1.4559820E-04 5.0647685E-03 4.9932685E-02 2.6989432E-02 8.3568156E-05 1.8981104E+00 1.8869632E+01 -2.9597557E-02
2.6764000E+02 2.7427000E+02 8.6700000E+00 9.2000000E+01 9 5.5193495E+01 1.5897610E-01 3.5271372E-01 -1.6172818E-03 1.0649669E-02 1.1380090E-02 1.0951630E-02 7.6757948E-04 5.0095342E-04 5.8119158E-03 1.4407844E-04 5.8491288E-03 5.0044411E-02 3.1804502E-02 1.0017942E-04 1.8922024E+00 1.8876605E+01 -2.9951860E-02
2.6764000E+02 2.7427000E+02 8.6700000E+00 9.7000000E+01 9 5.5192729E+01 1.4815316E-01 3.2846608E-01 -2.2064734E-03 8.4618616E-03 9.4048131E-03 8.9962749E-03 7.3188919E-04 3.9744955E-04 4.6909982E-03 1.3737920E-04 4.7463205E-03 5.1375316E-02 2.5270039E-02 8.4528580E-05 1.8740298E+00 1.8911415E+01 -3.1534120E-02
2.6764000E+02 2.7427000E+02 8.6700000E+00 1.0200000E+02 9 5.5184601E+01 1.5144970E-01 3.3671091E-01 -2.8900606E-03 8.6404745E-03 9.4782137E-03 9.0873794E-03 7.0017302E-04 4.2302688E-04 4.7640584E-03 1.3142592E-04 4.8054737E-03 5.2781485E-02 2.5802651E-02 8.9930354E-05 1.8630338E+00 1.8934964E+01 -3.2658502E-02
2.6764000E+02 2.7427000E+02 8.6700000E+00 1.0700000E+02 9 5.5177747E+01 1.5447803E-01 3.4409826E-01 -3.4646040E-03 8.8320475E-03 9.5605941E-03 9.1856045E-03 6.7178752E-04 4.4403953E-04 4.8456619E-03 1.2609782E-04 4.8736405E-03 5.3949039E-02 2.6373929E-02 9.5873207E-05 1.8568732E+00 1.8949892E+01 -3.3402423E-02
2.6764000E+02 2.7427000E+02 8.6700000E+00 1.1200000E+02 9 5.5172476E+01 1.5693139E-01 3.5000823E-01 -3.8990296E-03 8.9976736E-03 9.6358478E-03 9.2751299E-03 6.4621992E-04 4.6021465E-04 4.9154733E-03 1.2129866E-04 4.9318849E-03 5.4845786E-02 2.6867872E-02 1.0113905E-04 1.8533222E+00 1.8959422E+01 -3.3895795E-02
2.6764000E+02 2.7427000E+02 8.6700000E+00 1.1700000E+02 9 5.5168560E+01 1.5883222E-01 3.5455218E-01 -4.2133387E-03 9.1309658E-03 9.7009466E-03 9.3531582E-03 6.2305698E-04 4.7222716E-04 4.9699921E-03 1.1695086E-04 4.9767873E-03 5.5516228E-02 2.7265420E-02 1.0545848E-04 1.8512440E+00 1.8965583E+01 -3.4225615E-02
2.6764000E+02 2.7427000E+02 8.6700000E+00 1.2200000E+02 9 5.5165677E+01 1.6028581E-01 3.5801127E-01 -4.4365614E-03 9.2356076E-03 9.7566534E-03 9.4206400E-03 6.0196239E-04 4.8116291E-04 5.0109440E-03 1.1299130E-04 5.0097912E-03 5.6015540E-02 2.7577546E-02 1.0887734E-04 1.8499854E+00 1.8969664E+01 -3.4450025E-02
2.6764000E+02 2.7427000E+02 8.6700000E+00 1.2400000E+02 9 5.5159671E+01 1.7084107E-01 3.8203778E-01 -4.5131419E-03 1.0950166E-02 1.1193069E-02 1.0861592E-02 5.9383572E-04 5.7649172E-04 5.8710964E-03 1.1146589E-04 5.8407533E-03 5.6207791E-02 3.2697283E-02 1.2909999E-04 1.8401822E+00 1.8979492E+01 -3.5098753E-02
2.6764000E+02 2.7427000E+02 8.6700000E+00 1.2500000E+02 9 5.5157810E+01 1.7387943E-01 3.8909793E-01 -4.5484841E-03 1.1437551E-02 1.1641945E-02 1.1312694E-02 5.8984782E-04 5.8850987E-04 6.1139157E-03 1.1071734E-04 6.0764047E-03 5.6296532E-02 3.4152872E-02 1.3611253E-04 1.8335591E+00 1.8986143E+01 -3.5571138E-02
2.6764000E+02 2.7427000E+02 8.6700000E+00 1.3000000E+02 9 5.5163228E+01 1.6050967E-01 3.5907091E-01 -4.6705386E-03 9.1375795E-03 9.7062717E-03 9.3861226E-03 5.7354182E-04 4.6640730E-04 4.9445313E-03 1.0765662E-04 4.9386443E-03 5.6572716E-02 2.7284660E-02 1.1199175E-04 1.8352541E+00 1.8987274E+01 -3.5652744E-02
2.6764000E+02 2.7427000E+02 8.6700000E+00 1.3100000E+02 9 5.5155942E+01 1.7467532E-01 3.9121218E-01 -4.6930881E-03 1.1485098E-02 1.1674125E-02 1.1355766E-02 5.7033454E-04 6.1151421E-04 6.1266478E-03 1.0705460E-04 6.0832483E-03 5.6648351E-02 3.4294677E-02 1.3620594E-04 1.8315272E+00 1.8990370E+01 -3.5845911E-02
2.6764000E+02 2.7427000E+02 8.6700000E+00 1.3200000E+02 9 5.5155776E+01 1.7457728E-01 3.9095823E-01 -4.7140036E-03 1.1449337E-02 1.1648490E-02 1.1331906E-02 5.6715539E-04 5.9454464E-04 6.1070776E-03 1.0645786E-04 6.0626919E-03 5.6704232E-02 3.4187640E-02 1.3854723E-04 1.8274661E+00 1.8994355E+01 -3.6131869E-02
2.6764000E+02 2.7427000E+02 8.6700000E+00 1.3700000E+02 9 5.5153923E+01 1.6288424E-01 3.6615066E-01 -6.1038375E-03 9.1552934E-03 9.7239474E-03 9.4155712E-03 5.5245071E-04 4.7114136E-04 4.9413720E-03 1.0369772E-04 4.9294451E-03 5.8435311E-02 2.7337218E-02 1.1365176E-04 1.8165825E+00 1.8986913E+01 -3.7624549E-02
2.6764000E+02 2.7427000E+02 8.6700000E+00 1.4200000E+02 9 5.5143375E+01 1.6669842E-01 3.7622448E-01 -7.6953096E-03 9.3819176E-03 9.8450395E-03 9.5442618E-03 5.3883828E-04 4.9952934E-04 5.0492037E-03 1.0114260E-04 5.0270770E-03 6.0404481E-02 2.8013211E-02 1.1235547E-04 1.8102417E+00 1.8964902E+01 -3.8751206E-02
2.6764000E+02 2.7427000E+02 8.6700000E+00 1.4700000E+02 9 5.5134281E+01 1.7022827E-01 3.8529797E-01 -9.0460388E-03 9.6142730E-03 9.9692806E-03 9.6755766E-03 5.2616574E-04 5.1882603E-04 5.1605476E-03 9.8763897E-05 5.1281976E-03 6.2075847E-02 2.8706282E-02 1.0934369E-04 1.8069763E+00 1.8936880E+01 -3.9539625E-02
2.6764000E+02 2.7427000E+02 8.6700000E+00 1.5200000E+02 9 5.5127212E+01 1.7306211E-01 3.9250965E-01 -1.0082907E-02 9.8079425E-03 1.0076199E-02 9.7891163E-03 5.1430421E-04 5.3162400E-04 5.2524848E-03 9.6537430E-05 5.2115331E-03 6.3366590E-02 2.9283993E-02 1.0454583E-04 1.8051517E+00 1.8907725E+01 -4.0091944E-02
2.6764000E+02 2.7427000E+02 8.6700000E+00 1.5700000E+02 9 5.5121935E+01 1.7522465E-01 3.9798578E-01 -1.0846463E-02 9.9586854E-03 1.0163302E-02 9.8824430E-03 5.0315364E-04 5.3986461E-04 5.3228058E-03 9.4444412E-05 5.2749411E-03 6.4327520E-02 2.9733682E-02 9.8857304E-05 1.8040542E+00 1.8880060E+01 -4.0480219E-02
2.6764000E+02 2.7427000E+02 8.6700000E+00 1.6200000E+02 9 5.5118050E+01 1.7684808E-01 4.0208409E-01 -1.1399325E-02 1.0073341E-02 1.0233206E-02 9.9582178E-03 4.9263644E-04 5.4503922E-04 5.3749952E-03 9.2470282E-05 5.3216012E-03 6.5034580E-02 3.0075736E-02 9.3071768E-05 1.8033556E+00 1.8855406E+01 -4.0755167E-02
2.6764000E+02 2.7427000E+02 8.6700000E+00 1.6700000E+02 9 5.5115188E+01 1.7806851E-01 4.0515883E-01 -1.1798630E-02 1.0160427E-02 1.0289494E-02 1.0020058E-02 4.8269103E-04 5.4834380E-04 5.4133994E-03 9.0603481E-05 5.3555229E-03 6.5556511E-02 3.0335559E-02 8.7703281E-05 1.8028926E+00 1.8834484E+01 -4.0952456E-02
2.6764000E+02 2.7427000E+02 8.6700000E+00 1.6800000E+02 9 5.5107471E+01 1.9271173E-01 4.3798995E-01 -1.1872792E-02 1.2559869E-02 1.2237245E-02 1.1968906E-02 4.8072436E-04 6.9710166E-04 6.6242146E-03 9.0234326E-05 6.5244700E-03 6.5661746E-02 3.7500079E-02 1.0031664E-04 1.7984854E+00 1.8832492E+01 -4.1220598E-02
2.6764000E+02 2.7427000E+02 8.6700000E+00 1.6900000E+02 9 5.5107155E+01 1.9255936E-01 4.3762853E-01 -1.1941677E-02 1.2507571E-02 1.2200395E-02 1.1933142E-02 4.7877963E-04 6.7182860E-04 6.5969494E-03 8.9869292E-05 6.4969463E-03 6.5753673E-02 3.7343694E-02 9.9999111E-05 1.7934172E+00 1.8832617E+01 -4.1630945E-02
2.6764000E+02 2.7427000E+02 8.6700000E+00 1.7400000E+02 9 5.5121712E+01 1.7005151E-01 3.9899218E-01 -1.6856916E-02 1.0010099E-02 1.0203615E-02 9.9415094E-03 4.6955843E-04 5.2342657E-04 5.3292497E-03 8.8138427E-05 5.2718640E-03 6.4545240E-02 2.9886698E-02 8.0314306E-05 1.8747614E+00 1.8738495E+01 -3.5554004E-02
2.6764000E+02 2.7427000E+02 8.6700000E+00 1.7500000E+02 9 5.5117111E+01 1.8097120E-01 4.2716988E-01 -1.7986862E-02 1.2151914E-02 1.2137029E-02 1.1875941E-02 4.6773393E-04 6.3032160E-04 6.4051409E-03 8.7795958E-05 6.3212061E-03 6.4258279E-02 3.6284131E-02 9.0946327E-05 1.8907258E+00 1.8717395E+01 -3.4381202E-02
2.6764000E+02 2.7427000E+02 8.6700000E+00 1.7600000E+02 9 5.5119467E+01 1.7815570E-01 4.2409118E-01 -1.9205771E-02 1.2012275E-02 1.2094638E-02 1.1834558E-02 4.6592882E-04 6.0344985E-04 6.3320964E-03 8.7457130E-05 6.2533321E-03 6.3930879E-02 3.5867753E-02 9.0249603E-05 1.9080243E+00 1.8696430E+01 -3.3203581E-02
2.6764000E+02 2.7427000E+02 8.6700000E+00 1.8100000E+02 9 5.5060601E+01 1.7636484E-01 4.3956254E-01 -3.0323236E-02 9.4959580E-03 1.0116234E-02 9.8609426E-03 4.5735068E-04 4.6601304E-04 5.0541317E-03 8.5846972E-05 5.0209782E-03 7.6285279E-02 2.8355021E-02 7.2139004E-05 1.7831591E+00 1.8814111E+01 -4.6891543E-02
2.6764000E+02 2.7427000E+02 8.6700000E+00 1.8600000E+02 9 5.4978733E+01 1.9708203E-01 5.0249142E-01 -4.1202144E-02 9.7246865E-03 1.0179615E-02 9.9288809E-03 4.4918683E-04 5.1204815E-04 5.1680383E-03 8.4314576E-05 5.1218919E-03 9.1316834E-02 2.9036443E-02 6.9959787E-05 1.6710848E+00 1.8918239E+01 -6.3780029E-02
2.6764000E+02 2.7427000E+02 8.6700000E+00 1.9100000E+02 9 5.4906887E+01 2.1807543E-01 5.6088152E-01 -5.0000407E-02 1.0267661E-02 1.0258491E-02 1.0012099E-02 4.4140746E-04 5.8690600E-04 5.4473018E-03 8.2854351E-05 5.3685481E-03 1.0426887E-01 3.0653223E-02 7.0359743E-05 1.6016455E+00 1.8980799E+01 -7.7745192E-02
2.6764000E+02 2.7427000E+02 8.6700000E+00 1.9600000E+02 9 5.4850690E+01 2.3599339E-01 6.0841697E-01 -5.6616366E-02 1.0893648E-02 1.0330761E-02 1.0088512E-02 4.3398552E-04 6.6378808E-04 5.7707583E-03 8.1461216E-05 5.6534694E-03 1.1426173E-01 3.2516923E-02 7.1629231E-05 1.5601634E+00 1.9016574E+01 -8.7978757E-02
2.6764000E+02 2.7427000E+02 8.6700000E+00 2.0100000E+02 9 5.4808798E+01 2.5021719E-01 6.4500083E-01 -6.1440654E-02 1.1483405E-02 1.0392136E-02 1.0153844E-02 4.2689626E-04 7.3103632E-04 6.0756437E-03 8.0130528E-05 5.9215688E-03 1.2162832E-01 3.4272668E-02 7.3000310E-05 1.5351946E+00 1.9036873E+01 -9.5119644E-02
2.6764000E+02 2.7427000E+02 8.6700000E+00 2.0600000E+02 9 5.4778220E+01 2.6112144E-01 6.7243632E-01 -6.4920581E-02 1.1991184E-02 1.0443449E-02 1.0208941E-02 4.2011698E-04 7.8532453E-04 6.3376921E-03 7.8858024E-05 6.1519161E-03 1.2695538E-01 3.5784380E-02 7.4176466E-05 1.5200140E+00 1.9048253E+01 -9.9994790E-02
2.6764000E+02 2.7427000E+02 8.6700000E+00 2.1100000E+02 9 5.4756020E+01 2.6936310E-01 6.9283917E-01 -6.7435375E-02 1.2409974E-02 1.0486656E-02 1.0255770E-02 4.1362678E-04 8.2821211E-04 6.5529491E-03 7.7639782E-05 6.3415444E-03 1.3079162E-01 3.7031267E-02 7.5086449E-05 1.5107305E+00 1.9054445E+01 -1.0329685E-01
2.6764000E+02 2.7427000E+02 8.6700000E+00 2.1600000E+02 9 5.4739809E+01 2.7559138E-01 7.0807265E-01 -6.9273198E-02 1.2749567E-02 1.0523699E-02 1.0296286E-02 4.0740640E-04 8.6187368E-04 6.7264631E-03 7.6472185E-05 6.4950698E-03 1.3357315E-01 3.8042503E-02 7.5752242E-05 1.5050383E+00 1.9057614E+01 -1.0553762E-01
2.6764000E+02 2.7427000E+02 8.6700000E+00 2.2100000E+02 9 5.4727801E+01 2.8034644E-01 7.1959643E-01 -7.0640739E-02 1.3024594E-02 1.0556226E-02 1.0332145E-02 4.0143807E-04 8.8834306E-04 6.8659948E-03 7.5351900E-05 6.6191672E-03 1.3562076E-01 3.8861641E-02 7.6223327E-05 1.5015470E+00 1.9059031E+01 -1.0707331E-01
2.6764000E+02 2.7427000E+02 8.6700000E+00 2.2600000E+02 9 5.4718724E+01 2.8403672E-01 7.2848006E-01 -7.1681256E-02 1.3249013E-02 1.0585543E-02 1.0364661E-02 3.9570537E-04 9.0927100E-04 6.9790115E-03 7.4275844E-05 6.7201266E-03 1.3716002E-01 3.9530198E-02 7.6548738E-05 1.4994090E+00 1.9059450E+01 -1.0814348E-01
2.6764000E+02 2.7427000E+02 8.6700000E+00 2.3100000E+02 9 5.4711705E+01 2.8695669E-01 7.3547792E-01 -7.2492152E-02 1.3434232E-02 1.0612631E-02 1.0394826E-02 3.9019315E-04 9.2593436E-04 7.0716370E-03 7.3241174E-05 6.8030630E-03 1.3834531E-01 4.0082105E-02 7.6768334E-05 1.4981039E+00 1.9059317E+01 -1.0890598E-01
2.6764000E+02 2.7427000E+02 8.6700000E+00 2.3600000E+02 9 5.4706146E+01 2.8931358E-01 7.4111201E-01 -7.3139157E-02 1.3588992E-02 1.0638199E-02 1.0423356E-02 3.8488740E-04 9.3931361E-04 7.1485504E-03 7.2245258E-05 6.8719020E-03 1.3928085E-01 4.0543351E-02 7.6912055E-05 1.4973125E+00 1.9058898E+01 -1.0946353E-01
2.6764000E+02 2.7427000E+02 8.6700000E+00 2.4100000E+02 9 5.4701645E+01 2.9125140E-01 7.4574133E-01 -7.3666725E-02 1.3719817E-02 1.0662730E-02 1.0450740E-02 3.7977515E-04 9.5015757E-04 7.2132138E-03 7.1285662E-05 6.9295995E-03 1.4003680E-01 4.0933332E-02 7.7001644E-05 1.4968384E+00 1.9058346E+01 -1.0988268E-01
2.6764000E+02 2.7427000E+02 8.6700000E+00 2.4600000E+02 9 5.4697927E+01 2.9287071E-01 7.4961413E-01 -7.4105233E-02 1.3831555E-02 1.0686536E-02 1.0477299E-02 3.7484440E-04 9.5903666E-04 7.2681712E-03 7.0360137E-05 6.9783803E-03 1.4066069E-01 4.1266469E-02 7.7052719E-05 1.4965607E+00 1.9057749E+01 -1.1020664E-01
2.6764000E+02 2.7427000E+02 8.6700000E+00 2.5100000E+02 9 5.4694802E+01 2.9424262E-01 7.5290441E-01 -7.4475785E-02 1.3927843E-02 1.0709801E-02 1.0503222E-02 3.7008406E-04 9.6638282E-04 7.3153045E-03 6.9466597E-05 7.0199346E-03 1.4118513E-01 4.1553572E-02 7.7076509E-05 1.4964043E+00 1.9057159E+01 -1.1046378E-01
2.6764000E+02 2.7427000E+02 8.6700000E+00 2.5600000E+02 9 5.4692137E+01 2.9541851E-01 7.5573656E-01 -7.4793352E-02 1.4011448E-02 1.0732619E-02 1.0528607E-02 3.6548383E-04 9.7252359E-04 7.3560314E-03 6.8603112E-05 7.0555662E-03 1.4163296E-01 4.1802883E-02 7.7081145E-05 1.4963226E+00 1.9056603E+01 -1.1067297E-01
2.6764000E+02 2.7427000E+02 8.6700000E+00 2.6100000E+02 9 5.4689836E+01 2.9643629E-01 7.5820147E-01 -7.5068800E-02 1.4084518E-02 1.0755020E-02 1.0553492E-02 3.6103419E-04 9.7770855E-04 7.3914398E-03 6.7767894E-05 7.0862958E-03 1.4202050E-01 4.2020793E-02 7.7072568E-05 1.4962860E+00 1.9056092E+01 -1.1084700E-01
2.6764000E+02 2.7427000E+02 8.6700000E+00 2.6400000E+02 9 5.4683790E+01 3.0658778E-01 7.7906140E-01 -7.5220838E-02 1.5612036E-02 1.1652789E-02 1.1452722E-02 3.5841666E-04 1.1096738E-03 8.1718192E-03 6.7276569E-05 7.8168105E-03 1.4223705E-01 4.6577489E-02 8.4374963E-05 1.4917689E+00 1.9058229E+01 -1.1172111E-01
2.6764000E+02 2.7427000E+02 8.6700000E+00 2.6500000E+02 9 5.4678594E+01 3.1637252E-01 7.9918100E-01 -7.5270114E-02 1.7120552E-02 1.2573826E-02 1.2374243E-02 3.5754988E-04 1.2473390E-03 8.9423426E-03 6.7113870E-05 8.5410795E-03 1.4230896E-01 5.1078037E-02 9.1277886E-05 1.4891367E+00 1.9058865E+01 -1.1218761E-01
2.6764000E+02 2.7427000E+02 8.6700000E+00 2.7000000E+02 9 5.4686062E+01 2.9913760E-01 7.6436390E-01 -7.5444007E-02 1.4393395E-02 1.0951631E-02 1.0753263E-02 3.5537250E-04 9.7922955E-04 7.5463720E-03 6.6705165E-05 7.2297153E-03 1.4254489E-01 4.2942359E-02 7.8877592E-05 1.5016635E+00 1.9048315E+01 -1.0999483E-01
2.6764000E+02 2.7427000E+02 8.6700000E+00 2.7500000E+02 9 5.4683180E+01 3.0282058E-01 7.7223548E-01 -7.5606293E-02 1.4922777E-02 1.1274531E-02 1.1077820E-02 3.5240486E-04 1.0335542E-03 7.8154336E-03 6.6148126E-05 7.4814446E-03 1.4277233E-01 4.4521702E-02 8.0719932E-05 1.5144888E+00 1.9033829E+01 -1.0766947E-01
2.6764000E+02 2.7427000E+02 8.6700000E+00 2.8000000E+02 9 5.4680742E+01 3.0576796E-01 7.7863163E-01 -7.5756941E-02 1.5341097E-02 1.1551715E-02 1.1356792E-02 3.4920097E-04 1.0646877E-03 8.0270080E-03 6.5546740E-05 7.6803183E-03 1.4298452E-01 4.5769964E-02 8.2551809E-05 1.5246995E+00 1.9021801E+01 -1.0584254E-01
2.6764000E+02 2.7427000E+02 8.6700000E+00 2.8500000E+02 9 5.4678765E+01 3.0794811E-01 7.8353239E-01 -7.5895403E-02 1.5647959E-02 1.1779709E-02 1.1586570E-02 3.4600507E-04 1.0825318E-03 8.1810481E-03 6.4946852E-05 7.8263125E-03 1.4317979E-01 4.6685918E-02 8.3894077E-05 1.5322716E+00 1.9012757E+01 -1.0451213E-01
2.6764000E+02 2.7427000E+02 8.6700000E+00 2.8900000E+02 9 5.4675189E+01 3.1379122E-01 7.9589217E-01 -7.5998794E-02 1.6536790E-02 1.2367172E-02 1.2175431E-02 3.4350035E-04 1.1500710E-03 8.6328665E-03 6.4476706E-05 8.2526375E-03 1.4332700E-01 4.9338107E-02 8.8097219E-05 1.5341565E+00 1.9008906E+01 -1.0416379E-01
2.6764000E+02 2.7427000E+02 8.6700000E+00 2.9000000E+02 9 5.4667776E+01 3.2833791E-01 8.2609536E-01 -7.6024189E-02 1.8813456E-02 1.3812980E-02 1.3621587E-02 3.4287794E-04 1.3653992E-03 9.7946512E-03 6.4359875E-05 9.3481948E-03 1.4336652E-01 5.6131215E-02 9.7906038E-05 1.5333444E+00 1.9006936E+01 -1.0423025E-01
2.6764000E+02 2.7427000E+02 8.6700000E+00 2.9500000E+02 9 5.4730044E+01 2.9594220E-01 7.4751796E-01 -6.9590704E-02 1.5791031E-02 1.1998596E-02 1.1808881E-02 3.3987018E-04 1.0597012E-03 8.2471334E-03 6.3795304E-05 7.8940817E-03 1.3363888E-01 4.7114020E-02 8.4756805E-05 1.5865817E+00 1.8956496E+01 -9.1313752E-02
2.6764000E+02 2.7427000E+02 8.6700000E+00 3.0000000E+02 9 5.4797563E+01 2.7838245E-01 6.9705122E-01 -6.1389073E-02 1.5694014E-02 1.2119504E-02 1.1931414E-02 3.3695924E-04 1.0543099E-03 8.1898672E-03 6.3248907E-05 7.8523949E-03 1.2124831E-01 4.6827316E-02 8.3696024E-05 1.6610430E+00 1.8881667E+01 -7.5661359E-02
2.6764000E+02 2.7427000E+02 8.6700000E+00 3.0100000E+02 9 5.4803220E+01 2.9105313E-01 7.2180822E-01 -5.9718071E-02 1.8292880E-02 1.4037340E-02 1.3849573E-02 3.3638085E-04 1.2874912E-03 9.5080074E-03 6.3140340E-05 9.1132979E-03 1.1872903E-01 5.4585901E-02 9.5017171E-05 1.6755603E+00 1.8863686E+01 -7.2720165E-02
2.6764000E+02 2.7427000E+02 8.6700000E+00 3.0200000E+02 9 5.4817335E+01 2.8671656E-01 7.1002311E-01 -5.8049812E-02 1.8150919E-02 1.4029838E-02 1.3842392E-02 3.3580615E-04 1.2394283E-03 9.4329056E-03 6.3032467E-05 9.0473012E-03 1.1620962E-01 5.4163365E-02 9.5576344E-05 1.6897043E+00 1.8848055E+01 -6.9964935E-02
2.6764000E+02 2.7427000E+02 8.6700000E+00 3.0300000E+02 9 5.4831407E+01 2.8213291E-01 6.9790810E-01 -5.6404324E-02 1.7970758E-02 1.4006184E-02 1.3820147E-02 3.3328233E-04 1.2025292E-03 9.3367424E-03 6.2558732E-05 8.9617911E-03 1.1372936E-01 5.3626982E-02 9.5090949E-05 1.7028777E+00 1.8834667E+01 -6.7443687E-02
2.6764000E+02 2.7427000E+02 8.6700000E+00 3.0800000E+02 9 5.4898192E+01 2.4727545E-01 6.1355212E-01 -4.9510997E-02 1.4720630E-02 1.2026091E-02 1.1844183E-02 3.2588483E-04 9.2754751E-04 7.6697796E-03 6.1170186E-05 7.3950781E-03 1.0331736E-01 4.3930387E-02 7.8948692E-05 1.7660126E+00 1.8777475E+01 -5.6962984E-02
2.6764000E+02 2.7427000E+02 8.6700000E+00 3.1300000E+02 9 5.4944038E+01 2.3231097E-01 5.7460763E-01 -4.4158623E-02 1.4167155E-02 1.2010573E-02 1.1832520E-02 3.1898000E-04 8.6684173E-04 7.3727527E-03 5.9874115E-05 7.1356785E-03 9.5235425E-02 4.2283551E-02 7.5569628E-05 1.8207511E+00 1.8723728E+01 -4.9042545E-02
2.6764000E+02 2.7427000E+02 8.6700000E+00 3.1800000E+02 9 5.4978859E+01 2.2042694E-01 5.4431101E-01 -4.0132099E-02 1.3664222E-02 1.2012632E-02 1.1838524E-02 3.1191142E-04 7.9425360E-04 7.1024929E-03 5.8547308E-05 6.8991303E-03 8.9156321E-02 4.0786958E-02 7.3149009E-05 1.8639823E+00 1.8680541E+01 -4.3441955E-02
2.6764000E+02 2.7427000E+02 8.6700000E+00 3.2300000E+02 9 5.5004971E+01 2.1100243E-01 5.2089771E-01 -3.7150732E-02 1.3208495E-02 1.2017568E-02 1.1847424E-02 3.0480901E-04 7.2885915E-04 6.8576504E-03 5.7214149E-05 6.6835910E-03 8.4656118E-02 3.9430518E-02 7.1127998E-05 1.8959772E+00 1.8648390E+01 -3.9616025E-02
2.6764000E+02 2.7427000E+02 8.6700000E+00 3.2800000E+02 9 5.5024453E+01 2.0356401E-01 5.0288617E-01 -3.4956815E-02 1.2806933E-02 1.2021828E-02 1.1855561E-02 2.9786509E-04 6.7551619E-04 6.6420214E-03 5.5910743E-05 6.4924295E-03 8.1345435E-02 3.8234978E-02 6.9391633E-05 1.9185350E+00 1.8625657E+01 -3.7046867E-02
2.6764000E+02 2.7427000E+02 8.6700000E+00 3.2900000E+02 9 5.5021930E+01 2.1453152E-01 5.2804879E-01 -3.4547522E-02 1.4808395E-02 1.3903458E-02 1.3737961E-02 2.9648418E-04 7.5553532E-04 7.6475828E-03 5.5651539E-05 7.4736356E-03 8.0733199E-02 4.4213873E-02 7.8755919E-05 1.9210821E+00 1.8619825E+01 -3.6679314E-02
2.6764000E+02 2.7427000E+02 8.6700000E+00 3.3000000E+02 9 5.5025501E+01 2.1287797E-01 5.2415648E-01 -3.4165782E-02 1.4681003E-02 1.3868869E-02 1.3704138E-02 2.9511262E-04 7.3603641E-04 7.5810902E-03 5.5394089E-05 7.4119088E-03 8.0157945E-02 4.3833914E-02 7.9192976E-05 1.9212906E+00 1.8618321E+01 -3.6504320E-02
2.6764000E+02 2.7427000E+02 8.6700000E+00 3.3500000E+02 9 5.5016310E+01 2.0432302E-01 5.0250371E-01 -3.3303960E-02 1.2145181E-02 1.1901374E-02 1.1740280E-02 2.8859608E-04 6.0372516E-04 6.2923650E-03 5.4170904E-05 6.1737580E-03 8.3280078E-02 3.6262737E-02 6.6899894E-05 1.8294234E+00 1.8714869E+01 -4.4511011E-02
2.6764000E+02 2.7427000E+02 8.6700000E+00 3.4000000E+02 9 5.4989325E+01 2.1473277E-01 5.2261418E-01 -3.2933335E-02 1.2170774E-02 1.1898112E-02 1.1740440E-02 2.8246749E-04 6.2897602E-04 6.3034430E-03 5.3020538E-05 6.1789480E-03 8.8233342E-02 3.6338167E-02 6.6547846E-05 1.7454007E+00 1.8799532E+01 -5.3701865E-02
2.6764000E+02 2.7427000E+02 8.6700000E+00 3.4500000E+02 9 5.4962817E+01 2.2640586E-01 5.4487629E-01 -3.2749382E-02 1.2463713E-02 1.1915934E-02 1.1761462E-02 2.7673382E-04 6.8046464E-04 6.4554386E-03 5.1944300E-05 6.3080723E-03 9.2918751E-02 3.7209532E-02 6.7776917E-05 1.6873302E+00 1.8857484E+01 -6.1324644E-02
2.6764000E+02 2.7427000E+02 8.6700000E+00 3.5000000E+02 9 5.4940624E+01 2.3705687E-01 5.6488200E-01 -3.2629191E-02 1.2856739E-02 1.1936333E-02 1.1784850E-02 2.7137957E-04 7.3707980E-04 6.6604523E-03 5.0939280E-05 6.4836594E-03 9.6741060E-02 3.8378874E-02 6.9502667E-05 1.6496364E+00 1.8894915E+01 -6.6982247E-02
2.6764000E+02 2.7427000E+02 8.6700000E+00 3.5500000E+02 9 5.4923284E+01 2.4594997E-01 5.8134803E-01 -3.2526729E-02 1.3254284E-02 1.1953816E-02 1.1805124E-02 2.6637822E-04 7.8938766E-04 6.8681580E-03 5.0000501E-05 6.6615455E-03 9.9666542E-02 3.9561722E-02 7.1231655E-05 1.6254402E+00 1.8918865E+01 -7.0981639E-02
2.6764000E+02 2.7427000E+02 8.6700000E+00 3.6000000E+02 9 5.4910224E+01 2.5303180E-01 5.9428122E-01 -3.2426601E-02 1.3611238E-02 1.1967354E-02 1.1821274E-02 2.6169908E-04 8.3344495E-04 7.0547160E-03 4.9122204E-05 6.8209519E-03 1.0183159E-01 4.0623815E-02 7.2757683E-05 1.6098794E+00 1.8934234E+01 -7.3740648E-02
2.6764000E+02 2.7427000E+02 8.6700000E+00 3.6500000E+02 9 5.4900589E+01 2.5852095E-01 6.0417037E-01 -3.2325606E-02 1.3912157E-02 1.1977322E-02 1.1833691E-02 2.5731112E-04 8.6869940E-04 7.2118657E-03 4.8298564E-05 6.9548372E-03 1.0340412E-01 4.1519191E-02 7.4019195E-05 1.5998119E+00 1.8944166E+01 -7.5621496E-02
2.6764000E+02 2.7427000E+02 8.6700000E+00 3.7000000E+02 9 5.4893554E+01 2.6271792E-01 6.1162775E-01 -3.2224992E-02 1.4157198E-02 1.1984447E-02 1.1843120E-02 2.5318493E-04 8.9619514E-04 7.3395780E-03 4.7524056E-05 7.0633479E-03 1.0453626E-01 4.2248326E-02 7.5024381E-05 1.5932387E+00 1.8950650E+01 -7.6899488E-02
2.6764000E+02 2.7427000E+02 8.6700000E+00 3.7500000E+02 9 5.4888426E+01 2.6591543E-01 6.1722912E-01 -3.2127094E-02 1.4353390E-02 1.1989444E-02 1.1850289E-02 2.4929350E-04 9.1733820E-04 7.4414817E-03 4.6793616E-05 7.1497627E-03 1.0535069E-01 4.2832141E-02 7.5810021E-05 1.5888914E+00 1.8954943E+01 -7.7771189E-02
2.6764000E+02 2.7427000E+02 8.6700000E+00 3.8000000E+02 9 5.4884668E+01 2.6836243E-01 6.2145369E-01 -3.2033974E-02 1.4509738E-02 1.1992899E-02 1.1855799E-02 2.4561259E-04 9.3350200E-04 7.5222796E-03 4.6102692E-05 7.2182382E-03 1.0594016E-01 4.3297427E-02 7.6419768E-05 1.5859668E+00 1.8957839E+01 -7.8371771E-02
2.6764000E+02 2.7427000E+02 8.6700000E+00 3.8500000E+02 9 5.4881883E+01 2.7025519E-01 6.2467341E-01 -3.1947010E-02 1.4634811E-02 1.1995252E-02 1.1860101E-02 2.4212063E-04 9.4591547E-04 7.5864668E-03 4.5447233E-05 7.2727122E-03 1.0637193E-01 4.3669681E-02 7.6893856E-05 1.5839586E+00 1.8959836E+01 -7.8791944E-02
2.6764000E+02 2.7427000E+02 8.6700000E+00 3.9000000E+02 9 5.4879785E+01 2.7174097E-01 6.2716430E-01 -3.1866895E-02 1.4735803E-02 1.1996817E-02 1.1863520E-02 2.3879854E-04 9.5559074E-04 7.6378324E-03 4.4823661E-05 7.3164699E-03 1.0669346E-01 4.3970298E-02 7.7265319E-05 1.5825457E+00 1.8961249E+01 -7.9091812E-02
2.6764000E+02 2.7427000E+02 8.6700000E+00 3.9500000E+02 9 5.4878176E+01 2.7292746E-01 6.2912572E-01 -3.1793792E-02 1.4818370E-02 1.1997816E-02 1.1866288E-02 2.3562954E-04 9.6323663E-04 7.6793710E-03 4.4228823E-05 7.3520779E-03 1.0693766E-01 4.4216104E-02 7.7559635E-05 1.5815242E+00 1.8962279E+01 -7.9310924E-02
2.6764000E+02 2.7427000E+02 8.6700000E+00 4.0000000E+02 9 5.4876917E+01 2.7389183E-01 6.3069919E-01 -3.1727506E-02 1.4886791E-02 1.1998403E-02 1.1868567E-02 2.3259882E-04 9.6936308E-04 7.7133658E-03 4.3659943E-05 7.3814542E-03 1.0712712E-01 4.4419823E-02 7.7795728E-05 1.5807627E+00 1.8963053E+01 -7.9475366E-02
2.6764000E+02 2.7427000E+02 8.6700000E+00 4.0500000E+02 9 5.4875911E+01 2.7468906E-01 6.3198451E-01 -3.1667628E-02 1.4944234E-02 1.1998685E-02 1.1870471E-02 2.2969339E-04 9.7433931E-04 7.7415249E-03 4.3114580E-05 7.4060003E-03 1.0727731E-01 4.4590878E-02 7.7987391E-05 1.5801755E+00 1.8963655E+01 -7.9602413E-02
2.6764000E+02 2.7427000E+02 8.6700000E+00 4.1000000E+02 9 5.4875092E+01 2.7535830E-01 6.3305209E-01 -3.1613648E-02 1.4993029E-02 1.1998738E-02 1.1872082E-02 2.2690181E-04 9.7842010E-04 7.7651169E-03 4.2590586E-05 7.4267304E-03 1.0739889E-01 4.4736198E-02 7.8144632E-05 1.5797069E+00 1.8964139E+01 -7.9703553E-02
2.6764000E+02 2.7427000E+02 8.6700000E+00 4.1200000E+02 9 5.4867948E+01 2.8933899E-01 6.6178805E-01 -3.1592964E-02 1.7161267E-02 1.3351048E-02 1.3225006E-02 2.2580270E-04 1.1646198E-03 8.8731609E-03 4.2384276E-05 8.4676663E-03 1.0744754E-01 5.1205499E-02 8.8093158E-05 1.5754082E+00 1.8965456E+01 -8.0217903E-02
2.6764000E+02 2.7427000E+02 8.6700000E+00 4.1700000E+02 9 5.4874748E+01 2.7496731E-01 6.3192450E-01 -3.1546388E-02 1.4868114E-02 1.1905912E-02 1.1781348E-02 2.2315484E-04 9.5332923E-04 7.6987956E-03 4.1887261E-05 7.3637850E-03 1.0753632E-01 4.4363328E-02 7.7872363E-05 1.5731612E+00 1.8970922E+01 -8.0676294E-02
2.6764000E+02 2.7427000E+02 8.6700000E+00 4.2200000E+02 9 5.4874178E+01 2.7550565E-01 6.3282244E-01 -3.1504417E-02 1.4917219E-02 1.1905532E-02 1.1782395E-02 2.2059847E-04 9.6963506E-04 7.7226448E-03 4.1407418E-05 7.3848910E-03 1.0761471E-01 4.4509560E-02 7.7634214E-05 1.5734386E+00 1.8971070E+01 -8.0677020E-02
2.6764000E+02 2.7427000E+02 8.6700000E+00 4.2700000E+02 9 5.4873582E+01 2.7618713E-01 6.3397447E-01 -3.1466564E-02 1.4988844E-02 1.1919537E-02 1.1797780E-02 2.1812612E-04 9.7948528E-04 7.7581704E-03 4.0943346E-05 7.4167646E-03 1.0768233E-01 4.4722963E-02 7.7864152E-05 1.5744655E+00 1.8969979E+01 -8.0549840E-02
2.6764000E+02 2.7427000E+02 8.6700000E+00 4.2900000E+02 9 5.4866477E+01 2.9025337E-01 6.6285291E-01 -3.1452052E-02 1.7175094E-02 1.3273732E-02 1.3152520E-02 2.1715017E-04 1.1691652E-03 8.8760059E-03 4.0760156E-05 8.4658849E-03 1.0771182E-01 5.1245880E-02 8.7907106E-05 1.5707973E+00 1.8970609E+01 -8.0973396E-02
2.6764000E+02 2.7427000E+02 8.6700000E+00 4.3000000E+02 9 5.4864310E+01 2.9450864E-01 6.7159796E-01 -3.1444949E-02 1.7831672E-02 1.3702618E-02 1.3581676E-02 2.1666539E-04 1.2102572E-03 9.2110892E-03 4.0669159E-05 8.7814311E-03 1.0772567E-01 5.3205085E-02 9.1343072E-05 1.5679926E+00 1.8972063E+01 -8.1327826E-02
2.6764000E+02 2.7427000E+02 8.6700000E+00 4.3500000E+02 9 5.4871767E+01 2.7904977E-01 6.3963406E-01 -3.1425709E-02 1.5387431E-02 1.2163709E-02 1.2045305E-02 2.1211901E-04 9.9045739E-04 7.9581088E-03 3.9815781E-05 7.6036143E-03 1.0779013E-01 4.5912084E-02 8.0111376E-05 1.5857668E+00 1.8956806E+01 -7.8889502E-02
2.6764000E+02 2.7427000E+02 8.6700000E+00 4.3600000E+02 9 5.4862187E+01 2.9817293E-01 6.7936164E-01 -3.1421999E-02 1.8390534E-02 1.4081431E-02 1.3963554E-02 2.1117366E-04 1.2787020E-03 9.4919262E-03 3.9638334E-05 9.0475040E-03 1.0780875E-01 5.4873270E-02 9.2267711E-05 1.5877884E+00 1.8951897E+01 -7.8493665E-02
2.6764000E+02 2.7427000E+02 8.6700000E+00 4.3700000E+02 9 5.4864097E+01 2.9837038E-01 6.7864173E-01 -3.0929414E-02 1.8456587E-02 1.4127661E-02 1.4010256E-02 2.1032988E-04 1.2535095E-03 9.5253705E-03 3.9479954E-05 9.0783092E-03 1.0740900E-01 5.5070204E-02 9.3530263E-05 1.5906200E+00 1.8947633E+01 -7.7852705E-02
2.6764000E+02 2.7427000E+02 8.6700000E+00 4.3800000E+02 9 5.4869188E+01 2.9787649E-01 6.7526931E-01 -2.9762997E-02 1.8494110E-02 1.4159496E-02 1.4042530E-02 2.0954309E-04 1.2373003E-03 9.5440271E-03 3.9332268E-05 9.0957566E-03 1.0643818E-01 5.5182156E-02 9.4234820E-05 1.5942293E+00 1.8943183E+01 -7.6870459E-02
2.6764000E+02 2.7427000E+02 8.6700000E+00 4.4300000E+02 9 5.4935927E+01 2.7216764E-01 5.9703002E-01 -1.6893642E-02 1.5851493E-02 1.2494445E-02 1.2377308E-02 2.0984904E-04 1.0033670E-03 8.1929424E-03 3.9389697E-05 7.8260862E-03 9.5587930E-02 4.7297166E-02 8.2647824E-05 1.6343451E+00 1.8905410E+01 -6.6957909E-02
2.6764000E+02 2.7427000E+02 8.6700000E+00 4.4400000E+02 9 5.4939650E+01 2.8797790E-01 6.2493328E-01 -1.4124927E-02 1.8656271E-02 1.4377877E-02 1.4260770E-02 2.0979491E-04 1.2502789E-03 9.6234535E-03 3.9379536E-05 9.1784625E-03 9.3259081E-02 5.5667871E-02 9.4186517E-05 1.6416132E+00 1.8895126E+01 -6.4956555E-02
2.6764000E+02 2.7427000E+02 8.6700000E+00 4.4500000E+02 9 5.4952666E+01 2.8605505E-01 6.1526509E-01 -1.1247999E-02 1.8655027E-02 1.4398814E-02 1.4281841E-02 2.0955526E-04 1.2166705E-03 9.6224599E-03 3.9334552E-05 9.1779109E-03 9.0835529E-02 5.5664213E-02 9.5226809E-05 1.6493010E+00 1.8885963E+01 -6.2965814E-02
2.6764000E+02 2.7427000E+02 8.6700000E+00 4.5000000E+02 9 5.5015499E+01 2.6262018E-01 5.4305340E-01 9.5538209E-04 1.6298416E-02 1.2917846E-02 1.2801646E-02 2.0816947E-04 1.0097027E-03 8.4167664E-03 3.9074434E-05 8.0440448E-03 8.0547476E-02 4.8632395E-02 8.5052368E-05 1.7047102E+00 1.8831794E+01 -5.2834723E-02
2.6764000E+02 2.7427000E+02 8.6700000E+00 4.5300000E+02 9 5.5041418E+01 2.6719628E-01 5.4022561E-01 7.6840820E-03 1.7772391E-02 1.4044957E-02 1.3929283E-02 2.0722885E-04 1.0884397E-03 9.1646017E-03 3.8897875E-05 8.7581755E-03 7.4881523E-02 5.3032958E-02 9.1576716E-05 1.7352776E+00 1.8798162E+01 -4.7575537E-02
2.6764000E+02 2.7427000E+02 8.6700000E+00 4.5400000E+02 9 5.5047430E+01 2.7345256E-01 5.4965963E-01 9.8629461E-03 1.9012399E-02 1.5028255E-02 1.4912759E-02 2.0690805E-04 1.1292456E-03 9.7930953E-03 3.8837658E-05 9.3604555E-03 7.3048590E-02 5.6735418E-02 9.7045684E-05 1.7448391E+00 1.8786471E+01 -4.5947114E-02
2.6764000E+02 2.7427000E+02 8.6700000E+00 4.5900000E+02 9 5.5103567E+01 2.4789368E-01 4.7659771E-01 2.0224779E-02 1.6123151E-02 1.3167922E-02 1.3053578E-02 2.0484622E-04 9.1618078E-04 8.3163283E-03 3.8450642E-05 7.9679592E-03 6.4321711E-02 4.8113464E-02 8.4392997E-05 1.7702161E+00 1.8764822E+01 -4.0663206E-02
2.6764000E+02 2.7427000E+02 8.6700000E+00 4.6400000E+02 9 5.5141742E+01 2.4016634E-01 4.4563110E-01 2.8424388E-02 1.5835888E-02 1.3186192E-02 1.3072820E-02 2.0310505E-04 8.6410964E-04 8.1638807E-03 3.8123817E-05 7.8340249E-03 5.7423735E-02 4.7258353E-02 8.2628979E-05 1.7931536E+00 1.8742482E+01 -3.6446761E-02
2.6764000E+02 2.7427000E+02 8.6700000E+00 4.6900000E+02 9 5.5171160E+01 2.3411193E-01 4.2173046E-01 3.4735993E-02 1.5603171E-02 1.3226461E-02 1.3113928E-02 2.0160106E-04 8.1535110E-04 8.0402215E-03 3.7841510E-05 7.7255436E-03 5.2119423E-02 4.6565601E-02 8.1526101E-05 1.8129577E+00 1.8722600E+01 -3.3227742E-02
2.6764000E+02 2.7427000E+02 8.6700000E+00 4.7400000E+02 9 5.5193773E+01 2.2922875E-01 4.0309821E-01 3.9565417E-02 1.5392287E-02 1.3268771E-02 1.3156985E-02 2.0026287E-04 7.7264082E-04 7.9282796E-03 3.7590325E-05 7.6270893E-03 4.8066182E-02 4.5937703E-02 8.0629187E-05 1.8281166E+00 1.8707209E+01 -3.0883669E-02
2.6764000E+02 2.7427000E+02 8.6700000E+00 4.7900000E+02 9 5.5211172E+01 2.2524132E-01 3.8847919E-01 4.3258705E-02 1.5197181E-02 1.3305991E-02 1.3194895E-02 1.9902708E-04 7.3702792E-04 7.8246631E-03 3.7358361E-05 7.5359591E-03 4.4971867E-02 4.5356592E-02 7.9826416E-05 1.8387876E+00 1.8696296E+01 -2.9217962E-02
2.6764000E+02 2.7427000E+02 8.6700000E+00 4.8100000E+02 9 5.5212083E+01 2.3442216E-01 4.0636498E-01 4.4574731E-02 1.6841160E-02 1.4663586E-02 1.4552758E-02 1.9854557E-04 7.8522468E-04 8.6572470E-03 3.7267980E-05 8.3349153E-03 4.3874265E-02 5.0265010E-02 8.7598636E-05 1.8377900E+00 1.8694249E+01 -2.8960852E-02
2.6764000E+02 2.7427000E+02 8.6700000E+00 4.8200000E+02 9 5.5213540E+01 2.3668548E-01 4.1054673E-01 4.5194877E-02 1.7292521E-02 1.5099506E-02 1.4988811E-02 1.9830761E-04 7.9015607E-04 8.8842429E-03 3.7223313E-05 8.5558760E-03 4.3356937E-02 5.1612956E-02 9.0143596E-05 1.8355492E+00 1.8695084E+01 -2.8956412E-02
2.6764000E+02 2.7427000E+02 8.6700000E+00 4.8700000E+02 9 5.5233705E+01 2.1728146E-01 3.6461368E-01 4.7719219E-02 1.4481519E-02 1.3080136E-02 1.2970297E-02 1.9677494E-04 6.7050377E-04 7.4516359E-03 3.6935624E-05 7.1962849E-03 4.1246846E-02 4.3221884E-02 7.7073654E-05 1.8181442E+00 1.8717814E+01 -2.9320845E-02
2.6764000E+02 2.7427000E+02 8.6700000E+00 4.9200000E+02 9 5.5243292E+01 2.1429376E-01 3.5495873E-01 4.9671510E-02 1.4234392E-02 1.2972789E-02 1.2863686E-02 1.9545659E-04 6.5587277E-04 7.3237503E-03 3.6688163E-05 7.0771866E-03 3.9623002E-02 4.2484512E-02 7.5360277E-05 1.8125168E+00 1.8724711E+01 -2.9163086E-02
2.6764000E+02 2.7427000E+02 8.6700000E+00 4.9700000E+02 9 5.5250574E+01 2.1236181E-01 3.4812508E-01 5.1199066E-02 1.4097018E-02 1.2907142E-02 1.2798731E-02 1.9421707E-04 6.4672420E-04 7.2533360E-03 3.6455500E-05 7.0094712E-03 3.8357094E-02 4.2074377E-02 7.4629099E-05 1.8115743E+00 1.8725993E+01 -2.8826845E-02
2.6764000E+02 2.7427000E+02 8.6700000E+00 5.0200000E+02 9 5.5256298E+01 2.1095626E-01 3.4290768E-01 5.2416938E-02 1.4004433E-02 1.2860521E-02 1.2752793E-02 1.9299460E-04 6.3869380E-04 7.2062280E-03 3.6226035E-05 6.9629023E-03 3.7352029E-02 4.1797889E-02 7.4225717E-05 1.8117117E+00 1.8725918E+01 -2.8502199E-02
2.6764000E+02 2.7427000E+02 8.6700000E+00 5.0500000E+02 9 5.5255736E+01 2.1735889E-01 3.5557542E-01 5.3055929E-02 1.5106445E-02 1.3698476E-02 1.3591157E-02 1.9226004E-04 6.7909027E-04 7.7666612E-03 3.6088156E-05 7.4951247E-03 3.6829001E-02 4.5087286E-02 7.9686516E-05 1.8026375E+00 1.8732922E+01 -2.8852231E-02
2.6764000E+02 2.7427000E+02 8.6700000E+00 5.0600000E+02 9 5.5253307E+01 2.2391095E-01 3.6955837E-01 5.3259408E-02 1.6189388E-02 1.4575343E-02 1.4468161E-02 1.9201487E-04 7.0701179E-04 8.3156805E-03 3.6042135E-05 8.0209110E-03 3.6664340E-02 4.8320533E-02 8.4754088E-05 1.7989213E+00 1.8734820E+01 -2.9079213E-02
2.6764000E+02 2.7427000E+02 8.6700000E+00 5.1100000E+02 9 5.5265757E+01 2.0620348E-01 3.2988889E-01 5.4144214E-02 1.3443246E-02 1.2527104E-02 1.2420685E-02 1.9064816E-04 6.0218446E-04 6.9189124E-03 3.5785596E-05 6.6899002E-03 3.5935230E-02 4.0122691E-02 7.2091338E-05 1.7811186E+00 1.8757697E+01 -2.9967730E-02
2.6764000E+02 2.7427000E+02 8.6700000E+00 5.1600000E+02 9 5.5269329E+01 2.0504092E-01 3.2579362E-01 5.4877270E-02 1.3323012E-02 1.2393945E-02 1.2288237E-02 1.8937329E-04 6.0408165E-04 6.8594235E-03 3.5546298E-05 6.6280334E-03 3.5337869E-02 3.9763345E-02 7.0989622E-05 1.7751561E+00 1.8764815E+01 -3.0176504E-02
2.6764000E+02 2.7427000E+02 8.6700000E+00 5.2100000E+02 9 5.5272101E+01 2.0450327E-01 3.2315591E-01 5.5492738E-02 1.3283913E-02 1.2308493E-02 1.2203475E-02 1.8813842E-04 6.0668923E-04 6.8418550E-03 3.5314507E-05 6.6047723E-03 3.4839129E-02 3.9646073E-02 7.0717669E-05 1.7736973E+00 1.8766577E+01 -3.0107771E-02
2.6764000E+02 2.7427000E+02 8.6700000E+00 5.2600000E+02 9 5.5274396E+01 2.0416671E-01 3.2113491E-01 5.6017695E-02 1.3267054E-02 1.2246221E-02 1.2141885E-02 1.8691637E-04 6.0713511E-04 6.8353634E-03 3.5085123E-05 6.5925861E-03 3.4416116E-02 3.9595308E-02 7.0656364E-05 1.7736269E+00 1.8766713E+01 -2.9978582E-02
2.6764000E+02 2.7427000E+02 8.6700000E+00 5.3100000E+02 9 5.5276365E+01 2.0388903E-01 3.1942356E-01 5.6471151E-02 1.3253906E-02 1.2196523E-02 1.2092871E-02 1.8569154E-04 6.0607081E-04 6.8303359E-03 3.4855215E-05 6.5826741E-03 3.4052853E-02 3.9555739E-02 7.0630931E-05 1.7735771E+00 1.8766768E+01 -2.9861799E-02
2.6764000E+02 2.7427000E+02 8.6700000E+00 5.3600000E+02 9 5.5278084E+01 2.0363175E-01 3.1791027E-01 5.6866986E-02 1.3239923E-02 1.2154332E-02 1.2051368E-02 1.8445828E-04 6.0420212E-04 6.8244842E-03 3.4623726E-05 6.5727848E-03 3.3737680E-02 3.9513756E-02 7.0596996E-05 1.7733530E+00 1.8766987E+01 -2.9770977E-02
2.6764000E+02 2.7427000E+02 8.6700000E+00 5.4100000E+02 9 5.5279600E+01 2.0338876E-01 3.1655155E-01 5.7215598E-02 1.3224857E-02 1.2117012E-02 1.2014742E-02 1.8321614E-04 6.0213079E-04 6.8177676E-03 3.4390571E-05 6.5626970E-03 3.3461856E-02 3.9468587E-02 7.0549026E-05 1.7729495E+00 1.8767389E+01 -2.9704525E-02
2.6764000E+02 2.7427000E+02 8.6700000E+00 5.4600000E+02 9 5.5280946E+01 2.0316246E-01 3.1532687E-01 5.7524957E-02 1.3209489E-02 1.2083135E-02 1.1981561E-02 1.8196691E-04 6.0017147E-04 6.8106730E-03 3.4156085E-05 6.5526918E-03 3.3218675E-02 3.9422547E-02 7.0491545E-05 1.7724216E+00 1.8767922E+01 -2.9657076E-02
2.6764000E+02 2.7427000E+02 8.6700000E+00 5.5100000E+02 9 5.5282145E+01 2.0295588E-01 3.1422234E-01 5.7801301E-02 1.3194559E-02 1.2051897E-02 1.1951023E-02 1.8071319E-04 5.9832299E-04 6.8036371E-03 3.3920754E-05 6.5430634E-03 3.3002887E-02 3.9377827E-02 7.0430069E-05 1.7718188E+00 1.8768533E+01 -2.9623604E-02
2.6764000E+02 2.7427000E+02 8.6700000E+00 5.5600000E+02 9 5.5283218E+01 2.0277005E-01 3.1322619E-01 5.8049596E-02 1.3180562E-02 1.2022825E-02 1.1922652E-02 1.7945764E-04 5.9672770E-04 6.7969647E-03 3.3685082E-05 6.5340001E-03 3.2810314E-02 3.9335903E-02 7.0368677E-05 1.7711841E+00 1.8769179E+01 -2.9600133E-02
2.6764000E+02 2.7427000E+02 8.6700000E+00 5.6100000E+02 9 5.5284183E+01 2.0260484E-01 3.1232704E-01 5.8273861E-02 1.3167731E-02 1.1995612E-02 1.1896139E-02 1.7820269E-04 5.9532033E-04 6.7908072E-03 3.3449522E-05 6.5255826E-03 3.2637577E-02 3.9297465E-02 7.0309755E-05 1.7705401E+00 1.8769835E+01 -2.9583913E-02
2.6764000E+02 2.7427000E+02 8.6700000E+00 5.6600000E+02 9 5.5285052E+01 2.0245896E-01 3.1151411E-01 5.8477385E-02 1.3156126E-02 1.1970035E-02 1.1871262E-02 1.7695042E-04 5.9408485E-04 6.7852163E-03 3.3214463E-05 6.5178215E-03 3.2481914E-02 3.9262692E-02 7.0254457E-05 1.7699011E+00 1.8770486E+01 -2.9573075E-02
2.6764000E+02 2.7427000E+02 8.6700000E+00 5.7100000E+02 9 5.5285839E+01 2.0233070E-01 3.1077746E-01 5.8662891E-02 1.3145712E-02 1.1945918E-02 1.1847842E-02 1.7570249E-04 5.9300242E-04 6.7801870E-03 3.2980222E-05 6.5106874E-03 3.2341042E-02 3.9231473E-02 7.0203157E-05 1.7692749E+00 1.8771123E+01 -2.9566356E-02
2.6764000E+02 2.7427000E+02 8.6700000E+00 5.7600000E+02 9 5.5286553E+01 2.0221819E-01 3.1010816E-01 5.8832652E-02 1.3136400E-02 1.1923108E-02 1.1825725E-02 1.7446027E-04 5.9205362E-04 6.7756833E-03 3.2747051E-05 6.5041323E-03 3.2213058E-02 3.9203550E-02 7.0155807E-05 1.7686650E+00 1.8771743E+01 -2.9562884E-02
2.6764000E+02 2.7427000E+02 8.6700000E+00 5.8100000E+02 9 5.5287204E+01 2.0211976E-01 3.0949845E-01 5.8988577E-02 1.3128099E-02 1.1901471E-02 1.1804778E-02 1.7322483E-04 5.9122079E-04 6.7716707E-03 3.2515152E-05 6.4981010E-03 3.2096368E-02 3.9178650E-02 7.0112148E-05 1.7680729E+00 1.8772345E+01 -2.9562030E-02
2.6764000E+02 2.7427000E+02 8.6700000E+00 5.8200000E+02 9 5.5279613E+01 2.1758618E-01 3.4230603E-01 5.9019223E-02 1.5593917E-02 1.3683418E-02 1.3586862E-02 1.7297802E-04 6.9030240E-04 8.0277651E-03 3.2468825E-05 7.6889478E-03 3.2078531E-02 4.6539046E-02 8.1002831E-05 1.7646839E+00 1.8772483E+01 -2.9777087E-02
2.6764000E+02 2.7427000E+02 8.6700000E+00 5.8700000E+02 9 5.5288073E+01 2.0173072E-01 3.0835361E-01 5.9171081E-02 1.3080282E-02 1.1870515E-02 1.1775451E-02 1.7030628E-04 5.8607024E-04 6.7458045E-03 3.1967327E-05 6.4723441E-03 3.1970577E-02 3.9035825E-02 7.0076867E-05 1.7648776E+00 1.8775411E+01 -2.9723925E-02
2.6764000E+02 2.7427000E+02 8.6700000E+00 5.9200000E+02 9 5.5288476E+01 2.0199338E-01 3.0847206E-01 5.9315478E-02 1.3123395E-02 1.1873583E-02 1.1779740E-02 1.6811911E-04 5.9102305E-04 6.7673338E-03 3.1556784E-05 6.4904649E-03 3.1870194E-02 3.9164412E-02 6.9830454E-05 1.7675106E+00 1.8773140E+01 -2.9523078E-02
2.6764000E+02 2.7427000E+02 8.6700000E+00 5.9700000E+02 9 5.5288833E+01 2.0228613E-01 3.0863968E-01 5.9451355E-02 1.3168736E-02 1.1875977E-02 1.1783246E-02 1.6612528E-04 5.9388776E-04 6.7903456E-03 3.1182531E-05 6.5095482E-03 3.1775665E-02 3.9299572E-02 6.9942700E-05 1.7701284E+00 1.8770463E+01 -2.9322096E-02
2.6764000E+02 2.7427000E+02 8.6700000E+00 6.0200000E+02 9 5.5289193E+01 2.0250634E-01 3.0868716E-01 5.9578805E-02 1.3202466E-02 1.1874128E-02 1.1782498E-02 1.6415408E-04 5.9472711E-04 6.8073191E-03 3.0812529E-05 6.5232011E-03 3.1687851E-02 3.9400120E-02 7.0078659E-05 1.7720161E+00 1.8768463E+01 -2.9172166E-02
2.6764000E+02 2.7427000E+02 8.6700000E+00 6.0700000E+02 9 5.5289559E+01 2.0264792E-01 3.0861083E-01 5.9697897E-02 1.3224234E-02 1.1868207E-02 1.1777678E-02 1.6218177E-04 5.9461739E-04 6.8180343E-03 3.0442315E-05 6.5312592E-03 3.1606780E-02 3.9465001E-02 7.0174567E-05 1.7730775E+00 1.8767313E+01 -2.9075098E-02
2.6764000E+02 2.7427000E+02 8.6700000E+00 6.1200000E+02 9 5.5289921E+01 2.0273131E-01 3.0844848E-01 5.9808885E-02 1.3237140E-02 1.1859333E-02 1.1769897E-02 1.6022290E-04 5.9399616E-04 6.8241145E-03 3.0074626E-05 6.5351870E-03 3.1532123E-02 3.9503453E-02 7.0230138E-05 1.7735596E+00 1.8766772E+01 -2.9017062E-02
2.6764000E+02 2.7427000E+02 8.6700000E+00 6.1700000E+02 9 5.5290271E+01 2.0277708E-01 3.0823687E-01 5.9912207E-02 1.3244262E-02 1.1848534E-02 1.1760173E-02 1.5829745E-04 5.9326105E-04 6.8271921E-03 2.9713211E-05 6.5364276E-03 3.1463380E-02 3.9524647E-02 7.0256902E-05 1.7736665E+00 1.8766631E+01 -2.8985361E-02
2.6764000E+02 2.7427000E+02 8.6700000E+00 6.2200000E+02 9 5.5290606E+01 2.0280040E-01 3.0800214E-01 6.0008409E-02 1.3247850E-02 1.1836565E-02 1.1749251E-02 1.5642093E-04 5.9260682E-04 6.8284591E-03 2.9360977E-05 6.5360407E-03 3.1400005E-02 3.9535292E-02 7.0265494E-05 1.7735425E+00 1.8766736E+01 -2.8970682E-02
2.6764000E+02 2.7427000E+02 8.6700000E+00 6.2700000E+02 9 5.5290921E+01 2.0281150E-01 3.0776093E-01 6.0098079E-02 1.3249392E-02 1.1823939E-02 1.1737640E-02 1.5460265E-04 5.9206038E-04 6.8287035E-03 2.9019678E-05 6.5347265E-03 3.1341461E-02 3.9539828E-02 7.0263464E-05 1.7732810E+00 1.8766989E+01 -2.8966776E-02
2.6764000E+02 2.7427000E+02 8.6700000E+00 6.3200000E+02 9 5.5291217E+01 2.0281656E-01 3.0752289E-01 6.0181797E-02 1.3249805E-02 1.1810999E-02 1.1725680E-02 1.5284682E-04 5.9162445E-04 6.8284062E-03 2.8690101E-05 6.5329194E-03 3.1287253E-02 3.9540988E-02 7.0255607E-05 1.7729399E+00 1.8767328E+01 -2.8969675E-02
2.6764000E+02 2.7427000E+02 8.6700000E+00 6.3700000E+02 9 5.5291493E+01 2.0281920E-01 3.0729321E-01 6.0260112E-02 1.3249633E-02 1.1797964E-02 1.1713591E-02 1.5115401E-04 5.9128761E-04 6.8278504E-03 2.8372351E-05 6.5308778E-03 3.1236938E-02 3.9540401E-02 7.0244772E-05 1.7725542E+00 1.8767714E+01 -2.8976896E-02
2.6764000E+02 2.7427000E+02 8.6700000E+00 6.4200000E+02 9 5.5291751E+01 2.0282143E-01 3.0707437E-01 6.0333527E-02 1.3249193E-02 1.1784973E-02 1.1701510E-02 1.4952249E-04 5.9103222E-04 6.8271985E-03 2.8066106E-05 6.5287496E-03 3.1190125E-02 3.9539005E-02 7.0232556E-05 1.7721453E+00 1.8768126E+01 -2.8986904E-02
2.6764000E+02 2.7427000E+02 8.6700000E+00 6.4700000E+02 9 5.5291993E+01 2.0282432E-01 3.0686727E-01 6.0402496E-02 1.3248657E-02 1.1772106E-02 1.1689521E-02 1.4794921E-04 5.9083979E-04 6.8265393E-03 2.7770795E-05 6.5266163E-03 3.1146469E-02 3.9537327E-02 7.0219811E-05 1.7717248E+00 1.8768551E+01 -2.8998778E-02
2.6764000E+02 2.7427000E+02 8.6700000E+00 6.5000000E+02 9 5.5288439E+01 2.1023527E-01 3.2242406E-01 6.0442369E-02 1.4427159E-02 1.2597500E-02 1.2515431E-02 1.4702545E-04 6.3912219E-04 7.4277602E-03 2.7597401E-05 7.0934850E-03 3.1124120E-02 4.3054615E-02 7.5959524E-05 1.7614813E+00 1.8776797E+01 -2.9589224E-02
