x y z_datum Time Well_no H2O H O Charge Al C Ca Cl Fe K Mg Na S Si U pH pe Alkalinity
2.6764000E+02 2.7427000E+02 8.6700000E+00 0.0000000E+00 9 9.9704301E-01 7.2098600E-06 6.6484776E-04 -3.2324431E-06 0.0000000E+00 1.0067647E-04 6.3262499E-05 4.3211171E-04 0.0000000E+00 2.8240956E-04 5.5605061E-05 2.2967748E-04 1.4127542E-04 0.0000000E+00 0.0000000E+00 7.0300000E+00 -2.2001569E+00 7.1999443E-03
2.6764000E+02 2.7427000E+02 8.6700000E+00 5.0000000E+00 9 5.5322959E+01 2.3750437E-02 7.0493266E-02 -2.9503377E-03 0.0000000E+00 6.8558674E-03 1.2910930E-03 9.9691993E-03 0.0000000E+00 5.9079763E-03 1.8712677E-03 8.1714748E-03 1.2706572E-02 0.0000000E+00 0.0000000E+00 3.0126111E+00 1.7389544E+01 -1.6727490E-03
2.6764000E+02 2.7427000E+02 8.6700000E+00 1.0000000E+01 9 5.5303654E+01 3.9243981E-02 1.1343060E-01 -2.6651709E-03 1.0524229E-03 7.2663153E-03 2.9536766E-03 7.7260194E-03 4.1308343E-05 5.1004490E-03 1.4502118E-03 6.8572810E-03 2.1102436E-02 3.1466040E-03 5.4717843E-06 2.2724346E+00 1.8196378E+01 -1.0123601E-02
2.6764000E+02 2.7427000E+02 8.6700000E+00 1.5000000E+01 9 5.5284804E+01 5.9154423E-02 1.5448721E-01 -2.4455920E-03 2.3471268E-03 7.6175422E-03 4.2690501E-03 5.9987669E-03 9.7959303E-05 4.7245939E-03 1.1259981E-03 6.0801798E-03 2.7568214E-02 7.0140496E-03 1.2572081E-05 2.1077731E+00 1.8391348E+01 -1.5657519E-02
2.6764000E+02 2.7427000E+02 8.6700000E+00 2.0000000E+01 9 5.5269427E+01 7.6709469E-02 1.8840710E-01 -2.2826134E-03 3.5602041E-03 7.8877657E-03 5.2548948E-03 4.7167438E-03 1.5166344E-04 4.5732581E-03 8.8535601E-04 5.6260026E-03 3.2367671E-02 1.0637210E-02 1.9426180E-05 2.0397047E+00 1.8476494E+01 -1.9029803E-02
2.6764000E+02 2.7427000E+02 8.6700000E+00 2.5000000E+01 9 5.5257495E+01 9.0871166E-02 2.1504516E-01 -2.1627702E-03 4.5780723E-03 8.1056646E-03 5.9990118E-03 3.7740328E-03 1.9620552E-04 4.5267235E-03 7.0840452E-04 5.3521329E-03 3.5897137E-02 1.3677028E-02 2.5309718E-05 2.0066009E+00 1.8520011E+01 -2.1090523E-02
2.6764000E+02 2.7427000E+02 8.6700000E+00 3.0000000E+01 9 5.5248501E+01 1.0174815E-01 2.3531701E-01 -2.0749310E-03 5.3768349E-03 8.2904859E-03 6.5695256E-03 3.0830713E-03 2.3105277E-04 4.5200950E-03 5.7870764E-04 5.1761276E-03 3.8484293E-02 1.6062214E-02 3.0037465E-05 1.9888027E+00 1.8544429E+01 -2.2393519E-02
2.6764000E+02 2.7427000E+02 8.6700000E+00 3.5000000E+01 9 5.5241829E+01 1.0987759E-01 2.5053851E-01 -2.0104855E-03 5.9872135E-03 8.4524114E-03 7.0144240E-03 2.5761301E-03 2.5724353E-04 4.5279141E-03 4.8355228E-04 5.0584124E-03 4.0382582E-02 1.7884712E-02 3.3712508E-05 1.9788582E+00 1.8558719E+01 -2.3229065E-02
2.6764000E+02 2.7427000E+02 8.6700000E+00 4.0000000E+01 9 5.5236881E+01 1.1592315E-01 2.6195995E-01 -1.9629225E-03 6.4490068E-03 8.5967028E-03 7.3675592E-03 2.2019900E-03 2.7662201E-04 4.5394644E-03 4.1332436E-04 4.9769576E-03 4.1783695E-02 1.9263495E-02 3.6520695E-05 1.9732550E+00 1.8567252E+01 -2.3769489E-02
2.6764000E+02 2.7427000E+02 8.6700000E+00 4.5000000E+01 9 5.5233191E+01 1.2043182E-01 2.7058336E-01 -1.9274351E-03 6.7982292E-03 8.7262998E-03 7.6529776E-03 1.9228386E-03 2.9085270E-04 4.5503270E-03 3.6092625E-04 4.9185743E-03 4.2829165E-02 2.0306166E-02 3.8652077E-05 1.9701105E+00 1.8572419E+01 -2.4122801E-02
2.6764000E+02 2.7427000E+02 8.6700000E+00 5.0000000E+01 9 5.5230408E+01 1.2382277E-01 2.7716743E-01 -1.9005560E-03 7.0638786E-03 8.8431160E-03 7.8878170E-03 1.7114019E-03 3.0126658E-04 4.5589273E-03 3.2123856E-04 4.8751227E-03 4.3621092E-02 2.1099332E-02 4.0271239E-05 1.9683635E+00 1.8575594E+01 -2.4357606E-02
2.6764000E+02 2.7427000E+02 8.6700000E+00 5.5000000E+01 9 5.5228279E+01 1.2640443E-01 2.8226788E-01 -1.8798293E-03 7.2679959E-03 8.9486052E-03 8.0843150E-03 1.5483613E-03 3.0898296E-04 4.5649634E-03 2.9063503E-04 4.8415055E-03 4.4231801E-02 2.1708804E-02 4.1509439E-05 1.9674128E+00 1.8577576E+01 -2.4517294E-02
2.6764000E+02 2.7427000E+02 8.6700000E+00 6.0000000E+01 9 5.5226622E+01 1.2839940E-01 2.8628426E-01 -1.8635348E-03 7.4268481E-03 9.0439854E-03 8.2512424E-03 1.4201856E-03 3.1469673E-04 4.5686781E-03 2.6657583E-04 4.8145174E-03 4.4711952E-02 2.2183146E-02 4.2466403E-05 1.9669840E+00 1.8578764E+01 -2.4628032E-02
2.6764000E+02 2.7427000E+02 8.6700000E+00 6.5000000E+01 9 5.5225310E+01 1.2996556E-01 2.8950096E-01 -1.8504730E-03 7.5522262E-03 9.1303211E-03 8.3949310E-03 1.3174388E-03 3.1903578E-04 4.5704805E-03 2.4728974E-04 4.7921251E-03 4.5096877E-02 2.2557553E-02 4.3215739E-05 1.9668354E+00 1.8579481E+01 -2.4707738E-02
2.6764000E+02 2.7427000E+02 8.6700000E+00 6.6000000E+01 9 5.5219281E+01 1.4185933E-01 3.1812124E-01 -1.8479812E-03 9.6070900E-03 1.1105491E-02 1.0381043E-02 1.2978371E-03 4.0371146E-04 5.5894723E-03 2.4361041E-04 5.7870552E-03 4.5176158E-02 2.8695625E-02 5.3579513E-05 1.9587068E+00 1.8583883E+01 -2.5117085E-02
2.6764000E+02 2.7427000E+02 8.6700000E+00 6.7000000E+01 9 5.5219404E+01 1.4141844E-01 3.1716950E-01 -1.8456017E-03 9.5138810E-03 1.1045724E-02 1.0331724E-02 1.2791193E-03 3.8879253E-04 5.5313765E-03 2.4009697E-04 5.7260755E-03 4.5246881E-02 2.8417134E-02 5.4160268E-05 1.9466806E+00 1.8595058E+01 -2.5741251E-02
2.6764000E+02 2.7427000E+02 8.6700000E+00 7.2000000E+01 9 5.5220148E+01 1.3154120E-01 2.9318411E-01 -1.7933226E-03 7.4305283E-03 9.0628692E-03 8.3918986E-03 1.2020325E-03 3.0600436E-04 4.4396630E-03 2.2562740E-04 4.6391287E-03 4.6266836E-02 2.2194189E-02 4.3023472E-05 1.9242336E+00 1.8737832E+01 -2.7269090E-02
2.6764000E+02 2.7427000E+02 8.6700000E+00 7.7000000E+01 9 5.5214441E+01 1.3486689E-01 3.0029076E-01 -1.7433443E-03 7.6366785E-03 9.1596919E-03 8.5247469E-03 1.1374932E-03 3.3166011E-04 4.5064177E-03 2.1351307E-04 4.6856509E-03 4.7239949E-02 2.2809179E-02 4.9487685E-05 1.9137684E+00 1.8800537E+01 -2.8098539E-02
2.6764000E+02 2.7427000E+02 8.6700000E+00 8.2000000E+01 9 5.5209820E+01 1.3776839E-01 3.0642307E-01 -1.7038480E-03 7.8373704E-03 9.2575517E-03 8.6532099E-03 1.0826682E-03 3.5103182E-04 4.5761123E-03 2.0322215E-04 4.7375434E-03 4.8018577E-02 2.3407891E-02 5.7770957E-05 1.9081953E+00 1.8833484E+01 -2.8603150E-02
2.6764000E+02 2.7427000E+02 8.6700000E+00 8.7000000E+01 9 5.5206259E+01 1.4010585E-01 3.1135001E-01 -1.6736355E-03 8.0065149E-03 9.3439752E-03 8.7659646E-03 1.0354963E-03 3.6597048E-04 4.6341399E-03 1.9436774E-04 4.7806437E-03 4.8624269E-02 2.3912521E-02 6.5548420E-05 1.9049287E+00 1.8852972E+01 -2.8932697E-02
2.6764000E+02 2.7427000E+02 8.6700000E+00 9.1000000E+01 9 5.5202640E+01 1.4433416E-01 3.2095926E-01 -1.6542853E-03 8.5857147E-03 9.8273689E-03 9.2681478E-03 1.0018352E-03 3.9713007E-04 4.9061011E-03 1.8804939E-04 5.0362604E-03 4.9022541E-02 2.5641947E-02 7.5958000E-05 1.8925948E+00 1.8873755E+01 -2.9732885E-02
2.6764000E+02 2.7427000E+02 8.6700000E+00 9.2000000E+01 9 5.5197607E+01 1.5372818E-01 3.4314455E-01 -1.6497313E-03 1.0174766E-02 1.1281421E-02 1.0726762E-02 9.9366270E-04 4.7203097E-04 5.6999764E-03 1.8651537E-04 5.8093334E-03 4.9128239E-02 3.0387976E-02 9.2329014E-05 1.8838638E+00 1.8883364E+01 -3.0247383E-02
2.6764000E+02 2.7427000E+02 8.6700000E+00 9.7000000E+01 9 5.5195976E+01 1.4342855E-01 3.1985923E-01 -2.3264863E-03 8.0149292E-03 9.3215505E-03 8.7869430E-03 9.5774027E-04 3.6810323E-04 4.5924512E-03 1.7977256E-04 4.7206175E-03 5.0582400E-02 2.3937111E-02 7.5964083E-05 1.8677327E+00 1.8917176E+01 -3.1772010E-02
2.6764000E+02 2.7427000E+02 8.6700000E+00 1.0200000E+02 9 5.5187916E+01 1.4687228E-01 3.2833044E-01 -2.9956573E-03 8.2205434E-03 9.4073496E-03 8.8905193E-03 9.2589275E-04 3.9449705E-04 4.6787075E-03 1.7379462E-04 4.7931979E-03 5.1960106E-02 2.4550343E-02 8.1404787E-05 1.8589909E+00 1.8938221E+01 -3.2744931E-02
2.6764000E+02 2.7427000E+02 8.6700000E+00 1.0700000E+02 9 5.5181539E+01 1.4978840E-01 3.3535783E-01 -3.5166192E-03 8.4119529E-03 9.4904103E-03 8.9894582E-03 8.9744707E-04 4.1349335E-04 4.7596956E-03 1.6845523E-04 4.8617831E-03 5.3041605E-02 2.5121235E-02 8.7046708E-05 1.8541570E+00 1.8951346E+01 -3.3380651E-02
2.6764000E+02 2.7427000E+02 8.6700000E+00 1.1200000E+02 9 5.5176696E+01 1.5210447E-01 3.4087554E-01 -3.9038957E-03 8.5710174E-03 9.5620498E-03 9.0753738E-03 8.7187176E-04 4.2794915E-04 4.8257895E-03 1.6365462E-04 4.9172699E-03 5.3864477E-02 2.5595690E-02 9.1911195E-05 1.8511887E+00 1.8959983E+01 -3.3813405E-02
2.6764000E+02 2.7427000E+02 8.6700000E+00 1.1700000E+02 9 5.5173041E+01 1.5392378E-01 3.4517144E-01 -4.1884829E-03 8.6999395E-03 9.6230866E-03 9.1493219E-03 8.4874144E-04 4.3874018E-04 4.8778670E-03 1.5931294E-04 4.9603569E-03 5.4489282E-02 2.5980263E-02 9.5899794E-05 1.8493739E+00 1.8965754E+01 -3.4111065E-02
2.6764000E+02 2.7427000E+02 8.6700000E+00 1.2200000E+02 9 5.5170278E+01 1.5535179E-01 3.4852167E-01 -4.3966347E-03 8.8036484E-03 9.6753357E-03 9.2133099E-03 8.2771143E-04 4.4696814E-04 4.9182463E-03 1.5536551E-04 4.9931217E-03 5.4966100E-02 2.6289651E-02 9.9103067E-05 1.8482620E+00 1.8969677E+01 -3.4318337E-02
2.6764000E+02 2.7427000E+02 8.6700000E+00 1.2400000E+02 9 5.5164539E+01 1.6542678E-01 3.7177773E-01 -4.4691848E-03 1.0466038E-02 1.1083186E-02 1.0625680E-02 8.1961525E-04 5.3678221E-04 5.7517393E-03 1.5384581E-04 5.7990363E-03 5.5152211E-02 3.1253719E-02 1.1875726E-04 1.8344442E+00 1.8983549E+01 -3.5238471E-02
2.6764000E+02 2.7427000E+02 8.6700000E+00 1.2500000E+02 9 5.5162826E+01 1.6818726E-01 3.7836101E-01 -4.5029618E-03 1.0919609E-02 1.1512202E-02 1.1056913E-02 8.1564370E-04 5.4833742E-04 5.9773041E-03 1.5310033E-04 6.0184176E-03 5.5238335E-02 3.2608398E-02 1.2524973E-04 1.8252873E+00 1.8992786E+01 -3.5895493E-02
2.6764000E+02 2.7427000E+02 8.6700000E+00 1.3000000E+02 9 5.5167984E+01 1.5537411E-01 3.4917388E-01 -4.6227556E-03 8.6794857E-03 9.6078829E-03 9.1611987E-03 8.0022710E-04 4.3286808E-04 4.8387831E-03 1.5020656E-04 4.9104453E-03 5.5508007E-02 2.5918828E-02 1.0128623E-04 1.8320143E+00 1.8988965E+01 -3.5624598E-02
2.6764000E+02 2.7427000E+02 8.6700000E+00 1.3100000E+02 9 5.5160815E+01 1.6931122E-01 3.8110803E-01 -4.6451049E-03 1.1018538E-02 1.1568209E-02 1.1123201E-02 7.9722394E-04 5.7786905E-04 6.0168375E-03 1.4964285E-04 6.0509556E-03 5.5583084E-02 3.2903491E-02 1.2580450E-04 1.8268787E+00 1.8993407E+01 -3.5910201E-02
2.6764000E+02 2.7427000E+02 8.6700000E+00 1.3200000E+02 9 5.5160760E+01 1.6899100E-01 3.8041293E-01 -4.6659949E-03 1.0948874E-02 1.1526188E-02 1.1082826E-02 7.9427669E-04 5.5565265E-04 5.9799811E-03 1.4908964E-04 6.0143997E-03 5.5637720E-02 3.2695325E-02 1.2763768E-04 1.8205677E+00 1.8999705E+01 -3.6360842E-02
2.6764000E+02 2.7427000E+02 8.6700000E+00 1.3700000E+02 9 5.5157488E+01 1.5809148E-01 3.5721093E-01 -6.2531399E-03 8.7095827E-03 9.6300309E-03 9.1939447E-03 7.8124104E-04 4.3871420E-04 4.8430042E-03 1.4664279E-04 4.9091357E-03 5.7594899E-02 2.6008368E-02 1.0301860E-04 1.8120527E+00 1.8986181E+01 -3.7774878E-02
2.6764000E+02 2.7427000E+02 8.6700000E+00 1.4200000E+02 9 5.5146983E+01 1.6209003E-01 3.6757772E-01 -7.8197574E-03 8.9682823E-03 9.7666656E-03 9.3372683E-03 7.6925795E-04 4.6730752E-04 4.9681007E-03 1.4439350E-04 5.0236335E-03 5.9529674E-02 2.6780098E-02 1.0235472E-04 1.8078977E+00 1.8960964E+01 -3.8724334E-02
2.6764000E+02 2.7427000E+02 8.6700000E+00 1.4700000E+02 9 5.5138603E+01 1.6542108E-01 3.7607061E-01 -9.0532227E-03 9.1946720E-03 9.8891029E-03 9.4659986E-03 7.5798415E-04 4.8386954E-04 5.0770407E-03 1.4227735E-04 5.1232609E-03 6.1058912E-02 2.7455461E-02 9.9899981E-05 1.8056670E+00 1.8933413E+01 -3.9385513E-02
2.6764000E+02 2.7427000E+02 8.6700000E+00 1.5200000E+02 9 5.5132218E+01 1.6801411E-01 3.8263798E-01 -9.9827576E-03 9.3742328E-03 9.9888678E-03 9.5717348E-03 7.4728671E-04 4.9464076E-04 5.1623198E-03 1.4026939E-04 5.2009411E-03 6.2220237E-02 2.7991151E-02 9.5930627E-05 1.8042689E+00 1.8906452E+01 -3.9861650E-02
2.6764000E+02 2.7427000E+02 8.6700000E+00 1.5700000E+02 9 5.5127393E+01 1.7001132E-01 3.8767152E-01 -1.0676320E-02 9.5144484E-03 1.0069134E-02 9.6576837E-03 7.3710531E-04 5.0194613E-04 5.2277628E-03 1.3835829E-04 5.2601765E-03 6.3096362E-02 2.8409475E-02 9.1266228E-05 1.8033677E+00 1.8881238E+01 -4.0207007E-02
2.6764000E+02 2.7427000E+02 8.6700000E+00 1.6200000E+02 9 5.5123748E+01 1.7155087E-01 3.9153296E-01 -1.1192149E-02 9.6238485E-03 1.0133903E-02 9.7278700E-03 7.2740089E-04 5.0681011E-04 5.2777194E-03 1.3653672E-04 5.3050177E-03 6.3757762E-02 2.8735876E-02 8.6509077E-05 1.8027816E+00 1.8858542E+01 -4.0458568E-02
2.6764000E+02 2.7427000E+02 8.6700000E+00 1.6700000E+02 9 5.5120984E+01 1.7274389E-01 3.9451206E-01 -1.1576053E-02 9.7095814E-03 1.0186605E-02 9.7857404E-03 7.1814182E-04 5.1012706E-04 5.3158317E-03 1.3479875E-04 5.3388652E-03 6.4259670E-02 2.8991675E-02 8.2030537E-05 1.8023995E+00 1.8838829E+01 -4.0643228E-02
2.6764000E+02 2.7427000E+02 8.6700000E+00 1.6800000E+02 9 5.5113475E+01 1.8699498E-01 4.2685365E-01 -1.1647903E-02 1.2079969E-02 1.2118591E-02 1.1718751E-02 7.1630758E-04 6.5519875E-04 6.5119407E-03 1.3445446E-04 6.4938640E-03 6.4362114E-02 3.6069458E-02 9.4997030E-05 1.7958102E+00 1.8839223E+01 -4.1075069E-02
2.6764000E+02 2.7427000E+02 8.6700000E+00 1.6900000E+02 9 5.5113326E+01 1.8652802E-01 4.2586937E-01 -1.1715152E-02 1.1980245E-02 1.2057822E-02 1.1658995E-02 7.1449067E-04 6.2419625E-04 6.4604099E-03 1.3411341E-04 6.4437661E-03 6.4451594E-02 3.5771607E-02 9.4493184E-05 1.7878464E+00 1.8842621E+01 -4.1719131E-02
2.6764000E+02 2.7427000E+02 8.6700000E+00 1.7400000E+02 9 5.5128932E+01 1.6335651E-01 3.8699211E-01 -1.7325892E-02 9.5288126E-03 1.0080460E-02 9.6864773E-03 7.0581321E-04 4.8499167E-04 5.2164100E-03 1.3248461E-04 5.2414279E-03 6.3011136E-02 2.8452003E-02 7.5253796E-05 1.8868443E+00 1.8731166E+01 -3.4387995E-02
2.6764000E+02 2.7427000E+02 8.6700000E+00 1.7500000E+02 9 5.5124799E+01 1.7357528E-01 4.1438817E-01 -1.8573167E-02 1.1627683E-02 1.2005576E-02 1.1612553E-02 7.0409380E-04 5.8717471E-04 6.2700551E-03 1.3216187E-04 6.2706371E-03 6.2685840E-02 3.4721437E-02 8.6185230E-05 1.9047894E+00 1.8708004E+01 -3.3117866E-02
2.6764000E+02 2.7427000E+02 8.6700000E+00 1.7600000E+02 9 5.5127355E+01 1.7048162E-01 4.1086813E-01 -1.9853239E-02 1.1460507E-02 1.1946801E-02 1.1554729E-02 7.0239027E-04 5.5743542E-04 6.1829794E-03 1.3184211E-04 6.1896135E-03 6.2338563E-02 3.4222874E-02 8.5381645E-05 1.9219347E+00 1.8687338E+01 -3.1985757E-02
2.6764000E+02 2.7427000E+02 8.6700000E+00 1.8100000E+02 9 5.5055997E+01 1.7364205E-01 4.3663936E-01 -3.1403246E-02 9.0530669E-03 9.9989019E-03 9.6113756E-03 6.9424681E-04 4.3408809E-04 4.9614535E-03 1.3031354E-04 5.0092517E-03 7.6902950E-02 2.7034653E-02 6.7812940E-05 1.7643097E+00 1.8837603E+01 -4.8898698E-02
2.6764000E+02 2.7427000E+02 8.6700000E+00 1.8600000E+02 9 5.4974515E+01 1.9519042E-01 4.9993610E-01 -4.1696833E-02 9.3508822E-03 1.0081238E-02 9.6980605E-03 6.8645661E-04 4.8358611E-04 5.1112841E-03 1.2885128E-04 5.1431763E-03 9.1812893E-02 2.7921977E-02 6.6297561E-05 1.6557154E+00 1.8937730E+01 -6.5835341E-02
2.6764000E+02 2.7427000E+02 8.6700000E+00 1.9100000E+02 9 5.4908931E+01 2.1456752E-01 5.5348488E-01 -4.9651348E-02 9.8714105E-03 1.0163156E-02 9.7841406E-03 6.7900009E-04 5.5214274E-04 5.3788739E-03 1.2745166E-04 5.3798537E-03 1.0362149E-01 2.9472095E-02 6.6719975E-05 1.5943748E+00 1.8991791E+01 -7.8525908E-02
2.6764000E+02 2.7427000E+02 8.6700000E+00 1.9600000E+02 9 5.4858814E+01 2.3053675E-01 5.9599729E-01 -5.5612129E-02 1.0439888E-02 1.0234331E-02 9.8593020E-03 6.7185891E-04 6.2426557E-04 5.6725339E-03 1.2611122E-04 5.6382206E-03 1.1253058E-01 3.1164791E-02 6.7720378E-05 1.5585081E+00 1.9021644E+01 -8.7536048E-02
2.6764000E+02 2.7427000E+02 8.6700000E+00 2.0100000E+02 9 5.4821019E+01 2.4331008E-01 6.2908876E-01 -6.0044544E-02 1.0977954E-02 1.0295586E-02 9.9243763E-03 6.6501574E-04 6.9236962E-04 5.9509039E-03 1.2482673E-04 5.8821939E-03 1.1917738E-01 3.2766866E-02 6.8791211E-05 1.5367079E+00 1.9038509E+01 -9.3861105E-02
2.6764000E+02 2.7427000E+02 8.6700000E+00 2.0600000E+02 9 5.4792678E+01 2.5335656E-01 6.5458077E-01 -6.3334425E-02 1.1452452E-02 1.0348674E-02 9.9811265E-03 6.5845426E-04 7.5100958E-04 6.1963226E-03 1.2359510E-04 6.0966681E-03 1.2411603E-01 3.4179678E-02 6.9728900E-05 1.5231273E+00 1.9048027E+01 -9.8285483E-02
2.6764000E+02 2.7427000E+02 8.6700000E+00 2.1100000E+02 9 5.4771460E+01 2.6118177E-01 6.7412051E-01 -6.5782297E-02 1.1854404E-02 1.0395194E-02 1.0031161E-02 6.5215904E-04 7.9828838E-04 6.4038808E-03 1.2241346E-04 6.2776741E-03 1.2778475E-01 3.5376534E-02 7.0467194E-05 1.5145449E+00 1.9053249E+01 -1.0137929E-01
2.6764000E+02 2.7427000E+02 8.6700000E+00 2.1600000E+02 9 5.4755522E+01 2.6725601E-01 6.8910810E-01 -6.7616719E-02 1.2187461E-02 1.0436552E-02 1.0075892E-02 6.4611558E-04 8.3547605E-04 6.5753751E-03 1.2127907E-04 6.4270104E-03 1.3052230E-01 3.6368316E-02 7.1006366E-05 1.5090805E+00 1.9055918E+01 -1.0355002E-01
2.6764000E+02 2.7427000E+02 8.6700000E+00 2.2100000E+02 9 5.4743451E+01 2.7198389E-01 7.0067620E-01 -6.9007495E-02 1.2460725E-02 1.0473922E-02 1.0116503E-02 6.4031022E-04 8.6457553E-04 6.7155250E-03 1.2018938E-04 6.5489370E-03 1.3258437E-01 3.7182125E-02 7.1375424E-05 1.5055863E+00 1.9057076E+01 -1.0508535E-01
2.6764000E+02 2.7427000E+02 8.6700000E+00 2.2600000E+02 9 5.4734194E+01 2.7569355E-01 7.0970373E-01 -7.0078090E-02 1.2684673E-02 1.0508220E-02 1.0153916E-02 6.3473011E-04 8.8745651E-04 6.8297991E-03 1.1914196E-04 6.6483195E-03 1.3415914E-01 3.7849142E-02 7.1611685E-05 1.5033459E+00 1.9057358E+01 -1.0618509E-01
2.6764000E+02 2.7427000E+02 8.6700000E+00 2.3100000E+02 9 5.4726979E+01 2.7863981E-01 7.1685146E-01 -7.0916817E-02 1.2869122E-02 1.0540119E-02 1.0188810E-02 6.2936320E-04 9.0563440E-04 6.9233406E-03 1.1813457E-04 6.7296980E-03 1.3538230E-01 3.8398585E-02 7.1750499E-05 1.5019079E+00 1.9057148E+01 -1.0698586E-01
2.6764000E+02 2.7427000E+02 8.6700000E+00 2.3600000E+02 9 5.4721257E+01 2.8101382E-01 7.2260461E-01 -7.1586217E-02 1.3022385E-02 1.0570090E-02 1.0221665E-02 6.2419817E-04 9.2025818E-04 7.0005202E-03 1.1716507E-04 6.7968983E-03 1.3635032E-01 3.8855192E-02 7.1821055E-05 1.5009866E+00 1.9056678E+01 -1.0758025E-01
2.6764000E+02 2.7427000E+02 8.6700000E+00 2.4100000E+02 9 5.4716634E+01 2.8295669E-01 7.2731496E-01 -7.2130430E-02 1.3151112E-02 1.0598457E-02 1.0252808E-02 6.1922440E-04 9.3217273E-04 7.0648496E-03 1.1623147E-04 6.8529638E-03 1.3713123E-01 3.9238752E-02 7.1845553E-05 1.5004000E+00 1.9056087E+01 -1.0803075E-01
2.6764000E+02 2.7427000E+02 8.6700000E+00 2.4600000E+02 9 5.4712833E+01 2.8457149E-01 7.3123604E-01 -7.2580679E-02 1.3260457E-02 1.0625436E-02 1.0282462E-02 6.1443193E-04 9.4199648E-04 7.1190601E-03 1.1533189E-04 6.9002409E-03 1.3777302E-01 3.9564604E-02 7.1840099E-05 1.5000311E+00 1.9055458E+01 -1.0837967E-01
2.6764000E+02 2.7427000E+02 8.6700000E+00 2.5100000E+02 9 5.4709654E+01 2.8593318E-01 7.3455067E-01 -7.2959212E-02 1.3354346E-02 1.0651173E-02 1.0310779E-02 6.0981139E-04 9.5018631E-04 7.1652399E-03 1.1446460E-04 6.9405075E-03 1.3830968E-01 3.9844432E-02 7.1815940E-05 1.4998042E+00 1.9054836E+01 -1.0865583E-01
2.6764000E+02 2.7427000E+02 8.6700000E+00 2.5600000E+02 9 5.4706956E+01 2.8709677E-01 7.3739178E-01 -7.3282058E-02 1.3435774E-02 1.0675768E-02 1.0337861E-02 6.0535402E-04 9.5708280E-04 7.2049783E-03 1.1362793E-04 6.9751201E-03 1.3876550E-01 4.0087148E-02 7.1780813E-05 1.4996699E+00 1.9054248E+01 -1.0887908E-01
2.6764000E+02 2.7427000E+02 8.6700000E+00 2.6100000E+02 9 5.4704636E+01 2.8810271E-01 7.3985687E-01 -7.3560922E-02 1.3507022E-02 1.0699292E-02 1.0363787E-02 6.0105156E-04 9.6294218E-04 7.2394851E-03 1.1282033E-04 7.0051102E-03 1.3915807E-01 4.0299537E-02 7.1739954E-05 1.4995952E+00 1.9053707E+01 -1.0906322E-01
2.6764000E+02 2.7427000E+02 8.6700000E+00 2.6400000E+02 9 5.4698837E+01 2.9773653E-01 7.5991015E-01 -7.3714489E-02 1.4974193E-02 1.1575753E-02 1.1241659E-02 5.9852413E-04 1.0880690E-03 7.9886541E-03 1.1234592E-04 7.7071883E-03 1.3937674E-01 4.4676338E-02 7.8779255E-05 1.4936253E+00 1.9057424E+01 -1.1020233E-01
2.6764000E+02 2.7427000E+02 8.6700000E+00 2.6500000E+02 9 5.4693811E+01 3.0717403E-01 7.7951109E-01 -7.3764223E-02 1.6445721E-02 1.2482379E-02 1.2148751E-02 5.9768760E-04 1.2194789E-03 8.7400885E-03 1.1218890E-04 8.4139437E-03 1.3944930E-01 4.9066607E-02 8.5610453E-05 1.4900384E+00 1.9059032E+01 -1.1084248E-01
2.6764000E+02 2.7427000E+02 8.6700000E+00 2.7000000E+02 9 5.4701121E+01 2.9032811E-01 7.4524379E-01 -7.3932842E-02 1.3758034E-02 1.0878563E-02 1.0545595E-02 5.9650527E-04 9.6470479E-04 7.3651784E-03 1.1196697E-04 7.1219615E-03 1.3967495E-01 4.1048476E-02 7.3016389E-05 1.5038073E+00 1.9047376E+01 -1.0845192E-01
2.6764000E+02 2.7427000E+02 8.6700000E+00 2.7500000E+02 9 5.4698191E+01 2.9408074E-01 7.5322923E-01 -7.4097139E-02 1.4295836E-02 1.1202939E-02 1.0871554E-02 5.9366992E-04 1.0186233E-03 7.6387412E-03 1.1143476E-04 7.3776778E-03 1.3990490E-01 4.2652842E-02 7.4975771E-05 1.5169336E+00 1.9032456E+01 -1.0609863E-01
2.6764000E+02 2.7427000E+02 8.6700000E+00 2.8000000E+02 9 5.4695786E+01 2.9695139E-01 7.5946224E-01 -7.4248451E-02 1.4700712E-02 1.1474279E-02 1.1144620E-02 5.9057852E-04 1.0482543E-03 7.8434745E-03 1.1085449E-04 7.5702196E-03 1.4011773E-01 4.3860997E-02 7.6743228E-05 1.5269118E+00 1.9020679E+01 -1.0433770E-01
2.6764000E+02 2.7427000E+02 8.6700000E+00 2.8500000E+02 9 5.4693883E+01 2.9901198E-01 7.6412299E-01 -7.4385003E-02 1.4989690E-02 1.1694451E-02 1.1366350E-02 5.8778660E-04 1.0650536E-03 7.9886775E-03 1.1033044E-04 7.7078866E-03 1.4030914E-01 4.4723598E-02 7.7967318E-05 1.5341361E+00 1.9012048E+01 -1.0308661E-01
2.6764000E+02 2.7427000E+02 8.6700000E+00 2.8900000E+02 9 5.4690490E+01 3.0451963E-01 7.7591099E-01 -7.4486040E-02 1.5836984E-02 1.2264567E-02 1.1937626E-02 5.8570815E-04 1.1285511E-03 8.4195518E-03 1.0994030E-04 8.1145969E-03 1.4045177E-01 4.7251928E-02 8.1960066E-05 1.5350017E+00 1.9009360E+01 -1.0292384E-01
2.6764000E+02 2.7427000E+02 8.6700000E+00 2.9000000E+02 9 5.4683243E+01 3.1874426E-01 8.0567349E-01 -7.4510809E-02 1.8085403E-02 1.3697891E-02 1.3371236E-02 5.8519707E-04 1.3348537E-03 9.5669452E-03 1.0984437E-04 9.1967017E-03 1.4049020E-01 5.3960787E-02 9.1869735E-05 1.5333285E+00 1.9008130E+01 -1.0313271E-01
2.6764000E+02 2.7427000E+02 8.6700000E+00 2.9500000E+02 9 5.4755381E+01 2.8418742E-01 7.2003721E-01 -6.6848288E-02 1.5084274E-02 1.1889374E-02 1.1564083E-02 5.8275392E-04 1.0420547E-03 8.0313648E-03 1.0938578E-04 7.7525196E-03 1.2890587E-01 4.5007031E-02 7.8412166E-05 1.5982413E+00 1.8946234E+01 -8.7749571E-02
2.6764000E+02 2.7427000E+02 8.6700000E+00 3.0000000E+02 9 5.4823398E+01 2.6667796E-01 6.6945936E-01 -5.8573540E-02 1.5013269E-02 1.2019124E-02 1.1695161E-02 5.8037292E-04 1.0376112E-03 7.9884598E-03 1.0893885E-04 7.7229797E-03 1.1640376E-01 4.4797860E-02 7.7555091E-05 1.6773309E+00 1.8866572E+01 -7.1892430E-02
2.6764000E+02 2.7427000E+02 8.6700000E+00 3.0100000E+02 9 5.4829006E+01 2.7887474E-01 6.9371318E-01 -5.6942417E-02 1.7560439E-02 1.3927512E-02 1.3603814E-02 5.7989888E-04 1.2529889E-03 9.2797693E-03 1.0884987E-04 8.9597238E-03 1.1394465E-01 5.2402475E-02 8.8994634E-05 1.6914799E+00 1.8848685E+01 -6.9106587E-02
2.6764000E+02 2.7427000E+02 8.6700000E+00 3.0200000E+02 9 5.4842452E+01 2.7457104E-01 6.8214190E-01 -5.5365221E-02 1.7393430E-02 1.3902213E-02 1.3578779E-02 5.7942673E-04 1.2006807E-03 9.1921673E-03 1.0876125E-04 8.8814954E-03 1.1156235E-01 5.1905139E-02 8.9365685E-05 1.7040875E+00 1.8834796E+01 -6.6678516E-02
2.6764000E+02 2.7427000E+02 8.6700000E+00 3.0300000E+02 9 5.4855979E+01 2.6984370E-01 6.6986824E-01 -5.3806117E-02 1.7164054E-02 1.3844624E-02 1.3521320E-02 5.7919439E-04 1.1581617E-03 9.0727171E-03 1.0871763E-04 8.7736291E-03 1.0920646E-01 5.1221786E-02 8.8650764E-05 1.7146430E+00 1.8824199E+01 -6.4591013E-02
2.6764000E+02 2.7427000E+02 8.6700000E+00 3.0800000E+02 9 5.4915797E+01 2.3765336E-01 5.9172619E-01 -4.7702390E-02 1.4024614E-02 1.1855072E-02 1.1538632E-02 5.6689682E-04 9.0205870E-04 7.4622439E-03 1.0640932E-04 7.2528518E-03 9.9995744E-02 4.1854560E-02 7.2805515E-05 1.7724194E+00 1.8772510E+01 -5.5351601E-02
2.6764000E+02 2.7427000E+02 8.6700000E+00 3.1300000E+02 9 5.4955759E+01 2.2497314E-01 5.5825717E-01 -4.3015682E-02 1.3585927E-02 1.1838323E-02 1.1531637E-02 5.4942299E-04 8.4390445E-04 7.2195816E-03 1.0312940E-04 7.0377249E-03 9.2941921E-02 4.0549621E-02 7.0206963E-05 1.8222460E+00 1.8723410E+01 -4.8315161E-02
2.6764000E+02 2.7427000E+02 8.6700000E+00 3.1800000E+02 9 5.4986608E+01 2.1468022E-01 5.3169277E-01 -3.9435582E-02 1.3163909E-02 1.1831655E-02 1.1534720E-02 5.3195432E-04 7.7259531E-04 6.9858206E-03 9.9850443E-05 6.8300644E-03 8.7559869E-02 3.9294072E-02 6.8313686E-05 1.8611192E+00 1.8684519E+01 -4.3309263E-02
2.6764000E+02 2.7427000E+02 8.6700000E+00 3.2300000E+02 9 5.5010391E+01 2.0624266E-01 5.1052708E-01 -3.6712861E-02 1.2761135E-02 1.1826428E-02 1.1538355E-02 5.1607759E-04 7.0818343E-04 6.7635212E-03 9.6870302E-05 6.6320242E-03 8.3469688E-02 3.8095436E-02 6.6620101E-05 1.8901060E+00 1.8655420E+01 -3.9819773E-02
2.6764000E+02 2.7427000E+02 8.6700000E+00 3.2800000E+02 9 5.5028692E+01 1.9935575E-01 4.9371778E-01 -3.4647156E-02 1.2391969E-02 1.1821730E-02 1.1541523E-02 5.0198616E-04 6.5555208E-04 6.5601451E-03 9.4225270E-05 6.4506309E-03 8.0368443E-02 3.6996511E-02 6.5087501E-05 1.9108878E+00 1.8634538E+01 -3.7412045E-02
2.6764000E+02 2.7427000E+02 8.6700000E+00 3.2900000E+02 9 5.5026062E+01 2.1024131E-01 5.1896173E-01 -3.4258767E-02 1.4398809E-02 1.3689960E-02 1.3411286E-02 4.9923925E-04 7.3885478E-04 7.5678826E-03 9.3709662E-05 7.4330021E-03 7.9791000E-02 4.2991322E-02 7.4758916E-05 1.9114833E+00 1.8630394E+01 -3.7176234E-02
2.6764000E+02 2.7427000E+02 8.6700000E+00 3.3000000E+02 9 5.5029585E+01 2.0844774E-01 5.1477438E-01 -3.3893671E-02 1.4240891E-02 1.3634118E-02 1.3356938E-02 4.9656264E-04 7.1233881E-04 7.4848900E-03 9.3207250E-05 7.3556526E-03 7.9243669E-02 4.2520276E-02 7.5033520E-05 1.9087822E+00 1.8632028E+01 -3.7207695E-02
2.6764000E+02 2.7427000E+02 8.6700000E+00 3.3500000E+02 9 5.5014799E+01 2.0207074E-01 4.9746106E-01 -3.3155662E-02 1.1719850E-02 1.1673473E-02 1.1402917E-02 4.8469737E-04 5.8208197E-04 6.1987056E-03 9.0980080E-05 6.1221789E-03 8.3380842E-02 3.4993413E-02 6.2481311E-05 1.8046510E+00 1.8741312E+01 -4.6753460E-02
2.6764000E+02 2.7427000E+02 8.6700000E+00 3.4000000E+02 9 5.4987392E+01 2.1288358E-01 5.1832583E-01 -3.2784158E-02 1.1786583E-02 1.1683964E-02 1.1419302E-02 4.7413662E-04 6.0673235E-04 6.2260174E-03 8.8997775E-05 6.1457296E-03 8.8395361E-02 3.5191683E-02 6.2454124E-05 1.7246379E+00 1.8821803E+01 -5.5911772E-02
2.6764000E+02 2.7427000E+02 8.6700000E+00 3.4500000E+02 9 5.4963581E+01 2.2349239E-01 5.3841454E-01 -3.2533828E-02 1.2055243E-02 1.1705092E-02 1.1445694E-02 4.6470627E-04 6.4953254E-04 6.3601782E-03 8.7227653E-05 6.2636259E-03 9.2609700E-02 3.5991078E-02 6.3669519E-05 1.6735122E+00 1.8872780E+01 -6.2826615E-02
2.6764000E+02 2.7427000E+02 8.6700000E+00 3.5000000E+02 9 5.4944486E+01 2.3276805E-01 5.5567968E-01 -3.2339583E-02 1.2395628E-02 1.1724106E-02 1.1469422E-02 4.5626158E-04 6.9739683E-04 6.5329892E-03 8.5642543E-05 6.4151796E-03 9.5905009E-02 3.7004032E-02 6.5187996E-05 1.6409991E+00 1.8905090E+01 -6.7777949E-02
2.6764000E+02 2.7427000E+02 8.6700000E+00 3.5500000E+02 9 5.4929521E+01 2.4055831E-01 5.6996840E-01 -3.2178467E-02 1.2744303E-02 1.1739808E-02 1.1489357E-02 4.4867830E-04 7.4339405E-04 6.7112500E-03 8.4219123E-05 6.5707231E-03 9.8432465E-02 3.8041722E-02 6.6685440E-05 1.6199510E+00 1.8925974E+01 -7.1275352E-02
2.6764000E+02 2.7427000E+02 8.6700000E+00 3.6000000E+02 9 5.4917943E+01 2.4694193E-01 5.8153201E-01 -3.2038861E-02 1.3068729E-02 1.1752607E-02 1.1505969E-02 4.4184764E-04 7.8517659E-04 6.8778443E-03 8.2936975E-05 6.7150578E-03 1.0035175E-01 3.9007289E-02 6.8033017E-05 1.6061409E+00 1.8939666E+01 -7.3731545E-02
2.6764000E+02 2.7427000E+02 8.6700000E+00 3.6500000E+02 9 5.4909074E+01 2.5208111E-01 5.9073636E-01 -3.1914281E-02 1.3354158E-02 1.1762968E-02 1.1519777E-02 4.3567377E-04 8.2126407E-04 7.0248639E-03 8.1778109E-05 6.8413753E-03 1.0179826E-01 3.9856819E-02 6.9184488E-05 1.5969868E+00 1.8948736E+01 -7.5451455E-02
2.6764000E+02 2.7427000E+02 8.6700000E+00 3.7000000E+02 9 5.4902326E+01 2.5616942E-01 5.9797928E-01 -3.1801263E-02 1.3596640E-02 1.1771309E-02 1.1531244E-02 4.3007232E-04 8.5134566E-04 7.1500190E-03 8.0726689E-05 6.9479425E-03 1.0288314E-01 4.0578559E-02 7.0135905E-05 1.5908622E+00 1.8954800E+01 -7.6655633E-02
2.6764000E+02 2.7427000E+02 8.6700000E+00 3.7500000E+02 9 5.4897205E+01 2.5940095E-01 6.0364328E-01 -3.1698052E-02 1.3798277E-02 1.1778010E-02 1.1540794E-02 4.2496940E-04 8.7594607E-04 7.2541980E-03 7.9768846E-05 7.0358376E-03 1.0369561E-01 4.1178749E-02 7.0904999E-05 1.5867264E+00 1.8958894E+01 -7.7501322E-02
2.6764000E+02 2.7427000E+02 8.6700000E+00 3.8000000E+02 9 5.4893316E+01 2.6195296E-01 6.0806708E-01 -3.1603737E-02 1.3964003E-02 1.1783412E-02 1.1548802E-02 4.2030063E-04 8.9555446E-04 7.3398149E-03 7.8892495E-05 7.1074313E-03 1.0430553E-01 4.1672077E-02 7.1518619E-05 1.5838934E+00 1.8961699E+01 -7.8099654E-02
2.6764000E+02 2.7427000E+02 8.6700000E+00 3.8500000E+02 9 5.4890346E+01 2.6397474E-01 6.1153331E-01 -3.1517742E-02 1.4099611E-02 1.1787802E-02 1.1555586E-02 4.1601017E-04 9.1114880E-04 7.4097778E-03 7.8087155E-05 7.1654566E-03 1.0476616E-01 4.2075773E-02 7.2005135E-05 1.5819217E+00 1.8963652E+01 -7.8527633E-02
2.6764000E+02 2.7427000E+02 8.6700000E+00 3.9000000E+02 9 5.4888061E+01 2.6558746E-01 6.1426774E-01 -3.1439576E-02 1.4210660E-02 1.1791403E-02 1.1561399E-02 4.1204981E-04 9.2349081E-04 7.4669140E-03 7.7343776E-05 7.2125091E-03 1.0511730E-01 4.2406378E-02 7.2390459E-05 1.5805218E+00 1.8965041E+01 -7.8838310E-02
2.6764000E+02 2.7427000E+02 8.6700000E+00 3.9500000E+02 9 5.4886282E+01 2.6688575E-01 6.1644550E-01 -3.1368732E-02 1.4302005E-02 1.1794385E-02 1.1566430E-02 4.0837800E-04 9.3335244E-04 7.5137171E-03 7.6654559E-05 7.2508338E-03 1.0538821E-01 4.2678345E-02 7.2696536E-05 1.5795053E+00 1.8966052E+01 -7.9067923E-02
2.6764000E+02 2.7427000E+02 8.6700000E+00 4.0000000E+02 9 5.4884880E+01 2.6794240E-01 6.1819960E-01 -3.1304672E-02 1.4377660E-02 1.1796864E-02 1.1570817E-02 4.0495900E-04 9.4127760E-04 7.5522626E-03 7.6012796E-05 7.2822675E-03 1.0560014E-01 4.2903610E-02 7.2941051E-05 1.5787469E+00 1.8966809E+01 -7.9241275E-02
2.6764000E+02 2.7427000E+02 8.6700000E+00 4.0500000E+02 9 5.4883760E+01 2.6881277E-01 6.1962997E-01 -3.1246835E-02 1.4440842E-02 1.1798922E-02 1.1574659E-02 4.0176211E-04 9.4765395E-04 7.5842315E-03 7.5412724E-05 7.3082648E-03 1.0576847E-01 4.3091749E-02 7.3137824E-05 1.5781635E+00 1.8967395E+01 -7.9375291E-02
2.6764000E+02 2.7427000E+02 8.6700000E+00 4.1000000E+02 9 5.4882851E+01 2.6953832E-01 6.2081119E-01 -3.1194660E-02 1.4494081E-02 1.1800610E-02 1.1578023E-02 3.9876095E-04 9.5284681E-04 7.6109551E-03 7.4849391E-05 7.3299553E-03 1.0590429E-01 4.3250288E-02 7.3297452E-05 1.5777009E+00 1.8967861E+01 -7.9481512E-02
2.6764000E+02 2.7427000E+02 8.6700000E+00 4.1200000E+02 9 5.4875886E+01 2.8311560E-01 6.4891277E-01 -3.1174660E-02 1.6616270E-02 1.3131995E-02 1.2910062E-02 3.9759021E-04 1.1263660E-03 8.6955751E-03 7.4629638E-05 8.3485811E-03 1.0595812E-01 4.9582274E-02 8.3255156E-05 1.5714905E+00 1.8971073E+01 -8.0260956E-02
2.6764000E+02 2.7427000E+02 8.6700000E+00 4.1700000E+02 9 5.4882502E+01 2.6902727E-01 6.1948146E-01 -3.1129565E-02 1.4348582E-02 1.1699716E-02 1.1479324E-02 3.9482791E-04 9.2820364E-04 7.5351145E-03 7.4111141E-05 7.2558613E-03 1.0605650E-01 4.2816023E-02 7.2791879E-05 1.5704189E+00 1.8975562E+01 -8.0569822E-02
2.6764000E+02 2.7427000E+02 8.6700000E+00 4.2200000E+02 9 5.4881779E+01 2.6980452E-01 6.2082836E-01 -3.1088878E-02 1.4430520E-02 1.1713012E-02 1.1494080E-02 3.9221182E-04 9.4720319E-04 7.5766755E-03 7.3620087E-05 7.2916769E-03 1.0614238E-01 4.3060100E-02 7.2764327E-05 1.5716234E+00 1.8974601E+01 -8.0436235E-02
2.6764000E+02 2.7427000E+02 8.6700000E+00 4.2700000E+02 9 5.4881122E+01 2.7056119E-01 6.2212510E-01 -3.1052142E-02 1.4511574E-02 1.1731742E-02 1.1514198E-02 3.8972613E-04 9.5742217E-04 7.6176667E-03 7.3153511E-05 7.3274078E-03 1.0621559E-01 4.3301615E-02 7.3069792E-05 1.5728917E+00 1.8973196E+01 -8.0274956E-02
2.6764000E+02 2.7427000E+02 8.6700000E+00 4.2900000E+02 9 5.4874218E+01 2.8420520E-01 6.5033789E-01 -3.1038051E-02 1.6650265E-02 1.3065165E-02 1.2848165E-02 3.8875177E-04 1.1339168E-03 8.7111705E-03 7.2970618E-05 8.3537448E-03 1.0624712E-01 4.9682737E-02 8.3125914E-05 1.5673435E+00 1.8975680E+01 -8.0959451E-02
2.6764000E+02 2.7427000E+02 8.6700000E+00 4.3000000E+02 9 5.4872174E+01 2.8820608E-01 6.5862265E-01 -3.1031154E-02 1.7271867E-02 1.3478368E-02 1.3261637E-02 3.8826945E-04 1.1681506E-03 9.0283037E-03 7.2880085E-05 8.6525940E-03 1.0626186E-01 5.1537666E-02 8.6432811E-05 1.5632184E+00 1.8978564E+01 -8.1503944E-02
2.6764000E+02 2.7427000E+02 8.6700000E+00 4.3500000E+02 9 5.4879614E+01 2.7271934E-01 6.2646947E-01 -3.1011045E-02 1.4807705E-02 1.1920246E-02 1.1706370E-02 3.8315424E-04 9.5946673E-04 7.7654993E-03 7.1919935E-05 7.4640281E-03 1.0633451E-01 4.4185204E-02 7.4850321E-05 1.5807606E+00 1.8963838E+01 -7.9119639E-02
2.6764000E+02 2.7427000E+02 8.6700000E+00 4.3600000E+02 9 5.4870066E+01 2.9177028E-01 6.6608381E-01 -3.1006800E-02 1.7807955E-02 1.3824696E-02 1.3611355E-02 3.8219753E-04 1.2363037E-03 9.2983869E-03 7.1740356E-05 8.9058981E-03 1.0635422E-01 5.3137669E-02 8.7445429E-05 1.5817974E+00 1.8959540E+01 -7.8843208E-02
2.6764000E+02 2.7427000E+02 8.6700000E+00 4.3700000E+02 9 5.4873926E+01 2.9146740E-01 6.6353822E-01 -3.0107382E-02 1.7838576E-02 1.3850995E-02 1.3638323E-02 3.8099774E-04 1.2058404E-03 9.3135052E-03 7.1515150E-05 8.9194035E-03 1.0561371E-01 5.3228924E-02 8.8630749E-05 1.5841585E+00 1.8955805E+01 -7.8107594E-02
2.6764000E+02 2.7427000E+02 8.6700000E+00 4.3800000E+02 9 5.4882576E+01 2.9018602E-01 6.5708840E-01 -2.8183742E-02 1.7834810E-02 1.3860185E-02 1.3648356E-02 3.7948786E-04 1.1871760E-03 9.3105442E-03 7.1231738E-05 8.9165359E-03 1.0400795E-01 5.3217763E-02 8.9120531E-05 1.5878889E+00 1.8951424E+01 -7.6817039E-02
2.6764000E+02 2.7427000E+02 8.6700000E+00 4.4300000E+02 9 5.4957482E+01 2.6367588E-01 5.7338599E-01 -1.3436835E-02 1.5243020E-02 1.2218725E-02 1.2010318E-02 3.7335672E-04 9.7367150E-04 7.9817887E-03 7.0080893E-05 7.6658982E-03 9.1613854E-02 4.5484494E-02 7.7087583E-05 1.6344642E+00 1.8907686E+01 -6.5410269E-02
2.6764000E+02 2.7427000E+02 8.6700000E+00 4.4400000E+02 9 5.4962298E+01 2.7931355E-01 6.0053248E-01 -1.0423624E-02 1.8055663E-02 1.4102721E-02 1.3894986E-02 3.7215370E-04 1.2094177E-03 9.4158416E-03 6.9855080E-05 9.0208735E-03 8.9086398E-02 5.3878590E-02 8.9033369E-05 1.6422577E+00 1.8896538E+01 -6.3255787E-02
2.6764000E+02 2.7427000E+02 8.6700000E+00 4.4500000E+02 9 5.4975829E+01 2.7723104E-01 5.9032876E-01 -7.4392525E-03 1.8039051E-02 1.4118105E-02 1.3910952E-02 3.7111035E-04 1.1710047E-03 9.4064156E-03 6.9659239E-05 9.0123985E-03 8.6577548E-02 5.3829120E-02 9.0022724E-05 1.6495843E+00 1.8887803E+01 -6.1281360E-02
2.6764000E+02 2.7427000E+02 8.6700000E+00 4.5000000E+02 9 5.5034538E+01 2.5464824E-01 5.2151545E-01 3.8845327E-03 1.5709064E-02 1.2661341E-02 1.2454949E-02 3.6974827E-04 9.7474628E-04 8.2141928E-03 6.9403569E-05 7.8915237E-03 7.7033387E-02 4.6876783E-02 7.9509674E-05 1.7047318E+00 1.8834245E+01 -5.1593675E-02
2.6764000E+02 2.7427000E+02 8.6700000E+00 4.5300000E+02 9 5.5057289E+01 2.5959466E-01 5.2091725E-01 9.9012810E-03 1.7172633E-02 1.3784142E-02 1.3577964E-02 3.6936543E-04 1.0456444E-03 8.9570025E-03 6.9331708E-05 8.6011046E-03 7.1966245E-02 5.1246214E-02 8.6160666E-05 1.7322706E+00 1.8803568E+01 -4.6875009E-02
2.6764000E+02 2.7427000E+02 8.6700000E+00 4.5400000E+02 9 5.5062198E+01 2.6594270E-01 5.3110357E-01 1.1827736E-02 1.8407620E-02 1.4761305E-02 1.4555192E-02 3.6924807E-04 1.0877475E-03 9.5831467E-03 6.9309679E-05 9.2009950E-03 7.0345640E-02 5.4933602E-02 9.1772863E-05 1.7402101E+00 1.8793384E+01 -4.5473168E-02
2.6764000E+02 2.7427000E+02 8.6700000E+00 4.5900000E+02 9 5.5112252E+01 2.4162330E-01 4.6293370E-01 2.0884595E-02 1.5551038E-02 1.2922406E-02 1.2716722E-02 3.6847847E-04 8.8133858E-04 8.1231282E-03 6.9165221E-05 7.8259154E-03 6.2713956E-02 4.6408997E-02 7.8842197E-05 1.7628184E+00 1.8774812E+01 -4.0803608E-02
2.6764000E+02 2.7427000E+02 8.6700000E+00 4.6400000E+02 9 5.5145876E+01 2.3497277E-01 4.3600115E-01 2.8119117E-02 1.5328049E-02 1.2970235E-02 1.2764258E-02 3.6900342E-04 8.3605482E-04 8.0039728E-03 6.9263756E-05 7.7254920E-03 5.6617015E-02 4.5745368E-02 7.7452990E-05 1.7846615E+00 1.8753280E+01 -3.6904201E-02
2.6764000E+02 2.7427000E+02 8.6700000E+00 4.6900000E+02 9 5.5172617E+01 2.2945748E-01 4.1433043E-01 3.3846636E-02 1.5120325E-02 1.3021871E-02 1.2815324E-02 3.7002469E-04 7.9048378E-04 7.8929070E-03 6.9455455E-05 7.6326928E-03 5.1789704E-02 4.5127032E-02 7.6555716E-05 1.8026414E+00 1.8735070E+01 -3.3921933E-02
2.6764000E+02 2.7427000E+02 8.6700000E+00 4.7400000E+02 9 5.5193897E+01 2.2476892E-01 3.9669581E-01 3.8371856E-02 1.4911872E-02 1.3064348E-02 1.2857268E-02 3.7098100E-04 7.4995523E-04 7.7814850E-03 6.9634959E-05 7.5393253E-03 4.7978315E-02 4.4506301E-02 7.5736695E-05 1.8159329E+00 1.8721504E+01 -3.1733067E-02
2.6764000E+02 2.7427000E+02 8.6700000E+00 4.7900000E+02 9 5.5210824E+01 2.2078346E-01 3.8233135E-01 4.1944391E-02 1.4709123E-02 1.3097072E-02 1.2889561E-02 3.7175315E-04 7.1572552E-04 7.6732435E-03 6.9779894E-05 7.4480495E-03 4.4972616E-02 4.3902338E-02 7.4952576E-05 1.8252258E+00 1.8711976E+01 -3.0149454E-02
2.6764000E+02 2.7427000E+02 8.6700000E+00 4.8100000E+02 9 5.5211815E+01 2.2962567E-01 3.9981191E-01 4.3235769E-02 1.6323217E-02 1.4433931E-02 1.4226265E-02 3.7203041E-04 7.6724924E-04 8.4907741E-03 6.9831938E-05 8.2334314E-03 4.3890851E-02 4.8721474E-02 8.2812267E-05 1.8195845E+00 1.8714521E+01 -3.0150149E-02
2.6764000E+02 2.7427000E+02 8.6700000E+00 4.8200000E+02 9 5.5213346E+01 2.3169259E-01 4.0364931E-01 4.3848827E-02 1.6748454E-02 1.4854564E-02 1.4646825E-02 3.7216107E-04 7.6813804E-04 8.7046593E-03 6.9856464E-05 8.4420994E-03 4.3377025E-02 4.9991449E-02 8.5284223E-05 1.8144993E+00 1.8718290E+01 -3.0320836E-02
2.6764000E+02 2.7427000E+02 8.6700000E+00 4.8700000E+02 9 5.5233657E+01 2.1242683E-01 3.5766730E-01 4.6417586E-02 1.3939628E-02 1.2846609E-02 1.2638866E-02 3.7216719E-04 6.4627916E-04 7.2733653E-03 6.9857612E-05 7.0856109E-03 4.1218768E-02 4.1607041E-02 7.1875370E-05 1.8016777E+00 1.8736716E+01 -3.0438752E-02
2.6764000E+02 2.7427000E+02 8.6700000E+00 4.9200000E+02 9 5.5243477E+01 2.0963418E-01 3.4826278E-01 4.8441959E-02 1.3733554E-02 1.2761146E-02 1.2553331E-02 3.7229741E-04 6.3741383E-04 7.1670483E-03 6.9882055E-05 6.9876441E-03 3.9524261E-02 4.0992032E-02 7.0500890E-05 1.7994850E+00 1.8739857E+01 -3.0039330E-02
2.6764000E+02 2.7427000E+02 8.6700000E+00 4.9700000E+02 9 5.5251163E+01 2.0763637E-01 3.4116853E-01 5.0051990E-02 1.3599224E-02 1.2704258E-02 1.2496417E-02 3.7234306E-04 6.2721767E-04 7.0985302E-03 6.9890623E-05 6.9228733E-03 3.8179948E-02 4.0590997E-02 6.9906551E-05 1.7993634E+00 1.8740159E+01 -2.9611968E-02
2.6764000E+02 2.7427000E+02 8.6700000E+00 5.0200000E+02 9 5.5257319E+01 2.0606570E-01 3.3550934E-01 5.1348256E-02 1.3494133E-02 1.2658822E-02 1.2451059E-02 3.7220374E-04 6.1722616E-04 7.0454520E-03 6.9864473E-05 6.8714165E-03 3.7101256E-02 4.0277229E-02 6.9514638E-05 1.7993309E+00 1.8740209E+01 -2.9265305E-02
2.6764000E+02 2.7427000E+02 8.6700000E+00 5.0500000E+02 9 5.5257188E+01 2.1199656E-01 3.4734700E-01 5.2030916E-02 1.4547560E-02 1.3477104E-02 1.3269423E-02 3.7205750E-04 6.5538694E-04 7.5815857E-03 6.9837022E-05 7.3805896E-03 3.6537316E-02 4.3421682E-02 7.4871945E-05 1.7862494E+00 1.8751297E+01 -2.9851744E-02
2.6764000E+02 2.7427000E+02 8.6700000E+00 5.0600000E+02 9 5.5254933E+01 2.1832608E-01 3.6099631E-01 5.2248521E-02 1.5612679E-02 1.4341653E-02 1.4134003E-02 3.7200211E-04 6.8564499E-04 8.1220441E-03 6.9826625E-05 7.8974744E-03 3.6359484E-02 4.6601645E-02 7.9983519E-05 1.7799042E+00 1.8755786E+01 -3.0240422E-02
2.6764000E+02 2.7427000E+02 8.6700000E+00 5.1100000E+02 9 5.5267521E+01 2.0087618E-01 3.2145132E-01 5.3193230E-02 1.2883996E-02 1.2313824E-02 1.2106485E-02 3.7144369E-04 5.7696705E-04 6.7352656E-03 6.9721808E-05 6.5750014E-03 3.5573972E-02 3.8456035E-02 6.7054823E-05 1.7674988E+00 1.8773468E+01 -3.0824074E-02
2.6764000E+02 2.7427000E+02 8.6700000E+00 5.1600000E+02 9 5.5271189E+01 1.9992783E-01 3.1771219E-01 5.3969272E-02 1.2804364E-02 1.2205567E-02 1.1998301E-02 3.7131198E-04 5.8236712E-04 6.6976940E-03 6.9697084E-05 6.5330476E-03 3.4932459E-02 3.8217724E-02 6.6260476E-05 1.7646127E+00 1.8777198E+01 -3.0813730E-02
2.6764000E+02 2.7427000E+02 8.6700000E+00 5.2100000E+02 9 5.5274131E+01 1.9937404E-01 3.1500701E-01 5.4617747E-02 1.2770121E-02 1.2130220E-02 1.1922988E-02 3.7125198E-04 5.8251054E-04 6.6832695E-03 6.9685823E-05 6.5131244E-03 3.4397729E-02 3.8114955E-02 6.6092989E-05 1.7640376E+00 1.8777934E+01 -3.0675271E-02
2.6764000E+02 2.7427000E+02 8.6700000E+00 5.2600000E+02 9 5.5276599E+01 1.9894479E-01 3.1277988E-01 5.5168041E-02 1.2745327E-02 1.2069913E-02 1.1862781E-02 3.7107336E-04 5.8046787E-04 6.6731568E-03 6.9652294E-05 6.4981721E-03 3.3946098E-02 3.8040536E-02 6.6028469E-05 1.7636958E+00 1.8778309E+01 -3.0543955E-02
2.6764000E+02 2.7427000E+02 8.6700000E+00 5.3100000E+02 9 5.5278712E+01 1.9857429E-01 3.1086528E-01 5.5640617E-02 1.2722887E-02 1.2019266E-02 1.1812305E-02 3.7076638E-04 5.7758449E-04 6.6637209E-03 6.9594673E-05 6.4847482E-03 3.3560336E-02 3.7973243E-02 6.5971767E-05 1.7632965E+00 1.8778721E+01 -3.0438138E-02
2.6764000E+02 2.7427000E+02 8.6700000E+00 5.3600000E+02 9 5.5280543E+01 1.9824333E-01 3.0918988E-01 5.6050652E-02 1.2701515E-02 1.1975559E-02 1.1768829E-02 3.7035340E-04 5.7466496E-04 6.6543827E-03 6.9517154E-05 6.4721680E-03 3.3227493E-02 3.7909200E-02 6.5908634E-05 1.7628272E+00 1.8779203E+01 -3.0356134E-02
2.6764000E+02 2.7427000E+02 8.6700000E+00 5.4100000E+02 9 5.5282145E+01 1.9794560E-01 3.0770980E-01 5.6409685E-02 1.2681177E-02 1.1936975E-02 1.1730522E-02 3.6985601E-04 5.7195708E-04 6.6452241E-03 6.9423792E-05 6.4603378E-03 3.2937710E-02 3.7848289E-02 6.5839904E-05 1.7622713E+00 1.8779773E+01 -3.0294229E-02
2.6764000E+02 2.7427000E+02 8.6700000E+00 5.4600000E+02 9 5.5283555E+01 1.9767855E-01 3.0639459E-01 5.6726616E-02 1.2662100E-02 1.1902257E-02 1.1696120E-02 3.6929113E-04 5.6949823E-04 6.6364539E-03 6.9317761E-05 6.4492888E-03 3.2683390E-02 3.7791168E-02 6.5768731E-05 1.7616583E+00 1.8780403E+01 -3.0247960E-02
2.6764000E+02 2.7427000E+02 8.6700000E+00 5.5100000E+02 9 5.5284806E+01 1.9744034E-01 3.0522106E-01 5.7008403E-02 1.2644480E-02 1.1870548E-02 1.1664756E-02 3.6867171E-04 5.6730365E-04 6.6282520E-03 6.9201493E-05 6.4390517E-03 3.2458605E-02 3.7738420E-02 6.5697882E-05 1.7610159E+00 1.8781061E+01 -3.0213564E-02
2.6764000E+02 2.7427000E+02 8.6700000E+00 5.5600000E+02 9 5.5285919E+01 1.9722895E-01 3.0417034E-01 5.7260553E-02 1.2628414E-02 1.1841263E-02 1.1635842E-02 3.6800790E-04 5.6535411E-04 6.6207256E-03 6.9076892E-05 6.4296237E-03 3.2258666E-02 3.7690318E-02 6.5629318E-05 1.7603642E+00 1.8781728E+01 -3.0188158E-02
2.6764000E+02 2.7427000E+02 8.6700000E+00 5.6100000E+02 9 5.5286916E+01 1.9704214E-01 3.0322662E-01 5.7487479E-02 1.2613899E-02 1.1813999E-02 1.1608969E-02 3.6730781E-04 5.6362911E-04 6.6139140E-03 6.8945483E-05 6.4209745E-03 3.2079826E-02 3.7646858E-02 6.5564161E-05 1.7597168E+00 1.8782390E+01 -3.0169604E-02
2.6764000E+02 2.7427000E+02 8.6700000E+00 5.6600000E+02 9 5.5287813E+01 1.9687745E-01 3.0237626E-01 5.7692755E-02 1.2600862E-02 1.1788461E-02 1.1583838E-02 3.6657812E-04 5.6210727E-04 6.6078049E-03 6.8808515E-05 6.4130516E-03 3.1919050E-02 3.7607817E-02 6.5502953E-05 1.7590815E+00 1.8783038E+01 -3.0156368E-02
2.6764000E+02 2.7427000E+02 8.6700000E+00 5.7100000E+02 9 5.5288622E+01 1.9673246E-01 3.0160757E-01 5.7879306E-02 1.2589194E-02 1.1764426E-02 1.1560224E-02 3.6582434E-04 5.6077944E-04 6.6023558E-03 6.8667027E-05 6.4057944E-03 3.1773857E-02 3.7572864E-02 6.5445815E-05 1.7584633E+00 1.8783667E+01 -3.0147326E-02
2.6764000E+02 2.7427000E+02 8.6700000E+00 5.7600000E+02 9 5.5289355E+01 1.9660494E-01 3.0091051E-01 5.8049552E-02 1.2578768E-02 1.1741715E-02 1.1537945E-02 3.6505113E-04 5.5961464E-04 6.5975102E-03 6.8521892E-05 6.3991416E-03 3.1642196E-02 3.7541625E-02 6.5392663E-05 1.7578635E+00 1.8784276E+01 -3.0141676E-02
2.6764000E+02 2.7427000E+02 8.6700000E+00 5.8100000E+02 9 5.5290022E+01 1.9649285E-01 3.0027640E-01 5.8205513E-02 1.2569456E-02 1.1720179E-02 1.1516849E-02 3.6426241E-04 5.5858592E-04 6.5932069E-03 6.8373847E-05 6.3930329E-03 3.1522361E-02 3.7513716E-02 6.5343270E-05 1.7572817E+00 1.8784866E+01 -3.0138832E-02
2.6764000E+02 2.7427000E+02 8.6700000E+00 5.8200000E+02 9 5.5282569E+01 2.1168684E-01 3.3284398E-01 5.8236149E-02 1.5025222E-02 1.3491292E-02 1.3288051E-02 3.6410408E-04 6.6467541E-04 7.8446181E-03 6.8344127E-05 7.5786344E-03 3.1504126E-02 4.4843954E-02 7.6509654E-05 1.7510264E+00 1.8787609E+01 -3.0528602E-02
2.6764000E+02 2.7427000E+02 8.6700000E+00 5.8700000E+02 9 5.5291063E+01 1.9581492E-01 2.9853639E-01 5.8395315E-02 1.2478979E-02 1.1661146E-02 1.1459538E-02 3.6117744E-04 5.4885454E-04 6.5459093E-03 6.7794782E-05 6.3461810E-03 3.1391138E-02 3.7243648E-02 6.5122454E-05 1.7512634E+00 1.8790919E+01 -3.0485962E-02
2.6764000E+02 2.7427000E+02 8.6700000E+00 5.9200000E+02 9 5.5291450E+01 1.9620575E-01 2.9881220E-01 5.8562090E-02 1.2537612E-02 1.1658494E-02 1.1459413E-02 3.5664929E-04 5.5726269E-04 6.5744421E-03 6.6944825E-05 6.3693357E-03 3.1288230E-02 3.7418438E-02 6.5017077E-05 1.7542552E+00 1.8788237E+01 -3.0256706E-02
2.6764000E+02 2.7427000E+02 8.6700000E+00 5.9700000E+02 9 5.5291820E+01 1.9657509E-01 2.9903426E-01 5.8725017E-02 1.2588935E-02 1.1654981E-02 1.1458802E-02 3.5145088E-04 5.6043178E-04 6.5988161E-03 6.5969058E-05 6.3884525E-03 3.1193240E-02 3.7571417E-02 6.5208211E-05 1.7567312E+00 1.8785698E+01 -3.0063650E-02
2.6764000E+02 2.7427000E+02 8.6700000E+00 6.0200000E+02 9 5.5292202E+01 1.9683627E-01 2.9909054E-01 5.8877239E-02 1.2624052E-02 1.1648346E-02 1.1455034E-02 3.4631413E-04 5.6147623E-04 6.6147745E-03 6.5004865E-05 6.4000248E-03 3.1106444E-02 3.7676094E-02 6.5372359E-05 1.7581186E+00 1.8784227E+01 -2.9938732E-02
2.6764000E+02 2.7427000E+02 8.6700000E+00 6.0700000E+02 9 5.5292585E+01 1.9701017E-01 2.9902481E-01 5.9017244E-02 1.2646635E-02 1.1639776E-02 1.1449156E-02 3.4149248E-04 5.6135860E-04 6.6243793E-03 6.4099818E-05 6.4059793E-03 3.1027299E-02 3.7743407E-02 6.5478231E-05 1.7588034E+00 1.8783486E+01 -2.9862730E-02
2.6764000E+02 2.7427000E+02 8.6700000E+00 6.1200000E+02 9 5.5292957E+01 1.9712441E-01 2.9888533E-01 5.9145544E-02 1.2660879E-02 1.1630100E-02 1.1441965E-02 3.3704110E-04 5.6087542E-04 6.6298499E-03 6.3264273E-05 6.4083231E-03 3.0955026E-02 3.7785845E-02 6.5539680E-05 1.7590400E+00 1.8783218E+01 -2.9818908E-02
2.6764000E+02 2.7427000E+02 8.6700000E+00 6.1700000E+02 9 5.5293312E+01 1.9720046E-01 2.9870587E-01 5.9263166E-02 1.2669819E-02 1.1619725E-02 1.1433872E-02 3.3295261E-04 5.6032567E-04 6.6327684E-03 6.2496842E-05 6.4084704E-03 3.0888857E-02 3.7812457E-02 6.5572358E-05 1.7590199E+00 1.8783225E+01 -2.9795462E-02
2.6764000E+02 2.7427000E+02 8.6700000E+00 6.2200000E+02 9 5.5293647E+01 1.9725297E-01 2.9850814E-01 5.9371173E-02 1.2675470E-02 1.1608890E-02 1.1425130E-02 3.2920223E-04 5.5982035E-04 6.6341738E-03 6.1792877E-05 6.4073444E-03 3.0828113E-02 3.7829253E-02 6.5587490E-05 1.7588115E+00 1.8783430E+01 -2.9785688E-02
2.6764000E+02 2.7427000E+02 8.6700000E+00 6.2700000E+02 9 5.5293960E+01 1.9729136E-01 2.9830543E-01 5.9470542E-02 1.2679120E-02 1.1597768E-02 1.1415929E-02 3.2576097E-04 5.5938795E-04 6.6347223E-03 6.1146936E-05 6.4055253E-03 3.0772208E-02 3.7840077E-02 6.5592283E-05 1.7585152E+00 1.8783729E+01 -2.9784150E-02
2.6764000E+02 2.7427000E+02 8.6700000E+00 6.3200000E+02 9 5.5294251E+01 1.9732148E-01 2.9810545E-01 5.9562154E-02 1.2681566E-02 1.1586502E-02 1.1406428E-02 3.2259939E-04 5.5901514E-04 6.6348105E-03 6.0553491E-05 6.4033644E-03 3.0720634E-02 3.7847302E-02 6.5591123E-05 1.7581703E+00 1.8784079E+01 -2.9787864E-02
2.6764000E+02 2.7427000E+02 8.6700000E+00 6.3700000E+02 9 5.5294521E+01 1.9734671E-01 2.9791238E-01 5.9646803E-02 1.2683291E-02 1.1575199E-02 1.1396750E-02 3.1968894E-04 5.5871751E-04 6.6346697E-03 6.0007186E-05 6.4010692E-03 3.0672946E-02 3.7852370E-02 6.5586603E-05 1.7577984E+00 1.8784458E+01 -2.9795009E-02
2.6764000E+02 2.7427000E+02 8.6700000E+00 6.4200000E+02 9 5.5294772E+01 1.9736916E-01 2.9772824E-01 5.9725203E-02 1.2684583E-02 1.1563938E-02 1.1386988E-02 3.1700269E-04 5.5847912E-04 6.6344300E-03 5.9502965E-05 6.3987597E-03 3.0628751E-02 3.7856147E-02 6.5580204E-05 1.7574127E+00 1.8784852E+01 -2.9804425E-02
2.6764000E+02 2.7427000E+02 8.6700000E+00 6.4700000E+02 9 5.5295005E+01 1.9739006E-01 2.9755382E-01 5.9797995E-02 1.2685618E-02 1.1552768E-02 1.1377206E-02 3.1451575E-04 5.5828902E-04 6.6341619E-03 5.9036154E-05 6.3965033E-03 3.0587704E-02 3.7859153E-02 6.5572746E-05 1.7570138E+00 1.8785258E+01 -2.9815535E-02
2.6764000E+02 2.7427000E+02 8.6700000E+00 6.5000000E+02 9 5.5291611E+01 2.0447987E-01 3.1260728E-01 5.9839780E-02 1.3827556E-02 1.2360316E-02 1.2185550E-02 3.1309025E-04 6.0541568E-04 7.2165502E-03 5.8768580E-05 6.9452368E-03 3.0566930E-02 4.1267358E-02 7.1247102E-05 1.7431446E+00 1.8797204E+01 -3.0649452E-02
