x y z_datum Time Well_no H2O H O Charge Al C Ca Cl Fe K Mg Na S Si U pH pe Alkalinity
2.6764000E+02 2.7427000E+02 8.6700000E+00 0.0000000E+00 9 9.9704301E-01 7.2098600E-06 6.6484776E-04 -3.2324431E-06 0.0000000E+00 1.0067647E-04 6.3262499E-05 4.3211171E-04 0.0000000E+00 2.8240956E-04 5.5605061E-05 2.2967748E-04 1.4127542E-04 0.0000000E+00 0.0000000E+00 7.0300000E+00 -2.2001569E+00 7.1999443E-03
2.6764000E+02 2.7427000E+02 8.6700000E+00 5.0000000E+00 9 5.5327005E+01 2.0348257E-02 6.4560899E-02 -3.0081655E-03 0.0000000E+00 7.1686942E-03 1.3500044E-03 1.0424085E-02 0.0000000E+00 6.1775517E-03 1.9566519E-03 8.5443316E-03 1.1005019E-02 0.0000000E+00 0.0000000E+00 4.9562982E+00 1.5417396E+01 5.1689743E-04
2.6764000E+02 2.7427000E+02 8.6700000E+00 1.0000000E+01 9 5.5307477E+01 3.5206416E-02 1.0898961E-01 -2.7096494E-03 1.0953947E-03 7.6708584E-03 3.1629196E-03 8.0758962E-03 4.0247242E-05 5.3270199E-03 1.5158854E-03 7.1678408E-03 1.9794125E-02 3.2746028E-03 5.6802273E-06 2.4066342E+00 1.8049944E+01 -7.3762353E-03
2.6764000E+02 2.7427000E+02 8.6700000E+00 1.5000000E+01 9 5.5284407E+01 6.0370484E-02 1.5863904E-01 -2.4507351E-03 2.7390410E-03 7.9050051E-03 4.5339302E-03 6.0392238E-03 1.0616637E-04 4.9421174E-03 1.1335920E-03 6.3097318E-03 2.7417781E-02 8.1851289E-03 1.4600073E-05 2.1680351E+00 1.8327549E+01 -1.3689470E-02
2.6764000E+02 2.7427000E+02 8.6700000E+00 2.0000000E+01 9 5.5265177E+01 8.2876494E-02 1.9987235E-01 -2.2537016E-03 4.2252942E-03 8.0394319E-03 5.5335095E-03 4.4893177E-03 1.7409528E-04 4.7723923E-03 8.4266701E-04 5.7666036E-03 3.3219986E-02 1.2623611E-02 2.3289507E-05 2.0692257E+00 1.8447369E+01 -1.7981795E-02
2.6764000E+02 2.7427000E+02 8.6700000E+00 2.5000000E+01 9 5.5251045E+01 9.9756657E-02 2.3059839E-01 -2.1130882E-03 5.3905286E-03 8.1501548E-03 6.2616502E-03 3.3832241E-03 2.3118831E-04 4.7062332E-03 6.3504780E-04 5.4274467E-03 3.7361141E-02 1.6102511E-02 3.0454833E-05 2.0204856E+00 1.8508139E+01 -2.0724552E-02
2.6764000E+02 2.7427000E+02 8.6700000E+00 3.0000000E+01 9 5.5241062E+01 1.1182483E-01 2.5261799E-01 -2.0155097E-03 6.2514802E-03 8.2601427E-03 6.8000943E-03 2.6156520E-03 2.7326942E-04 4.6876880E-03 4.9097074E-04 5.2165025E-03 4.0235145E-02 1.8672563E-02 3.5917174E-05 1.9951322E+00 1.8540649E+01 -2.2413907E-02
2.6764000E+02 2.7427000E+02 8.6700000E+00 3.5000000E+01 9 5.5234097E+01 1.2029951E-01 2.6821629E-01 -1.9480846E-03 6.8723970E-03 8.3717820E-03 7.2077902E-03 2.0852717E-03 3.0297802E-04 4.6882930E-03 3.9141574E-04 5.0830889E-03 4.2221208E-02 2.0525954E-02 3.9925208E-05 1.9815648E+00 1.8558615E+01 -2.3441720E-02
2.6764000E+02 2.7427000E+02 8.6700000E+00 4.0000000E+01 9 5.5229209E+01 1.2626055E-01 2.7933298E-01 -1.9009384E-03 7.3186487E-03 8.4819679E-03 7.5249897E-03 1.7144103E-03 3.2336631E-04 4.6947878E-03 3.2180325E-04 4.9957244E-03 4.3610055E-02 2.1857976E-02 4.2824820E-05 1.9742020E+00 1.8568771E+01 -2.4069971E-02
2.6764000E+02 2.7427000E+02 8.6700000E+00 4.5000000E+01 9 5.5225720E+01 1.3050974E-01 2.8739086E-01 -1.8672345E-03 7.6423555E-03 8.5875522E-03 7.7785641E-03 1.4492884E-03 3.3728200E-04 4.7016408E-03 2.7203856E-04 4.9357361E-03 4.4603003E-02 2.2824248E-02 4.4925235E-05 1.9701632E+00 1.8574646E+01 -2.4461123E-02
2.6764000E+02 2.7427000E+02 8.6700000E+00 5.0000000E+01 9 5.5223174E+01 1.3359945E-01 2.9336581E-01 -1.8424694E-03 7.8810624E-03 8.6866240E-03 7.9863766E-03 1.2544814E-03 3.4691340E-04 4.7069158E-03 2.3547232E-04 4.8922911E-03 4.5332670E-02 2.3536841E-02 4.6463410E-05 1.9679259E+00 1.8578130E+01 -2.4711827E-02
2.6764000E+02 2.7427000E+02 8.6700000E+00 5.5000000E+01 9 5.5221267E+01 1.3589763E-01 2.9790730E-01 -1.8237378E-03 8.0605838E-03 8.7783856E-03 8.1603867E-03 1.1071345E-03 3.5373469E-04 4.7102061E-03 2.0781460E-04 4.8591310E-03 4.5884621E-02 2.4072794E-02 4.7608335E-05 1.9666735E+00 1.8580257E+01 -2.4878574E-02
2.6764000E+02 2.7427000E+02 8.6700000E+00 6.0000000E+01 9 5.5219803E+01 1.3764632E-01 3.0144401E-01 -1.8091690E-03 8.1983526E-03 8.8627469E-03 8.3087181E-03 9.9253327E-04 3.5883329E-04 4.7116764E-03 1.8630338E-04 4.8326041E-03 4.6313950E-02 2.4484130E-02 4.8476539E-05 1.9659654E+00 1.8581594E+01 -2.4994318E-02
2.6764000E+02 2.7427000E+02 8.6700000E+00 6.5000000E+01 9 5.5218652E+01 1.3900663E-01 3.0426100E-01 -1.7975462E-03 8.3061704E-03 8.9399921E-03 8.4369980E-03 9.0110532E-04 3.6269480E-04 4.7116722E-03 1.6914190E-04 4.8105535E-03 4.6656497E-02 2.4806065E-02 4.9147558E-05 1.9655541E+00 1.8582470E+01 -2.5078467E-02
2.6764000E+02 2.7427000E+02 8.6700000E+00 6.6000000E+01 9 5.5212315E+01 1.5153809E-01 3.3371122E-01 -1.7953307E-03 1.0421457E-02 1.0935837E-02 1.0442571E-02 8.8367745E-04 4.4187752E-04 5.7625583E-03 1.6587060E-04 5.8367154E-03 4.6727618E-02 3.1124670E-02 5.9630860E-05 1.9632929E+00 1.8581079E+01 -2.5191358E-02
2.6764000E+02 2.7427000E+02 8.6700000E+00 6.7000000E+01 9 5.5212231E+01 1.5153699E-01 3.3362396E-01 -1.7932163E-03 1.0397494E-02 1.0910244E-02 1.0426262E-02 8.6704464E-04 4.3580626E-04 5.7410492E-03 1.6274854E-04 5.8108073E-03 4.6790775E-02 3.1052850E-02 6.0692689E-05 1.9582345E+00 1.8584811E+01 -2.5457107E-02
2.6764000E+02 2.7427000E+02 8.6700000E+00 7.2000000E+01 9 5.5214379E+01 1.4038586E-01 3.0744531E-01 -1.7501720E-03 8.2131105E-03 8.8875997E-03 8.4418730E-03 7.9851183E-04 3.5210708E-04 4.6035909E-03 1.4988460E-04 4.6813085E-03 4.7637159E-02 2.4528111E-02 4.9273388E-05 1.9306515E+00 1.8717329E+01 -2.7186249E-02
2.6764000E+02 2.7427000E+02 8.6700000E+00 7.7000000E+01 9 5.5208823E+01 1.4322081E-01 3.1360640E-01 -1.6996291E-03 8.3456757E-03 8.9435115E-03 8.5298805E-03 7.4101278E-04 3.7356102E-04 4.6374498E-03 1.3909174E-04 4.6976337E-03 4.8609328E-02 2.4923439E-02 5.5618864E-05 1.9145871E+00 1.8792811E+01 -2.8337516E-02
2.6764000E+02 2.7427000E+02 8.6700000E+00 8.2000000E+01 9 5.5203680E+01 1.4621985E-01 3.1997708E-01 -1.6551982E-03 8.5364510E-03 9.0271545E-03 8.6408707E-03 6.9202095E-04 3.9603310E-04 4.7062108E-03 1.2989574E-04 4.7487670E-03 4.9465927E-02 2.5492368E-02 6.5340351E-05 1.9061475E+00 1.8834603E+01 -2.9037902E-02
2.6764000E+02 2.7427000E+02 8.6700000E+00 8.7000000E+01 9 5.5199584E+01 1.4877181E-01 3.2536884E-01 -1.6205095E-03 8.7153994E-03 9.1117005E-03 8.7490285E-03 6.4972079E-04 4.1428297E-04 4.7727286E-03 1.2195579E-04 4.7998956E-03 5.0143349E-02 2.6026075E-02 7.4902004E-05 1.9016749E+00 1.8858636E+01 -2.9463058E-02
2.6764000E+02 2.7427000E+02 8.6700000E+00 9.1000000E+01 9 5.5195481E+01 1.5350461E-01 3.3589049E-01 -1.5987699E-03 9.3502370E-03 9.6153839E-03 9.2696120E-03 6.1944447E-04 4.5049962E-04 5.0755156E-03 1.1627277E-04 5.0846090E-03 5.0579230E-02 2.7921419E-02 8.7091370E-05 1.8922789E+00 1.8877813E+01 -3.0100914E-02
2.6764000E+02 2.7427000E+02 8.6700000E+00 9.2000000E+01 9 5.5190093E+01 1.6350879E-01 3.5893417E-01 -1.5937009E-03 1.0997295E-02 1.1091056E-02 1.0749391E-02 6.1208765E-04 5.2121329E-04 5.8993604E-03 1.1489186E-04 5.8864817E-03 5.0693063E-02 3.2840689E-02 1.0417466E-04 1.8880693E+00 1.8883185E+01 -3.0351035E-02
2.6764000E+02 2.7427000E+02 8.6700000E+00 9.7000000E+01 9 5.5189908E+01 1.5218330E-01 3.3375684E-01 -2.1363436E-03 8.7618926E-03 9.1025891E-03 8.7790432E-03 5.7962694E-04 4.1905172E-04 4.7558443E-03 1.0879883E-04 4.7635682E-03 5.1946710E-02 2.6164102E-02 8.8131163E-05 1.8689444E+00 1.8918388E+01 -3.1993267E-02
2.6764000E+02 2.7427000E+02 8.6700000E+00 1.0200000E+02 9 5.5181786E+01 1.5533610E-01 3.4173331E-01 -2.8293410E-03 8.9182666E-03 9.1611855E-03 8.8537651E-03 5.5073844E-04 4.4449592E-04 4.8190469E-03 1.0337631E-04 4.8144991E-03 5.3358033E-02 2.6630328E-02 9.3295230E-05 1.8566581E+00 1.8943244E+01 -3.3222089E-02
2.6764000E+02 2.7427000E+02 8.6700000E+00 1.0700000E+02 9 5.5174628E+01 1.5840822E-01 3.4927863E-01 -3.4434765E-03 9.1061906E-03 9.2365552E-03 8.9435921E-03 5.2483849E-04 4.6684323E-04 4.9001623E-03 9.8514765E-05 4.8830176E-03 5.4576421E-02 2.7190663E-02 9.9250448E-05 1.8497107E+00 1.8959214E+01 -3.4047462E-02
2.6764000E+02 2.7427000E+02 8.6700000E+00 1.1200000E+02 9 5.5169062E+01 1.6094152E-01 3.5540767E-01 -3.9145869E-03 9.2744633E-03 9.3085541E-03 9.0286371E-03 5.0146654E-04 4.8401535E-04 4.9725326E-03 9.4127736E-05 4.9444050E-03 5.5519173E-02 2.7692455E-02 1.0461491E-04 1.8458409E+00 1.8969258E+01 -3.4586963E-02
2.6764000E+02 2.7427000E+02 8.6700000E+00 1.1700000E+02 9 5.5164977E+01 1.6288675E-01 3.6006940E-01 -4.2515158E-03 9.4095319E-03 9.3706512E-03 9.1025750E-03 4.8025411E-04 4.9661696E-04 5.0289920E-03 9.0146058E-05 4.9918701E-03 5.6213925E-02 2.8095277E-02 1.0899467E-04 1.8436149E+00 1.8975646E+01 -3.4940116E-02
2.6764000E+02 2.7427000E+02 8.6700000E+00 1.2200000E+02 9 5.5162041E+01 1.6434511E-01 3.6353843E-01 -4.4849364E-03 9.5136663E-03 9.4224843E-03 9.1652099E-03 4.6090257E-04 5.0553588E-04 5.0705693E-03 8.6513680E-05 5.0262029E-03 5.6718760E-02 2.8405880E-02 1.1241008E-04 1.8422879E+00 1.8979789E+01 -3.5174809E-02
2.6764000E+02 2.7427000E+02 8.6700000E+00 1.2400000E+02 9 5.5155828E+01 1.7529961E-01 3.8820280E-01 -4.5639042E-03 1.1278372E-02 1.0869451E-02 1.0616341E-02 4.5344218E-04 6.0458782E-04 5.9567621E-03 8.5113328E-05 5.8818120E-03 5.6911115E-02 3.3675258E-02 1.3331504E-04 1.8349095E+00 1.8987155E+01 -3.5660080E-02
2.6764000E+02 2.7427000E+02 8.6700000E+00 1.2500000E+02 9 5.5153864E+01 1.7854199E-01 3.9560283E-01 -4.6000616E-03 1.1792793E-02 1.1326713E-02 1.1075647E-02 4.4977995E-04 6.1557106E-04 6.2135353E-03 8.4425908E-05 6.1308006E-03 5.6999359E-02 3.5211545E-02 1.4070186E-04 1.8298496E+00 1.8992217E+01 -3.6021372E-02
2.6764000E+02 2.7427000E+02 8.6700000E+00 1.3000000E+02 9 5.5159538E+01 1.6469815E-01 3.6478296E-01 -4.7216753E-03 9.4337673E-03 9.3710498E-03 9.1287669E-03 4.3404569E-04 4.8985640E-04 5.0140655E-03 8.1472511E-05 4.9653316E-03 5.7268982E-02 2.8167075E-02 1.1566815E-04 1.8287700E+00 1.8996119E+01 -3.6304517E-02
2.6764000E+02 2.7427000E+02 8.6700000E+00 1.3100000E+02 9 5.5152119E+01 1.7914376E-01 3.9731468E-01 -4.7439742E-03 1.1812574E-02 1.1338969E-02 1.1098393E-02 4.3098909E-04 6.3854212E-04 6.2122843E-03 8.0898772E-05 6.1251052E-03 5.7343322E-02 3.5270498E-02 1.4028747E-04 1.8260273E+00 1.8998220E+01 -3.6430704E-02
2.6764000E+02 2.7427000E+02 8.6700000E+00 1.3200000E+02 9 5.5151899E+01 1.7916540E-01 3.9726178E-01 -4.7645215E-03 1.1793546E-02 1.1317617E-02 1.1078719E-02 4.2798231E-04 6.2196973E-04 6.2013281E-03 8.0334384E-05 6.1127851E-03 5.7397499E-02 3.5213409E-02 1.4286522E-04 1.8230489E+00 1.9001100E+01 -3.6639506E-02
2.6764000E+02 2.7427000E+02 8.6700000E+00 1.3700000E+02 9 5.5150953E+01 1.6683004E-01 3.7116277E-01 -6.0466928E-03 9.4373826E-03 9.3718528E-03 9.1406342E-03 4.1422427E-04 4.9416124E-04 5.0043308E-03 7.7751932E-05 4.9505103E-03 5.8993852E-02 2.8177553E-02 1.1706304E-04 1.8108308E+00 1.8997220E+01 -3.8205114E-02
2.6764000E+02 2.7427000E+02 8.6700000E+00 1.4200000E+02 9 5.5140439E+01 1.7049015E-01 3.8094083E-01 -7.6508833E-03 9.6401753E-03 9.4766602E-03 9.2524994E-03 4.0158035E-04 5.2328398E-04 5.1005349E-03 7.5378606E-05 5.0374944E-03 6.0970543E-02 2.8782427E-02 1.1548806E-04 1.8032718E+00 1.8977377E+01 -3.9447331E-02
2.6764000E+02 2.7427000E+02 8.6700000E+00 1.4700000E+02 9 5.5130874E+01 1.7413636E-01 3.9034596E-01 -9.0849981E-03 9.8743656E-03 9.5967682E-03 9.3791402E-03 3.8987688E-04 5.4456091E-04 5.2134204E-03 7.3181808E-05 5.1402396E-03 6.2732784E-02 2.9480928E-02 1.1227733E-04 1.7994208E+00 1.8949220E+01 -4.0327272E-02
2.6764000E+02 2.7427000E+02 8.6700000E+00 1.5200000E+02 9 5.5123324E+01 1.7713246E-01 3.9797502E-01 -1.0202636E-02 1.0077053E-02 9.7043025E-03 9.4927622E-03 3.7897083E-04 5.5886378E-04 5.3105273E-03 7.1134690E-05 5.2286792E-03 6.4111602E-02 3.0085507E-02 1.0712555E-04 1.7973682E+00 1.8918627E+01 -4.0936115E-02
2.6764000E+02 2.7427000E+02 8.6700000E+00 1.5700000E+02 9 5.5117748E+01 1.7939987E-01 4.0371382E-01 -1.1017022E-02 1.0234257E-02 9.7916324E-03 9.5857969E-03 3.6875070E-04 5.6808500E-04 5.3846480E-03 6.9216320E-05 5.2959996E-03 6.5125888E-02 3.0554453E-02 1.0100846E-04 1.7961924E+00 1.8889267E+01 -4.1354628E-02
2.6764000E+02 2.7427000E+02 8.6700000E+00 1.6200000E+02 9 5.5113741E+01 1.8106399E-01 4.0790585E-01 -1.1592703E-02 1.0351172E-02 9.8599379E-03 9.6594723E-03 3.5913078E-04 5.7344820E-04 5.4384442E-03 6.7410613E-05 5.3445599E-03 6.5853985E-02 3.0903246E-02 9.4857137E-05 1.7954563E+00 1.8863306E+01 -4.1643952E-02
2.6764000E+02 2.7427000E+02 8.6700000E+00 1.6700000E+02 9 5.5110869E+01 1.8228307E-01 4.1096397E-01 -1.1997008E-02 1.0437598E-02 9.9131172E-03 9.7177233E-03 3.5004486E-04 5.7653321E-04 5.4769378E-03 6.5705141E-05 5.3789530E-03 6.6376620E-02 3.1161103E-02 8.9249746E-05 1.7949602E+00 1.8841672E+01 -4.1847251E-02
2.6764000E+02 2.7427000E+02 8.6700000E+00 1.6800000E+02 9 5.5102984E+01 1.9726384E-01 4.4432116E-01 -1.2071545E-02 1.2878702E-02 1.1865697E-02 1.1671306E-02 3.4824853E-04 7.3372179E-04 6.7092761E-03 6.5367962E-05 6.5679442E-03 6.6481405E-02 3.8449939E-02 1.0217503E-04 1.7919338E+00 1.8838013E+01 -4.2012627E-02
2.6764000E+02 2.7427000E+02 8.6700000E+00 1.6900000E+02 9 5.5102583E+01 1.9729031E-01 4.4427130E-01 -1.2140272E-02 1.2851311E-02 1.1838438E-02 1.1645038E-02 3.4647260E-04 7.0758842E-04 6.6948260E-03 6.5034610E-05 6.5525545E-03 6.6572241E-02 3.8367883E-02 1.0203968E-04 1.7883019E+00 1.8836500E+01 -4.2305178E-02
2.6764000E+02 2.7427000E+02 8.6700000E+00 1.7400000E+02 9 5.5116696E+01 1.7499925E-01 4.0544463E-01 -1.6676762E-02 1.0304571E-02 9.8301182E-03 9.6414168E-03 3.3805543E-04 5.4922785E-04 5.4021883E-03 6.3454667E-05 5.3046625E-03 6.5474674E-02 3.0763851E-02 8.1835932E-05 1.8592571E+00 1.8752971E+01 -3.6899099E-02
2.6764000E+02 2.7427000E+02 8.6700000E+00 1.7500000E+02 9 5.5111760E+01 1.8646165E-01 4.3433852E-01 -1.7733444E-02 1.2497163E-02 1.1764717E-02 1.1576945E-02 3.3639014E-04 6.6252116E-04 6.5045024E-03 6.3142083E-05 6.3781124E-03 6.5208904E-02 3.7312674E-02 9.2754574E-05 1.8737295E+00 1.8733257E+01 -3.5780302E-02
2.6764000E+02 2.7427000E+02 8.6700000E+00 1.7600000E+02 9 5.5113977E+01 1.8384550E-01 4.3151044E-01 -1.8900622E-02 1.2373012E-02 1.1727328E-02 1.1540475E-02 3.3474265E-04 6.3326305E-04 6.4394370E-03 6.2832841E-05 6.3178508E-03 6.4895398E-02 3.6942521E-02 9.2200875E-05 1.8901641E+00 1.8713104E+01 -3.4612578E-02
2.6764000E+02 2.7427000E+02 8.6700000E+00 1.8100000E+02 9 5.5062041E+01 1.7909700E-01 4.4093959E-01 -2.9824246E-02 9.7610824E-03 9.7281483E-03 9.5456657E-03 3.2691451E-04 4.8632162E-04 5.1123520E-03 6.1363460E-05 5.0409658E-03 7.6039848E-02 2.9144757E-02 7.3486502E-05 1.7859484E+00 1.8810626E+01 -4.6538446E-02
2.6764000E+02 2.7427000E+02 8.6700000E+00 1.8600000E+02 9 5.4980201E+01 1.9907460E-01 5.0335162E-01 -4.1124702E-02 9.9381060E-03 9.7753590E-03 9.5970346E-03 3.1946522E-04 5.3420192E-04 5.1998430E-03 5.9965193E-05 5.1181318E-03 9.1104137E-02 2.9672130E-02 7.1050454E-05 1.6745844E+00 1.8914433E+01 -6.3309322E-02
2.6764000E+02 2.7427000E+02 8.6700000E+00 1.9100000E+02 9 5.4903926E+01 2.2113300E-01 5.6512506E-01 -5.0547294E-02 1.0492685E-02 9.8505539E-03 9.6761910E-03 3.1236816E-04 6.2213421E-04 5.4859994E-03 5.8633041E-05 5.3702705E-03 1.0486843E-01 3.1323339E-02 7.1553507E-05 1.6006259E+00 1.8981821E+01 -7.8176511E-02
2.6764000E+02 2.7427000E+02 8.6700000E+00 1.9600000E+02 9 5.4843121E+01 2.4049498E-01 6.1642867E-01 -5.7651333E-02 1.1157744E-02 9.9239880E-03 9.7534032E-03 3.0559967E-04 7.0902283E-04 5.8311052E-03 5.7362560E-05 5.6729812E-03 1.1568534E-01 3.3303143E-02 7.3041086E-05 1.5554594E+00 1.9021535E+01 -8.9367115E-02
2.6764000E+02 2.7427000E+02 8.6700000E+00 2.0100000E+02 9 5.4798201E+01 2.5576955E-01 6.5554250E-01 -6.2747185E-02 1.1780010E-02 9.9858612E-03 9.8188831E-03 2.9913841E-04 7.7948668E-04 6.1543813E-03 5.6149751E-05 5.9555843E-03 1.2358646E-01 3.5155412E-02 7.4570989E-05 1.5283775E+00 1.9044169E+01 -9.7153359E-02
2.6764000E+02 2.7427000E+02 8.6700000E+00 2.0600000E+02 9 5.4766182E+01 2.6720734E-01 6.8416857E-01 -6.6330534E-02 1.2303020E-02 1.0035475E-02 9.8719431E-03 2.9296503E-04 8.3329136E-04 6.4258194E-03 5.4990977E-05 6.1923398E-03 1.2916576E-01 3.6712242E-02 7.5806191E-05 1.5122106E+00 1.9056725E+01 -1.0236503E-01
2.6764000E+02 2.7427000E+02 8.6700000E+00 2.1100000E+02 9 5.4743590E+01 2.7560165E-01 7.0484446E-01 -6.8851090E-02 1.2721896E-02 1.0075343E-02 9.9151060E-03 2.8706182E-04 8.7371682E-04 6.6426558E-03 5.3882916E-05 6.3812048E-03 1.3307102E-01 3.7959189E-02 7.6695890E-05 1.5025406E+00 1.9063453E+01 -1.0580556E-01
2.6764000E+02 2.7427000E+02 8.6700000E+00 2.1600000E+02 9 5.4727535E+01 2.8176204E-01 7.1985405E-01 -7.0649276E-02 1.3051663E-02 1.0108462E-02 9.9513787E-03 2.8141251E-04 9.0416843E-04 6.8127595E-03 5.2822512E-05 6.5291450E-03 1.3582753E-01 3.8940996E-02 7.7293295E-05 1.4967155E+00 1.9066864E+01 -1.0808552E-01
2.6764000E+02 2.7427000E+02 8.6700000E+00 2.2100000E+02 9 5.4715914E+01 2.8634167E-01 7.3093460E-01 -7.1961545E-02 1.3311397E-02 1.0137301E-02 9.9832374E-03 2.7600208E-04 9.2738426E-04 6.9461914E-03 5.1806947E-05 6.6449181E-03 1.3781187E-01 3.9714417E-02 7.7672910E-05 1.4931666E+00 1.9068419E+01 -1.0962123E-01
2.6764000E+02 2.7427000E+02 8.6700000E+00 2.2600000E+02 9 5.4707290E+01 2.8981525E-01 7.3930648E-01 -7.2945244E-02 1.3518033E-02 1.0163584E-02 1.0012415E-02 2.7081664E-04 9.4536980E-04 7.0518676E-03 5.0833616E-05 6.7363088E-03 1.3927798E-01 4.0329828E-02 7.7900508E-05 1.4909741E+00 1.9068952E+01 -1.1068120E-01
2.6764000E+02 2.7427000E+02 8.6700000E+00 2.3100000E+02 9 5.4700715E+01 2.9251077E-01 7.4579496E-01 -7.3703283E-02 1.3684804E-02 1.0188390E-02 1.0039997E-02 2.6584334E-04 9.5954352E-04 7.1367216E-03 4.9900103E-05 6.8094326E-03 1.4039234E-01 4.0826597E-02 7.8026075E-05 1.4895993E+00 1.9068940E+01 -1.1143422E-01
2.6764000E+02 2.7427000E+02 8.6700000E+00 2.3600000E+02 9 5.4695567E+01 2.9465074E-01 7.5095089E-01 -7.4302931E-02 1.3821518E-02 1.0212328E-02 1.0066600E-02 2.6107022E-04 9.7090134E-04 7.2058718E-03 4.9004164E-05 6.8688363E-03 1.4126324E-01 4.1233896E-02 7.8085070E-05 1.4887252E+00 1.9068652E+01 -1.1198566E-01
2.6764000E+02 2.7427000E+02 8.6700000E+00 2.4100000E+02 9 5.4691436E+01 2.9638589E-01 7.5514296E-01 -7.4788635E-02 1.3935295E-02 1.0235697E-02 1.0092527E-02 2.5648615E-04 9.8014544E-04 7.2630330E-03 4.8143711E-05 6.9178219E-03 1.4196155E-01 4.1572911E-02 7.8101769E-05 1.4881626E+00 1.9068238E+01 -1.1240170E-01
2.6764000E+02 2.7427000E+02 8.6700000E+00 2.4600000E+02 9 5.4688048E+01 2.9781961E-01 7.5862113E-01 -7.5190291E-02 1.4031303E-02 1.0258605E-02 1.0117894E-02 2.5208078E-04 9.8777694E-04 7.3109017E-03 4.7316801E-05 6.9587820E-03 1.4253435E-01 4.1859016E-02 7.8092481E-05 1.4877972E+00 1.9067783E+01 -1.1272457E-01
2.6764000E+02 2.7427000E+02 8.6700000E+00 2.5100000E+02 9 5.4685216E+01 2.9902393E-01 7.6155804E-01 -7.5528447E-02 1.4113326E-02 1.0281056E-02 1.0142710E-02 2.4784443E-04 9.9415938E-04 7.3514524E-03 4.6521619E-05 6.9934664E-03 1.4301359E-01 4.2103470E-02 7.8067999E-05 1.4875584E+00 1.9067331E+01 -1.1298171E-01
2.6764000E+02 2.7427000E+02 8.6700000E+00 2.5600000E+02 9 5.4682811E+01 3.0005014E-01 7.6407551E-01 -7.5817549E-02 1.4184169E-02 1.0303001E-02 1.0166931E-02 2.4376808E-04 9.9956075E-04 7.3861511E-03 4.5756468E-05 7.0231696E-03 1.4342140E-01 4.2314627E-02 7.8035350E-05 1.4874016E+00 1.9066906E+01 -1.1319140E-01
2.6764000E+02 2.7427000E+02 8.6700000E+00 2.6100000E+02 9 5.4680738E+01 3.0093546E-01 7.6626133E-01 -7.6067990E-02 1.4245942E-02 1.0324371E-02 1.0190492E-02 2.3984329E-04 1.0041812E-03 7.4161032E-03 4.5019765E-05 7.0488599E-03 1.4377351E-01 4.2498767E-02 7.7998989E-05 1.4872980E+00 1.9066519E+01 -1.1336611E-01
2.6764000E+02 2.7427000E+02 8.6700000E+00 2.6400000E+02 9 5.4674655E+01 3.1134367E-01 7.8752788E-01 -7.6206174E-02 1.5812050E-02 1.1232120E-02 1.1099525E-02 2.3754122E-04 1.1409360E-03 8.2168584E-03 4.4587655E-05 7.7975897E-03 1.4397042E-01 4.7170345E-02 8.5573387E-05 1.4835346E+00 1.9067782E+01 -1.1410215E-01
2.6764000E+02 2.7427000E+02 8.6700000E+00 2.6500000E+02 9 5.4669383E+01 3.2133894E-01 8.0799890E-01 -7.6250956E-02 1.7350887E-02 1.2159599E-02 1.2027429E-02 2.3677967E-04 1.2831588E-03 9.0032861E-03 4.4444708E-05 8.5360953E-03 1.4403600E-01 5.1761199E-02 9.2670354E-05 1.4814000E+00 1.9067823E+01 -1.1447912E-01
2.6764000E+02 2.7427000E+02 8.6700000E+00 2.7000000E+02 9 5.4677091E+01 3.0374216E-01 7.7253794E-01 -7.6415399E-02 1.4575976E-02 1.0525733E-02 1.0395051E-02 2.3411432E-04 1.0087999E-03 7.5821031E-03 4.3944409E-05 7.2019713E-03 1.4426059E-01 4.3483200E-02 7.9993276E-05 1.4932173E+00 1.9058197E+01 -1.1237742E-01
2.6764000E+02 2.7427000E+02 8.6700000E+00 2.7500000E+02 9 5.4674370E+01 3.0731851E-01 7.8017670E-01 -7.6561111E-02 1.5094658E-02 1.0843382E-02 1.0714117E-02 2.3157483E-04 1.0637654E-03 7.8458758E-03 4.3467734E-05 7.4489667E-03 1.4446432E-01 4.5030588E-02 8.1787409E-05 1.5056813E+00 1.9044163E+01 -1.1007075E-01
2.6764000E+02 2.7427000E+02 8.6700000E+00 2.8000000E+02 9 5.4672032E+01 3.1025835E-01 7.8652120E-01 -7.6696885E-02 1.5516238E-02 1.1119146E-02 1.0991377E-02 2.2889744E-04 1.0971027E-03 8.0594651E-03 4.2965176E-05 7.6497671E-03 1.4465472E-01 4.6288508E-02 8.3674186E-05 1.5158884E+00 1.9032152E+01 -1.0820432E-01
2.6764000E+02 2.7427000E+02 8.6700000E+00 2.8500000E+02 9 5.4670126E+01 3.1246753E-01 7.9143865E-01 -7.6822530E-02 1.5830985E-02 1.1346581E-02 1.1220315E-02 2.2620401E-04 1.1178887E-03 8.2179287E-03 4.2459606E-05 7.7998335E-03 1.4483104E-01 4.7227919E-02 8.5095912E-05 1.5236029E+00 1.9022960E+01 -1.0681867E-01
2.6764000E+02 2.7427000E+02 8.6700000E+00 2.8900000E+02 9 5.4666518E+01 3.1849542E-01 8.0409144E-01 -7.6916706E-02 1.6748062E-02 1.1938321E-02 1.1813240E-02 2.2408069E-04 1.1911098E-03 8.6847763E-03 4.2061047E-05 8.2396144E-03 1.4496461E-01 4.9964249E-02 8.9497043E-05 1.5260531E+00 1.9018456E+01 -1.0635968E-01
2.6764000E+02 2.7427000E+02 8.6700000E+00 2.9000000E+02 9 5.4658998E+01 3.3328737E-01 8.3470503E-01 -7.6939857E-02 1.9059245E-02 1.3388088E-02 1.3263302E-02 2.2355238E-04 1.4145186E-03 9.8646859E-03 4.1961881E-05 9.3513390E-03 1.4500087E-01 5.6860192E-02 9.9507304E-05 1.5257050E+00 1.9015927E+01 -1.0634899E-01
2.6764000E+02 2.7427000E+02 8.6700000E+00 2.9500000E+02 9 5.4716150E+01 3.0191061E-01 7.5953424E-01 -7.1149585E-02 1.5998812E-02 1.1564926E-02 1.1441562E-02 2.2100373E-04 1.1031891E-03 8.2978110E-03 4.1483488E-05 7.8796221E-03 1.3624412E-01 4.7729772E-02 8.6158577E-05 1.5721338E+00 1.8972454E+01 -9.4749288E-02
2.6764000E+02 2.7427000E+02 8.6700000E+00 3.0000000E+02 9 5.4783185E+01 2.8437017E-01 7.0923039E-01 -6.3013458E-02 1.5884881E-02 1.1670943E-02 1.1548947E-02 2.1855272E-04 1.1000814E-03 8.2325428E-03 4.1023420E-05 7.8298297E-03 1.2395233E-01 4.7392640E-02 8.4994334E-05 1.6424215E+00 1.8901927E+01 -7.9284753E-02
2.6764000E+02 2.7427000E+02 8.6700000E+00 3.0100000E+02 9 5.4788786E+01 2.9740216E-01 7.3453980E-01 -6.1325027E-02 1.8538172E-02 1.3589529E-02 1.3467805E-02 2.1806642E-04 1.3492159E-03 9.5794452E-03 4.0932140E-05 9.1159194E-03 1.2140682E-01 5.5313288E-02 9.6592946E-05 1.6566397E+00 1.8884170E+01 -7.6284960E-02
2.6764000E+02 2.7427000E+02 8.6700000E+00 3.0200000E+02 9 5.4803288E+01 2.9301560E-01 7.2256803E-01 -5.9605943E-02 1.8405435E-02 1.3586910E-02 1.3465455E-02 2.1758401E-04 1.3048265E-03 9.5091516E-03 4.0841589E-05 9.0544225E-03 1.1881074E-01 5.4918332E-02 9.7274894E-05 1.6710396E+00 1.8868164E+01 -7.3373970E-02
2.6764000E+02 2.7427000E+02 8.6700000E+00 3.0300000E+02 9 5.4818175E+01 2.8824267E-01 7.0988664E-01 -5.7859736E-02 1.8229022E-02 1.3567212E-02 1.3446522E-02 2.1621472E-04 1.2687997E-03 9.4156702E-03 4.0584566E-05 8.9716120E-03 1.1617572E-01 5.4393201E-02 9.6953671E-05 1.6849547E+00 1.8853808E+01 -7.0615541E-02
2.6764000E+02 2.7427000E+02 8.6700000E+00 3.0800000E+02 9 5.4890415E+01 2.5141853E-01 6.2063208E-01 -5.0339336E-02 1.4887784E-02 1.1589261E-02 1.1470921E-02 2.1200484E-04 9.7592367E-04 7.7030130E-03 3.9794351E-05 7.3651467E-03 1.0481158E-01 4.4425603E-02 8.0343465E-05 1.7515361E+00 1.8793262E+01 -5.9068636E-02
2.6764000E+02 2.7427000E+02 8.6700000E+00 3.1300000E+02 9 5.4940647E+01 2.3496850E-01 5.7784824E-01 -4.4476121E-02 1.4273672E-02 1.1566215E-02 1.1450444E-02 2.0740205E-04 9.0789203E-04 7.3758290E-03 3.8930385E-05 7.0793301E-03 9.5954582E-02 4.2598485E-02 7.6631473E-05 1.8093362E+00 1.8736561E+01 -5.0401454E-02
2.6764000E+02 2.7427000E+02 8.6700000E+00 3.1800000E+02 9 5.4978202E+01 2.2218904E-01 5.4518093E-01 -4.0129170E-02 1.3736058E-02 1.1565147E-02 1.1452268E-02 2.0222108E-04 8.2491891E-04 7.0885375E-03 3.7957892E-05 6.8283356E-03 8.9388107E-02 4.0998926E-02 7.4047889E-05 1.8549112E+00 1.8691051E+01 -4.4327983E-02
2.6764000E+02 2.7427000E+02 8.6700000E+00 3.2300000E+02 9 5.5005661E+01 2.1237819E-01 5.2065296E-01 -3.6986279E-02 1.3270027E-02 1.1569765E-02 1.1459948E-02 1.9673528E-04 7.4909262E-04 6.8389647E-03 3.6928180E-05 6.6097699E-03 8.4640398E-02 3.9612105E-02 7.1988771E-05 1.8886203E+00 1.8657176E+01 -4.0231946E-02
2.6764000E+02 2.7427000E+02 8.6700000E+00 3.2800000E+02 9 5.5025600E+01 2.0486813E-01 5.0232465E-01 -3.4733487E-02 1.2873150E-02 1.1573305E-02 1.1466583E-02 1.9119126E-04 6.8938220E-04 6.6259657E-03 3.5887540E-05 6.4227218E-03 8.1237207E-02 3.8430786E-02 7.0280892E-05 1.9118820E+00 1.8633737E+01 -3.7536847E-02
2.6764000E+02 2.7427000E+02 8.6700000E+00 3.2900000E+02 9 5.5023009E+01 2.1608623E-01 5.2780312E-01 -3.4316059E-02 1.4903107E-02 1.3458831E-02 1.3352727E-02 1.9008198E-04 7.6572747E-04 7.6461486E-03 3.5679323E-05 7.4180139E-03 8.0612075E-02 4.4494825E-02 7.9819167E-05 1.9151310E+00 1.8627095E+01 -3.7097215E-02
2.6764000E+02 2.7427000E+02 8.6700000E+00 3.3000000E+02 9 5.5026550E+01 2.1456503E-01 5.2413028E-01 -3.3929359E-02 1.4795479E-02 1.3432212E-02 1.3326727E-02 1.8897391E-04 7.4534788E-04 7.5897303E-03 3.5471333E-05 7.3662325E-03 8.0028697E-02 4.4173925E-02 8.0399111E-05 1.9166979E+00 1.8624096E+01 -3.6817450E-02
2.6764000E+02 2.7427000E+02 8.6700000E+00 3.3500000E+02 9 5.5020103E+01 2.0494707E-01 5.0034855E-01 -3.3028345E-02 1.2250640E-02 1.1459159E-02 1.1356683E-02 1.8358354E-04 6.1395028E-04 6.2959468E-03 3.4459533E-05 6.1257865E-03 8.2653821E-02 3.6575846E-02 6.8016122E-05 1.8341224E+00 1.8711502E+01 -4.3957555E-02
2.6764000E+02 2.7427000E+02 8.6700000E+00 3.4000000E+02 9 5.4993190E+01 2.1528202E-01 5.2029098E-01 -3.2682766E-02 1.2269151E-02 1.1440080E-02 1.1340496E-02 1.7840359E-04 6.3828510E-04 6.3025123E-03 3.3487231E-05 6.1298518E-03 8.7594333E-02 3.6630242E-02 6.7585873E-05 1.7492677E+00 1.8797163E+01 -5.3140891E-02
2.6764000E+02 2.7427000E+02 8.6700000E+00 3.4500000E+02 9 5.4964521E+01 2.2786422E-01 5.4439596E-01 -3.2568204E-02 1.2592669E-02 1.1447649E-02 1.1350824E-02 1.7346044E-04 7.0075173E-04 6.4696926E-03 3.2559377E-05 6.2751344E-03 9.2654550E-02 3.7592641E-02 6.8945167E-05 1.6871935E+00 1.8859198E+01 -6.1285554E-02
2.6764000E+02 2.7427000E+02 8.6700000E+00 3.5000000E+02 9 5.4939678E+01 2.3971411E-01 5.6681313E-01 -3.2525039E-02 1.3037091E-02 1.1462902E-02 1.1368700E-02 1.6876165E-04 7.7275024E-04 6.7010812E-03 3.1677392E-05 6.4760342E-03 9.6929173E-02 3.8914905E-02 7.0909307E-05 1.6461298E+00 1.8900020E+01 -6.7522817E-02
2.6764000E+02 2.7427000E+02 8.6700000E+00 3.5500000E+02 9 5.4920204E+01 2.4961004E-01 5.8528695E-01 -3.2487811E-02 1.3483031E-02 1.1476993E-02 1.1385279E-02 1.6430457E-04 8.3883664E-04 6.9339499E-03 3.0840776E-05 6.6772981E-03 1.0021411E-01 4.0241694E-02 7.2859502E-05 1.6198780E+00 1.8926027E+01 -7.1952976E-02
2.6764000E+02 2.7427000E+02 8.6700000E+00 3.6000000E+02 9 5.4905760E+01 2.5735729E-01 5.9954609E-01 -3.2436907E-02 1.3874432E-02 1.1486831E-02 1.1397474E-02 1.6008101E-04 8.9222537E-04 7.1385978E-03 3.0047994E-05 6.8532445E-03 1.0260979E-01 4.1406207E-02 7.4536591E-05 1.6032667E+00 1.8942449E+01 -7.4973171E-02
2.6764000E+02 2.7427000E+02 8.6700000E+00 3.6500000E+02 9 5.4895355E+01 2.6321978E-01 6.1017448E-01 -3.2371733E-02 1.4195533E-02 1.1492141E-02 1.1405017E-02 1.5607991E-04 9.3270662E-04 7.3064612E-03 2.9296966E-05 6.9968694E-03 1.0430911E-01 4.2361581E-02 7.5879860E-05 1.5927474E+00 1.8952837E+01 -7.6990720E-02
2.6764000E+02 2.7427000E+02 8.6700000E+00 3.7000000E+02 9 5.4887949E+01 2.6759486E-01 6.1797955E-01 -3.2297549E-02 1.4450420E-02 1.1493764E-02 1.1408757E-02 1.5228878E-04 9.6267146E-04 7.4395216E-03 2.8585353E-05 7.1102158E-03 1.0550125E-01 4.3119984E-02 7.6917627E-05 1.5860325E+00 1.8959468E+01 -7.8330455E-02
2.6764000E+02 2.7427000E+02 8.6700000E+00 3.7500000E+02 9 5.4882673E+01 2.7085878E-01 6.2370513E-01 -3.2219958E-02 1.4650249E-02 1.1492789E-02 1.1409788E-02 1.4869468E-04 9.8476713E-04 7.5435926E-03 2.7910723E-05 7.1984732E-03 1.0633851E-01 4.3714616E-02 7.7706591E-05 1.5816842E+00 1.8963765E+01 -7.9224476E-02
2.6764000E+02 2.7427000E+02 8.6700000E+00 3.8000000E+02 9 5.4878881E+01 2.7331529E-01 6.2794074E-01 -3.2143169E-02 1.4806943E-02 1.1490186E-02 1.1409088E-02 1.4528469E-04 1.0011877E-03 7.6249483E-03 2.7270651E-05 7.2671188E-03 1.0693239E-01 4.4180939E-02 7.8304081E-05 1.5788110E+00 1.8966609E+01 -7.9829127E-02
2.6764000E+02 2.7427000E+02 8.6700000E+00 3.8500000E+02 9 5.4876111E+01 2.7519103E-01 6.3111982E-01 -3.2069815E-02 1.4930735E-02 1.1486695E-02 1.1407405E-02 1.4204630E-04 1.0135850E-03 7.6889952E-03 2.6662789E-05 7.3208304E-03 1.0736046E-01 4.4549391E-02 7.8758162E-05 1.5768635E+00 1.8968541E+01 -8.0246389E-02
2.6764000E+02 2.7427000E+02 8.6700000E+00 3.9000000E+02 9 5.4874050E+01 2.7664825E-01 6.3354870E-01 -3.2001298E-02 1.5029634E-02 1.1482830E-02 1.1405258E-02 1.3896757E-04 1.0231192E-03 7.7399721E-03 2.6084897E-05 7.3632564E-03 1.0767523E-01 4.4843788E-02 7.9105952E-05 1.5755026E+00 1.8969895E+01 -8.0541744E-02
2.6764000E+02 2.7427000E+02 8.6700000E+00 3.9500000E+02 9 5.4872485E+01 2.7780096E-01 6.3544003E-01 -3.1938192E-02 1.5109649E-02 1.1478918E-02 1.1402982E-02 1.3603726E-04 1.0305924E-03 7.7810587E-03 2.5534863E-05 7.3971295E-03 1.0791183E-01 4.5081995E-02 7.9375007E-05 1.5745183E+00 1.8970878E+01 -8.0757027E-02
2.6764000E+02 2.7427000E+02 8.6700000E+00 4.0000000E+02 9 5.4871270E+01 2.7872901E-01 6.3694087E-01 -3.1880565E-02 1.5175211E-02 1.1475150E-02 1.1400773E-02 1.3324487E-04 1.0365588E-03 7.8145975E-03 2.5010717E-05 7.4244669E-03 1.0809376E-01 4.5277192E-02 7.9585431E-05 1.5737792E+00 1.8971620E+01 -8.0919031E-02
2.6764000E+02 2.7427000E+02 8.6700000E+00 4.0500000E+02 9 5.4870309E+01 2.7948865E-01 6.3815350E-01 -3.1828204E-02 1.5229589E-02 1.1471618E-02 1.1398729E-02 1.3058064E-04 1.0414074E-03 7.8423134E-03 2.4510628E-05 7.4467559E-03 1.0823680E-01 4.5439102E-02 7.9751817E-05 1.5732025E+00 1.8972201E+01 -8.1045022E-02
2.6764000E+02 2.7427000E+02 8.6700000E+00 4.1000000E+02 9 5.4869533E+01 2.8011988E-01 6.3914970E-01 -3.1780756E-02 1.5275200E-02 1.1468352E-02 1.1396883E-02 1.2803556E-04 1.0454118E-03 7.8654752E-03 2.4032905E-05 7.4651004E-03 1.0835169E-01 4.5574910E-02 7.9884783E-05 1.5727349E+00 1.8972675E+01 -8.1146285E-02
2.6764000E+02 2.7427000E+02 8.6700000E+00 4.1200000E+02 9 5.4862236E+01 2.9442657E-01 6.6844837E-01 -3.1762537E-02 1.7488986E-02 1.2828861E-02 1.2757949E-02 1.2703604E-04 1.2441150E-03 8.9977484E-03 2.3845289E-05 8.5270529E-03 1.0839787E-01 5.2179970E-02 9.0117794E-05 1.5695827E+00 1.8972667E+01 -8.1513076E-02
2.6764000E+02 2.7427000E+02 8.6700000E+00 4.1700000E+02 9 5.4869189E+01 2.7979140E-01 6.3813518E-01 -3.1721326E-02 1.5162353E-02 1.1377448E-02 1.1307872E-02 1.2464485E-04 1.0216256E-03 7.8071337E-03 2.3396452E-05 7.4066110E-03 1.0848056E-01 4.5237973E-02 7.9681621E-05 1.5667545E+00 1.8978813E+01 -8.2047708E-02
2.6764000E+02 2.7427000E+02 8.6700000E+00 4.2200000E+02 9 5.4868720E+01 2.8016429E-01 6.3872294E-01 -3.1684033E-02 1.5189050E-02 1.1366665E-02 1.1298367E-02 1.2235392E-04 1.0357345E-03 7.8205571E-03 2.2966433E-05 7.4163124E-03 1.0855338E-01 4.5317388E-02 7.9297261E-05 1.5664202E+00 1.8979657E+01 -8.2137782E-02
2.6764000E+02 2.7427000E+02 8.6700000E+00 4.2700000E+02 9 5.4868181E+01 2.8076838E-01 6.3972988E-01 -3.1650263E-02 1.5251125E-02 1.1375301E-02 1.1308230E-02 1.2015646E-04 1.0450270E-03 7.8523018E-03 2.2553958E-05 7.4428764E-03 1.0861591E-01 4.5502283E-02 7.9474095E-05 1.5672097E+00 1.8978824E+01 -8.2043215E-02
2.6764000E+02 2.7427000E+02 8.6700000E+00 4.2900000E+02 9 5.4860918E+01 2.9516373E-01 6.6917430E-01 -3.1637294E-02 1.7482999E-02 1.2737682E-02 1.2671094E-02 1.1929201E-04 1.2470387E-03 8.9943947E-03 2.2391696E-05 8.5130669E-03 1.0864357E-01 5.2161164E-02 8.9806609E-05 1.5646366E+00 1.8978183E+01 -8.2323972E-02
2.6764000E+02 2.7427000E+02 8.6700000E+00 4.3000000E+02 9 5.4858671E+01 2.9958753E-01 6.7823435E-01 -3.1630942E-02 1.8164971E-02 1.3173591E-02 1.3107241E-02 1.1886337E-04 1.2946637E-03 9.3428844E-03 2.2311238E-05 8.8404422E-03 1.0865653E-01 5.4196077E-02 9.3410166E-05 1.5626120E+00 1.8978731E+01 -8.2573884E-02
2.6764000E+02 2.7427000E+02 8.6700000E+00 4.3500000E+02 9 5.4866290E+01 2.8391785E-01 6.4589622E-01 -3.1610241E-02 1.5695953E-02 1.1634622E-02 1.1569879E-02 1.1598710E-04 1.0619805E-03 8.0788024E-03 2.1771349E-05 7.6515089E-03 1.0870401E-01 4.6829148E-02 8.2101854E-05 1.5799798E+00 1.8963861E+01 -8.0140183E-02
2.6764000E+02 2.7427000E+02 8.6700000E+00 4.3600000E+02 9 5.4856622E+01 3.0324429E-01 6.8599136E-01 -3.1606268E-02 1.8729623E-02 1.3556940E-02 1.3492489E-02 1.1546213E-04 1.3645799E-03 9.6289471E-03 2.1672809E-05 9.1099490E-03 1.0871846E-01 5.5881469E-02 9.4439231E-05 1.5826607E+00 1.8958179E+01 -7.9663124E-02
2.6764000E+02 2.7427000E+02 8.6700000E+00 4.3700000E+02 9 5.4857891E+01 3.0362564E-01 6.8592721E-01 -3.1247699E-02 1.8812420E-02 1.3612150E-02 1.3547956E-02 1.1500240E-04 1.3447532E-03 9.6713172E-03 2.1586515E-05 9.1489887E-03 1.0842822E-01 5.6128383E-02 9.5829512E-05 1.5858756E+00 1.8953398E+01 -7.9018272E-02
2.6764000E+02 2.7427000E+02 8.6700000E+00 4.3800000E+02 9 5.4861604E+01 3.0345738E-01 6.8379606E-01 -3.0373336E-02 1.8870478E-02 1.3655183E-02 1.3591233E-02 1.1456505E-04 1.3318043E-03 9.7008608E-03 2.1504424E-05 9.1764005E-03 1.0770089E-01 5.6301588E-02 9.6671112E-05 1.5895806E+00 1.8948726E+01 -7.8127475E-02
2.6764000E+02 2.7427000E+02 8.6700000E+00 4.4300000E+02 9 5.4922739E+01 2.7849502E-01 6.0957476E-01 -1.8747002E-02 1.6211217E-02 1.1993806E-02 1.1930343E-02 1.1369337E-04 1.0833971E-03 8.3406054E-03 2.1340804E-05 7.8977367E-03 9.7906019E-02 4.8366949E-02 8.4844352E-05 1.6255640E+00 1.8915372E+01 -6.9077833E-02
2.6764000E+02 2.7427000E+02 8.6700000E+00 4.4400000E+02 9 5.4925391E+01 2.9467776E-01 6.3858497E-01 -1.6188944E-02 1.9047587E-02 1.3878453E-02 1.3815119E-02 1.1346170E-04 1.3461369E-03 9.7875531E-03 2.1297319E-05 9.2647280E-03 9.5755982E-02 5.6831851E-02 9.6512160E-05 1.6324931E+00 1.8905399E+01 -6.7180982E-02
2.6764000E+02 2.7427000E+02 8.6700000E+00 4.4500000E+02 9 5.4937700E+01 2.9293587E-01 6.2954955E-01 -1.3459036E-02 1.9057260E-02 1.3901756E-02 1.3838601E-02 1.1314134E-04 1.3134344E-03 9.7921704E-03 2.1237185E-05 9.2692919E-03 9.3456865E-02 5.6860791E-02 9.7633455E-05 1.6398536E+00 1.8896490E+01 -6.5244955E-02
2.6764000E+02 2.7427000E+02 8.6700000E+00 4.5000000E+02 9 5.5002707E+01 2.6897851E-01 5.5534036E-01 -8.0111827E-04 1.6666007E-02 1.2404578E-02 1.2342321E-02 1.1153299E-04 1.0864292E-03 8.5686573E-03 2.0935290E-05 8.1185849E-03 8.2783966E-02 4.9725639E-02 8.7280558E-05 1.6937284E+00 1.8843989E+01 -5.4864156E-02
2.6764000E+02 2.7427000E+02 8.6700000E+00 4.5300000E+02 9 5.5030862E+01 2.7337886E-01 5.5102629E-01 6.4368149E-03 1.8160103E-02 1.3529102E-02 1.3467347E-02 1.1063275E-04 1.1656016E-03 9.3269669E-03 2.0766311E-05 8.8422690E-03 7.6685680E-02 5.4186263E-02 9.3922014E-05 1.7251359E+00 1.8809433E+01 -4.9228904E-02
2.6764000E+02 2.7427000E+02 8.6700000E+00 4.5400000E+02 9 5.5037668E+01 2.7966041E-01 5.6002505E-01 8.8070491E-03 1.9417582E-02 1.4513230E-02 1.4451641E-02 1.1033704E-04 1.2020253E-03 9.9644611E-03 2.0710806E-05 9.4529382E-03 7.4690286E-02 5.7940904E-02 9.9485716E-05 1.7351501E+00 1.8797215E+01 -4.7450789E-02
2.6764000E+02 2.7427000E+02 8.6700000E+00 4.5900000E+02 9 5.5099044E+01 2.5296095E-01 4.8253760E-01 2.0274463E-02 1.6476999E-02 1.2639245E-02 1.2578532E-02 1.0876693E-04 9.7005518E-04 8.4605979E-03 2.0416087E-05 8.0373930E-03 6.5021913E-02 4.9165937E-02 8.6562466E-05 1.7623113E+00 1.8773930E+01 -4.1553745E-02
2.6764000E+02 2.7427000E+02 8.6700000E+00 4.6400000E+02 9 5.5141139E+01 2.4441260E-01 4.4818948E-01 2.9306113E-02 1.6147788E-02 1.2632275E-02 1.2572396E-02 1.0727180E-04 9.0237949E-04 8.2853007E-03 2.0135444E-05 7.8851627E-03 5.7416556E-02 4.8185892E-02 8.4555205E-05 1.7856007E+00 1.8751427E+01 -3.6984551E-02
2.6764000E+02 2.7427000E+02 8.6700000E+00 4.6900000E+02 9 5.5172844E+01 2.3794283E-01 4.2238712E-01 3.6109725E-02 1.5898788E-02 1.2657448E-02 1.2598306E-02 1.0595139E-04 8.4308764E-04 8.1516557E-03 1.9887598E-05 7.7708575E-03 5.1693028E-02 4.7444719E-02 8.3369029E-05 1.8060586E+00 1.8730985E+01 -3.3528144E-02
2.6764000E+02 2.7427000E+02 8.6700000E+00 4.7400000E+02 9 5.5196515E+01 2.3295507E-01 4.0298644E-01 4.1175929E-02 1.5692598E-02 1.2694130E-02 1.2635652E-02 1.0476311E-04 7.9401249E-04 8.0404559E-03 1.9664552E-05 7.6765834E-03 4.7436747E-02 4.6830936E-02 8.2507467E-05 1.8222181E+00 1.8714627E+01 -3.1023420E-02
2.6764000E+02 2.7427000E+02 8.6700000E+00 4.7900000E+02 9 5.5214210E+01 2.2904593E-01 3.8828420E-01 4.4946883E-02 1.5513623E-02 1.2730955E-02 1.2673090E-02 1.0366511E-04 7.5409927E-04 7.9438706E-03 1.9458451E-05 7.5946607E-03 4.4274151E-02 4.6298044E-02 8.1796403E-05 1.8341293E+00 1.8702487E+01 -2.9249738E-02
2.6764000E+02 2.7427000E+02 8.6700000E+00 4.8100000E+02 9 5.5214951E+01 2.3867300E-01 4.0679301E-01 4.6274286E-02 1.7210360E-02 1.4096676E-02 1.4039049E-02 1.0323790E-04 7.9695142E-04 8.8036012E-03 1.9378261E-05 8.4189702E-03 4.3166019E-02 5.1364067E-02 8.9844987E-05 1.8357911E+00 1.8697639E+01 -2.8814502E-02
2.6764000E+02 2.7427000E+02 8.6700000E+00 4.8200000E+02 9 5.5216299E+01 2.4116958E-01 4.1133637E-01 4.6895880E-02 1.7691156E-02 1.4539158E-02 1.4481649E-02 1.0302700E-04 7.9935462E-04 9.0460591E-03 1.9338674E-05 8.6537632E-03 4.2647026E-02 5.2799960E-02 9.2549681E-05 1.8354417E+00 1.8696478E+01 -2.8689954E-02
2.6764000E+02 2.7427000E+02 8.6700000E+00 4.8700000E+02 9 5.5236380E+01 2.2153048E-01 3.6524831E-01 4.9368811E-02 1.4856706E-02 1.2518480E-02 1.2461618E-02 1.0186675E-04 6.8668102E-04 7.6022017E-03 1.9120889E-05 7.2825872E-03 4.0576000E-02 4.4338719E-02 7.9356004E-05 1.8166606E+00 1.8720747E+01 -2.9146792E-02
2.6764000E+02 2.7427000E+02 8.6700000E+00 4.9200000E+02 9 5.5245748E+01 2.1843484E-01 3.5550876E-01 5.1254039E-02 1.4586795E-02 1.2397778E-02 1.2341539E-02 1.0075138E-04 6.6899353E-04 7.4626825E-03 1.8911530E-05 7.1528426E-03 3.9006058E-02 4.3533429E-02 7.7489449E-05 1.8090769E+00 1.8729800E+01 -2.9127837E-02
2.6764000E+02 2.7427000E+02 8.6700000E+00 4.9700000E+02 9 5.5252729E+01 2.1652158E-01 3.4883974E-01 5.2710002E-02 1.4444817E-02 1.2326215E-02 1.2270566E-02 9.9693044E-05 6.5966192E-04 7.3899307E-03 1.8712875E-05 7.0831486E-03 3.7798168E-02 4.3109548E-02 7.6730482E-05 1.8072845E+00 1.8732019E+01 -2.8859771E-02
2.6764000E+02 2.7427000E+02 8.6700000E+00 5.0200000E+02 9 5.5258127E+01 2.1520895E-01 3.4393145E-01 5.3859130E-02 1.4359351E-02 1.2280976E-02 1.2225898E-02 9.8671980E-05 6.5206561E-04 7.3465497E-03 1.8521216E-05 7.0401720E-03 3.6848685E-02 4.2854249E-02 7.6376298E-05 1.8074167E+00 1.8731969E+01 -2.8548879E-02
2.6764000E+02 2.7427000E+02 8.6700000E+00 5.0500000E+02 9 5.5257180E+01 2.2206254E-01 3.5738484E-01 5.4458772E-02 1.5513094E-02 1.3130443E-02 1.3075701E-02 9.8069766E-05 6.9131412E-04 7.9341441E-03 1.8408177E-05 7.5967356E-03 3.6357456E-02 4.6298009E-02 8.2126969E-05 1.8012997E+00 1.8735872E+01 -2.8734055E-02
2.6764000E+02 2.7427000E+02 8.6700000E+00 5.0600000E+02 9 5.5254552E+01 2.2890901E-01 3.7182982E-01 5.4649369E-02 1.6629120E-02 1.4013636E-02 1.3959006E-02 9.7870086E-05 7.1540304E-04 8.5005933E-03 1.8370697E-05 8.1380302E-03 3.6203226E-02 4.9630085E-02 8.7366691E-05 1.7993971E+00 1.8735864E+01 -2.8842981E-02
2.6764000E+02 2.7427000E+02 8.6700000E+00 5.1100000E+02 9 5.5266963E+01 2.1077316E-01 3.3175622E-01 5.5471356E-02 1.3835470E-02 1.1964457E-02 1.1910401E-02 9.6840140E-05 6.1834554E-04 7.0801839E-03 1.8177370E-05 6.7838989E-03 3.5523693E-02 4.1290261E-02 7.4454438E-05 1.7789867E+00 1.8761507E+01 -2.9917771E-02
2.6764000E+02 2.7427000E+02 8.6700000E+00 5.1600000E+02 9 5.5270431E+01 2.0939519E-01 3.2740227E-01 5.6152187E-02 1.3681300E-02 1.1821055E-02 1.1767570E-02 9.5818451E-05 6.1978409E-04 7.0030744E-03 1.7985594E-05 6.7063448E-03 3.4967916E-02 4.0829648E-02 7.3155256E-05 1.7705418E+00 1.8771262E+01 -3.0292375E-02
2.6764000E+02 2.7427000E+02 8.6700000E+00 5.2100000E+02 9 5.5273047E+01 2.0879135E-01 3.2476158E-01 5.6720638E-02 1.3629868E-02 1.1733214E-02 1.1680269E-02 9.4850198E-05 6.2288211E-04 6.9787354E-03 1.7803849E-05 6.6779649E-03 3.4506332E-02 4.0675513E-02 7.2826071E-05 1.7684502E+00 1.8773704E+01 -3.0290485E-02
2.6764000E+02 2.7427000E+02 8.6700000E+00 5.2600000E+02 9 5.5275165E+01 2.0846966E-01 3.2288145E-01 5.7203223E-02 1.3613096E-02 1.1674737E-02 1.1622310E-02 9.3921196E-05 6.2404846E-04 6.9717208E-03 1.7629470E-05 6.6667628E-03 3.4116415E-02 4.0624930E-02 7.2781952E-05 1.7682403E+00 1.8773975E+01 -3.0177751E-02
2.6764000E+02 2.7427000E+02 8.6700000E+00 5.3100000E+02 9 5.5276965E+01 2.0823037E-01 3.2134542E-01 5.7618804E-02 1.3603892E-02 1.1630961E-02 1.1579039E-02 9.3016574E-05 6.2342279E-04 6.9680849E-03 1.7459668E-05 6.6597974E-03 3.3782310E-02 4.0597077E-02 7.2791291E-05 1.7683930E+00 1.8773809E+01 -3.0056588E-02
2.6764000E+02 2.7427000E+02 8.6700000E+00 5.3600000E+02 9 5.5278533E+01 2.0801034E-01 3.1999383E-01 5.7981012E-02 1.3593995E-02 1.1594392E-02 1.1542967E-02 9.2126916E-05 6.2189964E-04 6.9637033E-03 1.7292675E-05 6.6529641E-03 3.3492598E-02 4.0567262E-02 7.2787677E-05 1.7684049E+00 1.8773779E+01 -2.9958500E-02
2.6764000E+02 2.7427000E+02 8.6700000E+00 5.4100000E+02 9 5.5279919E+01 2.0779831E-01 3.1877163E-01 5.8299907E-02 1.3582229E-02 1.1561540E-02 1.1510606E-02 9.1247778E-05 6.2002205E-04 6.9581116E-03 1.7127657E-05 6.6455341E-03 3.3238851E-02 4.0531934E-02 7.2761879E-05 1.7681813E+00 1.8773995E+01 -2.9887043E-02
2.6764000E+02 2.7427000E+02 8.6700000E+00 5.4600000E+02 9 5.5281151E+01 2.0759682E-01 3.1765975E-01 5.8583077E-02 1.3569388E-02 1.1530934E-02 1.1480486E-02 9.0377718E-05 6.1823091E-04 6.9518280E-03 1.6964342E-05 6.6377616E-03 3.3014711E-02 4.0493437E-02 7.2720108E-05 1.7677925E+00 1.8774387E+01 -2.9836776E-02
2.6764000E+02 2.7427000E+02 8.6700000E+00 5.5100000E+02 9 5.5282253E+01 2.0741039E-01 3.1664867E-01 5.8836366E-02 1.3556422E-02 1.1502007E-02 1.1452039E-02 8.9516650E-05 6.1653923E-04 6.9454139E-03 1.6802716E-05 6.6300184E-03 3.2815275E-02 4.0454587E-02 7.2669932E-05 1.7672904E+00 1.8774899E+01 -2.9802039E-02
2.6764000E+02 2.7427000E+02 8.6700000E+00 5.5600000E+02 9 5.5283242E+01 2.0724122E-01 3.1573016E-01 5.9064366E-02 1.3543972E-02 1.1474540E-02 1.1425048E-02 8.8664921E-05 6.1498600E-04 6.9392445E-03 1.6642842E-05 6.6225611E-03 3.2636697E-02 4.0417288E-02 7.2616752E-05 1.7667298E+00 1.8775471E+01 -2.9778102E-02
2.6764000E+02 2.7427000E+02 8.6700000E+00 5.6100000E+02 9 5.5284134E+01 2.0708937E-01 3.1489557E-01 5.9270740E-02 1.3532362E-02 1.1448425E-02 1.1399402E-02 8.7822897E-05 6.1364449E-04 6.9335104E-03 1.6484790E-05 6.6155187E-03 3.2475909E-02 4.0382502E-02 7.2563701E-05 1.7661464E+00 1.8776067E+01 -2.9761763E-02
2.6764000E+02 2.7427000E+02 8.6700000E+00 5.6600000E+02 9 5.5284941E+01 2.0695400E-01 3.1413624E-01 5.9458458E-02 1.3521713E-02 1.1423573E-02 1.1375015E-02 8.6990842E-05 6.1251452E-04 6.9282841E-03 1.6328609E-05 6.6089386E-03 3.2330426E-02 4.0350590E-02 7.2512361E-05 1.7655588E+00 1.8776666E+01 -2.9750954E-02
2.6764000E+02 2.7427000E+02 8.6700000E+00 5.7100000E+02 9 5.5285674E+01 2.0683373E-01 3.1344381E-01 5.9629957E-02 1.3512027E-02 1.1399891E-02 1.1351791E-02 8.6168906E-05 6.1154859E-04 6.9235713E-03 1.6174327E-05 6.6028162E-03 3.2198215E-02 4.0321554E-02 7.2463410E-05 1.7649758E+00 1.8777260E+01 -2.9744356E-02
2.6764000E+02 2.7427000E+02 8.6700000E+00 5.7600000E+02 9 5.5286343E+01 2.0672714E-01 3.1281083E-01 5.9787259E-02 1.3503256E-02 1.1377282E-02 1.1329636E-02 8.5357149E-05 6.1073063E-04 6.9193480E-03 1.6021957E-05 6.5971285E-03 3.2077590E-02 4.0295252E-02 7.2417068E-05 1.7644022E+00 1.8777843E+01 -2.9741064E-02
2.6764000E+02 2.7427000E+02 8.6700000E+00 5.8100000E+02 9 5.5286954E+01 2.0663287E-01 3.1223059E-01 5.9932055E-02 1.3495329E-02 1.1355649E-02 1.1308451E-02 8.4555575E-05 6.1000682E-04 6.9155740E-03 1.5871497E-05 6.5918449E-03 3.1967142E-02 4.0271473E-02 7.2373312E-05 1.7638397E+00 1.8778414E+01 -2.9740457E-02
2.6764000E+02 2.7427000E+02 8.6700000E+00 5.8200000E+02 9 5.5279131E+01 2.2255057E-01 3.4564327E-01 5.9960527E-02 1.6007948E-02 1.3141359E-02 1.3094249E-02 8.4395668E-05 7.0248697E-04 8.1960060E-03 1.5841482E-05 7.8049518E-03 3.1950608E-02 4.7771621E-02 8.3498144E-05 1.7625248E+00 1.8776389E+01 -2.9816323E-02
2.6764000E+02 2.7427000E+02 8.6700000E+00 5.8700000E+02 9 5.5287692E+01 2.0639673E-01 3.1139937E-01 6.0094374E-02 1.3469773E-02 1.1334154E-02 1.1287800E-02 8.3042350E-05 6.0591900E-04 6.9024547E-03 1.5587458E-05 6.5774000E-03 3.1848020E-02 4.0195061E-02 7.2496579E-05 1.7622630E+00 1.8779711E+01 -2.9800641E-02
2.6764000E+02 2.7427000E+02 8.6700000E+00 5.9200000E+02 9 5.5288083E+01 2.0658839E-01 3.1145961E-01 6.0222063E-02 1.3505299E-02 1.1341193E-02 1.1295487E-02 8.1881360E-05 6.0984640E-04 6.9205775E-03 1.5369534E-05 6.5928738E-03 3.1754029E-02 4.0301057E-02 7.2206254E-05 1.7645820E+00 1.8777757E+01 -2.9619966E-02
2.6764000E+02 2.7427000E+02 8.6700000E+00 5.9700000E+02 9 5.5288417E+01 2.0685799E-01 3.1162515E-01 6.0345722E-02 1.3548697E-02 1.1345794E-02 1.1300751E-02 8.0692798E-05 6.1212508E-04 6.9429729E-03 1.5146435E-05 6.6117986E-03 3.1663921E-02 4.0430451E-02 7.2305064E-05 1.7672287E+00 1.8775042E+01 -2.9419425E-02
2.6764000E+02 2.7427000E+02 8.6700000E+00 6.0200000E+02 9 5.5288752E+01 2.0708305E-01 3.1170261E-01 6.0464334E-02 1.3583994E-02 1.1345292E-02 1.1300942E-02 7.9452202E-05 6.1282593E-04 6.9611431E-03 1.4913569E-05 6.6268466E-03 3.1578420E-02 4.0535687E-02 7.2449563E-05 1.7692129E+00 1.8772929E+01 -2.9259903E-02
2.6764000E+02 2.7427000E+02 8.6700000E+00 6.0700000E+02 9 5.5289099E+01 2.0723562E-01 3.1165477E-01 6.0576915E-02 1.3607913E-02 1.1339734E-02 1.1296088E-02 7.8190180E-05 6.1249664E-04 6.9733676E-03 1.4676681E-05 6.6365352E-03 3.1498004E-02 4.0606995E-02 7.2556807E-05 1.7705312E+00 1.8771509E+01 -2.9149297E-02
2.6764000E+02 2.7427000E+02 8.6700000E+00 6.1200000E+02 9 5.5289449E+01 2.0732591E-01 3.1150666E-01 6.0683003E-02 1.3622336E-02 1.1330158E-02 1.1287215E-02 7.6931727E-05 6.1189612E-04 6.9806486E-03 1.4440464E-05 6.6417584E-03 3.1422820E-02 4.0649979E-02 7.2618837E-05 1.7712090E+00 1.8770767E+01 -2.9081218E-02
2.6764000E+02 2.7427000E+02 8.6700000E+00 6.1700000E+02 9 5.5289795E+01 2.0737396E-01 3.1129540E-01 6.0782564E-02 1.3630213E-02 1.1317784E-02 1.1275534E-02 7.5690947E-05 6.1120669E-04 6.9845422E-03 1.4207563E-05 6.6439002E-03 3.1352771E-02 4.0673430E-02 7.2646976E-05 1.7714007E+00 1.8770540E+01 -2.9044073E-02
2.6764000E+02 2.7427000E+02 8.6700000E+00 6.2200000E+02 9 5.5290129E+01 2.0739670E-01 3.1105177E-01 6.0875826E-02 1.3634033E-02 1.1303668E-02 1.1262096E-02 7.4474801E-05 6.1055479E-04 6.9863550E-03 1.3979287E-05 6.6441296E-03 3.1287605E-02 4.0684767E-02 7.2653757E-05 1.7713114E+00 1.8770613E+01 -2.9026665E-02
2.6764000E+02 2.7427000E+02 8.6700000E+00 6.2700000E+02 9 5.5290446E+01 2.0740544E-01 3.1079645E-01 6.0963151E-02 1.3635508E-02 1.1288595E-02 1.1247687E-02 7.3286548E-05 6.1005669E-04 6.9869839E-03 1.3756246E-05 6.6432525E-03 3.1226996E-02 4.0689100E-02 7.2648372E-05 1.7710576E+00 1.8770863E+01 -2.9021603E-02
2.6764000E+02 2.7427000E+02 8.6700000E+00 6.3200000E+02 9 5.5290746E+01 2.0740756E-01 3.1054199E-01 6.1044952E-02 1.3635716E-02 1.1273103E-02 1.1232841E-02 7.2127696E-05 6.0966593E-04 6.9869892E-03 1.3538723E-05 6.6417805E-03 3.1170594E-02 4.0689646E-02 7.2636615E-05 1.7707096E+00 1.8771213E+01 -2.9024131E-02
2.6764000E+02 2.7427000E+02 8.6700000E+00 6.3700000E+02 9 5.5291026E+01 2.0740699E-01 3.1029511E-01 6.1121650E-02 1.3635282E-02 1.1257529E-02 1.1217898E-02 7.0998924E-05 6.0939039E-04 6.9866929E-03 1.3326847E-05 6.6400125E-03 3.1118049E-02 4.0688270E-02 7.2621794E-05 1.7703114E+00 1.8771616E+01 -2.9031331E-02
2.6764000E+02 2.7427000E+02 8.6700000E+00 6.4200000E+02 9 5.5291289E+01 2.0740601E-01 3.1005905E-01 6.1193650E-02 1.3634554E-02 1.1242074E-02 1.1203056E-02 6.9900457E-05 6.0918251E-04 6.9862721E-03 1.3120660E-05 6.6381181E-03 3.1069030E-02 4.0686013E-02 7.2605690E-05 1.7698865E+00 1.8772048E+01 -2.9041488E-02
2.6764000E+02 2.7427000E+02 8.6700000E+00 6.4700000E+02 9 5.5291535E+01 2.0740575E-01 3.0983510E-01 6.1261333E-02 1.3633723E-02 1.1226847E-02 1.1188425E-02 6.8832224E-05 6.0902256E-04 6.9858215E-03 1.2920147E-05 6.6361928E-03 3.1023231E-02 4.0683446E-02 7.2589215E-05 1.7694486E+00 1.8772493E+01 -2.9053573E-02
2.6764000E+02 2.7427000E+02 8.6700000E+00 6.5000000E+02 9 5.5287789E+01 2.1520745E-01 3.2597193E-01 6.1300466E-02 1.4858223E-02 1.2059873E-02 1.2021803E-02 6.8202121E-05 6.5624981E-04 7.6113592E-03 1.2801874E-05 7.2247849E-03 3.0999719E-02 4.4337983E-02 7.8585242E-05 1.7618144E+00 1.8777985E+01 -2.9474333E-02
