x y z_datum Time Well_no H2O H O Charge Al C Ca Cl Fe K Mg Na S Si U pH pe Alkalinity
2.6764000E+02 2.7427000E+02 8.6700000E+00 0.0000000E+00 9 9.9704301E-01 7.2098600E-06 6.6484776E-04 -3.2324431E-06 0.0000000E+00 1.0067647E-04 6.3262499E-05 4.3211171E-04 0.0000000E+00 2.8240956E-04 5.5605061E-05 2.2967748E-04 1.4127542E-04 0.0000000E+00 0.0000000E+00 7.0300000E+00 -2.2001569E+00 7.1999443E-03
2.6764000E+02 2.7427000E+02 8.6700000E+00 5.0000000E+00 9 5.5325634E+01 2.1500984E-02 6.6570904E-02 -2.9885723E-03 0.0000000E+00 7.0627022E-03 1.3300440E-03 1.0269960E-02 0.0000000E+00 6.0862142E-03 1.9277221E-03 8.4180002E-03 1.1581539E-02 0.0000000E+00 0.0000000E+00 3.9982545E+00 1.6386235E+01 -1.1098700E-04
2.6764000E+02 2.7427000E+02 8.6700000E+00 1.0000000E+01 9 5.5305980E+01 3.6744369E-02 1.1095700E-01 -2.6916997E-03 1.0972012E-03 7.5306558E-03 3.1015322E-03 7.9347000E-03 3.9371618E-05 5.2449516E-03 1.4893822E-03 7.0522065E-03 2.0322429E-02 3.2803809E-03 5.9622414E-06 2.3527317E+00 1.8107831E+01 -8.3784715E-03
2.6764000E+02 2.7427000E+02 8.6700000E+00 1.5000000E+01 9 5.5284015E+01 6.0533037E-02 1.5821182E-01 -2.4430865E-03 2.6356637E-03 7.7848591E-03 4.4473684E-03 5.9790584E-03 1.0110570E-04 4.8555390E-03 1.1222987E-03 6.2084248E-03 2.7643067E-02 7.8762997E-03 1.4649165E-05 2.1406275E+00 1.8355852E+01 -1.4573447E-02
2.6764000E+02 2.7427000E+02 8.6700000E+00 2.0000000E+01 9 5.5265899E+01 8.1576369E-02 1.9734854E-01 -2.2555023E-03 4.0467544E-03 7.9479587E-03 5.4341296E-03 4.5034825E-03 1.6443043E-04 4.6914170E-03 8.4532580E-04 5.6900902E-03 3.3167118E-02 1.2090347E-02 2.2990519E-05 2.0523578E+00 1.8463859E+01 -1.8636279E-02
2.6764000E+02 2.7427000E+02 8.6700000E+00 2.5000000E+01 9 5.5252380E+01 9.7718254E-02 2.2686821E-01 -2.1209181E-03 5.1662583E-03 8.0825376E-03 6.1596527E-03 3.4448158E-03 2.1807708E-04 4.6295396E-03 6.4660887E-04 5.3683375E-03 3.7130723E-02 1.5432871E-02 2.9828830E-05 2.0087548E+00 1.8519021E+01 -2.1207078E-02
2.6764000E+02 2.7427000E+02 8.6700000E+00 3.0000000E+01 9 5.5242704E+01 1.0942003E-01 2.4831606E-01 -2.0263982E-03 6.0063719E-03 8.2100217E-03 6.7021631E-03 2.7013031E-03 2.5910101E-04 4.6140080E-03 5.0704788E-04 5.1677832E-03 3.9914612E-02 1.7940906E-02 3.5051221E-05 1.9860412E+00 1.8548787E+01 -2.2791314E-02
2.6764000E+02 2.7427000E+02 8.6700000E+00 3.5000000E+01 9 5.5235843E+01 1.1777798E-01 2.6376021E-01 -1.9601072E-03 6.6232182E-03 8.3343096E-03 7.1175277E-03 2.1798442E-03 2.8878423E-04 4.6172042E-03 4.0916748E-04 5.0404365E-03 4.1867222E-02 1.9782328E-02 3.8910619E-05 1.9738239E+00 1.8565451E+01 -2.3759225E-02
2.6764000E+02 2.7427000E+02 8.6700000E+00 4.0000000E+01 9 5.5230943E+01 1.2376555E-01 2.7495873E-01 -1.9130145E-03 7.0750689E-03 8.4538437E-03 7.4438409E-03 1.8094029E-03 3.0948457E-04 4.6262205E-03 3.3963382E-04 4.9567862E-03 4.3254450E-02 2.1131222E-02 4.1733289E-05 1.9673872E+00 1.8574782E+01 -2.4350557E-02
2.6764000E+02 2.7427000E+02 8.6700000E+00 4.5000000E+01 9 5.5227386E+01 1.2811367E-01 2.8321548E-01 -1.8788173E-03 7.4091770E-03 8.5665047E-03 7.7066580E-03 1.5404008E-03 3.2403554E-04 4.6355426E-03 2.8914081E-04 4.8992447E-03 4.4261889E-02 2.2128678E-02 4.3805743E-05 1.9639292E+00 1.8580186E+01 -2.4719368E-02
2.6764000E+02 2.7427000E+02 8.6700000E+00 5.0000000E+01 9 5.5224743E+01 1.3133472E-01 2.8943756E-01 -1.8533162E-03 7.6602126E-03 8.6710120E-03 7.9231379E-03 1.3398039E-03 3.3424558E-04 4.6431869E-03 2.5148777E-04 4.8575502E-03 4.5013207E-02 2.2878185E-02 4.5346727E-05 1.9620979E+00 1.8583365E+01 -2.4955743E-02
2.6764000E+02 2.7427000E+02 8.6700000E+00 5.5000000E+01 9 5.5222733E+01 1.3377372E-01 2.9423673E-01 -1.8337696E-03 7.8523886E-03 8.7669764E-03 8.1049293E-03 1.1860461E-03 3.4155640E-04 4.6486925E-03 2.2262669E-04 4.8257307E-03 4.5589144E-02 2.3452006E-02 4.6512371E-05 1.9611358E+00 1.8585288E+01 -2.5113096E-02
2.6764000E+02 2.7427000E+02 8.6700000E+00 6.0000000E+01 9 5.5221167E+01 1.3566109E-01 2.9802226E-01 -1.8183923E-03 8.0023094E-03 8.8546011E-03 8.2600739E-03 1.0650853E-03 3.4690145E-04 4.6522007E-03 1.9992175E-04 4.8002867E-03 4.6042274E-02 2.3899692E-02 4.7410748E-05 1.9606163E+00 1.8586509E+01 -2.5222499E-02
2.6764000E+02 2.7427000E+02 8.6700000E+00 6.5000000E+01 9 5.5219921E+01 1.3715118E-01 3.0106968E-01 -1.8060104E-03 8.1213651E-03 8.9343970E-03 8.3942373E-03 9.6768700E-04 3.5097155E-04 4.6540500E-03 1.8163961E-04 4.7791385E-03 4.6407172E-02 2.4255234E-02 4.8115990E-05 1.9603650E+00 1.8587282E+01 -2.5302130E-02
2.6764000E+02 2.7427000E+02 8.6700000E+00 6.6000000E+01 9 5.5213619E+01 1.4960066E-01 3.3042519E-01 -1.8036454E-03 1.0230087E-02 1.0924129E-02 1.0394354E-02 9.4908287E-04 4.3228187E-04 5.7010299E-03 1.7814752E-04 5.8009825E-03 4.6483020E-02 3.0554148E-02 5.8960646E-05 1.9563078E+00 1.8587133E+01 -2.5504863E-02
2.6764000E+02 2.7427000E+02 8.6700000E+00 6.7000000E+01 9 5.5213589E+01 1.4947935E-01 3.3009138E-01 -1.8013840E-03 1.0185794E-02 1.0887985E-02 1.0368140E-02 9.3129347E-04 4.2228888E-04 5.6684153E-03 1.7480837E-04 5.7643787E-03 4.6550493E-02 3.0421661E-02 5.9959564E-05 1.9491392E+00 1.8593014E+01 -2.5881477E-02
2.6764000E+02 2.7427000E+02 8.6700000E+00 7.2000000E+01 9 5.5215289E+01 1.3867690E-01 3.0455314E-01 -1.7549045E-03 8.0254275E-03 8.8765338E-03 8.3978430E-03 8.5756634E-04 3.3931099E-04 4.5394398E-03 1.6096942E-04 4.6429815E-03 4.7464112E-02 2.3968774E-02 4.8114021E-05 1.9234025E+00 1.8729679E+01 -2.7563251E-02
2.6764000E+02 2.7427000E+02 8.6700000E+00 7.7000000E+01 9 5.5209604E+01 1.4174118E-01 3.1113909E-01 -1.7038793E-03 8.1862323E-03 8.9445263E-03 8.5004906E-03 7.9548246E-04 3.6266220E-04 4.5845387E-03 1.4931597E-04 4.6696349E-03 4.8452109E-02 2.4448423E-02 5.4842967E-05 1.9091897E+00 1.8800967E+01 -2.8624263E-02
2.6764000E+02 2.7427000E+02 8.6700000E+00 8.2000000E+01 9 5.5204549E+01 1.4478490E-01 3.1756101E-01 -1.6604236E-03 8.3858059E-03 9.0319707E-03 8.6175135E-03 7.4249312E-04 3.8444274E-04 4.6550955E-03 1.3936961E-04 4.7220950E-03 4.9298032E-02 2.5043682E-02 6.4529654E-05 1.9016836E+00 1.8839895E+01 -2.9269430E-02
2.6764000E+02 2.7427000E+02 8.6700000E+00 8.7000000E+01 9 5.5200563E+01 1.4733382E-01 3.2291497E-01 -1.6267078E-03 8.5669610E-03 9.1166533E-03 8.7277368E-03 6.9673738E-04 4.0212812E-04 4.7206018E-03 1.3078103E-04 4.7715786E-03 4.9963725E-02 2.5584039E-02 7.3799219E-05 1.8976731E+00 1.8862409E+01 -2.9665821E-02
2.6764000E+02 2.7427000E+02 8.6700000E+00 9.1000000E+01 9 5.5196567E+01 1.5197142E-01 3.3325079E-01 -1.6054657E-03 9.1904043E-03 9.6137170E-03 9.2430659E-03 6.6401505E-04 4.3690912E-04 5.0162323E-03 1.2463889E-04 5.0487066E-03 5.0394668E-02 2.7445411E-02 8.5748806E-05 1.8874540E+00 1.8881939E+01 -3.0355426E-02
2.6764000E+02 2.7427000E+02 8.6700000E+00 9.2000000E+01 9 5.5191249E+01 1.6186095E-01 3.5614055E-01 -1.6005010E-03 1.0827986E-02 1.1082831E-02 1.0716617E-02 6.5606617E-04 5.0979798E-04 5.8350762E-03 1.2314685E-04 5.8453046E-03 5.0508217E-02 3.2336325E-02 1.0324993E-04 1.8818963E+00 1.8888429E+01 -3.0686904E-02
2.6764000E+02 2.7427000E+02 8.6700000E+00 9.7000000E+01 9 5.5190595E+01 1.5081563E-01 3.3150934E-01 -2.1886124E-03 8.6089353E-03 9.1022922E-03 8.7556123E-03 6.2107120E-04 4.0696799E-04 4.6984882E-03 1.1657812E-04 4.7281762E-03 5.1834736E-02 2.5708670E-02 8.6157332E-05 1.8639761E+00 1.8923113E+01 -3.2300149E-02
2.6764000E+02 2.7427000E+02 8.6700000E+00 1.0200000E+02 9 5.5182418E+01 1.5411116E-01 3.3973500E-01 -2.8798481E-03 8.7840521E-03 9.1688358E-03 8.8394905E-03 5.9001644E-04 4.3201573E-04 4.7703193E-03 1.1074899E-04 4.7860277E-03 5.3248894E-02 2.6230852E-02 9.1395957E-05 1.8528214E+00 1.8946761E+01 -3.3458892E-02
2.6764000E+02 2.7427000E+02 8.6700000E+00 1.0700000E+02 9 5.5175441E+01 1.5717986E-01 3.4720133E-01 -3.4695048E-03 8.9762096E-03 9.2462419E-03 8.9323875E-03 5.6226481E-04 4.5289677E-04 4.8529432E-03 1.0553987E-04 4.8546444E-03 5.4435646E-02 2.6803862E-02 9.7335466E-05 1.8466717E+00 1.8961696E+01 -3.4228833E-02
2.6764000E+02 2.7427000E+02 8.6700000E+00 1.1200000E+02 9 5.5170058E+01 1.5967809E-01 3.5320223E-01 -3.9172585E-03 9.1441431E-03 9.3179868E-03 9.0180631E-03 5.3730814E-04 4.6961190E-04 4.9247993E-03 1.0085538E-04 4.9139867E-03 5.5348928E-02 2.7304669E-02 1.0260003E-04 1.8431199E+00 1.8971256E+01 -3.4738493E-02
2.6764000E+02 2.7427000E+02 8.6700000E+00 1.1700000E+02 9 5.5166081E+01 1.6160772E-01 3.5779302E-01 -4.2389460E-03 9.2791824E-03 9.3797768E-03 9.0924525E-03 5.1473649E-04 4.8175644E-04 4.9811656E-03 9.6618570E-05 4.9596010E-03 5.6026900E-02 2.7707411E-02 1.0687291E-04 1.8410538E+00 1.8977413E+01 -3.5075906E-02
2.6764000E+02 2.7427000E+02 8.6700000E+00 1.2200000E+02 9 5.5163185E+01 1.6307189E-01 3.6125319E-01 -4.4644184E-03 9.3844882E-03 9.4318497E-03 9.1559801E-03 4.9421567E-04 4.9076886E-04 5.0234493E-03 9.2766712E-05 4.9927351E-03 5.6526060E-02 2.8021501E-02 1.1021059E-04 1.8398197E+00 1.8981456E+01 -3.5302817E-02
2.6764000E+02 2.7427000E+02 8.6700000E+00 1.2400000E+02 9 5.5157087E+01 1.7381517E-01 3.8557336E-01 -4.5412185E-03 1.1124893E-02 1.0866895E-02 1.0595435E-02 4.8631583E-04 5.8571062E-04 5.8973942E-03 9.1283874E-05 5.8358389E-03 5.6718387E-02 3.3218312E-02 1.3150261E-04 1.8304040E+00 1.8990766E+01 -3.5926556E-02
2.6764000E+02 2.7427000E+02 8.6700000E+00 1.2500000E+02 9 5.5155192E+01 1.7692623E-01 3.9275108E-01 -4.5765218E-03 1.1622753E-02 1.1315415E-02 1.1046119E-02 4.8244068E-04 5.9808508E-04 6.1458125E-03 9.0556489E-05 6.0764411E-03 5.6806763E-02 3.4705156E-02 1.3889582E-04 1.8241131E+00 1.8997040E+01 -3.6381155E-02
2.6764000E+02 2.7427000E+02 8.6700000E+00 1.3000000E+02 9 5.5160741E+01 1.6333205E-01 3.6232660E-01 -4.6969155E-03 9.2910592E-03 9.3753625E-03 9.1148828E-03 4.6664481E-04 4.7664715E-04 4.9609212E-03 8.7591526E-05 4.9234577E-03 5.7075313E-02 2.7742319E-02 1.1296147E-04 1.8255361E+00 1.8998635E+01 -3.6492177E-02
2.6764000E+02 2.7427000E+02 8.6700000E+00 1.3100000E+02 9 5.5153360E+01 1.7769902E-01 3.9478999E-01 -4.7191005E-03 1.1667460E-02 1.1341246E-02 1.1082488E-02 4.6356206E-04 6.2157512E-04 6.1582124E-03 8.7012878E-05 6.0816845E-03 5.7151102E-02 3.4838461E-02 1.3844442E-04 1.8219377E+00 1.9001448E+01 -3.6669900E-02
2.6764000E+02 2.7427000E+02 8.6700000E+00 1.3200000E+02 9 5.5153189E+01 1.7761832E-01 3.9454397E-01 -4.7396247E-03 1.1633118E-02 1.1313644E-02 1.1056583E-02 4.6052079E-04 6.0315402E-04 6.1395482E-03 8.6442017E-05 6.0618357E-03 5.7205818E-02 3.4735683E-02 1.4098254E-04 1.8180169E+00 1.9005269E+01 -3.6951509E-02
2.6764000E+02 2.7427000E+02 8.6700000E+00 1.3700000E+02 9 5.5151499E+01 1.6567269E-01 3.6928121E-01 -6.1247641E-03 9.3042825E-03 9.3827374E-03 9.1334146E-03 4.4665757E-04 4.8122362E-04 4.9568712E-03 8.3839822E-05 4.9122520E-03 5.8924615E-02 2.7781474E-02 1.1436182E-04 1.8071083E+00 1.8998441E+01 -3.8480986E-02
2.6764000E+02 2.7427000E+02 8.6700000E+00 1.4200000E+02 9 5.5140893E+01 1.6947774E-01 3.7933254E-01 -7.7304101E-03 9.5266378E-03 9.4978527E-03 9.2556617E-03 4.3388118E-04 5.0908927E-04 5.0634777E-03 8.1441631E-05 5.0080495E-03 6.0905771E-02 2.8444716E-02 1.1293296E-04 1.8006024E+00 1.8976874E+01 -3.9645206E-02
2.6764000E+02 2.7427000E+02 8.6700000E+00 1.4700000E+02 9 5.5131615E+01 1.7306057E-01 3.8853424E-01 -9.1130834E-03 9.7604007E-03 9.6192968E-03 9.3837455E-03 4.2198600E-04 5.2832163E-04 5.1764850E-03 7.9208848E-05 5.1099865E-03 6.2610475E-02 2.9141958E-02 1.0978346E-04 1.7972307E+00 1.8948779E+01 -4.0467887E-02
2.6764000E+02 2.7427000E+02 8.6700000E+00 1.5200000E+02 9 5.5124371E+01 1.7595456E-01 3.9589015E-01 -1.0179409E-02 9.9572574E-03 9.7251194E-03 9.4957905E-03 4.1083879E-04 5.4137914E-04 5.2709794E-03 7.7116461E-05 5.1949164E-03 6.3932109E-02 2.9729141E-02 1.0478116E-04 1.7953660E+00 1.8919213E+01 -4.1043173E-02
2.6764000E+02 2.7427000E+02 8.6700000E+00 1.5700000E+02 9 5.5118996E+01 1.7815072E-01 4.0144267E-01 -1.0959750E-02 1.0109848E-02 9.8109685E-03 9.5874957E-03 4.0034772E-04 5.4983394E-04 5.3431399E-03 7.5147236E-05 5.2592319E-03 6.4909583E-02 3.0184308E-02 9.8930693E-05 1.7942613E+00 1.8891154E+01 -4.1444124E-02
2.6764000E+02 2.7427000E+02 8.6700000E+00 1.6200000E+02 9 5.5115089E+01 1.7977981E-01 4.0554666E-01 -1.1517772E-02 1.0224523E-02 9.8788474E-03 9.6609030E-03 3.9044369E-04 5.5519642E-04 5.3961929E-03 7.3288201E-05 5.3059011E-03 6.5620042E-02 3.0526395E-02 9.3103414E-05 1.7935624E+00 1.8866329E+01 -4.1725299E-02
2.6764000E+02 2.7427000E+02 8.6700000E+00 1.6700000E+02 9 5.5112246E+01 1.8098915E-01 4.0858515E-01 -1.1915494E-02 1.0310491E-02 9.9325259E-03 9.7198131E-03 3.8107135E-04 5.5877509E-04 5.4348321E-03 7.1528967E-05 5.3392760E-03 6.6137853E-02 3.0782856E-02 8.7816218E-05 1.7930934E+00 1.8845456E+01 -4.1925666E-02
2.6764000E+02 2.7427000E+02 8.6700000E+00 1.6800000E+02 9 5.5104435E+01 1.9582884E-01 4.4174656E-01 -1.1989112E-02 1.2739513E-02 1.1879215E-02 1.1667537E-02 3.7921773E-04 7.0894530E-04 6.6611942E-03 7.1181032E-05 6.5221370E-03 6.6242568E-02 3.8035559E-02 1.0123762E-04 1.7888383E+00 1.8842942E+01 -4.2177354E-02
2.6764000E+02 2.7427000E+02 8.6700000E+00 1.6900000E+02 9 5.5104112E+01 1.9570115E-01 4.4140860E-01 -1.2057270E-02 1.2689683E-02 1.1841838E-02 1.1631184E-02 3.7738454E-04 6.8169467E-04 6.6353405E-03 7.0836935E-05 6.4958145E-03 6.6333282E-02 3.7886553E-02 1.0106813E-04 1.7839378E+00 1.8842863E+01 -4.2578398E-02
2.6764000E+02 2.7427000E+02 8.6700000E+00 1.7400000E+02 9 5.5118787E+01 1.7299470E-01 4.0240327E-01 -1.6957586E-02 1.0161611E-02 9.8429184E-03 9.6371186E-03 3.6868688E-04 5.3425545E-04 5.3525027E-03 6.9204340E-05 5.2562753E-03 6.5120048E-02 3.0338286E-02 8.0577318E-05 1.8632960E+00 1.8751427E+01 -3.6531342E-02
2.6764000E+02 2.7427000E+02 8.6700000E+00 1.7500000E+02 9 5.5114084E+01 1.8412205E-01 4.3092372E-01 -1.8082154E-02 1.2333832E-02 1.1775005E-02 1.1570166E-02 3.6696574E-04 6.4287864E-04 6.4443597E-03 6.8881275E-05 6.3199166E-03 6.4833558E-02 3.6826364E-02 9.1910223E-05 1.8786764E+00 1.8730521E+01 -3.5355656E-02
2.6764000E+02 2.7427000E+02 8.6700000E+00 1.7600000E+02 9 5.5116427E+01 1.8133469E-01 4.2786303E-01 -1.9294992E-02 1.2195841E-02 1.1731304E-02 1.1527415E-02 3.6526269E-04 6.1398626E-04 6.3722942E-03 6.8561604E-05 6.2528476E-03 6.4506429E-02 3.6414913E-02 9.1337730E-05 1.8954031E+00 1.8710086E+01 -3.4182668E-02
2.6764000E+02 2.7427000E+02 8.6700000E+00 1.8100000E+02 9 5.5058089E+01 1.7902274E-01 4.4255507E-01 -3.0495930E-02 9.6371244E-03 9.7479856E-03 9.5486174E-03 3.5716468E-04 4.7803891E-04 5.0728457E-03 6.7041566E-05 5.0006648E-03 7.6790493E-02 2.8775800E-02 7.2460569E-05 1.7756875E+00 1.8823269E+01 -4.7729225E-02
2.6764000E+02 2.7427000E+02 8.6700000E+00 1.8600000E+02 9 5.4975642E+01 1.9969022E-01 5.0578449E-01 -4.1572712E-02 9.8530172E-03 9.8067333E-03 9.6116697E-03 3.4945311E-04 5.2233198E-04 5.1805392E-03 6.5594068E-05 5.0957330E-03 9.1937134E-02 2.9418991E-02 7.0466033E-05 1.6651233E+00 1.8925866E+01 -6.4720370E-02
2.6764000E+02 2.7427000E+02 8.6700000E+00 1.9100000E+02 9 5.4902084E+01 2.2111079E-01 5.6547238E-01 -5.0602952E-02 1.0399798E-02 9.8845508E-03 9.6935915E-03 3.4210038E-04 5.9849715E-04 5.4623918E-03 6.4213923E-05 5.3441285E-03 1.0520234E-01 3.1047029E-02 7.1166901E-05 1.5950273E+00 1.8988964E+01 -7.9062094E-02
2.6764000E+02 2.7427000E+02 8.6700000E+00 1.9600000E+02 9 5.4844215E+01 2.3953321E-01 6.1433689E-01 -5.7386310E-02 1.1035984E-02 9.9577076E-03 9.7706662E-03 3.3508147E-04 6.7823070E-04 5.7918566E-03 6.2896440E-05 5.6336056E-03 1.1549714E-01 3.2940919E-02 7.2659212E-05 1.5526775E+00 1.9025468E+01 -8.9683178E-02
2.6764000E+02 2.7427000E+02 8.6700000E+00 2.0100000E+02 9 5.4801345E+01 2.5405586E-01 6.5167624E-01 -6.2287466E-02 1.1629618E-02 1.0019797E-02 9.8364995E-03 3.2837363E-04 7.4637589E-04 6.0993404E-03 6.1637346E-05 5.9033597E-03 1.2304186E-01 3.4707968E-02 7.4113401E-05 1.5271696E+00 1.9046176E+01 -9.7083637E-02
2.6764000E+02 2.7427000E+02 8.6700000E+00 2.0600000E+02 9 5.4770464E+01 2.6501929E-01 6.7927982E-01 -6.5777925E-02 1.2131858E-02 1.0070888E-02 9.8911732E-03 3.2195606E-04 8.0083841E-04 6.3588558E-03 6.0432735E-05 6.1311535E-03 1.2842855E-01 3.6202948E-02 7.5257713E-05 1.5117681E+00 1.9057665E+01 -1.0208918E-01
2.6764000E+02 2.7427000E+02 8.6700000E+00 2.1100000E+02 9 5.4748368E+01 2.7316433E-01 6.9949012E-01 -6.8270335E-02 1.2538628E-02 1.0113129E-02 9.9368447E-03 3.1580966E-04 8.4335635E-04 6.5681134E-03 5.9279026E-05 6.3152690E-03 1.3225388E-01 3.7413818E-02 7.6070188E-05 1.5024270E+00 1.9063820E+01 -1.0544191E-01
2.6764000E+02 2.7427000E+02 8.6700000E+00 2.1600000E+02 9 5.4732421E+01 2.7923178E-01 7.1438840E-01 -7.0076415E-02 1.2863615E-02 1.0148936E-02 9.9759412E-03 3.0991691E-04 8.7633047E-04 6.7343710E-03 5.8172928E-05 6.4619674E-03 1.3499647E-01 3.8381356E-02 7.6613238E-05 1.4967249E+00 1.9066922E+01 -1.0769796E-01
2.6764000E+02 2.7427000E+02 8.6700000E+00 2.2100000E+02 9 5.4720696E+01 2.8381792E-01 7.2556385E-01 -7.1414500E-02 1.3124045E-02 1.0180338E-02 1.0010500E-02 3.0426169E-04 9.0200758E-04 6.8667765E-03 5.7111415E-05 6.5790990E-03 1.3700161E-01 3.9156828E-02 7.6960755E-05 1.4932157E+00 1.9068297E+01 -1.0923926E-01
2.6764000E+02 2.7427000E+02 8.6700000E+00 2.2600000E+02 9 5.4711863E+01 2.8735508E-01 7.3414000E-01 -7.2431576E-02 1.3335060E-02 1.0208820E-02 1.0042014E-02 2.9882914E-04 9.2224238E-04 6.9733569E-03 5.6091699E-05 6.6735664E-03 1.3850483E-01 3.9785278E-02 7.7173871E-05 1.4910361E+00 1.9068716E+01 -1.1031613E-01
2.6764000E+02 2.7427000E+02 8.6700000E+00 2.3100000E+02 9 5.4705036E+01 2.9014426E-01 7.4088354E-01 -7.3224941E-02 1.3508450E-02 1.0235377E-02 1.0071487E-02 2.9360558E-04 9.3844816E-04 7.0603586E-03 5.5111212E-05 6.7507405E-03 1.3966247E-01 4.0301768E-02 7.7297320E-05 1.4896705E+00 1.9068622E+01 -1.1108881E-01
2.6764000E+02 2.7427000E+02 8.6700000E+00 2.3600000E+02 9 5.4699626E+01 2.9239161E-01 7.4631131E-01 -7.3858948E-02 1.3652973E-02 1.0260627E-02 1.0099544E-02 2.8857838E-04 9.5164370E-04 7.1324072E-03 5.4167581E-05 6.8146225E-03 1.4057744E-01 4.0732346E-02 7.7362201E-05 1.4888095E+00 1.9068270E+01 -1.1165899E-01
2.6764000E+02 2.7427000E+02 8.6700000E+00 2.4100000E+02 9 5.4695241E+01 2.9423801E-01 7.5077261E-01 -7.4376604E-02 1.3775044E-02 1.0284928E-02 1.0126548E-02 2.8373588E-04 9.6254642E-04 7.1928688E-03 5.3258619E-05 6.8681623E-03 1.4131787E-01 4.1096094E-02 7.7389643E-05 1.4882658E+00 1.9067803E+01 -1.1209143E-01
2.6764000E+02 2.7427000E+02 8.6700000E+00 2.4600000E+02 9 5.4691616E+01 2.9578087E-01 7.5450669E-01 -7.4807183E-02 1.3879367E-02 1.0308466E-02 1.0152692E-02 2.7906728E-04 9.7166280E-04 7.2441892E-03 5.2382301E-05 6.9135419E-03 1.4192952E-01 4.1406998E-02 7.7393811E-05 1.4879242E+00 1.9067302E+01 -1.1242798E-01
2.6764000E+02 2.7427000E+02 8.6700000E+00 2.5100000E+02 9 5.4688569E+01 2.9708886E-01 7.5768077E-01 -7.5171057E-02 1.3969435E-02 1.0331327E-02 1.0178068E-02 2.7456263E-04 9.7935806E-04 7.2881747E-03 5.1536756E-05 6.9523893E-03 1.4244382E-01 4.1675450E-02 7.7384063E-05 1.4877128E+00 1.9066810E+01 -1.1269616E-01
2.6764000E+02 2.7427000E+02 8.6700000E+00 2.5600000E+02 9 5.4685970E+01 2.9821144E-01 7.6041434E-01 -7.5482752E-02 1.4047876E-02 1.0353540E-02 1.0202708E-02 2.7021269E-04 9.8590032E-04 7.3261836E-03 5.0720250E-05 6.9859318E-03 1.4288281E-01 4.1909277E-02 7.7366450E-05 1.4875856E+00 1.9066348E+01 -1.1291449E-01
2.6764000E+02 2.7427000E+02 8.6700000E+00 2.6100000E+02 9 5.4683726E+01 2.9918497E-01 7.6279480E-01 -7.5752875E-02 1.4116705E-02 1.0375103E-02 1.0226618E-02 2.6600889E-04 9.9149491E-04 7.3592557E-03 4.9931177E-05 7.0151055E-03 1.4326238E-01 4.2114466E-02 7.7344770E-05 1.4875127E+00 1.9065929E+01 -1.1309577E-01
2.6764000E+02 2.7427000E+02 8.6700000E+00 2.6400000E+02 9 5.4677644E+01 3.0944864E-01 7.8382027E-01 -7.5901877E-02 1.5660030E-02 1.1272796E-02 1.1125691E-02 2.6353746E-04 1.1225169E-03 8.1479158E-03 4.9467278E-05 7.7531339E-03 1.4347460E-01 4.6718146E-02 8.5034159E-05 1.4830863E+00 1.9067668E+01 -1.1396154E-01
2.6764000E+02 2.7427000E+02 8.6700000E+00 2.6500000E+02 9 5.4672394E+01 3.1935406E-01 8.0412067E-01 -7.5950157E-02 1.7184445E-02 1.2193761E-02 1.2047112E-02 2.6271924E-04 1.2592895E-03 8.9268173E-03 4.9313694E-05 8.4847913E-03 1.4354523E-01 5.1265988E-02 9.2298460E-05 1.4804970E+00 1.9067925E+01 -1.1442325E-01
2.6764000E+02 2.7427000E+02 8.6700000E+00 2.7000000E+02 9 5.4679964E+01 3.0190887E-01 7.6898153E-01 -7.6124112E-02 1.4429932E-02 1.0568506E-02 1.0423257E-02 2.6020992E-04 9.9589122E-04 7.5159123E-03 4.8842682E-05 7.1608424E-03 1.4378197E-01 4.3048854E-02 7.9162439E-05 1.4929221E+00 1.9058252E+01 -1.1222484E-01
2.6764000E+02 2.7427000E+02 8.6700000E+00 2.7500000E+02 9 5.4677125E+01 3.0557873E-01 7.7679926E-01 -7.6280861E-02 1.4958219E-02 1.0887950E-02 1.0744161E-02 2.5759463E-04 1.0501841E-03 7.7843650E-03 4.8351779E-05 7.4125606E-03 1.4400099E-01 4.4624867E-02 8.1069844E-05 1.5055204E+00 1.9043979E+01 -1.0989861E-01
2.6764000E+02 2.7427000E+02 8.6700000E+00 2.8000000E+02 9 5.4674724E+01 3.0852735E-01 7.8316755E-01 -7.6425690E-02 1.5377738E-02 1.1162258E-02 1.1020024E-02 2.5481039E-04 1.0817632E-03 7.9965006E-03 4.7829164E-05 7.6126264E-03 1.4420414E-01 4.5876650E-02 8.2990005E-05 1.5156056E+00 1.9032047E+01 -1.0805981E-01
2.6764000E+02 2.7427000E+02 8.6700000E+00 2.8500000E+02 9 5.4672775E+01 3.1071913E-01 7.8806043E-01 -7.6558972E-02 1.5687161E-02 1.1387310E-02 1.1246642E-02 2.5200450E-04 1.1007313E-03 8.1517541E-03 4.7302485E-05 7.7604715E-03 1.4439130E-01 4.6800191E-02 8.4392502E-05 1.5231275E+00 1.9023057E+01 -1.0671338E-01
2.6764000E+02 2.7427000E+02 8.6700000E+00 2.8900000E+02 9 5.4669186E+01 3.1663996E-01 8.0052209E-01 -7.6658586E-02 1.6587099E-02 1.1972276E-02 1.1832847E-02 2.4978559E-04 1.1692747E-03 8.6093051E-03 4.6885983E-05 8.1924325E-03 1.4453270E-01 4.9485418E-02 8.8813669E-05 1.5250656E+00 1.9018998E+01 -1.0634723E-01
2.6764000E+02 2.7427000E+02 8.6700000E+00 2.9000000E+02 9 5.4661688E+01 3.3136919E-01 8.3100101E-01 -7.6683058E-02 1.8887828E-02 1.3417143E-02 1.3278022E-02 2.4923296E-04 1.3845676E-03 9.7837745E-03 4.6782253E-05 9.2991799E-03 1.4457107E-01 5.6350141E-02 9.9128929E-05 1.5242701E+00 1.9016498E+01 -1.0640757E-01
2.6764000E+02 2.7427000E+02 8.6700000E+00 2.9500000E+02 9 5.4723853E+01 2.9879864E-01 7.5221643E-01 -7.0275680E-02 1.5835180E-02 1.1598181E-02 1.1460562E-02 2.4654373E-04 1.0820885E-03 8.2201449E-03 4.6277471E-05 7.8317556E-03 1.3488217E-01 4.7242979E-02 8.5256455E-05 1.5760496E+00 1.8968320E+01 -9.3552464E-02
2.6764000E+02 2.7427000E+02 8.6700000E+00 3.0000000E+02 9 5.4791758E+01 2.8112490E-01 7.0141257E-01 -6.2027655E-02 1.5734682E-02 1.1711997E-02 1.1575837E-02 2.4392877E-04 1.0785759E-03 8.1610309E-03 4.5786630E-05 7.7888874E-03 1.2242136E-01 4.6945900E-02 8.4120450E-05 1.6487757E+00 1.8895303E+01 -7.7820617E-02
2.6764000E+02 2.7427000E+02 8.6700000E+00 3.0100000E+02 9 5.4797411E+01 2.9400593E-01 7.2646438E-01 -6.0342590E-02 1.8366166E-02 1.3627868E-02 1.3491998E-02 2.4340873E-04 1.3157694E-03 9.4963853E-03 4.5689015E-05 9.0649001E-03 1.1988122E-01 5.4801586E-02 9.6060219E-05 1.6628925E+00 1.8877047E+01 -7.4860080E-02
2.6764000E+02 2.7427000E+02 8.6700000E+00 3.0200000E+02 9 5.4811702E+01 2.8961706E-01 7.1453199E-01 -5.8653228E-02 1.8222825E-02 1.3618593E-02 1.3483011E-02 2.4289158E-04 1.2684788E-03 9.4205268E-03 4.5591945E-05 8.9983873E-03 1.1733002E-01 5.4374962E-02 9.6730181E-05 1.6767685E+00 1.8861518E+01 -7.2067946E-02
2.6764000E+02 2.7427000E+02 8.6700000E+00 3.0300000E+02 9 5.4826235E+01 2.8485673E-01 7.0191692E-01 -5.6956514E-02 1.8029892E-02 1.3579669E-02 1.3445375E-02 2.4058517E-04 1.2310634E-03 9.3180814E-03 4.5159020E-05 8.9067968E-03 1.1477053E-01 5.3800469E-02 9.6264242E-05 1.6895294E+00 1.8848484E+01 -6.9516128E-02
2.6764000E+02 2.7427000E+02 8.6700000E+00 3.0800000E+02 9 5.4894931E+01 2.4929703E-01 6.1579997E-01 -4.9845828E-02 1.4743888E-02 1.1591412E-02 1.1461349E-02 2.3300687E-04 9.5383670E-04 7.6318096E-03 4.3736536E-05 7.3237400E-03 1.0402897E-01 4.3997202E-02 7.9302469E-05 1.7533387E+00 1.8791514E+01 -5.8607915E-02
2.6764000E+02 2.7427000E+02 8.6700000E+00 3.1300000E+02 9 5.4942307E+01 2.3390219E-01 5.7559781E-01 -4.4310221E-02 1.4179405E-02 1.1564310E-02 1.1438602E-02 2.2520345E-04 8.9131632E-04 7.3281629E-03 4.2271795E-05 7.0588920E-03 9.5671571E-02 4.2317759E-02 7.5855874E-05 1.8084977E+00 1.8737377E+01 -5.0385909E-02
2.6764000E+02 2.7427000E+02 8.6700000E+00 3.1800000E+02 9 5.4978032E+01 2.2178876E-01 5.4456333E-01 -4.0174072E-02 1.3671355E-02 1.1556545E-02 1.1435291E-02 2.1722418E-04 8.1447634E-04 7.0543698E-03 4.0774047E-05 6.8196249E-03 8.9428319E-02 4.0806115E-02 7.3480218E-05 1.8516613E+00 1.8694217E+01 -4.4611251E-02
2.6764000E+02 2.7427000E+02 8.6700000E+00 3.2300000E+02 9 5.5004459E+01 2.1234939E-01 5.2095611E-01 -3.7150210E-02 1.3221390E-02 1.1556518E-02 1.1439590E-02 2.0947560E-04 7.4426243E-04 6.8119622E-03 3.9319600E-05 6.6065397E-03 8.4864877E-02 3.9467039E-02 7.1552319E-05 1.8834385E+00 1.8662253E+01 -4.0691323E-02
2.6764000E+02 2.7427000E+02 8.6700000E+00 3.2800000E+02 9 5.5023889E+01 2.0502581E-01 5.0309644E-01 -3.4955922E-02 1.2832806E-02 1.1559201E-02 1.1446353E-02 2.0216535E-04 6.8811425E-04 6.6029878E-03 3.7947431E-05 6.4211460E-03 8.1554044E-02 3.8310357E-02 6.9925323E-05 1.9057731E+00 1.8639734E+01 -3.8074709E-02
2.6764000E+02 2.7427000E+02 8.6700000E+00 3.2900000E+02 9 5.5021220E+01 2.1626513E-01 5.2866026E-01 -3.4548022E-02 1.4866855E-02 1.3439996E-02 1.3327954E-02 2.0072214E-04 7.6824994E-04 7.6255022E-03 3.7676534E-05 7.4176260E-03 8.0944402E-02 4.4386469E-02 7.9852346E-05 1.9080191E+00 1.8633528E+01 -3.7701286E-02
2.6764000E+02 2.7427000E+02 8.6700000E+00 3.3000000E+02 9 5.5024746E+01 2.1466526E-01 5.2483569E-01 -3.4168916E-02 1.4743850E-02 1.3404866E-02 1.3293618E-02 1.9929873E-04 7.4463543E-04 7.5612793E-03 3.7409352E-05 7.3579372E-03 8.0373262E-02 4.4019659E-02 8.0425896E-05 1.9082069E+00 1.8631885E+01 -3.7517921E-02
2.6764000E+02 2.7427000E+02 8.6700000E+00 3.3500000E+02 9 5.5015504E+01 2.0602539E-01 5.0313243E-01 -3.3329526E-02 1.2197399E-02 1.1439704E-02 1.1332146E-02 1.9268901E-04 6.1386060E-04 6.2676234E-03 3.6168674E-05 6.1140992E-03 8.3513677E-02 3.6416880E-02 6.7568785E-05 1.8195952E+00 1.8726083E+01 -4.5458948E-02
2.6764000E+02 2.7427000E+02 8.6700000E+00 3.4000000E+02 9 5.4988094E+01 2.1665022E-01 5.2365779E-01 -3.2986900E-02 1.2234867E-02 1.1434522E-02 1.1330386E-02 1.8655824E-04 6.3764844E-04 6.2857778E-03 3.5017899E-05 6.1240237E-03 8.8535631E-02 3.6527814E-02 6.7308381E-05 1.7365732E+00 1.8809825E+01 -5.4720594E-02
2.6764000E+02 2.7427000E+02 8.6700000E+00 3.4500000E+02 9 5.4960632E+01 2.2876250E-01 5.4677739E-01 -3.2837361E-02 1.2545599E-02 1.1450214E-02 1.1349255E-02 1.8086681E-04 6.8894989E-04 6.4482099E-03 3.3949589E-05 6.2604026E-03 9.3382771E-02 3.7452235E-02 6.8733573E-05 1.6780881E+00 1.8868190E+01 -6.2559595E-02
2.6764000E+02 2.7427000E+02 8.6700000E+00 3.5000000E+02 9 5.4937358E+01 2.3991496E-01 5.6777571E-01 -3.2749828E-02 1.2960378E-02 1.1469685E-02 1.1371680E-02 1.7557473E-04 7.4860191E-04 6.6658695E-03 3.2956240E-05 6.4449361E-03 9.7388539E-02 3.8686341E-02 7.0650238E-05 1.6397353E+00 1.8906265E+01 -6.8456378E-02
2.6764000E+02 2.7427000E+02 8.6700000E+00 3.5500000E+02 9 5.4919188E+01 2.4919395E-01 5.8501281E-01 -3.2672051E-02 1.3375494E-02 1.1486570E-02 1.1391316E-02 1.7064493E-04 8.0460878E-04 6.8839258E-03 3.2030893E-05 6.6299118E-03 1.0045475E-01 3.9921437E-02 7.2506038E-05 1.6151109E+00 1.8930633E+01 -7.2635287E-02
2.6764000E+02 2.7427000E+02 8.6700000E+00 3.6000000E+02 9 5.4905657E+01 2.5648556E-01 5.9837447E-01 -3.2587666E-02 1.3741618E-02 1.1498925E-02 1.1406240E-02 1.6604386E-04 8.5175652E-04 7.0761235E-03 3.1167248E-05 6.7928132E-03 1.0270040E-01 4.1010749E-02 7.4085214E-05 1.5993832E+00 1.8946165E+01 -7.5500248E-02
2.6764000E+02 2.7427000E+02 8.6700000E+00 3.6500000E+02 9 5.4895840E+01 2.6203896E-01 6.0840657E-01 -3.2495530E-02 1.4044020E-02 1.1506787E-02 1.1416504E-02 1.6174128E-04 8.8917626E-04 7.2344905E-03 3.0359634E-05 6.9270298E-03 1.0430555E-01 4.1910465E-02 7.5345140E-05 1.5893055E+00 1.8956107E+01 -7.7432861E-02
2.6764000E+02 2.7427000E+02 8.6700000E+00 3.7000000E+02 9 5.4888795E+01 2.6621295E-01 6.1583345E-01 -3.2399529E-02 1.4285715E-02 1.1510958E-02 1.1422925E-02 1.5771004E-04 9.1802660E-04 7.3605390E-03 2.9602950E-05 7.0340004E-03 1.0544181E-01 4.2629578E-02 7.6319018E-05 1.5827822E+00 1.8962543E+01 -7.8732109E-02
2.6764000E+02 2.7427000E+02 8.6700000E+00 3.7500000E+02 9 5.4883733E+01 2.6935147E-01 6.2132862E-01 -3.2304050E-02 1.4476605E-02 1.1512384E-02 1.1426463E-02 1.5392566E-04 9.4007349E-04 7.4594887E-03 2.8892604E-05 7.1182558E-03 1.0624750E-01 4.3197563E-02 7.7063291E-05 1.5784923E+00 1.8966781E+01 -7.9611195E-02
2.6764000E+02 2.7427000E+02 8.6700000E+00 3.8000000E+02 9 5.4880059E+01 2.7173546E-01 6.2543265E-01 -3.2212412E-02 1.4627636E-02 1.1511898E-02 1.1427964E-02 1.5036613E-04 9.5693714E-04 7.5371463E-03 2.8224462E-05 7.1847690E-03 1.0682480E-01 4.3646984E-02 7.7633154E-05 1.5756118E+00 1.8969634E+01 -8.0214329E-02
2.6764000E+02 2.7427000E+02 8.6700000E+00 3.8500000E+02 9 5.4877347E+01 2.7357586E-01 6.2854676E-01 -3.2126630E-02 1.4748315E-02 1.1510149E-02 1.1428088E-02 1.4701162E-04 9.6995321E-04 7.5985886E-03 2.7594804E-05 7.2378238E-03 1.0724540E-01 4.4006127E-02 7.8073836E-05 1.5736301E+00 1.8971605E+01 -8.0636240E-02
2.6764000E+02 2.7427000E+02 8.6700000E+00 3.9000000E+02 9 5.4875305E+01 2.7502412E-01 6.3095594E-01 -3.2047655E-02 1.4846077E-02 1.1507612E-02 1.1427319E-02 1.4384429E-04 9.8011069E-04 7.6478111E-03 2.7000281E-05 7.2807389E-03 1.0755823E-01 4.4297106E-02 7.8419420E-05 1.5722283E+00 1.8973007E+01 -8.0938416E-02
2.6764000E+02 2.7427000E+02 8.6700000E+00 3.9500000E+02 9 5.4873733E+01 2.7618654E-01 6.3285827E-01 -3.1975718E-02 1.4926459E-02 1.1504618E-02 1.1425997E-02 1.4084807E-04 9.8812475E-04 7.6878086E-03 2.6437875E-05 7.3159608E-03 1.0779619E-01 4.4536385E-02 7.8694537E-05 1.5712059E+00 1.8974036E+01 -8.1160618E-02
2.6764000E+02 2.7427000E+02 8.6700000E+00 4.0000000E+02 9 5.4872497E+01 2.7713701E-01 6.3439032E-01 -3.1910611E-02 1.4993491E-02 1.1501390E-02 1.1424354E-02 1.3800849E-04 9.9452580E-04 7.7207772E-03 2.5904872E-05 7.3452504E-03 1.0798136E-01 4.4735951E-02 7.8916660E-05 1.5704363E+00 1.8974816E+01 -8.1328642E-02
2.6764000E+02 2.7427000E+02 8.6700000E+00 4.0500000E+02 9 5.4871505E+01 2.7792714E-01 6.3564651E-01 -3.1851891E-02 1.5050092E-02 1.1498071E-02 1.1422540E-02 1.3531250E-04 9.9969239E-04 7.7483098E-03 2.5398821E-05 7.3698750E-03 1.0812861E-01 4.4904477E-02 7.9098182E-05 1.5698371E+00 1.8975427E+01 -8.1459435E-02
2.6764000E+02 2.7427000E+02 8.6700000E+00 4.1000000E+02 9 5.4870694E+01 2.7859351E-01 6.3669295E-01 -3.1799015E-02 1.5098398E-02 1.1494747E-02 1.1420647E-02 1.3274834E-04 1.0039125E-03 7.7715714E-03 2.4917516E-05 7.3907607E-03 1.0824809E-01 4.5048316E-02 7.9247990E-05 1.5693551E+00 1.8975923E+01 -8.1564211E-02
2.6764000E+02 2.7427000E+02 8.6700000E+00 4.1200000E+02 9 5.4863443E+01 2.9279193E-01 6.6575733E-01 -3.1778762E-02 1.7294475E-02 1.2845496E-02 1.2771957E-02 1.3174305E-04 1.1927161E-03 8.8942656E-03 2.4728818E-05 8.4447020E-03 1.0829634E-01 5.1600502E-02 8.9770491E-05 1.5652285E+00 1.8976510E+01 -8.2063845E-02
2.6764000E+02 2.7427000E+02 8.6700000E+00 4.1700000E+02 9 5.4870347E+01 2.7821843E-01 6.3557215E-01 -3.1733179E-02 1.4975478E-02 1.1398080E-02 1.1325879E-02 1.2934697E-04 9.7925584E-04 7.7062872E-03 2.4279062E-05 7.3292245E-03 1.0838326E-01 4.4681358E-02 7.8938743E-05 1.5629782E+00 1.8982581E+01 -8.2531691E-02
2.6764000E+02 2.7427000E+02 8.6700000E+00 4.2200000E+02 9 5.4869791E+01 2.7873169E-01 6.3640763E-01 -3.1692103E-02 1.5020551E-02 1.1393214E-02 1.1322291E-02 1.2705885E-04 9.9515982E-04 7.7282306E-03 2.3849571E-05 7.3486100E-03 1.0846029E-01 4.4815548E-02 7.8654021E-05 1.5631078E+00 1.8982906E+01 -8.2553681E-02
2.6764000E+02 2.7427000E+02 8.6700000E+00 4.2700000E+02 9 5.4869204E+01 2.7940124E-01 6.3752098E-01 -3.1655044E-02 1.5090013E-02 1.1403438E-02 1.1333736E-02 1.2487038E-04 1.0046644E-03 7.7628691E-03 2.3438784E-05 7.3796184E-03 1.0852660E-01 4.5022482E-02 7.8898077E-05 1.5640291E+00 1.8981895E+01 -8.2438891E-02
2.6764000E+02 2.7427000E+02 8.6700000E+00 4.2900000E+02 9 5.4861990E+01 2.9368696E-01 6.6672973E-01 -3.1640833E-02 1.7304175E-02 1.2756147E-02 1.2686925E-02 1.2401042E-04 1.1967177E-03 8.8955165E-03 2.3277366E-05 8.4416826E-03 1.0855591E-01 5.1628496E-02 8.9530365E-05 1.5605092E+00 1.8981810E+01 -8.2848972E-02
2.6764000E+02 2.7427000E+02 8.6700000E+00 4.3000000E+02 9 5.4859786E+01 2.9801969E-01 6.7559619E-01 -3.1633876E-02 1.7971065E-02 1.3184562E-02 1.3115578E-02 1.2358424E-04 1.2394265E-03 9.2360392E-03 2.3197369E-05 8.7620749E-03 1.0856963E-01 5.3618418E-02 9.3188660E-05 1.5578322E+00 1.8982905E+01 -8.3192960E-02
2.6764000E+02 2.7427000E+02 8.6700000E+00 4.3500000E+02 9 5.4867377E+01 2.8231945E-01 6.4314766E-01 -3.1610369E-02 1.5491418E-02 1.1625867E-02 1.1559008E-02 1.1977691E-04 1.0156877E-03 7.9651874E-03 2.2482715E-05 7.5680914E-03 1.0862917E-01 4.6219849E-02 8.1339182E-05 1.5749759E+00 1.8968944E+01 -8.0795636E-02
2.6764000E+02 2.7427000E+02 8.6700000E+00 4.3600000E+02 9 5.4857657E+01 3.0173139E-01 6.8330998E-01 -3.1605756E-02 1.8531712E-02 1.3540496E-02 1.3474039E-02 1.1905592E-04 1.3094809E-03 9.5188627E-03 2.2347381E-05 9.0291932E-03 1.0864652E-01 5.5291733E-02 9.4154263E-05 1.5770655E+00 1.8963308E+01 -8.0383647E-02
2.6764000E+02 2.7427000E+02 8.6700000E+00 4.3700000E+02 9 5.4859706E+01 3.0192761E-01 6.8250986E-01 -3.1081097E-02 1.8600608E-02 1.3585878E-02 1.3519784E-02 1.1840715E-04 1.2846785E-03 9.5538565E-03 2.2225604E-05 9.0615542E-03 1.0821870E-01 5.5497169E-02 9.5614573E-05 1.5799838E+00 1.8958718E+01 -7.9707351E-02
2.6764000E+02 2.7427000E+02 8.6700000E+00 4.3800000E+02 9 5.4864982E+01 3.0142617E-01 6.7902691E-01 -2.9871996E-02 1.8641218E-02 1.3617932E-02 1.3552194E-02 1.1776945E-04 1.2685769E-03 9.5741495E-03 2.2105905E-05 9.0806430E-03 1.0721094E-01 5.5618344E-02 9.6407457E-05 1.5836724E+00 1.8954090E+01 -7.8681661E-02
2.6764000E+02 2.7427000E+02 8.6700000E+00 4.4300000E+02 9 5.4930979E+01 2.7573330E-01 6.0131574E-01 -1.7174701E-02 1.5989275E-02 1.1973028E-02 1.1907783E-02 1.1688504E-04 1.0319461E-03 8.2167438E-03 2.1939897E-05 7.8064574E-03 9.6511089E-02 4.7705715E-02 8.4046876E-05 1.6228505E+00 1.8918153E+01 -6.8776438E-02
2.6764000E+02 2.7427000E+02 8.6700000E+00 4.4400000E+02 9 5.4934336E+01 2.9187265E-01 6.2986348E-01 -1.4453926E-02 1.8833416E-02 1.3859157E-02 1.3794036E-02 1.1666303E-04 1.2854745E-03 9.6678085E-03 2.1898224E-05 9.1769845E-03 9.4223879E-02 5.6193666E-02 9.6161230E-05 1.6299228E+00 1.8907467E+01 -6.6780294E-02
2.6764000E+02 2.7427000E+02 8.6700000E+00 4.4500000E+02 9 5.4947128E+01 2.9001078E-01 6.2038526E-01 -1.1622871E-02 1.8834864E-02 1.3880623E-02 1.3815676E-02 1.1635295E-04 1.2490922E-03 9.6680727E-03 2.1840020E-05 9.1777625E-03 9.1839542E-02 5.6198074E-02 9.7336698E-05 1.6371778E+00 1.8898565E+01 -6.4813954E-02
2.6764000E+02 2.7427000E+02 8.6700000E+00 4.5000000E+02 9 5.5010645E+01 2.6626995E-01 5.4736709E-01 7.0675886E-04 1.6447801E-02 1.2394676E-02 1.2330447E-02 1.1506483E-04 1.0354494E-03 8.4464360E-03 2.1598235E-05 8.0298497E-03 8.1443723E-02 4.9075548E-02 8.6503662E-05 1.6910634E+00 1.8846661E+01 -5.4570896E-02
2.6764000E+02 2.7427000E+02 8.6700000E+00 4.5300000E+02 9 5.5037322E+01 2.7088119E-01 5.4414326E-01 7.6186029E-03 1.7941535E-02 1.3518048E-02 1.3454199E-02 1.1438381E-04 1.1154097E-03 9.2048984E-03 2.1470405E-05 8.7532827E-03 7.5621206E-02 5.3534996E-02 9.3368403E-05 1.7210738E+00 1.8813189E+01 -4.9173544E-02
2.6764000E+02 2.7427000E+02 8.6700000E+00 4.5400000E+02 9 5.5043590E+01 2.7723290E-01 5.5355482E-01 9.8691055E-03 1.9200382E-02 1.4499948E-02 1.4436223E-02 1.1416263E-04 1.1584882E-03 9.8433530E-03 2.1428887E-05 9.3644047E-03 7.3727145E-02 5.7293621E-02 9.9136384E-05 1.7303477E+00 1.8801408E+01 -4.7497950E-02
2.6764000E+02 2.7427000E+02 8.6700000E+00 4.5900000E+02 9 5.5101992E+01 2.5104052E-01 4.7841772E-01 2.0689933E-02 1.6270192E-02 1.2637651E-02 1.2574602E-02 1.1295150E-04 9.3803375E-04 8.3461116E-03 2.1201552E-05 7.9530952E-03 6.4604823E-02 4.8549748E-02 8.5729619E-05 1.7561800E+00 1.8780120E+01 -4.1900508E-02
2.6764000E+02 2.7427000E+02 8.6700000E+00 4.6400000E+02 9 5.5141765E+01 2.4304490E-01 4.4617773E-01 2.9234805E-02 1.5976711E-02 1.2648229E-02 1.2585824E-02 1.1179796E-04 8.8260911E-04 8.1917014E-03 2.0985027E-05 7.8158445E-03 5.7410483E-02 4.7676202E-02 8.3823886E-05 1.7789771E+00 1.8758038E+01 -3.7480350E-02
2.6764000E+02 2.7427000E+02 8.6700000E+00 4.6900000E+02 9 5.5172034E+01 2.3689493E-01 4.2163807E-01 3.5735292E-02 1.5746111E-02 1.2681909E-02 1.2620072E-02 1.1077955E-04 8.3084804E-04 8.0705920E-03 2.0793866E-05 7.7076532E-03 5.1942988E-02 4.6989875E-02 8.2715745E-05 1.7984817E+00 1.8738461E+01 -3.4135743E-02
2.6764000E+02 2.7427000E+02 8.6700000E+00 4.7400000E+02 9 5.5194909E+01 2.3206945E-01 4.0290256E-01 4.0631932E-02 1.5547034E-02 1.2720932E-02 1.2659617E-02 1.0984456E-04 7.8550581E-04 7.9663137E-03 2.0618363E-05 7.6138606E-03 4.7830087E-02 4.6397296E-02 8.1874519E-05 1.8137659E+00 1.8722930E+01 -3.1704674E-02
2.6764000E+02 2.7427000E+02 8.6700000E+00 4.7900000E+02 9 5.5212223E+01 2.2822928E-01 3.8849691E-01 4.4321001E-02 1.5369563E-02 1.2757153E-02 1.2696335E-02 1.0895496E-04 7.4741808E-04 7.8734903E-03 2.0451382E-05 7.5299618E-03 4.4736960E-02 4.5868892E-02 8.1149589E-05 1.8247924E+00 1.8711651E+01 -2.9976732E-02
2.6764000E+02 2.7427000E+02 8.6700000E+00 4.8100000E+02 9 5.5212929E+01 2.3774272E-01 4.0689872E-01 4.5627042E-02 1.7054520E-02 1.4114248E-02 1.4053625E-02 1.0860444E-04 7.9307141E-04 8.7285081E-03 2.0385587E-05 8.3473382E-03 4.3647232E-02 5.0899627E-02 8.9456691E-05 1.8240469E+00 1.8708787E+01 -2.9674856E-02
2.6764000E+02 2.7427000E+02 8.6700000E+00 4.8200000E+02 9 5.5214281E+01 2.4016148E-01 4.1131229E-01 4.6240496E-02 1.7523605E-02 1.4550054E-02 1.4489528E-02 1.0843030E-04 7.9383449E-04 8.9655477E-03 2.0352900E-05 8.5759600E-03 4.3135254E-02 5.2300527E-02 9.2213676E-05 1.8221967E+00 1.8708996E+01 -2.9640040E-02
2.6764000E+02 2.7427000E+02 8.6700000E+00 4.8700000E+02 9 5.5234325E+01 2.2059237E-01 3.6526401E-01 4.8714339E-02 1.4689266E-02 1.2533087E-02 1.2473157E-02 1.0736320E-04 6.7639086E-04 7.5226907E-03 2.0152601E-05 7.2041544E-03 4.1064116E-02 4.3839875E-02 7.8457485E-05 1.8056640E+00 1.8731762E+01 -2.9993869E-02
2.6764000E+02 2.7427000E+02 8.6700000E+00 4.9200000E+02 9 5.5243699E+01 2.1765539E-01 3.5577865E-01 5.0620897E-02 1.4444446E-02 1.2423213E-02 1.2363853E-02 1.0634186E-04 6.6192183E-04 7.3962711E-03 1.9960890E-05 7.0863303E-03 3.9476963E-02 4.3109451E-02 7.6691915E-05 1.7998927E+00 1.8738910E+01 -2.9858698E-02
2.6764000E+02 2.7427000E+02 8.6700000E+00 4.9700000E+02 9 5.5250811E+01 2.1576631E-01 3.4908061E-01 5.2111696E-02 1.4308884E-02 1.2355647E-02 1.2296827E-02 1.0537557E-04 6.5212687E-04 7.3261547E-03 1.9779514E-05 7.0205300E-03 3.8240344E-02 4.2704783E-02 7.6001281E-05 1.7986507E+00 1.8740491E+01 -2.9541478E-02
2.6764000E+02 2.7427000E+02 8.6700000E+00 5.0200000E+02 9 5.5256400E+01 2.1440648E-01 3.4399847E-01 5.3301763E-02 1.4220254E-02 1.2309793E-02 1.2251495E-02 1.0443949E-04 6.4393457E-04 7.2800561E-03 1.9603806E-05 6.9773005E-03 3.7256869E-02 4.2440140E-02 7.5658220E-05 1.7988350E+00 1.8740350E+01 -2.9215732E-02
2.6764000E+02 2.7427000E+02 8.6700000E+00 5.0500000E+02 9 5.5255668E+01 2.2104299E-01 3.5705255E-01 5.3927063E-02 1.5350950E-02 1.3149171E-02 1.3091183E-02 1.0388496E-04 6.8303646E-04 7.8551091E-03 1.9499718E-05 7.5236133E-03 3.6744411E-02 4.5815132E-02 8.1524219E-05 1.7904065E+00 1.8746332E+01 -2.9526386E-02
2.6764000E+02 2.7427000E+02 8.6700000E+00 5.0600000E+02 9 5.5253121E+01 2.2779808E-01 3.7134821E-01 5.4126299E-02 1.6459075E-02 1.4026471E-02 1.3968586E-02 1.0370078E-04 7.0901473E-04 8.4174033E-03 1.9465147E-05 8.0612025E-03 3.6583120E-02 4.9123545E-02 8.6922889E-05 1.7871856E+00 1.8747381E+01 -2.9718209E-02
2.6764000E+02 2.7427000E+02 8.6700000E+00 5.1100000E+02 9 5.5265674E+01 2.0974162E-01 3.3122748E-01 5.4992216E-02 1.3669740E-02 1.1983750E-02 1.1926394E-02 1.0275121E-04 6.0669750E-04 6.9970261E-03 1.9286908E-05 6.7115746E-03 3.5866400E-02 4.0796881E-02 7.3515498E-05 1.7696051E+00 1.8770868E+01 -3.0646797E-02
2.6764000E+02 2.7427000E+02 8.6700000E+00 5.1600000E+02 9 5.5269250E+01 2.0848759E-01 3.2702574E-01 5.5713733E-02 1.3537893E-02 1.1851113E-02 1.1794273E-02 1.0182922E-04 6.1037535E-04 6.9296930E-03 1.9113845E-05 6.6465496E-03 3.5276280E-02 4.0402920E-02 7.2332138E-05 1.7630338E+00 1.8778664E+01 -3.0900576E-02
2.6764000E+02 2.7427000E+02 8.6700000E+00 5.2100000E+02 9 5.5272022E+01 2.0789416E-01 3.2432296E-01 5.6321012E-02 1.3491569E-02 1.1766777E-02 1.1710422E-02 1.0095889E-04 6.1286914E-04 6.9066241E-03 1.8950481E-05 6.6221519E-03 3.4781904E-02 4.0264120E-02 7.2072155E-05 1.7613979E+00 1.8780579E+01 -3.0852752E-02
2.6764000E+02 2.7427000E+02 8.6700000E+00 5.2600000E+02 9 5.5274311E+01 2.0753356E-01 3.2229177E-01 5.6839680E-02 1.3472422E-02 1.1707364E-02 1.1651482E-02 1.0011209E-04 6.1353497E-04 6.8975665E-03 1.8791531E-05 6.6108016E-03 3.4361564E-02 4.0206548E-02 7.2040584E-05 1.7611554E+00 1.8780855E+01 -3.0727966E-02
2.6764000E+02 2.7427000E+02 8.6700000E+00 5.3100000E+02 9 5.5276270E+01 2.0724842E-01 3.2059438E-01 5.7288137E-02 1.3459337E-02 1.1661040E-02 1.1605628E-02 9.9270479E-05 6.1246825E-04 6.8916254E-03 1.8633557E-05 6.6024178E-03 3.3999826E-02 4.0167189E-02 7.2037443E-05 1.7611519E+00 1.8780840E+01 -3.0604528E-02
2.6764000E+02 2.7427000E+02 8.6700000E+00 5.3600000E+02 9 5.5277980E+01 2.0698918E-01 3.1909793E-01 5.7679831E-02 1.3446016E-02 1.1621680E-02 1.1566739E-02 9.8426213E-05 6.1039002E-04 6.8855605E-03 1.8475084E-05 6.5939624E-03 3.3685415E-02 4.0127211E-02 7.2014414E-05 1.7611183E+00 1.8780856E+01 -3.0503262E-02
2.6764000E+02 2.7427000E+02 8.6700000E+00 5.4100000E+02 9 5.5279490E+01 2.0674476E-01 3.1775141E-01 5.8024847E-02 1.3431548E-02 1.1586270E-02 1.1531803E-02 9.7577588E-05 6.0819587E-04 6.8788985E-03 1.8315793E-05 6.5849848E-03 3.3409865E-02 4.0083859E-02 7.1969338E-05 1.7608100E+00 1.8781159E+01 -3.0429317E-02
2.6764000E+02 2.7427000E+02 8.6700000E+00 5.4600000E+02 9 5.5280830E+01 2.0651746E-01 3.1653370E-01 5.8330942E-02 1.3416588E-02 1.1553434E-02 1.1499442E-02 9.6725698E-05 6.0593149E-04 6.8719641E-03 1.8155889E-05 6.5758015E-03 3.3166655E-02 4.0039069E-02 7.1910637E-05 1.7603500E+00 1.8781623E+01 -3.0376332E-02
2.6764000E+02 2.7427000E+02 8.6700000E+00 5.5100000E+02 9 5.5282025E+01 2.0630960E-01 3.1543227E-01 5.8604222E-02 1.3401916E-02 1.1522580E-02 1.1469065E-02 9.5872505E-05 6.0385889E-04 6.8651435E-03 1.7995741E-05 6.5667939E-03 3.2950650E-02 3.9995149E-02 7.1846270E-05 1.7598152E+00 1.8782167E+01 -3.0338477E-02
2.6764000E+02 2.7427000E+02 8.6700000E+00 5.5600000E+02 9 5.5283095E+01 2.0612215E-01 3.1443631E-01 5.8849577E-02 1.3388048E-02 1.1493444E-02 1.1440404E-02 9.5019973E-05 6.0206734E-04 6.8586927E-03 1.7835716E-05 6.5582193E-03 3.2757743E-02 3.9953637E-02 7.1781452E-05 1.7592223E+00 1.8782772E+01 -3.0311904E-02
2.6764000E+02 2.7427000E+02 8.6700000E+00 5.6100000E+02 9 5.5284056E+01 2.0595484E-01 3.1353528E-01 5.9070980E-02 1.3375247E-02 1.1465878E-02 1.1413313E-02 9.4169778E-05 6.0053034E-04 6.8527407E-03 1.7676131E-05 6.5502084E-03 3.2584601E-02 3.9915310E-02 7.1719025E-05 1.7586102E+00 1.8783396E+01 -3.0293310E-02
2.6764000E+02 2.7427000E+02 8.6700000E+00 5.6600000E+02 9 5.5284923E+01 2.0580641E-01 3.1271897E-01 5.9271693E-02 1.3363591E-02 1.1439766E-02 1.1387673E-02 9.3323276E-05 5.9921731E-04 6.8473265E-03 1.7517238E-05 6.5428034E-03 3.2428487E-02 3.9880406E-02 7.1660272E-05 1.7579975E+00 1.8784020E+01 -3.0280580E-02
2.6764000E+02 2.7427000E+02 8.6700000E+00 5.7100000E+02 9 5.5285707E+01 2.0567520E-01 3.1197783E-01 5.9454423E-02 1.3353061E-02 1.1414996E-02 1.1363374E-02 9.2481543E-05 5.9809114E-04 6.8424395E-03 1.7359241E-05 6.5359945E-03 3.2287138E-02 3.9848860E-02 7.1605589E-05 1.7573934E+00 1.8784635E+01 -3.0272321E-02
2.6764000E+02 2.7427000E+02 8.6700000E+00 5.7600000E+02 9 5.5286420E+01 2.0555938E-01 3.1130317E-01 5.9621430E-02 1.3343579E-02 1.1391459E-02 1.1340302E-02 9.1645444E-05 5.9712602E-04 6.8380457E-03 1.7202300E-05 6.5297431E-03 3.2158664E-02 3.9820449E-02 7.1554913E-05 1.7568024E+00 1.8785236E+01 -3.0267590E-02
2.6764000E+02 2.7427000E+02 8.6700000E+00 5.8100000E+02 9 5.5287069E+01 2.0545725E-01 3.1068734E-01 5.9774619E-02 1.3335055E-02 1.1369044E-02 1.1318351E-02 9.0815674E-05 5.9629561E-04 6.8341029E-03 1.7046549E-05 6.5239998E-03 3.2041476E-02 3.9794894E-02 7.1507973E-05 1.7562261E+00 1.8785821E+01 -3.0265729E-02
2.6764000E+02 2.7427000E+02 8.6700000E+00 5.8200000E+02 9 5.5279311E+01 2.2125708E-01 3.4400412E-01 5.9804718E-02 1.5844111E-02 1.3150240E-02 1.3099640E-02 9.0649978E-05 6.9503686E-04 8.1130368E-03 1.7015447E-05 7.7349723E-03 3.2023940E-02 4.7284232E-02 8.3041905E-05 1.7533059E+00 1.8784839E+01 -3.0436396E-02
2.6764000E+02 2.7427000E+02 8.6700000E+00 5.8700000E+02 9 5.5287948E+01 2.0509278E-01 3.0952578E-01 5.9958789E-02 1.3289870E-02 1.1329781E-02 1.1280201E-02 8.8820552E-05 5.8967919E-04 6.8106722E-03 1.6672054E-05 6.4997258E-03 3.1908374E-02 3.9659932E-02 7.1541511E-05 1.7531462E+00 1.8788715E+01 -3.0417258E-02
2.6764000E+02 2.7427000E+02 8.6700000E+00 5.9200000E+02 9 5.5288367E+01 2.0534538E-01 3.0962022E-01 6.0103886E-02 1.3332761E-02 1.1330541E-02 1.1281904E-02 8.7132789E-05 5.9541875E-04 6.8323179E-03 1.6355253E-05 6.5182141E-03 3.1804308E-02 3.9787855E-02 7.1298205E-05 1.7557385E+00 1.8786484E+01 -3.0216360E-02
2.6764000E+02 2.7427000E+02 8.6700000E+00 5.9700000E+02 9 5.5288736E+01 2.0563645E-01 3.0976315E-01 6.0241523E-02 1.3377689E-02 1.1329736E-02 1.1282039E-02 8.5448431E-05 5.9789339E-04 6.8552112E-03 1.6039091E-05 6.5374471E-03 3.1706620E-02 3.9921792E-02 7.1439395E-05 1.7582480E+00 1.8783888E+01 -3.0017617E-02
2.6764000E+02 2.7427000E+02 8.6700000E+00 6.0200000E+02 9 5.5289106E+01 2.0585880E-01 3.0979452E-01 6.0370519E-02 1.3411594E-02 1.1325075E-02 1.1278304E-02 8.3789636E-05 5.9851230E-04 6.8724798E-03 1.5727727E-05 6.5514170E-03 3.1615818E-02 4.0022856E-02 7.1600350E-05 1.7600347E+00 1.8781968E+01 -2.9867908E-02
2.6764000E+02 2.7427000E+02 8.6700000E+00 6.0700000E+02 9 5.5289478E+01 2.0600223E-01 3.0970746E-01 6.0490269E-02 1.3433727E-02 1.1317296E-02 1.1271416E-02 8.2192729E-05 5.9809664E-04 6.8837249E-03 1.5427979E-05 6.5598341E-03 3.1532036E-02 4.0088822E-02 7.1711581E-05 1.7610911E+00 1.8780807E+01 -2.9768099E-02
2.6764000E+02 2.7427000E+02 8.6700000E+00 6.1200000E+02 9 5.5289848E+01 2.0608230E-01 3.0953294E-01 6.0601082E-02 1.3446681E-02 1.1307196E-02 1.1262166E-02 8.0669635E-05 5.9760889E-04 6.8902805E-03 1.5142087E-05 6.5639456E-03 3.1454911E-02 4.0127409E-02 7.1772986E-05 1.7615988E+00 1.8780231E+01 -2.9707206E-02
2.6764000E+02 2.7427000E+02 8.6700000E+00 6.1700000E+02 9 5.5290207E+01 2.0612115E-01 3.0930547E-01 6.0703679E-02 1.3453443E-02 1.1295402E-02 1.1251182E-02 7.9219141E-05 5.9695727E-04 6.8936841E-03 1.4869822E-05 6.5651714E-03 3.1383860E-02 4.0147525E-02 7.1799139E-05 1.7617191E+00 1.8780070E+01 -2.9673760E-02
2.6764000E+02 2.7427000E+02 8.6700000E+00 6.2200000E+02 9 5.5290549E+01 2.0613581E-01 3.0905222E-01 6.0798872E-02 1.3456412E-02 1.1282435E-02 1.1238987E-02 7.7835936E-05 5.9630482E-04 6.8951663E-03 1.4610188E-05 6.5646489E-03 3.1318263E-02 4.0156318E-02 7.1803775E-05 1.7615957E+00 1.8780171E+01 -2.9658281E-02
2.6764000E+02 2.7427000E+02 8.6700000E+00 6.2700000E+02 9 5.5290873E+01 2.0613770E-01 3.0879116E-01 6.0887421E-02 1.3457218E-02 1.1268726E-02 1.1226016E-02 7.6514472E-05 5.9572950E-04 6.8955608E-03 1.4362143E-05 6.5631524E-03 3.1257545E-02 4.0158651E-02 7.1796483E-05 1.7613267E+00 1.8780430E+01 -2.9654167E-02
2.6764000E+02 2.7427000E+02 8.6700000E+00 6.3200000E+02 9 5.5291176E+01 2.0613360E-01 3.0853301E-01 6.0969996E-02 1.3456871E-02 1.1254610E-02 1.1212606E-02 7.5250034E-05 5.9529993E-04 6.8953825E-03 1.4124801E-05 6.5611626E-03 3.1201199E-02 4.0157537E-02 7.1783118E-05 1.7609762E+00 1.8780776E+01 -2.9657126E-02
2.6764000E+02 2.7427000E+02 8.6700000E+00 6.3700000E+02 9 5.5291460E+01 2.0612752E-01 3.0828352E-01 6.1047178E-02 1.3455960E-02 1.1240331E-02 1.1199003E-02 7.4038760E-05 5.9496989E-04 6.8949305E-03 1.3897439E-05 6.5589606E-03 3.1148784E-02 4.0154737E-02 7.1766982E-05 1.7605800E+00 1.8781173E+01 -2.9664518E-02
2.6764000E+02 2.7427000E+02 8.6700000E+00 6.4200000E+02 9 5.5291726E+01 2.0612155E-01 3.0804540E-01 6.1119468E-02 1.3454813E-02 1.1226056E-02 1.1185376E-02 7.2877388E-05 5.9471548E-04 6.8943706E-03 1.3679444E-05 6.5567006E-03 3.1099918E-02 4.0151229E-02 7.1749816E-05 1.7601605E+00 1.8781595E+01 -2.9674726E-02
2.6764000E+02 2.7427000E+02 8.6700000E+00 6.4700000E+02 9 5.5291974E+01 2.0611661E-01 3.0781966E-01 6.1187304E-02 1.3453605E-02 1.1211889E-02 1.1171832E-02 7.1763026E-05 5.9455194E-04 6.8937928E-03 1.3470273E-05 6.5544643E-03 3.1054269E-02 4.0147539E-02 7.1732481E-05 1.7597307E+00 1.8782029E+01 -2.9686780E-02
2.6764000E+02 2.7427000E+02 8.6700000E+00 6.5000000E+02 9 5.5288315E+01 2.1374298E-01 3.2369020E-01 6.1226490E-02 1.4658797E-02 1.2036649E-02 1.1996955E-02 7.1110741E-05 6.4151339E-04 7.5095003E-03 1.3347836E-05 7.1336820E-03 3.1030966E-02 4.3744422E-02 7.7854954E-05 1.7501278E+00 1.8789274E+01 -3.0237097E-02
