x y z_datum Time Well_no H2O H O Charge Al C Ca Cl Fe K Mg Na S Si U pH pe Alkalinity
2.6764000E+02 2.7427000E+02 8.6700000E+00 0.0000000E+00 9 9.9704301E-01 7.2098600E-06 6.6484776E-04 -3.2324431E-06 0.0000000E+00 1.0067647E-04 6.3262499E-05 4.3211171E-04 0.0000000E+00 2.8240956E-04 5.5605061E-05 2.2967748E-04 1.4127542E-04 0.0000000E+00 0.0000000E+00 7.0300000E+00 -2.2001569E+00 7.1999443E-03
2.6764000E+02 2.7427000E+02 8.6700000E+00 5.0000000E+00 9 5.5326190E+01 2.1033723E-02 6.5756142E-02 -2.9965144E-03 0.0000000E+00 7.1056664E-03 1.3381350E-03 1.0332435E-02 0.0000000E+00 6.1232381E-03 1.9394489E-03 8.4692090E-03 1.1347845E-02 0.0000000E+00 0.0000000E+00 4.5280107E+00 1.5852322E+01 1.4932782E-04
2.6764000E+02 2.7427000E+02 8.6700000E+00 1.0000000E+01 9 5.5306550E+01 3.6243436E-02 1.1012643E-01 -2.6995839E-03 1.0902505E-03 7.5894130E-03 3.1256705E-03 7.9967192E-03 4.2748792E-05 5.2783060E-03 1.5010235E-03 7.0995090E-03 2.0089972E-02 3.2594976E-03 5.3908049E-06 2.3743631E+00 1.8085870E+01 -7.9619567E-03
2.6764000E+02 2.7427000E+02 8.6700000E+00 1.5000000E+01 9 5.5284703E+01 5.9746249E-02 1.5726605E-01 -2.4503455E-03 2.6170131E-03 7.8630397E-03 4.4936758E-03 6.0361587E-03 1.0995320E-04 4.8800406E-03 1.1330167E-03 6.2459915E-03 2.7428572E-02 7.8203432E-03 1.3426144E-05 2.1527714E+00 1.8344733E+01 -1.4167713E-02
2.6764000E+02 2.7427000E+02 8.6700000E+00 2.0000000E+01 9 5.5266593E+01 8.0773293E-02 1.9647366E-01 -2.2627540E-03 4.0304516E-03 8.0442886E-03 5.4986181E-03 4.5605256E-03 1.7702542E-04 4.7165713E-03 8.5603309E-04 5.7293276E-03 3.2952549E-02 1.2041551E-02 2.1348450E-05 2.0633550E+00 1.8454350E+01 -1.8181420E-02
2.6764000E+02 2.7427000E+02 8.6700000E+00 2.5000000E+01 9 5.5253069E+01 9.6926083E-02 2.2608998E-01 -2.1281721E-03 5.1552614E-03 8.1947529E-03 6.2400165E-03 3.5018772E-03 2.3159268E-04 4.6569327E-03 6.5731957E-04 5.4107148E-03 3.6915977E-02 1.5400118E-02 2.7992742E-05 2.0195076E+00 1.8509836E+01 -2.0703951E-02
2.6764000E+02 2.7427000E+02 8.6700000E+00 3.0000000E+01 9 5.5243358E+01 1.0867498E-01 2.4768141E-01 -2.0333527E-03 6.0021427E-03 8.3355854E-03 6.7971908E-03 2.7560079E-03 2.7194462E-04 4.6431174E-03 5.1731623E-04 5.2119018E-03 3.9708687E-02 1.7928524E-02 3.3182940E-05 1.9967082E+00 1.8539634E+01 -2.2256026E-02
2.6764000E+02 2.7427000E+02 8.6700000E+00 3.5000000E+01 9 5.5236443E+01 1.1709612E-01 2.6328927E-01 -1.9665376E-03 6.6254922E-03 8.4714748E-03 7.2264576E-03 2.2304273E-03 3.0051769E-04 4.6470362E-03 4.1866218E-04 5.0845085E-03 4.1676777E-02 1.9789467E-02 3.7097350E-05 1.9845614E+00 1.8556135E+01 -2.3205508E-02
2.6764000E+02 2.7427000E+02 8.6700000E+00 4.0000000E+01 9 5.5231495E+01 1.2313499E-01 2.7463409E-01 -1.9188662E-03 7.0820664E-03 8.6017648E-03 7.5660678E-03 1.8554336E-03 3.2039953E-04 4.6558081E-03 3.4827401E-04 4.9993797E-03 4.3081117E-02 2.1152514E-02 4.0005671E-05 1.9779923E+00 1.8565500E+01 -2.3791345E-02
2.6764000E+02 2.7427000E+02 8.6700000E+00 4.5000000E+01 9 5.5227902E+01 1.2751136E-01 2.8300102E-01 -1.8841484E-03 7.4185598E-03 8.7248537E-03 7.8415985E-03 1.5823367E-03 3.3433370E-04 4.6641331E-03 2.9701238E-04 4.9394208E-03 4.4103957E-02 2.2157103E-02 4.2162246E-05 1.9744284E+00 1.8570917E+01 -2.4159958E-02
2.6764000E+02 2.7427000E+02 8.6700000E+00 5.0000000E+01 9 5.5225240E+01 1.3073720E-01 2.8929551E-01 -1.8582245E-03 7.6698534E-03 8.8395957E-03 8.0701698E-03 1.3784135E-03 3.4413322E-04 4.6702709E-03 2.5873499E-04 4.8947819E-03 4.4867794E-02 2.2907368E-02 4.3772271E-05 1.9724837E+00 1.8574127E+01 -2.4399023E-02
2.6764000E+02 2.7427000E+02 8.6700000E+00 5.5000000E+01 9 5.5223223E+01 1.3316388E-01 2.9413785E-01 -1.8383463E-03 7.8607997E-03 8.9455190E-03 8.2633758E-03 1.2220480E-03 3.5117819E-04 4.6740067E-03 2.2938442E-04 4.8598146E-03 4.5453553E-02 2.3477494E-02 4.4989341E-05 1.9714244E+00 1.8576077E+01 -2.4559941E-02
2.6764000E+02 2.7427000E+02 8.6700000E+00 6.0000000E+01 9 5.5221657E+01 1.3502960E-01 2.9794842E-01 -1.8227042E-03 8.0087017E-03 9.0426773E-03 8.4292168E-03 1.0990041E-03 3.5633452E-04 4.6756778E-03 2.0628848E-04 4.8312467E-03 4.5914533E-02 2.3919124E-02 4.5923991E-05 1.9708515E+00 1.8577292E+01 -2.4672876E-02
2.6764000E+02 2.7427000E+02 8.6700000E+00 6.5000000E+01 9 5.5220414E+01 1.3649503E-01 3.0101235E-01 -1.8100978E-03 8.1255056E-03 9.1314483E-03 8.5733411E-03 9.9983966E-04 3.6027967E-04 4.6757473E-03 1.8767482E-04 4.8071346E-03 4.6286086E-02 2.4267917E-02 4.6654269E-05 1.9705441E+00 1.8578075E+01 -2.4755747E-02
2.6764000E+02 2.7427000E+02 8.6700000E+00 6.6000000E+01 9 5.5214162E+01 1.4883999E-01 3.3021125E-01 -1.8076893E-03 1.0218390E-02 1.1126938E-02 1.0579406E-02 9.8089331E-04 4.4261615E-04 5.7143170E-03 1.8411850E-04 5.8212266E-03 4.6362719E-02 3.0519636E-02 5.6860226E-05 1.9674576E+00 1.8577868E+01 -2.4924257E-02
2.6764000E+02 2.7427000E+02 8.6700000E+00 6.7000000E+01 9 5.5214108E+01 1.4876174E-01 3.2999879E-01 -1.8053855E-03 1.0182623E-02 1.1098210E-02 1.0560794E-02 9.6277113E-04 4.3674106E-04 5.6859468E-03 1.8071688E-04 5.7883576E-03 4.6431303E-02 3.0412573E-02 5.7703670E-05 1.9611897E+00 1.8583104E+01 -2.5252247E-02
2.6764000E+02 2.7427000E+02 8.6700000E+00 7.2000000E+01 9 5.5215897E+01 1.3797451E-01 3.0447358E-01 -1.7598689E-03 8.0305858E-03 9.0881330E-03 8.5927490E-03 8.8747215E-04 3.4832497E-04 4.5610226E-03 1.6658289E-04 4.6689104E-03 4.7331332E-02 2.3984458E-02 4.6729362E-05 1.9336372E+00 1.8717661E+01 -2.6964234E-02
2.6764000E+02 2.7427000E+02 8.6700000E+00 7.7000000E+01 9 5.5210231E+01 1.4099118E-01 3.1101726E-01 -1.7086868E-03 8.1855946E-03 9.1606502E-03 8.7007953E-03 8.2382225E-04 3.7155047E-04 4.6027269E-03 1.5463549E-04 4.6909908E-03 4.8323737E-02 2.4446799E-02 5.2909099E-05 1.9187223E+00 1.8790581E+01 -2.8044564E-02
2.6764000E+02 2.7427000E+02 8.6700000E+00 8.2000000E+01 9 5.5205155E+01 1.4403679E-01 3.1749052E-01 -1.6648939E-03 8.3855734E-03 9.2548511E-03 8.8254684E-03 7.6923172E-04 3.9387471E-04 4.6728841E-03 1.4438858E-04 4.7419871E-03 4.9177046E-02 2.5043260E-02 6.1910294E-05 1.9110361E+00 1.8830248E+01 -2.8690024E-02
2.6764000E+02 2.7427000E+02 8.6700000E+00 8.7000000E+01 9 5.5201156E+01 1.4659004E-01 3.2288868E-01 -1.6309440E-03 8.5673198E-03 9.3455821E-03 8.9426590E-03 7.2182985E-04 4.1120375E-04 4.7378804E-03 1.3549101E-04 4.7902435E-03 4.9848666E-02 2.5585383E-02 7.0692560E-05 1.9070025E+00 1.8852992E+01 -2.9083727E-02
2.6764000E+02 2.7427000E+02 8.6700000E+00 9.1000000E+01 9 5.5197155E+01 1.5122218E-01 3.3325538E-01 -1.6095376E-03 9.1903983E-03 9.8496061E-03 9.4656977E-03 6.8776538E-04 4.4702204E-04 5.0325123E-03 1.2909694E-04 5.0661233E-03 5.0283799E-02 2.7445688E-02 8.2042675E-05 1.8970349E+00 1.8872421E+01 -2.9750575E-02
2.6764000E+02 2.7427000E+02 8.6700000E+00 9.2000000E+01 9 5.5191865E+01 1.6105171E-01 3.5604744E-01 -1.6045321E-03 1.0817287E-02 1.1323297E-02 1.0944014E-02 6.7947948E-04 5.2083692E-04 5.8455284E-03 1.2754164E-04 5.8574975E-03 5.0397310E-02 3.2304758E-02 9.8452888E-05 1.8922370E+00 1.8878405E+01 -3.0047327E-02
2.6764000E+02 2.7427000E+02 8.6700000E+00 9.7000000E+01 9 5.5191325E+01 1.5005468E-01 3.3146532E-01 -2.1733903E-03 8.6121473E-03 9.3432854E-03 8.9844867E-03 6.4278178E-04 4.1495669E-04 4.7152437E-03 1.2065330E-04 4.7454167E-03 5.1702348E-02 2.5718525E-02 8.2900541E-05 1.8731577E+00 1.8913678E+01 -3.1671117E-02
2.6764000E+02 2.7427000E+02 8.6700000E+00 1.0200000E+02 9 5.5183145E+01 1.5333702E-01 3.3969472E-01 -2.8636480E-03 8.7849273E-03 9.4125034E-03 9.0719871E-03 6.1002915E-04 4.4046212E-04 4.7847506E-03 1.1450547E-04 4.8008763E-03 5.3123188E-02 2.6233734E-02 8.8198329E-05 1.8615612E+00 1.8937803E+01 -3.2842839E-02
2.6764000E+02 2.7427000E+02 8.6700000E+00 1.0700000E+02 9 5.5176124E+01 1.5642757E-01 3.4723756E-01 -3.4551952E-03 8.9789459E-03 9.4942267E-03 9.1701344E-03 5.8060584E-04 4.6220872E-04 4.8670741E-03 1.0898257E-04 4.8692792E-03 5.4321070E-02 2.6812298E-02 9.4052359E-05 1.8551618E+00 1.8953075E+01 -3.3617140E-02
2.6764000E+02 2.7427000E+02 8.6700000E+00 1.1200000E+02 9 5.5170712E+01 1.5894642E-01 3.5329975E-01 -3.9030699E-03 9.1486282E-03 9.5699179E-03 9.2606647E-03 5.5402189E-04 4.7867992E-04 4.9384772E-03 1.0399263E-04 4.9285157E-03 5.5242371E-02 2.7318333E-02 9.9264743E-05 1.8515240E+00 1.8962770E+01 -3.4126736E-02
2.6764000E+02 2.7427000E+02 8.6700000E+00 1.1700000E+02 9 5.5166714E+01 1.6089099E-01 3.5793974E-01 -4.2244847E-03 9.2848696E-03 9.6351797E-03 9.3394016E-03 5.2988142E-04 4.9079973E-04 4.9940770E-03 9.9461349E-05 4.9738788E-03 5.5927322E-02 2.7724673E-02 1.0355215E-04 1.8493681E+00 1.8969040E+01 -3.4465975E-02
2.6764000E+02 2.7427000E+02 8.6700000E+00 1.2200000E+02 9 5.5163794E+01 1.6237036E-01 3.6144881E-01 -4.4502947E-03 9.3912160E-03 9.6905414E-03 9.4070554E-03 5.0786024E-04 4.9956993E-04 5.0355321E-03 9.5327866E-05 5.0067597E-03 5.6433981E-02 2.8041879E-02 1.0695747E-04 1.8480642E+00 1.8973166E+01 -3.4695805E-02
2.6764000E+02 2.7427000E+02 8.6700000E+00 1.2400000E+02 9 5.5157696E+01 1.7309876E-01 3.8576755E-01 -4.5273542E-03 1.1127806E-02 1.1132936E-02 1.0854188E-02 4.9937174E-04 5.9863790E-04 5.9068126E-03 9.3734532E-05 5.8479455E-03 5.6627832E-02 3.3227372E-02 1.2694444E-04 1.8395290E+00 1.8981801E+01 -3.5262660E-02
2.6764000E+02 2.7427000E+02 8.6700000E+00 1.2500000E+02 9 5.5155787E+01 1.7622813E-01 3.9298671E-01 -4.5628189E-03 1.1627318E-02 1.1586189E-02 1.1309767E-02 4.9520520E-04 6.1137847E-04 6.1557486E-03 9.2952451E-05 6.0892666E-03 5.6717144E-02 3.4719165E-02 1.3383158E-04 1.8337132E+00 1.8987684E+01 -3.5680513E-02
2.6764000E+02 2.7427000E+02 8.6700000E+00 1.3000000E+02 9 5.5161284E+01 1.6268459E-01 3.6266010E-01 -4.6844336E-03 9.3026711E-03 9.6410836E-03 9.3746846E-03 4.7724912E-04 4.8492488E-04 4.9729618E-03 8.9582006E-05 4.9380806E-03 5.6999708E-02 2.7777279E-02 1.1000992E-04 1.8336627E+00 1.8990467E+01 -3.5880230E-02
2.6764000E+02 2.7427000E+02 8.6700000E+00 1.3100000E+02 9 5.5153941E+01 1.7696339E-01 3.9496689E-01 -4.7068565E-03 1.1662716E-02 1.1609687E-02 1.1345236E-02 4.7375949E-04 6.3283341E-04 6.1613202E-03 8.8926986E-05 6.0884913E-03 5.7075996E-02 3.4824717E-02 1.3404742E-04 1.8305888E+00 1.8992967E+01 -3.6035393E-02
2.6764000E+02 2.7427000E+02 8.6700000E+00 1.3200000E+02 9 5.5153742E+01 1.7692816E-01 3.9483128E-01 -4.7276357E-03 1.1636137E-02 1.1586914E-02 1.1324379E-02 4.7032658E-04 6.1780513E-04 6.1463222E-03 8.8282612E-05 6.0721156E-03 5.7132386E-02 3.4745085E-02 1.3623250E-04 1.8271519E+00 1.8996366E+01 -3.6279548E-02
2.6764000E+02 2.7427000E+02 8.6700000E+00 1.3700000E+02 9 5.5152243E+01 1.6499651E-01 3.6952512E-01 -6.0716143E-03 9.3174937E-03 9.6534596E-03 9.3996921E-03 4.5462014E-04 4.8951539E-04 4.9675891E-03 8.5334436E-05 4.9260546E-03 5.8813865E-02 2.7821207E-02 1.1168985E-04 1.8152850E+00 1.8990918E+01 -3.7823549E-02
2.6764000E+02 2.7427000E+02 8.6700000E+00 1.4200000E+02 9 5.5141631E+01 1.6879173E-01 3.7957746E-01 -7.6763315E-03 9.5374085E-03 9.7696078E-03 9.5238916E-03 4.4019642E-04 5.1796243E-04 5.0715909E-03 8.2627034E-05 5.0197162E-03 6.0802248E-02 2.8477180E-02 1.1065309E-04 1.8083651E+00 1.8969904E+01 -3.9005150E-02
2.6764000E+02 2.7427000E+02 8.6700000E+00 1.4700000E+02 9 5.5132292E+01 1.7240763E-01 3.8887206E-01 -9.0649552E-03 9.7739769E-03 9.8943067E-03 9.6560418E-03 4.2684746E-04 5.3836228E-04 5.1848189E-03 8.0121367E-05 5.1221693E-03 6.2521429E-02 2.9182807E-02 1.0792767E-04 1.8048864E+00 1.8941879E+01 -3.9830144E-02
2.6764000E+02 2.7427000E+02 8.6700000E+00 1.5200000E+02 9 5.5125014E+01 1.7532695E-01 3.9629533E-01 -1.0132939E-02 9.9732980E-03 1.0003096E-02 9.7717748E-03 4.1440770E-04 5.5203296E-04 5.2794806E-03 7.7786364E-05 5.2075622E-03 6.3851794E-02 2.9777365E-02 1.0344160E-04 1.8029964E+00 1.8912323E+01 -4.0402961E-02
2.6764000E+02 2.7427000E+02 8.6700000E+00 1.5700000E+02 9 5.5119617E+01 1.7754177E-01 4.0189772E-01 -1.0913542E-02 1.0127637E-02 1.0091538E-02 9.8667215E-03 4.0275435E-04 5.6061816E-04 5.3515584E-03 7.5598973E-05 5.2720642E-03 6.4835631E-02 3.0237771E-02 9.8088275E-05 1.8018744E+00 1.8884280E+01 -4.0802072E-02
2.6764000E+02 2.7427000E+02 8.6700000E+00 1.6200000E+02 9 5.5115683E+01 1.7918888E-01 4.0605166E-01 -1.1472967E-02 1.0243837E-02 1.0161982E-02 9.9432837E-03 3.9179515E-04 5.6591539E-04 5.4045179E-03 7.3541876E-05 5.3188580E-03 6.5553084E-02 3.0584425E-02 9.2641737E-05 1.8011551E+00 1.8859437E+01 -4.1083068E-02
2.6764000E+02 2.7427000E+02 8.6700000E+00 1.6700000E+02 9 5.5112808E+01 1.8041701E-01 4.0914344E-01 -1.1873392E-02 1.0331281E-02 1.0218304E-02 1.0005375E-02 3.8145806E-04 5.6929247E-04 5.4431263E-03 7.1601555E-05 5.3523719E-03 6.6078792E-02 3.0845303E-02 8.7578841E-05 1.8006658E+00 1.8838517E+01 -4.1284405E-02
2.6764000E+02 2.7427000E+02 8.6700000E+00 1.6800000E+02 9 5.5105021E+01 1.9519595E-01 4.4219809E-01 -1.1947599E-02 1.2747781E-02 1.2169189E-02 1.1957400E-02 3.7941498E-04 7.2393897E-04 6.6626781E-03 7.1218059E-05 6.5294059E-03 6.6184612E-02 3.8060744E-02 1.0033373E-04 1.7970928E+00 1.8835722E+01 -4.1496218E-02
2.6764000E+02 2.7427000E+02 8.6700000E+00 1.6900000E+02 9 5.5104662E+01 1.9512973E-01 4.4199975E-01 -1.2016391E-02 1.2708148E-02 1.2137706E-02 1.1927045E-02 3.7739572E-04 7.0011616E-04 6.6419024E-03 7.0839033E-05 6.5078497E-03 6.6276842E-02 3.7942149E-02 1.0004606E-04 1.7928035E+00 1.8835137E+01 -4.1845428E-02
2.6764000E+02 2.7427000E+02 8.6700000E+00 1.7400000E+02 9 5.5119006E+01 1.7272508E-01 4.0329059E-01 -1.6769811E-02 1.0188505E-02 1.0135415E-02 9.9300871E-03 3.6784096E-04 5.4432544E-04 5.3628971E-03 6.9045557E-05 5.2715887E-03 6.5122012E-02 3.0418954E-02 8.0506265E-05 1.8691896E+00 1.8746068E+01 -3.6091014E-02
2.6764000E+02 2.7427000E+02 8.6700000E+00 1.7500000E+02 9 5.5114269E+01 1.8385910E-01 4.3175416E-01 -1.7871508E-02 1.2350028E-02 1.2069984E-02 1.1865711E-02 3.6595125E-04 6.5407391E-04 6.4489858E-03 6.8690850E-05 6.3301760E-03 6.4844408E-02 3.6875166E-02 9.1272953E-05 1.8847853E+00 1.8725416E+01 -3.4931791E-02
2.6764000E+02 2.7427000E+02 8.6700000E+00 1.7600000E+02 9 5.5116574E+01 1.8111912E-01 4.2878716E-01 -1.9075771E-02 1.2217609E-02 1.2030769E-02 1.1827539E-02 3.6408239E-04 6.2705143E-04 6.3796203E-03 6.8340056E-05 6.2656989E-03 6.4521761E-02 3.6480338E-02 9.0591077E-05 1.9019869E+00 1.8704646E+01 -3.3743844E-02
2.6764000E+02 2.7427000E+02 8.6700000E+00 1.8100000E+02 9 5.5060706E+01 1.7803880E-01 4.4166189E-01 -3.0137409E-02 9.6614744E-03 1.0044066E-02 9.8457851E-03 3.5521618E-04 4.8127056E-04 5.0810660E-03 6.6675824E-05 5.0140749E-03 7.6352949E-02 2.8848883E-02 7.2514920E-05 1.7859155E+00 1.8813576E+01 -4.6643191E-02
2.6764000E+02 2.7427000E+02 8.6700000E+00 1.8600000E+02 9 5.4978382E+01 1.9862441E-01 5.0478086E-01 -4.1222107E-02 9.8740291E-03 1.0102908E-02 9.9093311E-03 3.4679030E-04 5.2894194E-04 5.1865738E-03 6.5094245E-05 5.1070077E-03 9.1482193E-02 2.9482112E-02 7.0310243E-05 1.6732270E+00 1.8918443E+01 -6.3579868E-02
2.6764000E+02 2.7427000E+02 8.6700000E+00 1.9100000E+02 9 5.4904474E+01 2.2018363E-01 5.6480451E-01 -5.0274665E-02 1.0427814E-02 1.0182567E-02 9.9934662E-03 3.3877132E-04 6.0941578E-04 5.4715835E-03 6.3589043E-05 5.3582448E-03 1.0480993E-01 3.1131034E-02 7.0668918E-05 1.6015659E+00 1.8983369E+01 -7.7970543E-02
2.6764000E+02 2.7427000E+02 8.6700000E+00 1.9600000E+02 9 5.4846496E+01 2.3867285E-01 6.1382439E-01 -5.7064667E-02 1.1070851E-02 1.0256737E-02 1.0071902E-02 3.3112941E-04 6.9424422E-04 5.8040052E-03 6.2154619E-05 5.6506987E-03 1.1512249E-01 3.3045400E-02 7.1874631E-05 1.5586509E+00 1.9020705E+01 -8.8579238E-02
2.6764000E+02 2.7427000E+02 8.6700000E+00 2.0100000E+02 9 5.4803599E+01 2.5324002E-01 6.5125432E-01 -6.1973220E-02 1.1671248E-02 1.0318939E-02 1.0138174E-02 3.2383780E-04 7.6595331E-04 6.1142593E-03 6.0785948E-05 5.9236103E-03 1.2266875E-01 3.4832718E-02 7.3151557E-05 1.5329759E+00 1.9041819E+01 -9.5942829E-02
2.6764000E+02 2.7427000E+02 8.6700000E+00 2.0600000E+02 9 5.4772619E+01 2.6428772E-01 6.7901886E-01 -6.5479910E-02 1.2182430E-02 1.0369666E-02 1.0192789E-02 3.1687236E-04 8.2203220E-04 6.3776481E-03 5.9478500E-05 6.1556797E-03 1.2806798E-01 3.6354484E-02 7.4219543E-05 1.5175166E+00 1.9053560E+01 -1.0092058E-01
2.6764000E+02 2.7427000E+02 8.6700000E+00 2.1100000E+02 9 5.4750340E+01 2.7255927E-01 6.9947008E-01 -6.7994700E-02 1.2600400E-02 1.0411341E-02 1.0238182E-02 3.1021123E-04 8.6488130E-04 6.5920614E-03 5.8228174E-05 6.3450774E-03 1.3191925E-01 3.7598885E-02 7.5023581E-05 1.5081486E+00 1.9059890E+01 -1.0425945E-01
2.6764000E+02 2.7427000E+02 8.6700000E+00 2.1600000E+02 9 5.4734175E+01 2.7876979E-01 7.1464108E-01 -6.9824175E-02 1.2937394E-02 1.0446506E-02 1.0276907E-02 3.0383461E-04 8.9762051E-04 6.7640574E-03 5.7031250E-05 6.4973168E-03 1.3469369E-01 3.8602356E-02 7.5592918E-05 1.5024361E+00 1.9063103E+01 -1.0651019E-01
2.6764000E+02 2.7427000E+02 8.6700000E+00 2.2100000E+02 9 5.4722240E+01 2.8349133E-01 7.2607614E-01 -7.1183321E-02 1.3209201E-02 1.0477231E-02 1.0311042E-02 2.9772442E-04 9.2289726E-04 6.9020815E-03 5.5884337E-05 6.6195203E-03 1.3672980E-01 3.9411871E-02 7.5978419E-05 1.4989287E+00 1.9064537E+01 -1.0804961E-01
2.6764000E+02 2.7427000E+02 8.6700000E+00 2.2600000E+02 9 5.4713226E+01 2.8714744E-01 7.3487855E-01 -7.2218021E-02 1.3430253E-02 1.0504996E-02 1.0342078E-02 2.9186417E-04 9.4269565E-04 7.0137841E-03 5.4784340E-05 6.7182617E-03 1.3825985E-01 4.0070358E-02 7.6229069E-05 1.4967602E+00 1.9064973E+01 -1.0912523E-01
2.6764000E+02 2.7427000E+02 8.6700000E+00 2.3100000E+02 9 5.4706248E+01 2.9003820E-01 7.4181245E-01 -7.3025881E-02 1.3612258E-02 1.0530774E-02 1.0370996E-02 2.8623875E-04 9.5844353E-04 7.1052796E-03 5.3728422E-05 6.7989630E-03 1.3943964E-01 4.0612641E-02 7.6384990E-05 1.4954121E+00 1.9064867E+01 -1.0989619E-01
2.6764000E+02 2.7427000E+02 8.6700000E+00 2.3600000E+02 9 5.4700712E+01 2.9237281E-01 7.4740102E-01 -7.3672115E-02 1.3764221E-02 1.0555162E-02 1.0398401E-02 2.8083430E-04 9.7114966E-04 7.1812056E-03 5.2713979E-05 6.8658549E-03 1.4037291E-01 4.1065500E-02 7.6476531E-05 1.4945727E+00 1.9064481E+01 -1.1046406E-01
2.6764000E+02 2.7427000E+02 8.6700000E+00 2.4100000E+02 9 5.4696218E+01 2.9429636E-01 7.5200251E-01 -7.4200636E-02 1.3892891E-02 1.0578513E-02 1.0424652E-02 2.7563803E-04 9.8153088E-04 7.2450203E-03 5.1738613E-05 6.9221255E-03 1.4112904E-01 4.1449012E-02 7.6525398E-05 1.4940529E+00 1.9063965E+01 -1.1089385E-01
2.6764000E+02 2.7427000E+02 8.6700000E+00 2.4600000E+02 9 5.4692493E+01 2.9590986E-01 7.5586408E-01 -7.4641425E-02 1.4003265E-02 1.0601028E-02 1.0449959E-02 2.7063816E-04 9.9010560E-04 7.2992933E-03 5.0800113E-05 6.9701233E-03 1.4175491E-01 4.1778045E-02 7.6546428E-05 1.4937366E+00 1.9063404E+01 -1.1122769E-01
2.6764000E+02 2.7427000E+02 8.6700000E+00 2.5100000E+02 9 5.4689352E+01 2.9728448E-01 7.5915852E-01 -7.5015322E-02 1.4099030E-02 1.0622824E-02 1.0474442E-02 2.6582379E-04 9.9725670E-04 7.3459388E-03 4.9896433E-05 7.0115598E-03 1.4228274E-01 4.2063568E-02 7.6549406E-05 1.4935507E+00 1.9062844E+01 -1.1149342E-01
2.6764000E+02 2.7427000E+02 8.6700000E+00 2.5600000E+02 9 5.4686660E+01 2.9847105E-01 7.6200861E-01 -7.5337102E-02 1.4182917E-02 1.0643966E-02 1.0498174E-02 2.6118482E-04 1.0032734E-03 7.3863925E-03 4.9025675E-05 7.0476837E-03 1.4273508E-01 4.2313708E-02 7.6540655E-05 1.4934483E+00 1.9062312E+01 -1.1170982E-01
2.6764000E+02 2.7427000E+02 8.6700000E+00 2.6100000E+02 9 5.4684324E+01 2.9950658E-01 7.6450323E-01 -7.5617457E-02 1.4256976E-02 1.0664491E-02 1.0521195E-02 2.5671187E-04 1.0083767E-03 7.4217436E-03 4.8186081E-05 7.0794168E-03 1.4312806E-01 4.2534565E-02 7.6524247E-05 1.4933987E+00 1.9061820E+01 -1.1188987E-01
2.6764000E+02 2.7427000E+02 8.6700000E+00 2.6400000E+02 9 5.4678188E+01 3.0980497E-01 7.8562161E-01 -7.5772654E-02 1.5803838E-02 1.1566100E-02 1.1424270E-02 2.5408594E-04 1.1453392E-03 8.2118249E-03 4.7693180E-05 7.8193651E-03 1.4334810E-01 4.7148900E-02 8.3762491E-05 1.4892821E+00 1.9063749E+01 -1.1270019E-01
2.6764000E+02 2.7427000E+02 8.6700000E+00 2.6500000E+02 9 5.4672939E+01 3.1968444E-01 8.0591383E-01 -7.5823005E-02 1.7325677E-02 1.2490015E-02 1.2348670E-02 2.5321698E-04 1.2873352E-03 8.9891545E-03 4.7530072E-05 8.5500165E-03 1.4342120E-01 5.1689156E-02 9.0627893E-05 1.4869249E+00 1.9064263E+01 -1.1312237E-01
2.6764000E+02 2.7427000E+02 8.6700000E+00 2.7000000E+02 9 5.4680373E+01 3.0237391E-01 7.7096069E-01 -7.6008041E-02 1.4583353E-02 1.0859476E-02 1.0719843E-02 2.5014929E-04 1.0128328E-03 7.5842190E-03 4.6954251E-05 7.2313519E-03 1.4367421E-01 4.3508293E-02 7.8276670E-05 1.4990044E+00 1.9053966E+01 -1.1099952E-01
2.6764000E+02 2.7427000E+02 8.6700000E+00 2.7500000E+02 9 5.4677460E+01 3.0606903E-01 7.7884960E-01 -7.6174737E-02 1.5112735E-02 1.1179635E-02 1.1041734E-02 2.4704666E-04 1.0673294E-03 7.8526024E-03 4.6371873E-05 7.4835829E-03 1.4390731E-01 4.5087664E-02 8.0113917E-05 1.5116933E+00 1.9039660E+01 -1.0868581E-01
2.6764000E+02 2.7427000E+02 8.6700000E+00 2.8000000E+02 9 5.4674969E+01 3.0906570E-01 7.8533280E-01 -7.6330149E-02 1.5536793E-02 1.1455171E-02 1.1319053E-02 2.4385229E-04 1.1000739E-03 8.0665672E-03 4.5772275E-05 7.6857697E-03 1.4412511E-01 4.6353044E-02 8.1926907E-05 1.5219261E+00 1.9027686E+01 -1.0684563E-01
2.6764000E+02 2.7427000E+02 8.6700000E+00 2.8500000E+02 9 5.4672936E+01 3.1130445E-01 7.9033687E-01 -7.6473376E-02 1.5850711E-02 1.1681984E-02 1.1547613E-02 2.4072382E-04 1.1195855E-03 8.2237176E-03 4.5185044E-05 7.8357465E-03 1.4432586E-01 4.7290050E-02 8.3263553E-05 1.5295736E+00 1.9018626E+01 -1.0549589E-01
2.6764000E+02 2.7427000E+02 8.6700000E+00 2.8900000E+02 9 5.4669285E+01 3.1725611E-01 8.0288920E-01 -7.6580473E-02 1.6753788E-02 1.2270924E-02 1.2137912E-02 2.3828850E-04 1.1910264E-03 8.6825315E-03 4.4727923E-05 8.2692890E-03 1.4447731E-01 4.9984716E-02 8.7441988E-05 1.5317397E+00 1.9014624E+01 -1.0510043E-01
2.6764000E+02 2.7427000E+02 8.6700000E+00 2.9000000E+02 9 5.4661817E+01 3.3190199E-01 8.3327150E-01 -7.6606787E-02 1.9044332E-02 1.3718767E-02 1.3586092E-02 2.3768410E-04 1.4126101E-03 9.8514335E-03 4.4614475E-05 9.3715022E-03 1.4451787E-01 5.6819197E-02 9.7232120E-05 1.5311999E+00 1.9012573E+01 -1.0512704E-01
2.6764000E+02 2.7427000E+02 8.6700000E+00 2.9500000E+02 9 5.4721738E+01 3.0001124E-01 7.5629414E-01 -7.0466885E-02 1.6009498E-02 1.1899401E-02 1.1768354E-02 2.3476961E-04 1.0999411E-03 8.2970200E-03 4.4067410E-05 7.9121405E-03 1.3523184E-01 4.7765041E-02 8.4119893E-05 1.5812977E+00 1.8965054E+01 -9.2818806E-02
2.6764000E+02 2.7427000E+02 8.6700000E+00 3.0000000E+02 9 5.4789362E+01 2.8240196E-01 7.0568197E-01 -6.2254891E-02 1.5907127E-02 1.2014217E-02 1.1884742E-02 2.3195192E-04 1.0922419E-03 8.2366606E-03 4.3538516E-05 7.8683891E-03 1.2282418E-01 4.7462404E-02 8.3114469E-05 1.6543693E+00 1.8891576E+01 -7.7168380E-02
2.6764000E+02 2.7427000E+02 8.6700000E+00 3.0100000E+02 9 5.4795084E+01 2.9518863E-01 7.3058568E-01 -6.0566852E-02 1.8526036E-02 1.3933110E-02 1.3803948E-02 2.3139216E-04 1.3338141E-03 9.5652345E-03 4.3433446E-05 9.1387187E-03 1.2027887E-01 5.5280701E-02 9.4463483E-05 1.6689708E+00 1.8873739E+01 -7.4176277E-02
2.6764000E+02 2.7427000E+02 8.6700000E+00 3.0200000E+02 9 5.4809446E+01 2.9081823E-01 7.1867743E-01 -5.8866551E-02 1.8389521E-02 1.3928820E-02 1.3799968E-02 2.3083608E-04 1.2875969E-03 9.4928221E-03 4.3329068E-05 9.0754762E-03 1.1771074E-01 5.4874446E-02 9.4965648E-05 1.6834563E+00 1.8857911E+01 -7.1324520E-02
2.6764000E+02 2.7427000E+02 8.6700000E+00 3.0300000E+02 9 5.4824103E+01 2.8605414E-01 7.0606593E-01 -5.7151945E-02 1.8204139E-02 1.3904114E-02 1.3775869E-02 2.2974900E-04 1.2489162E-03 9.3947943E-03 4.3125017E-05 8.9886959E-03 1.1512245E-01 5.4322517E-02 9.4492333E-05 1.6970634E+00 1.8844065E+01 -6.8678131E-02
2.6764000E+02 2.7427000E+02 8.6700000E+00 3.0800000E+02 9 5.4893062E+01 2.5043829E-01 6.1979031E-01 -5.0007351E-02 1.4922213E-02 1.1931618E-02 1.1805988E-02 2.2506424E-04 9.5589611E-04 7.7119696E-03 4.2245665E-05 7.4102898E-03 1.0432464E-01 4.4531356E-02 7.8548902E-05 1.7617014E+00 1.8784778E+01 -5.7754406E-02
2.6764000E+02 2.7427000E+02 8.6700000E+00 3.1300000E+02 9 5.4940407E+01 2.3497145E-01 5.7953808E-01 -4.4481056E-02 1.4348987E-02 1.1916699E-02 1.1793931E-02 2.1993661E-04 8.8822086E-04 7.4048165E-03 4.1283184E-05 7.1440423E-03 9.5974777E-02 4.2825806E-02 7.5276259E-05 1.8175610E+00 1.8729734E+01 -4.9563885E-02
2.6764000E+02 2.7427000E+02 8.6700000E+00 3.1800000E+02 9 5.4976054E+01 2.2281789E-01 5.4852924E-01 -4.0358787E-02 1.3836667E-02 1.1919209E-02 1.1799555E-02 2.1435739E-04 8.1121901E-04 7.1296331E-03 4.0235936E-05 6.9052808E-03 8.9745769E-02 4.1301347E-02 7.2914537E-05 1.8615941E+00 1.8685691E+01 -4.3805972E-02
2.6764000E+02 2.7427000E+02 8.6700000E+00 3.2300000E+02 9 5.5002520E+01 2.1328748E-01 5.2482270E-01 -3.7336537E-02 1.3378840E-02 1.1924608E-02 1.1808182E-02 2.0857564E-04 7.4334326E-04 6.8836548E-03 3.9150673E-05 6.6907010E-03 8.5178602E-02 3.9938728E-02 7.0939300E-05 1.8940468E+00 1.8653072E+01 -3.9900246E-02
2.6764000E+02 2.7427000E+02 8.6700000E+00 3.2800000E+02 9 5.5022101E+01 2.0582493E-01 5.0673630E-01 -3.5131639E-02 1.2978377E-02 1.1928620E-02 1.1815411E-02 2.0281101E-04 6.8953389E-04 6.6687679E-03 3.8068624E-05 6.5015725E-03 8.1846367E-02 3.8746508E-02 6.9237831E-05 1.9168232E+00 1.8630130E+01 -3.7296709E-02
2.6764000E+02 2.7427000E+02 8.6700000E+00 3.2900000E+02 9 5.5019535E+01 2.1689785E-01 5.3203366E-01 -3.4721153E-02 1.4990013E-02 1.3812542E-02 1.3699976E-02 2.0166043E-04 7.7157804E-04 7.6795514E-03 3.7852654E-05 7.4880017E-03 8.1231319E-02 4.4755818E-02 7.8573179E-05 1.9199231E+00 1.8623956E+01 -3.6892247E-02
2.6764000E+02 2.7427000E+02 8.6700000E+00 3.3000000E+02 9 5.5023079E+01 2.1530816E-01 5.2826142E-01 -3.4339036E-02 1.4872470E-02 1.3782296E-02 1.3670370E-02 2.0051370E-04 7.5309577E-04 7.6181629E-03 3.7637407E-05 7.4312701E-03 8.0654467E-02 4.4405272E-02 7.8964604E-05 1.9208621E+00 1.8621861E+01 -3.6665516E-02
2.6764000E+02 2.7427000E+02 8.6700000E+00 3.3500000E+02 9 5.5015187E+01 2.0622239E-01 5.0555552E-01 -3.3457797E-02 1.2328983E-02 1.1811019E-02 1.1702181E-02 1.9498200E-04 6.1683007E-04 6.3263712E-03 3.6599080E-05 6.1899384E-03 8.3543427E-02 3.6811156E-02 6.6780987E-05 1.8328089E+00 1.8714306E+01 -4.4294480E-02
2.6764000E+02 2.7427000E+02 8.6700000E+00 3.4000000E+02 9 5.4988194E+01 2.1657530E-01 5.2557510E-01 -3.3093485E-02 1.2346316E-02 1.1801032E-02 1.1695141E-02 1.8970055E-04 6.4490736E-04 6.3342787E-03 3.5607727E-05 6.1912993E-03 8.8502156E-02 3.6861936E-02 6.6397717E-05 1.7481186E+00 1.8799601E+01 -5.3520797E-02
2.6764000E+02 2.7427000E+02 8.6700000E+00 3.4500000E+02 9 5.4960798E+01 2.2860362E-01 5.4855391E-01 -3.2930598E-02 1.2647734E-02 1.1815506E-02 1.1712416E-02 1.8468402E-04 6.9922274E-04 6.4919457E-03 3.4666100E-05 6.3241113E-03 9.3343346E-02 3.7758475E-02 6.7582943E-05 1.6881630E+00 1.8859457E+01 -6.1383640E-02
2.6764000E+02 2.7427000E+02 8.6700000E+00 3.5000000E+02 9 5.4937647E+01 2.3967577E-01 5.6939647E-01 -3.2831240E-02 1.3055975E-02 1.1834532E-02 1.1734096E-02 1.7992922E-04 7.5926799E-04 6.7059898E-03 3.3773599E-05 6.5065089E-03 9.7330416E-02 3.8973024E-02 6.9274731E-05 1.6490415E+00 1.8898337E+01 -6.7274088E-02
2.6764000E+02 2.7427000E+02 8.6700000E+00 3.5500000E+02 9 5.4919627E+01 2.4887494E-01 5.8647246E-01 -3.2743580E-02 1.3466114E-02 1.1850814E-02 1.1752892E-02 1.7542439E-04 8.1580118E-04 6.9209505E-03 3.2928021E-05 6.6902395E-03 1.0037159E-01 4.0193263E-02 7.0967735E-05 1.6240551E+00 1.8923095E+01 -7.1430291E-02
2.6764000E+02 2.7427000E+02 8.6700000E+00 3.6000000E+02 9 5.4906187E+01 2.5612653E-01 5.9974569E-01 -3.2652288E-02 1.3830305E-02 1.1862468E-02 1.1766930E-02 1.7115431E-04 8.6388743E-04 7.1114332E-03 3.2126505E-05 6.8534088E-03 1.0260104E-01 4.1276813E-02 7.2453390E-05 1.6081310E+00 1.8938843E+01 -7.4276662E-02
2.6764000E+02 2.7427000E+02 8.6700000E+00 3.6500000E+02 9 5.4896379E+01 2.6169162E-01 6.0978422E-01 -3.2556048E-02 1.4134349E-02 1.1869693E-02 1.1776416E-02 1.6710285E-04 9.0236484E-04 7.2698526E-03 3.1366027E-05 6.9895632E-03 1.0420285E-01 4.2181443E-02 7.3675458E-05 1.5979260E+00 1.8948925E+01 -7.6199890E-02
2.6764000E+02 2.7427000E+02 8.6700000E+00 3.7000000E+02 9 5.4889279E+01 2.6591823E-01 6.1728988E-01 -3.2457865E-02 1.4380542E-02 1.1873358E-02 1.1782230E-02 1.6325427E-04 9.3195403E-04 7.3974384E-03 3.0643629E-05 7.0997226E-03 1.0534515E-01 4.2913991E-02 7.4647393E-05 1.5913161E+00 1.8955456E+01 -7.7495805E-02
2.6764000E+02 2.7427000E+02 8.6700000E+00 3.7500000E+02 9 5.4884133E+01 2.6913068E-01 6.2290036E-01 -3.2361203E-02 1.4577510E-02 1.1874430E-02 1.1785346E-02 1.5959373E-04 9.5431739E-04 7.4988650E-03 2.9956528E-05 7.1877130E-03 1.0616120E-01 4.3500128E-02 7.5407969E-05 1.5869740E+00 1.8959752E+01 -7.8373313E-02
2.6764000E+02 2.7427000E+02 8.6700000E+00 3.8000000E+02 9 5.4880372E+01 2.7159214E-01 6.2712618E-01 -3.2268704E-02 1.4734997E-02 1.1873755E-02 1.1786616E-02 1.5610752E-04 9.7120678E-04 7.5794241E-03 2.9302148E-05 7.2578439E-03 1.0674933E-01 4.3968837E-02 7.5999841E-05 1.5840718E+00 1.8962629E+01 -7.8974085E-02
2.6764000E+02 2.7427000E+02 8.6700000E+00 3.8500000E+02 9 5.4877584E+01 2.7350272E-01 6.3035023E-01 -3.2181989E-02 1.4861678E-02 1.1871991E-02 1.1786708E-02 1.5278305E-04 9.8405477E-04 7.6438182E-03 2.8678130E-05 7.3139569E-03 1.0717916E-01 4.4345918E-02 7.6460866E-05 1.5820900E+00 1.8964600E+01 -7.9392218E-02
2.6764000E+02 2.7427000E+02 8.6700000E+00 3.9000000E+02 9 5.4875483E+01 2.7500894E-01 6.3284950E-01 -3.2101838E-02 1.4964558E-02 1.1869616E-02 1.1786105E-02 1.4960885E-04 9.9395154E-04 7.6958243E-03 2.8082316E-05 7.3591696E-03 1.0749890E-01 4.4652196E-02 7.6821752E-05 1.5807013E+00 1.8965986E+01 -7.9689486E-02
2.6764000E+02 2.7427000E+02 8.6700000E+00 3.9500000E+02 9 5.4873869E+01 2.7621599E-01 6.3482064E-01 -3.2028447E-02 1.5049026E-02 1.1866956E-02 1.1785139E-02 1.4657444E-04 1.0016858E-03 7.7383239E-03 2.7512743E-05 7.3959043E-03 1.0774154E-01 4.4903699E-02 7.7106340E-05 1.5796983E+00 1.8966992E+01 -7.9906282E-02
2.6764000E+02 2.7427000E+02 8.6700000E+00 4.0000000E+02 9 5.4872605E+01 2.7719908E-01 6.3640253E-01 -3.1961645E-02 1.5119155E-02 1.1864218E-02 1.1784021E-02 1.4367028E-04 1.0078180E-03 7.7734727E-03 2.6967618E-05 7.4260089E-03 1.0792956E-01 4.5112534E-02 7.7332767E-05 1.5789488E+00 1.8967748E+01 -8.0069032E-02
2.6764000E+02 2.7427000E+02 8.6700000E+00 4.0500000E+02 9 5.4871596E+01 2.7801208E-01 6.3769351E-01 -3.1901062E-02 1.5178009E-02 1.1861522E-02 1.1782879E-02 1.4088765E-04 1.0127565E-03 7.8028764E-03 2.6445305E-05 7.4508889E-03 1.0807840E-01 4.5287811E-02 7.7514707E-05 1.5783675E+00 1.8968338E+01 -8.0195094E-02
2.6764000E+02 2.7427000E+02 8.6700000E+00 4.1000000E+02 9 5.4870776E+01 2.7869401E-01 6.3876378E-01 -3.1846228E-02 1.5227904E-02 1.1858931E-02 1.1781778E-02 1.3821859E-04 1.0167957E-03 7.8277347E-03 2.5944310E-05 7.4716188E-03 1.0819867E-01 4.5436418E-02 7.7662437E-05 1.5778995E+00 1.8968816E+01 -8.0295940E-02
2.6764000E+02 2.7427000E+02 8.6700000E+00 4.1200000E+02 9 5.4863559E+01 2.9282526E-01 6.6775778E-01 -3.1825183E-02 1.7416171E-02 1.3215182E-02 1.3138615E-02 1.3716865E-04 1.2118979E-03 8.9464617E-03 2.5747231E-05 8.5217888E-03 1.0824675E-01 5.1965443E-02 8.7548789E-05 1.5742329E+00 1.8969730E+01 -8.0732983E-02
2.6764000E+02 2.7427000E+02 8.6700000E+00 4.1700000E+02 9 5.4870407E+01 2.7836548E-01 6.3772077E-01 -3.1777617E-02 1.5110817E-02 1.1765282E-02 1.1690122E-02 1.3464728E-04 9.9131750E-04 7.7665030E-03 2.5273957E-05 7.4115852E-03 1.0833437E-01 4.5086883E-02 7.7372847E-05 1.5715699E+00 1.8975399E+01 -8.1239859E-02
2.6764000E+02 2.7427000E+02 8.6700000E+00 4.2200000E+02 9 5.4869865E+01 2.7885456E-01 6.3850735E-01 -3.1734611E-02 1.5151845E-02 1.1759390E-02 1.1685583E-02 1.3222296E-04 1.0061815E-03 7.7869403E-03 2.4818899E-05 7.4282874E-03 1.0841171E-01 4.5209034E-02 7.7135048E-05 1.5715601E+00 1.8975792E+01 -8.1281215E-02
2.6764000E+02 2.7427000E+02 8.6700000E+00 4.2700000E+02 9 5.4869277E+01 2.7952717E-01 6.3963098E-01 -3.1695707E-02 1.5221847E-02 1.1770654E-02 1.1698150E-02 1.2988976E-04 1.0163568E-03 7.8224468E-03 2.4380947E-05 7.4587628E-03 1.0847843E-01 4.5417587E-02 7.7354849E-05 1.5725129E+00 1.8974772E+01 -8.1164485E-02
2.6764000E+02 2.7427000E+02 8.6700000E+00 4.2900000E+02 9 5.4862097E+01 2.9374315E-01 6.6876930E-01 -3.1680774E-02 1.7428180E-02 1.3129100E-02 1.3057109E-02 1.2897070E-04 1.2152174E-03 8.9510355E-03 2.4208434E-05 8.5171045E-03 1.0850754E-01 5.2000375E-02 8.7336055E-05 1.5694675E+00 1.8975011E+01 -8.1511370E-02
2.6764000E+02 2.7427000E+02 8.6700000E+00 4.3000000E+02 9 5.4859893E+01 2.9807521E-01 6.7766316E-01 -3.1673461E-02 1.8096549E-02 1.3561506E-02 1.3489770E-02 1.2851467E-04 1.2607411E-03 9.2923786E-03 2.4122836E-05 8.8381157E-03 1.0852120E-01 5.3994740E-02 9.0734592E-05 1.5670789E+00 1.8976167E+01 -8.1811792E-02
2.6764000E+02 2.7427000E+02 8.6700000E+00 4.3500000E+02 9 5.4867470E+01 2.8246597E-01 6.4536582E-01 -3.1648635E-02 1.5631570E-02 1.2012017E-02 1.1941957E-02 1.2551268E-04 1.0289184E-03 8.0302937E-03 2.3559347E-05 7.6509869E-03 1.0857227E-01 4.6639809E-02 7.9609676E-05 1.5841384E+00 1.8961343E+01 -7.9443408E-02
2.6764000E+02 2.7427000E+02 8.6700000E+00 4.3600000E+02 9 5.4857863E+01 3.0166236E-01 6.8522607E-01 -3.1643988E-02 1.8645575E-02 1.3932104E-02 1.3862368E-02 1.2492953E-04 1.3255368E-03 9.5700697E-03 2.3449888E-05 9.1002399E-03 1.0858761E-01 5.5633518E-02 9.1789998E-05 1.5865191E+00 1.8956197E+01 -7.9006026E-02
2.6764000E+02 2.7427000E+02 8.6700000E+00 4.3700000E+02 9 5.4859398E+01 3.0196251E-01 6.8488736E-01 -3.1230211E-02 1.8720979E-02 1.3984301E-02 1.3914871E-02 1.2438259E-04 1.3036288E-03 9.6085482E-03 2.3347224E-05 9.1357091E-03 1.0825226E-01 5.5858361E-02 9.3009993E-05 1.5895888E+00 1.8951787E+01 -7.8363005E-02
2.6764000E+02 2.7427000E+02 8.6700000E+00 4.3800000E+02 9 5.4863720E+01 3.0164989E-01 6.8220950E-01 -3.0226523E-02 1.8769995E-02 1.4023414E-02 1.3954280E-02 1.2385224E-04 1.2888225E-03 9.6333183E-03 2.3247675E-05 9.1587996E-03 1.0741714E-01 5.6004596E-02 9.3699249E-05 1.5932748E+00 1.8947320E+01 -7.7430199E-02
2.6764000E+02 2.7427000E+02 8.6700000E+00 4.4300000E+02 9 5.4928023E+01 2.7634628E-01 6.0583467E-01 -1.7881423E-02 1.6131243E-02 1.2366652E-02 1.2298085E-02 1.2283495E-04 1.0436232E-03 8.2831708E-03 2.3056724E-05 7.8901722E-03 9.7020414E-02 4.8131166E-02 8.2162605E-05 1.6317637E+00 1.8911015E+01 -6.7867157E-02
2.6764000E+02 2.7427000E+02 8.6700000E+00 4.4400000E+02 9 5.4931330E+01 2.9230803E-01 6.3417239E-01 -1.5192579E-02 1.8947911E-02 1.4252075E-02 1.4183632E-02 1.2261344E-04 1.2978708E-03 9.7196716E-03 2.3015147E-05 9.2481263E-03 9.4760582E-02 5.6537370E-02 9.3694004E-05 1.6390024E+00 1.8900940E+01 -6.5897270E-02
2.6764000E+02 2.7427000E+02 8.6700000E+00 4.4500000E+02 9 5.4944125E+01 2.9046388E-01 6.2473616E-01 -1.2358315E-02 1.8953381E-02 1.4275437E-02 1.4207153E-02 1.2233015E-04 1.2644857E-03 9.7220363E-03 2.2961971E-05 9.2508218E-03 9.2373744E-02 5.6553760E-02 9.4670587E-05 1.6466953E+00 1.8891899E+01 -6.3907983E-02
2.6764000E+02 2.7427000E+02 8.6700000E+00 4.5000000E+02 9 5.5008259E+01 2.6676697E-01 5.5141904E-01 1.2622303E-04 1.6584871E-02 1.2788539E-02 1.2721131E-02 1.2076025E-04 1.0462566E-03 8.5096679E-03 2.2667292E-05 8.1115692E-03 8.1850851E-02 4.9486440E-02 8.4527628E-05 1.7017001E+00 1.8837983E+01 -5.3625290E-02
2.6764000E+02 2.7427000E+02 8.6700000E+00 4.5300000E+02 9 5.5035252E+01 2.7123458E-01 5.4785922E-01 7.0984819E-03 1.8065481E-02 1.3916123E-02 1.3849259E-02 1.1978482E-04 1.1282327E-03 9.2605245E-03 2.2484200E-05 8.8292308E-03 7.5979814E-02 5.3906840E-02 9.1019028E-05 1.7329392E+00 1.8803856E+01 -4.8185339E-02
2.6764000E+02 2.7427000E+02 8.6700000E+00 4.5400000E+02 9 5.5041639E+01 2.7747683E-01 5.5706723E-01 9.3649280E-03 1.9310745E-02 1.4900396E-02 1.4833716E-02 1.1945538E-04 1.1698973E-03 9.8915542E-03 2.2422363E-05 9.4341983E-03 7.4073089E-02 5.7625028E-02 9.6465178E-05 1.7429178E+00 1.8791884E+01 -4.6483672E-02
2.6764000E+02 2.7427000E+02 8.6700000E+00 4.5900000E+02 9 5.5099848E+01 2.5144636E-01 4.8222970E-01 2.0164461E-02 1.6399557E-02 1.3032901E-02 1.2967253E-02 1.1760647E-04 9.4727632E-04 8.4030767E-03 2.2075313E-05 8.0319513E-03 6.4976041E-02 4.8937611E-02 8.3846722E-05 1.7688976E+00 1.8769398E+01 -4.0985111E-02
2.6764000E+02 2.7427000E+02 8.6700000E+00 4.6400000E+02 9 5.5139453E+01 2.4337787E-01 4.4996413E-01 2.8665479E-02 1.6090729E-02 1.3038020E-02 1.2973297E-02 1.1595066E-04 8.9096702E-04 8.2395033E-03 2.1764510E-05 7.8878959E-03 5.7824647E-02 4.8018199E-02 8.2096814E-05 1.7915771E+00 1.8747275E+01 -3.6676556E-02
2.6764000E+02 2.7427000E+02 8.6700000E+00 4.6900000E+02 9 5.5169608E+01 2.3717709E-01 4.2542930E-01 3.5136745E-02 1.5850690E-02 1.3072358E-02 1.3008453E-02 1.1448559E-04 8.3920108E-04 8.1126114E-03 2.1489508E-05 7.7754448E-03 5.2386773E-02 4.7303611E-02 8.1019777E-05 1.8114405E+00 1.8727335E+01 -3.3394023E-02
2.6764000E+02 2.7427000E+02 8.6700000E+00 4.7400000E+02 9 5.5192519E+01 2.3227059E-01 4.0658940E-01 4.0035803E-02 1.5641877E-02 1.3113692E-02 1.3050531E-02 1.1315201E-04 7.9469255E-04 8.0028672E-03 2.1239189E-05 7.6768512E-03 4.8276141E-02 4.6681887E-02 8.0167301E-05 1.8269683E+00 1.8711585E+01 -3.1002218E-02
2.6764000E+02 2.7427000E+02 8.6700000E+00 4.7900000E+02 9 5.5209983E+01 2.2832318E-01 3.9198539E-01 4.3751097E-02 1.5453645E-02 1.3152360E-02 1.3089890E-02 1.1191307E-04 7.5789229E-04 7.9045808E-03 2.1006634E-05 7.5872039E-03 4.5164666E-02 4.6121285E-02 7.9415326E-05 1.8381671E+00 1.8700154E+01 -2.9299030E-02
2.6764000E+02 2.7427000E+02 8.6700000E+00 4.8100000E+02 9 5.5210805E+01 2.3770660E-01 4.1016087E-01 4.5070603E-02 1.7120484E-02 1.4514943E-02 1.4452743E-02 1.1143066E-04 8.0613136E-04 8.7501775E-03 2.0916083E-05 8.3958655E-03 4.4064648E-02 5.1098003E-02 8.7164661E-05 1.8386604E+00 1.8696850E+01 -2.8951840E-02
2.6764000E+02 2.7427000E+02 8.6700000E+00 4.8200000E+02 9 5.5212207E+01 2.4008360E-01 4.1451844E-01 4.5691416E-02 1.7585725E-02 1.4954610E-02 1.4892543E-02 1.1119252E-04 8.0991550E-04 8.9852808E-03 2.0871383E-05 8.6225138E-03 4.3547004E-02 5.2487420E-02 8.9692382E-05 1.8373917E+00 1.8696838E+01 -2.8886541E-02
2.6764000E+02 2.7427000E+02 8.6700000E+00 4.8700000E+02 9 5.5232403E+01 2.2054793E-01 3.6845295E-01 4.8207796E-02 1.4763524E-02 1.2935271E-02 1.2873930E-02 1.0989200E-04 6.8973694E-04 7.5500964E-03 2.0627268E-05 7.2546529E-03 4.1443402E-02 4.4062799E-02 7.6757400E-05 1.8189157E+00 1.8720275E+01 -2.9307079E-02
2.6764000E+02 2.7427000E+02 8.6700000E+00 4.9200000E+02 9 5.5242006E+01 2.1747213E-01 3.5866191E-01 5.0154541E-02 1.4503947E-02 1.2823600E-02 1.2762932E-02 1.0868572E-04 6.7587216E-04 7.4175600E-03 2.0400844E-05 7.1280239E-03 3.9824965E-02 4.3288297E-02 7.5071144E-05 1.8125600E+00 1.8727804E+01 -2.9203375E-02
2.6764000E+02 2.7427000E+02 8.6700000E+00 4.9700000E+02 9 5.5249277E+01 2.1551740E-01 3.5181378E-01 5.1677643E-02 1.4363825E-02 1.2758082E-02 1.2698054E-02 1.0753865E-04 6.6863723E-04 7.3467932E-03 2.0185533E-05 7.0580653E-03 3.8563511E-02 4.2869963E-02 7.4345917E-05 1.8114192E+00 1.8729252E+01 -2.8881554E-02
2.6764000E+02 2.7427000E+02 8.6700000E+00 5.0200000E+02 9 5.5254983E+01 2.1412163E-01 3.4663533E-01 5.2893379E-02 1.4273282E-02 1.2714221E-02 1.2654816E-02 1.0642175E-04 6.6165395E-04 7.3014686E-03 1.9975885E-05 7.0118839E-03 3.7560759E-02 4.2599561E-02 7.3949922E-05 1.8117082E+00 1.8729008E+01 -2.8548326E-02
2.6764000E+02 2.7427000E+02 8.6700000E+00 5.0500000E+02 9 5.5254331E+01 2.2069880E-01 3.5958201E-01 5.3531918E-02 1.5396345E-02 1.3558711E-02 1.3499676E-02 1.0575981E-04 7.0364488E-04 7.8735252E-03 1.9851636E-05 7.5534821E-03 3.7038283E-02 4.5951802E-02 7.9380152E-05 1.8043890E+00 1.8734428E+01 -2.8806001E-02
2.6764000E+02 2.7427000E+02 8.6700000E+00 5.0600000E+02 9 5.5251839E+01 2.2737576E-01 3.7374003E-01 5.3735336E-02 1.6492403E-02 1.4439025E-02 1.4380113E-02 1.0554001E-04 7.2978646E-04 8.4298076E-03 1.9810379E-05 8.0850878E-03 3.6873715E-02 4.9224257E-02 8.4424080E-05 1.8016025E+00 1.8735534E+01 -2.8971681E-02
2.6764000E+02 2.7427000E+02 8.6700000E+00 5.1100000E+02 9 5.5264394E+01 2.0945786E-01 3.3379300E-01 5.4620334E-02 1.3725426E-02 1.2389654E-02 1.2331379E-02 1.0439979E-04 6.2418335E-04 7.0231920E-03 1.9596354E-05 6.7435214E-03 3.6144129E-02 4.0964135E-02 7.1832597E-05 1.7821786E+00 1.8759696E+01 -2.9951463E-02
2.6764000E+02 2.7427000E+02 8.6700000E+00 5.1600000E+02 9 5.5268046E+01 2.0816265E-01 3.2946699E-01 5.5357383E-02 1.3587700E-02 1.2251368E-02 1.2193706E-02 1.0330113E-04 6.2760986E-04 6.9545178E-03 1.9390131E-05 6.6737435E-03 3.5543487E-02 4.0552607E-02 7.0720330E-05 1.7751353E+00 1.8767807E+01 -3.0227734E-02
2.6764000E+02 2.7427000E+02 8.6700000E+00 5.2100000E+02 9 5.5270858E+01 2.0757319E-01 3.2674075E-01 5.5976547E-02 1.3542333E-02 1.2164966E-02 1.2107896E-02 1.0224126E-04 6.3141384E-04 6.9333527E-03 1.9191187E-05 6.6481004E-03 3.5041534E-02 4.0416616E-02 7.0430224E-05 1.7734928E+00 1.8769725E+01 -3.0177408E-02
2.6764000E+02 2.7427000E+02 8.6700000E+00 5.2600000E+02 9 5.5273177E+01 2.0722105E-01 3.2469461E-01 5.6505451E-02 1.3524367E-02 1.2103864E-02 1.2047370E-02 1.0120870E-04 6.3250172E-04 6.9260299E-03 1.8997370E-05 6.6359036E-03 3.4614892E-02 4.0362526E-02 7.0358347E-05 1.7733349E+00 1.8769937E+01 -3.0048644E-02
2.6764000E+02 2.7427000E+02 8.6700000E+00 5.3100000E+02 9 5.5275167E+01 2.0693831E-01 3.2297062E-01 5.6963404E-02 1.3511378E-02 1.2055585E-02 1.1999655E-02 1.0019775E-04 6.3123808E-04 6.9210164E-03 1.8807611E-05 6.6264286E-03 3.4247305E-02 4.0323413E-02 7.0324822E-05 1.7733334E+00 1.8769937E+01 -2.9925782E-02
2.6764000E+02 2.7427000E+02 8.6700000E+00 5.3600000E+02 9 5.5276911E+01 2.0667456E-01 3.2143932E-01 5.7364361E-02 1.3497449E-02 1.2014305E-02 1.1958929E-02 9.9204584E-05 6.2933989E-04 6.9153059E-03 1.8621188E-05 6.6167861E-03 3.3927052E-02 4.0281582E-02 7.0282737E-05 1.7731734E+00 1.8770087E+01 -2.9828886E-02
2.6764000E+02 2.7427000E+02 8.6700000E+00 5.4100000E+02 9 5.5278457E+01 2.0642291E-01 3.2005441E-01 5.7718710E-02 1.3482100E-02 1.1977271E-02 1.1922441E-02 9.8226662E-05 6.2720639E-04 6.9086855E-03 1.8437627E-05 6.6066925E-03 3.3645422E-02 4.0235566E-02 7.0226402E-05 1.7728276E+00 1.8770429E+01 -2.9757473E-02
2.6764000E+02 2.7427000E+02 8.6700000E+00 5.4600000E+02 9 5.5279836E+01 2.0618600E-01 3.1879671E-01 5.8034361E-02 1.3466181E-02 1.1943162E-02 1.1888871E-02 9.7262513E-05 6.2522682E-04 6.9016167E-03 1.8256652E-05 6.5965150E-03 3.3395787E-02 4.0187876E-02 7.0160645E-05 1.7723320E+00 1.8770926E+01 -2.9706315E-02
2.6764000E+02 2.7427000E+02 8.6700000E+00 5.5100000E+02 9 5.5281072E+01 2.0596731E-01 3.1765438E-01 5.8317454E-02 1.3450538E-02 1.1911321E-02 1.1857561E-02 9.6311350E-05 6.2349965E-04 6.8945574E-03 1.8078114E-05 6.5866292E-03 3.3173005E-02 4.0141028E-02 7.0091094E-05 1.7717472E+00 1.8771517E+01 -2.9669789E-02
2.6764000E+02 2.7427000E+02 8.6700000E+00 5.5600000E+02 9 5.5282184E+01 2.0576891E-01 3.1661707E-01 5.8572846E-02 1.3435729E-02 1.1881383E-02 1.1828146E-02 9.5372757E-05 6.2194436E-04 6.8878140E-03 1.7901936E-05 6.5772785E-03 3.2973019E-02 4.0096681E-02 7.0021802E-05 1.7711189E+00 1.8772154E+01 -2.9643611E-02
2.6764000E+02 2.7427000E+02 8.6700000E+00 5.6100000E+02 9 5.5283189E+01 2.0559093E-01 3.1567468E-01 5.8804432E-02 1.3422042E-02 1.1853109E-02 1.1800389E-02 9.4446495E-05 6.2055164E-04 6.8815529E-03 1.7728072E-05 6.5685789E-03 3.2792574E-02 4.0055687E-02 6.9955140E-05 1.7704755E+00 1.8772806E+01 -2.9624822E-02
2.6764000E+02 2.7427000E+02 8.6700000E+00 5.6600000E+02 9 5.5284099E+01 2.0543230E-01 3.1481736E-01 5.9015382E-02 1.3409567E-02 1.1826316E-02 1.1774107E-02 9.3532400E-05 6.1932247E-04 6.8758388E-03 1.7556492E-05 6.5605556E-03 3.2629025E-02 4.0018319E-02 6.9892226E-05 1.7698350E+00 1.8773456E+01 -2.9611468E-02
2.6764000E+02 2.7427000E+02 8.6700000E+00 5.7100000E+02 9 5.5284927E+01 2.0529151E-01 3.1403587E-01 5.9208311E-02 1.3398289E-02 1.1800852E-02 1.1749146E-02 9.2630341E-05 6.1824144E-04 6.8706781E-03 1.7387171E-05 6.5531852E-03 3.2480196E-02 3.9984524E-02 6.9833429E-05 1.7692058E+00 1.8774093E+01 -2.9602284E-02
2.6764000E+02 2.7427000E+02 8.6700000E+00 5.7600000E+02 9 5.5285682E+01 2.0516686E-01 3.1332184E-01 5.9385398E-02 1.3388135E-02 1.1776578E-02 1.1725369E-02 9.1740192E-05 6.1728874E-04 6.8660464E-03 1.7220085E-05 6.5464208E-03 3.2344277E-02 3.9954092E-02 6.9778717E-05 1.7685913E+00 1.8774716E+01 -2.9596419E-02
2.6764000E+02 2.7427000E+02 8.6700000E+00 5.8100000E+02 9 5.5286373E+01 2.0505670E-01 3.1266783E-01 5.9548478E-02 1.3379014E-02 1.1753376E-02 1.1702657E-02 9.0861836E-05 6.1644789E-04 6.8619069E-03 1.7055213E-05 6.5402071E-03 3.2219743E-02 3.9926743E-02 6.9727858E-05 1.7679930E+00 1.8775321E+01 -2.9593284E-02
2.6764000E+02 2.7427000E+02 8.6700000E+00 5.8200000E+02 9 5.5278697E+01 2.2070585E-01 3.4570710E-01 5.9580547E-02 1.5862536E-02 1.3537207E-02 1.3486587E-02 9.0686635E-05 7.1484292E-04 8.1273157E-03 1.7022327E-05 7.7394438E-03 3.2200316E-02 4.7340051E-02 8.0585280E-05 1.7659409E+00 1.8774340E+01 -2.9733542E-02
2.6764000E+02 2.7427000E+02 8.6700000E+00 5.8700000E+02 9 5.5287238E+01 2.0471435E-01 3.1159729E-01 5.9730159E-02 1.3339540E-02 1.1725380E-02 1.1675578E-02 8.9219866E-05 6.1104470E-04 6.8417109E-03 1.6747008E-05 6.5188571E-03 3.2085878E-02 3.9808813E-02 6.9719231E-05 1.7655355E+00 1.8777625E+01 -2.9702874E-02
2.6764000E+02 2.7427000E+02 8.6700000E+00 5.9200000E+02 9 5.5287682E+01 2.0493030E-01 3.1165506E-01 5.9874497E-02 1.3379143E-02 1.1731716E-02 1.1682609E-02 8.7974634E-05 6.1568719E-04 6.8619504E-03 1.6513272E-05 6.5361319E-03 3.1979318E-02 3.9926960E-02 6.9503143E-05 1.7681794E+00 1.8775264E+01 -2.9500545E-02
2.6764000E+02 2.7427000E+02 8.6700000E+00 5.9700000E+02 9 5.5288078E+01 2.0519956E-01 3.1178510E-01 6.0013727E-02 1.3423708E-02 1.1735785E-02 1.1687347E-02 8.6776471E-05 6.1883435E-04 6.8850071E-03 1.6288370E-05 6.5555369E-03 3.1877031E-02 4.0059831E-02 6.9614883E-05 1.7709327E+00 1.8772426E+01 -2.9289431E-02
2.6764000E+02 2.7427000E+02 8.6700000E+00 6.0200000E+02 9 5.5288476E+01 2.0540933E-01 3.1180384E-01 6.0146255E-02 1.3457888E-02 1.1734484E-02 1.1686733E-02 8.5546650E-05 6.1967304E-04 6.9027320E-03 1.6057527E-05 6.5699411E-03 3.1780526E-02 4.0161741E-02 6.9744139E-05 1.7730311E+00 1.8770206E+01 -2.9125493E-02
2.6764000E+02 2.7427000E+02 8.6700000E+00 6.0700000E+02 9 5.5288880E+01 2.0554230E-01 3.1169473E-01 6.0271180E-02 1.3480023E-02 1.1728204E-02 1.1681158E-02 8.4282071E-05 6.1942229E-04 6.9142307E-03 1.5820159E-05 6.5785877E-03 3.1690431E-02 4.0227737E-02 6.9830014E-05 1.7742046E+00 1.8768940E+01 -2.9017400E-02
2.6764000E+02 2.7427000E+02 8.6700000E+00 6.1200000E+02 9 5.5289282E+01 2.0561602E-01 3.1149307E-01 6.0388261E-02 1.3492863E-02 1.1718188E-02 1.1671858E-02 8.2998867E-05 6.1855835E-04 6.9209254E-03 1.5579296E-05 6.5827959E-03 3.1606778E-02 4.0266005E-02 6.9873252E-05 1.7747307E+00 1.8768354E+01 -2.8951857E-02
2.6764000E+02 2.7427000E+02 8.6700000E+00 6.1700000E+02 9 5.5289672E+01 2.0565061E-01 3.1123750E-01 6.0497687E-02 1.3499547E-02 1.1705642E-02 1.1660029E-02 8.1713820E-05 6.1770105E-04 6.9244420E-03 1.5338086E-05 6.5840714E-03 3.1529276E-02 4.0285901E-02 6.9886736E-05 1.7749202E+00 1.8768131E+01 -2.8913910E-02
2.6764000E+02 2.7427000E+02 8.6700000E+00 6.2200000E+02 9 5.5290046E+01 2.0566236E-01 3.1095706E-01 6.0599884E-02 1.3502501E-02 1.1691511E-02 1.1646610E-02 8.0439671E-05 6.1703785E-04 6.9260366E-03 1.5098922E-05 6.5835812E-03 3.1457481E-02 4.0294661E-02 6.9882279E-05 1.7748303E+00 1.8768204E+01 -2.8895210E-02
2.6764000E+02 2.7427000E+02 8.6700000E+00 6.2700000E+02 9 5.5290398E+01 2.0566268E-01 3.1067060E-01 6.0695384E-02 1.3503358E-02 1.1676475E-02 1.1632275E-02 7.9185025E-05 6.1647463E-04 6.9265528E-03 1.4863419E-05 6.5821117E-03 3.1390899E-02 4.0297153E-02 6.9868150E-05 1.7745712E+00 1.8768456E+01 -2.8888635E-02
2.6764000E+02 2.7427000E+02 8.6700000E+00 6.3200000E+02 9 5.5290729E+01 2.0565812E-01 3.1038897E-01 6.0784745E-02 1.3503114E-02 1.1660996E-02 1.1617481E-02 7.7955339E-05 6.1601439E-04 6.9265058E-03 1.4632601E-05 6.5801445E-03 3.1329042E-02 4.0296352E-02 6.9849423E-05 1.7742181E+00 1.8768808E+01 -2.8889565E-02
2.6764000E+02 2.7427000E+02 8.6700000E+00 6.3700000E+02 9 5.5291039E+01 2.0565225E-01 3.1011781E-01 6.0868504E-02 1.3502343E-02 1.1645374E-02 1.1602530E-02 7.6753905E-05 6.1565437E-04 6.9261922E-03 1.4407085E-05 6.5779573E-03 3.1271452E-02 4.0293971E-02 6.9828959E-05 1.7738135E+00 1.8769216E+01 -2.8895208E-02
2.6764000E+02 2.7427000E+02 8.6700000E+00 6.4200000E+02 9 5.5291329E+01 2.0564694E-01 3.0985960E-01 6.0947161E-02 1.3501359E-02 1.1629799E-02 1.1587609E-02 7.5582567E-05 6.1537648E-04 6.9257749E-03 1.4187220E-05 6.5757033E-03 3.1217716E-02 4.0290951E-02 6.9808250E-05 1.7733816E+00 1.8769652E+01 -2.8903890E-02
2.6764000E+02 2.7427000E+02 8.6700000E+00 6.4700000E+02 9 5.5291600E+01 2.0564306E-01 3.0961508E-01 6.1021168E-02 1.3500330E-02 1.1614386E-02 1.1572832E-02 7.4442208E-05 6.1516035E-04 6.9253409E-03 1.3973169E-05 6.5734628E-03 3.1167463E-02 4.0287792E-02 6.9788001E-05 1.7729356E+00 1.8770104E+01 -2.8914614E-02
2.6764000E+02 2.7427000E+02 8.6700000E+00 6.5000000E+02 9 5.5287982E+01 2.1321416E-01 3.2540190E-01 6.1063989E-02 1.4697851E-02 1.2442789E-02 1.2401612E-02 7.3769238E-05 6.6512891E-04 7.5369602E-03 1.3846849E-05 7.1491622E-03 3.1141217E-02 4.3861851E-02 7.5488285E-05 1.7641256E+00 1.8777086E+01 -2.9418946E-02
