x y z_datum Time Well_no H2O H O Charge Al C Ca Cl Fe K Mg Na S Si U pH pe Alkalinity
2.6764000E+02 2.7427000E+02 8.6700000E+00 0.0000000E+00 9 9.9704301E-01 7.2098600E-06 6.6484776E-04 -3.2324431E-06 0.0000000E+00 1.0067647E-04 6.3262499E-05 4.3211171E-04 0.0000000E+00 2.8240956E-04 5.5605061E-05 2.2967748E-04 1.4127542E-04 0.0000000E+00 0.0000000E+00 7.0300000E+00 -2.2001569E+00 7.1999443E-03
2.6764000E+02 2.7427000E+02 8.6700000E+00 5.0000000E+00 9 5.5324935E+01 2.2089046E-02 6.7596306E-02 -2.9785768E-03 0.0000000E+00 7.0086305E-03 1.3198613E-03 1.0191334E-02 0.0000000E+00 6.0396184E-03 1.9129635E-03 8.3535524E-03 1.1875650E-02 0.0000000E+00 0.0000000E+00 3.5298812E+00 1.6859531E+01 -4.8286181E-04
2.6764000E+02 2.7427000E+02 8.6700000E+00 1.0000000E+01 9 5.5305400E+01 3.7611168E-02 1.1138283E-01 -2.6880921E-03 1.0859818E-03 7.4498381E-03 3.0365551E-03 7.9063220E-03 4.0364216E-05 5.2232614E-03 1.4840555E-03 7.0225978E-03 2.0428372E-02 3.2470905E-03 5.8475666E-06 2.3367512E+00 1.8125336E+01 -8.6954573E-03
2.6764000E+02 2.7427000E+02 8.6700000E+00 1.5000000E+01 9 5.5285070E+01 5.9315378E-02 1.5531080E-01 -2.4540945E-03 2.4727123E-03 7.7828986E-03 4.3970728E-03 6.0656497E-03 1.0046677E-04 4.8268714E-03 1.1385523E-03 6.1972193E-03 2.7318963E-02 7.3893120E-03 1.3800526E-05 2.1390859E+00 1.8356127E+01 -1.4581339E-02
2.6764000E+02 2.7427000E+02 8.6700000E+00 2.0000000E+01 9 5.5268605E+01 7.8096022E-02 1.9141807E-01 -2.2793713E-03 3.7572364E-03 8.0354240E-03 5.4167888E-03 4.6912408E-03 1.5932637E-04 4.6576763E-03 8.8056898E-04 5.7012258E-03 3.2464550E-02 1.1225488E-02 2.1452341E-05 2.0580706E+00 1.8455393E+01 -1.8298177E-02
2.6764000E+02 2.7427000E+02 8.6700000E+00 2.5000000E+01 9 5.5256020E+01 9.2987429E-02 2.1936672E-01 -2.1524136E-03 4.8169149E-03 8.2434502E-03 6.1822722E-03 3.6925657E-03 2.0780722E-04 4.5995803E-03 6.9311274E-04 5.4012514E-03 3.6203751E-02 1.4389808E-02 2.7917499E-05 2.0193813E+00 1.8504951E+01 -2.0574913E-02
2.6764000E+02 2.7427000E+02 8.6700000E+00 3.0000000E+01 9 5.5246701E+01 1.0422058E-01 2.4032500E-01 -2.0609434E-03 5.6391386E-03 8.4259957E-03 6.7664532E-03 2.9730423E-03 2.4491043E-04 4.5880461E-03 5.5805466E-04 5.2130362E-03 3.8897983E-02 1.6844849E-02 3.3024313E-05 1.9991081E+00 1.8531999E+01 -2.1979752E-02
2.6764000E+02 2.7427000E+02 8.6700000E+00 3.5000000E+01 9 5.5239886E+01 1.1250447E-01 2.5586456E-01 -1.9948783E-03 6.2599694E-03 8.5916913E-03 7.2222337E-03 2.4533602E-03 2.7193373E-04 4.5935843E-03 4.6050777E-04 5.0899611E-03 4.0844078E-02 1.8698462E-02 3.6919226E-05 1.9882894E+00 1.8547184E+01 -2.2851868E-02
2.6764000E+02 2.7427000E+02 8.6700000E+00 4.0000000E+01 9 5.5234892E+01 1.1858934E-01 2.6741423E-01 -1.9466414E-03 6.7247305E-03 8.7440765E-03 7.5864215E-03 2.0739194E-03 2.9150271E-04 4.6034803E-03 3.8928487E-04 5.0056218E-03 4.2265120E-02 2.0086072E-02 3.9842132E-05 1.9823807E+00 1.8555990E+01 -2.3401216E-02
2.6764000E+02 2.7427000E+02 8.6700000E+00 4.5000000E+01 9 5.5231191E+01 1.2308994E-01 2.7609553E-01 -1.9108044E-03 7.0737269E-03 8.8845604E-03 7.8842617E-03 1.7920181E-03 3.0557586E-04 4.6126343E-03 3.3637062E-04 4.9448498E-03 4.3320959E-02 2.1128061E-02 4.2028651E-05 1.9791535E+00 1.8561194E+01 -2.3753872E-02
2.6764000E+02 2.7427000E+02 8.6700000E+00 5.0000000E+01 9 5.5228402E+01 1.2646620E-01 2.8273363E-01 -1.8835936E-03 7.3386943E-03 9.0138530E-03 8.1330340E-03 1.5779725E-03 3.1579468E-04 4.6194349E-03 2.9619319E-04 4.8988487E-03 4.4122722E-02 2.1919192E-02 4.3674734E-05 1.9775796E+00 1.8564153E+01 -2.3983695E-02
2.6764000E+02 2.7427000E+02 8.6700000E+00 5.5000000E+01 9 5.5226256E+01 1.2904597E-01 2.8791331E-01 -1.8624338E-03 7.5430763E-03 9.1325489E-03 8.3446401E-03 1.4115253E-03 3.2333466E-04 4.6237217E-03 2.6495024E-04 4.8624443E-03 4.4746250E-02 2.2529460E-02 4.4930010E-05 1.9767202E+00 1.8566009E+01 -2.4140448E-02
2.6764000E+02 2.7427000E+02 8.6700000E+00 6.0000000E+01 9 5.5224568E+01 1.3105745E-01 2.9204093E-01 -1.8455827E-03 7.7035928E-03 9.2412993E-03 8.5273820E-03 1.2789708E-03 3.2895917E-04 4.6258418E-03 2.4006910E-04 4.8325294E-03 4.5242859E-02 2.3008774E-02 4.5903393E-05 1.9763103E+00 1.8567151E+01 -2.4250621E-02
2.6764000E+02 2.7427000E+02 8.6700000E+00 6.5000000E+01 9 5.5223213E+01 1.3265769E-01 2.9539712E-01 -1.8318611E-03 7.8319814E-03 9.3408218E-03 8.6871545E-03 1.1710339E-03 3.3324677E-04 4.6262593E-03 2.1980882E-04 4.8071901E-03 4.5647277E-02 2.3392173E-02 4.6672079E-05 1.9761488E+00 1.8567862E+01 -2.4331113E-02
2.6764000E+02 2.7427000E+02 8.6700000E+00 6.6000000E+01 9 5.5217095E+01 1.4471727E-01 3.2421819E-01 -1.8292334E-03 9.8945930E-03 1.1331651E-02 1.0689522E-02 1.1503634E-03 4.1567846E-04 5.6483331E-03 2.1592888E-04 5.8052763E-03 4.5730688E-02 2.9553486E-02 5.7145306E-05 1.9708412E+00 1.8569085E+01 -2.4604958E-02
2.6764000E+02 2.7427000E+02 8.6700000E+00 6.7000000E+01 9 5.5217108E+01 1.4448748E-01 3.2371966E-01 -1.8267144E-03 9.8343113E-03 1.1293525E-02 1.0662457E-02 1.1305481E-03 4.0579611E-04 5.6064143E-03 2.1220944E-04 5.7592270E-03 4.5805711E-02 2.9373233E-02 5.8017916E-05 1.9619297E+00 1.8576777E+01 -2.5061478E-02
2.6764000E+02 2.7427000E+02 8.6700000E+00 7.2000000E+01 9 5.5218345E+01 1.3426965E-01 2.9920557E-01 -1.7776660E-03 7.7330474E-03 9.3043592E-03 8.7196242E-03 1.0475428E-03 3.2088188E-04 4.5024159E-03 1.9662893E-04 4.6583951E-03 4.6778504E-02 2.3096742E-02 4.6674467E-05 1.9362919E+00 1.8717928E+01 -2.6687991E-02
2.6764000E+02 2.7427000E+02 8.6700000E+00 7.7000000E+01 9 5.5212598E+01 1.3751956E-01 3.0622423E-01 -1.7263900E-03 7.9211867E-03 9.3980180E-03 8.8527132E-03 9.7690427E-04 3.4593257E-04 4.5565767E-03 1.8336974E-04 4.6910462E-03 4.7784042E-02 2.3658008E-02 5.3421936E-05 1.9235497E+00 1.8786379E+01 -2.7638742E-02
2.6764000E+02 2.7427000E+02 8.6700000E+00 8.2000000E+01 9 5.5207684E+01 1.4057588E-01 3.1272707E-01 -1.6840383E-03 8.1295280E-03 9.5034262E-03 8.9921229E-03 9.1599114E-04 3.6738401E-04 4.6268842E-03 1.7193604E-04 4.7413059E-03 4.8622775E-02 2.4279517E-02 6.2664557E-05 1.9169905E+00 1.8822757E+01 -2.8207381E-02
2.6764000E+02 2.7427000E+02 8.6700000E+00 8.7000000E+01 9 5.5203845E+01 1.4309400E-01 3.1806860E-01 -1.6513006E-03 8.3117332E-03 9.6009613E-03 9.1193065E-03 8.6287639E-04 3.8395102E-04 4.6883389E-03 1.6196614E-04 4.7855343E-03 4.9282720E-02 2.4823095E-02 7.1463251E-05 1.9133725E+00 1.8843865E+01 -2.8565851E-02
2.6764000E+02 2.7427000E+02 8.6700000E+00 9.1000000E+01 9 5.5200001E+01 1.4755561E-01 3.2816513E-01 -1.6303985E-03 8.9150292E-03 1.0103789E-02 9.6434987E-03 8.2460207E-04 4.1748627E-04 4.9700273E-03 1.5478186E-04 5.0488147E-03 4.9716296E-02 2.6624422E-02 8.2892949E-05 1.9022790E+00 1.8863843E+01 -2.9289156E-02
2.6764000E+02 2.7427000E+02 8.6700000E+00 9.2000000E+01 9 5.5194853E+01 1.5713039E-01 3.5058851E-01 -1.6254874E-03 1.0514087E-02 1.1572177E-02 1.1117087E-02 8.1528576E-04 4.9063051E-04 5.7681637E-03 1.5303315E-04 5.8259860E-03 4.9830679E-02 3.1400406E-02 9.9771682E-05 1.8957857E+00 1.8871210E+01 -2.9678730E-02
2.6764000E+02 2.7427000E+02 8.6700000E+00 9.7000000E+01 9 5.5193776E+01 1.4659044E-01 3.2686835E-01 -2.2359298E-03 8.3499164E-03 9.6083129E-03 9.1763080E-03 7.7392938E-04 3.8722359E-04 4.6556691E-03 1.4527035E-04 4.7302113E-03 5.1210801E-02 2.4936493E-02 8.3466039E-05 1.8777570E+00 1.8906380E+01 -3.1248826E-02
2.6764000E+02 2.7427000E+02 8.6700000E+00 1.0200000E+02 9 5.5185613E+01 1.5001231E-01 3.3535931E-01 -2.9127538E-03 8.5447014E-03 9.6928543E-03 9.2814880E-03 7.3695575E-04 4.1334195E-04 4.7334870E-03 1.3833022E-04 4.7932570E-03 5.2625725E-02 2.5517422E-02 8.8967715E-05 1.8674720E+00 1.8929224E+01 -3.2317645E-02
2.6764000E+02 2.7427000E+02 8.6700000E+00 1.0700000E+02 9 5.5178863E+01 1.5307829E-01 3.4279488E-01 -3.4670246E-03 8.7434913E-03 9.7825436E-03 9.3897418E-03 7.0369778E-04 4.3415351E-04 4.8154840E-03 1.3208753E-04 4.8613489E-03 5.3781754E-02 2.6110312E-02 9.4969221E-05 1.8618201E+00 1.8943541E+01 -3.3018235E-02
2.6764000E+02 2.7427000E+02 8.6700000E+00 1.1200000E+02 9 5.5173687E+01 1.5555326E-01 3.4872255E-01 -3.8826025E-03 8.9132264E-03 9.8631642E-03 9.4871520E-03 6.7361954E-04 4.4973007E-04 4.8843423E-03 1.2644170E-04 4.9182906E-03 5.4669145E-02 2.6616589E-02 1.0024136E-04 1.8585354E+00 1.8952739E+01 -3.3485625E-02
2.6764000E+02 2.7427000E+02 8.6700000E+00 1.1700000E+02 9 5.5169807E+01 1.5749081E-01 3.5332598E-01 -4.1844598E-03 9.0508484E-03 9.9330312E-03 9.5722769E-03 6.4628514E-04 4.6142351E-04 4.9382594E-03 1.2131090E-04 4.9622306E-03 5.5339642E-02 2.7027117E-02 1.0456760E-04 1.8565727E+00 1.8958779E+01 -3.3801923E-02
2.6764000E+02 2.7427000E+02 8.6700000E+00 1.2200000E+02 9 5.5166905E+01 1.5900047E-01 3.5689282E-01 -4.4013004E-03 9.1608305E-03 9.9933836E-03 9.6465558E-03 6.2133619E-04 4.7017242E-04 4.9793449E-03 1.1662786E-04 4.9949813E-03 5.5847580E-02 2.7355226E-02 1.0801894E-04 1.8553922E+00 1.8962818E+01 -3.4019312E-02
2.6764000E+02 2.7427000E+02 8.6700000E+00 1.2400000E+02 9 5.5160985E+01 1.6937681E-01 3.8065655E-01 -4.4761988E-03 1.0853801E-02 1.1425377E-02 1.1083918E-02 6.1171713E-04 5.6413223E-04 5.8273520E-03 1.1482231E-04 5.8145935E-03 5.6045168E-02 3.2410599E-02 1.2855047E-04 1.8445188E+00 1.8973636E+01 -3.4736666E-02
2.6764000E+02 2.7427000E+02 8.6700000E+00 1.2500000E+02 9 5.5159164E+01 1.7232903E-01 3.8757460E-01 -4.5109016E-03 1.1329247E-02 1.1870563E-02 1.1531741E-02 6.0699520E-04 5.7574312E-04 6.0635585E-03 1.1393598E-04 6.0439815E-03 5.6136720E-02 3.3830569E-02 1.3560239E-04 1.8371560E+00 1.8981006E+01 -3.5258937E-02
2.6764000E+02 2.7427000E+02 8.6700000E+00 1.3000000E+02 9 5.5164403E+01 1.5924785E-01 3.5803971E-01 -4.6325535E-03 9.0611108E-03 9.9483663E-03 9.6206634E-03 5.8707420E-04 4.5466994E-04 4.9081662E-03 1.1019671E-04 4.9186913E-03 5.6428721E-02 2.7057324E-02 1.1089736E-04 1.8399369E+00 1.8981280E+01 -3.5262606E-02
2.6764000E+02 2.7427000E+02 8.6700000E+00 1.3100000E+02 9 5.5157170E+01 1.7329199E-01 3.9003740E-01 -4.6551509E-03 1.1396764E-02 1.1916208E-02 1.1590666E-02 5.8320308E-04 6.0009870E-04 6.0836703E-03 1.0947009E-04 6.0572239E-03 5.6508646E-02 3.4031982E-02 1.3567660E-04 1.8360667E+00 1.8984401E+01 -3.5469299E-02
2.6764000E+02 2.7427000E+02 8.6700000E+00 1.3200000E+02 9 5.5157020E+01 1.7314603E-01 3.8969964E-01 -4.6762081E-03 1.1353208E-02 1.1888247E-02 1.1564830E-02 5.7939663E-04 5.8220793E-04 6.0596946E-03 1.0875560E-04 6.0324547E-03 5.6568019E-02 3.3901685E-02 1.3805886E-04 1.8314031E+00 1.8988983E+01 -3.5796474E-02
2.6764000E+02 2.7427000E+02 8.6700000E+00 1.3700000E+02 9 5.5154693E+01 1.6180376E-01 3.6557541E-01 -6.1167247E-03 9.0900074E-03 9.9763715E-03 9.6626248E-03 5.6207190E-04 4.5983141E-04 4.9081168E-03 1.0550366E-04 4.9119654E-03 5.8371629E-02 2.7143275E-02 1.1265459E-04 1.8208559E+00 1.8980329E+01 -3.7271909E-02
2.6764000E+02 2.7427000E+02 8.6700000E+00 1.4200000E+02 9 5.5144102E+01 1.6573644E-01 3.7588094E-01 -7.6991006E-03 9.3330023E-03 1.0107985E-02 9.8030934E-03 5.4620804E-04 4.8904003E-04 5.0227960E-03 1.0252594E-04 5.0158314E-03 6.0342482E-02 2.7868159E-02 1.1152204E-04 1.8152214E+00 1.8957277E+01 -3.8333623E-02
2.6764000E+02 2.7427000E+02 8.6700000E+00 1.4700000E+02 9 5.5135197E+01 1.6925025E-01 3.8488340E-01 -9.0091506E-03 9.5686917E-03 1.0237640E-02 9.9409415E-03 5.3152970E-04 5.0785655E-04 5.1344497E-03 9.9770739E-05 5.1171476E-03 6.1977287E-02 2.8571238E-02 1.0863308E-04 1.8123368E+00 1.8929406E+01 -3.9071093E-02
2.6764000E+02 2.7427000E+02 8.6700000E+00 1.5200000E+02 9 5.5128329E+01 1.7204014E-01 3.9197147E-01 -1.0006459E-02 9.7615367E-03 1.0347816E-02 1.0058765E-02 5.1783055E-04 5.1990663E-04 5.2246872E-03 9.7199340E-05 5.1987972E-03 6.3232047E-02 2.9146543E-02 1.0403192E-04 1.8107011E+00 1.8901150E+01 -3.9590138E-02
2.6764000E+02 2.7427000E+02 8.6700000E+00 1.5700000E+02 9 5.5123174E+01 1.7418059E-01 3.9738349E-01 -1.0743602E-02 9.9121083E-03 1.0437836E-02 1.0155963E-02 5.0496991E-04 5.2759372E-04 5.2937397E-03 9.4785335E-05 5.2609103E-03 6.4171879E-02 2.9595762E-02 9.8644165E-05 1.8097063E+00 1.8874638E+01 -3.9958297E-02
2.6764000E+02 2.7427000E+02 8.6700000E+00 1.6200000E+02 9 5.5119330E+01 1.7581186E-01 4.0149313E-01 -1.1283354E-02 1.0028413E-02 1.0510878E-02 1.0235771E-02 4.9285053E-04 5.3252660E-04 5.3456686E-03 9.2510469E-05 5.3072215E-03 6.4872940E-02 2.9942770E-02 9.3218906E-05 1.8090863E+00 1.8851015E+01 -4.0221384E-02
2.6764000E+02 2.7427000E+02 8.6700000E+00 1.6700000E+02 9 5.5116447E+01 1.7706336E-01 4.0463609E-01 -1.1679226E-02 1.0118680E-02 1.0570541E-02 1.0301825E-02 4.8140100E-04 5.3575706E-04 5.3846588E-03 9.0361335E-05 5.3416006E-03 6.5399697E-02 3.0212108E-02 8.8214132E-05 1.8086884E+00 1.8830807E+01 -4.0412013E-02
2.6764000E+02 2.7427000E+02 8.6700000E+00 1.6800000E+02 9 5.5108817E+01 1.9152550E-01 4.3721972E-01 -1.1753055E-02 1.2498946E-02 1.2515913E-02 1.2248460E-02 4.7913735E-04 6.8296856E-04 6.5852976E-03 8.9936438E-05 6.5013193E-03 6.5506754E-02 3.7319480E-02 1.0123977E-04 1.8038998E+00 1.8829115E+01 -4.0710835E-02
2.6764000E+02 2.7427000E+02 8.6700000E+00 1.6900000E+02 9 5.5108538E+01 1.9129078E-01 4.3671012E-01 -1.1821927E-02 1.2434408E-02 1.2474392E-02 1.2208189E-02 4.7689946E-04 6.5695998E-04 6.5515564E-03 8.9516374E-05 6.4677170E-03 6.5600456E-02 3.7126575E-02 1.0097107E-04 1.7980583E+00 1.8830123E+01 -4.1180557E-02
2.6764000E+02 2.7427000E+02 8.6700000E+00 1.7400000E+02 9 5.5123254E+01 1.6873458E-01 3.9823493E-01 -1.6915478E-02 9.9623615E-03 1.0485559E-02 1.0225270E-02 4.6630270E-04 5.1064124E-04 5.2960927E-03 8.7527310E-05 5.2536416E-03 6.4347196E-02 2.9745373E-02 8.1135912E-05 1.8842490E+00 1.8731683E+01 -3.4818632E-02
2.6764000E+02 2.7427000E+02 8.6700000E+00 1.7500000E+02 9 5.5118809E+01 1.7938498E-01 4.2607830E-01 -1.8078023E-02 1.2080407E-02 1.2418389E-02 1.2159271E-02 4.6420666E-04 6.1580982E-04 6.3593943E-03 8.7133873E-05 6.2916654E-03 6.4053070E-02 3.6071988E-02 9.2116451E-05 1.9012081E+00 1.8709331E+01 -3.3611713E-02
2.6764000E+02 2.7427000E+02 8.6700000E+00 1.7600000E+02 9 5.5121213E+01 1.7649248E-01 4.2289659E-01 -1.9317040E-02 1.1933698E-02 1.2373389E-02 1.2115427E-02 4.6213356E-04 5.8875624E-04 6.2825694E-03 8.6744742E-05 6.2201731E-03 6.3722426E-02 3.5634499E-02 9.1466406E-05 1.9187656E+00 1.8688072E+01 -3.2441934E-02
2.6764000E+02 2.7427000E+02 8.6700000E+00 1.8100000E+02 9 5.5059016E+01 1.7618155E-01 4.4130836E-01 -3.0515373E-02 9.4657106E-03 1.0406618E-02 1.0154146E-02 4.5230041E-04 4.5524768E-04 5.0289517E-03 8.4899012E-05 5.0095460E-03 7.6655104E-02 2.8265788E-02 7.3236130E-05 1.7834733E+00 1.8816350E+01 -4.6945532E-02
2.6764000E+02 2.7427000E+02 8.6700000E+00 1.8600000E+02 9 5.4977295E+01 1.9722537E-01 5.0443240E-01 -4.1177669E-02 9.7251933E-03 1.0479275E-02 1.0232015E-02 4.4296301E-04 5.0270965E-04 5.1579953E-03 8.3146336E-05 5.1241372E-03 9.1642182E-02 2.9038907E-02 7.1407116E-05 1.6713162E+00 1.8920204E+01 -6.3810117E-02
2.6764000E+02 2.7427000E+02 8.6700000E+00 1.9100000E+02 9 5.4907585E+01 2.1775312E-01 5.6126214E-01 -4.9665340E-02 1.0269602E-02 1.0562012E-02 1.0319705E-02 4.3408827E-04 5.6975495E-04 5.4369366E-03 8.1480503E-05 5.3710682E-03 1.0420004E-01 3.0660121E-02 7.2009174E-05 1.6039095E+00 1.8980340E+01 -7.7316709E-02
2.6764000E+02 2.7427000E+02 8.6700000E+00 1.9600000E+02 9 5.4853605E+01 2.3505197E-01 6.0705919E-01 -5.6030586E-02 1.0884096E-02 1.0635718E-02 1.0398124E-02 4.2564599E-04 6.3874815E-04 5.7532769E-03 7.9895845E-05 5.6504190E-03 1.1379163E-01 3.2489836E-02 7.3361083E-05 1.5641304E+00 1.9014039E+01 -8.7071277E-02
2.6764000E+02 2.7427000E+02 8.6700000E+00 2.0100000E+02 9 5.4813254E+01 2.4881313E-01 6.4242953E-01 -6.0704330E-02 1.1464406E-02 1.0698099E-02 1.0464992E-02 4.1760845E-04 7.0347880E-04 6.0522862E-03 7.8387160E-05 5.9138552E-03 1.2088139E-01 3.4217732E-02 7.4763208E-05 1.5402866E+00 1.9032853E+01 -9.3860911E-02
2.6764000E+02 2.7427000E+02 8.6700000E+00 2.0600000E+02 9 5.4783483E+01 2.5947559E-01 6.6926334E-01 -6.4119243E-02 1.1969877E-02 1.0750863E-02 1.0522030E-02 4.0995014E-04 7.5933620E-04 6.3125639E-03 7.6949657E-05 6.1425858E-03 1.2606308E-01 3.5722845E-02 7.5948641E-05 1.5257732E+00 1.9043211E+01 -9.8522562E-02
2.6764000E+02 2.7427000E+02 8.6700000E+00 2.1100000E+02 9 5.4761543E+01 2.6765252E-01 6.8952772E-01 -6.6626726E-02 1.2392629E-02 1.0796347E-02 1.0571590E-02 4.0264747E-04 8.0498299E-04 6.5298557E-03 7.5578910E-05 6.3330572E-03 1.2985123E-01 3.6981743E-02 7.6851214E-05 1.5168396E+00 1.9048703E+01 -1.0171651E-01
2.6764000E+02 2.7427000E+02 8.6700000E+00 2.1600000E+02 9 5.4745252E+01 2.7392654E-01 7.0490663E-01 -6.8490813E-02 1.2739728E-02 1.0836632E-02 1.0615765E-02 3.9567860E-04 8.4124577E-04 6.7077346E-03 7.4270819E-05 6.4886528E-03 1.3264506E-01 3.8015469E-02 7.7492162E-05 1.5112947E+00 1.9051389E+01 -1.0391864E-01
2.6764000E+02 2.7427000E+02 8.6700000E+00 2.2100000E+02 9 5.4732982E+01 2.7878181E-01 7.1672115E-01 -6.9901639E-02 1.3023440E-02 1.0873325E-02 1.0656173E-02 3.8902327E-04 8.6978788E-04 6.8525274E-03 7.3021582E-05 6.6151377E-03 1.3473773E-01 3.8860529E-02 7.7922901E-05 1.5078299E+00 1.9052472E+01 -1.0545722E-01
2.6764000E+02 2.7427000E+02 8.6700000E+00 2.2600000E+02 9 5.4723563E+01 2.8259394E-01 7.2595613E-01 -7.0992516E-02 1.3256426E-02 1.0907554E-02 1.0693952E-02 3.8266268E-04 8.9228347E-04 6.9707999E-03 7.1827668E-05 6.7184281E-03 1.3633729E-01 3.9554600E-02 7.8198153E-05 1.5056535E+00 1.9052661E+01 -1.0655264E-01
2.6764000E+02 2.7427000E+02 8.6700000E+00 2.3100000E+02 9 5.4716172E+01 2.8564124E-01 7.3332201E-01 -7.1855440E-02 1.3449740E-02 1.0940049E-02 1.0729844E-02 3.7657932E-04 9.1016089E-04 7.0682863E-03 7.0685791E-05 6.8036859E-03 1.3758816E-01 4.0130580E-02 7.8364965E-05 1.5042834E+00 1.9052370E+01 -1.0735034E-01
2.6764000E+02 2.7427000E+02 8.6700000E+00 2.3600000E+02 9 5.4710241E+01 2.8812452E-01 7.3932132E-01 -7.2553466E-02 1.3612249E-02 1.0971256E-02 1.0764301E-02 3.7075690E-04 9.2453865E-04 7.1495933E-03 6.9592893E-05 6.8750403E-03 1.3858943E-01 4.0614853E-02 7.8459427E-05 1.5034239E+00 1.9051839E+01 -1.0794553E-01
2.6764000E+02 2.7427000E+02 8.6700000E+00 2.4100000E+02 9 5.4705380E+01 2.9018657E-01 7.4430617E-01 -7.3129869E-02 1.3750736E-02 1.1001429E-02 1.0797586E-02 3.6518022E-04 9.3625768E-04 7.2182736E-03 6.8546124E-05 6.9356187E-03 1.3940885E-01 4.1027603E-02 7.8507102E-05 1.5028921E+00 1.9051203E+01 -1.0840060E-01
2.6764000E+02 2.7427000E+02 8.6700000E+00 2.4600000E+02 9 5.4701318E+01 2.9192815E-01 7.4852299E-01 -7.3614595E-02 1.3870254E-02 1.1030703E-02 1.0829844E-02 3.5983514E-04 9.4593456E-04 7.2770080E-03 6.7542825E-05 6.9877128E-03 1.4009298E-01 4.1383870E-02 7.8525009E-05 1.5025731E+00 1.9050540E+01 -1.0875682E-01
2.6764000E+02 2.7427000E+02 8.6700000E+00 2.5100000E+02 9 5.4697866E+01 2.9342070E-01 7.5214545E-01 -7.4028668E-02 1.3974531E-02 1.1059145E-02 1.0861148E-02 3.5470842E-04 9.5402008E-04 7.3277979E-03 6.6580516E-05 7.0329855E-03 1.4067415E-01 4.1694748E-02 7.8524037E-05 1.5023930E+00 1.9049891E+01 -1.0904188E-01
2.6764000E+02 2.7427000E+02 8.6700000E+00 2.5600000E+02 9 5.4694891E+01 2.9471552E-01 7.5529769E-01 -7.4387117E-02 1.4066332E-02 1.1086779E-02 1.0891528E-02 3.4978775E-04 9.6084712E-04 7.3721381E-03 6.5656881E-05 7.0726545E-03 1.4117522E-01 4.1968461E-02 7.8511044E-05 1.5023038E+00 1.9049278E+01 -1.0927475E-01
2.6764000E+02 2.7427000E+02 8.6700000E+00 2.6100000E+02 9 5.4692296E+01 2.9585018E-01 7.5807024E-01 -7.4700914E-02 1.4147738E-02 1.1113601E-02 1.0920989E-02 3.4506158E-04 9.6666569E-04 7.4111559E-03 6.4769756E-05 7.1076335E-03 1.4161264E-01 4.2211205E-02 7.8490429E-05 1.5022732E+00 1.9048714E+01 -1.0946867E-01
2.6764000E+02 2.7427000E+02 8.6700000E+00 2.6400000E+02 9 5.4686172E+01 3.0588521E-01 7.7880981E-01 -7.4875077E-02 1.5657144E-02 1.2008548E-02 1.1817481E-02 3.4229351E-04 1.0939207E-03 8.1816044E-03 6.4250176E-05 7.8299660E-03 1.4185804E-01 4.6713989E-02 8.5870255E-05 1.4973581E+00 1.9051008E+01 -1.1041760E-01
2.6764000E+02 2.7427000E+02 8.6700000E+00 2.6500000E+02 9 5.4680983E+01 3.1556589E-01 7.9877563E-01 -7.4931631E-02 1.7150688E-02 1.2926986E-02 1.2736430E-02 3.4137825E-04 1.2268490E-03 8.9441298E-03 6.4078377E-05 8.5473660E-03 1.4193952E-01 5.1169968E-02 9.2883367E-05 1.4944663E+00 1.9051652E+01 -1.1092799E-01
2.6764000E+02 2.7427000E+02 8.6700000E+00 2.7000000E+02 9 5.4688110E+01 2.9861509E-01 7.6452375E-01 -7.5137279E-02 1.4453774E-02 1.1312181E-02 1.1123269E-02 3.3843320E-04 9.6870285E-04 7.5631147E-03 6.3525575E-05 7.2498584E-03 1.4221858E-01 4.3124325E-02 8.0160538E-05 1.5073432E+00 1.9041261E+01 -1.0872173E-01
2.6764000E+02 2.7427000E+02 8.6700000E+00 2.7500000E+02 9 5.4685027E+01 3.0238998E-01 7.7262954E-01 -7.5325060E-02 1.4990980E-02 1.1640610E-02 1.1453357E-02 3.3545991E-04 1.0223083E-03 7.8357680E-03 6.2967475E-05 7.5057517E-03 1.4247862E-01 4.4727020E-02 8.2064532E-05 1.5203524E+00 1.9026474E+01 -1.0639797E-01
2.6764000E+02 2.7427000E+02 8.6700000E+00 2.8000000E+02 9 5.4682412E+01 3.0538957E-01 7.7918533E-01 -7.5500166E-02 1.5411520E-02 1.1921565E-02 1.1736121E-02 3.3222109E-04 1.0523148E-03 8.0480262E-03 6.2359533E-05 7.7061099E-03 1.4272214E-01 4.5981937E-02 8.3914836E-05 1.5305969E+00 1.9014329E+01 -1.0459511E-01
2.6764000E+02 2.7427000E+02 8.6700000E+00 2.8500000E+02 9 5.4680278E+01 3.0760496E-01 7.8421217E-01 -7.5661576E-02 1.5718648E-02 1.2152451E-02 1.1968784E-02 3.2903674E-04 1.0691946E-03 8.2018398E-03 6.1761813E-05 7.8526267E-03 1.4294664E-01 4.6898718E-02 8.5237975E-05 1.5381403E+00 1.9005277E+01 -1.0329452E-01
2.6764000E+02 2.7427000E+02 8.6700000E+00 2.8900000E+02 9 5.4676627E+01 3.1338612E-01 7.9652193E-01 -7.5782331E-02 1.6596464E-02 1.2739538E-02 1.2557247E-02 3.2657196E-04 1.1333832E-03 8.6477131E-03 6.1299163E-05 8.2740703E-03 1.4311590E-01 4.9518127E-02 8.9450644E-05 1.5397782E+00 1.9001554E+01 -1.0299960E-01
2.6764000E+02 2.7427000E+02 8.6700000E+00 2.9000000E+02 9 5.4669250E+01 3.2780781E-01 8.2652897E-01 -7.5812006E-02 1.8856039E-02 1.4183609E-02 1.4001659E-02 3.2596129E-04 1.3411678E-03 9.8004592E-03 6.1184538E-05 9.3617995E-03 1.4316100E-01 5.6260376E-02 9.9442802E-05 1.5387383E+00 1.8999414E+01 -1.0309856E-01
2.6764000E+02 2.7427000E+02 8.6700000E+00 2.9500000E+02 9 5.4733808E+01 2.9500964E-01 7.4651089E-01 -6.9089514E-02 1.5858338E-02 1.2375449E-02 1.2195134E-02 3.2303102E-04 1.0448884E-03 8.2659608E-03 6.0634510E-05 7.9192116E-03 1.3299187E-01 4.7316776E-02 8.5961023E-05 1.5954383E+00 1.8946086E+01 -8.9591909E-02
2.6764000E+02 2.7427000E+02 8.6700000E+00 3.0000000E+02 9 5.4801259E+01 2.7753404E-01 6.9622797E-01 -6.0894298E-02 1.5773679E-02 1.2504668E-02 1.2325932E-02 3.2020337E-04 1.0397520E-03 8.2151630E-03 6.0103748E-05 7.8834262E-03 1.2060627E-01 4.7066934E-02 8.4902902E-05 1.6719431E+00 1.8869180E+01 -7.3907914E-02
2.6764000E+02 2.7427000E+02 8.6700000E+00 3.0100000E+02 9 5.4806905E+01 2.9000126E-01 7.2070820E-01 -5.9239483E-02 1.8342953E-02 1.4421995E-02 1.4243572E-02 3.1964179E-04 1.2614741E-03 9.5177053E-03 5.9998336E-05 9.1307135E-03 1.1811075E-01 5.4737454E-02 9.6414843E-05 1.6865327E+00 1.8850577E+01 -7.1007994E-02
2.6764000E+02 2.7427000E+02 8.6700000E+00 3.0200000E+02 9 5.4820779E+01 2.8570353E-01 7.0905206E-01 -5.7602800E-02 1.8196586E-02 1.4411842E-02 1.4233730E-02 3.1908400E-04 1.2111819E-03 9.4403996E-03 5.9893635E-05 9.0625620E-03 1.1563812E-01 5.4301747E-02 9.6994821E-05 1.7004861E+00 1.8835030E+01 -6.8340616E-02
2.6764000E+02 2.7427000E+02 8.6700000E+00 3.0300000E+02 9 5.4834837E+01 2.8099256E-01 6.9667694E-01 -5.5969013E-02 1.7993696E-02 1.4371425E-02 1.4193658E-02 3.1846831E-04 1.1714824E-03 9.3339978E-03 5.9778069E-05 8.9674091E-03 1.1316916E-01 5.3697486E-02 9.6460824E-05 1.7129562E+00 1.8822303E+01 -6.5955415E-02
2.6764000E+02 2.7427000E+02 8.6700000E+00 3.0800000E+02 9 5.4899001E+01 2.4708775E-01 6.1469990E-01 -4.9378680E-02 1.4791178E-02 1.2393486E-02 1.2218980E-02 3.1262375E-04 9.1090674E-04 7.6929640E-03 5.8681015E-05 7.4239495E-03 1.0320537E-01 4.4142482E-02 8.0102666E-05 1.7747603E+00 1.8767102E+01 -5.5949469E-02
2.6764000E+02 2.7427000E+02 8.6700000E+00 3.1300000E+02 9 5.4942462E+01 2.3297314E-01 5.7791164E-01 -4.4303761E-02 1.4278562E-02 1.2381549E-02 1.2211526E-02 3.0459356E-04 8.5537332E-04 7.4162831E-03 5.7173709E-05 7.1830070E-03 9.5539730E-02 4.2617289E-02 7.6928157E-05 1.8281136E+00 1.8714638E+01 -4.8390521E-02
2.6764000E+02 2.7427000E+02 8.6700000E+00 3.1800000E+02 9 5.4975639E+01 2.2169475E-01 5.4909806E-01 -4.0468475E-02 1.3805011E-02 1.2377712E-02 1.2212543E-02 2.9589633E-04 7.8794271E-04 7.1600283E-03 5.5541197E-05 6.9591908E-03 8.9747479E-02 4.1208149E-02 7.4667852E-05 1.8700518E+00 1.8672662E+01 -4.3042979E-02
2.6764000E+02 2.7427000E+02 8.6700000E+00 3.2300000E+02 9 5.5000814E+01 2.1263293E-01 5.2651730E-01 -3.7596797E-02 1.3366649E-02 1.2370606E-02 1.2210216E-02 2.8733601E-04 7.2582404E-04 6.9229128E-03 5.3934382E-05 6.7510191E-03 8.5410334E-02 3.9903380E-02 7.2732315E-05 1.9011134E+00 1.8641422E+01 -3.9369814E-02
2.6764000E+02 2.7427000E+02 8.6700000E+00 3.2800000E+02 9 5.5019880E+01 2.0536981E-01 5.0885697E-01 -3.5452680E-02 1.2973078E-02 1.2360529E-02 1.2204639E-02 2.7927453E-04 6.7406692E-04 6.7102056E-03 5.2421203E-05 6.5632429E-03 8.2171493E-02 3.8731600E-02 7.1030106E-05 1.9231096E+00 1.8619261E+01 -3.6880574E-02
2.6764000E+02 2.7427000E+02 8.6700000E+00 3.2900000E+02 9 5.5017339E+01 2.1627178E-01 5.3392562E-01 -3.5051142E-02 1.4964219E-02 1.4236843E-02 1.4081840E-02 2.7768447E-04 7.5381490E-04 7.7101201E-03 5.2122740E-05 7.5395776E-03 8.1570528E-02 4.4679728E-02 8.0632631E-05 1.9254703E+00 1.8613057E+01 -3.6537687E-02
2.6764000E+02 2.7427000E+02 8.6700000E+00 3.3000000E+02 9 5.5020889E+01 2.1458710E-01 5.2996023E-01 -3.4675148E-02 1.4829306E-02 1.4194741E-02 1.4040613E-02 2.7611838E-04 7.3310784E-04 7.6395241E-03 5.1828779E-05 7.4742086E-03 8.1003268E-02 4.4277307E-02 8.1099925E-05 1.9249514E+00 1.8612180E+01 -3.6416899E-02
2.6764000E+02 2.7427000E+02 8.6700000E+00 3.3500000E+02 9 5.5010359E+01 2.0656789E-01 5.0933515E-01 -3.3837876E-02 1.2300978E-02 1.2215985E-02 1.2065868E-02 2.6893147E-04 6.0165804E-04 6.3534368E-03 5.0479760E-05 6.2398681E-03 8.4365326E-02 3.6728413E-02 6.8443355E-05 1.8286962E+00 1.8713917E+01 -4.4840616E-02
2.6764000E+02 2.7427000E+02 8.6700000E+00 3.4000000E+02 9 5.4983516E+01 2.1698099E-01 5.2937618E-01 -3.3450295E-02 1.2332062E-02 1.2206452E-02 1.2060007E-02 2.6235341E-04 6.2724594E-04 6.3660329E-03 4.9245025E-05 6.2483626E-03 8.9289126E-02 3.6820249E-02 6.8161190E-05 1.7454768E+00 1.8797783E+01 -5.3986548E-02
2.6764000E+02 2.7427000E+02 8.6700000E+00 3.4500000E+02 9 5.4958203E+01 2.2817713E-01 5.5059450E-01 -3.3224349E-02 1.2609456E-02 1.2216427E-02 1.2073349E-02 2.5632201E-04 6.7424959E-04 6.5085483E-03 4.8112902E-05 6.3712200E-03 9.3764283E-02 3.7645416E-02 6.9403410E-05 1.6893862E+00 1.8853737E+01 -6.1338418E-02
2.6764000E+02 2.7427000E+02 8.6700000E+00 3.5000000E+02 9 5.4937377E+01 2.3824419E-01 5.6933512E-01 -3.3057228E-02 1.2977247E-02 1.2228119E-02 1.2088139E-02 2.5077174E-04 7.2255802E-04 6.6990410E-03 4.7071088E-05 6.5361715E-03 9.7349680E-02 3.8739764E-02 7.1074997E-05 1.6532286E+00 1.8889644E+01 -6.6716203E-02
2.6764000E+02 2.7427000E+02 8.6700000E+00 3.5500000E+02 9 5.4921129E+01 2.4667193E-01 5.8476431E-01 -3.2912755E-02 1.3352378E-02 1.2237176E-02 1.2100058E-02 2.4564324E-04 7.6572523E-04 6.8938134E-03 4.6108444E-05 6.7047426E-03 1.0008638E-01 3.9856061E-02 7.2734751E-05 1.6299426E+00 1.8912712E+01 -7.0507301E-02
2.6764000E+02 2.7427000E+02 8.6700000E+00 3.6000000E+02 9 5.4908787E+01 2.5346508E-01 5.9701217E-01 -3.2778045E-02 1.3695048E-02 1.2243011E-02 1.2108550E-02 2.4088591E-04 8.0286253E-04 7.0719178E-03 4.5215470E-05 6.8584691E-03 1.0212574E-01 4.0875824E-02 7.4206340E-05 1.6148545E+00 1.8927638E+01 -7.3134255E-02
2.6764000E+02 2.7427000E+02 8.6700000E+00 3.6500000E+02 9 5.4899557E+01 2.5882075E-01 6.0652757E-01 -3.2649164E-02 1.3990054E-02 1.2246011E-02 1.2114021E-02 2.3645748E-04 8.3403094E-04 7.2253262E-03 4.4384232E-05 6.9902894E-03 1.0362511E-01 4.1753789E-02 7.5435605E-05 1.6050039E+00 1.8937374E+01 -7.4940174E-02
2.6764000E+02 2.7427000E+02 8.6700000E+00 3.7000000E+02 9 5.4892708E+01 2.6299323E-01 6.1383297E-01 -3.2525747E-02 1.4235581E-02 1.2246785E-02 1.2117103E-02 2.3232266E-04 8.5973277E-04 7.3530300E-03 4.3608107E-05 7.0993644E-03 1.0472030E-01 4.2484547E-02 7.6427071E-05 1.5985115E+00 1.8943790E+01 -7.6179834E-02
2.6764000E+02 2.7427000E+02 8.6700000E+00 3.7500000E+02 9 5.4887634E+01 2.6623271E-01 6.1941937E-01 -3.2408625E-02 1.4436316E-02 1.2245938E-02 1.2118417E-02 2.2845172E-04 8.8047816E-04 7.4574236E-03 4.2881512E-05 7.1878829E-03 1.0551984E-01 4.3082034E-02 7.7210990E-05 1.5941795E+00 1.8948071E+01 -7.7034372E-02
2.6764000E+02 2.7427000E+02 8.6700000E+00 3.8000000E+02 9 5.4883857E+01 2.6875580E-01 6.2370285E-01 -3.2298752E-02 1.4599307E-02 1.2243992E-02 1.2118499E-02 2.2481924E-04 8.9713186E-04 7.5421417E-03 4.2199676E-05 7.2591335E-03 1.0610652E-01 4.3567217E-02 7.7825224E-05 1.5912407E+00 1.8950979E+01 -7.7629251E-02
2.6764000E+02 2.7427000E+02 8.6700000E+00 3.8500000E+02 9 5.4881018E+01 2.7073821E-01 6.2701452E-01 -3.2196777E-02 1.4731782E-02 1.2241355E-02 1.2117769E-02 2.2140314E-04 9.1036263E-04 7.6109185E-03 4.1558459E-05 7.3164878E-03 1.0654140E-01 4.3961599E-02 7.8306210E-05 1.5892042E+00 1.8952998E+01 -7.8049675E-02
2.6764000E+02 2.7427000E+02 8.6700000E+00 3.9000000E+02 9 5.4878856E+01 2.7231533E-01 6.2960693E-01 -3.2102945E-02 1.4840137E-02 1.2238325E-02 1.2116535E-02 2.1818407E-04 9.2091128E-04 7.6670548E-03 4.0954223E-05 7.3629338E-03 1.0686844E-01 4.4284207E-02 7.8685085E-05 1.5877566E+00 1.8954437E+01 -7.8352771E-02
2.6764000E+02 2.7427000E+02 8.6700000E+00 3.9500000E+02 9 5.4877181E+01 2.7358862E-01 6.3166719E-01 -3.2017153E-02 1.4929617E-02 1.2235103E-02 1.2115010E-02 2.1514479E-04 9.2937126E-04 7.7132535E-03 4.0383735E-05 7.4009222E-03 1.0711871E-01 4.4550641E-02 7.8986667E-05 1.5866972E+00 1.8955495E+01 -7.8576550E-02
2.6764000E+02 2.7427000E+02 8.6700000E+00 4.0000000E+02 9 5.4875859E+01 2.7463273E-01 6.3333156E-01 -3.1939044E-02 1.5004342E-02 1.2231818E-02 1.2113329E-02 2.1226989E-04 9.3623486E-04 7.7516383E-03 3.9844103E-05 7.4323769E-03 1.0731393E-01 4.4773162E-02 7.9229894E-05 1.5858966E+00 1.8956299E+01 -7.8746211E-02
2.6764000E+02 2.7427000E+02 8.6700000E+00 4.0500000E+02 9 5.4874798E+01 2.7550210E-01 6.3469823E-01 -3.1868106E-02 1.5067466E-02 1.2228542E-02 1.2111575E-02 2.0954549E-04 9.4185002E-04 7.7838381E-03 3.9332719E-05 7.4587632E-03 1.0746924E-01 4.4961148E-02 7.9428776E-05 1.5852717E+00 1.8956930E+01 -7.8878453E-02
2.6764000E+02 2.7427000E+02 8.6700000E+00 4.1000000E+02 9 5.4873929E+01 2.7623632E-01 6.3583778E-01 -3.1803753E-02 1.5121371E-02 1.2225313E-02 1.2109789E-02 2.0695903E-04 9.4648116E-04 7.8110939E-03 3.8847228E-05 7.4811765E-03 1.0759519E-01 4.5121694E-02 7.9593509E-05 1.5847678E+00 1.8957442E+01 -7.8984435E-02
2.6764000E+02 2.7427000E+02 8.6700000E+00 4.1200000E+02 9 5.4866844E+01 2.9008669E-01 6.6430818E-01 -3.1779026E-02 1.7268360E-02 1.3571248E-02 1.3456289E-02 2.0594575E-04 1.1223293E-03 8.9083596E-03 3.8657030E-05 8.5120041E-03 1.0764565E-01 5.1527730E-02 8.9751405E-05 1.5798753E+00 1.8958926E+01 -7.9566315E-02
2.6764000E+02 2.7427000E+02 8.6700000E+00 4.1700000E+02 9 5.4873551E+01 2.7587441E-01 6.3470576E-01 -3.1722944E-02 1.4995614E-02 1.2125557E-02 1.2011944E-02 2.0353473E-04 9.2189347E-04 7.7455196E-03 3.8204471E-05 7.4170972E-03 1.0773750E-01 4.4746297E-02 7.9255080E-05 1.5779312E+00 1.8964583E+01 -7.9993231E-02
2.6764000E+02 2.7427000E+02 8.6700000E+00 4.2200000E+02 9 5.4872912E+01 2.7652786E-01 6.3577698E-01 -3.1672019E-02 1.5058172E-02 1.2126277E-02 1.2013948E-02 2.0123599E-04 9.3956446E-04 7.7769968E-03 3.7772985E-05 7.4442579E-03 1.0781850E-01 4.4932620E-02 7.9071948E-05 1.5784716E+00 1.8964439E+01 -7.9955906E-02
2.6764000E+02 2.7427000E+02 8.6700000E+00 4.2700000E+02 9 5.4872276E+01 2.7727527E-01 6.3701139E-01 -3.1625715E-02 1.5136239E-02 1.2139080E-02 1.2027976E-02 1.9904048E-04 9.4952418E-04 7.8164063E-03 3.7360877E-05 7.4790175E-03 1.0788806E-01 4.5165223E-02 7.9345695E-05 1.5795643E+00 1.8963242E+01 -7.9819145E-02
2.6764000E+02 2.7427000E+02 8.6700000E+00 4.2900000E+02 9 5.4865236E+01 2.9120417E-01 6.6561515E-01 -3.1607900E-02 1.7300748E-02 1.3487336E-02 1.3376713E-02 1.9817824E-04 1.1285016E-03 8.9230157E-03 3.7199031E-05 8.5180316E-03 1.0791843E-01 5.1623414E-02 8.9606862E-05 1.5753200E+00 1.8964010E+01 -8.0308379E-02
2.6764000E+02 2.7427000E+02 8.6700000E+00 4.3000000E+02 9 5.4863103E+01 2.9538926E-01 6.7420989E-01 -3.1599165E-02 1.7945398E-02 1.3911797E-02 1.3801413E-02 1.9775105E-04 1.1647512E-03 9.2519733E-03 3.7118844E-05 8.8279803E-03 1.0793265E-01 5.3547082E-02 9.3098392E-05 1.5721176E+00 1.8965706E+01 -8.0712070E-02
2.6764000E+02 2.7427000E+02 8.6700000E+00 4.3500000E+02 9 5.4870642E+01 2.7986792E-01 6.4208179E-01 -3.1566922E-02 1.5494758E-02 1.2358509E-02 1.2249523E-02 1.9524666E-04 9.5475409E-04 7.9974426E-03 3.6648758E-05 7.6481817E-03 1.0798160E-01 4.6234854E-02 8.1531557E-05 1.5896247E+00 1.8951240E+01 -7.8339265E-02
2.6764000E+02 2.7427000E+02 8.6700000E+00 4.3600000E+02 9 5.4861123E+01 2.9889345E-01 6.8159656E-01 -3.1560534E-02 1.8482139E-02 1.4272848E-02 1.4164103E-02 1.9481473E-04 1.2324312E-03 9.5233402E-03 3.6567682E-05 9.0851709E-03 1.0799644E-01 5.5149228E-02 9.3997504E-05 1.5913267E+00 1.8946080E+01 -7.7973506E-02
2.6764000E+02 2.7427000E+02 8.6700000E+00 4.3700000E+02 9 5.4863451E+01 2.9898000E-01 6.8047784E-01 -3.0981962E-02 1.8539995E-02 1.4316118E-02 1.4207639E-02 1.9433817E-04 1.2039633E-03 9.5527795E-03 3.6478229E-05 9.1123768E-03 1.0752297E-01 5.5321720E-02 9.5368512E-05 1.5940758E+00 1.8941692E+01 -7.7311140E-02
2.6764000E+02 2.7427000E+02 8.6700000E+00 4.3800000E+02 9 5.4869381E+01 2.9829314E-01 6.7638112E-01 -2.9638607E-02 1.8567570E-02 1.4344794E-02 1.4236636E-02 1.9376204E-04 1.1869930E-03 9.5663960E-03 3.6370087E-05 9.1253098E-03 1.0640233E-01 5.5404020E-02 9.6079043E-05 1.5978072E+00 1.8937055E+01 -7.6252754E-02
2.6764000E+02 2.7427000E+02 8.6700000E+00 4.4300000E+02 9 5.4938353E+01 2.7250163E-01 5.9691944E-01 -1.6227491E-02 1.5964469E-02 1.2693771E-02 1.2587223E-02 1.9087885E-04 9.7058860E-04 8.2335342E-03 3.5828899E-05 7.8720677E-03 9.5120723E-02 4.7636850E-02 8.4079736E-05 1.6406926E+00 1.8897299E+01 -6.5904407E-02
2.6764000E+02 2.7427000E+02 8.6700000E+00 4.4400000E+02 9 5.4942440E+01 2.8818735E-01 6.2444051E-01 -1.3383176E-02 1.8756861E-02 1.4578653E-02 1.4472445E-02 1.9026917E-04 1.2094742E-03 9.6569772E-03 3.5714460E-05 9.2185238E-03 9.2733211E-02 5.5970762E-02 9.5862508E-05 1.6482701E+00 1.8886203E+01 -6.3853141E-02
2.6764000E+02 2.7427000E+02 8.6700000E+00 4.4500000E+02 9 5.4955629E+01 2.8623425E-01 6.1462603E-01 -1.0465660E-02 1.8753750E-02 1.4598213E-02 1.4492343E-02 1.8966429E-04 1.1751758E-03 9.6547173E-03 3.5600920E-05 9.2168776E-03 9.0279367E-02 5.5961546E-02 9.6980353E-05 1.6561014E+00 1.8876750E+01 -6.1856260E-02
2.6764000E+02 2.7427000E+02 8.6700000E+00 4.5000000E+02 9 5.5017035E+01 2.6315539E-01 5.4366613E-01 1.4501991E-03 1.6417844E-02 1.3113759E-02 1.3008866E-02 1.8791305E-04 9.7965517E-04 8.4592382E-03 3.5272203E-05 8.0927421E-03 8.0244103E-02 4.8991355E-02 8.6502176E-05 1.7118351E+00 1.8822866E+01 -5.1935231E-02
2.6764000E+02 2.7427000E+02 8.6700000E+00 4.5300000E+02 9 5.5041825E+01 2.6781460E-01 5.4154287E-01 7.9237780E-03 1.7878509E-02 1.4235287E-02 1.4130825E-02 1.8714159E-04 1.0593475E-03 9.1997711E-03 3.5127398E-05 8.8012392E-03 7.4797105E-02 5.3352257E-02 9.3149986E-05 1.7418055E+00 1.8789518E+01 -4.6881970E-02
2.6764000E+02 2.7427000E+02 8.6700000E+00 4.5400000E+02 9 5.5047448E+01 2.7405968E-01 5.5117237E-01 1.0009937E-02 1.9108691E-02 1.5215912E-02 1.5111588E-02 1.8689528E-04 1.1021046E-03 9.8229904E-03 3.5081163E-05 9.3991736E-03 7.3043565E-02 5.7025442E-02 9.8734637E-05 1.7511298E+00 1.8777762E+01 -4.5328892E-02
2.6764000E+02 2.7427000E+02 8.6700000E+00 4.5900000E+02 9 5.5101162E+01 2.4901275E-01 4.8013759E-01 1.9860369E-02 1.6243263E-02 1.3358851E-02 1.3255306E-02 1.8549874E-04 8.9760987E-04 8.3578899E-03 3.4819026E-05 8.0194457E-03 6.4751161E-02 4.8474300E-02 8.5768204E-05 1.7755952E+00 1.8757717E+01 -4.0337489E-02
2.6764000E+02 2.7427000E+02 8.6700000E+00 4.6400000E+02 9 5.5137567E+01 2.4163971E-01 4.5065425E-01 2.7684005E-02 1.5971964E-02 1.3385155E-02 1.3282201E-02 1.8444176E-04 8.5164912E-04 8.2127070E-03 3.4620626E-05 7.8949598E-03 5.8172578E-02 4.7666647E-02 8.4032947E-05 1.7981719E+00 1.8735753E+01 -3.6295684E-02
2.6764000E+02 2.7427000E+02 8.6700000E+00 4.6900000E+02 9 5.5165982E+01 2.3573068E-01 4.2753163E-01 3.3775998E-02 1.5741368E-02 1.3431791E-02 1.3329211E-02 1.8377146E-04 8.0586809E-04 8.0891985E-03 3.4494807E-05 7.7895333E-03 5.3053463E-02 4.6980074E-02 8.2953438E-05 1.8174369E+00 1.8716371E+01 -3.3198394E-02
2.6764000E+02 2.7427000E+02 8.6700000E+00 4.7400000E+02 9 5.5188172E+01 2.3083937E-01 4.0915549E-01 3.8504890E-02 1.5522904E-02 1.3479533E-02 1.3377263E-02 1.8321499E-04 7.6469024E-04 7.9724514E-03 3.4390355E-05 7.6894015E-03 4.9084296E-02 4.6329423E-02 8.2038942E-05 1.8320476E+00 1.8701506E+01 -3.0933009E-02
2.6764000E+02 2.7427000E+02 8.6700000E+00 4.7900000E+02 9 5.5205533E+01 2.2675394E-01 3.9445956E-01 4.2178677E-02 1.5315240E-02 1.3521914E-02 1.3419955E-02 1.8265848E-04 7.2928492E-04 7.8617182E-03 3.4285895E-05 7.5938280E-03 4.6005677E-02 4.5710717E-02 8.1192277E-05 1.8422480E+00 1.8691054E+01 -2.9312667E-02
2.6764000E+02 2.7427000E+02 8.6700000E+00 4.8100000E+02 9 5.5206544E+01 2.3575592E-01 4.1205817E-01 4.3497542E-02 1.6936356E-02 1.4877435E-02 1.4775602E-02 1.8243188E-04 7.7739752E-04 8.6823722E-03 3.4243362E-05 8.3823930E-03 4.4905590E-02 5.0550911E-02 8.9119947E-05 1.8399898E+00 1.8689822E+01 -2.9123154E-02
2.6764000E+02 2.7427000E+02 8.6700000E+00 4.8200000E+02 9 5.5208060E+01 2.3793035E-01 4.1607420E-01 4.4121486E-02 1.7375268E-02 1.5311119E-02 1.5209350E-02 1.8231725E-04 7.8003234E-04 8.9030029E-03 3.4221845E-05 8.5975314E-03 4.4384990E-02 5.1861684E-02 9.1701462E-05 1.8369052E+00 1.8691332E+01 -2.9166121E-02
2.6764000E+02 2.7427000E+02 8.6700000E+00 4.8700000E+02 9 5.5228499E+01 2.1845947E-01 3.6994865E-01 4.6703431E-02 1.4563307E-02 1.3301678E-02 1.3200367E-02 1.8149774E-04 6.6000228E-04 7.4703415E-03 3.4068018E-05 7.2379481E-03 4.2224393E-02 4.3467547E-02 7.8211538E-05 1.8201581E+00 1.8714161E+01 -2.9490007E-02
2.6764000E+02 2.7427000E+02 8.6700000E+00 4.9200000E+02 9 5.5238435E+01 2.1539416E-01 3.6007831E-01 4.8730819E-02 1.4317395E-02 1.3207095E-02 1.3106246E-02 1.8067024E-04 6.4820741E-04 7.3431808E-03 3.3912693E-05 7.1199528E-03 4.0536957E-02 4.2733659E-02 7.6507283E-05 1.8155009E+00 1.8720068E+01 -2.9260055E-02
2.6764000E+02 2.7427000E+02 8.6700000E+00 4.9700000E+02 9 5.5246131E+01 2.1331530E-01 3.5287282E-01 5.0340293E-02 1.4170814E-02 1.3149452E-02 1.3049035E-02 1.7989544E-04 6.3941237E-04 7.2681615E-03 3.3767259E-05 7.0483279E-03 3.9201636E-02 4.2295978E-02 7.5776191E-05 1.8146977E+00 1.8721150E+01 -2.8892537E-02
2.6764000E+02 2.7427000E+02 8.6700000E+00 5.0200000E+02 9 5.5252281E+01 2.1173547E-01 3.4721900E-01 5.1639925E-02 1.4064179E-02 1.3107047E-02 1.3007069E-02 1.7910853E-04 6.3079345E-04 7.2140866E-03 3.3619552E-05 6.9953794E-03 3.8127271E-02 4.1977517E-02 7.5337391E-05 1.8147235E+00 1.8721155E+01 -2.8556729E-02
2.6764000E+02 2.7427000E+02 8.6700000E+00 5.0500000E+02 9 5.5252044E+01 2.1788830E-01 3.5938020E-01 5.2327035E-02 1.5137962E-02 1.3942124E-02 1.3842415E-02 1.7862692E-04 6.7003615E-04 7.7601906E-03 3.3529151E-05 7.5142944E-03 3.7563568E-02 4.5182698E-02 8.0853152E-05 1.8043590E+00 1.8729171E+01 -2.8970475E-02
2.6764000E+02 2.7427000E+02 8.6700000E+00 5.0600000E+02 9 5.5249739E+01 2.2432472E-01 3.7313695E-01 5.2546423E-02 1.6206806E-02 1.4816711E-02 1.4717092E-02 1.7846525E-04 6.9735413E-04 8.3020422E-03 3.3498804E-05 8.0333784E-03 3.7385535E-02 4.8373870E-02 8.6010946E-05 1.7999101E+00 1.8731522E+01 -2.9239089E-02
2.6764000E+02 2.7427000E+02 8.6700000E+00 5.1100000E+02 9 5.5262507E+01 2.0662956E-01 3.3332377E-01 5.3509253E-02 1.3469447E-02 1.2775424E-02 1.2676330E-02 1.7752662E-04 5.9128436E-04 6.9110160E-03 3.3322620E-05 6.7058798E-03 3.6589853E-02 4.0202112E-02 7.2982398E-05 1.7833544E+00 1.8753836E+01 -3.0041709E-02
2.6764000E+02 2.7427000E+02 8.6700000E+00 5.1600000E+02 9 5.5266396E+01 2.0544477E-01 3.2907070E-01 5.4315851E-02 1.3355924E-02 1.2649064E-02 1.2550443E-02 1.7667893E-04 5.9587970E-04 6.8561513E-03 3.3163504E-05 6.6466212E-03 3.5929964E-02 3.9862735E-02 7.1909495E-05 1.7782280E+00 1.8760092E+01 -3.0172334E-02
2.6764000E+02 2.7427000E+02 8.6700000E+00 5.2100000E+02 9 5.5269492E+01 2.0482665E-01 3.2616045E-01 5.4999077E-02 1.3313323E-02 1.2565203E-02 1.2466994E-02 1.7593927E-04 5.9837074E-04 6.8378644E-03 3.3024667E-05 6.6213014E-03 3.5372911E-02 3.9735009E-02 7.1648241E-05 1.7771823E+00 1.8761392E+01 -3.0065993E-02
2.6764000E+02 2.7427000E+02 8.6700000E+00 5.2600000E+02 9 5.5272100E+01 2.0438828E-01 3.2382647E-01 5.5586393E-02 1.3288646E-02 1.2501104E-02 1.2403301E-02 1.7521100E-04 5.9805694E-04 6.8282540E-03 3.2887967E-05 6.6051783E-03 3.4895959E-02 3.9660921E-02 7.1564314E-05 1.7768065E+00 1.8761814E+01 -2.9928888E-02
2.6764000E+02 2.7427000E+02 8.6700000E+00 5.3100000E+02 9 5.5274359E+01 2.0401312E-01 3.2181032E-01 5.6097402E-02 1.3267292E-02 1.2447882E-02 1.2350496E-02 1.7446461E-04 5.9606875E-04 6.8197313E-03 3.2747865E-05 6.5912964E-03 3.4482764E-02 3.9596864E-02 7.1504888E-05 1.7766840E+00 1.8761939E+01 -2.9805702E-02
2.6764000E+02 2.7427000E+02 8.6700000E+00 5.3600000E+02 9 5.5276346E+01 2.0366891E-01 3.2001651E-01 5.6546450E-02 1.3246034E-02 1.2401438E-02 1.2304481E-02 1.7369686E-04 5.9375142E-04 6.8107256E-03 3.2603754E-05 6.5780012E-03 3.4121283E-02 3.9533172E-02 7.1437315E-05 1.7763008E+00 1.8762322E+01 -2.9710809E-02
2.6764000E+02 2.7427000E+02 8.6700000E+00 5.4100000E+02 9 5.5278107E+01 2.0335154E-01 3.1840352E-01 5.6944311E-02 1.3224835E-02 1.2359585E-02 1.2263066E-02 1.7291120E-04 5.9114349E-04 6.8013443E-03 3.2456283E-05 6.5651368E-03 3.3802443E-02 3.9469699E-02 7.1359730E-05 1.7757584E+00 1.8762869E+01 -2.9639471E-02
2.6764000E+02 2.7427000E+02 8.6700000E+00 5.4600000E+02 9 5.5279677E+01 2.0306082E-01 3.1694768E-01 5.7299267E-02 1.3204275E-02 1.2321073E-02 1.2225001E-02 1.7211199E-04 5.8866397E-04 6.7920070E-03 3.2306266E-05 6.5528577E-03 3.3519267E-02 3.9408164E-02 7.1276801E-05 1.7751150E+00 1.8763521E+01 -2.9586356E-02
2.6764000E+02 2.7427000E+02 8.6700000E+00 5.5100000E+02 9 5.5281084E+01 2.0279751E-01 3.1563188E-01 5.7617827E-02 1.3184888E-02 1.2285171E-02 1.2189550E-02 1.7130308E-04 5.8644451E-04 6.7830817E-03 3.2154431E-05 6.5413244E-03 3.3266275E-02 3.9350143E-02 7.1193256E-05 1.7744189E+00 1.8764229E+01 -2.9546753E-02
2.6764000E+02 2.7427000E+02 8.6700000E+00 5.5600000E+02 9 5.5282348E+01 2.0256142E-01 3.1444149E-01 5.7905203E-02 1.3166996E-02 1.2251438E-02 1.2156272E-02 1.7048762E-04 5.8446240E-04 6.7748011E-03 3.2001364E-05 6.5306251E-03 3.3039083E-02 3.9296593E-02 7.1112354E-05 1.7737006E+00 1.8764960E+01 -2.9517107E-02
2.6764000E+02 2.7427000E+02 8.6700000E+00 5.6100000E+02 9 5.5283489E+01 2.0235119E-01 3.1336308E-01 5.8165637E-02 1.3150718E-02 1.2219588E-02 1.2124880E-02 1.6966807E-04 5.8270221E-04 6.7672715E-03 3.1847531E-05 6.5207736E-03 3.2834128E-02 3.9247866E-02 7.1035877E-05 1.7729819E+00 1.8765691E+01 -2.9494844E-02
2.6764000E+02 2.7427000E+02 8.6700000E+00 5.6600000E+02 9 5.5284522E+01 2.0216466E-01 3.1238426E-01 5.8402629E-02 1.3136034E-02 1.2189422E-02 1.2095173E-02 1.6884635E-04 5.8117706E-04 6.7605104E-03 3.1693290E-05 6.5117349E-03 3.2648474E-02 3.9203902E-02 7.0964551E-05 1.7722767E+00 1.8766408E+01 -2.9478167E-02
2.6764000E+02 2.7427000E+02 8.6700000E+00 5.7100000E+02 9 5.5285460E+01 2.0199959E-01 3.1149385E-01 5.8619098E-02 1.3122852E-02 1.2160783E-02 1.2066992E-02 1.6802394E-04 5.7983660E-04 6.7544869E-03 3.1538920E-05 6.5034497E-03 3.2479678E-02 3.9164424E-02 7.0898469E-05 1.7715902E+00 1.8767105E+01 -2.9465882E-02
2.6764000E+02 2.7427000E+02 8.6700000E+00 5.7600000E+02 9 5.5286315E+01 2.0185359E-01 3.1068185E-01 5.8817500E-02 1.3111044E-02 1.2133537E-02 1.2040205E-02 1.6720201E-04 5.7868446E-04 6.7491443E-03 3.1384640E-05 6.4958500E-03 3.2325686E-02 3.9129052E-02 7.0837385E-05 1.7709260E+00 1.8767778E+01 -2.9457130E-02
2.6764000E+02 2.7427000E+02 8.6700000E+00 5.8100000E+02 9 5.5287096E+01 2.0172451E-01 3.0993938E-01 5.8999919E-02 1.3100471E-02 1.2107568E-02 1.2014694E-02 1.6638150E-04 5.7767200E-04 6.7444148E-03 3.1230626E-05 6.4888654E-03 3.2184760E-02 3.9097368E-02 7.0780913E-05 1.7702829E+00 1.8768429E+01 -2.9451340E-02
2.6764000E+02 2.7427000E+02 8.6700000E+00 5.8200000E+02 9 5.5279589E+01 2.1706864E-01 3.4254982E-01 5.9035780E-02 1.5552047E-02 1.3886478E-02 1.3793696E-02 1.6621746E-04 6.7874210E-04 7.9931982E-03 3.1199835E-05 7.6730365E-03 3.2162398E-02 4.6415315E-02 8.1933978E-05 1.7661848E+00 1.8768728E+01 -2.9709213E-02
2.6764000E+02 2.7427000E+02 8.6700000E+00 5.8700000E+02 9 5.5288163E+01 2.0118133E-01 3.0842775E-01 5.9205804E-02 1.3033599E-02 1.2064240E-02 1.1972250E-02 1.6479860E-04 5.7014563E-04 6.7101959E-03 3.0933507E-05 6.4544431E-03 3.2030576E-02 3.8897681E-02 7.0708649E-05 1.7660584E+00 1.8772483E+01 -2.9664802E-02
2.6764000E+02 2.7427000E+02 8.6700000E+00 5.9200000E+02 9 5.5288662E+01 2.0144887E-01 3.0849808E-01 5.9372573E-02 1.3080530E-02 1.2064179E-02 1.1973215E-02 1.6296082E-04 5.7625116E-04 6.7343520E-03 3.0588547E-05 6.4742051E-03 3.1909517E-02 3.9037636E-02 7.0502758E-05 1.7690131E+00 1.8769863E+01 -2.9441154E-02
2.6764000E+02 2.7427000E+02 8.6700000E+00 5.9700000E+02 9 5.5289121E+01 2.0174346E-01 3.0858695E-01 5.9534423E-02 1.3127220E-02 1.2060850E-02 1.1971070E-02 1.6083887E-04 5.7931346E-04 6.7583551E-03 3.0190247E-05 6.4934544E-03 3.1794789E-02 3.9176822E-02 7.0653816E-05 1.7716628E+00 1.8767120E+01 -2.9232392E-02
2.6764000E+02 2.7427000E+02 8.6700000E+00 6.0200000E+02 9 5.5289586E+01 2.0195961E-01 3.0853186E-01 5.9688342E-02 1.3160489E-02 1.2051228E-02 1.1962661E-02 1.5866530E-04 5.7994560E-04 6.7753035E-03 2.9782258E-05 6.5063918E-03 3.1686950E-02 3.9275997E-02 7.0807624E-05 1.7733536E+00 1.8765309E+01 -2.9085445E-02
2.6764000E+02 2.7427000E+02 8.6700000E+00 6.0700000E+02 9 5.5290053E+01 2.0209707E-01 3.0835041E-01 5.9832842E-02 1.3181472E-02 1.2036998E-02 1.1949609E-02 1.5655624E-04 5.7945361E-04 6.7858319E-03 2.9386375E-05 6.5136690E-03 3.1586319E-02 3.9338546E-02 7.0911235E-05 1.7742732E+00 1.8764304E+01 -2.8991646E-02
2.6764000E+02 2.7427000E+02 8.6700000E+00 6.1200000E+02 9 5.5290512E+01 2.0217696E-01 3.0808915E-01 5.9967536E-02 1.3193773E-02 1.2020135E-02 1.1933864E-02 1.5455343E-04 5.7868682E-04 6.7918516E-03 2.9010438E-05 6.5169972E-03 3.1492876E-02 3.9375196E-02 7.0970596E-05 1.7746317E+00 1.8763894E+01 -2.8935842E-02
2.6764000E+02 2.7427000E+02 8.6700000E+00 6.1700000E+02 9 5.5290952E+01 2.0221923E-01 3.0778612E-01 6.0092657E-02 1.3200452E-02 1.2002039E-02 1.1916823E-02 1.5266373E-04 5.7791815E-04 6.7949795E-03 2.8655733E-05 6.5177997E-03 3.1406358E-02 3.9395070E-02 7.0999310E-05 1.7746432E+00 1.8763855E+01 -2.8904841E-02
2.6764000E+02 2.7427000E+02 8.6700000E+00 6.2200000E+02 9 5.5291370E+01 2.0223883E-01 3.0746726E-01 6.0208762E-02 1.3203680E-02 1.1983577E-02 1.1899356E-02 1.5087972E-04 5.7721903E-04 6.7963610E-03 2.8320865E-05 6.5170716E-03 3.1326346E-02 3.9404642E-02 7.1008580E-05 1.7744338E+00 1.8764051E+01 -2.8889920E-02
2.6764000E+02 2.7427000E+02 8.6700000E+00 6.2700000E+02 9 5.5291763E+01 2.0224549E-01 3.0714846E-01 6.0316537E-02 1.3204877E-02 1.1965246E-02 1.1881969E-02 1.4918969E-04 5.7660890E-04 6.7967421E-03 2.8003639E-05 6.5154576E-03 3.1252356E-02 3.9408142E-02 7.1006140E-05 1.7741019E+00 1.8764379E+01 -2.8885017E-02
2.6764000E+02 2.7427000E+02 8.6700000E+00 6.3200000E+02 9 5.5292130E+01 2.0224537E-01 3.0683889E-01 6.0416692E-02 1.3204930E-02 1.1947315E-02 1.1864935E-02 1.4758208E-04 5.7612354E-04 6.7965820E-03 2.7701883E-05 6.5133638E-03 3.1183887E-02 3.9408226E-02 7.0996943E-05 1.7737034E+00 1.8764779E+01 -2.8886420E-02
2.6764000E+02 2.7427000E+02 8.6700000E+00 6.3700000E+02 9 5.5292473E+01 2.0224217E-01 3.0654317E-01 6.0509911E-02 1.3204371E-02 1.1929912E-02 1.1848389E-02 1.4604702E-04 5.7572996E-04 6.7961500E-03 2.7413744E-05 6.5110348E-03 3.1120451E-02 3.9406478E-02 7.0984037E-05 1.7732694E+00 1.8765217E+01 -2.8891902E-02
2.6764000E+02 2.7427000E+02 8.6700000E+00 6.4200000E+02 9 5.5292792E+01 2.0223805E-01 3.0626337E-01 6.0596823E-02 1.3203515E-02 1.1913083E-02 1.1832381E-02 1.4457655E-04 5.7543128E-04 6.7956030E-03 2.7137730E-05 6.5086161E-03 3.1061595E-02 3.9403842E-02 7.0969245E-05 1.7728200E+00 1.8765671E+01 -2.8900046E-02
2.6764000E+02 2.7427000E+02 8.6700000E+00 6.4700000E+02 9 5.5293089E+01 2.0223438E-01 3.0600008E-01 6.0677997E-02 1.3202551E-02 1.1896828E-02 1.1816914E-02 1.4316438E-04 5.7519621E-04 6.7950320E-03 2.6872657E-05 6.5061940E-03 3.1006905E-02 3.9400878E-02 7.0953614E-05 1.7723648E+00 1.8766132E+01 -2.8910019E-02
2.6764000E+02 2.7427000E+02 8.6700000E+00 6.5000000E+02 9 5.5289623E+01 2.0952906E-01 3.2132156E-01 6.0724751E-02 1.4364070E-02 1.2715877E-02 1.2636425E-02 1.4233688E-04 6.2292313E-04 7.3877101E-03 2.6717333E-05 7.0649126E-03 3.0978408E-02 4.2867526E-02 7.6797421E-05 1.7609025E+00 1.8775330E+01 -2.9570309E-02
