x y z_datum Time Well_no H2O H O Charge Al C Ca Cl Fe K Mg Na S Si U pH pe Alkalinity
2.6764000E+02 2.7427000E+02 8.6700000E+00 0.0000000E+00 9 9.9704301E-01 7.2098600E-06 6.6484776E-04 -3.2324431E-06 0.0000000E+00 1.0067647E-04 6.3262499E-05 4.3211171E-04 0.0000000E+00 2.8240956E-04 5.5605061E-05 2.2967748E-04 1.4127542E-04 0.0000000E+00 0.0000000E+00 7.0300000E+00 -2.2001569E+00 7.1999443E-03
2.6764000E+02 2.7427000E+02 8.6700000E+00 5.0000000E+00 9 5.5325578E+01 2.1548604E-02 6.6653939E-02 -2.9877629E-03 0.0000000E+00 7.0583236E-03 1.3292195E-03 1.0263593E-02 0.0000000E+00 6.0824409E-03 1.9265269E-03 8.4127814E-03 1.1605356E-02 0.0000000E+00 0.0000000E+00 3.9403445E+00 1.6444603E+01 -1.4264235E-04
2.6764000E+02 2.7427000E+02 8.6700000E+00 1.0000000E+01 9 5.5305672E+01 3.7129472E-02 1.1146738E-01 -2.6888581E-03 1.1123333E-03 7.5097613E-03 3.0931146E-03 7.9123479E-03 4.3569282E-05 5.2394844E-03 1.4851866E-03 7.0411348E-03 2.0405512E-02 3.3257135E-03 5.4763973E-06 2.3472072E+00 1.8115804E+01 -8.4941583E-03
2.6764000E+02 2.7427000E+02 8.6700000E+00 1.5000000E+01 9 5.5283751E+01 6.0795794E-02 1.5851823E-01 -2.4398253E-03 2.6268883E-03 7.7649161E-03 4.4417451E-03 5.9534046E-03 1.1150954E-04 4.8366929E-03 1.1174833E-03 6.1821947E-03 2.7738146E-02 7.8498579E-03 1.3543718E-05 2.1347979E+00 1.8364482E+01 -1.4786179E-02
2.6764000E+02 2.7427000E+02 8.6700000E+00 2.0000000E+01 9 5.5265786E+01 8.1583466E-02 1.9739160E-01 -2.2528300E-03 4.0263821E-03 7.9291319E-03 5.4270365E-03 4.4824616E-03 1.7953669E-04 4.6693690E-03 8.4138009E-04 5.6620711E-03 3.3244622E-02 1.2029193E-02 2.1495845E-05 2.0477913E+00 1.8471224E+01 -1.8856167E-02
2.6764000E+02 2.7427000E+02 8.6700000E+00 2.5000000E+01 9 5.5252377E+01 9.7581497E-02 2.2668947E-01 -2.1191708E-03 5.1370149E-03 8.0639988E-03 6.1487861E-03 3.4310711E-03 2.3519220E-04 4.6072578E-03 6.4402892E-04 5.3420202E-03 3.7180904E-02 1.5345219E-02 2.8144992E-05 2.0050092E+00 1.8525385E+01 -2.1411627E-02
2.6764000E+02 2.7427000E+02 8.6700000E+00 3.0000000E+01 9 5.5242817E+01 1.0913412E-01 2.4789312E-01 -2.0256861E-03 5.9670449E-03 8.1923520E-03 6.6876205E-03 2.6957012E-03 2.7677925E-04 4.5914655E-03 5.0599637E-04 5.1432084E-03 3.9934306E-02 1.7823138E-02 3.3290080E-05 1.9826675E+00 1.8554550E+01 -2.2979505E-02
2.6764000E+02 2.7427000E+02 8.6700000E+00 3.5000000E+01 9 5.5236086E+01 1.1732198E-01 2.6305928E-01 -1.9605071E-03 6.5711532E-03 8.3196491E-03 7.1011112E-03 2.1829899E-03 3.0584777E-04 4.5934985E-03 4.0975795E-04 5.0167157E-03 4.1854200E-02 1.9626501E-02 3.7112614E-05 1.9709055E+00 1.8570535E+01 -2.3929391E-02
2.6764000E+02 2.7427000E+02 8.6700000E+00 4.0000000E+01 9 5.5231333E+01 1.2311047E-01 2.7394923E-01 -1.9145657E-03 7.0076049E-03 8.4450015E-03 7.4281877E-03 1.8216048E-03 3.2609477E-04 4.6002733E-03 3.4192418E-04 4.9327851E-03 4.3207567E-02 2.0929378E-02 3.9899822E-05 1.9646333E+00 1.8579501E+01 -2.4507481E-02
2.6764000E+02 2.7427000E+02 8.6700000E+00 4.5000000E+01 9 5.5227927E+01 1.2724465E-01 2.8188843E-01 -1.8814866E-03 7.3248280E-03 8.5660371E-03 7.6944698E-03 1.5613980E-03 3.3997953E-04 4.6065127E-03 2.9308209E-04 4.8739587E-03 4.4182121E-02 2.1876377E-02 4.1925760E-05 1.9613021E+00 1.8584605E+01 -2.4864958E-02
2.6764000E+02 2.7427000E+02 8.6700000E+00 5.0000000E+01 9 5.5225432E+01 1.3025272E-01 2.8780839E-01 -1.8569951E-03 7.5589162E-03 8.6807115E-03 7.9166837E-03 1.3687427E-03 3.4978371E-04 4.6105706E-03 2.5691974E-04 4.8302167E-03 4.4903747E-02 2.2575242E-02 4.3410676E-05 1.9595505E+00 1.8587563E+01 -2.5092466E-02
2.6764000E+02 2.7427000E+02 8.6700000E+00 5.5000000E+01 9 5.5223554E+01 1.3249559E-01 2.9234050E-01 -1.8382976E-03 7.7353411E-03 8.7877641E-03 8.1058349E-03 1.2216646E-03 3.5668764E-04 4.6123488E-03 2.2931245E-04 4.7958988E-03 4.5454712E-02 2.3101997E-02 4.4517135E-05 1.9586419E+00 1.8589319E+01 -2.5243037E-02
2.6764000E+02 2.7427000E+02 8.6700000E+00 6.0000000E+01 9 5.5222100E+01 1.3421277E-01 2.9590461E-01 -1.8235875E-03 7.8714943E-03 8.8866592E-03 8.2693201E-03 1.1059524E-03 3.6165253E-04 4.6122627E-03 2.0759271E-04 4.7677751E-03 4.5888222E-02 2.3508546E-02 4.5359337E-05 1.9581828E+00 1.8590392E+01 -2.5347439E-02
2.6764000E+02 2.7427000E+02 8.6700000E+00 6.5000000E+01 9 5.5220944E+01 1.3556187E-01 2.9877873E-01 -1.8116945E-03 7.9790904E-03 8.9773871E-03 8.4122693E-03 1.0123989E-03 3.6543630E-04 4.6108145E-03 1.9003225E-04 4.7439627E-03 4.6238751E-02 2.3829848E-02 4.6015432E-05 1.9579627E+00 1.8591067E+01 -2.5423538E-02
2.6764000E+02 2.7427000E+02 8.6700000E+00 6.6000000E+01 9 5.5214659E+01 1.4798622E-01 3.2812723E-01 -1.8094201E-03 1.0087602E-02 1.0970140E-02 1.0415008E-02 9.9450805E-04 4.5164069E-04 5.6582487E-03 1.8667405E-04 5.7661190E-03 4.6311430E-02 3.0128070E-02 5.6282908E-05 1.9542432E+00 1.8591499E+01 -2.5626362E-02
2.6764000E+02 2.7427000E+02 8.6700000E+00 6.7000000E+01 9 5.5214650E+01 1.4782773E-01 3.2776274E-01 -1.8072424E-03 1.0041080E-02 1.0937089E-02 1.0391521E-02 9.7737709E-04 4.4449348E-04 5.6249305E-03 1.8345849E-04 5.7289265E-03 4.6376280E-02 2.9988910E-02 5.7068160E-05 1.9472662E+00 1.8597484E+01 -2.5998965E-02
2.6764000E+02 2.7427000E+02 8.6700000E+00 7.2000000E+01 9 5.5216405E+01 1.3691727E-01 3.0205607E-01 -1.7609169E-03 7.8672720E-03 8.9329474E-03 8.4273558E-03 9.0575874E-04 3.5215087E-04 4.4905248E-03 1.7001537E-04 4.6026179E-03 4.7284717E-02 2.3495944E-02 4.5990724E-05 1.9208735E+00 1.8732919E+01 -2.7698958E-02
2.6764000E+02 2.7427000E+02 8.6700000E+00 7.7000000E+01 9 5.5210728E+01 1.3992600E-01 3.0861422E-01 -1.7097405E-03 8.0237581E-03 9.0102401E-03 8.5386651E-03 8.4481870E-04 3.7601728E-04 4.5344893E-03 1.5857662E-04 4.6277264E-03 4.8272869E-02 2.3962687E-02 5.2194561E-05 1.9068404E+00 1.8804287E+01 -2.8758554E-02
2.6764000E+02 2.7427000E+02 8.6700000E+00 8.2000000E+01 9 5.5205688E+01 1.4292546E-01 3.1502329E-01 -1.6662431E-03 8.2207677E-03 9.1068121E-03 8.6645977E-03 7.9221959E-04 3.9887913E-04 4.6042903E-03 1.4870351E-04 4.6789465E-03 4.9118031E-02 2.4550290E-02 6.1212195E-05 1.8995193E+00 1.8843075E+01 -2.9396429E-02
2.6764000E+02 2.7427000E+02 8.6700000E+00 8.7000000E+01 9 5.5201729E+01 1.4543245E-01 3.2035409E-01 -1.6325847E-03 8.3991109E-03 9.1994698E-03 8.7828954E-03 7.4628589E-04 4.1663019E-04 4.6684155E-03 1.4008153E-04 4.7267724E-03 4.9782400E-02 2.5082261E-02 7.0010437E-05 1.8956278E+00 1.8865380E+01 -2.9787182E-02
2.6764000E+02 2.7427000E+02 8.6700000E+00 9.1000000E+01 9 5.5197762E+01 1.5002595E-01 3.3066295E-01 -1.6113998E-03 9.0197550E-03 9.7023903E-03 9.3043184E-03 7.1313912E-04 4.5347684E-04 4.9624072E-03 1.3385972E-04 5.0021569E-03 5.0212319E-02 2.6935269E-02 8.1368606E-05 1.8855069E+00 1.8884804E+01 -3.0477896E-02
2.6764000E+02 2.7427000E+02 8.6700000E+00 9.2000000E+01 9 5.5192446E+01 1.5991467E-01 3.5356693E-01 -1.6064493E-03 1.0657869E-02 1.1173509E-02 1.0779943E-02 7.0506772E-04 5.3055326E-04 5.7815202E-03 1.3234468E-04 5.7988195E-03 5.0324586E-02 3.1827729E-02 9.7895652E-05 1.8801287E+00 1.8891335E+01 -3.0810210E-02
2.6764000E+02 2.7427000E+02 8.6700000E+00 9.7000000E+01 9 5.5191809E+01 1.4882797E-01 3.2888246E-01 -2.1964718E-03 8.4327090E-03 9.1983800E-03 8.8248516E-03 6.6916977E-04 4.1968878E-04 4.6410735E-03 1.2560646E-04 4.6782428E-03 5.1656378E-02 2.5181903E-02 8.2081707E-05 1.8618914E+00 1.8925822E+01 -3.2432687E-02
2.6764000E+02 2.7427000E+02 8.6700000E+00 1.0200000E+02 9 5.5183609E+01 1.5211252E-01 3.3714812E-01 -2.8925850E-03 8.6072296E-03 9.2716271E-03 8.9160486E-03 6.3701279E-04 4.4585412E-04 4.7117139E-03 1.1957043E-04 4.7351388E-03 5.3079475E-02 2.5702310E-02 8.7254104E-05 1.8508188E+00 1.8949292E+01 -3.3593184E-02
2.6764000E+02 2.7427000E+02 8.6700000E+00 1.0700000E+02 9 5.5176636E+01 1.5516691E-01 3.4463589E-01 -3.4837521E-03 8.7989986E-03 9.3556158E-03 9.0162170E-03 6.0802726E-04 4.6761993E-04 4.7930150E-03 1.1412971E-04 4.8029567E-03 5.4269986E-02 2.6274174E-02 9.2930509E-05 1.8447156E+00 1.8964111E+01 -3.4360288E-02
2.6764000E+02 2.7427000E+02 8.6700000E+00 1.1200000E+02 9 5.5171282E+01 1.5764435E-01 3.5063126E-01 -3.9301964E-03 8.9657990E-03 9.4332098E-03 9.1084765E-03 5.8175419E-04 4.8436177E-04 4.8629737E-03 1.0919812E-04 4.8612241E-03 5.5183015E-02 2.6771622E-02 9.7968379E-05 1.8413641E+00 1.8973389E+01 -3.4862085E-02
2.6764000E+02 2.7427000E+02 8.6700000E+00 1.1700000E+02 9 5.5167341E+01 1.5955099E-01 3.5520783E-01 -4.2495275E-03 9.0994227E-03 9.5003730E-03 9.1890004E-03 5.5781870E-04 4.9658881E-04 4.9171759E-03 1.0470531E-04 4.9056855E-03 5.5859670E-02 2.7170167E-02 1.0208918E-04 1.8393787E+00 1.8979382E+01 -3.5194606E-02
2.6764000E+02 2.7427000E+02 8.6700000E+00 1.2200000E+02 9 5.5164479E+01 1.6099486E-01 3.5865502E-01 -4.4723293E-03 9.2034009E-03 9.5575710E-03 9.2584270E-03 5.3591130E-04 5.0542701E-04 4.9572903E-03 1.0059319E-04 4.9377279E-03 5.6357637E-02 2.7480324E-02 1.0533099E-04 1.8382055E+00 1.8983287E+01 -3.5417283E-02
2.6764000E+02 2.7427000E+02 8.6700000E+00 1.2400000E+02 9 5.5158398E+01 1.7172305E-01 3.8298693E-01 -4.5480300E-03 1.0944331E-02 1.0995441E-02 1.0701018E-02 5.2745453E-04 6.0781932E-04 5.8309589E-03 9.9005810E-05 5.7808269E-03 5.6547909E-02 3.2678672E-02 1.2530655E-04 1.8289933E+00 1.8992569E+01 -3.6039325E-02
2.6764000E+02 2.7427000E+02 8.6700000E+00 1.2500000E+02 9 5.5156507E+01 1.7483451E-01 3.9016405E-01 -4.5827766E-03 1.1441775E-02 1.1445357E-02 1.1153252E-02 5.2330050E-04 6.2046849E-04 6.0788808E-03 9.8226078E-05 6.0211117E-03 5.6635396E-02 3.4164259E-02 1.3214514E-04 1.8227436E+00 1.8998875E+01 -3.6494639E-02
2.6764000E+02 2.7427000E+02 8.6700000E+00 1.3000000E+02 9 5.5162088E+01 1.6121117E-01 3.5968173E-01 -4.7003842E-03 9.1048340E-03 9.5078336E-03 9.2256417E-03 5.0554202E-04 4.8918634E-04 4.8894682E-03 9.4892723E-05 4.8647124E-03 5.6908514E-02 2.7185844E-02 1.0810938E-04 1.8237554E+00 1.9000511E+01 -3.6619678E-02
2.6764000E+02 2.7427000E+02 8.6700000E+00 1.3100000E+02 9 5.5154707E+01 1.7558394E-01 3.9218057E-01 -4.7220051E-03 1.1483212E-02 1.1475199E-02 1.1194944E-02 5.0207155E-04 6.4314720E-04 6.0875150E-03 9.4241298E-05 6.0235720E-03 5.6983038E-02 3.4287834E-02 1.3229293E-04 1.8204147E+00 1.9003261E+01 -3.6795431E-02
2.6764000E+02 2.7427000E+02 8.6700000E+00 1.3200000E+02 9 5.5154542E+01 1.7549789E-01 3.9194310E-01 -4.7419656E-03 1.1449246E-02 1.1449453E-02 1.1171106E-02 4.9865536E-04 6.2659553E-04 6.0687209E-03 9.3600064E-05 6.0036923E-03 5.7037576E-02 3.4186169E-02 1.3436981E-04 1.8165864E+00 1.9007046E+01 -3.7072471E-02
2.6764000E+02 2.7427000E+02 8.6700000E+00 1.3700000E+02 9 5.5152857E+01 1.6353901E-01 3.6665308E-01 -6.1277911E-03 9.1165228E-03 9.5223587E-03 9.2526654E-03 4.8315104E-04 4.9344220E-04 4.8825114E-03 9.0689827E-05 4.8515052E-03 5.8764161E-02 2.7220435E-02 1.0957401E-04 1.8053646E+00 1.9000126E+01 -3.8612849E-02
2.6764000E+02 2.7427000E+02 8.6700000E+00 1.4200000E+02 9 5.5142203E+01 1.6735575E-01 3.7677659E-01 -7.7416580E-03 9.3399897E-03 9.6429849E-03 9.3812124E-03 4.6896094E-04 5.2290923E-04 4.9884244E-03 8.8026274E-05 4.9471114E-03 6.0759601E-02 2.7887012E-02 1.0841535E-04 1.7989390E+00 1.8978062E+01 -3.9780083E-02
2.6764000E+02 2.7427000E+02 8.6700000E+00 1.4700000E+02 9 5.5132915E+01 1.7094130E-01 3.8602105E-01 -9.1261319E-03 9.5747158E-03 9.7698358E-03 9.5153986E-03 4.5581997E-04 5.4345423E-04 5.1007634E-03 8.5559650E-05 5.0489253E-03 6.2470782E-02 2.8587152E-02 1.0551854E-04 1.7956932E+00 1.8949363E+01 -4.0598179E-02
2.6764000E+02 2.7427000E+02 8.6700000E+00 1.5200000E+02 9 5.5125695E+01 1.7382538E-01 3.9338098E-01 -1.0188411E-02 9.7714254E-03 9.8802807E-03 9.6327018E-03 4.4353332E-04 5.5703694E-04 5.1940865E-03 8.3253385E-05 5.1332874E-03 6.3791954E-02 2.9173928E-02 1.0082626E-04 1.7939216E+00 1.8919223E+01 -4.1167284E-02
2.6764000E+02 2.7427000E+02 8.6700000E+00 1.5700000E+02 9 5.5120356E+01 1.7600752E-01 3.9892346E-01 -1.0962632E-02 9.9234231E-03 9.9702995E-03 9.7291772E-03 4.3196654E-04 5.6561898E-04 5.2649115E-03 8.1082243E-05 5.1968474E-03 6.4766441E-02 2.9627359E-02 9.5245478E-05 1.7928897E+00 1.8890653E+01 -4.1562024E-02
2.6764000E+02 2.7427000E+02 8.6700000E+00 1.6200000E+02 9 5.5116485E+01 1.7762268E-01 4.0301542E-01 -1.1514113E-02 1.0037451E-02 1.0042156E-02 9.8071404E-03 4.2102644E-04 5.7091650E-04 5.3166686E-03 7.9028734E-05 5.2427214E-03 6.5473339E-02 2.9967542E-02 8.9598632E-05 1.7922520E+00 1.8865457E+01 -4.1837179E-02
2.6764000E+02 2.7427000E+02 8.6700000E+00 1.6700000E+02 9 5.5113678E+01 1.7881898E-01 4.0604201E-01 -1.1905161E-02 1.0122795E-02 1.0099664E-02 9.8704429E-03 4.1064611E-04 5.7426932E-04 5.3540928E-03 7.7080294E-05 5.2752820E-03 6.5987397E-02 3.0222167E-02 8.4415683E-05 1.7918369E+00 1.8844441E+01 -4.2031705E-02
2.6764000E+02 2.7427000E+02 8.6700000E+00 1.6800000E+02 9 5.5105872E+01 1.9365973E-01 4.3923171E-01 -1.1977439E-02 1.2553395E-02 1.2047895E-02 1.1819821E-02 4.0859193E-04 7.3395079E-04 6.5811551E-03 7.6694716E-05 6.4587039E-03 6.6090693E-02 3.7479537E-02 9.7067390E-05 1.7878793E+00 1.8842044E+01 -4.2277004E-02
2.6764000E+02 2.7427000E+02 8.6700000E+00 1.6900000E+02 9 5.5105558E+01 1.9352525E-01 4.3889975E-01 -1.2044253E-02 1.2504022E-02 1.2012192E-02 1.1785251E-02 4.0655919E-04 7.0898954E-04 6.5553624E-03 7.6313159E-05 6.4324891E-03 6.6180458E-02 3.7331889E-02 9.6682244E-05 1.7831099E+00 1.8841998E+01 -4.2671234E-02
2.6764000E+02 2.7427000E+02 8.6700000E+00 1.7400000E+02 9 5.5120303E+01 1.7076105E-01 3.9978378E-01 -1.6950282E-02 9.9696002E-03 1.0014433E-02 9.7928920E-03 3.9688610E-04 5.4858545E-04 5.2684166E-03 7.4497472E-05 5.1894192E-03 6.4960249E-02 2.9764750E-02 7.7310365E-05 1.8620071E+00 1.8750692E+01 -3.6624025E-02
2.6764000E+02 2.7427000E+02 8.6700000E+00 1.7500000E+02 9 5.5115614E+01 1.8188301E-01 4.2830745E-01 -1.8079596E-02 1.2141948E-02 1.1947530E-02 1.1727059E-02 3.9497076E-04 6.6256098E-04 6.3602402E-03 7.4137954E-05 6.2529311E-03 6.4670410E-02 3.6253178E-02 8.8045393E-05 1.8777044E+00 1.8730006E+01 -3.5439025E-02
2.6764000E+02 2.7427000E+02 8.6700000E+00 1.7600000E+02 9 5.5117990E+01 1.7906317E-01 4.2521914E-01 -1.9302007E-02 1.2002822E-02 1.1905228E-02 1.1685815E-02 3.9307438E-04 6.3445538E-04 6.2874369E-03 7.3781995E-05 6.1852038E-03 6.4338764E-02 3.5838346E-02 8.7335920E-05 1.8946895E+00 1.8709561E+01 -3.4248801E-02
2.6764000E+02 2.7427000E+02 8.6700000E+00 1.8100000E+02 9 5.5059550E+01 1.7673746E-01 4.3995335E-01 -3.0548751E-02 9.4402251E-03 9.9239541E-03 9.7095885E-03 3.8403238E-04 4.8547248E-04 4.9853341E-03 7.2084767E-05 4.9305235E-03 7.6645344E-02 2.8187715E-02 6.9551741E-05 1.7747499E+00 1.8822761E+01 -4.7815788E-02
2.6764000E+02 2.7427000E+02 8.6700000E+00 1.8600000E+02 9 5.4976501E+01 1.9759134E-01 5.0368523E-01 -4.1667236E-02 9.6600991E-03 9.9864396E-03 9.7768921E-03 3.7540070E-04 5.3317799E-04 5.0945416E-03 7.0464558E-05 5.0267180E-03 9.1904480E-02 2.8842766E-02 6.7589574E-05 1.6635389E+00 1.8926525E+01 -6.4952631E-02
2.6764000E+02 2.7427000E+02 8.6700000E+00 1.9100000E+02 9 5.4902678E+01 2.1913990E-01 5.6363294E-01 -5.0695855E-02 1.0212338E-02 1.0067786E-02 9.8628428E-03 3.6715303E-04 6.0848745E-04 5.3785586E-03 6.8916430E-05 5.2771016E-03 1.0521684E-01 3.0487096E-02 6.8168235E-05 1.5933669E+00 1.8990293E+01 -7.9354672E-02
2.6764000E+02 2.7427000E+02 8.6700000E+00 1.9600000E+02 9 5.4844888E+01 2.3759535E-01 6.1249257E-01 -5.7448088E-02 1.0852886E-02 1.0143712E-02 9.9431712E-03 3.5926555E-04 6.8761772E-04 5.7095194E-03 6.7435911E-05 5.5682164E-03 1.1549493E-01 3.2394067E-02 6.9601148E-05 1.5512872E+00 1.9027054E+01 -8.9948888E-02
2.6764000E+02 2.7427000E+02 8.6700000E+00 2.0100000E+02 9 5.4802232E+01 2.5211521E-01 6.4972837E-01 -6.2306845E-02 1.1450731E-02 1.0208420E-02 1.0012093E-02 3.5171649E-04 7.5600486E-04 6.0185456E-03 6.6018915E-05 5.8394735E-03 1.2299809E-01 3.4173795E-02 7.1086420E-05 1.5261170E+00 1.9047849E+01 -9.7286862E-02
2.6764000E+02 2.7427000E+02 8.6700000E+00 2.0600000E+02 9 5.4771605E+01 2.6306164E-01 6.7719328E-01 -6.5750762E-02 1.1956639E-02 1.0262588E-02 1.0070297E-02 3.4448580E-04 8.0988542E-04 6.2796203E-03 6.4661680E-05 6.0682586E-03 1.2833607E-01 3.5679839E-02 7.2313938E-05 1.5110104E+00 1.9059360E+01 -1.0222259E-01
2.6764000E+02 2.7427000E+02 8.6700000E+00 2.1100000E+02 9 5.4749794E+01 2.7116320E-01 6.9722323E-01 -6.8194605E-02 1.2365015E-02 1.0308685E-02 1.0120263E-02 3.3755497E-04 8.5107649E-04 6.4896952E-03 6.3360728E-05 6.2521008E-03 1.3210872E-01 3.6895620E-02 7.3218876E-05 1.5019113E+00 1.9065498E+01 -1.0550693E-01
2.6764000E+02 2.7427000E+02 8.6700000E+00 2.1600000E+02 9 5.4734163E+01 2.7715227E-01 7.1189297E-01 -6.9952169E-02 1.2688574E-02 1.0349170E-02 1.0164459E-02 3.3090683E-04 8.8245860E-04 6.6553818E-03 6.2112839E-05 6.3969400E-03 1.3479584E-01 3.7859003E-02 7.3838808E-05 1.4964050E+00 1.9068557E+01 -1.0769943E-01
2.6764000E+02 2.7427000E+02 8.6700000E+00 2.2100000E+02 9 5.4722765E+01 2.8163124E-01 7.2280723E-01 -7.1244533E-02 1.2944818E-02 1.0385913E-02 1.0204764E-02 3.2452543E-04 9.0659333E-04 6.7858186E-03 6.0915020E-05 6.5109095E-03 1.3674569E-01 3.8622077E-02 7.4240891E-05 1.4930524E+00 1.9069878E+01 -1.0918411E-01
2.6764000E+02 2.7427000E+02 8.6700000E+00 2.2600000E+02 9 5.4714246E+01 2.8504914E-01 7.3111882E-01 -7.2221201E-02 1.3149994E-02 1.0420154E-02 1.0242426E-02 3.1839595E-04 9.2543636E-04 6.8894954E-03 5.9764486E-05 6.6015493E-03 1.3819759E-01 3.9233195E-02 7.4489654E-05 1.4909974E+00 1.9070243E+01 -1.1021244E-01
2.6764000E+02 2.7427000E+02 8.6700000E+00 2.3100000E+02 9 5.4707696E+01 2.8772237E-01 7.3762121E-01 -7.2981069E-02 1.3317110E-02 1.0452644E-02 1.0278205E-02 3.1250456E-04 9.4040971E-04 6.9732161E-03 5.8658643E-05 6.6748800E-03 1.3931093E-01 3.9731048E-02 7.4636155E-05 1.4897309E+00 1.9070099E+01 -1.1094490E-01
2.6764000E+02 2.7427000E+02 8.6700000E+00 2.3600000E+02 9 5.4702514E+01 2.8986757E-01 7.4284847E-01 -7.3589026E-02 1.3455841E-02 1.0483807E-02 1.0312531E-02 3.0683837E-04 9.5249279E-04 7.0420452E-03 5.7595072E-05 6.7353747E-03 1.4019032E-01 4.0144426E-02 7.4717055E-05 1.4889489E+00 1.9069701E+01 -1.1148279E-01
2.6764000E+02 2.7427000E+02 8.6700000E+00 2.4100000E+02 9 5.4698304E+01 2.9163135E-01 7.4715751E-01 -7.4087783E-02 1.3573137E-02 1.0513876E-02 1.0345643E-02 3.0138534E-04 9.6238101E-04 7.0996136E-03 5.6571511E-05 6.7862476E-03 1.4090422E-01 4.0494002E-02 7.4757081E-05 1.4884689E+00 1.9069192E+01 -1.1188998E-01
2.6764000E+02 2.7427000E+02 8.6700000E+00 2.4600000E+02 9 5.4694803E+01 2.9311221E-01 7.5078723E-01 -7.4505802E-02 1.3673891E-02 1.0542977E-02 1.0377676E-02 2.9613419E-04 9.7058194E-04 7.1484875E-03 5.5585845E-05 6.8297468E-03 1.4149779E-01 4.0794329E-02 7.4772136E-05 1.4881796E+00 1.9068651E+01 -1.1220726E-01
2.6764000E+02 2.7427000E+02 8.6700000E+00 2.5100000E+02 9 5.4691834E+01 2.9437711E-01 7.5389963E-01 -7.4862421E-02 1.3761544E-02 1.0571186E-02 1.0408709E-02 2.9107437E-04 9.7745916E-04 7.1904913E-03 5.4636092E-05 6.8674297E-03 1.4200130E-01 4.1055641E-02 7.4772140E-05 1.4880114E+00 1.9068119E+01 -1.1246115E-01
2.6764000E+02 2.7427000E+02 8.6700000E+00 2.5600000E+02 9 5.4689277E+01 2.9547253E-01 7.5660698E-01 -7.5171110E-02 1.3838558E-02 1.0598550E-02 1.0438796E-02 2.8619599E-04 9.8328362E-04 7.2269536E-03 5.3720395E-05 6.9003856E-03 1.4243550E-01 4.1285266E-02 7.4763200E-05 1.4879204E+00 1.9067621E+01 -1.1266926E-01
2.6764000E+02 2.7427000E+02 8.6700000E+00 2.6100000E+02 9 5.4687046E+01 2.9643153E-01 7.5898915E-01 -7.5441507E-02 1.3906743E-02 1.0625097E-02 1.0467971E-02 2.8148975E-04 9.8825690E-04 7.2588605E-03 5.2837011E-05 6.9294029E-03 1.4281500E-01 4.1488588E-02 7.4749099E-05 1.4878780E+00 1.9067166E+01 -1.1284353E-01
2.6764000E+02 2.7427000E+02 8.6700000E+00 2.6400000E+02 9 5.4680968E+01 3.0668052E-01 7.8001893E-01 -7.5591665E-02 1.5448784E-02 1.1526047E-02 1.1370463E-02 2.7872605E-04 1.1246742E-03 8.0463625E-03 5.2318250E-05 7.6669131E-03 1.4302833E-01 4.6088457E-02 8.1986287E-05 1.4835233E+00 1.9069369E+01 -1.1370377E-01
2.6764000E+02 2.7427000E+02 8.6700000E+00 2.6500000E+02 9 5.4675725E+01 3.1656975E-01 8.0031705E-01 -7.5640434E-02 1.6972291E-02 1.2448333E-02 1.2293260E-02 2.7781141E-04 1.2665659E-03 8.8246363E-03 5.2146569E-05 8.3981626E-03 1.4309932E-01 5.0633593E-02 8.8862672E-05 1.4810026E+00 1.9070062E+01 -1.1416019E-01
2.6764000E+02 2.7427000E+02 8.6700000E+00 2.7000000E+02 9 5.4683272E+01 2.9912041E-01 7.6517069E-01 -7.5818882E-02 1.4215058E-02 1.0826284E-02 1.0672952E-02 2.7469176E-04 9.9162037E-04 7.4115444E-03 5.1560995E-05 7.0728658E-03 1.4334336E-01 4.2408391E-02 7.6487848E-05 1.4932277E+00 1.9059639E+01 -1.1198879E-01
2.6764000E+02 2.7427000E+02 8.6700000E+00 2.7500000E+02 9 5.4680399E+01 3.0278885E-01 7.7302771E-01 -7.5981453E-02 1.4742858E-02 1.1150419E-02 1.0998883E-02 2.7147381E-04 1.0463234E-03 7.6790399E-03 5.0956969E-05 7.3242171E-03 1.4357108E-01 4.3982971E-02 7.8344922E-05 1.5058507E+00 1.9045424E+01 -1.0966635E-01
2.6764000E+02 2.7427000E+02 8.6700000E+00 2.8000000E+02 9 5.4677964E+01 3.0573084E-01 7.7942903E-01 -7.6132482E-02 1.5161370E-02 1.1429045E-02 1.1279332E-02 2.6820772E-04 1.0789001E-03 7.8901395E-03 5.0343907E-05 7.5236436E-03 1.4378314E-01 4.5231757E-02 8.0155532E-05 1.5159483E+00 1.9033624E+01 -1.0783410E-01
2.6764000E+02 2.7427000E+02 8.6700000E+00 2.8500000E+02 9 5.4675985E+01 3.0790987E-01 7.8434290E-01 -7.6271915E-02 1.5468856E-02 1.1658432E-02 1.1510508E-02 2.6500337E-04 1.0981886E-03 8.0440922E-03 4.9742436E-05 7.6703096E-03 1.4397902E-01 4.6149528E-02 8.1488838E-05 1.5234523E+00 1.9024743E+01 -1.0649785E-01
2.6764000E+02 2.7427000E+02 8.6700000E+00 2.8900000E+02 9 5.4672374E+01 3.1381177E-01 7.9681286E-01 -7.6376461E-02 1.6366274E-02 1.2247089E-02 1.2100562E-02 2.6250036E-04 1.1692597E-03 8.5002843E-03 4.9272609E-05 8.1007269E-03 1.4412725E-01 4.8827232E-02 8.5665737E-05 1.5253855E+00 1.9021007E+01 -1.0614083E-01
2.6764000E+02 2.7427000E+02 8.6700000E+00 2.9000000E+02 9 5.4664879E+01 3.2852022E-01 8.2729116E-01 -7.6402167E-02 1.8665836E-02 1.3693291E-02 1.3547111E-02 2.6187862E-04 1.3912819E-03 9.6741693E-03 4.9155905E-05 9.2067957E-03 1.4416705E-01 5.5688457E-02 9.5496262E-05 1.5246786E+00 1.9019130E+01 -1.0619712E-01
2.6764000E+02 2.7427000E+02 8.6700000E+00 2.9500000E+02 9 5.4727081E+01 2.9592365E-01 7.4844488E-01 -6.9992363E-02 1.5609320E-02 1.1878132E-02 1.1733627E-02 2.5887706E-04 1.0778480E-03 8.1087070E-03 4.8592497E-05 7.7369320E-03 1.3447430E-01 4.6569764E-02 8.2324582E-05 1.5763776E+00 1.8970021E+01 -9.3351146E-02
2.6764000E+02 2.7427000E+02 8.6700000E+00 3.0000000E+02 9 5.4795502E+01 2.7809838E-01 6.9724140E-01 -6.1683769E-02 1.5505241E-02 1.1997256E-02 1.1854371E-02 2.5597755E-04 1.0710469E-03 8.0479516E-03 4.8048245E-05 7.6917514E-03 1.2192140E-01 4.6261999E-02 8.1330765E-05 1.6497612E+00 1.8896246E+01 -7.7510628E-02
2.6764000E+02 2.7427000E+02 8.6700000E+00 3.0100000E+02 9 5.4801284E+01 2.9091998E-01 7.2218158E-01 -5.9984821E-02 1.8133703E-02 1.3914860E-02 1.3772296E-02 2.5540167E-04 1.3136076E-03 9.3817835E-03 4.7940150E-05 8.9662128E-03 1.1935974E-01 5.4108674E-02 9.2730099E-05 1.6641979E+00 1.8878575E+01 -7.4517208E-02
2.6764000E+02 2.7427000E+02 8.6700000E+00 3.0200000E+02 9 5.4815696E+01 2.8649667E-01 7.1016711E-01 -5.8281237E-02 1.7990401E-02 1.3907678E-02 1.3765432E-02 2.5482975E-04 1.2668562E-03 9.3059936E-03 4.7832798E-05 8.8995924E-03 1.1678674E-01 5.3682166E-02 9.3197616E-05 1.6783409E+00 1.8863136E+01 -7.1692741E-02
2.6764000E+02 2.7427000E+02 8.6700000E+00 3.0300000E+02 9 5.4830477E+01 2.8163408E-01 6.9733152E-01 -5.6556440E-02 1.7792908E-02 1.3873844E-02 1.3732341E-02 2.5350045E-04 1.2282324E-03 9.2017734E-03 4.7583282E-05 8.8066510E-03 1.1418310E-01 5.3094103E-02 9.2624626E-05 1.6914260E+00 1.8849926E+01 -6.9092673E-02
2.6764000E+02 2.7427000E+02 8.6700000E+00 3.0800000E+02 9 5.4899460E+01 2.4592122E-01 6.1087568E-01 -4.9415678E-02 1.4493726E-02 1.1895046E-02 1.1756445E-02 2.4830231E-04 9.3720946E-04 7.5101386E-03 4.6607565E-05 7.2192553E-03 1.0339180E-01 4.3251535E-02 7.6608381E-05 1.7553189E+00 1.8791404E+01 -5.8187902E-02
2.6764000E+02 2.7427000E+02 8.6700000E+00 3.1300000E+02 9 5.4946666E+01 2.3053616E-01 5.7078076E-01 -4.3903462E-02 1.3926751E-02 1.1874593E-02 1.1739355E-02 2.4227661E-04 8.7440948E-04 7.2062592E-03 4.5476512E-05 6.9546472E-03 9.5064832E-02 4.1564597E-02 7.3343694E-05 1.8105704E+00 1.8737007E+01 -5.0007329E-02
2.6764000E+02 2.7427000E+02 8.6700000E+00 3.1800000E+02 9 5.4982074E+01 2.1850852E-01 5.4001620E-01 -3.9806485E-02 1.3422591E-02 1.1868225E-02 1.1736858E-02 2.3534205E-04 8.0281854E-04 6.9351242E-03 4.4174861E-05 6.7180076E-03 8.8876436E-02 4.0064466E-02 7.0987924E-05 1.8537469E+00 1.8693881E+01 -4.4284604E-02
2.6764000E+02 2.7427000E+02 8.6700000E+00 3.2300000E+02 9 5.5008154E+01 2.0918128E-01 5.1670981E-01 -3.6824747E-02 1.2978298E-02 1.1864087E-02 1.1736868E-02 2.2791217E-04 7.3918017E-04 6.6958250E-03 4.2780236E-05 6.5078387E-03 8.4373371E-02 3.8742213E-02 6.9049657E-05 1.8854081E+00 1.8662105E+01 -4.0422333E-02
2.6764000E+02 2.7427000E+02 8.6700000E+00 3.2800000E+02 9 5.5027217E+01 2.0199545E-01 4.9917521E-01 -3.4673785E-02 1.2597135E-02 1.1859366E-02 1.1736354E-02 2.2037303E-04 6.8838534E-04 6.4904148E-03 4.1365102E-05 6.3258654E-03 8.1125762E-02 3.7607568E-02 6.7419069E-05 1.9073370E+00 1.8640049E+01 -3.7868839E-02
2.6764000E+02 2.7427000E+02 8.6700000E+00 3.2900000E+02 9 5.5024502E+01 2.1320875E-01 5.2475745E-01 -3.4274598E-02 1.4628873E-02 1.3739240E-02 1.3617071E-02 2.1886378E-04 7.7577065E-04 7.5117132E-03 4.1081807E-05 7.3211482E-03 8.0528422E-02 4.3676729E-02 7.6834307E-05 1.9097967E+00 1.8634536E+01 -3.7502179E-02
2.6764000E+02 2.7427000E+02 8.6700000E+00 3.3000000E+02 9 5.5027954E+01 2.1163524E-01 5.2101182E-01 -3.3904258E-02 1.4508338E-02 1.3703310E-02 1.3581982E-02 2.1735583E-04 7.5606488E-04 7.4486839E-03 4.0798758E-05 7.2625756E-03 7.9969982E-02 4.3317248E-02 7.7200440E-05 1.9100451E+00 1.8633186E+01 -3.7324572E-02
2.6764000E+02 2.7427000E+02 8.6700000E+00 3.3500000E+02 9 5.5018207E+01 2.0324701E-01 4.9974967E-01 -3.3111655E-02 1.1973138E-02 1.1726738E-02 1.1609489E-02 2.1005042E-04 6.1711932E-04 6.1600913E-03 3.9427497E-05 6.0238206E-03 8.3193547E-02 3.5747977E-02 6.5071467E-05 1.8197874E+00 1.8727821E+01 -4.5375640E-02
2.6764000E+02 2.7427000E+02 8.6700000E+00 3.4000000E+02 9 5.4990087E+01 2.1416460E-01 5.2091522E-01 -3.2819995E-02 1.2024444E-02 1.1713242E-02 1.1599884E-02 2.0307916E-04 6.4852210E-04 6.1845810E-03 3.8118957E-05 6.0398847E-03 8.8339505E-02 3.5900072E-02 6.4833669E-05 1.7357870E+00 1.8812435E+01 -5.4776468E-02
2.6764000E+02 2.7427000E+02 8.6700000E+00 3.4500000E+02 9 5.4962099E+01 2.2652656E-01 5.4455398E-01 -3.2715882E-02 1.2350475E-02 1.1722643E-02 1.1612969E-02 1.9647885E-04 7.0307130E-04 6.3538331E-03 3.6880047E-05 6.1832792E-03 9.3274689E-02 3.6870030E-02 6.6131939E-05 1.6770267E+00 1.8871133E+01 -6.2688015E-02
2.6764000E+02 2.7427000E+02 8.6700000E+00 3.5000000E+02 9 5.4938526E+01 2.3785281E-01 5.6587740E-01 -3.2666211E-02 1.2777974E-02 1.1736385E-02 1.1630187E-02 1.9025124E-04 7.6026151E-04 6.5767114E-03 3.5711094E-05 6.3738649E-03 9.7326796E-02 3.8142038E-02 6.7929925E-05 1.6387217E+00 1.8909229E+01 -6.8600230E-02
2.6764000E+02 2.7427000E+02 8.6700000E+00 3.5500000E+02 9 5.4920172E+01 2.4726150E-01 5.8333891E-01 -3.2620095E-02 1.3203910E-02 1.1748024E-02 1.1645103E-02 1.8438052E-04 8.1293102E-04 6.7989201E-03 3.4609130E-05 6.5640915E-03 1.0041908E-01 3.9409418E-02 6.9719928E-05 1.6142469E+00 1.8933497E+01 -7.2770197E-02
2.6764000E+02 2.7427000E+02 8.6700000E+00 3.6000000E+02 9 5.4906501E+01 2.5466385E-01 5.9688684E-01 -3.2562206E-02 1.3579868E-02 1.1755923E-02 1.1656094E-02 1.7884335E-04 8.5749321E-04 6.9949068E-03 3.3569777E-05 6.7316483E-03 1.0268352E-01 4.0528095E-02 7.1281484E-05 1.5986838E+00 1.8948894E+01 -7.5619624E-02
2.6764000E+02 2.7427000E+02 8.6700000E+00 3.6500000E+02 9 5.4896577E+01 2.6030985E-01 6.0707521E-01 -3.2491792E-02 1.3890963E-02 1.1760316E-02 1.1663405E-02 1.7361436E-04 8.9326351E-04 7.1567912E-03 3.2588270E-05 6.8696811E-03 1.0430282E-01 4.1453787E-02 7.2551601E-05 1.5887693E+00 1.8958688E+01 -7.7534511E-02
2.6764000E+02 2.7427000E+02 8.6700000E+00 3.7000000E+02 9 5.4889462E+01 2.6455228E-01 6.1461763E-01 -3.2413032E-02 1.4139627E-02 1.1762055E-02 1.1667905E-02 1.6866876E-04 9.2090286E-04 7.2858342E-03 3.1659956E-05 6.9793007E-03 1.0544775E-01 4.2193738E-02 7.3544627E-05 1.5824032E+00 1.8964972E+01 -7.8814258E-02
2.6764000E+02 2.7427000E+02 8.6700000E+00 3.7500000E+02 9 5.4884371E+01 2.6773119E-01 6.2018078E-01 -3.2330800E-02 1.4335325E-02 1.1762062E-02 1.1670527E-02 1.6398354E-04 9.4178462E-04 7.3870200E-03 3.0780518E-05 7.0648421E-03 1.0625631E-01 4.2776118E-02 7.4305166E-05 1.5782588E+00 1.8969064E+01 -7.9672747E-02
2.6764000E+02 2.7427000E+02 8.6700000E+00 3.8000000E+02 9 5.4880704E+01 2.7012900E-01 6.2430910E-01 -3.2249076E-02 1.4488994E-02 1.1761103E-02 1.1672050E-02 1.5953788E-04 9.5751348E-04 7.4661169E-03 2.9946045E-05 7.1313082E-03 1.0683169E-01 4.3233463E-02 7.4883388E-05 1.5755084E+00 1.8971781E+01 -8.0255511E-02
2.6764000E+02 2.7427000E+02 8.6700000E+00 3.8500000E+02 9 5.4878024E+01 2.7196262E-01 6.2741501E-01 -3.2170587E-02 1.4610499E-02 1.1759731E-02 1.1673035E-02 1.5531314E-04 9.6945907E-04 7.5283310E-03 2.9153040E-05 7.1832070E-03 1.0724736E-01 4.3595120E-02 7.5324015E-05 1.5736372E+00 1.8973634E+01 -8.0658741E-02
2.6764000E+02 2.7427000E+02 8.6700000E+00 3.9000000E+02 9 5.4876027E+01 2.7339090E-01 6.2979686E-01 -3.2096946E-02 1.4707806E-02 1.1758299E-02 1.1673848E-02 1.5129268E-04 9.7866854E-04 7.5778665E-03 2.8398379E-05 7.2241768E-03 1.0755404E-01 4.3884788E-02 7.5662877E-05 1.5723248E+00 1.8974937E+01 -8.0944940E-02
2.6764000E+02 2.7427000E+02 8.6700000E+00 3.9500000E+02 9 5.4874502E+01 2.7452695E-01 6.3166448E-01 -3.2028929E-02 1.4786977E-02 1.1757007E-02 1.1674695E-02 1.4746164E-04 9.8587985E-04 7.6179207E-03 2.7679276E-05 7.2569831E-03 1.0778603E-01 4.4120496E-02 7.5927034E-05 1.5713718E+00 1.8975886E+01 -8.1154310E-02
2.6764000E+02 2.7427000E+02 8.6700000E+00 4.0000000E+02 9 5.4873310E+01 2.7544989E-01 6.3316307E-01 -3.1966753E-02 1.4852472E-02 1.1755947E-02 1.1675675E-02 1.4380675E-04 9.9163588E-04 7.6508440E-03 2.6993234E-05 7.2836587E-03 1.0796633E-01 4.4315507E-02 7.6136234E-05 1.5706534E+00 1.8976606E+01 -8.1312653E-02
2.6764000E+02 2.7427000E+02 8.6700000E+00 4.0500000E+02 9 5.4872353E+01 2.7621480E-01 6.3439239E-01 -3.1910285E-02 1.4907516E-02 1.1755137E-02 1.1676813E-02 1.4031603E-04 9.9631786E-04 7.6783343E-03 2.6338008E-05 7.3056722E-03 1.0811028E-01 4.4479413E-02 7.6304628E-05 1.5700909E+00 1.8977173E+01 -8.1436598E-02
2.6764000E+02 2.7427000E+02 8.6700000E+00 4.1000000E+02 9 5.4871568E+01 2.7686014E-01 6.3542117E-01 -3.1859199E-02 1.4954433E-02 1.1754555E-02 1.1678094E-02 1.3697867E-04 1.0001951E-03 7.7016135E-03 2.5711570E-05 7.3240805E-03 1.0822815E-01 4.4619127E-02 7.6442295E-05 1.5696337E+00 1.8977636E+01 -8.1536947E-02
2.6764000E+02 2.7427000E+02 8.6700000E+00 4.1200000E+02 9 5.4864344E+01 2.9101412E-01 6.6446438E-01 -3.1839602E-02 1.7148985E-02 1.3107163E-02 1.3031434E-02 1.3566760E-04 1.1953331E-03 8.8238983E-03 2.5465477E-05 8.3764713E-03 1.0827564E-01 5.1166731E-02 8.6353455E-05 1.5656272E+00 1.8978927E+01 -8.2029691E-02
2.6764000E+02 2.7427000E+02 8.6700000E+00 4.1700000E+02 9 5.4871246E+01 2.7645464E-01 6.3426792E-01 -3.1795387E-02 1.4828160E-02 1.1661122E-02 1.1587144E-02 1.3252971E-04 9.7406692E-04 7.6355614E-03 2.4876479E-05 7.2585203E-03 1.0836360E-01 4.4242190E-02 7.6124978E-05 1.5632038E+00 1.8984319E+01 -8.2510487E-02
2.6764000E+02 2.7427000E+02 8.6700000E+00 4.2200000E+02 9 5.4870692E+01 2.7696342E-01 6.3511501E-01 -3.1755491E-02 1.4873052E-02 1.1659343E-02 1.1587043E-02 1.2952297E-04 9.8955896E-04 7.6578667E-03 2.4312098E-05 7.2763514E-03 1.0844262E-01 4.4375842E-02 7.5903203E-05 1.5633517E+00 1.8984539E+01 -8.2529734E-02
2.6764000E+02 2.7427000E+02 8.6700000E+00 4.2700000E+02 9 5.4870098E+01 2.7763534E-01 6.3625896E-01 -3.1719469E-02 1.4943486E-02 1.1673209E-02 1.1602520E-02 1.2663947E-04 9.9985023E-04 7.6934016E-03 2.3770851E-05 7.3064452E-03 1.0851191E-01 4.4585674E-02 7.6119887E-05 1.5643302E+00 1.8983497E+01 -8.2408595E-02
2.6764000E+02 2.7427000E+02 8.6700000E+00 4.2900000E+02 9 5.4862898E+01 2.9188532E-01 6.6546400E-01 -3.1705651E-02 1.7156923E-02 1.3028079E-02 1.2958022E-02 1.2550529E-04 1.1988012E-03 8.8259194E-03 2.3557961E-05 8.3675141E-03 1.0854217E-01 5.1189486E-02 8.6127251E-05 1.5609435E+00 1.8984117E+01 -8.2811028E-02
2.6764000E+02 2.7427000E+02 8.6700000E+00 4.3000000E+02 9 5.4860697E+01 2.9620739E-01 6.7433258E-01 -3.1698887E-02 1.7823670E-02 1.3457587E-02 1.3387845E-02 1.2494296E-04 1.2438877E-03 9.1665055E-03 2.3452407E-05 8.6875002E-03 1.0855642E-01 5.3178965E-02 8.9514361E-05 1.5583185E+00 1.8985541E+01 -8.3151446E-02
2.6764000E+02 2.7427000E+02 8.6700000E+00 4.3500000E+02 9 5.4868341E+01 2.8042486E-01 6.4170845E-01 -3.1676017E-02 1.5329715E-02 1.1899141E-02 1.1831485E-02 1.2120524E-04 1.0106242E-03 7.8888609E-03 2.2750820E-05 7.4862548E-03 1.0861357E-01 4.5737782E-02 7.8263137E-05 1.5749509E+00 1.8971184E+01 -8.0814974E-02
2.6764000E+02 2.7427000E+02 8.6700000E+00 4.3600000E+02 9 5.4858652E+01 2.9977767E-01 6.8181840E-01 -3.1671608E-02 1.8366108E-02 1.3814678E-02 1.3747422E-02 1.2048768E-04 1.3096412E-03 9.4406954E-03 2.2616130E-05 8.9453123E-03 1.0863011E-01 5.4797985E-02 9.0540889E-05 1.5770488E+00 1.8966339E+01 -8.0411112E-02
2.6764000E+02 2.7427000E+02 8.6700000E+00 4.3700000E+02 9 5.4860586E+01 2.9997287E-01 6.8109335E-01 -3.1174912E-02 1.8433421E-02 1.3860925E-02 1.3794030E-02 1.1984024E-04 1.2865872E-03 9.4750309E-03 2.2494603E-05 8.9767522E-03 1.0822529E-01 5.4998676E-02 9.1724513E-05 1.5799103E+00 1.8962185E+01 -7.9756384E-02
2.6764000E+02 2.7427000E+02 8.6700000E+00 4.3800000E+02 9 5.4865667E+01 2.9948849E-01 6.7774633E-01 -3.0010878E-02 1.8472781E-02 1.3893628E-02 1.3827066E-02 1.1924324E-04 1.2710259E-03 9.4948672E-03 2.2382543E-05 8.9951040E-03 1.0725489E-01 5.5116097E-02 9.2367983E-05 1.5834912E+00 1.8957868E+01 -7.8763190E-02
2.6764000E+02 2.7427000E+02 8.6700000E+00 4.4300000E+02 9 5.4932155E+01 2.7375215E-01 5.9961709E-01 -1.7199329E-02 1.5817922E-02 1.2241147E-02 1.2175192E-02 1.1815751E-04 1.0251907E-03 8.1364267E-03 2.2178746E-05 7.7187808E-03 9.6461945E-02 4.7194777E-02 8.0864029E-05 1.6225602E+00 1.8920820E+01 -6.8809816E-02
2.6764000E+02 2.7427000E+02 8.6700000E+00 4.4400000E+02 9 5.4935702E+01 2.8983278E-01 6.2801306E-01 -1.4439637E-02 1.8660964E-02 1.4125872E-02 1.4060056E-02 1.1790836E-04 1.2841469E-03 9.5871165E-03 2.2131978E-05 9.0885210E-03 9.4142005E-02 5.5679382E-02 9.2517651E-05 1.6297591E+00 1.8910769E+01 -6.6792321E-02
2.6764000E+02 2.7427000E+02 8.6700000E+00 4.4500000E+02 9 5.4948724E+01 2.8792833E-01 6.1836755E-01 -1.1558666E-02 1.8662535E-02 1.4146928E-02 1.4081294E-02 1.1758219E-04 1.2512925E-03 9.5875666E-03 2.2070756E-05 9.0891986E-03 9.1715633E-02 5.5684129E-02 9.3474331E-05 1.6372206E+00 1.8901992E+01 -6.4789038E-02
2.6764000E+02 2.7427000E+02 8.6700000E+00 4.5000000E+02 9 5.5012845E+01 2.6413737E-01 5.4493972E-01 9.1106414E-04 1.6278858E-02 1.2663930E-02 1.2599266E-02 1.1584485E-04 1.0333195E-03 8.3672457E-03 2.1744648E-05 7.9427169E-03 8.1205175E-02 4.8571752E-02 8.3256053E-05 1.6915607E+00 1.8848727E+01 -5.4449227E-02
2.6764000E+02 2.7427000E+02 8.6700000E+00 4.5300000E+02 9 5.5039655E+01 2.6871398E-01 5.4166132E-01 7.8524196E-03 1.7775092E-02 1.3790780E-02 1.3726715E-02 1.1477070E-04 1.1224698E-03 9.1265301E-03 2.1543025E-05 8.6672309E-03 7.5360370E-02 5.3038615E-02 8.9801904E-05 1.7220688E+00 1.8815346E+01 -4.9017502E-02
2.6764000E+02 2.7427000E+02 8.6700000E+00 4.5400000E+02 9 5.5045949E+01 2.7504168E-01 5.5105995E-01 1.0107097E-02 1.9033542E-02 1.4774004E-02 1.4710141E-02 1.1440936E-04 1.1710661E-03 9.7646146E-03 2.1475199E-05 9.2781159E-03 7.3463618E-02 5.6796024E-02 9.5294274E-05 1.7316238E+00 1.8803812E+01 -4.7330303E-02
2.6764000E+02 2.7427000E+02 8.6700000E+00 4.5900000E+02 9 5.5104001E+01 2.4895397E-01 4.7621939E-01 2.0862258E-02 1.6106900E-02 1.2912394E-02 1.2849695E-02 1.1232465E-04 9.4467471E-04 8.2674531E-03 2.1083889E-05 7.8690244E-03 6.4404583E-02 4.8062761E-02 8.2615374E-05 1.7570436E+00 1.8781831E+01 -4.1794485E-02
2.6764000E+02 2.7427000E+02 8.6700000E+00 4.6400000E+02 9 5.5143414E+01 2.4100948E-01 4.4426495E-01 2.9332520E-02 1.5813946E-02 1.2924268E-02 1.2862656E-02 1.1037760E-04 8.9239929E-04 8.1114716E-03 2.0718418E-05 7.7327211E-03 5.7280145E-02 4.7190735E-02 8.0905740E-05 1.7796125E+00 1.8759794E+01 -3.7430162E-02
2.6764000E+02 2.7427000E+02 8.6700000E+00 4.6900000E+02 9 5.5173390E+01 2.3489722E-01 4.1995967E-01 3.5772311E-02 1.5583445E-02 1.2960428E-02 1.2899809E-02 1.0859913E-04 8.4313480E-04 7.9885901E-03 2.0384591E-05 7.6252928E-03 5.1870336E-02 4.6504635E-02 7.9841787E-05 1.7989716E+00 1.8740372E+01 -3.4128598E-02
2.6764000E+02 2.7427000E+02 8.6700000E+00 4.7400000E+02 9 5.5196044E+01 2.3008393E-01 4.0137922E-01 4.0622185E-02 1.5382016E-02 1.3001362E-02 1.2941653E-02 1.0696832E-04 7.9937237E-04 7.8813853E-03 2.0078479E-05 7.5310741E-03 4.7802820E-02 4.5904963E-02 7.9003652E-05 1.8138166E+00 1.8725323E+01 -3.1742796E-02
2.6764000E+02 2.7427000E+02 8.6700000E+00 4.7900000E+02 9 5.5213162E+01 2.2624709E-01 3.8709811E-01 4.4268980E-02 1.5201147E-02 1.3038952E-02 1.2980086E-02 1.0545749E-04 7.6233761E-04 7.7852925E-03 1.9794889E-05 7.4461563E-03 4.4750731E-02 4.5366338E-02 7.8276439E-05 1.8243482E+00 1.8714574E+01 -3.0059643E-02
2.6764000E+02 2.7427000E+02 8.6700000E+00 4.8100000E+02 9 5.5213794E+01 2.3575393E-01 4.0554636E-01 4.5558214E-02 1.6883881E-02 1.4397316E-02 1.4338777E-02 1.0487043E-04 8.1305005E-04 8.6386458E-03 1.9684695E-05 8.2625934E-03 4.3676876E-02 5.0390310E-02 8.6081767E-05 1.8236649E+00 1.8712484E+01 -2.9773546E-02
2.6764000E+02 2.7427000E+02 8.6700000E+00 4.8200000E+02 9 5.5215111E+01 2.3816650E-01 4.0998144E-01 4.6163218E-02 1.7351771E-02 1.4833869E-02 1.4775492E-02 1.0458097E-04 8.1630022E-04 8.8747677E-03 1.9630362E-05 8.4907518E-03 4.3172874E-02 5.1787578E-02 8.8614127E-05 1.8217841E+00 1.8713115E+01 -2.9748034E-02
2.6764000E+02 2.7427000E+02 8.6700000E+00 4.8700000E+02 9 5.5234926E+01 2.1860896E-01 3.6405957E-01 4.8587381E-02 1.4513363E-02 1.2815742E-02 1.2758237E-02 1.0301995E-04 6.9263435E-04 7.4284590E-03 1.9337352E-05 7.1176956E-03 4.1148803E-02 4.3314846E-02 7.5647521E-05 1.8044162E+00 1.8735396E+01 -3.0158670E-02
2.6764000E+02 2.7427000E+02 8.6700000E+00 4.9200000E+02 9 5.5244038E+01 2.1572795E-01 3.5479958E-01 5.0441153E-02 1.4270965E-02 1.2707296E-02 1.2650602E-02 1.0156676E-04 6.7891752E-04 7.3028225E-03 1.9064580E-05 7.0008516E-03 3.9610445E-02 4.2591590E-02 7.4036201E-05 1.7983719E+00 1.8742601E+01 -3.0053441E-02
2.6764000E+02 2.7427000E+02 8.6700000E+00 4.9700000E+02 9 5.5250880E+01 2.1391308E-01 3.4836694E-01 5.1879735E-02 1.4141128E-02 1.2642425E-02 1.2586504E-02 1.0018211E-04 6.7188047E-04 7.2356585E-03 1.8804674E-05 6.9371571E-03 3.8421969E-02 4.2203945E-02 7.3352364E-05 1.7972521E+00 1.8744050E+01 -2.9749039E-02
2.6764000E+02 2.7427000E+02 8.6700000E+00 5.0200000E+02 9 5.5256220E+01 2.1262425E-01 3.4352700E-01 5.3021995E-02 1.4057664E-02 1.2598404E-02 1.2543230E-02 9.8842315E-05 6.6579426E-04 7.1924682E-03 1.8553189E-05 6.8955507E-03 3.7482831E-02 4.1954670E-02 7.2990989E-05 1.7973134E+00 1.8744056E+01 -2.9440513E-02
2.6764000E+02 2.7427000E+02 8.6700000E+00 5.0500000E+02 9 5.5255355E+01 2.1928744E-01 3.5670478E-01 5.3620767E-02 1.5189900E-02 1.3438872E-02 1.3384139E-02 9.8051961E-05 7.1032952E-04 7.7685373E-03 1.8404835E-05 7.4419968E-03 3.6994853E-02 4.5334168E-02 7.8464012E-05 1.7890541E+00 1.8750452E+01 -2.9763902E-02
2.6764000E+02 2.7427000E+02 8.6700000E+00 5.0600000E+02 9 5.5252760E+01 2.2606158E-01 3.7103920E-01 5.3811418E-02 1.6297975E-02 1.4316709E-02 1.4262123E-02 9.7789931E-05 7.3651514E-04 8.3309076E-03 1.8355651E-05 7.9793121E-03 3.6841368E-02 4.8642353E-02 8.3555125E-05 1.7858180E+00 1.8752028E+01 -2.9964699E-02
2.6764000E+02 2.7427000E+02 8.6700000E+00 5.1100000E+02 9 5.5265123E+01 2.0806156E-01 3.3107479E-01 5.4642079E-02 1.3511676E-02 1.2271347E-02 1.2217520E-02 9.6430151E-05 6.2781632E-04 6.9122888E-03 1.8100414E-05 6.6304109E-03 3.6159261E-02 4.0324854E-02 7.0920807E-05 1.7678832E+00 1.8774654E+01 -3.0915620E-02
2.6764000E+02 2.7427000E+02 8.6700000E+00 5.1600000E+02 9 5.5268534E+01 2.0687873E-01 3.2705446E-01 5.5336043E-02 1.3386006E-02 1.2138317E-02 1.2085219E-02 9.5124602E-05 6.3272237E-04 6.8487189E-03 1.7855356E-05 6.5671999E-03 3.5596533E-02 3.9949308E-02 6.9862559E-05 1.7615293E+00 1.8782064E+01 -3.1170697E-02
2.6764000E+02 2.7427000E+02 8.6700000E+00 5.2100000E+02 9 5.5271178E+01 2.0634596E-01 3.2450975E-01 5.5923084E-02 1.3345802E-02 1.2054703E-02 1.2002300E-02 9.3877763E-05 6.3765425E-04 6.8293670E-03 1.7621318E-05 6.5446161E-03 3.5123168E-02 3.9828752E-02 6.9592924E-05 1.7599921E+00 1.8783891E+01 -3.1121016E-02
2.6764000E+02 2.7427000E+02 8.6700000E+00 5.2600000E+02 9 5.5273376E+01 2.0602792E-01 3.2258455E-01 5.6428310E-02 1.3330474E-02 1.1995529E-02 1.1943795E-02 9.2679696E-05 6.3943640E-04 6.8226913E-03 1.7396435E-05 6.5341732E-03 3.4717868E-02 3.9782569E-02 6.9535326E-05 1.7598857E+00 1.8784063E+01 -3.0995779E-02
2.6764000E+02 2.7427000E+02 8.6700000E+00 5.3100000E+02 9 5.5275279E+01 2.0576868E-01 3.2094988E-01 5.6869139E-02 1.3319392E-02 1.1948940E-02 1.1897854E-02 9.1519158E-05 6.3912214E-04 6.8179979E-03 1.7178596E-05 6.5260752E-03 3.4366010E-02 3.9749180E-02 6.9515817E-05 1.7599089E+00 1.8784042E+01 -3.0875524E-02
2.6764000E+02 2.7427000E+02 8.6700000E+00 5.3600000E+02 9 5.5276959E+01 2.0552409E-01 3.1948611E-01 5.7258027E-02 1.3307032E-02 1.1909086E-02 1.1858632E-02 9.0387096E-05 6.3770805E-04 6.8124462E-03 1.6966102E-05 6.5176519E-03 3.4057177E-02 3.9712066E-02 6.9486465E-05 1.7596896E+00 1.8784254E+01 -3.0781167E-02
2.6764000E+02 2.7427000E+02 8.6700000E+00 5.4100000E+02 9 5.5278459E+01 2.0528871E-01 3.1815183E-01 5.7604136E-02 1.3292995E-02 1.1873084E-02 1.1823249E-02 8.9277845E-05 6.3570431E-04 6.8058590E-03 1.6757891E-05 6.5086578E-03 3.3783715E-02 3.9669999E-02 6.9440750E-05 1.7592989E+00 1.8784642E+01 -3.0711596E-02
2.6764000E+02 2.7427000E+02 8.6700000E+00 5.4600000E+02 9 5.5279804E+01 2.0506511E-01 3.1693117E-01 5.7914401E-02 1.3278135E-02 1.1839559E-02 1.1790332E-02 8.8188445E-05 6.3380141E-04 6.7987088E-03 1.6553405E-05 6.4994521E-03 3.3539832E-02 3.9625502E-02 6.9383508E-05 1.7587765E+00 1.8785169E+01 -3.0661720E-02
2.6764000E+02 2.7427000E+02 8.6700000E+00 5.5100000E+02 9 5.5281017E+01 2.0485819E-01 3.1581590E-01 5.8194209E-02 1.3263385E-02 1.1807880E-02 1.1759251E-02 8.7117570E-05 6.3201239E-04 6.7915080E-03 1.6352396E-05 6.4904390E-03 3.3321025E-02 3.9581347E-02 6.9320981E-05 1.7581768E+00 1.8785777E+01 -3.0626171E-02
2.6764000E+02 2.7427000E+02 8.6700000E+00 5.5600000E+02 9 5.5282112E+01 2.0467002E-01 3.1479838E-01 5.8447853E-02 1.3249357E-02 1.1777754E-02 1.1729713E-02 8.6064712E-05 6.3048164E-04 6.7846027E-03 1.6154770E-05 6.4818772E-03 3.3123705E-02 3.9539357E-02 6.9257729E-05 1.7575353E+00 1.8786430E+01 -3.0600882E-02
2.6764000E+02 2.7427000E+02 8.6700000E+00 5.6100000E+02 9 5.5283105E+01 2.0450131E-01 3.1387043E-01 5.8678822E-02 1.3236372E-02 1.1749029E-02 1.1701566E-02 8.5029688E-05 6.2912669E-04 6.7781811E-03 1.5960491E-05 6.4738937E-03 3.2944958E-02 3.9500484E-02 6.9196449E-05 1.7568818E+00 1.8787095E+01 -3.0582918E-02
2.6764000E+02 2.7427000E+02 8.6700000E+00 5.6600000E+02 9 5.5284008E+01 2.0435121E-01 3.1302351E-01 5.8890001E-02 1.3224538E-02 1.1721601E-02 1.1674706E-02 8.4012400E-05 6.2794353E-04 6.7723178E-03 1.5769541E-05 6.4665209E-03 3.2782378E-02 3.9465050E-02 6.9138435E-05 1.7563454E+00 1.8787643E+01 -3.0568325E-02
2.6764000E+02 2.7427000E+02 8.6700000E+00 5.7100000E+02 9 5.5284832E+01 2.0421793E-01 3.1224918E-01 5.9083805E-02 1.3213840E-02 1.1695380E-02 1.1649043E-02 8.3012727E-05 6.2699851E-04 6.7670164E-03 1.5581897E-05 6.4597386E-03 3.2633953E-02 3.9433007E-02 6.9084135E-05 1.7557166E+00 1.8788283E+01 -3.0559712E-02
2.6764000E+02 2.7427000E+02 8.6700000E+00 5.7600000E+02 9 5.5285585E+01 2.0410045E-01 3.1153982E-01 5.9262276E-02 1.3204222E-02 1.1670277E-02 1.1624488E-02 8.2030498E-05 6.2609110E-04 6.7622580E-03 1.5397528E-05 6.4535118E-03 3.2497982E-02 3.9404192E-02 6.9033594E-05 1.7550954E+00 1.8788914E+01 -3.0554443E-02
2.6764000E+02 2.7427000E+02 8.6700000E+00 5.8100000E+02 9 5.5286277E+01 2.0399685E-01 3.1088833E-01 5.9427158E-02 1.3195591E-02 1.1646206E-02 1.1600956E-02 8.1065489E-05 6.2528820E-04 6.7580010E-03 1.5216391E-05 6.4477882E-03 3.2373017E-02 3.9378324E-02 6.8986597E-05 1.7544894E+00 1.8789529E+01 -3.0551841E-02
2.6764000E+02 2.7427000E+02 8.6700000E+00 5.8200000E+02 9 5.5278527E+01 2.1979745E-01 3.4419734E-01 5.9459604E-02 1.5703398E-02 1.3427715E-02 1.3382572E-02 8.0873174E-05 7.2931109E-04 8.0363574E-03 1.5180293E-05 7.6580119E-03 3.2353495E-02 4.6863834E-02 7.9941378E-05 1.7517709E+00 1.8789228E+01 -3.0727795E-02
2.6764000E+02 2.7427000E+02 8.6700000E+00 5.8700000E+02 9 5.5287200E+01 2.0358191E-01 3.0964614E-01 5.9614787E-02 1.3144852E-02 1.1608463E-02 1.1564120E-02 7.9439003E-05 6.1922558E-04 6.7316146E-03 1.4911092E-05 6.4214810E-03 3.2235012E-02 3.9226789E-02 6.8929319E-05 1.7512946E+00 1.8792622E+01 -3.0715181E-02
2.6764000E+02 2.7427000E+02 8.6700000E+00 5.9200000E+02 9 5.5287649E+01 2.0381030E-01 3.0969364E-01 5.9762914E-02 1.3185350E-02 1.1609756E-02 1.1566120E-02 7.8171728E-05 6.2434857E-04 6.7521376E-03 1.4673218E-05 6.4393164E-03 3.2126013E-02 3.9347582E-02 6.8716807E-05 1.7537762E+00 1.8790429E+01 -3.0515586E-02
2.6764000E+02 2.7427000E+02 8.6700000E+00 5.9700000E+02 9 5.5288054E+01 2.0409073E-01 3.0980855E-01 5.9906473E-02 1.3230349E-02 1.1608770E-02 1.1565858E-02 7.6876075E-05 6.2774153E-04 6.7752139E-03 1.4430017E-05 6.4589871E-03 3.2021312E-02 3.9481732E-02 6.8827691E-05 1.7563572E+00 1.8787780E+01 -3.0309608E-02
2.6764000E+02 2.7427000E+02 8.6700000E+00 6.0200000E+02 9 5.5288464E+01 2.0431169E-01 3.0980742E-01 6.0044670E-02 1.3264857E-02 1.1601981E-02 1.1559839E-02 7.5496919E-05 6.2892085E-04 6.7928565E-03 1.4171143E-05 6.4735837E-03 3.1921692E-02 3.9584612E-02 6.8959529E-05 1.7581687E+00 1.8785866E+01 -3.0154151E-02
2.6764000E+02 2.7427000E+02 8.6700000E+00 6.0700000E+02 9 5.5288882E+01 2.0445997E-01 3.0968151E-01 6.0176257E-02 1.3287758E-02 1.1590246E-02 1.1548908E-02 7.4057241E-05 6.2879375E-04 6.8044451E-03 1.3900908E-05 6.4826511E-03 3.1827890E-02 3.9652890E-02 6.9054137E-05 1.7592037E+00 1.8784753E+01 -3.0051008E-02
2.6764000E+02 2.7427000E+02 8.6700000E+00 6.1200000E+02 9 5.5289298E+01 2.0455116E-01 3.0946704E-01 6.0300487E-02 1.3301737E-02 1.1575145E-02 1.1534624E-02 7.2592247E-05 6.2806528E-04 6.8113746E-03 1.3625922E-05 6.4874980E-03 3.1740202E-02 3.9694557E-02 6.9110194E-05 1.7596678E+00 1.8784242E+01 -2.9987886E-02
2.6764000E+02 2.7427000E+02 8.6700000E+00 6.1700000E+02 9 5.5289703E+01 2.0460375E-01 3.0920114E-01 6.0417165E-02 1.3309719E-02 1.1558017E-02 1.1518313E-02 7.1130652E-05 6.2723997E-04 6.8151754E-03 1.3351573E-05 6.4895293E-03 3.1658549E-02 3.9718329E-02 6.9138123E-05 1.7597643E+00 1.8784121E+01 -2.9952133E-02
2.6764000E+02 2.7427000E+02 8.6700000E+00 6.2200000E+02 9 5.5290091E+01 2.0463278E-01 3.0891150E-01 6.0526491E-02 1.3313969E-02 1.1539826E-02 1.1500924E-02 6.9691679E-05 6.2650660E-04 6.8170397E-03 1.3081471E-05 6.4898264E-03 3.1582616E-02 3.9730965E-02 6.9148079E-05 1.7596144E+00 1.8784261E+01 -2.9934579E-02
2.6764000E+02 2.7427000E+02 8.6700000E+00 6.2700000E+02 9 5.5290459E+01 2.0464854E-01 3.0861600E-01 6.0628883E-02 1.3316026E-02 1.1521217E-02 1.1483100E-02 6.8286719E-05 6.2589796E-04 6.8177785E-03 1.2817753E-05 6.4891163E-03 3.1511976E-02 3.9737045E-02 6.9147392E-05 1.7593189E+00 1.8784555E+01 -2.9928529E-02
2.6764000E+02 2.7427000E+02 8.6700000E+00 6.3200000E+02 9 5.5290805E+01 2.0465736E-01 3.0832507E-01 6.0724852E-02 1.3316846E-02 1.1502608E-02 1.1465252E-02 6.6921757E-05 6.2542027E-04 6.8179015E-03 1.2561543E-05 6.4878489E-03 3.1446167E-02 3.9739429E-02 6.9140709E-05 1.7589415E+00 1.8784936E+01 -2.9929660E-02
2.6764000E+02 2.7427000E+02 8.6700000E+00 6.3700000E+02 9 5.5291131E+01 2.0466290E-01 3.0804413E-01 6.0814932E-02 1.3316995E-02 1.1484249E-02 1.1447631E-02 6.5599363E-05 6.2505376E-04 6.8177080E-03 1.2313323E-05 6.4862893E-03 3.1384742E-02 3.9739805E-02 6.9130764E-05 1.7585199E+00 1.8785364E+01 -2.9935316E-02
2.6764000E+02 2.7427000E+02 8.6700000E+00 6.4200000E+02 9 5.5291436E+01 2.0466719E-01 3.0777567E-01 6.0899636E-02 1.3316796E-02 1.1466282E-02 1.1430379E-02 6.4320078E-05 6.2477644E-04 6.8173695E-03 1.2073195E-05 6.4845882E-03 3.1327281E-02 3.9739139E-02 6.9119085E-05 1.7580764E+00 1.8785814E+01 -2.9943875E-02
2.6764000E+02 2.7427000E+02 8.6700000E+00 6.4700000E+02 9 5.5291723E+01 2.0467127E-01 3.0752046E-01 6.0979438E-02 1.3316428E-02 1.1448776E-02 1.1413563E-02 6.3083298E-05 6.2457193E-04 6.8169802E-03 1.1841045E-05 6.4828281E-03 3.1273409E-02 3.9737964E-02 6.9106489E-05 1.7576236E+00 1.8786275E+01 -2.9954359E-02
2.6764000E+02 2.7427000E+02 8.6700000E+00 6.5000000E+02 9 5.5288097E+01 2.1228111E-01 3.2335423E-01 6.1025651E-02 1.4520019E-02 1.2271965E-02 1.2237158E-02 6.2356303E-05 6.7666976E-04 7.4317524E-03 1.1704585E-05 7.0612575E-03 3.1245022E-02 4.3330010E-02 7.4833939E-05 1.7481190E+00 1.8793984E+01 -3.0512963E-02
