x y z_datum Time Well_no H2O H O Charge Al C Ca Cl Fe K Mg Na S Si U pH pe Alkalinity
2.6764000E+02 2.7427000E+02 8.6700000E+00 0.0000000E+00 9 9.9704301E-01 7.2098600E-06 6.6484776E-04 -3.2324431E-06 0.0000000E+00 1.0067647E-04 6.3262499E-05 4.3211171E-04 0.0000000E+00 2.8240956E-04 5.5605061E-05 2.2967748E-04 1.4127542E-04 0.0000000E+00 0.0000000E+00 7.0300000E+00 -2.2001569E+00 7.1999443E-03
2.6764000E+02 2.7427000E+02 8.6700000E+00 5.0000000E+00 9 5.5325948E+01 2.1236783E-02 6.6110217E-02 -2.9930630E-03 0.0000000E+00 7.0869952E-03 1.3346189E-03 1.0305285E-02 0.0000000E+00 6.1071485E-03 1.9343527E-03 8.4469550E-03 1.1449403E-02 0.0000000E+00 0.0000000E+00 4.2891137E+00 1.6093220E+01 2.8104644E-05
2.6764000E+02 2.7427000E+02 8.6700000E+00 1.0000000E+01 9 5.5306001E+01 3.6828185E-02 1.1102802E-01 -2.6932501E-03 1.1128773E-03 7.5434555E-03 3.1075244E-03 7.9468958E-03 4.2508550E-05 5.2601270E-03 1.4916714E-03 7.0698221E-03 2.0276607E-02 3.3271973E-03 5.7530776E-06 2.3589405E+00 1.8102002E+01 -8.2609413E-03
2.6764000E+02 2.7427000E+02 8.6700000E+00 1.5000000E+01 9 5.5283950E+01 6.0629253E-02 1.5845000E-01 -2.4426661E-03 2.6495084E-03 7.7946930E-03 4.4590481E-03 5.9757516E-03 1.1050153E-04 4.8609706E-03 1.1216780E-03 6.2119949E-03 2.7655057E-02 7.9173848E-03 1.4131326E-05 2.1417734E+00 1.8355801E+01 -1.4548688E-02
2.6764000E+02 2.7427000E+02 8.6700000E+00 2.0000000E+01 9 5.5265873E+01 8.1605083E-02 1.9751441E-01 -2.2552402E-03 4.0556034E-03 7.9606726E-03 5.4479942E-03 4.5014209E-03 1.7864015E-04 4.6949193E-03 8.4493884E-04 5.6923917E-03 3.3174304E-02 1.2116495E-02 2.2237624E-05 2.0535490E+00 1.8463878E+01 -1.8609688E-02
2.6764000E+02 2.7427000E+02 8.6700000E+00 2.5000000E+01 9 5.5252482E+01 9.7591180E-02 2.2680160E-01 -2.1218621E-03 5.1662474E-03 8.1023492E-03 6.1753196E-03 3.4522409E-03 2.3402619E-04 4.6339478E-03 6.4800260E-04 5.3743742E-03 3.7102358E-02 1.5432649E-02 2.8933884E-05 2.0106339E+00 1.8518206E+01 -2.1138178E-02
2.6764000E+02 2.7427000E+02 8.6700000E+00 3.0000000E+01 9 5.5242948E+01 1.0911538E-01 2.4798948E-01 -2.0286677E-03 5.9961381E-03 8.2395862E-03 6.7217631E-03 2.7191545E-03 2.7467451E-04 4.6192243E-03 5.1039867E-04 5.1776335E-03 3.9847246E-02 1.7910271E-02 3.4084688E-05 1.9885668E+00 1.8547110E+01 -2.2675577E-02
2.6764000E+02 2.7427000E+02 8.6700000E+00 3.5000000E+01 9 5.5236211E+01 1.1730925E-01 2.6320653E-01 -1.9634369E-03 6.6024310E-03 8.3756305E-03 7.1442286E-03 2.2060357E-03 3.0332802E-04 4.6219901E-03 4.1408376E-04 5.0520515E-03 4.1768698E-02 1.9720268E-02 3.7911184E-05 1.9767999E+00 1.8563114E+01 -2.3607792E-02
2.6764000E+02 2.7427000E+02 8.6700000E+00 4.0000000E+01 9 5.5231417E+01 1.2314622E-01 2.7421861E-01 -1.9170743E-03 7.0436786E-03 8.5085222E-03 7.4806933E-03 1.8413382E-03 3.2305903E-04 4.6292283E-03 3.4562823E-04 4.9677770E-03 4.3134501E-02 2.1037547E-02 4.0716134E-05 1.9705916E+00 1.8572036E+01 -2.4177429E-02
2.6764000E+02 2.7427000E+02 8.6700000E+00 4.5000000E+01 9 5.5227945E+01 1.2735866E-01 2.8232712E-01 -1.8833257E-03 7.3674737E-03 8.6356160E-03 7.7559734E-03 1.5758649E-03 3.3671531E-04 4.6357886E-03 2.9579759E-04 4.9077365E-03 4.4128808E-02 2.2004215E-02 4.2774333E-05 1.9673626E+00 1.8577063E+01 -2.4533498E-02
2.6764000E+02 2.7427000E+02 8.6700000E+00 5.0000000E+01 9 5.5225373E+01 1.3045915E-01 2.8843516E-01 -1.8580578E-03 7.6088829E-03 8.7550130E-03 7.9863188E-03 1.3771026E-03 3.4643173E-04 4.6401316E-03 2.5848893E-04 4.8623596E-03 4.4873332E-02 2.2724958E-02 4.4300864E-05 1.9655603E+00 1.8580095E+01 -2.4765899E-02
2.6764000E+02 2.7427000E+02 8.6700000E+00 5.5000000E+01 9 5.5223417E+01 1.3279525E-01 2.9315219E-01 -1.8385842E-03 7.7925402E-03 8.8657571E-03 8.1825695E-03 1.2239191E-03 3.5343644E-04 4.6422070E-03 2.2973564E-04 4.8263001E-03 4.5447187E-02 2.3273305E-02 4.5452250E-05 1.9645831E+00 1.8581941E+01 -2.4923383E-02
2.6764000E+02 2.7427000E+02 8.6700000E+00 6.0000000E+01 9 5.5221891E+01 1.3459811E-01 2.9688499E-01 -1.8231609E-03 7.9353068E-03 8.9676302E-03 8.3521645E-03 1.1025963E-03 3.5868409E-04 4.6424315E-03 2.0696274E-04 4.7965007E-03 4.5901733E-02 2.3699587E-02 4.6337982E-05 1.9640524E+00 1.8583102E+01 -2.5034996E-02
2.6764000E+02 2.7427000E+02 8.6700000E+00 6.5000000E+01 9 5.5220673E+01 1.3602189E-01 2.9990596E-01 -1.8106447E-03 8.0486505E-03 9.0608848E-03 8.5003763E-03 1.0041416E-03 3.6274679E-04 4.6412929E-03 1.8848231E-04 4.7711543E-03 4.6270637E-02 2.4038033E-02 4.7033362E-05 1.9637672E+00 1.8583855E+01 -2.5117651E-02
2.6764000E+02 2.7427000E+02 8.6700000E+00 6.6000000E+01 9 5.5214391E+01 1.4842890E-01 3.2924225E-01 -1.8082495E-03 1.0154572E-02 1.1056533E-02 1.0506542E-02 9.8530018E-04 4.4688555E-04 5.6867441E-03 1.8494569E-04 5.7914220E-03 4.6347229E-02 3.0328608E-02 5.7645678E-05 1.9606170E+00 1.8583059E+01 -2.5286420E-02
2.6764000E+02 2.7427000E+02 8.6700000E+00 6.7000000E+01 9 5.5214347E+01 1.4833180E-01 3.2899621E-01 -1.8059548E-03 1.0116135E-02 1.1027457E-02 1.0487541E-02 9.6724929E-04 4.4025668E-04 5.6570859E-03 1.8155745E-04 5.7572894E-03 4.6415618E-02 3.0213571E-02 5.8566038E-05 1.9541774E+00 1.8588327E+01 -2.5626757E-02
2.6764000E+02 2.7427000E+02 8.6700000E+00 7.2000000E+01 9 5.5216130E+01 1.3746102E-01 3.0333902E-01 -1.7599099E-03 7.9471652E-03 9.0212040E-03 8.5234176E-03 8.9177592E-04 3.5118978E-04 4.5234087E-03 1.6739073E-04 4.6295618E-03 4.7324633E-02 2.3734952E-02 4.7013293E-05 1.9267451E+00 1.8725191E+01 -2.7363037E-02
2.6764000E+02 2.7427000E+02 8.6700000E+00 7.7000000E+01 9 5.5210419E+01 1.4049538E-01 3.0994603E-01 -1.7082719E-03 8.1033618E-03 9.0981496E-03 8.6361626E-03 8.2764183E-04 3.7447778E-04 4.5655585E-03 1.5535244E-04 4.6516840E-03 4.8326190E-02 2.4200824E-02 5.3532684E-05 1.9121096E+00 1.8797840E+01 -2.8446379E-02
2.6764000E+02 2.7427000E+02 8.6700000E+00 8.2000000E+01 9 5.5205319E+01 1.4354726E-01 3.1646101E-01 -1.6642028E-03 8.3039022E-03 9.1968665E-03 8.7657116E-03 7.7240669E-04 3.9690497E-04 4.6357219E-03 1.4498453E-04 4.7023139E-03 4.9185872E-02 2.4798948E-02 6.2919095E-05 1.9046092E+00 1.8837162E+01 -2.9091896E-02
2.6764000E+02 2.7427000E+02 8.6700000E+00 8.7000000E+01 9 5.5201322E+01 1.4609163E-01 3.2187115E-01 -1.6301748E-03 8.4851176E-03 9.2919379E-03 8.8876385E-03 7.2429567E-04 4.1435350E-04 4.7000958E-03 1.3595386E-04 4.7496574E-03 4.9860369E-02 2.5339473E-02 7.1932363E-05 1.9006353E+00 1.8859665E+01 -2.9485441E-02
2.6764000E+02 2.7427000E+02 8.6700000E+00 9.1000000E+01 9 5.5197334E+01 1.5071294E-01 3.3224225E-01 -1.6088118E-03 9.1086381E-03 9.7981478E-03 9.4131846E-03 6.8965507E-04 4.5055927E-04 4.9946991E-03 1.2945165E-04 5.0251766E-03 5.0296122E-02 2.7201069E-02 8.3577239E-05 1.8906552E+00 1.8878911E+01 -3.0160404E-02
2.6764000E+02 2.7427000E+02 8.6700000E+00 9.2000000E+01 9 5.5192025E+01 1.6058679E-01 3.5513656E-01 -1.6038234E-03 1.0745177E-02 1.1271800E-02 1.0891543E-02 6.8122502E-04 5.2653442E-04 5.8126854E-03 1.2786929E-04 5.8209283E-03 5.0410440E-02 3.2088892E-02 1.0067448E-04 1.8858083E+00 1.8884745E+01 -3.0460241E-02
2.6764000E+02 2.7427000E+02 8.6700000E+00 9.7000000E+01 9 5.5191481E+01 1.4950201E-01 3.3041786E-01 -2.1811040E-03 8.5228522E-03 9.2951060E-03 8.9357194E-03 6.4383491E-04 4.1872610E-04 4.6731025E-03 1.2085098E-04 4.7001417E-03 5.1725953E-02 2.5451422E-02 8.4035598E-05 1.8668721E+00 1.8920069E+01 -3.2104983E-02
2.6764000E+02 2.7427000E+02 8.6700000E+00 1.0200000E+02 9 5.5183267E+01 1.5278549E-01 3.3868337E-01 -2.8779562E-03 8.6952741E-03 9.3680982E-03 9.0273564E-03 6.1043306E-04 4.4359436E-04 4.7420724E-03 1.1458129E-04 4.7548608E-03 5.3155503E-02 2.5965552E-02 8.9268131E-05 1.8554282E+00 1.8943986E+01 -3.3281980E-02
2.6764000E+02 2.7427000E+02 8.6700000E+00 1.0700000E+02 9 5.5176239E+01 1.5586864E-01 3.4623770E-01 -3.4727945E-03 8.8884777E-03 9.4535350E-03 9.1295524E-03 5.8040925E-04 4.6443116E-04 4.8236233E-03 1.0894567E-04 4.8223747E-03 5.4357500E-02 2.6541674E-02 9.5130431E-05 1.8490897E+00 1.8959120E+01 -3.4058697E-02
2.6764000E+02 2.7427000E+02 8.6700000E+00 1.1200000E+02 9 5.5170848E+01 1.5836735E-01 3.5228279E-01 -3.9205465E-03 9.0565950E-03 9.5326392E-03 9.2238034E-03 5.5327401E-04 4.8056899E-04 4.8938483E-03 1.0385225E-04 4.8804539E-03 5.5278194E-02 2.7043031E-02 1.0031966E-04 1.8455336E+00 1.8968658E+01 -3.4567294E-02
2.6764000E+02 2.7427000E+02 8.6700000E+00 1.1700000E+02 9 5.5166891E+01 1.6028439E-01 3.5688499E-01 -4.2393445E-03 9.1907286E-03 9.6008367E-03 9.3057573E-03 5.2862976E-04 4.9242595E-04 4.9479596E-03 9.9226406E-05 4.9245005E-03 5.5959201E-02 2.7443075E-02 1.0454709E-04 1.8434588E+00 1.8974778E+01 -3.4903923E-02
2.6764000E+02 2.7427000E+02 8.6700000E+00 1.2200000E+02 9 5.5164017E+01 1.6173463E-01 3.6034889E-01 -4.4614200E-03 9.2948289E-03 9.6586669E-03 9.3761356E-03 5.0614995E-04 5.0101330E-04 4.9878274E-03 9.5006836E-05 4.9560916E-03 5.6460624E-02 2.7753576E-02 1.0787079E-04 1.8422103E+00 1.8978791E+01 -3.5131187E-02
2.6764000E+02 2.7427000E+02 8.6700000E+00 1.2400000E+02 9 5.5157920E+01 1.7248954E-01 3.8473271E-01 -4.5368966E-03 1.1038731E-02 1.1100561E-02 1.0822867E-02 4.9748507E-04 6.0158260E-04 5.8627975E-03 9.3380395E-05 5.8005670E-03 5.6653369E-02 3.2960838E-02 1.2866445E-04 1.8336091E+00 1.8987334E+01 -3.5707558E-02
2.6764000E+02 2.7427000E+02 8.6700000E+00 1.2500000E+02 9 5.5156016E+01 1.7562259E-01 3.9195992E-01 -4.5715586E-03 1.1539655E-02 1.1553195E-02 1.1277875E-02 4.9323208E-04 6.1468746E-04 6.1124087E-03 9.2582088E-05 6.0424833E-03 5.6741997E-02 3.4456828E-02 1.3583900E-04 1.8277155E+00 1.8993233E+01 -3.6134332E-02
2.6764000E+02 2.7427000E+02 8.6700000E+00 1.3000000E+02 9 5.5161598E+01 1.6195615E-01 3.6138826E-01 -4.6900388E-03 9.1952407E-03 9.6063260E-03 9.3411577E-03 4.7504460E-04 4.8602558E-04 4.9191315E-03 8.9168209E-05 4.8818739E-03 5.7018647E-02 2.7456001E-02 1.1062814E-04 1.8274816E+00 1.8996373E+01 -3.6351881E-02
2.6764000E+02 2.7427000E+02 8.6700000E+00 1.3100000E+02 9 5.5154224E+01 1.7630791E-01 3.9384431E-01 -4.7118420E-03 1.1569370E-02 1.1574132E-02 1.1310940E-02 4.7150414E-04 6.3720265E-04 6.1148306E-03 8.8503646E-05 6.0388070E-03 5.7095362E-02 3.4545394E-02 1.3565225E-04 1.8243982E+00 1.8998719E+01 -3.6507883E-02
2.6764000E+02 2.7427000E+02 8.6700000E+00 1.3200000E+02 9 5.5154036E+01 1.7625988E-01 3.9367631E-01 -4.7319982E-03 1.1540522E-02 1.1550395E-02 1.1289144E-02 4.6802760E-04 6.2073904E-04 6.0986378E-03 8.7851081E-05 6.0213123E-03 5.7151189E-02 3.4458988E-02 1.3805252E-04 1.8208142E+00 1.9002221E+01 -3.6763687E-02
2.6764000E+02 2.7427000E+02 8.6700000E+00 1.3700000E+02 9 5.5152487E+01 1.6425654E-01 3.6827032E-01 -6.0930796E-03 9.2061504E-03 9.6196462E-03 9.3673070E-03 4.5206135E-04 4.9035702E-04 4.9115341E-03 8.4854139E-05 4.8676851E-03 5.8851193E-02 2.7488242E-02 1.1213365E-04 1.8090439E+00 1.8996447E+01 -3.8329379E-02
2.6764000E+02 2.7427000E+02 8.6700000E+00 1.4200000E+02 9 5.5141790E+01 1.6808603E-01 3.7841752E-01 -7.7110701E-03 9.4286750E-03 9.7392738E-03 9.4951687E-03 4.3731015E-04 5.1815323E-04 5.0167092E-03 8.2085266E-05 4.9622984E-03 6.0855691E-02 2.8152000E-02 1.1091541E-04 1.8023080E+00 1.8974732E+01 -3.9514147E-02
2.6764000E+02 2.7427000E+02 8.6700000E+00 1.4700000E+02 9 5.5132408E+01 1.7172070E-01 3.8776546E-01 -9.1060183E-03 9.6666871E-03 9.8668604E-03 9.6304116E-03 4.2359408E-04 5.3756394E-04 5.1304450E-03 7.9510692E-05 5.0651564E-03 6.2583254E-02 2.8861932E-02 1.0797410E-04 1.7989556E+00 1.8946035E+01 -4.0339348E-02
2.6764000E+02 2.7427000E+02 8.6700000E+00 1.5200000E+02 9 5.5125130E+01 1.7464079E-01 3.9519731E-01 -1.0173407E-02 9.8661384E-03 9.9776950E-03 9.7483998E-03 4.1077855E-04 5.5045256E-04 5.2248619E-03 7.7105153E-05 5.1503923E-03 6.3914107E-02 2.9456879E-02 1.0322729E-04 1.7971345E+00 1.8915962E+01 -4.0910867E-02
2.6764000E+02 2.7427000E+02 8.6700000E+00 1.5700000E+02 9 5.5119766E+01 1.7684362E-01 4.0077453E-01 -1.0948294E-02 1.0019648E-02 1.0067343E-02 9.8447541E-03 3.9876434E-04 5.5837330E-04 5.2961392E-03 7.4850027E-05 5.2143643E-03 6.4892580E-02 2.9914813E-02 9.7651586E-05 1.7960542E+00 1.8887643E+01 -4.1307379E-02
2.6764000E+02 2.7427000E+02 8.6700000E+00 1.6200000E+02 9 5.5115879E+01 1.7847281E-01 4.0488701E-01 -1.1499628E-02 1.0134572E-02 1.0138364E-02 9.9220771E-03 3.8747443E-04 5.6319198E-04 5.3480290E-03 7.2730857E-05 5.2604979E-03 6.5601961E-02 3.0257666E-02 9.2070878E-05 1.7953624E+00 1.8862797E+01 -4.1585243E-02
2.6764000E+02 2.7427000E+02 8.6700000E+00 1.6700000E+02 9 5.5113051E+01 1.7968381E-01 4.0793633E-01 -1.1891891E-02 1.0220758E-02 1.0194891E-02 9.9845367E-03 3.7684548E-04 5.6605837E-04 5.3855578E-03 7.0735750E-05 5.2934347E-03 6.6119516E-02 3.0514797E-02 8.6973068E-05 1.7948906E+00 1.8842088E+01 -4.1783608E-02
2.6764000E+02 2.7427000E+02 8.6700000E+00 1.6800000E+02 9 5.5105236E+01 1.9453644E-01 4.4113574E-01 -1.1964481E-02 1.2651068E-02 1.2145097E-02 1.1935916E-02 3.7474564E-04 7.2339504E-04 6.6122756E-03 7.0341600E-05 6.4768861E-03 6.6224108E-02 3.7771375E-02 1.0020481E-04 1.7912775E+00 1.8839019E+01 -4.1996458E-02
2.6764000E+02 2.7427000E+02 8.6700000E+00 1.6900000E+02 9 5.5104892E+01 1.9445621E-01 4.4089977E-01 -1.2031686E-02 1.2608928E-02 1.2112401E-02 1.1904378E-02 3.7267128E-04 6.9785028E-04 6.5901324E-03 6.9952232E-05 6.4541336E-03 6.6314830E-02 3.7645301E-02 1.0001334E-04 1.7868361E+00 1.8838571E+01 -4.2359020E-02
2.6764000E+02 2.7427000E+02 8.6700000E+00 1.7400000E+02 9 5.5119448E+01 1.7182607E-01 4.0188612E-01 -1.6848022E-02 1.0072181E-02 1.0109949E-02 9.9073874E-03 3.6288530E-04 5.4051086E-04 5.3018298E-03 6.8115356E-05 5.2099148E-03 6.5130504E-02 3.0071145E-02 7.9903695E-05 1.8638034E+00 1.8749778E+01 -3.6498405E-02
2.6764000E+02 2.7427000E+02 8.6700000E+00 1.7500000E+02 9 5.5114721E+01 1.8298335E-01 4.3044237E-01 -1.7963175E-02 1.2244567E-02 1.2043929E-02 1.1842447E-02 3.6095114E-04 6.5447358E-04 6.3935426E-03 6.7752304E-05 6.2735670E-03 6.4847291E-02 3.6559723E-02 9.1082940E-05 1.8794619E+00 1.8728734E+01 -3.5318588E-02
2.6764000E+02 2.7427000E+02 8.6700000E+00 1.7600000E+02 9 5.5117066E+01 1.8020018E-01 4.2741705E-01 -1.9180050E-02 1.2109257E-02 1.2003625E-02 1.1803210E-02 3.5903962E-04 6.2698520E-04 6.3226273E-03 6.7393503E-05 6.2077148E-03 6.4519129E-02 3.6156275E-02 9.0484350E-05 1.8966210E+00 1.8707990E+01 -3.4120475E-02
2.6764000E+02 2.7427000E+02 8.6700000E+00 1.8100000E+02 9 5.5060220E+01 1.7729046E-01 4.4089724E-01 -3.0363654E-02 9.5391467E-03 1.0017433E-02 9.8220616E-03 3.5000489E-04 4.8189019E-04 5.0165493E-03 6.5697639E-05 4.9495519E-03 7.6538637E-02 2.8483196E-02 7.1943574E-05 1.7797763E+00 1.8818518E+01 -4.7289868E-02
2.6764000E+02 2.7427000E+02 8.6700000E+00 1.8600000E+02 9 5.4977054E+01 1.9815342E-01 5.0470195E-01 -4.1524626E-02 9.7583498E-03 1.0077846E-02 9.8872472E-03 3.4145394E-04 5.2751965E-04 5.1253537E-03 6.4092583E-05 5.0456017E-03 9.1818724E-02 2.9136253E-02 6.9976303E-05 1.6673420E+00 1.8923305E+01 -6.4431352E-02
2.6764000E+02 2.7427000E+02 8.6700000E+00 1.9100000E+02 9 5.4902686E+01 2.1990085E-01 5.6511907E-01 -5.0596745E-02 1.0318044E-02 1.0159107E-02 9.9730318E-03 3.3335135E-04 6.0503280E-04 5.4132955E-03 6.2571687E-05 5.2996307E-03 1.0522673E-01 3.0802768E-02 7.0625295E-05 1.5960588E+00 1.8987926E+01 -7.8938324E-02
2.6764000E+02 2.7427000E+02 8.6700000E+00 1.9600000E+02 9 5.4844653E+01 2.3845163E-01 6.1419764E-01 -5.7359939E-02 1.0963040E-02 1.0234586E-02 1.0052801E-02 3.2566483E-04 6.8756676E-04 5.7465678E-03 6.1128890E-05 5.5931028E-03 1.1554738E-01 3.2722957E-02 7.2058977E-05 1.5535218E+00 1.9024924E+01 -8.9580404E-02
2.6764000E+02 2.7427000E+02 8.6700000E+00 2.0100000E+02 9 5.4802021E+01 2.5295953E-01 6.5140932E-01 -6.2214113E-02 1.1560780E-02 1.0297718E-02 1.0120008E-02 3.1836486E-04 7.5826470E-04 6.0553874E-03 5.9758651E-05 5.8648102E-03 1.2304624E-01 3.4502365E-02 7.3483180E-05 1.5282405E+00 1.9045662E+01 -9.6913768E-02
2.6764000E+02 2.7427000E+02 8.6700000E+00 2.0600000E+02 9 5.4771474E+01 2.6386619E-01 6.7879656E-01 -6.5658053E-02 1.2065458E-02 1.0349169E-02 1.0175333E-02 3.1142439E-04 8.1412751E-04 6.3155099E-03 5.8455889E-05 6.0937575E-03 1.2837016E-01 3.6004781E-02 7.4629084E-05 1.5131472E+00 1.9057042E+01 -1.0182981E-01
2.6764000E+02 2.7427000E+02 8.6700000E+00 2.1100000E+02 9 5.4749658E+01 2.7196320E-01 6.9882747E-01 -6.8115052E-02 1.2474738E-02 1.0391521E-02 1.0221373E-02 3.0481854E-04 8.5722755E-04 6.5256268E-03 5.7215940E-05 6.2789444E-03 1.3214221E-01 3.7223321E-02 7.5463116E-05 1.5040799E+00 1.9063066E+01 -1.0510234E-01
2.6764000E+02 2.7427000E+02 8.6700000E+00 2.1600000E+02 9 5.4733904E+01 2.7800482E-01 7.1361531E-01 -6.9898074E-02 1.2802762E-02 1.0427329E-02 1.0260693E-02 2.9852445E-04 8.9043961E-04 6.6931626E-03 5.6034508E-05 6.4268992E-03 1.3484768E-01 3.8200098E-02 7.6036651E-05 1.4985932E+00 1.9066048E+01 -1.0729626E-01
2.6764000E+02 2.7427000E+02 8.6700000E+00 2.2100000E+02 9 5.4722289E+01 2.8258731E-01 7.2474507E-01 -7.1223470E-02 1.3066853E-02 1.0458574E-02 1.0295289E-02 2.9252104E-04 9.1621292E-04 6.8271984E-03 5.4907638E-05 6.5456254E-03 1.3683048E-01 3.8986665E-02 7.6417873E-05 1.4952476E+00 1.9067320E+01 -1.0879233E-01
2.6764000E+02 2.7427000E+02 8.6700000E+00 2.2600000E+02 9 5.4713501E+01 2.8614243E-01 7.3332994E-01 -7.2235818E-02 1.3282276E-02 1.0486665E-02 1.0326580E-02 2.8678889E-04 9.3642752E-04 6.9357346E-03 5.3831686E-05 6.6421674E-03 1.3832292E-01 3.9628430E-02 7.6665818E-05 1.4931941E+00 1.9067647E+01 -1.0983677E-01
2.6764000E+02 2.7427000E+02 8.6700000E+00 2.3100000E+02 9 5.4706667E+01 2.8896902E-01 7.4012628E-01 -7.3030420E-02 1.3460889E-02 1.0512577E-02 1.0355551E-02 2.8131008E-04 9.5248352E-04 7.0250188E-03 5.2803285E-05 6.7219577E-03 1.3947840E-01 4.0160662E-02 7.6823995E-05 1.4919302E+00 1.9067464E+01 -1.1058588E-01
2.6764000E+02 2.7427000E+02 8.6700000E+00 2.3600000E+02 9 5.4701211E+01 2.9126935E-01 7.4564108E-01 -7.3670111E-02 1.3611376E-02 1.0536979E-02 1.0382879E-02 2.7606804E-04 9.6540228E-04 7.0996603E-03 5.1819329E-05 6.7889332E-03 1.4039763E-01 4.0609185E-02 7.6921916E-05 1.4911552E+00 1.9067021E+01 -1.1113852E-01
2.6764000E+02 2.7427000E+02 8.6700000E+00 2.4100000E+02 9 5.4696752E+01 2.9317989E-01 7.5021464E-01 -7.4196746E-02 1.3739947E-02 1.0560328E-02 1.0409031E-02 2.7104749E-04 9.7592644E-04 7.1629728E-03 5.0876947E-05 6.8458861E-03 1.4114707E-01 4.0992462E-02 7.6978838E-05 1.4906862E+00 1.9066457E+01 -1.1155780E-01
2.6764000E+02 2.7427000E+02 8.6700000E+00 2.4600000E+02 9 5.4693033E+01 2.9479372E-01 7.5407806E-01 -7.4638687E-02 1.3851040E-02 1.0582925E-02 1.0434314E-02 2.6623429E-04 9.8460557E-04 7.2173264E-03 4.9973486E-05 6.8948061E-03 1.4177123E-01 4.1323693E-02 7.7007285E-05 1.4904102E+00 1.9065853E+01 -1.1188461E-01
2.6764000E+02 2.7427000E+02 8.6700000E+00 2.5100000E+02 9 5.4689877E+01 2.9617574E-01 7.5739159E-01 -7.5015577E-02 1.3947888E-02 1.0604957E-02 1.0458925E-02 2.6161535E-04 9.9184770E-04 7.2644395E-03 4.9106489E-05 6.9371455E-03 1.4230051E-01 4.1612488E-02 7.7015608E-05 1.4902559E+00 1.9065256E+01 -1.1214592E-01
2.6764000E+02 2.7427000E+02 8.6700000E+00 2.5600000E+02 9 5.4687162E+01 2.9737243E-01 7.6026909E-01 -7.5341351E-02 1.4032909E-02 1.0626530E-02 1.0482974E-02 2.5717858E-04 9.9795807E-04 7.3055874E-03 4.8273684E-05 6.9739999E-03 1.4275614E-01 4.1866041E-02 7.7009598E-05 1.4901778E+00 1.9064690E+01 -1.1235986E-01
2.6764000E+02 2.7427000E+02 8.6700000E+00 2.6100000E+02 9 5.4684798E+01 2.9841802E-01 7.6279366E-01 -7.5626140E-02 1.4107971E-02 1.0647688E-02 1.0506513E-02 2.5291275E-04 1.0031675E-03 7.3417426E-03 4.7472967E-05 7.0062245E-03 1.4315335E-01 4.2089906E-02 7.6993446E-05 1.4901464E+00 1.9064168E+01 -1.1253885E-01
2.6764000E+02 2.7427000E+02 8.6700000E+00 2.6400000E+02 9 5.4678633E+01 3.0874436E-01 7.8394836E-01 -7.5784064E-02 1.5657255E-02 1.1548355E-02 1.1408576E-02 2.5041248E-04 1.1374424E-03 8.1333655E-03 4.7003654E-05 7.7471914E-03 1.4337629E-01 4.6711431E-02 8.4512059E-05 1.4859328E+00 1.9065856E+01 -1.1336852E-01
2.6764000E+02 2.7427000E+02 8.6700000E+00 2.6500000E+02 9 5.4673360E+01 3.1866166E-01 8.0428838E-01 -7.5835329E-02 1.7183002E-02 1.2471563E-02 1.2332245E-02 2.4958555E-04 1.2769886E-03 8.9128682E-03 4.6848436E-05 8.4795810E-03 1.4345047E-01 5.1263297E-02 9.1635814E-05 1.4835055E+00 1.9066110E+01 -1.1380226E-01
2.6764000E+02 2.7427000E+02 8.6700000E+00 2.7000000E+02 9 5.4680866E+01 3.0122143E-01 7.6915366E-01 -7.6020209E-02 1.4426537E-02 1.0841257E-02 1.0703171E-02 2.4737855E-04 1.0075105E-03 7.5012492E-03 4.6434170E-05 7.1548376E-03 1.4369939E-01 4.3040339E-02 7.8730356E-05 1.4955820E+00 1.9056441E+01 -1.1167767E-01
2.6764000E+02 2.7427000E+02 8.6700000E+00 2.7500000E+02 9 5.4677930E+01 3.0492354E-01 7.7705860E-01 -7.6190536E-02 1.4956252E-02 1.1160966E-02 1.1024433E-02 2.4459667E-04 1.0618366E-03 7.7703827E-03 4.5911998E-05 7.4070886E-03 1.4393577E-01 4.4620678E-02 8.0627875E-05 1.5081989E+00 1.9042106E+01 -1.0936573E-01
2.6764000E+02 2.7427000E+02 8.6700000E+00 2.8000000E+02 9 5.4675411E+01 3.0792524E-01 7.8355798E-01 -7.6350281E-02 1.5379967E-02 1.1436167E-02 1.1301371E-02 2.4148462E-04 1.0944872E-03 7.9846516E-03 4.5327851E-05 7.6087376E-03 1.4415873E-01 4.5885016E-02 8.2499490E-05 1.5183467E+00 1.9030121E+01 -1.0753304E-01
2.6764000E+02 2.7427000E+02 8.6700000E+00 2.8500000E+02 9 5.4673354E+01 3.1016026E-01 7.8856711E-01 -7.6497774E-02 1.5692604E-02 1.1662518E-02 1.1529448E-02 2.3839310E-04 1.1144891E-03 8.1416394E-03 4.4747557E-05 7.7576472E-03 1.4436474E-01 4.6818176E-02 8.3858078E-05 1.5259075E+00 1.9021093E+01 -1.0619469E-01
2.6764000E+02 2.7427000E+02 8.6700000E+00 2.8900000E+02 9 5.4669682E+01 3.1611479E-01 8.0112564E-01 -7.6608060E-02 1.6595171E-02 1.2250226E-02 1.2118492E-02 2.3599904E-04 1.1854320E-03 8.6006656E-03 4.4298181E-05 8.1905080E-03 1.4452013E-01 4.9511277E-02 8.8167416E-05 1.5279519E+00 1.9017022E+01 -1.0582015E-01
2.6764000E+02 2.7427000E+02 8.6700000E+00 2.9000000E+02 9 5.4662176E+01 3.3082932E-01 8.3160282E-01 -7.6635155E-02 1.8893667E-02 1.3697360E-02 1.3565957E-02 2.3540610E-04 1.4041580E-03 9.7739246E-03 4.4186883E-05 9.2962255E-03 1.4456185E-01 5.6369400E-02 9.8306610E-05 1.5273298E+00 1.9014560E+01 -1.0585609E-01
2.6764000E+02 2.7427000E+02 8.6700000E+00 2.9500000E+02 9 5.4723022E+01 2.9859130E-01 7.5380394E-01 -7.0390790E-02 1.5843058E-02 1.1877339E-02 1.1747516E-02 2.3257481E-04 1.0977693E-03 8.2118405E-03 4.3655436E-05 7.8290488E-03 1.3511660E-01 4.7268264E-02 8.4648587E-05 1.5779538E+00 1.8967216E+01 -9.3333939E-02
2.6764000E+02 2.7427000E+02 8.6700000E+00 3.0000000E+02 9 5.4791391E+01 2.8076521E-01 7.0260928E-01 -6.2090171E-02 1.5737044E-02 1.1992239E-02 1.1863935E-02 2.2985519E-04 1.0927782E-03 8.1502703E-03 4.3144950E-05 7.7830372E-03 1.2257398E-01 4.6954765E-02 8.3556832E-05 1.6513794E+00 1.8893404E+01 -7.7511438E-02
2.6764000E+02 2.7427000E+02 8.6700000E+00 3.0100000E+02 9 5.4797225E+01 2.9356565E-01 7.2748173E-01 -6.0385696E-02 1.8362173E-02 1.3910665E-02 1.3782662E-02 2.2931555E-04 1.3320581E-03 9.4822999E-03 4.3043656E-05 9.0560832E-03 1.2000394E-01 5.4791568E-02 9.5298025E-05 1.6659472E+00 1.8874949E+01 -7.4496803E-02
2.6764000E+02 2.7427000E+02 8.6700000E+00 3.0200000E+02 9 5.4811722E+01 2.8914076E-01 7.1543971E-01 -5.8670388E-02 1.8222259E-02 1.3905455E-02 1.3777751E-02 2.2878001E-04 1.2853886E-03 9.4082719E-03 4.2943132E-05 8.9911191E-03 1.1741303E-01 5.4375182E-02 9.5890326E-05 1.6803943E+00 1.8858974E+01 -7.1630123E-02
2.6764000E+02 2.7427000E+02 8.6700000E+00 3.0300000E+02 9 5.4826047E+01 2.8455860E-01 7.0333482E-01 -5.6988719E-02 1.8058175E-02 1.3903355E-02 1.3776425E-02 2.2739132E-04 1.2509823E-03 9.3208404E-03 4.2682469E-05 8.9144679E-03 1.1487644E-01 5.3886853E-02 9.5353128E-05 1.6945534E+00 1.8844669E+01 -6.8923429E-02
2.6764000E+02 2.7427000E+02 8.6700000E+00 3.0800000E+02 9 5.4894892E+01 2.4905834E-01 6.1738884E-01 -4.9851755E-02 1.4794772E-02 1.1952823E-02 1.1828902E-02 2.2200216E-04 9.6701387E-04 7.6477281E-03 4.1670898E-05 7.3437653E-03 1.0409214E-01 4.4151033E-02 7.8833686E-05 1.7600542E+00 1.8785387E+01 -5.7885711E-02
2.6764000E+02 2.7427000E+02 8.6700000E+00 3.1300000E+02 9 5.4942289E+01 2.3359887E-01 5.7710165E-01 -4.4317849E-02 1.4222276E-02 1.1932502E-02 1.1812177E-02 2.1555946E-04 9.0042280E-04 7.3412727E-03 4.0461571E-05 7.0756818E-03 9.5733578E-02 4.2447649E-02 7.5469653E-05 1.8157255E+00 1.8730588E+01 -4.9695331E-02
2.6764000E+02 2.7427000E+02 8.6700000E+00 3.1800000E+02 9 5.4977788E+01 2.2151979E-01 5.4621440E-01 -4.0211490E-02 1.3712322E-02 1.1927924E-02 1.1811284E-02 2.0895885E-04 8.2339978E-04 7.0679182E-03 3.9222604E-05 6.8359679E-03 8.9530874E-02 4.0930193E-02 7.3093971E-05 1.8592263E+00 1.8687058E+01 -4.3976113E-02
2.6764000E+02 2.7427000E+02 8.6700000E+00 3.2300000E+02 9 5.5003919E+01 2.1214046E-01 5.2282237E-01 -3.7225387E-02 1.3262472E-02 1.1930057E-02 1.1816911E-02 2.0269946E-04 7.5528340E-04 6.8268852E-03 3.8047685E-05 6.6236409E-03 8.5019598E-02 3.9591293E-02 7.1140745E-05 1.8911062E+00 1.8654978E+01 -4.0116344E-02
2.6764000E+02 2.7427000E+02 8.6700000E+00 3.2800000E+02 9 5.5023089E+01 2.0486421E-01 5.0514272E-01 -3.5064725E-02 1.2873405E-02 1.1933892E-02 1.1823974E-02 1.9691501E-04 7.0126256E-04 6.6185805E-03 3.6961916E-05 6.4391666E-03 8.1754612E-02 3.8432999E-02 6.9480651E-05 1.9133175E+00 1.8632563E+01 -3.7555716E-02
2.6764000E+02 2.7427000E+02 8.6700000E+00 3.2900000E+02 9 5.5020427E+01 2.1599983E-01 5.3060102E-01 -3.4663306E-02 1.4895501E-02 1.3817574E-02 1.3708292E-02 1.9577771E-04 7.8382886E-04 7.6349284E-03 3.6748440E-05 7.4304143E-03 8.1153616E-02 4.4473497E-02 7.9147135E-05 1.9163675E+00 1.8625852E+01 -3.7155196E-02
2.6764000E+02 2.7427000E+02 8.6700000E+00 3.3000000E+02 9 5.5023885E+01 2.1444816E-01 5.2691245E-01 -3.4290372E-02 1.4780354E-02 1.3787042E-02 1.3678384E-02 1.9466024E-04 7.6537969E-04 7.5748898E-03 3.6538685E-05 7.3747437E-03 8.0590730E-02 4.4130086E-02 7.9630417E-05 1.9171867E+00 1.8623723E+01 -3.6938928E-02
2.6764000E+02 2.7427000E+02 8.6700000E+00 3.3500000E+02 9 5.5015427E+01 2.0557287E-01 5.0465485E-01 -3.3453941E-02 1.2239574E-02 1.1817113E-02 1.1711319E-02 1.8952729E-04 6.2975576E-04 6.2845247E-03 3.5575204E-05 6.1352010E-03 8.3577599E-02 3.6543982E-02 6.7065149E-05 1.8287106E+00 1.8717330E+01 -4.4683747E-02
2.6764000E+02 2.7427000E+02 8.6700000E+00 3.4000000E+02 9 5.4987837E+01 2.1619595E-01 5.2522185E-01 -3.3127583E-02 1.2269456E-02 1.1808027E-02 1.1704875E-02 1.8479456E-04 6.5406986E-04 6.2984686E-03 3.4686848E-05 6.1437205E-03 8.8635100E-02 3.6632151E-02 6.6765370E-05 1.7437999E+00 1.8802857E+01 -5.4021642E-02
2.6764000E+02 2.7427000E+02 8.6700000E+00 3.4500000E+02 9 5.4959904E+01 2.2847173E-01 5.4869709E-01 -3.2994267E-02 1.2582649E-02 1.1823469E-02 1.1722763E-02 1.8041177E-04 7.0572774E-04 6.4614863E-03 3.3864176E-05 6.2837232E-03 9.3564682E-02 3.7563758E-02 6.8095663E-05 1.6837196E+00 1.8862794E+01 -6.1981699E-02
2.6764000E+02 2.7427000E+02 8.6700000E+00 3.5000000E+02 9 5.4936411E+01 2.3969997E-01 5.6985647E-01 -3.2914563E-02 1.2998559E-02 1.1843618E-02 1.1745188E-02 1.7633591E-04 7.6392269E-04 6.6787103E-03 3.3099117E-05 6.4714734E-03 9.7607509E-02 3.8801124E-02 6.9913355E-05 1.6446238E+00 1.8901610E+01 -6.7930422E-02
2.6764000E+02 2.7427000E+02 8.6700000E+00 3.5500000E+02 9 5.4918295E+01 2.4893289E-01 5.8701001E-01 -3.2837003E-02 1.3410012E-02 1.1860907E-02 1.1764601E-02 1.7253077E-04 8.1845015E-04 6.8937275E-03 3.2384873E-05 6.6574194E-03 1.0066374E-01 4.0025246E-02 7.1686824E-05 1.6197916E+00 1.8926184E+01 -7.2101279E-02
2.6764000E+02 2.7427000E+02 8.6700000E+00 3.6000000E+02 9 5.4904961E+01 2.5610942E-01 6.0015540E-01 -3.2748356E-02 1.3769259E-02 1.1873331E-02 1.1779015E-02 1.6896562E-04 8.6496613E-04 7.0813867E-03 3.1715679E-05 6.8195004E-03 1.0287581E-01 4.1094038E-02 7.3206021E-05 1.6040910E+00 1.8941686E+01 -7.4931656E-02
2.6764000E+02 2.7427000E+02 8.6700000E+00 3.6500000E+02 9 5.4895376E+01 2.6153024E-01 6.0993724E-01 -3.2649856E-02 1.4063812E-02 1.1881127E-02 1.1788682E-02 1.6561419E-04 9.0216519E-04 7.2350926E-03 3.1086597E-05 6.9519484E-03 1.0444179E-01 4.1970361E-02 7.4425406E-05 1.5941058E+00 1.8951532E+01 -7.6825503E-02
2.6764000E+02 2.7427000E+02 8.6700000E+00 3.7000000E+02 9 5.4888547E+01 2.6558144E-01 6.1713103E-01 -3.2546649E-02 1.4298107E-02 1.1885232E-02 1.1794551E-02 1.6245372E-04 9.3101361E-04 7.3571294E-03 3.0493363E-05 7.0568375E-03 1.0554178E-01 4.2667430E-02 7.5372334E-05 1.5876783E+00 1.8957869E+01 -7.8090621E-02
2.6764000E+02 2.7427000E+02 8.6700000E+00 3.7500000E+02 9 5.4883669E+01 2.6861513E-01 6.2242601E-01 -3.2443676E-02 1.4482560E-02 1.1886627E-02 1.1797614E-02 1.5946447E-04 9.5319188E-04 7.4529147E-03 2.9932265E-05 7.1390117E-03 1.0631656E-01 4.3216241E-02 7.6097782E-05 1.5834702E+00 1.8962023E+01 -7.8942032E-02
2.6764000E+02 2.7427000E+02 8.6700000E+00 3.8000000E+02 9 5.4880147E+01 2.7091214E-01 6.2636243E-01 -3.2344474E-02 1.4628144E-02 1.1886122E-02 1.1798692E-02 1.5662919E-04 9.7026540E-04 7.5281780E-03 2.9400069E-05 7.2035569E-03 1.0686814E-01 4.3649447E-02 7.6653152E-05 1.5806559E+00 1.8964808E+01 -7.9523254E-02
2.6764000E+02 2.7427000E+02 8.6700000E+00 3.8500000E+02 9 5.4877562E+01 2.7268104E-01 6.2933645E-01 -3.2251152E-02 1.4744257E-02 1.1884323E-02 1.1798398E-02 1.5393279E-04 9.8347256E-04 7.5878508E-03 2.8893941E-05 7.2547993E-03 1.0726732E-01 4.3995003E-02 7.7081558E-05 1.5787253E+00 1.8966727E+01 -7.9927858E-02
2.6764000E+02 2.7427000E+02 8.6700000E+00 3.9000000E+02 9 5.4875626E+01 2.7407066E-01 6.3162792E-01 -3.2164722E-02 1.4838219E-02 1.1881662E-02 1.1797172E-02 1.5136205E-04 9.9376493E-04 7.6358001E-03 2.8411402E-05 7.2960781E-03 1.0756209E-01 4.4274678E-02 7.7416132E-05 1.5773628E+00 1.8968089E+01 -8.0216195E-02
2.6764000E+02 2.7427000E+02 8.6700000E+00 3.9500000E+02 9 5.4874144E+01 2.7518496E-01 6.3343078E-01 -3.2085461E-02 1.4915461E-02 1.1878443E-02 1.1795324E-02 1.4890539E-04 1.0018802E-03 7.6749150E-03 2.7950274E-05 7.3298477E-03 1.0778466E-01 4.4504625E-02 7.7681196E-05 1.5763707E+00 1.8969088E+01 -8.0427190E-02
2.6764000E+02 2.7427000E+02 8.6700000E+00 4.0000000E+02 9 5.4872983E+01 2.7609615E-01 6.3487847E-01 -3.2013204E-02 1.4979921E-02 1.1874874E-02 1.1793069E-02 1.4655261E-04 1.0083451E-03 7.7073044E-03 2.7508646E-05 7.3578694E-03 1.0795659E-01 4.4696550E-02 7.7894220E-05 1.5756236E+00 1.8969845E+01 -8.0586088E-02
2.6764000E+02 2.7427000E+02 8.6700000E+00 4.0500000E+02 9 5.4872056E+01 2.7685448E-01 6.3606303E-01 -3.1947544E-02 1.5034438E-02 1.1871102E-02 1.1790557E-02 1.4429475E-04 1.0135471E-03 7.7344948E-03 2.7084835E-05 7.3814038E-03 1.0809239E-01 4.4858890E-02 7.8067683E-05 1.5750408E+00 1.8970441E+01 -8.0709420E-02
2.6764000E+02 2.7427000E+02 8.6700000E+00 4.1000000E+02 9 5.4871301E+01 2.7749531E-01 6.3704858E-01 -3.1887962E-02 1.5081071E-02 1.1867225E-02 1.1787892E-02 1.4212391E-04 1.0177801E-03 7.7575938E-03 2.6677357E-05 7.4013637E-03 1.0820193E-01 4.4997769E-02 7.8210529E-05 1.5745698E+00 1.8970926E+01 -8.0808138E-02
2.6764000E+02 2.7427000E+02 8.6700000E+00 4.1200000E+02 9 5.4864084E+01 2.9165708E-01 6.6608809E-01 -3.1865067E-02 1.7275453E-02 1.3222463E-02 1.3143607E-02 1.4126902E-04 1.2108586E-03 8.8795647E-03 2.6516889E-05 8.4546026E-03 1.0824628E-01 5.1544985E-02 8.8448055E-05 1.5708604E+00 1.8971397E+01 -8.1248032E-02
2.6764000E+02 2.7427000E+02 8.6700000E+00 4.1700000E+02 9 5.4871011E+01 2.7710854E-01 6.3588660E-01 -3.1813133E-02 1.4958620E-02 1.1770894E-02 1.1693188E-02 1.3920916E-04 9.9326609E-04 7.6935566E-03 2.6130244E-05 7.3397425E-03 1.0832519E-01 4.4632231E-02 7.7886198E-05 1.5682169E+00 1.8977576E+01 -8.1758926E-02
2.6764000E+02 2.7427000E+02 8.6700000E+00 4.2200000E+02 9 5.4870509E+01 2.7757630E-01 6.3661816E-01 -3.1765972E-02 1.4997877E-02 1.1763110E-02 1.1686514E-02 1.3722079E-04 1.0080064E-03 7.7130458E-03 2.5757017E-05 7.3562570E-03 1.0839511E-01 4.4749108E-02 7.7630376E-05 1.5681972E+00 1.8978001E+01 -8.1799143E-02
2.6764000E+02 2.7427000E+02 8.6700000E+00 4.2700000E+02 9 5.4869952E+01 2.7823929E-01 6.3770538E-01 -3.1723092E-02 1.5067342E-02 1.1772822E-02 1.1697298E-02 1.3529867E-04 1.0177205E-03 7.7481761E-03 2.5396226E-05 7.3871623E-03 1.0845517E-01 4.4956071E-02 7.7867687E-05 1.5691521E+00 1.8976960E+01 -8.1678168E-02
2.6764000E+02 2.7427000E+02 8.6700000E+00 4.2900000E+02 9 5.4862761E+01 2.9249941E-01 6.6690924E-01 -3.1706595E-02 1.7280952E-02 1.3130262E-02 1.3055162E-02 1.3454010E-04 1.2142657E-03 8.8806026E-03 2.5253839E-05 8.4490829E-03 1.0848196E-01 5.1560517E-02 8.8211626E-05 1.5660668E+00 1.8976745E+01 -8.2026810E-02
2.6764000E+02 2.7427000E+02 8.6700000E+00 4.3000000E+02 9 5.4860555E+01 2.9684537E-01 6.7581987E-01 -3.1698506E-02 1.7951378E-02 1.3562104E-02 1.3487215E-02 1.3416335E-04 1.2591840E-03 9.2230322E-03 2.5183120E-05 8.7711526E-03 1.0849445E-01 5.3561006E-02 9.1745495E-05 1.5636611E+00 1.8977721E+01 -8.2329708E-02
2.6764000E+02 2.7427000E+02 8.6700000E+00 4.3500000E+02 9 5.4868108E+01 2.8133188E-01 6.4386297E-01 -3.1674702E-02 1.5509869E-02 1.2050377E-02 1.1977024E-02 1.3141150E-04 1.0345032E-03 7.9723562E-03 2.4666586E-05 7.5963075E-03 1.0853912E-01 4.6276222E-02 8.0203840E-05 1.5822408E+00 1.8961974E+01 -7.9732685E-02
2.6764000E+02 2.7427000E+02 8.6700000E+00 4.3600000E+02 9 5.4858476E+01 3.0059342E-01 6.8387188E-01 -3.1670039E-02 1.8536424E-02 1.3977871E-02 1.3904783E-02 1.3093495E-04 1.3301761E-03 9.5185938E-03 2.4577134E-05 9.0516962E-03 1.0855298E-01 5.5307375E-02 9.2700370E-05 1.5848817E+00 1.8956068E+01 -7.9251628E-02
2.6764000E+02 2.7427000E+02 8.6700000E+00 4.3700000E+02 9 5.4860036E+01 3.0090840E-01 6.8356461E-01 -3.1249891E-02 1.8615934E-02 1.4035379E-02 1.3962512E-02 1.3053889E-04 1.3080741E-03 9.5591471E-03 2.4502793E-05 9.0893912E-03 1.0821059E-01 5.5544500E-02 9.4030461E-05 1.5881268E+00 1.8951305E+01 -7.8577288E-02
2.6764000E+02 2.7427000E+02 8.6700000E+00 4.3800000E+02 9 5.4864378E+01 3.0060177E-01 6.8090461E-01 -3.0241810E-02 1.8667517E-02 1.4078040E-02 1.4005403E-02 1.3012927E-04 1.2938669E-03 9.5852358E-03 2.4425903E-05 9.1138874E-03 1.0737049E-01 5.5698409E-02 9.4754462E-05 1.5919256E+00 1.8946660E+01 -7.7623727E-02
2.6764000E+02 2.7427000E+02 8.6700000E+00 4.4300000E+02 9 5.4929149E+01 2.7499639E-01 6.0365464E-01 -1.7818432E-02 1.5983586E-02 1.2378389E-02 1.2306049E-02 1.2959589E-04 1.0481341E-03 8.2129574E-03 2.4325785E-05 7.8232195E-03 9.6908535E-02 4.7690091E-02 8.2819640E-05 1.6286912E+00 1.8912659E+01 -6.8232406E-02
2.6764000E+02 2.7427000E+02 8.6700000E+00 4.4400000E+02 9 5.4932536E+01 2.9096231E-01 6.3192689E-01 -1.5109342E-02 1.8802626E-02 1.4254731E-02 1.4182511E-02 1.2937925E-04 1.3020025E-03 9.6510171E-03 2.4285121E-05 9.1819379E-03 9.4632643E-02 5.6103299E-02 9.4684434E-05 1.6355448E+00 1.8902431E+01 -6.6291051E-02
2.6764000E+02 2.7427000E+02 8.6700000E+00 4.4500000E+02 9 5.4945430E+01 2.8907786E-01 6.2234070E-01 -1.2255187E-02 1.8802080E-02 1.4270005E-02 1.4197996E-02 1.2900288E-04 1.2677596E-03 9.6504303E-03 2.4214474E-05 9.1814790E-03 9.2230357E-02 5.6101725E-02 9.5760852E-05 1.6428533E+00 1.8893613E+01 -6.4329684E-02
2.6764000E+02 2.7427000E+02 8.6700000E+00 4.5000000E+02 9 5.5010222E+01 2.6516693E-01 5.4827635E-01 3.6236773E-04 1.6410199E-02 1.2764426E-02 1.2693367E-02 1.2730070E-04 1.0498633E-03 8.4266675E-03 2.3894967E-05 8.0302309E-03 8.1596754E-02 4.8964628E-02 8.5170623E-05 1.6970326E+00 1.8841173E+01 -5.4034693E-02
2.6764000E+02 2.7427000E+02 8.6700000E+00 4.5300000E+02 9 5.5037602E+01 2.6959538E-01 5.4443621E-01 7.4222258E-03 1.7893934E-02 1.3884636E-02 1.3814092E-02 1.2637761E-04 1.1333800E-03 9.1797137E-03 2.3721698E-05 8.7488440E-03 7.5651809E-02 5.3394287E-02 9.1865506E-05 1.7279761E+00 1.8806984E+01 -4.8559468E-02
2.6764000E+02 2.7427000E+02 8.6700000E+00 4.5400000E+02 9 5.5044108E+01 2.7584931E-01 5.5360115E-01 9.7184798E-03 1.9144835E-02 1.4866771E-02 1.4796394E-02 1.2607895E-04 1.1772484E-03 9.8138756E-03 2.3665639E-05 9.3562996E-03 7.3719886E-02 5.7129266E-02 9.7489583E-05 1.7378521E+00 1.8794785E+01 -4.6844558E-02
2.6764000E+02 2.7427000E+02 8.6700000E+00 4.5900000E+02 9 5.5102884E+01 2.4968183E-01 4.7819396E-01 2.0635904E-02 1.6219342E-02 1.2992344E-02 1.2922895E-02 1.2441615E-04 9.5178262E-04 8.3184377E-03 2.3353523E-05 7.9471064E-03 6.4521710E-02 4.8399205E-02 8.4424284E-05 1.7635062E+00 1.8773312E+01 -4.1289258E-02
2.6764000E+02 2.7427000E+02 8.6700000E+00 4.6400000E+02 9 5.5142579E+01 2.4163982E-01 4.4590489E-01 2.9158810E-02 1.5915833E-02 1.2997354E-02 1.2928560E-02 1.2324167E-04 8.9481070E-04 8.1576133E-03 2.3133068E-05 7.8062766E-03 5.7348062E-02 4.7495703E-02 8.2600761E-05 1.7862106E+00 1.8751228E+01 -3.6940235E-02
2.6764000E+02 2.7427000E+02 8.6700000E+00 4.6900000E+02 9 5.5172489E+01 2.3553381E-01 4.2163393E-01 3.5579871E-02 1.5684838E-02 1.3033670E-02 1.2965342E-02 1.2240696E-04 8.4311011E-04 8.0348847E-03 2.2976388E-05 7.6995478E-03 5.1947988E-02 4.6808150E-02 8.1523892E-05 1.8060690E+00 1.8731272E+01 -3.3646368E-02
2.6764000E+02 2.7427000E+02 8.6700000E+00 4.7400000E+02 9 5.5194979E+01 2.3076054E-01 4.0320307E-01 4.0391682E-02 1.5486622E-02 1.3077017E-02 1.3009102E-02 1.2166973E-04 7.9850367E-04 7.9297327E-03 2.2838006E-05 7.6077378E-03 4.7906865E-02 4.6218092E-02 8.0688976E-05 1.8214767E+00 1.8715617E+01 -3.1263579E-02
2.6764000E+02 2.7427000E+02 8.6700000E+00 4.7900000E+02 9 5.5211972E+01 2.2695520E-01 3.8904161E-01 4.4009618E-02 1.5308812E-02 1.3116765E-02 1.3049268E-02 1.2092004E-04 7.6159284E-04 7.8358228E-03 2.2697286E-05 7.5247605E-03 4.4874308E-02 4.5688624E-02 7.9958971E-05 1.8323606E+00 1.8704486E+01 -2.9581278E-02
2.6764000E+02 2.7427000E+02 8.6700000E+00 4.8100000E+02 9 5.5212581E+01 2.3644474E-01 4.0750078E-01 4.5289998E-02 1.6990297E-02 1.4479035E-02 1.4411709E-02 1.2061425E-04 8.0935203E-04 8.6886032E-03 2.2639887E-05 8.3410087E-03 4.3806387E-02 5.0709030E-02 8.8025842E-05 1.8328522E+00 1.8700676E+01 -2.9239501E-02
2.6764000E+02 2.7427000E+02 8.6700000E+00 4.8200000E+02 9 5.5213878E+01 2.3887072E-01 4.1198256E-01 4.5891363E-02 1.7460965E-02 1.4918354E-02 1.4851113E-02 1.2045955E-04 8.1313885E-04 8.9262690E-03 2.2610849E-05 8.5705963E-03 4.3304707E-02 5.2114641E-02 9.0676819E-05 1.8315763E+00 1.8700461E+01 -2.9178449E-02
2.6764000E+02 2.7427000E+02 8.6700000E+00 4.8700000E+02 9 5.5233679E+01 2.1937886E-01 3.6614622E-01 4.8318515E-02 1.4631170E-02 1.2898243E-02 1.2831639E-02 1.1931981E-04 6.9493164E-04 7.4860827E-03 2.2396915E-05 7.2004488E-03 4.1275129E-02 4.3667396E-02 7.7269375E-05 1.8131452E+00 1.8724679E+01 -2.9637293E-02
2.6764000E+02 2.7427000E+02 8.6700000E+00 4.9200000E+02 9 5.5242934E+01 2.1640794E-01 3.5666893E-01 5.0194031E-02 1.4378292E-02 1.2785056E-02 1.2719027E-02 1.1829082E-04 6.8080537E-04 7.3567296E-03 2.2203768E-05 7.0775417E-03 3.9715748E-02 4.2912902E-02 7.5556832E-05 1.8066030E+00 1.8732476E+01 -2.9557616E-02
2.6764000E+02 2.7427000E+02 8.6700000E+00 4.9700000E+02 9 5.5249938E+01 2.1454202E-01 3.5007125E-01 5.1663482E-02 1.4244516E-02 1.2718394E-02 1.2652902E-02 1.1732888E-04 6.7311610E-04 7.2895373E-03 2.2023207E-05 7.0105721E-03 3.8498540E-02 4.2513519E-02 7.4863483E-05 1.8055086E+00 1.8733869E+01 -2.9246296E-02
2.6764000E+02 2.7427000E+02 8.6700000E+00 5.0200000E+02 9 5.5255449E+01 2.1321665E-01 3.4508664E-01 5.2840446E-02 1.4159583E-02 1.2674138E-02 1.2609182E-02 1.1636745E-04 6.6617070E-04 7.2477553E-03 2.1842743E-05 6.9666346E-03 3.7527677E-02 4.2259861E-02 7.4499162E-05 1.8058224E+00 1.8733583E+01 -2.8917534E-02
2.6764000E+02 2.7427000E+02 8.6700000E+00 5.0500000E+02 9 5.5254690E+01 2.1985452E-01 3.5819591E-01 5.3460455E-02 1.5292423E-02 1.3517935E-02 1.3453304E-02 1.1578425E-04 7.0894417E-04 7.8253594E-03 2.1733274E-05 7.5124799E-03 3.7020592E-02 4.5641246E-02 8.0165864E-05 1.7985286E+00 1.8738637E+01 -2.9177359E-02
2.6764000E+02 2.7427000E+02 8.6700000E+00 5.0600000E+02 9 5.5252149E+01 2.2658135E-01 3.7246361E-01 5.3658197E-02 1.6397054E-02 1.4397850E-02 1.4333328E-02 1.1558900E-04 7.3546442E-04 8.3862473E-03 2.1696624E-05 8.0480089E-03 3.6860828E-02 4.8939262E-02 8.5404507E-05 1.7958446E+00 1.8739325E+01 -2.9338595E-02
2.6764000E+02 2.7427000E+02 8.6700000E+00 5.1100000E+02 9 5.5264660E+01 2.0860670E-01 3.3240925E-01 5.4526420E-02 1.3614429E-02 1.2346208E-02 1.2282323E-02 1.1444874E-04 6.3080391E-04 6.9723256E-03 2.1482592E-05 6.6982474E-03 3.6145357E-02 4.0632490E-02 7.2337949E-05 1.7764371E+00 1.8764215E+01 -3.0344676E-02
2.6764000E+02 2.7427000E+02 8.6700000E+00 5.1600000E+02 9 5.5268254E+01 2.0733216E-01 3.2813913E-01 5.5251640E-02 1.3478142E-02 1.2207900E-02 1.2144587E-02 1.1342354E-04 6.3378118E-04 6.9055270E-03 2.1290156E-05 6.6281312E-03 3.5554350E-02 4.0225268E-02 7.1193523E-05 1.7693970E+00 1.8772370E+01 -3.0623508E-02
2.6764000E+02 2.7427000E+02 8.6700000E+00 5.2100000E+02 9 5.5271028E+01 2.0676271E-01 3.2546103E-01 5.5864061E-02 1.3434932E-02 1.2122663E-02 1.2059879E-02 1.1247622E-04 6.3677306E-04 6.8866392E-03 2.1112339E-05 6.6025141E-03 3.5057505E-02 4.0095722E-02 7.0922149E-05 1.7679029E+00 1.8774113E+01 -3.0566328E-02
2.6764000E+02 2.7427000E+02 8.6700000E+00 5.2600000E+02 9 5.5273330E+01 2.0642382E-01 3.2344778E-01 5.6390184E-02 1.3418848E-02 1.2063135E-02 1.2000875E-02 1.1153752E-04 6.3755287E-04 6.8813016E-03 2.0936141E-05 6.5903325E-03 3.4632754E-02 4.0047249E-02 7.0866738E-05 1.7678964E+00 1.8774146E+01 -3.0428736E-02
2.6764000E+02 2.7427000E+02 8.6700000E+00 5.3100000E+02 9 5.5275318E+01 2.0614559E-01 3.2173847E-01 5.6848123E-02 1.3406956E-02 1.2016161E-02 1.1954433E-02 1.1058479E-04 6.3657925E-04 6.8776526E-03 2.0757308E-05 6.5806635E-03 3.4264957E-02 4.0011411E-02 7.0840678E-05 1.7679978E+00 1.8774022E+01 -3.0299230E-02
2.6764000E+02 2.7427000E+02 8.6700000E+00 5.3600000E+02 9 5.5277069E+01 2.0588213E-01 3.2020730E-01 5.7250816E-02 1.3393422E-02 1.1975626E-02 1.1914437E-02 1.0961781E-04 6.3465519E-04 6.8727408E-03 2.0575801E-05 6.5706494E-03 3.3943221E-02 3.9970756E-02 7.0799207E-05 1.7678772E+00 1.8774122E+01 -3.0198679E-02
2.6764000E+02 2.7427000E+02 8.6700000E+00 5.4100000E+02 9 5.5278628E+01 2.0562775E-01 3.1881332E-01 5.7607892E-02 1.3378019E-02 1.1938798E-02 1.1878154E-02 1.0864190E-04 6.3255678E-04 6.8665219E-03 2.0392620E-05 6.5600994E-03 3.3659415E-02 3.9924570E-02 7.0739850E-05 1.7675253E+00 1.8774464E+01 -3.0125979E-02
2.6764000E+02 2.7427000E+02 8.6700000E+00 5.4600000E+02 9 5.5280021E+01 2.0538710E-01 3.1754209E-01 5.7926747E-02 1.3361836E-02 1.1904505E-02 1.1844409E-02 1.0766228E-04 6.3062676E-04 6.8596245E-03 2.0208740E-05 6.5494618E-03 3.3407298E-02 3.9876082E-02 7.0669865E-05 1.7670062E+00 1.8774982E+01 -3.0074731E-02
2.6764000E+02 2.7427000E+02 8.6700000E+00 5.5100000E+02 9 5.5281272E+01 2.0516481E-01 3.1638491E-01 5.8213199E-02 1.3345879E-02 1.1872247E-02 1.1812697E-02 1.0668287E-04 6.2893882E-04 6.8526224E-03 2.0024900E-05 6.5391614E-03 3.3181968E-02 3.9828285E-02 7.0596283E-05 1.7663964E+00 1.8775598E+01 -3.0038587E-02
2.6764000E+02 2.7427000E+02 8.6700000E+00 5.5600000E+02 9 5.5282399E+01 2.0496312E-01 3.1533299E-01 5.8471913E-02 1.3330771E-02 1.1841781E-02 1.1782776E-02 1.0570646E-04 6.2747598E-04 6.8458812E-03 1.9841623E-05 6.5294523E-03 3.2979501E-02 3.9783033E-02 7.0523726E-05 1.7657538E+00 1.8776249E+01 -3.0012796E-02
2.6764000E+02 2.7427000E+02 8.6700000E+00 5.6100000E+02 9 5.5283417E+01 2.0478215E-01 3.1437683E-01 5.8706687E-02 1.3316813E-02 1.1812952E-02 1.1754489E-02 1.0473502E-04 6.2621553E-04 6.8395904E-03 1.9659278E-05 6.5204438E-03 3.2796710E-02 3.9741219E-02 7.0454664E-05 1.7650938E+00 1.8776919E+01 -2.9994527E-02
2.6764000E+02 2.7427000E+02 8.6700000E+00 5.6600000E+02 9 5.5284340E+01 2.0462081E-01 3.1350672E-01 5.8920650E-02 1.3304092E-02 1.1785627E-02 1.1727703E-02 1.0376996E-04 6.2513266E-04 6.8338235E-03 1.9478132E-05 6.5121515E-03 3.2630976E-02 3.9703104E-02 7.0390126E-05 1.7644394E+00 1.8777584E+01 -2.9981677E-02
2.6764000E+02 2.7427000E+02 8.6700000E+00 5.7100000E+02 9 5.5285180E+01 2.0447746E-01 3.1271337E-01 5.9116404E-02 1.3292580E-02 1.1759682E-02 1.1702292E-02 1.0281230E-04 6.2419151E-04 6.8285874E-03 1.9298375E-05 6.5045417E-03 3.2480123E-02 3.9668604E-02 7.0330326E-05 1.7637978E+00 1.8778235E+01 -2.9972974E-02
2.6764000E+02 2.7427000E+02 8.6700000E+00 5.7600000E+02 9 5.5285947E+01 2.0435028E-01 3.1198826E-01 5.9296134E-02 1.3282196E-02 1.1734997E-02 1.1678138E-02 1.0186280E-04 6.2337434E-04 6.8238573E-03 1.9120149E-05 6.4975588E-03 3.2342331E-02 3.9637475E-02 7.0275070E-05 1.7631728E+00 1.8778869E+01 -2.9967564E-02
2.6764000E+02 2.7427000E+02 8.6700000E+00 5.8100000E+02 9 5.5286648E+01 2.0423746E-01 3.1132375E-01 5.9461686E-02 1.3272834E-02 1.1711461E-02 1.1655126E-02 1.0092202E-04 6.2266741E-04 6.8195911E-03 1.8943560E-05 6.4911403E-03 3.2216062E-02 3.9609399E-02 7.0223995E-05 1.7625649E+00 1.8779485E+01 -2.9964884E-02
2.6764000E+02 2.7427000E+02 8.6700000E+00 5.8200000E+02 9 5.5278944E+01 2.1994901E-01 3.4451176E-01 5.9494244E-02 1.5771120E-02 1.3494889E-02 1.3438660E-02 1.0073422E-04 7.2233095E-04 8.0927673E-03 1.8908308E-05 7.6972047E-03 3.2196576E-02 4.7066696E-02 8.1472531E-05 1.7606084E+00 1.8777819E+01 -3.0095413E-02
2.6764000E+02 2.7427000E+02 8.6700000E+00 5.8700000E+02 9 5.5287459E+01 2.0396469E-01 3.1045944E-01 5.9639167E-02 1.3246039E-02 1.1700415E-02 1.1645170E-02 9.8970961E-05 6.1885587E-04 6.8055549E-03 1.8577336E-05 6.4757804E-03 3.2087219E-02 3.9529319E-02 7.0221070E-05 1.7611924E+00 1.8780686E+01 -3.0009660E-02
2.6764000E+02 2.7427000E+02 8.6700000E+00 5.9200000E+02 9 5.5287892E+01 2.0420764E-01 3.1055952E-01 5.9786155E-02 1.3288761E-02 1.1707825E-02 1.1653537E-02 9.7255103E-05 6.2347786E-04 6.8271518E-03 1.8255261E-05 6.4941290E-03 3.1981323E-02 3.9656776E-02 6.9994274E-05 1.7638978E+00 1.8778291E+01 -2.9799885E-02
2.6764000E+02 2.7427000E+02 8.6700000E+00 5.9700000E+02 9 5.5288289E+01 2.0449580E-01 3.1068626E-01 5.9929933E-02 1.3333892E-02 1.1707283E-02 1.1653976E-02 9.5498982E-05 6.2629200E-04 6.8502538E-03 1.7925629E-05 6.5132530E-03 3.1878785E-02 3.9791316E-02 7.0125798E-05 1.7664688E+00 1.8775634E+01 -2.9598061E-02
2.6764000E+02 2.7427000E+02 8.6700000E+00 6.0200000E+02 9 5.5288685E+01 2.0472213E-01 3.1070150E-01 6.0066006E-02 1.3368518E-02 1.1701367E-02 1.1649019E-02 9.3780827E-05 6.2713558E-04 6.8679635E-03 1.7603122E-05 6.5274117E-03 3.1782348E-02 3.9894530E-02 7.0276278E-05 1.7683234E+00 1.8773658E+01 -2.9444673E-02
2.6764000E+02 2.7427000E+02 8.6700000E+00 6.0700000E+02 9 5.5289086E+01 2.0486751E-01 3.1059284E-01 6.0192812E-02 1.3391051E-02 1.1691862E-02 1.1640420E-02 9.2157698E-05 6.2695215E-04 6.8794274E-03 1.7298453E-05 6.5359671E-03 3.1692765E-02 3.9961683E-02 7.0381194E-05 1.7694943E+00 1.8772393E+01 -2.9340962E-02
2.6764000E+02 2.7427000E+02 8.6700000E+00 6.1200000E+02 9 5.5289484E+01 2.0494750E-01 3.1039261E-01 6.0310326E-02 1.3404045E-02 1.1679975E-02 1.1629378E-02 9.0642123E-05 6.2637184E-04 6.8859732E-03 1.7013972E-05 6.5401375E-03 3.1609926E-02 4.0000388E-02 7.0440129E-05 1.7700066E+00 1.8771819E+01 -2.9278622E-02
2.6764000E+02 2.7427000E+02 8.6700000E+00 6.1700000E+02 9 5.5289870E+01 2.0498377E-01 3.1013777E-01 6.0419150E-02 1.3410611E-02 1.1666556E-02 1.1616750E-02 8.9226265E-05 6.2569307E-04 6.8892177E-03 1.6748209E-05 6.5413752E-03 3.1533380E-02 4.0019915E-02 7.0465955E-05 1.7701192E+00 1.8771669E+01 -2.9244189E-02
2.6764000E+02 2.7427000E+02 8.6700000E+00 6.2200000E+02 9 5.5290240E+01 2.0499414E-01 3.0985702E-01 6.0520078E-02 1.3413239E-02 1.1652221E-02 1.1603157E-02 8.7896682E-05 6.2502506E-04 6.8904553E-03 1.6498639E-05 6.5408340E-03 3.1462572E-02 4.0027689E-02 7.0470948E-05 1.7699848E+00 1.8771782E+01 -2.9227858E-02
2.6764000E+02 2.7427000E+02 8.6700000E+00 6.2700000E+02 9 5.5290590E+01 2.0499030E-01 3.0956908E-01 6.0613903E-02 1.3413611E-02 1.1637408E-02 1.1589046E-02 8.6640356E-05 6.2452299E-04 6.8905572E-03 1.6262821E-05 6.5392914E-03 3.1396947E-02 4.0028727E-02 7.0463861E-05 1.7697057E+00 1.8772051E+01 -2.9222898E-02
2.6764000E+02 2.7427000E+02 8.6700000E+00 6.3200000E+02 9 5.5290918E+01 2.0497975E-01 3.0928499E-01 6.0701350E-02 1.3412773E-02 1.1622415E-02 1.1574719E-02 8.5446438E-05 6.2415496E-04 6.8900641E-03 1.6038717E-05 6.5372292E-03 3.1335996E-02 4.0026148E-02 7.0450220E-05 1.7693447E+00 1.8772407E+01 -2.9225015E-02
2.6764000E+02 2.7427000E+02 8.6700000E+00 6.3700000E+02 9 5.5291226E+01 2.0496681E-01 3.0901070E-01 6.0783060E-02 1.3411342E-02 1.1607437E-02 1.1560377E-02 8.4306315E-05 6.2389305E-04 6.8892949E-03 1.5824710E-05 6.5349291E-03 3.1279262E-02 4.0021798E-02 7.0433275E-05 1.7689391E+00 1.8772812E+01 -2.9231569E-02
2.6764000E+02 2.7427000E+02 8.6700000E+00 6.4200000E+02 9 5.5291514E+01 2.0495378E-01 3.0874892E-01 6.0859590E-02 1.3409662E-02 1.1592593E-02 1.1546144E-02 8.3213197E-05 6.2371495E-04 6.8884235E-03 1.5619526E-05 6.5325485E-03 3.1226344E-02 4.0016699E-02 7.0414841E-05 1.7685103E+00 1.8773242E+01 -2.9240993E-02
2.6764000E+02 2.7427000E+02 8.6700000E+00 6.4700000E+02 9 5.5291784E+01 2.0494194E-01 3.0850067E-01 6.0931423E-02 1.3407921E-02 1.1577953E-02 1.1532091E-02 8.2161667E-05 6.2358537E-04 6.8875452E-03 1.5422149E-05 6.5301725E-03 3.1176889E-02 4.0011418E-02 7.0395900E-05 1.7680707E+00 1.8773685E+01 -2.9252341E-02
2.6764000E+02 2.7427000E+02 8.6700000E+00 6.5000000E+02 9 5.5288154E+01 2.1253129E-01 3.2435141E-01 6.0972929E-02 1.4611931E-02 1.2406427E-02 1.2360909E-02 8.1544698E-05 6.7391459E-04 7.5025367E-03 1.5306341E-05 7.1089980E-03 3.1151269E-02 4.3604804E-02 7.6310962E-05 1.7593364E+00 1.8780279E+01 -2.9753715E-02
