x y z_datum Time Well_no H2O H O Charge Al C Ca Cl Fe K Mg Na S Si U pH pe Alkalinity
2.6764000E+02 2.7427000E+02 8.6700000E+00 0.0000000E+00 9 9.9704301E-01 7.2098600E-06 6.6484776E-04 -3.2324431E-06 0.0000000E+00 1.0067647E-04 6.3262499E-05 4.3211171E-04 0.0000000E+00 2.8240956E-04 5.5605061E-05 2.2967748E-04 1.4127542E-04 0.0000000E+00 0.0000000E+00 7.0300000E+00 -2.2001569E+00 7.1999443E-03
2.6764000E+02 2.7427000E+02 8.6700000E+00 5.0000000E+00 9 5.5324419E+01 2.2522707E-02 6.8352478E-02 -2.9712058E-03 0.0000000E+00 6.9687559E-03 1.3123521E-03 1.0133352E-02 0.0000000E+00 6.0052569E-03 1.9020800E-03 8.3060261E-03 1.2092540E-02 0.0000000E+00 0.0000000E+00 3.3287042E+00 1.7064329E+01 -7.9078692E-04
2.6764000E+02 2.7427000E+02 8.6700000E+00 1.0000000E+01 9 5.5304842E+01 3.8012324E-02 1.1225644E-01 -2.6792872E-03 1.0872944E-03 7.4073731E-03 3.0327514E-03 7.8370610E-03 4.3130820E-05 5.1829597E-03 1.4710549E-03 6.9663780E-03 2.0686804E-02 3.2507897E-03 5.2366856E-06 2.3148655E+00 1.8151486E+01 -9.1629204E-03
2.6764000E+02 2.7427000E+02 8.6700000E+00 1.5000000E+01 9 5.5284633E+01 5.9580667E-02 1.5601555E-01 -2.4466306E-03 2.4825443E-03 7.7228145E-03 4.3697620E-03 6.0069369E-03 1.0646078E-04 4.7966367E-03 1.1275316E-03 6.1543683E-03 2.7537254E-02 7.4186448E-03 1.2365785E-05 2.1272952E+00 1.8372501E+01 -1.4998107E-02
2.6764000E+02 2.7427000E+02 8.6700000E+00 2.0000000E+01 9 5.5268235E+01 7.8428855E-02 1.9187939E-01 -2.2743862E-03 3.7662040E-03 7.9582516E-03 5.3615052E-03 4.6520274E-03 1.6750074E-04 4.6385069E-03 8.7320842E-04 5.6740472E-03 3.2609335E-02 1.1252455E-02 1.9306354E-05 2.0507232E+00 1.8467430E+01 -1.8622020E-02
2.6764000E+02 2.7427000E+02 8.6700000E+00 2.5000000E+01 9 5.5255852E+01 9.3145054E-02 2.1929291E-01 -2.1502537E-03 4.8062685E-03 8.1531929E-03 6.1014988E-03 3.6755753E-03 2.1687809E-04 4.5837480E-03 6.8992356E-04 5.3826475E-03 3.6265045E-02 1.4358299E-02 2.5230162E-05 2.0137425E+00 1.8515164E+01 -2.0843077E-02
2.6764000E+02 2.7427000E+02 8.6700000E+00 3.0000000E+01 9 5.5246782E+01 1.0409795E-01 2.3964480E-01 -2.0614739E-03 5.6044377E-03 8.3245953E-03 6.6627236E-03 2.9772151E-03 2.5392762E-04 4.5726179E-03 5.5883791E-04 5.2000287E-03 3.8879903E-02 1.6741567E-02 2.9976495E-05 1.9942633E+00 1.8541204E+01 -2.2212080E-02
2.6764000E+02 2.7427000E+02 8.6700000E+00 3.5000000E+01 9 5.5240195E+01 1.1211575E-01 2.5463532E-01 -1.9977528E-03 6.2037867E-03 8.4789744E-03 7.0968951E-03 2.4759717E-03 2.8025204E-04 4.5781658E-03 4.6475207E-04 5.0816624E-03 4.0756902E-02 1.8531092E-02 3.3658924E-05 1.9838755E+00 1.8555725E+01 -2.3058555E-02
2.6764000E+02 2.7427000E+02 8.6700000E+00 4.0000000E+01 9 5.5235390E+01 1.1798260E-01 2.6572092E-01 -1.9514965E-03 6.6510575E-03 8.6189105E-03 7.4399375E-03 2.1121102E-03 2.9900959E-04 4.5883178E-03 3.9645346E-04 5.0017178E-03 4.2119592E-02 1.9866538E-02 3.6469960E-05 1.9782091E+00 1.8564074E+01 -2.3589467E-02
2.6764000E+02 2.7427000E+02 8.6700000E+00 4.5000000E+01 9 5.5231845E+01 1.2230844E-01 2.7400846E-01 -1.9173527E-03 6.9858970E-03 8.7457308E-03 7.7166795E-03 1.8435279E-03 3.1224499E-04 4.5980763E-03 3.4603926E-04 4.9451115E-03 4.3125554E-02 2.0866313E-02 3.8603075E-05 1.9751086E+00 1.8568968E+01 -2.3929016E-02
2.6764000E+02 2.7427000E+02 8.6700000E+00 5.0000000E+01 9 5.5229190E+01 1.2553817E-01 2.8029856E-01 -1.8916427E-03 7.2388462E-03 8.8604692E-03 7.9443077E-03 1.6412878E-03 3.2164976E-04 4.6057207E-03 3.0807779E-04 4.9030196E-03 4.3883106E-02 2.1621608E-02 4.0223842E-05 1.9735506E+00 1.8571760E+01 -2.4150175E-02
2.6764000E+02 2.7427000E+02 8.6700000E+00 5.5000000E+01 9 5.5227166E+01 1.2798650E-01 2.8515612E-01 -1.8718676E-03 7.4323537E-03 8.9641355E-03 8.1348041E-03 1.4857332E-03 3.2855785E-04 4.6109646E-03 2.7887944E-04 4.8702523E-03 4.4465837E-02 2.2199441E-02 4.1463271E-05 1.9726837E+00 1.8573501E+01 -2.4300604E-02
2.6764000E+02 2.7427000E+02 8.6700000E+00 6.0000000E+01 9 5.5225594E+01 1.2987383E-01 2.8897552E-01 -1.8563329E-03 7.5825358E-03 9.0577452E-03 8.2966249E-03 1.3635342E-03 3.3368667E-04 4.6140715E-03 2.5594207E-04 4.8437169E-03 4.4923653E-02 2.2647922E-02 4.2420518E-05 1.9722411E+00 1.8574578E+01 -2.4406131E-02
2.6764000E+02 2.7427000E+02 8.6700000E+00 6.5000000E+01 9 5.5224350E+01 1.3135367E-01 2.9203223E-01 -1.8438824E-03 7.7008696E-03 9.1422889E-03 8.4358374E-03 1.2655958E-03 3.3756255E-04 4.6154676E-03 2.3755856E-04 4.8215347E-03 4.5290608E-02 2.3001313E-02 4.3168758E-05 1.9720279E+00 1.8575262E+01 -2.4483085E-02
2.6764000E+02 2.7427000E+02 8.6700000E+00 6.6000000E+01 9 5.5218227E+01 1.4344276E-01 3.2089866E-01 -1.8415073E-03 9.7724892E-03 1.1127166E-02 1.0431144E-02 1.2469120E-03 4.1995653E-04 5.6433805E-03 2.3405152E-04 5.8255375E-03 4.5366103E-02 2.9189537E-02 5.3161369E-05 1.9666608E+00 1.8577533E+01 -2.4757794E-02
2.6764000E+02 2.7427000E+02 8.6700000E+00 6.7000000E+01 9 5.5218272E+01 1.4316831E-01 3.2029170E-01 -1.8392393E-03 9.7067798E-03 1.1082218E-02 1.0396154E-02 1.2290710E-03 4.1034955E-04 5.5998781E-03 2.3070267E-04 5.7784913E-03 4.5433495E-02 2.8993123E-02 5.3749030E-05 1.9573643E+00 1.8586048E+01 -2.5236721E-02
2.6764000E+02 2.7427000E+02 8.6700000E+00 7.2000000E+01 9 5.5219543E+01 1.3279906E-01 2.9544728E-01 -1.7903813E-03 7.5831741E-03 9.0811768E-03 8.4361048E-03 1.1556357E-03 3.2526846E-04 4.4902753E-03 2.1691850E-04 4.6745698E-03 4.6388911E-02 2.2649886E-02 4.3074828E-05 1.9313690E+00 1.8725946E+01 -2.6895277E-02
2.6764000E+02 2.7427000E+02 8.6700000E+00 7.7000000E+01 9 5.5213858E+01 1.3597687E-01 3.0226039E-01 -1.7400290E-03 7.7658690E-03 9.1628919E-03 8.5521002E-03 1.0942230E-03 3.4967430E-04 4.5472509E-03 2.0539104E-04 4.7120129E-03 4.7363303E-02 2.3194876E-02 4.9195808E-05 1.9188973E+00 1.8793418E+01 -2.7831259E-02
2.6764000E+02 2.7427000E+02 8.6700000E+00 8.2000000E+01 9 5.5209053E+01 1.3893391E-01 3.0850764E-01 -1.6989686E-03 7.9671203E-03 9.2562653E-03 8.6745476E-03 1.0421374E-03 3.7059051E-04 4.6193819E-03 1.9561432E-04 4.7658743E-03 4.8164596E-02 2.3795224E-02 5.7412522E-05 1.9125931E+00 1.8829138E+01 -2.8380922E-02
2.6764000E+02 2.7427000E+02 8.6700000E+00 8.7000000E+01 9 5.5205347E+01 1.4133516E-01 3.1356574E-01 -1.6676483E-03 8.1405859E-03 9.3421471E-03 8.7853987E-03 9.9740520E-04 3.8644761E-04 4.6816712E-03 1.8721786E-04 4.8124286E-03 4.8785677E-02 2.4312719E-02 6.5258480E-05 1.9091425E+00 1.8849783E+01 -2.8723409E-02
2.6764000E+02 2.7427000E+02 8.6700000E+00 9.1000000E+01 9 5.5201616E+01 1.4569204E-01 3.2341763E-01 -1.6478910E-03 8.7361616E-03 9.8333041E-03 9.2943461E-03 9.6553421E-04 4.1991968E-04 4.9635533E-03 1.8123552E-04 5.0768965E-03 4.9188071E-02 2.6091011E-02 7.5620520E-05 1.8979027E+00 1.8869829E+01 -2.9452469E-02
2.6764000E+02 2.7427000E+02 8.6700000E+00 9.2000000E+01 9 5.5196479E+01 1.5527700E-01 3.4585429E-01 -1.6432658E-03 1.0341328E-02 1.1296606E-02 1.0761966E-02 9.5779957E-04 4.9275376E-04 5.7658658E-03 1.7978369E-04 5.8581926E-03 4.9293618E-02 3.0885240E-02 9.1461787E-05 1.8912702E+00 1.8877560E+01 -2.9847212E-02
2.6764000E+02 2.7427000E+02 8.6700000E+00 9.7000000E+01 9 5.5195413E+01 1.4460027E-01 3.2185208E-01 -2.2718237E-03 8.1557768E-03 9.3236072E-03 8.8079132E-03 9.2385716E-04 3.8906739E-04 4.6472597E-03 1.7341253E-04 4.7577707E-03 5.0666707E-02 2.4357497E-02 7.5976770E-05 1.8731957E+00 1.8912303E+01 -3.1438700E-02
2.6764000E+02 2.7427000E+02 8.6700000E+00 1.0200000E+02 9 5.5187326E+01 1.4794095E-01 3.3015499E-01 -2.9539499E-03 8.3451220E-03 9.3993945E-03 8.9004770E-03 8.9380226E-04 4.1586233E-04 4.7269058E-03 1.6777108E-04 4.8233454E-03 5.2055798E-02 2.4922168E-02 8.1321279E-05 1.8631810E+00 1.8934631E+01 -3.2491873E-02
2.6764000E+02 2.7427000E+02 8.6700000E+00 1.0700000E+02 9 5.5180707E+01 1.5090711E-01 3.3734854E-01 -3.5065709E-03 8.5368118E-03 9.4803762E-03 8.9964322E-03 8.6697745E-04 4.3594478E-04 4.8096000E-03 1.6273593E-04 4.8927687E-03 5.3177619E-02 2.5493853E-02 8.6951678E-05 1.8577051E+00 1.8948581E+01 -3.3174914E-02
2.6764000E+02 2.7427000E+02 8.6700000E+00 1.1200000E+02 9 5.5175685E+01 1.5326813E-01 3.4300964E-01 -3.9174105E-03 8.6981143E-03 9.5526676E-03 9.0821837E-03 8.4286384E-04 4.5117410E-04 4.8781878E-03 1.5820969E-04 4.9500239E-03 5.4028563E-02 2.5974944E-02 9.1868447E-05 1.8545239E+00 1.8957515E+01 -3.3627795E-02
2.6764000E+02 2.7427000E+02 8.6700000E+00 1.1700000E+02 9 5.5171965E+01 1.5508894E-01 3.4734269E-01 -4.2134534E-03 8.8267127E-03 9.6145687E-03 9.1562629E-03 8.2104705E-04 4.6231963E-04 4.9312458E-03 1.5411457E-04 4.9936465E-03 5.4663292E-02 2.6358519E-02 9.5918022E-05 1.8526321E+00 1.8963342E+01 -3.3932556E-02
2.6764000E+02 2.7427000E+02 8.6700000E+00 1.2200000E+02 9 5.5169215E+01 1.5648538E-01 3.5064981E-01 -4.4246347E-03 8.9277181E-03 9.6673360E-03 9.2201129E-03 8.0119263E-04 4.7057784E-04 4.9712230E-03 1.5038780E-04 5.0257766E-03 5.5137795E-02 2.6659811E-02 9.9173126E-05 1.8514778E+00 1.8967230E+01 -3.4141571E-02
2.6764000E+02 2.7427000E+02 8.6700000E+00 1.2400000E+02 9 5.5163354E+01 1.6681674E-01 3.7433167E-01 -4.4973551E-03 1.0621290E-02 1.1091815E-02 1.0648861E-02 7.9354527E-04 5.6577178E-04 5.8209319E-03 1.4895235E-04 5.8470680E-03 5.5320584E-02 3.1716980E-02 1.1825606E-04 1.8403305E+00 1.8978519E+01 -3.4879997E-02
2.6764000E+02 2.7427000E+02 8.6700000E+00 1.2500000E+02 9 5.5161564E+01 1.6974152E-01 3.8118305E-01 -4.5309967E-03 1.1094674E-02 1.1532442E-02 1.1091582E-02 7.8979285E-04 5.7634474E-04 6.0567550E-03 1.4824800E-04 6.0761681E-03 5.5404888E-02 3.3130808E-02 1.2460841E-04 1.8326779E+00 1.8986275E+01 -3.5421353E-02
2.6764000E+02 2.7427000E+02 8.6700000E+00 1.3000000E+02 9 5.5166970E+01 1.5650706E-01 3.5128255E-01 -4.6483242E-03 8.8062991E-03 9.6039509E-03 9.1709168E-03 7.7577324E-04 4.5466443E-04 4.8949796E-03 1.4561645E-04 4.9454876E-03 5.5665040E-02 2.6297118E-02 1.0164977E-04 1.8356888E+00 1.8985874E+01 -3.5406165E-02
2.6764000E+02 2.7427000E+02 8.6700000E+00 1.3100000E+02 9 5.5159748E+01 1.7056512E-01 3.8334127E-01 -4.6700749E-03 1.1152483E-02 1.1568049E-02 1.1136522E-02 7.7307155E-04 6.0318261E-04 6.0767536E-03 1.4510933E-04 6.0898387E-03 5.5736490E-02 3.3303183E-02 1.2526800E-04 1.8318100E+00 1.8989192E+01 -3.5611787E-02
2.6764000E+02 2.7427000E+02 8.6700000E+00 1.3200000E+02 9 5.5159636E+01 1.7037655E-01 3.8290000E-01 -4.6903053E-03 1.1103427E-02 1.1535461E-02 1.1105412E-02 7.7042549E-04 5.8385765E-04 6.0507203E-03 1.4461265E-04 6.0633218E-03 5.5788347E-02 3.3156499E-02 1.2702582E-04 1.8268431E+00 1.8994152E+01 -3.5959382E-02
2.6764000E+02 2.7427000E+02 8.6700000E+00 1.3700000E+02 9 5.5157226E+01 1.5896081E-01 3.5863261E-01 -6.1659846E-03 8.8235290E-03 9.6202619E-03 9.1968687E-03 7.5850179E-04 4.5986058E-04 4.8942223E-03 1.4237452E-04 4.9387946E-03 5.7608990E-02 2.6348228E-02 1.0341427E-04 1.8163023E+00 1.8984408E+01 -3.7453942E-02
2.6764000E+02 2.7427000E+02 8.6700000E+00 1.4200000E+02 9 5.5146679E+01 1.6284848E-01 3.6883664E-01 -7.7548867E-03 9.0649448E-03 9.7472908E-03 9.3300726E-03 7.4743921E-04 4.8998684E-04 5.0113605E-03 1.4029802E-04 5.0453973E-03 5.9564447E-02 2.7068369E-02 1.0282207E-04 1.8110241E+00 1.8960345E+01 -3.8493966E-02
2.6764000E+02 2.7427000E+02 8.6700000E+00 1.4700000E+02 9 5.5137914E+01 1.6627981E-01 3.7763946E-01 -9.0557097E-03 9.2955714E-03 9.8710947E-03 9.4597240E-03 7.3696359E-04 5.0894804E-04 5.1232366E-03 1.3833169E-04 5.1473940E-03 6.1168177E-02 2.7756327E-02 1.0046713E-04 1.8083809E+00 1.8931710E+01 -3.9209863E-02
2.6764000E+02 2.7427000E+02 8.6700000E+00 1.5200000E+02 9 5.5131224E+01 1.6896675E-01 3.8448401E-01 -1.0037264E-02 9.4811911E-03 9.9750231E-03 9.5692459E-03 7.2694297E-04 5.2117872E-04 5.2122113E-03 1.3645077E-04 5.2283236E-03 6.2386682E-02 2.8310056E-02 9.6534619E-05 1.8068706E+00 1.8902835E+01 -3.9712602E-02
2.6764000E+02 2.7427000E+02 8.6700000E+00 1.5700000E+02 9 5.5126258E+01 1.7099905E-01 3.8964138E-01 -1.0756675E-02 9.6236290E-03 1.0058706E-02 9.6582993E-03 7.1732157E-04 5.2877842E-04 5.2792329E-03 1.3464479E-04 5.2889611E-03 6.3289825E-02 2.8734984E-02 9.1844650E-05 1.8059256E+00 1.8875817E+01 -4.0069094E-02
2.6764000E+02 2.7427000E+02 8.6700000E+00 1.6200000E+02 9 5.5122593E+01 1.7252564E-01 3.9350584E-01 -1.1279335E-02 9.7317920E-03 1.0125536E-02 9.7302901E-03 7.0807701E-04 5.3364684E-04 5.3288920E-03 1.3290954E-04 5.3335115E-03 6.3956356E-02 2.9057673E-02 8.7025441E-05 1.8053077E+00 1.8851812E+01 -4.0324176E-02
2.6764000E+02 2.7427000E+02 8.6700000E+00 1.6700000E+02 9 5.5119873E+01 1.7368112E-01 3.9642323E-01 -1.1659964E-02 9.8143962E-03 1.0179278E-02 9.7889883E-03 6.9919821E-04 5.3666567E-04 5.3656726E-03 1.3124294E-04 5.3661151E-03 6.4451850E-02 2.9304120E-02 8.2459510E-05 1.8048862E+00 1.8831380E+01 -4.0509306E-02
2.6764000E+02 2.7427000E+02 8.6700000E+00 1.6800000E+02 9 5.5112261E+01 1.8815036E-01 4.2905292E-01 -1.1730826E-02 1.2203211E-02 1.2120670E-02 1.1731363E-02 6.9743700E-04 6.8827932E-04 6.5711078E-03 1.3091236E-04 6.5302201E-03 6.4552113E-02 3.6436989E-02 9.4910588E-05 1.8000419E+00 1.8830083E+01 -4.0815336E-02
2.6764000E+02 2.7427000E+02 8.6700000E+00 1.6900000E+02 9 5.5112028E+01 1.8786728E-01 4.2842920E-01 -1.1796818E-02 1.2131910E-02 1.2074245E-02 1.1685913E-02 6.9569028E-04 6.6081159E-04 6.5341995E-03 1.3058449E-04 6.4937827E-03 6.4639581E-02 3.6223928E-02 9.4423864E-05 1.7938028E+00 1.8831654E+01 -4.1315658E-02
2.6764000E+02 2.7427000E+02 8.6700000E+00 1.7400000E+02 9 5.5127150E+01 1.6497328E-01 3.8948170E-01 -1.7014939E-02 9.6424973E-03 1.0082511E-02 9.6988572E-03 6.8730935E-04 5.1001178E-04 5.2713673E-03 1.2901135E-04 5.2729584E-03 6.3315206E-02 2.8790871E-02 7.5651365E-05 1.8826474E+00 1.8730049E+01 -3.4737951E-02
2.6764000E+02 2.7427000E+02 8.6700000E+00 1.7500000E+02 9 5.5122780E+01 1.7556200E-01 4.1728484E-01 -1.8198898E-02 1.1764176E-02 1.2012202E-02 1.1629476E-02 6.8564719E-04 6.1506666E-04 6.3368536E-03 1.2869935E-04 6.3130214E-03 6.3007385E-02 3.5128342E-02 8.6130925E-05 1.9001037E+00 1.8707638E+01 -3.3498185E-02
2.6764000E+02 2.7427000E+02 8.6700000E+00 1.7600000E+02 9 5.5125251E+01 1.7260330E-01 4.1398621E-01 -1.9451582E-02 1.1611834E-02 1.1962977E-02 1.1581171E-02 6.8399898E-04 5.8649016E-04 6.2574289E-03 1.2838997E-04 6.2391460E-03 6.2666127E-02 3.4674054E-02 8.5305395E-05 1.9176868E+00 1.8686597E+01 -3.2327221E-02
2.6764000E+02 2.7427000E+02 8.6700000E+00 1.8100000E+02 9 5.5060947E+01 1.7288726E-01 4.3384501E-01 -3.0799305E-02 9.1336329E-03 9.9948601E-03 9.6174667E-03 6.7609384E-04 4.5060007E-04 4.9998929E-03 1.2690614E-04 5.0249878E-03 7.5986340E-02 2.7274788E-02 6.8047372E-05 1.7767779E+00 1.8820131E+01 -4.7451804E-02
2.6764000E+02 2.7427000E+02 8.6700000E+00 1.8600000E+02 9 5.4978668E+01 1.9419403E-01 4.9744755E-01 -4.1453304E-02 9.4021258E-03 1.0065743E-02 9.6925829E-03 6.6851007E-04 5.0312267E-04 5.1348939E-03 1.2548263E-04 5.1449956E-03 9.1065196E-02 2.8074714E-02 6.6209454E-05 1.6650528E+00 1.8923884E+01 -6.4467759E-02
2.6764000E+02 2.7427000E+02 8.6700000E+00 1.9100000E+02 9 5.4909330E+01 2.1465400E-01 5.5401000E-01 -4.9850363E-02 9.9481892E-03 1.0146289E-02 9.7771917E-03 6.6123210E-04 5.8274931E-04 5.4159037E-03 1.2411652E-04 5.3937301E-03 1.0355143E-01 2.9700818E-02 6.6458564E-05 1.5989619E+00 1.8983232E+01 -7.7895863E-02
2.6764000E+02 2.7427000E+02 8.6700000E+00 1.9600000E+02 9 5.4856142E+01 2.3168552E-01 5.9913752E-01 -5.6095013E-02 1.0554094E-02 1.0218126E-02 9.8529290E-03 6.5424408E-04 6.6381668E-04 5.7287394E-03 1.2280483E-04 5.6701101E-03 1.1300281E-01 3.1504887E-02 6.7370480E-05 1.5602544E+00 1.9016442E+01 -8.7503302E-02
2.6764000E+02 2.7427000E+02 8.6700000E+00 2.0100000E+02 9 5.4816724E+01 2.4509840E-01 6.3366035E-01 -6.0644943E-02 1.1118297E-02 1.0279059E-02 9.9176099E-03 6.4753032E-04 7.3359141E-04 6.0201167E-03 1.2154463E-04 5.9270719E-03 1.1993017E-01 3.3184726E-02 6.8372219E-05 1.5371227E+00 1.9035120E+01 -9.4142655E-02
2.6764000E+02 2.7427000E+02 8.6700000E+00 2.0600000E+02 9 5.4787866E+01 2.5540371E-01 6.5962603E-01 -6.3946405E-02 1.1604073E-02 1.0330780E-02 9.9729334E-03 6.4107568E-04 7.8868025E-04 6.2707079E-03 1.2033306E-04 6.1476606E-03 1.2495435E-01 3.4631088E-02 6.9245252E-05 1.5230471E+00 1.9045580E+01 -9.8675073E-02
2.6764000E+02 2.7427000E+02 8.6700000E+00 2.1100000E+02 9 5.4766743E+01 2.6324669E-01 6.7908625E-01 -6.6355304E-02 1.2006387E-02 1.0375604E-02 1.0021224E-02 6.3486569E-04 8.3103777E-04 6.4777824E-03 1.1916741E-04 6.3296271E-03 1.2860282E-01 3.5829019E-02 6.9927356E-05 1.5143695E+00 1.9051303E+01 -1.0176715E-01
2.6764000E+02 2.7427000E+02 8.6700000E+00 2.1600000E+02 9 5.4751159E+01 2.6921968E-01 6.9375081E-01 -6.8134612E-02 1.2333705E-02 1.0415580E-02 1.0064537E-02 6.2888675E-04 8.6369504E-04 6.6457009E-03 1.1804514E-04 6.4769629E-03 1.3127720E-01 3.6803729E-02 7.0423899E-05 1.5089645E+00 1.9054278E+01 -1.0389251E-01
2.6764000E+02 2.7427000E+02 8.6700000E+00 2.2100000E+02 9 5.4739502E+01 2.7380413E-01 7.0493230E-01 -6.9471107E-02 1.2598674E-02 1.0452261E-02 1.0104434E-02 6.2312608E-04 8.8924259E-04 6.7810367E-03 1.1696383E-04 6.5955735E-03 1.3326742E-01 3.7592856E-02 7.0765423E-05 1.5055682E+00 1.9055662E+01 -1.0537360E-01
2.6764000E+02 2.7427000E+02 8.6700000E+00 2.2600000E+02 9 5.4730629E+01 2.7736697E-01 7.1359362E-01 -7.0494596E-02 1.2813796E-02 1.0486714E-02 1.0141988E-02 6.1757179E-04 9.0957376E-04 6.8903011E-03 1.1592126E-04 6.6912841E-03 1.3477662E-01 3.8233612E-02 7.0987593E-05 1.5034177E+00 1.9056137E+01 -1.0642474E-01
2.6764000E+02 2.7427000E+02 8.6700000E+00 2.3100000E+02 9 5.4723742E+01 2.8017814E-01 7.2042358E-01 -7.1294418E-02 1.2989786E-02 1.0519609E-02 1.0177874E-02 6.1221278E-04 9.2600925E-04 6.9790809E-03 1.1491535E-04 6.7690770E-03 1.3594487E-01 3.8757880E-02 7.1122591E-05 1.5020481E+00 1.9056106E+01 -1.0718664E-01
2.6764000E+02 2.7427000E+02 8.6700000E+00 2.3600000E+02 9 5.4718291E+01 2.8243221E-01 7.2590894E-01 -7.1932017E-02 1.3135218E-02 1.0551327E-02 1.0212480E-02 6.0703878E-04 9.3947042E-04 7.0518578E-03 1.1394417E-04 6.8329249E-03 1.3686825E-01 3.9191170E-02 7.1196311E-05 1.5011736E+00 1.9055806E+01 -1.0775143E-01
2.6764000E+02 2.7427000E+02 8.6700000E+00 2.4100000E+02 9 5.4713895E+01 2.8426859E-01 7.3039306E-01 -7.2449919E-02 1.3256714E-02 1.0582056E-02 1.0245999E-02 6.0204024E-04 9.5061165E-04 7.1121050E-03 1.1300591E-04 6.8858862E-03 1.3761286E-01 3.9553197E-02 7.1228304E-05 1.5006162E+00 1.9055375E+01 -1.0817977E-01
2.6764000E+02 2.7427000E+02 8.6700000E+00 2.4600000E+02 9 5.4710284E+01 2.8578743E-01 7.3411942E-01 -7.2877893E-02 1.3359314E-02 1.0611863E-02 1.0278504E-02 5.9720828E-04 9.5991027E-04 7.1624767E-03 1.1209893E-04 6.9302730E-03 1.3822458E-01 3.9858958E-02 7.1232777E-05 1.5002634E+00 1.9054896E+01 -1.0851201E-01
2.6764000E+02 2.7427000E+02 8.6700000E+00 2.5100000E+02 9 5.4707272E+01 2.8706107E-01 7.3726243E-01 -7.3237086E-02 1.3446837E-02 1.0640750E-02 1.0309999E-02 5.9253465E-04 9.6773144E-04 7.2049901E-03 1.1122167E-04 6.9678288E-03 1.3873569E-01 4.0119815E-02 7.1219835E-05 1.5000432E+00 1.9054414E+01 -1.0877545E-01
2.6764000E+02 2.7427000E+02 8.6700000E+00 2.5600000E+02 9 5.4704723E+01 2.8814270E-01 7.3994897E-01 -7.3542767E-02 1.3522202E-02 1.0668688E-02 1.0340461E-02 5.8801170E-04 9.7435353E-04 7.2411904E-03 1.1037269E-04 6.9998832E-03 1.3916923E-01 4.0344461E-02 7.1196544E-05 1.4999091E+00 1.9053956E+01 -1.0898876E-01
2.6764000E+02 2.7427000E+02 8.6700000E+00 2.6100000E+02 9 5.4702536E+01 2.8907180E-01 7.4227279E-01 -7.3806148E-02 1.3587665E-02 1.0695637E-02 1.0369855E-02 5.8363229E-04 9.7999818E-04 7.2722703E-03 1.0955065E-04 7.0274625E-03 1.3954199E-01 4.0539607E-02 7.1167755E-05 1.4998306E+00 1.9053533E+01 -1.0916490E-01
2.6764000E+02 2.7427000E+02 8.6700000E+00 2.6400000E+02 9 5.4696678E+01 2.9893200E-01 7.6269221E-01 -7.3950954E-02 1.5084283E-02 1.1586798E-02 1.1262455E-02 5.8105483E-04 1.1133624E-03 8.0363284E-03 1.0906685E-04 7.7437583E-03 1.3974936E-01 4.5004210E-02 7.8016972E-05 1.4947261E+00 1.9056729E+01 -1.1014303E-01
2.6764000E+02 2.7427000E+02 8.6700000E+00 2.6500000E+02 9 5.4691580E+01 3.0854847E-01 7.8255910E-01 -7.3997823E-02 1.6574688E-02 1.2502657E-02 1.2178790E-02 5.8020120E-04 1.2521581E-03 8.7973425E-03 1.0890662E-04 8.4596322E-03 1.3981813E-01 4.9450802E-02 8.4629585E-05 1.4917510E+00 1.9058045E+01 -1.1067291E-01
2.6764000E+02 2.7427000E+02 8.6700000E+00 2.7000000E+02 9 5.4699100E+01 2.9138371E-01 7.4778656E-01 -7.4157975E-02 1.3854730E-02 1.0887674E-02 1.0564530E-02 5.7890689E-04 9.8352250E-04 7.4053611E-03 1.0866367E-04 7.1525711E-03 1.4003361E-01 4.1336415E-02 7.2534337E-05 1.5045696E+00 1.9046832E+01 -1.0844316E-01
2.6764000E+02 2.7427000E+02 8.6700000E+00 2.7500000E+02 9 5.4696334E+01 2.9500015E-01 7.5553285E-01 -7.4307139E-02 1.4379357E-02 1.1213531E-02 1.0891700E-02 5.7655501E-04 1.0379622E-03 7.6719632E-03 1.0822221E-04 7.4028910E-03 1.4024222E-01 4.2901527E-02 7.4399494E-05 1.5175669E+00 1.9032195E+01 -1.0610763E-01
2.6764000E+02 2.7427000E+02 8.6700000E+00 2.8000000E+02 9 5.4694030E+01 2.9782808E-01 7.6171468E-01 -7.4445899E-02 1.4785212E-02 1.1490502E-02 1.1170210E-02 5.7379715E-04 1.0701717E-03 7.8770170E-03 1.0770455E-04 7.5965535E-03 1.4043762E-01 4.4112602E-02 7.6115637E-05 1.5277344E+00 1.9020369E+01 -1.0430892E-01
2.6764000E+02 2.7427000E+02 8.6700000E+00 2.8500000E+02 9 5.4692194E+01 2.9987162E-01 7.6637062E-01 -7.4572775E-02 1.5077315E-02 1.1716712E-02 1.1397934E-02 5.7108661E-04 1.0893829E-03 8.0235135E-03 1.0719577E-04 7.7361404E-03 1.4061628E-01 4.4984526E-02 7.7329875E-05 1.5351702E+00 1.9011627E+01 -1.0301822E-01
2.6764000E+02 2.7427000E+02 8.6700000E+00 2.8900000E+02 9 5.4688787E+01 3.0549177E-01 7.7836402E-01 -7.4667119E-02 1.5941770E-02 1.2297640E-02 1.1980030E-02 5.6899286E-04 1.1589321E-03 8.4629309E-03 1.0680276E-04 8.1512980E-03 1.4075028E-01 4.7564043E-02 8.1236224E-05 1.5366241E+00 1.9008557E+01 -1.0275352E-01
2.6764000E+02 2.7427000E+02 8.6700000E+00 2.9000000E+02 9 5.4681466E+01 3.1988216E-01 8.0835064E-01 -7.4690267E-02 1.8203973E-02 1.3738574E-02 1.3421253E-02 5.6847426E-04 1.3759465E-03 9.6172494E-03 1.0670541E-04 9.2401638E-03 1.4078642E-01 5.4314079E-02 9.0808557E-05 1.5355674E+00 1.9007193E+01 -1.0286658E-01
2.6764000E+02 2.7427000E+02 8.6700000E+00 2.9500000E+02 9 5.4748183E+01 2.8644055E-01 7.2649550E-01 -6.7706758E-02 1.5181980E-02 1.1926070E-02 1.1610152E-02 5.6596132E-04 1.0702838E-03 8.0707012E-03 1.0623372E-04 7.7861387E-03 1.3022924E-01 4.5298035E-02 7.7860226E-05 1.5940394E+00 1.8951152E+01 -8.8909343E-02
2.6764000E+02 2.7427000E+02 8.6700000E+00 3.0000000E+02 9 5.4816535E+01 2.6867757E-01 6.7542435E-01 -5.9401904E-02 1.5085536E-02 1.2050693E-02 1.1736152E-02 5.6349472E-04 1.0639418E-03 8.0144877E-03 1.0577073E-04 7.7445767E-03 1.1768349E-01 4.5013004E-02 7.6999301E-05 1.6715805E+00 1.8873090E+01 -7.3092218E-02
2.6764000E+02 2.7427000E+02 8.6700000E+00 3.0100000E+02 9 5.4822333E+01 2.8104610E-01 6.9977052E-01 -5.7732021E-02 1.7652779E-02 1.3964930E-02 1.3650664E-02 5.6300300E-04 1.2950496E-03 9.3161658E-03 1.0567843E-04 8.9908110E-03 1.1516590E-01 5.2677460E-02 8.8066502E-05 1.6864057E+00 1.8855172E+01 -7.0190033E-02
2.6764000E+02 2.7427000E+02 8.6700000E+00 3.0200000E+02 9 5.4836310E+01 2.7665946E-01 6.8794875E-01 -5.6086180E-02 1.7497540E-02 1.3950607E-02 1.3636614E-02 5.6251268E-04 1.2483121E-03 9.2344460E-03 1.0558640E-04 8.9183772E-03 1.1268026E-01 5.2215298E-02 8.8374131E-05 1.7002836E+00 1.8840167E+01 -6.7552437E-02
2.6764000E+02 2.7427000E+02 8.6700000E+00 3.0300000E+02 9 5.4849956E+01 2.7212407E-01 6.7607145E-01 -5.4496102E-02 1.7308184E-02 1.3925825E-02 1.3613775E-02 5.5903233E-04 1.2114271E-03 9.1332056E-03 1.0493312E-04 8.8274523E-03 1.1028743E-01 5.1651435E-02 8.7746555E-05 1.7128470E+00 1.8827620E+01 -6.5196904E-02
2.6764000E+02 2.7427000E+02 8.6700000E+00 3.0800000E+02 9 5.4913397E+01 2.3863185E-01 5.9484080E-01 -4.7974898E-02 1.4121210E-02 1.1947221E-02 1.1644273E-02 5.4272583E-04 9.3162569E-04 7.4949998E-03 1.0187231E-04 7.2817708E-03 1.0046043E-01 4.2142718E-02 7.2535738E-05 1.7737209E+00 1.8771901E+01 -5.5360293E-02
2.6764000E+02 2.7427000E+02 8.6700000E+00 3.1300000E+02 9 5.4956195E+01 2.2487373E-01 5.5871880E-01 -4.2965299E-02 1.3621437E-02 1.1925985E-02 1.1633728E-02 5.2357376E-04 8.6565274E-04 7.2193240E-03 9.8277370E-05 7.0368306E-03 9.2926045E-02 4.0655778E-02 6.9824026E-05 1.8257696E+00 1.8720631E+01 -4.7983242E-02
2.6764000E+02 2.7427000E+02 8.6700000E+00 3.1800000E+02 9 5.4988558E+01 2.1401151E-01 5.3075815E-01 -3.9211988E-02 1.3166891E-02 1.1921159E-02 1.1639665E-02 5.0429274E-04 7.8862512E-04 6.9672304E-03 9.4658228E-05 6.8127372E-03 8.7289482E-02 3.9303285E-02 6.7845449E-05 1.8663384E+00 1.8680144E+01 -4.2796735E-02
2.6764000E+02 2.7427000E+02 8.6700000E+00 3.2300000E+02 9 5.5012850E+01 2.0539048E-01 5.0914463E-01 -3.6429507E-02 1.2753031E-02 1.1921261E-02 1.1649728E-02 4.8644695E-04 7.2054247E-04 6.7375781E-03 9.1308485E-05 6.6082734E-03 8.3116340E-02 3.8071569E-02 6.6145277E-05 1.8961829E+00 1.8650244E+01 -3.9250891E-02
2.6764000E+02 2.7427000E+02 8.6700000E+00 3.2800000E+02 9 5.5031072E+01 1.9854548E-01 4.9244148E-01 -3.4370533E-02 1.2385618E-02 1.1922806E-02 1.1660131E-02 4.7057753E-04 6.6674582E-04 6.5338861E-03 8.8329718E-05 6.4263874E-03 8.0031962E-02 3.6977797E-02 6.4651349E-05 1.9172625E+00 1.8629086E+01 -3.6855197E-02
2.6764000E+02 2.7427000E+02 8.6700000E+00 3.2900000E+02 9 5.5028344E+01 2.0956957E-01 5.1782545E-01 -3.3985775E-02 1.4395770E-02 1.3799634E-02 1.3538685E-02 4.6748563E-04 7.4783181E-04 7.5428173E-03 8.7749352E-05 7.4104292E-03 7.9460960E-02 4.2982623E-02 7.3913843E-05 1.9191530E+00 1.8624314E+01 -3.6543622E-02
2.6764000E+02 2.7427000E+02 8.6700000E+00 3.3000000E+02 9 5.5031742E+01 2.0794483E-01 5.1400175E-01 -3.3626231E-02 1.4262793E-02 1.3757459E-02 1.3498189E-02 4.6447746E-04 7.2651392E-04 7.4723805E-03 8.7184704E-05 7.3447959E-03 7.8923205E-02 4.2585998E-02 7.4158152E-05 1.9181592E+00 1.8624385E+01 -3.6460579E-02
2.6764000E+02 2.7427000E+02 8.6700000E+00 3.3500000E+02 9 5.5019762E+01 2.0050255E-01 4.9464378E-01 -3.2873905E-02 1.1745071E-02 1.1793246E-02 1.1541272E-02 4.5140791E-04 5.9596166E-04 6.1887479E-03 8.4731484E-05 6.1102098E-03 8.2553960E-02 3.5068733E-02 6.2229200E-05 1.8198029E+00 1.8726966E+01 -4.5175511E-02
2.6764000E+02 2.7427000E+02 8.6700000E+00 3.4000000E+02 9 5.4991920E+01 2.1140385E-01 5.1577536E-01 -3.2552186E-02 1.1806111E-02 1.1796699E-02 1.1551061E-02 4.4005486E-04 6.2652647E-04 6.2146825E-03 8.2600461E-05 6.1283219E-03 8.7653680E-02 3.5249915E-02 6.2133795E-05 1.7366102E+00 1.8810621E+01 -5.4447665E-02
2.6764000E+02 2.7427000E+02 8.6700000E+00 3.4500000E+02 9 5.4965926E+01 2.2294512E-01 5.3779856E-01 -3.2378611E-02 1.2109025E-02 1.1818408E-02 1.1578307E-02 4.3013722E-04 6.8030792E-04 6.3687027E-03 8.0738871E-05 6.2594898E-03 9.2247865E-02 3.6151201E-02 6.3336709E-05 1.6811372E+00 1.8865968E+01 -6.1840683E-02
2.6764000E+02 2.7427000E+02 8.6700000E+00 3.5000000E+02 9 5.4944696E+01 2.3320328E-01 5.5706637E-01 -3.2253716E-02 1.2494574E-02 1.1841237E-02 1.1606015E-02 4.2139627E-04 7.3847050E-04 6.5669428E-03 7.9098153E-05 6.4297936E-03 9.5906836E-02 3.7298513E-02 6.4897968E-05 1.6457210E+00 1.8901171E+01 -6.7211378E-02
2.6764000E+02 2.7427000E+02 8.6700000E+00 3.5500000E+02 9 5.4928283E+01 2.4167916E-01 5.7276149E-01 -3.2143837E-02 1.2878663E-02 1.1860830E-02 1.1629952E-02 4.1361316E-04 7.9266310E-04 6.7650822E-03 7.7637225E-05 6.6001314E-03 9.8678529E-02 3.8441528E-02 6.6437628E-05 1.6231693E+00 1.8923533E+01 -7.0966143E-02
2.6764000E+02 2.7427000E+02 8.6700000E+00 3.6000000E+02 9 5.4915932E+01 2.4842754E-01 5.8509099E-01 -3.2038750E-02 1.3223322E-02 1.1876650E-02 1.1649681E-02 4.0661086E-04 8.3873529E-04 6.9430911E-03 7.6322858E-05 6.7527607E-03 1.0072787E-01 3.9467230E-02 6.7805979E-05 1.6087115E+00 1.8937844E+01 -7.3546042E-02
2.6764000E+02 2.7427000E+02 8.6700000E+00 3.6500000E+02 9 5.4906760E+01 2.5369775E-01 5.9459421E-01 -3.1936718E-02 1.3516202E-02 1.1889251E-02 1.1665833E-02 4.0024957E-04 8.7553302E-04 7.0943745E-03 7.5128813E-05 6.8818784E-03 1.0222614E-01 4.0338870E-02 6.8958778E-05 1.5993467E+00 1.8947102E+01 -7.5307535E-02
2.6764000E+02 2.7427000E+02 8.6700000E+00 3.7000000E+02 9 5.4899978E+01 2.5777913E-01 6.0186072E-01 -3.1838731E-02 1.3757905E-02 1.1899409E-02 1.1679245E-02 3.9442015E-04 9.0410217E-04 7.2191031E-03 7.4034602E-05 6.9877525E-03 1.0331858E-01 4.1058235E-02 6.9900991E-05 1.5932091E+00 1.8953167E+01 -7.6511279E-02
2.6764000E+02 2.7427000E+02 8.6700000E+00 3.7500000E+02 9 5.4894949E+01 2.6093854E-01 6.0741663E-01 -3.1746224E-02 1.3954548E-02 1.1907843E-02 1.1690684E-02 3.8903760E-04 9.2587318E-04 7.3203491E-03 7.3024272E-05 7.0732328E-03 1.0411820E-01 4.1643525E-02 7.0658161E-05 1.5891285E+00 1.8957199E+01 -7.7339372E-02
2.6764000E+02 2.7427000E+02 8.6700000E+00 3.8000000E+02 9 5.4891193E+01 2.6339624E-01 6.1168891E-01 -3.1660266E-02 1.4113769E-02 1.1915126E-02 1.1700758E-02 3.8403554E-04 9.4250140E-04 7.4020216E-03 7.2085359E-05 7.1418602E-03 1.0470879E-01 4.2117466E-02 7.1261527E-05 1.5863702E+00 1.8959927E+01 -7.7915647E-02
2.6764000E+02 2.7427000E+02 8.6700000E+00 3.8500000E+02 9 5.4888355E+01 2.6532474E-01 6.1500616E-01 -3.1581389E-02 1.4242850E-02 1.1921677E-02 1.1709919E-02 3.7936171E-04 9.5530913E-04 7.4678906E-03 7.1208058E-05 7.1969831E-03 1.0515063E-01 4.2501726E-02 7.1740954E-05 1.5844690E+00 1.8961811E+01 -7.8323095E-02
2.6764000E+02 2.7427000E+02 8.6700000E+00 3.9000000E+02 9 5.4886181E+01 2.6685463E-01 6.1761352E-01 -3.1509663E-02 1.4348014E-02 1.1927785E-02 1.1718476E-02 3.7497457E-04 9.6531438E-04 7.5212067E-03 7.0384570E-05 7.2414354E-03 1.0548638E-01 4.2814811E-02 7.2122164E-05 1.5831279E+00 1.8963142E+01 -7.8616933E-02
2.6764000E+02 2.7427000E+02 8.6700000E+00 3.9500000E+02 9 5.4884490E+01 2.6808302E-01 6.1969082E-01 -3.1444835E-02 1.4434291E-02 1.1933632E-02 1.1726630E-02 3.7084066E-04 9.7326568E-04 7.5646200E-03 6.9608616E-05 7.2774874E-03 1.0574595E-01 4.3071689E-02 7.2426165E-05 1.5821565E+00 1.8964110E+01 -7.8833766E-02
2.6764000E+02 2.7427000E+02 8.6700000E+00 4.0000000E+02 9 5.4883154E+01 2.6908172E-01 6.2136906E-01 -3.1386463E-02 1.4505637E-02 1.1939318E-02 1.1734498E-02 3.6693268E-04 9.7965270E-04 7.6002260E-03 6.8875068E-05 7.3069119E-03 1.0595025E-01 4.3284129E-02 7.2669624E-05 1.5814310E+00 1.8964835E+01 -7.8997955E-02
2.6764000E+02 2.7427000E+02 8.6700000E+00 4.0500000E+02 9 5.4882081E+01 2.6990370E-01 6.2274368E-01 -3.1334012E-02 1.4565130E-02 1.1944888E-02 1.1742135E-02 3.6322798E-04 9.8484519E-04 7.6296588E-03 6.8179678E-05 7.3310798E-03 1.0611399E-01 4.3461281E-02 7.2865585E-05 1.5808710E+00 1.8965398E+01 -7.9125760E-02
2.6764000E+02 2.7427000E+02 8.6700000E+00 4.1000000E+02 9 5.4881207E+01 2.7058824E-01 6.2388459E-01 -3.1286920E-02 1.4615149E-02 1.1950344E-02 1.1749557E-02 3.5970756E-04 9.8912408E-04 7.6541841E-03 6.7518878E-05 7.3510498E-03 1.0624755E-01 4.3610228E-02 7.3024195E-05 1.5804236E+00 1.8965850E+01 -7.9228130E-02
2.6764000E+02 2.7427000E+02 8.6700000E+00 4.1200000E+02 9 5.4874139E+01 2.8438021E-01 6.5240047E-01 -3.1268905E-02 1.6767292E-02 1.3296771E-02 1.3096754E-02 3.5832774E-04 1.1790144E-03 8.7539832E-03 6.7259880E-05 8.3839168E-03 1.0630054E-01 5.0031600E-02 8.2619712E-05 1.5756276E+00 1.8968169E+01 -7.9822340E-02
2.6764000E+02 2.7427000E+02 8.6700000E+00 4.1700000E+02 9 5.4880842E+01 2.7012382E-01 6.2269015E-01 -3.1228462E-02 1.4479346E-02 1.1860508E-02 1.1662326E-02 3.5504020E-04 9.6415022E-04 7.5827746E-03 6.6642791E-05 7.2810884E-03 1.0639932E-01 4.3204860E-02 7.2606472E-05 1.5735302E+00 1.8973094E+01 -8.0253967E-02
2.6764000E+02 2.7427000E+02 8.6700000E+00 4.2200000E+02 9 5.4880196E+01 2.7074533E-01 6.2377635E-01 -3.1192118E-02 1.4539709E-02 1.1869879E-02 1.1673448E-02 3.5190147E-04 9.7979236E-04 7.6128643E-03 6.6053636E-05 7.3062650E-03 1.0648637E-01 4.3384616E-02 7.2526294E-05 1.5741463E+00 1.8972734E+01 -8.0205726E-02
2.6764000E+02 2.7427000E+02 8.6700000E+00 4.2700000E+02 9 5.4879559E+01 2.7145165E-01 6.2501715E-01 -3.1159420E-02 1.4615072E-02 1.1890926E-02 1.1696171E-02 3.4889998E-04 9.8982342E-04 7.6506982E-03 6.5490242E-05 7.3387794E-03 1.0656151E-01 4.3609149E-02 7.2791649E-05 1.5753197E+00 1.8971459E+01 -8.0060465E-02
2.6764000E+02 2.7427000E+02 8.6700000E+00 4.2900000E+02 9 5.4872539E+01 2.8532345E-01 6.5366573E-01 -3.1146897E-02 1.6784927E-02 1.3239534E-02 1.3045438E-02 3.4772064E-04 1.1832105E-03 8.7601408E-03 6.5268874E-05 8.3797931E-03 1.0659365E-01 5.0083246E-02 8.2477203E-05 1.5711819E+00 1.8973063E+01 -8.0560355E-02
2.6764000E+02 2.7427000E+02 8.6700000E+00 4.3000000E+02 9 5.4870420E+01 2.8947139E-01 6.6224911E-01 -3.1140771E-02 1.7428832E-02 1.3663647E-02 1.3469877E-02 3.4713620E-04 1.2262279E-03 9.0887222E-03 6.5159172E-05 8.6891588E-03 1.0660875E-01 5.2004695E-02 8.5677738E-05 1.5679879E+00 1.8975213E+01 -8.0976304E-02
2.6764000E+02 2.7427000E+02 8.6700000E+00 4.3500000E+02 9 5.4877696E+01 2.7412245E-01 6.3043820E-01 -3.1134352E-02 1.4982806E-02 1.2123674E-02 1.1934803E-02 3.3836001E-04 1.0024313E-03 7.8331346E-03 6.3511837E-05 7.5061393E-03 1.0671136E-01 4.4706228E-02 7.4666317E-05 1.5854296E+00 1.8959955E+01 -7.8605230E-02
2.6764000E+02 2.7427000E+02 8.6700000E+00 4.3600000E+02 9 5.4868104E+01 2.9321752E-01 6.7018372E-01 -3.1133119E-02 1.7987593E-02 1.4037564E-02 1.3849694E-02 3.3656538E-04 1.2945333E-03 9.3674966E-03 6.3174977E-05 8.9499550E-03 1.0673759E-01 5.3672437E-02 8.6763997E-05 1.5873590E+00 1.8955410E+01 -7.8232708E-02
2.6764000E+02 2.7427000E+02 8.6700000E+00 4.3700000E+02 9 5.4870679E+01 2.9325608E-01 6.6887174E-01 -3.0497441E-02 1.8043763E-02 1.4076818E-02 1.3889921E-02 3.3482358E-04 1.2718040E-03 9.3954237E-03 6.2848033E-05 8.9752211E-03 1.0622271E-01 5.3839910E-02 8.7831887E-05 1.5901405E+00 1.8951474E+01 -7.7552892E-02
2.6764000E+02 2.7427000E+02 8.6700000E+00 4.3800000E+02 9 5.4876983E+01 2.9250411E-01 6.6446789E-01 -2.9068520E-02 1.8068388E-02 1.4100227E-02 1.3914337E-02 3.3301736E-04 1.2571496E-03 9.4069249E-03 6.2508997E-05 8.9856057E-03 1.0503664E-01 5.3913405E-02 8.8348044E-05 1.5938429E+00 1.8947174E+01 -7.6465804E-02
2.6764000E+02 2.7427000E+02 8.6700000E+00 4.4300000E+02 9 5.4947231E+01 2.6630882E-01 5.8351140E-01 -1.5412799E-02 1.5416108E-02 1.2423055E-02 1.2237813E-02 3.3185854E-04 1.0163846E-03 8.0504967E-03 6.2291480E-05 7.7095700E-03 9.3533986E-02 4.5999469E-02 7.6890353E-05 1.6354217E+00 1.8907568E+01 -6.6096088E-02
2.6764000E+02 2.7427000E+02 8.6700000E+00 4.4400000E+02 9 5.4951506E+01 2.8197254E-01 6.1099290E-01 -1.2529151E-02 1.8220728E-02 1.4304062E-02 1.4118950E-02 3.3162555E-04 1.2663397E-03 9.4808408E-03 6.2247747E-05 9.0617291E-03 9.1109392E-02 5.4369753E-02 8.8373262E-05 1.6430725E+00 1.8897168E+01 -6.4024881E-02
2.6764000E+02 2.7427000E+02 8.6700000E+00 4.4500000E+02 9 5.4964856E+01 2.7994269E-01 6.0099520E-01 -9.5849077E-03 1.8211208E-02 1.4322333E-02 1.4137407E-02 3.3129203E-04 1.2332473E-03 9.4755217E-03 6.2185144E-05 9.0571849E-03 8.8629395E-02 5.4341448E-02 8.9227079E-05 1.6507195E+00 1.8888309E+01 -6.2028806E-02
2.6764000E+02 2.7427000E+02 8.6700000E+00 4.5000000E+02 9 5.5026751E+01 2.5670078E-01 5.2952841E-01 2.4128603E-03 1.5856296E-02 1.2856798E-02 1.2672175E-02 3.3074884E-04 1.0168007E-03 8.2713279E-03 6.2083184E-05 7.9246606E-03 7.8508137E-02 4.7314634E-02 7.9166751E-05 1.7061587E+00 1.8833786E+01 -5.2018048E-02
2.6764000E+02 2.7427000E+02 8.6700000E+00 4.5300000E+02 9 5.5051783E+01 2.6131657E-01 5.2728045E-01 8.9315716E-03 1.7322046E-02 1.3987030E-02 1.3802583E-02 3.3043405E-04 1.0918002E-03 9.0151800E-03 6.2024096E-05 8.6355230E-03 7.3014437E-02 5.1690702E-02 8.5545478E-05 1.7359377E+00 1.8801258E+01 -4.6931270E-02
2.6764000E+02 2.7427000E+02 8.6700000E+00 4.5400000E+02 9 5.5057466E+01 2.6758384E-01 5.3691456E-01 1.1032130E-02 1.8558134E-02 1.4969668E-02 1.4785284E-02 3.3031994E-04 1.1294633E-03 9.6416974E-03 6.2002678E-05 9.2362023E-03 7.1245929E-02 5.5381506E-02 9.0918999E-05 1.7450844E+00 1.8790235E+01 -4.5375711E-02
2.6764000E+02 2.7427000E+02 8.6700000E+00 4.5900000E+02 9 5.5111303E+01 2.4247474E-01 4.6565667E-01 2.0893747E-02 1.5675693E-02 1.3124524E-02 1.2940689E-02 3.2933711E-04 9.0753485E-04 8.1687823E-03 6.1818196E-05 7.8480431E-03 6.2933399E-02 4.6779690E-02 7.8496862E-05 1.7691434E+00 1.8769418E+01 -4.0353015E-02
2.6764000E+02 2.7427000E+02 8.6700000E+00 4.6400000E+02 9 5.5147335E+01 2.3522592E-01 4.3655106E-01 2.8633119E-02 1.5414243E-02 1.3160588E-02 1.2976968E-02 3.2895095E-04 8.5239733E-04 8.0300902E-03 6.1745711E-05 7.7278086E-03 5.6414613E-02 4.6001478E-02 7.7055082E-05 1.7914884E+00 1.8747374E+01 -3.6307535E-02
2.6764000E+02 2.7427000E+02 8.6700000E+00 4.6900000E+02 9 5.5175139E+01 2.2949906E-01 4.1400450E-01 3.4592256E-02 1.5196874E-02 1.3211419E-02 1.3027815E-02 3.2892272E-04 8.0229111E-04 7.9150071E-03 6.1740412E-05 7.6280248E-03 5.1397757E-02 4.5354455E-02 7.6119917E-05 1.8105365E+00 1.8728143E+01 -3.3231776E-02
2.6764000E+02 2.7427000E+02 8.6700000E+00 4.7400000E+02 9 5.5196635E+01 2.2482204E-01 3.9627952E-01 3.9173854E-02 1.4994143E-02 1.3258764E-02 1.3075138E-02 3.2896326E-04 7.6015323E-04 7.8081955E-03 6.1748023E-05 7.5344539E-03 4.7544359E-02 4.4750845E-02 7.5302356E-05 1.8249285E+00 1.8713504E+01 -3.0996092E-02
2.6764000E+02 2.7427000E+02 8.6700000E+00 4.7900000E+02 9 5.5213319E+01 2.2096025E-01 3.8222773E-01 4.2706368E-02 1.4803567E-02 1.3297330E-02 1.3113712E-02 3.2894793E-04 7.2557004E-04 7.7082187E-03 6.1745145E-05 7.4458944E-03 4.4577524E-02 4.4183240E-02 7.4536099E-05 1.8350683E+00 1.8703138E+01 -2.9401161E-02
2.6764000E+02 2.7427000E+02 8.6700000E+00 4.8100000E+02 9 5.5214045E+01 2.3009277E-01 4.0019627E-01 4.3970664E-02 1.6444927E-02 1.4648012E-02 1.4464405E-02 3.2892826E-04 7.7459215E-04 8.5403740E-03 6.1741452E-05 8.2433710E-03 4.3520312E-02 4.9083920E-02 8.2080087E-05 1.8324947E+00 1.8703159E+01 -2.9234791E-02
2.6764000E+02 2.7427000E+02 8.6700000E+00 4.8200000E+02 9 5.5215423E+01 2.3233064E-01 4.0436808E-01 4.4567910E-02 1.6890904E-02 1.5078540E-02 1.4894941E-02 3.2891463E-04 7.7760993E-04 8.7652987E-03 6.1738894E-05 8.4614042E-03 4.3020693E-02 5.0415851E-02 8.4457973E-05 1.8292919E+00 1.8705259E+01 -2.9291231E-02
2.6764000E+02 2.7427000E+02 8.6700000E+00 4.8700000E+02 9 5.5235297E+01 2.1301142E-01 3.5864399E-01 4.7029587E-02 1.4077034E-02 1.3062595E-02 1.2879421E-02 3.2815255E-04 6.6117522E-04 7.3330087E-03 6.1595848E-05 7.0996887E-03 4.0958408E-02 4.2016122E-02 7.1649748E-05 1.8129697E+00 1.8726268E+01 -2.9629229E-02
2.6764000E+02 2.7427000E+02 8.6700000E+00 4.9200000E+02 9 5.5244700E+01 2.1018371E-01 3.4933497E-01 4.8953795E-02 1.3851548E-02 1.2961026E-02 1.2778183E-02 3.2755990E-04 6.4996421E-04 7.2170000E-03 6.1484604E-05 6.9911890E-03 3.9353638E-02 4.1343292E-02 7.0224778E-05 1.8086974E+00 1.8731474E+01 -2.9395509E-02
2.6764000E+02 2.7427000E+02 8.6700000E+00 4.9700000E+02 9 5.5251933E+01 2.0831291E-01 3.4261724E-01 5.0474174E-02 1.3723127E-02 1.2896345E-02 1.2713824E-02 3.2698286E-04 6.4232040E-04 7.1513284E-03 6.1376292E-05 6.9285774E-03 3.8089478E-02 4.0959934E-02 6.9596930E-05 1.8082040E+00 1.8732190E+01 -2.9025643E-02
2.6764000E+02 2.7427000E+02 8.6700000E+00 5.0200000E+02 9 5.5257672E+01 2.0691956E-01 3.3740052E-01 5.1694632E-02 1.3632908E-02 1.2847638E-02 1.2665484E-02 3.2632639E-04 6.3487992E-04 7.1053489E-03 6.1253068E-05 6.8840672E-03 3.7078517E-02 4.0690589E-02 6.9211003E-05 1.8085101E+00 1.8731927E+01 -2.8688210E-02
2.6764000E+02 2.7427000E+02 8.6700000E+00 5.0500000E+02 9 5.5257192E+01 2.1319762E-01 3.4987724E-01 5.2336977E-02 1.4724301E-02 1.3676274E-02 1.3494358E-02 3.2589805E-04 6.7543259E-04 7.6604973E-03 6.1172667E-05 7.4115358E-03 3.6550479E-02 4.3948426E-02 7.4398471E-05 1.7982548E+00 1.8740532E+01 -2.9108444E-02
2.6764000E+02 2.7427000E+02 8.6700000E+00 5.0600000E+02 9 5.5254787E+01 2.1971598E-01 3.6381020E-01 5.2541718E-02 1.5806149E-02 1.4547809E-02 1.4365976E-02 3.2575137E-04 7.0167781E-04 8.2092534E-03 6.1145134E-05 7.9366654E-03 3.6384004E-02 4.7178459E-02 7.9319681E-05 1.7938534E+00 1.8743415E+01 -2.9374852E-02
2.6764000E+02 2.7427000E+02 8.6700000E+00 5.1100000E+02 9 5.5267230E+01 2.0208620E-01 3.2415927E-01 5.3431734E-02 1.3059572E-02 1.2501833E-02 1.2320436E-02 3.2497107E-04 5.9915893E-04 6.8124240E-03 6.0998668E-05 6.6060941E-03 3.5646838E-02 3.8979283E-02 6.6931968E-05 1.7774122E+00 1.8764318E+01 -3.0198099E-02
2.6764000E+02 2.7427000E+02 8.6700000E+00 5.1600000E+02 9 5.5270758E+01 2.0105280E-01 3.2028567E-01 5.4166417E-02 1.2959143E-02 1.2373749E-02 1.2192641E-02 3.2445333E-04 6.0354414E-04 6.7628053E-03 6.0901485E-05 6.5550797E-03 3.5043234E-02 3.8679051E-02 6.6090546E-05 1.7726502E+00 1.8769935E+01 -3.0321922E-02
2.6764000E+02 2.7427000E+02 8.6700000E+00 5.2100000E+02 9 5.5273513E+01 2.0057062E-01 3.1773059E-01 5.4781035E-02 1.2928323E-02 1.2289046E-02 1.2108189E-02 3.2400182E-04 6.0586056E-04 6.7490827E-03 6.0816735E-05 6.5373285E-03 3.4540050E-02 3.8586558E-02 6.5902613E-05 1.7719257E+00 1.8770869E+01 -3.0211388E-02
2.6764000E+02 2.7427000E+02 8.6700000E+00 5.2600000E+02 9 5.5275800E+01 2.0025441E-01 3.1572830E-01 5.5303402E-02 1.2914183E-02 1.2224742E-02 1.2044173E-02 3.2348623E-04 6.0564174E-04 6.7436894E-03 6.0719957E-05 6.5277757E-03 3.4114580E-02 3.8543981E-02 6.5851475E-05 1.7717860E+00 1.8771063E+01 -3.0073752E-02
2.6764000E+02 2.7427000E+02 8.6700000E+00 5.3100000E+02 9 5.5277756E+01 1.9998985E-01 3.1402029E-01 5.5753051E-02 1.2902127E-02 1.2171656E-02 1.1991427E-02 3.2287682E-04 6.0367518E-04 6.7390716E-03 6.0605567E-05 6.5194362E-03 3.3750534E-02 3.8507731E-02 6.5817382E-05 1.7718322E+00 1.8771034E+01 -2.9953274E-02
2.6764000E+02 2.7427000E+02 8.6700000E+00 5.3600000E+02 9 5.5279459E+01 1.9974495E-01 3.1251218E-01 5.6144280E-02 1.2889062E-02 1.2125542E-02 1.1945701E-02 3.2218232E-04 6.0165619E-04 6.7336532E-03 6.0475205E-05 6.5108087E-03 3.3435805E-02 3.8468535E-02 6.5775624E-05 1.7716005E+00 1.8771274E+01 -2.9862942E-02
2.6764000E+02 2.7427000E+02 8.6700000E+00 5.4100000E+02 9 5.5280954E+01 1.9951737E-01 3.1116494E-01 5.6487855E-02 1.2875186E-02 1.2084220E-02 1.1904805E-02 3.2141961E-04 5.9960697E-04 6.7275728E-03 6.0332042E-05 6.5019615E-03 3.3161219E-02 3.8426957E-02 6.5725079E-05 1.7711863E+00 1.8771698E+01 -2.9797334E-02
2.6764000E+02 2.7427000E+02 8.6700000E+00 5.4600000E+02 9 5.5282276E+01 1.9930905E-01 3.0995689E-01 5.6792059E-02 1.2861271E-02 1.2046494E-02 1.1867534E-02 3.2060446E-04 5.9765656E-04 6.7212675E-03 6.0179035E-05 6.4932366E-03 3.2919707E-02 3.8385283E-02 6.5669344E-05 1.7706557E+00 1.8772239E+01 -2.9750276E-02
2.6764000E+02 2.7427000E+02 8.6700000E+00 5.5100000E+02 9 5.5283451E+01 1.9912138E-01 3.0887203E-01 5.7063371E-02 1.2847952E-02 1.2011665E-02 1.1833182E-02 3.1974967E-04 5.9591013E-04 6.7151059E-03 6.0018586E-05 6.4849101E-03 3.2705744E-02 3.8345402E-02 6.5612000E-05 1.7700626E+00 1.8772843E+01 -2.9716572E-02
2.6764000E+02 2.7427000E+02 8.6700000E+00 5.5600000E+02 9 5.5284501E+01 1.9895441E-01 3.0789627E-01 5.7306930E-02 1.2835595E-02 1.1979287E-02 1.1801297E-02 3.1886524E-04 5.9437533E-04 6.7093125E-03 5.9852573E-05 6.4771309E-03 3.2514952E-02 3.8308396E-02 6.5555545E-05 1.7694420E+00 1.8773475E+01 -2.9692446E-02
2.6764000E+02 2.7427000E+02 8.6700000E+00 5.6100000E+02 9 5.5285443E+01 1.9880707E-01 3.0701668E-01 5.7526864E-02 1.2824346E-02 1.1949045E-02 1.1771561E-02 3.1795896E-04 5.9303307E-04 6.7039947E-03 5.9682461E-05 6.4699484E-03 3.2343826E-02 3.8274705E-02 6.5501428E-05 1.7688157E+00 1.8774112E+01 -2.9675291E-02
2.6764000E+02 2.7427000E+02 8.6700000E+00 5.6600000E+02 9 5.5286292E+01 1.9867767E-01 3.0622153E-01 5.7726521E-02 1.2814219E-02 1.1920692E-02 1.1743723E-02 3.1703692E-04 5.9185918E-04 6.6991820E-03 5.9509388E-05 6.4633520E-03 3.2189524E-02 3.8244363E-02 6.5450338E-05 1.7681958E+00 1.8774742E+01 -2.9663355E-02
2.6764000E+02 2.7427000E+02 8.6700000E+00 5.7100000E+02 9 5.5287062E+01 1.9856432E-01 3.0550042E-01 5.7908646E-02 1.2805152E-02 1.1894022E-02 1.1717573E-02 3.1610387E-04 5.9083058E-04 6.6948639E-03 5.9334250E-05 6.4573004E-03 3.2049725E-02 3.8217191E-02 6.5402482E-05 1.7675884E+00 1.8775359E+01 -2.9655457E-02
2.6764000E+02 2.7427000E+02 8.6700000E+00 5.7600000E+02 9 5.5287762E+01 1.9846515E-01 3.0484423E-01 5.8075507E-02 1.2797056E-02 1.1868856E-02 1.1692932E-02 3.1516357E-04 5.8992710E-04 6.6910078E-03 5.9157751E-05 6.4517404E-03 3.1922510E-02 3.8192917E-02 6.5357791E-05 1.7669960E+00 1.8775960E+01 -2.9650786E-02
2.6764000E+02 2.7427000E+02 8.6700000E+00 5.8100000E+02 9 5.5288400E+01 1.9837842E-01 3.0424505E-01 5.8228998E-02 1.2789829E-02 1.1845038E-02 1.1669642E-02 3.1421899E-04 5.8913175E-04 6.6875726E-03 5.8980449E-05 6.4466170E-03 3.1806286E-02 3.8171239E-02 6.5316067E-05 1.7664194E+00 1.8776544E+01 -2.9648769E-02
2.6764000E+02 2.7427000E+02 8.6700000E+00 5.8200000E+02 9 5.5280847E+01 2.1376706E-01 3.3702018E-01 5.8259176E-02 1.5258047E-02 1.3622479E-02 1.3447189E-02 3.1402992E-04 6.8855084E-04 7.9450252E-03 5.8944961E-05 7.6386035E-03 3.1788404E-02 4.5538870E-02 7.6039716E-05 1.7625599E+00 1.8777541E+01 -2.9890442E-02
2.6764000E+02 2.7427000E+02 8.6700000E+00 5.8700000E+02 9 5.5289275E+01 1.9796394E-01 3.0301831E-01 5.8419437E-02 1.2734540E-02 1.1804594E-02 1.1632044E-02 3.0912034E-04 5.8331986E-04 6.6567872E-03 5.8023408E-05 6.4153044E-03 3.1688225E-02 3.8006147E-02 6.5182602E-05 1.7622654E+00 1.8780722E+01 -2.9870588E-02
2.6764000E+02 2.7427000E+02 8.6700000E+00 5.9200000E+02 9 5.5289658E+01 1.9832121E-01 3.0322741E-01 5.8583135E-02 1.2785796E-02 1.1800147E-02 1.1630323E-02 3.0423752E-04 5.8954729E-04 6.6808954E-03 5.7106879E-05 6.4350929E-03 3.1590590E-02 3.8158979E-02 6.5064676E-05 1.7648685E+00 1.8778415E+01 -2.9675338E-02
2.6764000E+02 2.7427000E+02 8.6700000E+00 5.9700000E+02 9 5.5290010E+01 1.9869275E-01 3.0344642E-01 5.8740837E-02 1.2836253E-02 1.1794014E-02 1.1626907E-02 2.9936910E-04 5.9309066E-04 6.7047973E-03 5.6193053E-05 6.4542944E-03 3.1498094E-02 3.8309386E-02 6.5225263E-05 1.7672095E+00 1.8776042E+01 -2.9491778E-02
2.6764000E+02 2.7427000E+02 8.6700000E+00 6.0200000E+02 9 5.5290365E+01 1.9897850E-01 3.0353613E-01 5.8888043E-02 1.2873812E-02 1.1785418E-02 1.1620928E-02 2.9468184E-04 5.9443639E-04 6.7221602E-03 5.5313231E-05 6.4675180E-03 3.1412854E-02 3.8421349E-02 6.5380140E-05 1.7687444E+00 1.8774443E+01 -2.9360840E-02
2.6764000E+02 2.7427000E+02 8.6700000E+00 6.0700000E+02 9 5.5290724E+01 1.9917764E-01 3.0350492E-01 5.9023836E-02 1.2899124E-02 1.1775083E-02 1.1613040E-02 2.9029661E-04 5.9457614E-04 6.7333505E-03 5.4490101E-05 6.4752085E-03 3.1334720E-02 3.8496801E-02 6.5489112E-05 1.7696081E+00 1.8773530E+01 -2.9276714E-02
2.6764000E+02 2.7427000E+02 8.6700000E+00 6.1200000E+02 9 5.5291078E+01 1.9931080E-01 3.0338978E-01 5.9148762E-02 1.2915423E-02 1.1763725E-02 1.1603939E-02 2.8625401E-04 5.9430563E-04 6.7400524E-03 5.3731286E-05 6.4789381E-03 3.1262976E-02 3.8545375E-02 6.5557836E-05 1.7699815E+00 1.8773125E+01 -2.9226663E-02
2.6764000E+02 2.7427000E+02 8.6700000E+00 6.1700000E+02 9 5.5291422E+01 1.9939880E-01 3.0322348E-01 5.9263827E-02 1.2925649E-02 1.1751826E-02 1.1594107E-02 2.8255241E-04 5.9389156E-04 6.7437878E-03 5.3036477E-05 6.4800936E-03 3.1196832E-02 3.8575831E-02 6.5597715E-05 1.7700237E+00 1.8773064E+01 -2.9199639E-02
2.6764000E+02 2.7427000E+02 8.6700000E+00 6.2200000E+02 9 5.5291751E+01 1.9945743E-01 3.0302956E-01 5.9370106E-02 1.2931963E-02 1.1739689E-02 1.1583858E-02 2.7916947E-04 5.9342800E-04 6.7456689E-03 5.2401483E-05 6.4796718E-03 3.1135585E-02 3.8594614E-02 6.5618230E-05 1.7698740E+00 1.8773204E+01 -2.9187219E-02
2.6764000E+02 2.7427000E+02 8.6700000E+00 6.2700000E+02 9 5.5292063E+01 1.9949714E-01 3.0282327E-01 5.9468603E-02 1.2935812E-02 1.1727501E-02 1.1573398E-02 2.7607386E-04 5.9307087E-04 6.7464356E-03 5.1820421E-05 6.4783231E-03 3.1078641E-02 3.8606037E-02 6.5626109E-05 1.7695972E+00 1.8773477E+01 -2.9184359E-02
2.6764000E+02 2.7427000E+02 8.6700000E+00 6.3200000E+02 9 5.5292358E+01 1.9952518E-01 3.0261402E-01 5.9560209E-02 1.2938129E-02 1.1715377E-02 1.1562860E-02 2.7323182E-04 5.9274976E-04 6.7465583E-03 5.1286956E-05 6.4764544E-03 3.1025513E-02 3.8612885E-02 6.5625897E-05 1.7692501E+00 1.8773824E+01 -2.9187461E-02
2.6764000E+02 2.7427000E+02 8.6700000E+00 6.3700000E+02 9 5.5292637E+01 1.9954586E-01 3.0240730E-01 5.9645699E-02 1.2939496E-02 1.1703382E-02 1.1552328E-02 2.7061087E-04 5.9252144E-04 6.7463239E-03 5.0794990E-05 6.4743105E-03 3.0975798E-02 3.8616893E-02 6.5620561E-05 1.7688652E+00 1.8774211E+01 -2.9194375E-02
2.6764000E+02 2.7427000E+02 8.6700000E+00 6.4200000E+02 9 5.5292900E+01 1.9956212E-01 3.0220614E-01 5.9725738E-02 1.2940275E-02 1.1691549E-02 1.1541851E-02 2.6818157E-04 5.9234035E-04 6.7459044E-03 5.0339000E-05 6.4720377E-03 3.0929158E-02 3.8619146E-02 6.5612019E-05 1.7684589E+00 1.8774620E+01 -2.9203810E-02
2.6764000E+02 2.7427000E+02 8.6700000E+00 6.4700000E+02 9 5.5293147E+01 1.9957578E-01 3.0201217E-01 5.9800896E-02 1.2940697E-02 1.1679889E-02 1.1531454E-02 2.6591822E-04 5.9219277E-04 6.7454055E-03 4.9914158E-05 6.4697222E-03 3.0885304E-02 3.8620328E-02 6.5601495E-05 1.7680312E+00 1.8775052E+01 -2.9215153E-02
2.6764000E+02 2.7427000E+02 8.6700000E+00 6.5000000E+02 9 5.5289652E+01 2.0688281E-01 3.1742755E-01 5.9844346E-02 1.4110685E-02 1.2498885E-02 1.2351178E-02 2.6461490E-04 6.4067530E-04 7.3422544E-03 4.9669518E-05 7.0320170E-03 3.0862546E-02 4.2112282E-02 7.1080671E-05 1.7567413E+00 1.8784747E+01 -2.9873854E-02
