x y z_datum Time Well_no H2O H O Charge Al C Ca Cl Fe K Mg Na S Si U pH pe Alkalinity
2.6764000E+02 2.7427000E+02 8.6700000E+00 0.0000000E+00 9 9.9704301E-01 7.2098600E-06 6.6484776E-04 -3.2324431E-06 0.0000000E+00 1.0067647E-04 6.3262499E-05 4.3211171E-04 0.0000000E+00 2.8240956E-04 5.5605061E-05 2.2967748E-04 1.4127542E-04 0.0000000E+00 0.0000000E+00 7.0300000E+00 -2.2001569E+00 7.1999443E-03
2.6764000E+02 2.7427000E+02 8.6700000E+00 5.0000000E+00 9 5.5325953E+01 2.1232728E-02 6.6103146E-02 -2.9931319E-03 0.0000000E+00 7.0873681E-03 1.3346891E-03 1.0305827E-02 0.0000000E+00 6.1074697E-03 1.9344545E-03 8.4473994E-03 1.1447375E-02 0.0000000E+00 0.0000000E+00 4.3063779E+00 1.6075826E+01 3.6154942E-05
2.6764000E+02 2.7427000E+02 8.6700000E+00 1.0000000E+01 9 5.5306127E+01 3.6533175E-02 1.1091140E-01 -2.6927201E-03 1.1077583E-03 7.5521552E-03 3.1185509E-03 7.9427272E-03 4.1712709E-05 5.2548023E-03 1.4908890E-03 7.0642104E-03 2.0292109E-02 3.3116552E-03 5.6750053E-06 2.3581201E+00 1.8103208E+01 -8.2767750E-03
2.6764000E+02 2.7427000E+02 8.6700000E+00 1.5000000E+01 9 5.5283482E+01 6.1155437E-02 1.5952697E-01 -2.4376012E-03 2.7007842E-03 7.7797964E-03 4.4663910E-03 5.9359098E-03 1.0812586E-04 4.8625022E-03 1.1141995E-03 6.2052580E-03 2.7803966E-02 8.0706047E-03 1.4286334E-05 2.1395546E+00 1.8359093E+01 -1.4636432E-02
2.6764000E+02 2.7427000E+02 8.6700000E+00 2.0000000E+01 9 5.5264708E+01 8.3065896E-02 1.9983878E-01 -2.2444906E-03 4.1533045E-03 7.9130185E-03 5.4475405E-03 4.4168620E-03 1.7610371E-04 4.6940400E-03 8.2906673E-04 5.6709371E-03 3.3490583E-02 1.2408278E-02 2.2698289E-05 2.0481261E+00 1.8470786E+01 -1.8874589E-02
2.6764000E+02 2.7427000E+02 8.6700000E+00 2.5000000E+01 9 5.5250847E+01 9.9624423E-02 2.2997509E-01 -2.1065921E-03 5.2955908E-03 8.0228802E-03 6.1628994E-03 3.3321243E-03 2.3294689E-04 4.6288807E-03 6.2545612E-04 5.3381599E-03 3.7551740E-02 1.5818651E-02 2.9660658E-05 2.0026261E+00 1.8527947E+01 -2.1573552E-02
2.6764000E+02 2.7427000E+02 8.6700000E+00 3.0000000E+01 9 5.5241042E+01 1.1147605E-01 2.5161250E-01 -2.0107307E-03 6.1415457E-03 8.1325980E-03 6.6935340E-03 2.5780588E-03 2.7510955E-04 4.6106730E-03 4.8391432E-04 5.1310696E-03 4.0375150E-02 1.8343931E-02 3.4988887E-05 1.9789890E+00 1.8558540E+01 -2.3233974E-02
2.6764000E+02 2.7427000E+02 8.6700000E+00 3.5000000E+01 9 5.5234193E+01 1.1980679E-01 2.6696506E-01 -1.9444034E-03 6.7525684E-03 8.2451454E-03 7.0973174E-03 2.0563144E-03 3.0524175E-04 4.6112865E-03 3.8598032E-04 5.0000281E-03 4.2328868E-02 2.0167791E-02 3.8909760E-05 1.9663062E+00 1.8575501E+01 -2.4243054E-02
2.6764000E+02 2.7427000E+02 8.6700000E+00 4.0000000E+01 9 5.5229381E+01 1.2567161E-01 2.7792552E-01 -1.8979615E-03 7.1923713E-03 8.3573553E-03 7.4134487E-03 1.6909928E-03 3.2577401E-04 4.6176780E-03 3.1740766E-04 4.9142001E-03 4.3696969E-02 2.1480574E-02 4.1752360E-05 1.9595008E+00 1.8585024E+01 -2.4857013E-02
2.6764000E+02 2.7427000E+02 8.6700000E+00 4.5000000E+01 9 5.5225940E+01 1.2986097E-01 2.8589472E-01 -1.8646732E-03 7.5123192E-03 8.4656230E-03 7.6678814E-03 1.4291405E-03 3.3989687E-04 4.6244296E-03 2.6825671E-04 4.8552152E-03 4.4677675E-02 2.2435648E-02 4.3816744E-05 1.9558696E+00 1.8590442E+01 -2.5236619E-02
2.6764000E+02 2.7427000E+02 8.6700000E+00 5.0000000E+01 9 5.5223414E+01 1.3292266E-01 2.9183666E-01 -1.8400920E-03 7.7495968E-03 8.5675422E-03 7.8777340E-03 1.2357796E-03 3.4969383E-04 4.6296984E-03 2.3196191E-04 4.8124181E-03 4.5401929E-02 2.3144002E-02 4.5335326E-05 1.9538862E+00 1.8593643E+01 -2.5479308E-02
2.6764000E+02 2.7427000E+02 8.6700000E+00 5.5000000E+01 9 5.5221508E+01 1.3521950E-01 2.9639037E-01 -1.8213594E-03 7.9296724E-03 8.6619596E-03 8.0544039E-03 1.0884256E-03 3.5676923E-04 4.6331317E-03 2.0430284E-04 4.7796739E-03 4.5953910E-02 2.3681640E-02 4.6474127E-05 1.9528761E+00 1.8595513E+01 -2.5639522E-02
2.6764000E+02 2.7427000E+02 8.6700000E+00 6.0000000E+01 9 5.5220028E+01 1.3698878E-01 2.9997383E-01 -1.8066523E-03 8.0695818E-03 8.7485999E-03 8.2056216E-03 9.7273644E-04 3.6195005E-04 4.6349176E-03 1.8258741E-04 4.7534378E-03 4.6387317E-02 2.4099395E-02 4.7347000E-05 1.9523309E+00 1.8596683E+01 -2.5751059E-02
2.6764000E+02 2.7427000E+02 8.6700000E+00 6.5000000E+01 9 5.5218850E+01 1.3838487E-01 3.0286108E-01 -1.7947992E-03 8.1806676E-03 8.8276933E-03 8.3367608E-03 8.7949716E-04 3.6589584E-04 4.6353849E-03 1.6508594E-04 4.7316177E-03 4.6736652E-02 2.4431111E-02 4.8030696E-05 1.9520188E+00 1.8597461E+01 -2.5832836E-02
2.6764000E+02 2.7427000E+02 8.6700000E+00 6.6000000E+01 9 5.5212460E+01 1.5102074E-01 3.3247766E-01 -1.7925343E-03 1.0310327E-02 1.0819246E-02 1.0338258E-02 8.6168091E-04 4.5069948E-04 5.6937035E-03 1.6174174E-04 5.7639813E-03 4.6809133E-02 3.0792454E-02 5.8508768E-05 1.9485880E+00 1.8597466E+01 -2.6005632E-02
2.6764000E+02 2.7427000E+02 8.6700000E+00 6.7000000E+01 9 5.5212416E+01 1.5093294E-01 3.3221480E-01 -1.7903676E-03 1.0272375E-02 1.0786364E-02 1.0314891E-02 8.4463639E-04 4.4234860E-04 5.6647918E-03 1.5854240E-04 5.7310190E-03 4.6873742E-02 3.0678892E-02 5.9436585E-05 1.9422658E+00 1.8602645E+01 -2.6345297E-02
2.6764000E+02 2.7427000E+02 8.6700000E+00 7.2000000E+01 9 5.5214339E+01 1.3982339E-01 3.0618501E-01 -1.7448679E-03 8.0810492E-03 8.7712258E-03 8.3393226E-03 7.7374731E-04 3.5375649E-04 4.5219232E-03 1.4523618E-04 4.5968148E-03 4.7766564E-02 2.4133630E-02 4.8111371E-05 1.9161873E+00 1.8736454E+01 -2.8061999E-02
2.6764000E+02 2.7427000E+02 8.6700000E+00 7.7000000E+01 9 5.5208667E+01 1.4280200E-01 3.1262527E-01 -1.6936453E-03 8.2299282E-03 8.8349816E-03 8.4365370E-03 7.1380667E-04 3.7642742E-04 4.5625842E-03 1.3398502E-04 4.6190811E-03 4.8754208E-02 2.4577649E-02 5.4495504E-05 1.9014526E+00 1.8809116E+01 -2.9171975E-02
2.6764000E+02 2.7427000E+02 8.6700000E+00 8.2000000E+01 9 5.5203540E+01 1.4583670E-01 3.1905475E-01 -1.6494507E-03 8.4259579E-03 8.9210699E-03 8.5513030E-03 6.6243121E-04 3.9902929E-04 4.6325197E-03 1.2434160E-04 4.6709029E-03 4.9610038E-02 2.5162287E-02 6.3973088E-05 1.8936063E+00 1.8849145E+01 -2.9850789E-02
2.6764000E+02 2.7427000E+02 8.6700000E+00 8.7000000E+01 9 5.5199481E+01 1.4840027E-01 3.2445409E-01 -1.6150716E-03 8.6068355E-03 9.0058035E-03 8.6608981E-03 6.1789214E-04 4.1698815E-04 4.6986227E-03 1.1598139E-04 4.7212145E-03 5.0285178E-02 2.5701779E-02 7.3249724E-05 1.8894377E+00 1.8872222E+01 -3.0265778E-02
2.6764000E+02 2.7427000E+02 8.6700000E+00 9.1000000E+01 9 5.5195407E+01 1.5311948E-01 3.3493146E-01 -1.5934802E-03 9.2392522E-03 9.5049076E-03 9.1778358E-03 5.8594340E-04 4.5357223E-04 4.9992228E-03 1.0998446E-04 5.0033460E-03 5.0720691E-02 2.7589887E-02 8.5132726E-05 1.8797047E+00 1.8891473E+01 -3.0942816E-02
2.6764000E+02 2.7427000E+02 8.6700000E+00 9.2000000E+01 9 5.5189995E+01 1.6318218E-01 3.5806580E-01 -1.5884409E-03 1.0894992E-02 1.0975981E-02 1.0653245E-02 5.7817623E-04 5.2897968E-04 5.8275303E-03 1.0852652E-04 5.8087274E-03 5.0834331E-02 3.2534940E-02 1.0209788E-04 1.8745685E+00 1.8897774E+01 -3.1250309E-02
2.6764000E+02 2.7427000E+02 8.6700000E+00 9.7000000E+01 9 5.5189538E+01 1.5187589E-01 3.3302661E-01 -2.1663340E-03 8.6495321E-03 8.9926729E-03 8.6890851E-03 5.4387231E-04 4.2081881E-04 4.6773367E-03 1.0208751E-04 4.6800085E-03 5.2146878E-02 2.5828533E-02 8.6024920E-05 1.8564491E+00 1.8932099E+01 -3.2892998E-02
2.6764000E+02 2.7427000E+02 8.6700000E+00 1.0200000E+02 9 5.5181325E+01 1.5512854E-01 3.4120155E-01 -2.8653185E-03 8.8173298E-03 9.0562740E-03 8.7697258E-03 5.1334620E-04 4.4657050E-04 4.7453485E-03 9.6357606E-05 4.7351549E-03 5.3571195E-02 2.6328854E-02 9.1228772E-05 1.8451449E+00 1.8955833E+01 -3.4090962E-02
2.6764000E+02 2.7427000E+02 8.6700000E+00 1.0700000E+02 9 5.5174234E+01 1.5820790E-01 3.4873468E-01 -3.4705584E-03 9.0078830E-03 9.1327528E-03 8.8614683E-03 4.8600151E-04 4.6874858E-04 4.8269485E-03 9.1224873E-05 4.8037676E-03 5.4779077E-02 2.6897055E-02 9.7073367E-05 1.8386600E+00 1.8971135E+01 -3.4896337E-02
2.6764000E+02 2.7427000E+02 8.6700000E+00 1.1200000E+02 9 5.5168748E+01 1.6072895E-01 3.5481225E-01 -3.9318562E-03 9.1761793E-03 9.2043882E-03 8.9468583E-03 4.6136038E-04 4.8570376E-04 4.8986726E-03 8.6599613E-05 4.8640411E-03 5.5709977E-02 2.7398933E-02 1.0230654E-04 1.8350364E+00 1.8980780E+01 -3.5424915E-02
2.6764000E+02 2.7427000E+02 8.6700000E+00 1.1700000E+02 9 5.5164716E+01 1.6266892E-01 3.5944314E-01 -4.2618450E-03 9.3113617E-03 9.2660155E-03 9.0209472E-03 4.3903558E-04 4.9814247E-04 4.9547166E-03 8.2409137E-05 4.9104678E-03 5.6397535E-02 2.7802102E-02 1.0658960E-04 1.8329390E+00 1.8986944E+01 -3.5772589E-02
2.6764000E+02 2.7427000E+02 8.6700000E+00 1.2200000E+02 9 5.5161807E+01 1.6413076E-01 3.6290470E-01 -4.4908427E-03 9.4161012E-03 9.3175828E-03 9.0838601E-03 4.1871011E-04 5.0694951E-04 4.9962802E-03 7.8593947E-05 4.9440400E-03 5.6899207E-02 2.8114511E-02 1.0994839E-04 1.8317043E+00 1.8990941E+01 -3.6004025E-02
2.6764000E+02 2.7427000E+02 8.6700000E+00 1.2400000E+02 9 5.5155608E+01 1.7507436E-01 3.8752548E-01 -4.5683761E-03 1.1179304E-02 1.0756022E-02 1.0526670E-02 4.1088115E-04 6.0819713E-04 5.8818555E-03 7.7124412E-05 5.7981966E-03 5.7090358E-02 3.3379286E-02 1.3054561E-04 1.8231840E+00 1.8999496E+01 -3.6581415E-02
2.6764000E+02 2.7427000E+02 8.6700000E+00 1.2500000E+02 9 5.5153668E+01 1.7827544E-01 3.9483790E-01 -4.6038902E-03 1.1687612E-02 1.1207096E-02 1.0979888E-02 4.0703973E-04 6.2042775E-04 6.1355484E-03 7.6403360E-05 6.0439300E-03 5.7178084E-02 3.4897294E-02 1.3771555E-04 1.8173711E+00 1.9005340E+01 -3.7006293E-02
2.6764000E+02 2.7427000E+02 8.6700000E+00 1.3000000E+02 9 5.5159359E+01 1.6442016E-01 3.6401544E-01 -4.7232344E-03 9.3261912E-03 9.2617524E-03 9.0436890E-03 3.9065689E-04 4.9067950E-04 4.9342973E-03 7.3328219E-05 4.8770385E-03 5.7447812E-02 2.7845852E-02 1.1300943E-04 1.8178672E+00 1.9007554E+01 -3.7179708E-02
2.6764000E+02 2.7427000E+02 8.6700000E+00 1.3100000E+02 9 5.5151883E+01 1.7898314E-01 3.9675082E-01 -4.7451247E-03 1.1722985E-02 1.1228137E-02 1.1011853E-02 3.8746872E-04 6.4395216E-04 6.1420439E-03 7.2729785E-05 6.0448486E-03 5.7521834E-02 3.5002762E-02 1.3761277E-04 1.8146648E+00 1.9010150E+01 -3.7338996E-02
2.6764000E+02 2.7427000E+02 8.6700000E+00 1.3200000E+02 9 5.5151699E+01 1.7893603E-01 3.9656524E-01 -4.7652934E-03 1.1693623E-02 1.1202396E-02 1.0987854E-02 3.8434854E-04 6.2596518E-04 6.1257552E-03 7.2144112E-05 6.0274552E-03 5.7575709E-02 3.4914848E-02 1.3993658E-04 1.8111199E+00 1.9013627E+01 -3.7596917E-02
2.6764000E+02 2.7427000E+02 8.6700000E+00 1.3700000E+02 9 5.5150304E+01 1.6668750E-01 3.7078618E-01 -6.1249445E-03 9.3342143E-03 9.2670435E-03 9.0603643E-03 3.7026226E-04 4.9474607E-04 4.9265877E-03 6.9500047E-05 4.8637629E-03 5.9265258E-02 2.7869498E-02 1.1445629E-04 1.7998353E+00 1.9007493E+01 -3.9158483E-02
2.6764000E+02 2.7427000E+02 8.6700000E+00 1.4200000E+02 9 5.5139660E+01 1.7045055E-01 3.8079189E-01 -7.7436239E-03 9.5492914E-03 9.3792597E-03 9.1797822E-03 3.5736063E-04 5.2440945E-04 5.0290544E-03 6.7078347E-05 4.9563007E-03 6.1260682E-02 2.8511017E-02 1.1304238E-04 1.7930764E+00 1.8986273E+01 -4.0367090E-02
2.6764000E+02 2.7427000E+02 8.6700000E+00 1.4700000E+02 9 5.5130203E+01 1.7407469E-01 3.9013001E-01 -9.1581515E-03 9.7838672E-03 9.5009085E-03 9.3081100E-03 3.4539525E-04 5.4538526E-04 5.1422255E-03 6.4832387E-05 5.0587746E-03 6.3001882E-02 2.9210671E-02 1.0991537E-04 1.7895834E+00 1.8957839E+01 -4.1224517E-02
2.6764000E+02 2.7427000E+02 8.6700000E+00 1.5200000E+02 9 5.5122785E+01 1.7702619E-01 3.9764230E-01 -1.0253474E-02 9.9839435E-03 9.6079354E-03 9.4213842E-03 3.3420341E-04 5.5931007E-04 5.2381904E-03 6.2731624E-05 5.1453612E-03 6.4356810E-02 2.9807455E-02 1.0492180E-04 1.7876881E+00 1.8927475E+01 -4.1821385E-02
2.6764000E+02 2.7427000E+02 8.6700000E+00 1.5700000E+02 9 5.5117301E+01 1.7926211E-01 4.0329914E-01 -1.1052082E-02 1.0139103E-02 9.6946747E-03 9.5139984E-03 3.2367853E-04 5.6835764E-04 5.3115135E-03 6.0756052E-05 5.2110155E-03 6.5355074E-02 3.0270289E-02 9.9015472E-05 1.7865968E+00 1.8898502E+01 -4.2233747E-02
2.6764000E+02 2.7427000E+02 8.6700000E+00 1.6200000E+02 9 5.5113346E+01 1.8090949E-01 4.0744742E-01 -1.1618009E-02 1.0254978E-02 9.7627426E-03 9.5876101E-03 3.1374700E-04 5.7378271E-04 5.3650308E-03 5.8891855E-05 5.2583754E-03 6.6074244E-02 3.0615964E-02 9.3085792E-05 1.7859151E+00 1.8872960E+01 -4.2519882E-02
2.6764000E+02 2.7427000E+02 8.6700000E+00 1.6700000E+02 9 5.5110502E+01 1.8212130E-01 4.1048652E-01 -1.2016417E-02 1.0341053E-02 9.8159708E-03 9.6460814E-03 3.0435408E-04 5.7707079E-04 5.4035709E-03 5.7128757E-05 5.2919325E-03 6.6592381E-02 3.0872757E-02 8.7691232E-05 1.7854600E+00 1.8851736E+01 -4.2721406E-02
2.6764000E+02 2.7427000E+02 8.6700000E+00 1.6800000E+02 9 5.5102584E+01 1.9717531E-01 4.4395962E-01 -1.2089911E-02 1.2793399E-02 1.1764302E-02 1.1595450E-02 3.0249662E-04 7.3765701E-04 6.6420640E-03 5.6780104E-05 6.4857455E-03 6.6696286E-02 3.8194961E-02 1.0058350E-04 1.7817339E+00 1.8849001E+01 -4.2943376E-02
2.6764000E+02 2.7427000E+02 8.6700000E+00 1.6900000E+02 9 5.5102238E+01 1.9710008E-01 4.4371492E-01 -1.2157714E-02 1.2751053E-02 1.1729909E-02 1.1562082E-02 3.0065991E-04 7.1052154E-04 6.6199980E-03 5.6435345E-05 6.4630560E-03 6.6786415E-02 3.8068290E-02 1.0032687E-04 1.7773083E+00 1.8848481E+01 -4.3309585E-02
2.6764000E+02 2.7427000E+02 8.6700000E+00 1.7400000E+02 9 5.5116906E+01 1.7428867E-01 4.0443533E-01 -1.6971061E-02 1.0195873E-02 9.7272679E-03 9.5642997E-03 2.9195476E-04 5.5024669E-04 5.3228284E-03 5.4801344E-05 5.2110030E-03 6.5595502E-02 3.0439245E-02 8.0471921E-05 1.8532143E+00 1.8760179E+01 -3.7415731E-02
2.6764000E+02 2.7427000E+02 8.6700000E+00 1.7500000E+02 9 5.5112062E+01 1.8567949E-01 4.3330326E-01 -1.8080714E-02 1.2393279E-02 1.1659818E-02 1.1497811E-02 2.9023255E-04 6.6648738E-04 6.4277950E-03 5.4478078E-05 6.2864609E-03 6.5311845E-02 3.7002364E-02 9.1397743E-05 1.8681353E+00 1.8740203E+01 -3.6247363E-02
2.6764000E+02 2.7427000E+02 8.6700000E+00 1.7600000E+02 9 5.5114385E+01 1.8293300E-01 4.3029719E-01 -1.9286689E-02 1.2259352E-02 1.1617759E-02 1.1456703E-02 2.8852887E-04 6.3629289E-04 6.3577372E-03 5.4158289E-05 6.2214211E-03 6.4985226E-02 3.6603052E-02 9.0772613E-05 1.8845919E+00 1.8720194E+01 -3.5063856E-02
2.6764000E+02 2.7427000E+02 8.6700000E+00 1.8100000E+02 9 5.5057792E+01 1.7969369E-01 4.4330330E-01 -3.0496902E-02 9.6599134E-03 9.6283297E-03 9.4717887E-03 2.8044056E-04 4.8824380E-04 5.0367737E-03 5.2640072E-05 4.9504675E-03 7.6979974E-02 2.8842619E-02 7.2437378E-05 1.7715001E+00 1.8826654E+01 -4.8188255E-02
2.6764000E+02 2.7427000E+02 8.6700000E+00 1.8600000E+02 9 5.4974814E+01 2.0025574E-01 5.0677351E-01 -4.1766495E-02 9.8592526E-03 9.6826310E-03 9.5303816E-03 2.7275237E-04 5.3579560E-04 5.1357007E-03 5.1196960E-05 5.0379425E-03 9.2238371E-02 2.9436471E-02 7.0250265E-05 1.6615753E+00 1.8929154E+01 -6.5290730E-02
2.6764000E+02 2.7427000E+02 8.6700000E+00 1.9100000E+02 9 5.4899516E+01 2.2208862E-01 5.6778000E-01 -5.1033288E-02 1.0409096E-02 9.7592774E-03 9.6111114E-03 2.6543688E-04 6.1807761E-04 5.4191032E-03 4.9823807E-05 5.2878381E-03 1.0582445E-01 3.1073568E-02 7.0786141E-05 1.5904842E+00 1.8993784E+01 -8.0008318E-02
2.6764000E+02 2.7427000E+02 8.6700000E+00 1.9600000E+02 9 5.4839956E+01 2.4103984E-01 6.1802363E-01 -5.7995788E-02 1.1059069E-02 9.8322207E-03 9.6879442E-03 2.5846883E-04 7.0257652E-04 5.7558164E-03 4.8515871E-05 5.5837392E-03 1.1642184E-01 3.3008444E-02 7.2230582E-05 1.5472723E+00 1.9031596E+01 -9.0985162E-02
2.6764000E+02 2.7427000E+02 8.6700000E+00 2.0100000E+02 9 5.4795953E+01 2.5598246E-01 6.5633237E-01 -6.2994988E-02 1.1667215E-02 9.8935963E-03 9.7530285E-03 2.5182494E-04 7.7267726E-04 6.0711228E-03 4.7268780E-05 5.8600921E-03 1.2416426E-01 3.4818669E-02 7.3710409E-05 1.5212952E+00 1.9053123E+01 -9.8619659E-02
2.6764000E+02 2.7427000E+02 8.6700000E+00 2.0600000E+02 9 5.4764521E+01 2.6719259E-01 6.8442974E-01 -6.6517328E-02 1.2179614E-02 9.9430776E-03 9.8060494E-03 2.4548371E-04 8.2694609E-04 6.3364066E-03 4.6078499E-05 6.0922682E-03 1.2964361E-01 3.6343893E-02 7.4904027E-05 1.5057307E+00 1.9065038E+01 -1.0374078E-01
2.6764000E+02 2.7427000E+02 8.6700000E+00 2.1100000E+02 9 5.4742300E+01 2.7543673E-01 7.0476677E-01 -6.8999798E-02 1.2591131E-02 9.9829572E-03 9.8493108E-03 2.3942531E-04 8.6792439E-04 6.5488026E-03 4.4941309E-05 6.2780749E-03 1.3348663E-01 3.7568923E-02 7.5760951E-05 1.4964038E+00 1.9071373E+01 -1.0712734E-01
2.6764000E+02 2.7427000E+02 8.6700000E+00 2.1600000E+02 9 5.4726477E+01 2.8150402E-01 7.1956488E-01 -7.0775025E-02 1.2916383E-02 1.0015961E-02 9.8855487E-03 2.3363149E-04 8.9876189E-04 6.7159344E-03 4.3853779E-05 6.4243198E-03 1.3620400E-01 3.8537287E-02 7.6333435E-05 1.4907945E+00 1.9074519E+01 -1.0937225E-01
2.6764000E+02 2.7427000E+02 8.6700000E+00 2.2100000E+02 9 5.4714991E+01 2.8603327E-01 7.3052756E-01 -7.2075457E-02 1.3174120E-02 1.0044407E-02 9.9170900E-03 2.2808540E-04 9.2221549E-04 6.8476799E-03 4.2812751E-05 6.5396250E-03 1.3816507E-01 3.9304786E-02 7.6695158E-05 1.4873964E+00 1.9075877E+01 -1.1088361E-01
2.6764000E+02 2.7427000E+02 8.6700000E+00 2.2600000E+02 9 5.4706427E+01 2.8949063E-01 7.3885660E-01 -7.3056049E-02 1.3380941E-02 1.0069992E-02 9.9456413E-03 2.2277154E-04 9.4040698E-04 6.9528153E-03 4.1815313E-05 6.6315783E-03 1.3962026E-01 3.9920789E-02 7.6910845E-05 1.4853167E+00 1.9076256E+01 -1.1192690E-01
2.6764000E+02 2.7427000E+02 8.6700000E+00 2.3100000E+02 9 5.4699850E+01 2.9219787E-01 7.4536319E-01 -7.3817749E-02 1.3549706E-02 1.0093844E-02 9.9723377E-03 2.1767560E-04 9.5484819E-04 7.0381341E-03 4.0858781E-05 6.7060593E-03 1.4073367E-01 4.0423541E-02 7.7029262E-05 1.4840293E+00 1.9076121E+01 -1.1266951E-01
2.6764000E+02 2.7427000E+02 8.6700000E+00 2.3600000E+02 9 5.4694653E+01 2.9437120E-01 7.5058433E-01 -7.4425967E-02 1.3689810E-02 1.0116650E-02 9.9978741E-03 2.1278441E-04 9.6656968E-04 7.1085780E-03 3.9940681E-05 6.7673825E-03 1.4161128E-01 4.0840991E-02 7.7084660E-05 1.4832240E+00 1.9075731E+01 -1.1321561E-01
2.6764000E+02 2.7427000E+02 8.6700000E+00 2.4100000E+02 9 5.4690440E+01 2.9615522E-01 7.5487496E-01 -7.4923439E-02 1.3807968E-02 1.0138790E-02 1.0022637E-02 2.0808580E-04 9.7626079E-04 7.1676545E-03 3.9058729E-05 6.8186493E-03 1.4232173E-01 4.1193102E-02 7.7100226E-05 1.4827170E+00 1.9075233E+01 -1.1363010E-01
2.6764000E+02 2.7427000E+02 8.6700000E+00 2.4600000E+02 9 5.4686949E+01 2.9764747E-01 7.5847241E-01 -7.5338612E-02 1.3908966E-02 1.0160444E-02 1.0046812E-02 2.0356853E-04 9.8438512E-04 7.2178491E-03 3.8210815E-05 6.8620850E-03 1.4291007E-01 4.1494115E-02 7.7091315E-05 1.4823973E+00 1.9074706E+01 -1.1395393E-01
2.6764000E+02 2.7427000E+02 8.6700000E+00 2.5100000E+02 9 5.4684004E+01 2.9891518E-01 7.6153876E-01 -7.5690907E-02 1.3996259E-02 1.0181669E-02 1.0070464E-02 1.9922221E-04 9.9126553E-04 7.2609465E-03 3.7394988E-05 6.8993018E-03 1.4340653E-01 4.1754308E-02 7.7067946E-05 1.4821970E+00 1.9074194E+01 -1.1421356E-01
2.6764000E+02 2.7427000E+02 8.6700000E+00 2.5600000E+02 9 5.4681483E+01 3.0000582E-01 7.6418772E-01 -7.5993980E-02 1.4072391E-02 1.0202456E-02 1.0093586E-02 1.9503721E-04 9.9714251E-04 7.2982602E-03 3.6609443E-05 6.9314876E-03 1.4383200E-01 4.1981256E-02 7.7036575E-05 1.4820732E+00 1.9073717E+01 -1.1442649E-01
2.6764000E+02 2.7427000E+02 8.6700000E+00 2.6100000E+02 9 5.4679298E+01 3.0095395E-01 7.6650146E-01 -7.6257709E-02 1.4139287E-02 1.0222759E-02 1.0116140E-02 1.9100461E-04 1.0021964E-03 7.3307861E-03 3.5852505E-05 6.9595351E-03 1.4420133E-01 4.2180685E-02 7.7001316E-05 1.4819985E+00 1.9073286E+01 -1.1460469E-01
2.6764000E+02 2.7427000E+02 8.6700000E+00 2.6400000E+02 9 5.4673181E+01 3.1133380E-01 7.8771127E-01 -7.6403542E-02 1.5698752E-02 1.1122633E-02 1.1017335E-02 1.8863808E-04 1.1392105E-03 8.1282106E-03 3.5408295E-05 7.7048952E-03 1.4440821E-01 4.6832401E-02 8.4438362E-05 1.4778603E+00 1.9075108E+01 -1.1542879E-01
2.6764000E+02 2.7427000E+02 8.6700000E+00 2.6500000E+02 9 5.4667893E+01 3.2133130E-01 8.0817123E-01 -7.6450836E-02 1.7236457E-02 1.2045234E-02 1.1940374E-02 1.8785506E-04 1.2818275E-03 8.9142040E-03 3.5261319E-05 8.4426430E-03 1.4447703E-01 5.1419799E-02 9.1463543E-05 1.4754750E+00 1.9075546E+01 -1.1586226E-01
2.6764000E+02 2.7427000E+02 8.6700000E+00 2.7000000E+02 9 5.4675535E+01 3.0374347E-01 7.7276646E-01 -7.6624958E-02 1.4460931E-02 1.0415593E-02 1.0312313E-02 1.8502441E-04 1.0068249E-03 7.4923233E-03 3.4729993E-05 7.1084570E-03 1.4471491E-01 4.3140132E-02 7.8872026E-05 1.4875321E+00 1.9065443E+01 -1.1369552E-01
2.6764000E+02 2.7427000E+02 8.6700000E+00 2.7500000E+02 9 5.4672706E+01 3.0741126E-01 7.8057529E-01 -7.6780569E-02 1.4989231E-02 1.0733514E-02 1.0631774E-02 1.8226607E-04 1.0623074E-03 7.7609976E-03 3.4212238E-05 7.3597551E-03 1.4493239E-01 4.4716166E-02 8.0702452E-05 1.5000063E+00 1.9051395E+01 -1.1136829E-01
2.6764000E+02 2.7427000E+02 8.6700000E+00 2.8000000E+02 9 5.4670309E+01 3.1037481E-01 7.8696746E-01 -7.6923862E-02 1.5411754E-02 1.1007263E-02 1.0907055E-02 1.7952227E-04 1.0957834E-03 7.9750067E-03 3.3697213E-05 7.5609698E-03 1.4513294E-01 4.5976883E-02 8.2554495E-05 1.5100721E+00 1.9039583E+01 -1.0951391E-01
2.6764000E+02 2.7427000E+02 8.6700000E+00 2.8500000E+02 9 5.4668361E+01 3.1258664E-01 7.9189232E-01 -7.7055728E-02 1.5724813E-02 1.1231957E-02 1.1133257E-02 1.7681895E-04 1.1164633E-03 8.1324860E-03 3.3189787E-05 7.7103291E-03 1.4531753E-01 4.6911251E-02 8.3936605E-05 1.5176149E+00 1.9030615E+01 -1.0814953E-01
2.6764000E+02 2.7427000E+02 8.6700000E+00 2.8900000E+02 9 5.4664740E+01 3.1858459E-01 8.0448343E-01 -7.7154403E-02 1.6635763E-02 1.1817848E-02 1.1720334E-02 1.7469392E-04 1.1894228E-03 8.5960930E-03 3.2790908E-05 8.1472563E-03 1.4545705E-01 4.9629270E-02 8.8248655E-05 1.5197332E+00 1.9026578E+01 -1.0775104E-01
2.6764000E+02 2.7427000E+02 8.6700000E+00 2.9000000E+02 9 5.4657185E+01 3.3343122E-01 8.3516800E-01 -7.7178653E-02 1.8953152E-02 1.3263843E-02 1.3166625E-02 1.7416519E-04 1.4134740E-03 9.7794308E-03 3.2691662E-05 9.2616292E-03 1.4549473E-01 5.6543573E-02 9.8232907E-05 1.5191478E+00 1.9024457E+01 -1.0778533E-01
2.6764000E+02 2.7427000E+02 8.6700000E+00 2.9500000E+02 9 5.4718157E+01 3.0103092E-01 7.5706515E-01 -7.0926311E-02 1.5880733E-02 1.1441729E-02 1.1345945E-02 1.7159547E-04 1.1004436E-03 8.2056955E-03 3.2209314E-05 7.7849559E-03 1.3603976E-01 4.7377592E-02 8.4897255E-05 1.5687868E+00 1.8977548E+01 -9.5238916E-02
2.6764000E+02 2.7427000E+02 8.6700000E+00 3.0000000E+02 9 5.4786380E+01 2.8325107E-01 7.0596730E-01 -6.2641447E-02 1.5775183E-02 1.1551123E-02 1.1456732E-02 1.6910042E-04 1.0963966E-03 8.1442633E-03 3.1740981E-05 7.7395794E-03 1.2352281E-01 4.7065470E-02 8.3812242E-05 1.6402778E+00 1.8905745E+01 -7.9443289E-02
2.6764000E+02 2.7427000E+02 8.6700000E+00 3.0100000E+02 9 5.4792080E+01 2.9627804E-01 7.3121591E-01 -6.0939555E-02 1.8430746E-02 1.3467322E-02 1.3373207E-02 1.6860439E-04 1.3448853E-03 9.4923902E-03 3.1647874E-05 9.0266514E-03 1.2095680E-01 5.4992831E-02 9.5379231E-05 1.6544302E+00 1.8888240E+01 -7.6436044E-02
2.6764000E+02 2.7427000E+02 8.6700000E+00 3.0200000E+02 9 5.4806581E+01 2.9184900E-01 7.1915993E-01 -5.9223661E-02 1.8290253E-02 1.3459591E-02 1.3365752E-02 1.6811132E-04 1.2996051E-03 9.4180163E-03 3.1555321E-05 8.9615255E-03 1.1836534E-01 5.4574730E-02 9.5946358E-05 1.6684285E+00 1.8872808E+01 -7.3572894E-02
2.6764000E+02 2.7427000E+02 8.6700000E+00 3.0300000E+02 9 5.4821384E+01 2.8703885E-01 7.0641108E-01 -5.7492138E-02 1.8102867E-02 1.3430303E-02 1.3337011E-02 1.6713092E-04 1.2622793E-03 9.3191122E-03 3.1371295E-05 8.8737933E-03 1.1575099E-01 5.4016840E-02 9.5539462E-05 1.6816228E+00 1.8859276E+01 -7.0905567E-02
2.6764000E+02 2.7427000E+02 8.6700000E+00 3.0800000E+02 9 5.4892354E+01 2.5058903E-01 6.1809833E-01 -5.0124547E-02 1.4766393E-02 1.1438170E-02 1.1347324E-02 1.6274878E-04 9.6708784E-04 7.6081816E-03 3.0548747E-05 7.2700298E-03 1.0461567E-01 4.4063349E-02 7.9167265E-05 1.7460635E+00 1.8800480E+01 -5.9617149E-02
2.6764000E+02 2.7427000E+02 8.6700000E+00 3.1300000E+02 9 5.4941517E+01 2.3455923E-01 5.7624825E-01 -4.4383237E-02 1.4171786E-02 1.1400694E-02 1.1312724E-02 1.5759694E-04 9.0074058E-04 7.2902088E-03 2.9581721E-05 6.9934682E-03 9.5941368E-02 4.2294219E-02 7.5659973E-05 1.8019469E+00 1.8745606E+01 -5.1121992E-02
2.6764000E+02 2.7427000E+02 8.6700000E+00 3.1800000E+02 9 5.4978377E+01 2.2205216E-01 5.4416098E-01 -4.0116027E-02 1.3645839E-02 1.1382166E-02 1.1297408E-02 1.5184296E-04 8.2170903E-04 7.0080400E-03 2.8501670E-05 6.7480357E-03 8.9494027E-02 4.0729314E-02 7.3177397E-05 1.8456598E+00 1.8701987E+01 -4.5175010E-02
2.6764000E+02 2.7427000E+02 8.6700000E+00 3.2300000E+02 9 5.5005375E+01 2.1242877E-01 5.2001810E-01 -3.7025817E-02 1.3188484E-02 1.1371184E-02 1.1289753E-02 1.4588366E-04 7.5070362E-04 6.7622126E-03 2.7383081E-05 6.5336091E-03 8.4824757E-02 3.9368276E-02 7.1185468E-05 1.8776740E+00 1.8669856E+01 -4.1167296E-02
2.6764000E+02 2.7427000E+02 8.6700000E+00 3.2800000E+02 9 5.5024975E+01 2.0506741E-01 5.0198971E-01 -3.4811242E-02 1.2799736E-02 1.1363118E-02 1.1284966E-02 1.4000779E-04 6.9503783E-04 6.5530231E-03 2.6280151E-05 6.3503083E-03 8.1478340E-02 3.8211136E-02 6.9536453E-05 1.8998207E+00 1.8647570E+01 -3.8525306E-02
2.6764000E+02 2.7427000E+02 8.6700000E+00 3.2900000E+02 9 5.5022253E+01 2.1644868E-01 5.2773777E-01 -3.4400970E-02 1.4849357E-02 1.3243221E-02 1.3165723E-02 1.3883803E-04 7.7967303E-04 7.5836216E-03 2.6060581E-05 7.3545118E-03 8.0863771E-02 4.4333663E-02 7.9124142E-05 1.9022781E+00 1.8641913E+01 -3.8132417E-02
2.6764000E+02 2.7427000E+02 8.6700000E+00 3.3000000E+02 9 5.5025766E+01 2.1488867E-01 5.2397952E-01 -3.4021016E-02 1.4732559E-02 1.3208694E-02 1.3131844E-02 1.3767552E-04 7.5762303E-04 7.5224907E-03 2.5842372E-05 7.2982608E-03 8.0290325E-02 4.3985384E-02 7.9610818E-05 1.9028845E+00 1.8640047E+01 -3.7918763E-02
2.6764000E+02 2.7427000E+02 8.6700000E+00 3.3500000E+02 9 5.5017147E+01 2.0593703E-01 5.0167390E-01 -3.3185280E-02 1.2175744E-02 1.1232189E-02 1.1158423E-02 1.3215030E-04 6.2152732E-04 6.2224519E-03 2.4805261E-05 6.0520685E-03 8.3323110E-02 3.6351705E-02 6.7272481E-05 1.8166652E+00 1.8730837E+01 -4.5691971E-02
2.6764000E+02 2.7427000E+02 8.6700000E+00 3.4000000E+02 9 5.4989344E+01 2.1667358E-01 5.2244585E-01 -3.2873117E-02 1.2212521E-02 1.1215470E-02 1.1144609E-02 1.2694707E-04 6.4876924E-04 6.2390110E-03 2.3828590E-05 6.0641678E-03 8.8415365E-02 3.6460489E-02 6.6965482E-05 1.7330884E+00 1.8815133E+01 -5.5079862E-02
2.6764000E+02 2.7427000E+02 8.6700000E+00 3.4500000E+02 9 5.4960842E+01 2.2919061E-01 5.4641226E-01 -3.2767812E-02 1.2534735E-02 1.1223352E-02 1.1155216E-02 1.2206401E-04 7.0590709E-04 6.4060045E-03 2.2912014E-05 6.2084116E-03 9.3444566E-02 3.7418963E-02 6.8315244E-05 1.6732733E+00 1.8874908E+01 -6.3184512E-02
2.6764000E+02 2.7427000E+02 8.6700000E+00 3.5000000E+02 9 5.4936445E+01 2.4082177E-01 5.6838742E-01 -3.2724418E-02 1.2967726E-02 1.1237850E-02 1.1172271E-02 1.1748316E-04 7.7092549E-04 6.6317407E-03 2.2052167E-05 6.4038033E-03 9.7642974E-02 3.8707143E-02 7.0215255E-05 1.6338318E+00 1.8914129E+01 -6.9338704E-02
2.6764000E+02 2.7427000E+02 8.6700000E+00 3.5500000E+02 9 5.4917366E+01 2.5050899E-01 5.8644650E-01 -3.2683987E-02 1.3400882E-02 1.1251354E-02 1.1188177E-02 1.1318103E-04 8.3119545E-04 6.8580364E-03 2.1244635E-05 6.5991941E-03 1.0086245E-01 3.9995819E-02 7.2099710E-05 1.6085378E+00 1.8939197E+01 -7.3707824E-02
2.6764000E+02 2.7427000E+02 8.6700000E+00 3.6000000E+02 9 5.4903216E+01 2.5808796E-01 6.0038300E-01 -3.2628559E-02 1.3781102E-02 1.1261126E-02 1.1200208E-02 1.0913352E-04 8.8148678E-04 7.0568505E-03 2.0484899E-05 6.7701439E-03 1.0321071E-01 4.1126993E-02 7.3724999E-05 1.5924858E+00 1.8955070E+01 -7.6690616E-02
2.6764000E+02 2.7427000E+02 8.6700000E+00 3.6500000E+02 9 5.4893038E+01 2.6381371E-01 6.1075667E-01 -3.2557816E-02 1.4092690E-02 1.1266784E-02 1.1207996E-02 1.0531809E-04 9.2056985E-04 7.2197529E-03 1.9768723E-05 6.9095619E-03 1.0487449E-01 4.2053993E-02 7.5029224E-05 1.5823040E+00 1.8965125E+01 -7.8684381E-02
2.6764000E+02 2.7427000E+02 8.6700000E+00 3.7000000E+02 9 5.4885821E+01 2.6807108E-01 6.1834666E-01 -3.2477271E-02 1.4339253E-02 1.1268947E-02 1.1212171E-02 1.0171442E-04 9.5002349E-04 7.3484731E-03 1.9092297E-05 7.0192633E-03 1.0603746E-01 4.2787573E-02 7.6036796E-05 1.5758054E+00 1.8971543E+01 -8.0006711E-02
2.6764000E+02 2.7427000E+02 8.6700000E+00 3.7500000E+02 9 5.4880710E+01 2.7123277E-01 6.2388547E-01 -3.2392947E-02 1.4531791E-02 1.1268515E-02 1.1213642E-02 9.8304574E-05 9.7199956E-04 7.4487053E-03 1.8452252E-05 7.1043949E-03 1.0684951E-01 4.3360466E-02 7.6802093E-05 1.5716036E+00 1.8975697E+01 -8.0886490E-02
2.6764000E+02 2.7427000E+02 8.6700000E+00 3.8000000E+02 9 5.4877057E+01 2.7360325E-01 6.2796221E-01 -3.2309502E-02 1.4682348E-02 1.1266331E-02 1.1213261E-02 9.5072742E-05 9.8845311E-04 7.5267723E-03 1.7845621E-05 7.1705027E-03 1.0742174E-01 4.3808496E-02 7.7381571E-05 1.5688341E+00 1.8978440E+01 -8.1479058E-02
2.6764000E+02 2.7427000E+02 8.6700000E+00 3.8500000E+02 9 5.4874402E+01 2.7541094E-01 6.3101290E-01 -3.2229924E-02 1.4801323E-02 1.1263064E-02 1.1211707E-02 9.2005030E-05 1.0009106E-03 7.5881729E-03 1.7269797E-05 7.2223332E-03 1.0783193E-01 4.4162594E-02 7.7822922E-05 1.5669621E+00 1.8980299E+01 -8.1886179E-02
2.6764000E+02 2.7427000E+02 8.6700000E+00 3.9000000E+02 9 5.4872429E+01 2.7681855E-01 6.3334473E-01 -3.2155831E-02 1.4896780E-02 1.1259198E-02 1.1209469E-02 8.9089167E-05 1.0105007E-03 7.6371870E-03 1.6722475E-05 7.2635478E-03 1.0813266E-01 4.4446740E-02 7.8162818E-05 1.5656578E+00 1.8981600E+01 -8.2173244E-02
2.6764000E+02 2.7427000E+02 8.6700000E+00 3.9500000E+02 9 5.4870926E+01 2.7793881E-01 6.3516831E-01 -3.2087875E-02 1.4974638E-02 1.1255057E-02 1.1206877E-02 8.6314262E-05 1.0180192E-03 7.6769600E-03 1.6201612E-05 7.2968248E-03 1.0835882E-01 4.4678532E-02 7.8428164E-05 1.5647164E+00 1.8982543E+01 -8.2381943E-02
2.6764000E+02 2.7427000E+02 8.6700000E+00 4.0000000E+02 9 5.4869753E+01 2.7884896E-01 6.3662638E-01 -3.2026113E-02 1.5039138E-02 1.1250844E-02 1.1204139E-02 8.3670592E-05 1.0240303E-03 7.7097451E-03 1.5705382E-05 7.3240811E-03 1.0853340E-01 4.4870579E-02 7.8638275E-05 1.5640109E+00 1.8983253E+01 -8.2538822E-02
2.6764000E+02 2.7427000E+02 8.6700000E+00 4.0500000E+02 9 5.4868817E+01 2.7960209E-01 6.3781583E-01 -3.1970261E-02 1.5093307E-02 1.1246673E-02 1.1201376E-02 8.1149420E-05 1.0289246E-03 7.7371460E-03 1.5232145E-05 7.3466874E-03 1.0867154E-01 4.5031880E-02 7.8806934E-05 1.5634609E+00 1.8983809E+01 -8.2660884E-02
2.6764000E+02 2.7427000E+02 8.6700000E+00 4.1000000E+02 9 5.4868054E+01 2.8023516E-01 6.3880317E-01 -3.1919869E-02 1.5139331E-02 1.1242601E-02 1.1198647E-02 7.8742854E-05 1.0329734E-03 7.7603141E-03 1.4780421E-05 7.3656367E-03 1.0878335E-01 4.5168932E-02 7.8944020E-05 1.5630153E+00 1.8984262E+01 -8.2759110E-02
2.6764000E+02 2.7427000E+02 8.6700000E+00 4.1200000E+02 9 5.4860738E+01 2.9458662E-01 6.6813043E-01 -3.1900555E-02 1.7357024E-02 1.2596059E-02 1.2552632E-02 7.7798080E-05 1.2318496E-03 8.8948731E-03 1.4603082E-05 8.4291614E-03 1.0882846E-01 5.1785461E-02 8.9112012E-05 1.5593404E+00 1.8985012E+01 -8.3210546E-02
2.6764000E+02 2.7427000E+02 8.6700000E+00 4.1700000E+02 9 5.4867747E+01 2.7985138E-01 6.3766493E-01 -3.1857009E-02 1.5017814E-02 1.1146264E-02 1.1104098E-02 7.5540817E-05 1.0079905E-03 7.6971242E-03 1.4179383E-05 7.3036906E-03 1.0890979E-01 4.4806184E-02 7.8693202E-05 1.5568523E+00 1.8990619E+01 -8.3703063E-02
2.6764000E+02 2.7427000E+02 8.6700000E+00 4.2200000E+02 9 5.4867243E+01 2.8030045E-01 6.3838132E-01 -3.1817698E-02 1.5055058E-02 1.1138417E-02 1.1097455E-02 7.3381916E-05 1.0228212E-03 7.7157840E-03 1.3774147E-05 7.3187892E-03 1.0898184E-01 4.4917039E-02 7.8385492E-05 1.5568125E+00 1.8991103E+01 -8.3748625E-02
2.6764000E+02 2.7427000E+02 8.6700000E+00 4.2700000E+02 9 5.4866691E+01 2.8093406E-01 6.3943255E-01 -3.1782153E-02 1.5120953E-02 1.1147286E-02 1.1107478E-02 7.1315577E-05 1.0325819E-03 7.7492833E-03 1.3386285E-05 7.3475736E-03 1.0904389E-01 4.5113335E-02 7.8577352E-05 1.5576821E+00 1.8990187E+01 -8.3639798E-02
2.6764000E+02 2.7427000E+02 8.6700000E+00 4.2900000E+02 9 5.4859405E+01 2.9537552E-01 6.6891057E-01 -3.1768509E-02 1.7356885E-02 1.2502688E-02 1.2463333E-02 7.0503493E-05 1.2349210E-03 8.8937350E-03 1.3233852E-05 8.4194097E-03 1.0907131E-01 5.1784135E-02 8.8840773E-05 1.5545912E+00 1.8990302E+01 -8.4004100E-02
2.6764000E+02 2.7427000E+02 8.6700000E+00 4.3000000E+02 9 5.4857171E+01 2.9977334E-01 6.7790180E-01 -3.1761826E-02 1.8034020E-02 1.2933289E-02 1.2894159E-02 7.0101020E-05 1.2820115E-03 9.2397855E-03 1.3158306E-05 8.7444421E-03 1.0908415E-01 5.3804573E-02 9.2370624E-05 1.5521941E+00 1.8991363E+01 -8.4315590E-02
2.6764000E+02 2.7427000E+02 8.6700000E+00 4.3500000E+02 9 5.4864891E+01 2.8393008E-01 6.4524538E-01 -3.1737525E-02 1.5541147E-02 1.1386637E-02 1.1348756E-02 6.7863998E-05 1.0469376E-03 7.9631087E-03 1.2738406E-05 7.5454690E-03 1.0912720E-01 4.6366715E-02 8.1072349E-05 1.5693778E+00 1.8976451E+01 -8.1860602E-02
2.6764000E+02 2.7427000E+02 8.6700000E+00 4.3600000E+02 9 5.4855122E+01 3.0346355E-01 6.8563207E-01 -3.1732829E-02 1.8600196E-02 1.3304238E-02 1.3266603E-02 6.7422575E-05 1.3511174E-03 9.5269804E-03 1.2655549E-05 9.0152896E-03 1.0914119E-01 5.5494395E-02 9.3512869E-05 1.5717313E+00 1.8971220E+01 -8.1419065E-02
2.6764000E+02 2.7427000E+02 8.6700000E+00 4.3700000E+02 9 5.4856927E+01 3.0371079E-01 6.8505968E-01 -3.1261887E-02 1.8673342E-02 1.3352234E-02 1.3314833E-02 6.7003823E-05 1.3296349E-03 9.5643985E-03 1.2576947E-05 9.0497606E-03 1.0875627E-01 5.5712502E-02 9.4822237E-05 1.5747225E+00 1.8966796E+01 -8.0750627E-02
2.6764000E+02 2.7427000E+02 8.6700000E+00 4.3800000E+02 9 5.4861696E+01 3.0331316E-01 6.8200877E-01 -3.0162945E-02 1.8719280E-02 1.3386802E-02 1.3349628E-02 6.6596307E-05 1.3152400E-03 9.5876898E-03 1.2500454E-05 9.0714477E-03 1.0783937E-01 5.5849546E-02 9.5579120E-05 1.5783398E+00 1.8962318E+01 -7.9768927E-02
2.6764000E+02 2.7427000E+02 8.6700000E+00 4.4300000E+02 9 5.4926485E+01 2.7767370E-01 6.0488217E-01 -1.7743847E-02 1.6040559E-02 1.1719964E-02 1.1683518E-02 6.5292270E-05 1.0650510E-03 8.2164187E-03 1.2255680E-05 7.7840212E-03 9.7378907E-02 4.7857112E-02 8.3755259E-05 1.6153425E+00 1.8927697E+01 -7.0131282E-02
2.6764000E+02 2.7427000E+02 8.6700000E+00 4.4400000E+02 9 5.4929609E+01 2.9399007E-01 6.3378842E-01 -1.5056987E-02 1.8904949E-02 1.3602282E-02 1.3565990E-02 6.5015969E-05 1.3296400E-03 9.6783236E-03 1.2203817E-05 9.1636146E-03 9.5120583E-02 5.6405279E-02 9.5531940E-05 1.6222425E+00 1.8917874E+01 -6.8157139E-02
2.6764000E+02 2.7427000E+02 8.6700000E+00 4.4500000E+02 9 5.4942340E+01 2.9215498E-01 6.2437720E-01 -1.2237283E-02 1.8909167E-02 1.3621609E-02 1.3585490E-02 6.4706911E-05 1.2957092E-03 9.6800929E-03 1.2145805E-05 9.1656280E-03 9.2745759E-02 5.6417935E-02 9.6581164E-05 1.6293686E+00 1.8909330E+01 -6.6187640E-02
2.6764000E+02 2.7427000E+02 8.6700000E+00 4.5000000E+02 9 5.5007034E+01 2.6813453E-01 5.5027351E-01 3.3857889E-04 1.6503273E-02 1.2126285E-02 1.2090942E-02 6.3314903E-05 1.0683217E-03 8.4482174E-03 1.1884519E-05 8.0091951E-03 8.2141961E-02 4.9239354E-02 8.6201755E-05 1.6823839E+00 1.8857528E+01 -5.5780268E-02
2.6764000E+02 2.7427000E+02 8.6700000E+00 4.5300000E+02 9 5.5034548E+01 2.7274541E-01 5.4659000E-01 7.4494055E-03 1.8014695E-02 1.3248136E-02 1.3213239E-02 6.2517708E-05 1.1541803E-03 9.2155858E-03 1.1734881E-05 8.7410496E-03 7.6151000E-02 5.3751472E-02 9.2885251E-05 1.7125962E+00 1.8824317E+01 -5.0218312E-02
2.6764000E+02 2.7427000E+02 8.6700000E+00 4.5400000E+02 9 5.5041085E+01 2.7915662E-01 5.5592811E-01 9.7709019E-03 1.9287186E-02 1.4230228E-02 1.4195477E-02 6.2256692E-05 1.1996264E-03 9.8610534E-03 1.1685887E-05 9.3586005E-03 7.4196722E-02 5.7550738E-02 9.8489775E-05 1.7220018E+00 1.8812829E+01 -4.8481064E-02
2.6764000E+02 2.7427000E+02 8.6700000E+00 4.5900000E+02 9 5.5101367E+01 2.5250195E-01 4.7912958E-01 2.0982953E-02 1.6331096E-02 1.2363323E-02 1.2329344E-02 6.0871753E-05 9.6455899E-04 8.3485667E-03 1.1425927E-05 7.9367105E-03 6.4743460E-02 4.8729804E-02 8.5560781E-05 1.7479086E+00 1.8790554E+01 -4.2655875E-02
2.6764000E+02 2.7427000E+02 8.6700000E+00 4.6400000E+02 9 5.5142563E+01 2.4421759E-01 4.4570438E-01 2.9830888E-02 1.6025691E-02 1.2368678E-02 1.2335406E-02 5.9606559E-05 9.0428443E-04 8.1860264E-03 1.1188444E-05 7.7956362E-03 5.7291914E-02 4.7820741E-02 8.3701530E-05 1.7705720E+00 1.8768546E+01 -3.8085674E-02
2.6764000E+02 2.7427000E+02 8.6700000E+00 4.6900000E+02 9 5.5173732E+01 2.3788597E-01 4.2042886E-01 3.6522717E-02 1.5788376E-02 1.2400873E-02 1.2368247E-02 5.8449448E-05 8.4984768E-04 8.0592187E-03 1.0971249E-05 7.6863001E-03 5.1661877E-02 4.7114405E-02 8.2570851E-05 1.7901321E+00 1.8748971E+01 -3.4637519E-02
2.6764000E+02 2.7427000E+02 8.6700000E+00 4.7400000E+02 9 5.5197069E+01 2.3296743E-01 4.0132728E-01 4.1517493E-02 1.5586628E-02 1.2441049E-02 1.2409021E-02 5.7376692E-05 8.0315838E-04 7.9512855E-03 1.0769887E-05 7.5933151E-03 4.7465394E-02 4.6513849E-02 8.1720139E-05 1.8053222E+00 1.8733586E+01 -3.2148374E-02
2.6764000E+02 2.7427000E+02 8.6700000E+00 4.7900000E+02 9 5.5214527E+01 2.2909842E-01 3.8682191E-01 4.5236660E-02 1.5409193E-02 1.2479973E-02 1.2448510E-02 5.6364190E-05 7.6452325E-04 7.8564536E-03 1.0579836E-05 7.5112722E-03 4.4346302E-02 4.5985523E-02 8.1005358E-05 1.8162317E+00 1.8722456E+01 -3.0394198E-02
2.6764000E+02 2.7427000E+02 8.6700000E+00 4.8100000E+02 9 5.5215134E+01 2.3883719E-01 4.0553668E-01 4.6545521E-02 1.7118637E-02 1.3840889E-02 1.3809648E-02 5.5967373E-05 8.1256167E-04 8.7235637E-03 1.0505351E-05 8.3407225E-03 4.3253702E-02 5.1089208E-02 8.9044977E-05 1.8161414E+00 1.8719585E+01 -3.0046151E-02
2.6764000E+02 2.7427000E+02 8.6700000E+00 4.8200000E+02 9 5.5216441E+01 2.4134301E-01 4.1009338E-01 4.7158289E-02 1.7598722E-02 1.4279395E-02 1.4248264E-02 5.5770837E-05 8.1485251E-04 8.9659808E-03 1.0468460E-05 8.5748312E-03 4.2742098E-02 5.2522899E-02 9.1706785E-05 1.8148351E+00 1.8719519E+01 -2.9979552E-02
2.6764000E+02 2.7427000E+02 8.6700000E+00 4.8700000E+02 9 5.5236453E+01 2.2152039E-01 3.6381759E-01 4.9593277E-02 1.4736944E-02 1.2264852E-02 1.2234313E-02 5.4709917E-05 6.9418826E-04 7.5080428E-03 1.0269321E-05 7.1909407E-03 4.0703078E-02 4.3980459E-02 7.8475427E-05 1.7976475E+00 1.8741857E+01 -3.0388207E-02
2.6764000E+02 2.7427000E+02 8.6700000E+00 4.9200000E+02 9 5.5245628E+01 2.1854548E-01 3.5439559E-01 5.1446865E-02 1.4482887E-02 1.2154745E-02 1.2124776E-02 5.3688381E-05 6.7880630E-04 7.3772250E-03 1.0077573E-05 7.0683237E-03 3.9159819E-02 4.3222417E-02 7.6715106E-05 1.7910937E+00 1.8749725E+01 -3.0315733E-02
2.6764000E+02 2.7427000E+02 8.6700000E+00 4.9700000E+02 9 5.5252495E+01 2.1667100E-01 3.4787108E-01 5.2880435E-02 1.4345560E-02 1.2089318E-02 1.2059901E-02 5.2699894E-05 6.7041776E-04 7.3072608E-03 9.8920293E-06 7.0005436E-03 3.7970988E-02 4.2812392E-02 7.5967465E-05 1.7894473E+00 1.8751758E+01 -3.0035471E-02
2.6764000E+02 2.7427000E+02 8.6700000E+00 5.0200000E+02 9 5.5257833E+01 2.1535493E-01 3.4300835E-01 5.4015644E-02 1.4259322E-02 1.2047324E-02 1.2018443E-02 5.1740145E-05 6.6345357E-04 7.2638191E-03 9.7118797E-06 6.9569476E-03 3.7033468E-02 4.2554789E-02 7.5587649E-05 1.7895722E+00 1.8751712E+01 -2.9727128E-02
2.6764000E+02 2.7427000E+02 8.6700000E+00 5.0500000E+02 9 5.5256863E+01 2.2220999E-01 3.5646929E-01 5.4609773E-02 1.5412876E-02 1.2892194E-02 1.2863629E-02 5.1173802E-05 7.0633972E-04 7.8517860E-03 9.6055743E-06 7.5129288E-03 3.6546954E-02 4.5997837E-02 8.1264527E-05 1.7819848E+00 1.8757270E+01 -3.0002388E-02
2.6764000E+02 2.7427000E+02 8.6700000E+00 5.0600000E+02 9 5.5254190E+01 2.2913081E-01 3.7102233E-01 5.4798840E-02 1.6538079E-02 1.3772129E-02 1.3743669E-02 5.0986044E-05 7.3253295E-04 8.4233489E-03 9.5703313E-06 8.0581457E-03 3.6394015E-02 4.9357130E-02 8.6502211E-05 1.7792620E+00 1.8758218E+01 -3.0167010E-02
2.6764000E+02 2.7427000E+02 8.6700000E+00 5.1100000E+02 9 5.5266689E+01 2.1080039E-01 3.3066183E-01 5.5619026E-02 1.3718388E-02 1.1730947E-02 1.1703028E-02 5.0016522E-05 6.2688641E-04 6.9890670E-03 9.3883472E-06 6.6923304E-03 3.5716288E-02 4.0939982E-02 7.3553604E-05 1.7609876E+00 1.8781413E+01 -3.1165264E-02
2.6764000E+02 2.7427000E+02 8.6700000E+00 5.1600000E+02 9 5.5270129E+01 2.0949825E-01 3.2647785E-01 5.6302186E-02 1.3577307E-02 1.1598204E-02 1.1570808E-02 4.9080632E-05 6.3038101E-04 6.9189962E-03 9.2126760E-06 6.6208348E-03 3.5158521E-02 4.0518410E-02 7.2335435E-05 1.7538362E+00 1.8789747E+01 -3.1474157E-02
2.6764000E+02 2.7427000E+02 8.6700000E+00 5.2100000E+02 9 5.5272770E+01 2.0889699E-01 3.2385651E-01 5.6877208E-02 1.3528341E-02 1.1516086E-02 1.1489190E-02 4.8184136E-05 6.3420660E-04 6.8962311E-03 9.0443993E-06 6.5934398E-03 3.4691428E-02 4.0371655E-02 7.2000180E-05 1.7519570E+00 1.8791953E+01 -3.1451831E-02
2.6764000E+02 2.7427000E+02 8.6700000E+00 5.2600000E+02 9 5.5274938E+01 2.0854928E-01 3.2193038E-01 5.7368892E-02 1.3509794E-02 1.1460274E-02 1.1433859E-02 4.7322913E-05 6.3578257E-04 6.8886638E-03 8.8827436E-06 6.5811417E-03 3.4293878E-02 4.0315809E-02 7.1923560E-05 1.7518147E+00 1.8792160E+01 -3.1332981E-02
2.6764000E+02 2.7427000E+02 8.6700000E+00 5.3100000E+02 9 5.5276795E+01 2.0828113E-01 3.2033350E-01 5.7794808E-02 1.3498163E-02 1.1417853E-02 1.1391903E-02 4.6489873E-05 6.3527406E-04 6.8842017E-03 8.7263778E-06 6.5727089E-03 3.3951062E-02 4.0280740E-02 7.1901207E-05 1.7518806E+00 1.8792087E+01 -3.1211093E-02
2.6764000E+02 2.7427000E+02 8.6700000E+00 5.3600000E+02 9 5.5278420E+01 2.0803609E-01 3.1892238E-01 5.8167686E-02 1.3486169E-02 1.1382067E-02 1.1356568E-02 4.5679600E-05 6.3366941E-04 6.8792065E-03 8.5742856E-06 6.5645316E-03 3.3652291E-02 4.0244687E-02 7.1872243E-05 1.7517966E+00 1.8792155E+01 -3.1112331E-02
2.6764000E+02 2.7427000E+02 8.6700000E+00 5.4100000E+02 9 5.5279859E+01 2.0780296E-01 3.1764489E-01 5.8497000E-02 1.3472680E-02 1.1349630E-02 1.1324574E-02 4.4889008E-05 6.3162732E-04 6.8732114E-03 8.4258875E-06 6.5559297E-03 3.3389623E-02 4.0204237E-02 7.1826303E-05 1.7515044E+00 1.8792438E+01 -3.1039560E-02
2.6764000E+02 2.7427000E+02 8.6700000E+00 5.4600000E+02 9 5.5281142E+01 2.0758359E-01 3.1648201E-01 5.8789993E-02 1.3458391E-02 1.1319116E-02 1.1294490E-02 4.4116587E-05 6.2959816E-04 6.8666651E-03 8.2809004E-06 6.5471280E-03 3.3156987E-02 4.0161432E-02 7.1767891E-05 1.7510690E+00 1.8792874E+01 -3.0987667E-02
2.6764000E+02 2.7427000E+02 8.6700000E+00 5.5100000E+02 9 5.5282289E+01 2.0738169E-01 3.1542406E-01 5.9052337E-02 1.3444180E-02 1.1289984E-02 1.1265779E-02 4.3361625E-05 6.2771891E-04 6.8600807E-03 8.1391903E-06 6.5384754E-03 3.2949629E-02 4.0118879E-02 7.1703502E-05 1.7505616E+00 1.8793388E+01 -3.0950856E-02
2.6764000E+02 2.7427000E+02 8.6700000E+00 5.5600000E+02 9 5.5283320E+01 2.0719886E-01 3.1446252E-01 5.9288567E-02 1.3430643E-02 1.1262061E-02 1.1238268E-02 4.2623711E-05 6.2608848E-04 6.8538023E-03 8.0006802E-06 6.5302126E-03 3.2763754E-02 4.0078342E-02 7.1637960E-05 1.7499844E+00 1.8793974E+01 -3.0925484E-02
2.6764000E+02 2.7427000E+02 8.6700000E+00 5.6100000E+02 9 5.5284249E+01 2.0703527E-01 3.1358870E-01 5.9502366E-02 1.3418090E-02 1.1235296E-02 1.1211906E-02 4.1902502E-05 6.2467963E-04 6.8480107E-03 7.8653058E-06 6.5224660E-03 3.2596282E-02 4.0040749E-02 7.1574115E-05 1.7493760E+00 1.8794593E+01 -3.0908169E-02
2.6764000E+02 2.7427000E+02 8.6700000E+00 5.6600000E+02 9 5.5285090E+01 2.0688992E-01 3.1279361E-01 5.9696762E-02 1.3406624E-02 1.1209656E-02 1.1186660E-02 4.1197641E-05 6.2343398E-04 6.8427678E-03 7.7329998E-06 6.5152743E-03 3.2444685E-02 4.0006405E-02 7.1513342E-05 1.7487682E+00 1.8795211E+01 -3.0896516E-02
2.6764000E+02 2.7427000E+02 8.6700000E+00 5.7100000E+02 9 5.5285853E+01 2.0676102E-01 3.1206857E-01 5.9874267E-02 1.3396228E-02 1.1185100E-02 1.1162488E-02 4.0508734E-05 6.2236055E-04 6.8380678E-03 7.6036887E-06 6.5086235E-03 3.2306869E-02 3.9975251E-02 7.1456126E-05 1.7481697E+00 1.8795819E+01 -3.0889150E-02
2.6764000E+02 2.7427000E+02 8.6700000E+00 5.7600000E+02 9 5.5286549E+01 2.0664679E-01 3.1140558E-01 6.0036984E-02 1.3386826E-02 1.1161566E-02 1.1139330E-02 3.9835364E-05 6.2143332E-04 6.8338741E-03 7.4772937E-06 6.5024773E-03 3.2181084E-02 3.9947071E-02 7.1402499E-05 1.7475843E+00 1.8796413E+01 -3.0885158E-02
2.6764000E+02 2.7427000E+02 8.6700000E+00 5.8100000E+02 9 5.5287186E+01 2.0654557E-01 3.1079753E-01 6.0186683E-02 1.3378329E-02 1.1138987E-02 1.1117119E-02 3.9177097E-05 6.2062888E-04 6.8301387E-03 7.3537338E-06 6.4967926E-03 3.2065858E-02 3.9921592E-02 7.1352282E-05 1.7470136E+00 1.8796992E+01 -3.0883907E-02
2.6764000E+02 2.7427000E+02 8.6700000E+00 5.8200000E+02 9 5.5279282E+01 2.2263454E-01 3.4449429E-01 6.0216116E-02 1.5915858E-02 1.2921488E-02 1.2899692E-02 3.9046045E-05 7.2219781E-04 8.1241505E-03 7.3291346E-06 7.7208933E-03 3.2048321E-02 4.7495716E-02 8.2527983E-05 1.7446953E+00 1.8796155E+01 -3.1021247E-02
2.6764000E+02 2.7427000E+02 8.6700000E+00 5.8700000E+02 9 5.5288002E+01 2.0622051E-01 3.0975690E-01 6.0355667E-02 1.3339853E-02 1.1107196E-02 1.1085899E-02 3.8154452E-05 6.1483036E-04 6.8109701E-03 7.1617784E-06 6.4762781E-03 3.1938347E-02 3.9806637E-02 7.1416708E-05 1.7446256E+00 1.8799159E+01 -3.1000039E-02
2.6764000E+02 2.7427000E+02 8.6700000E+00 5.9200000E+02 9 5.5288420E+01 2.0643015E-01 3.0979142E-01 6.0491107E-02 1.3377225E-02 1.1106637E-02 1.1085814E-02 3.7304284E-05 6.1973274E-04 6.8306168E-03 7.0021975E-06 6.4924655E-03 3.1836334E-02 3.9918077E-02 7.1166034E-05 1.7468927E+00 1.8797221E+01 -3.0814776E-02
2.6764000E+02 2.7427000E+02 8.6700000E+00 5.9700000E+02 9 5.5288790E+01 2.0669753E-01 3.0989927E-01 6.0621993E-02 1.3419720E-02 1.1103434E-02 1.1083092E-02 3.6442347E-05 6.2264408E-04 6.8531019E-03 6.8404078E-06 6.5108398E-03 3.1738490E-02 4.0044724E-02 7.1272470E-05 1.7491681E+00 1.8794887E+01 -3.0623666E-02
2.6764000E+02 2.7427000E+02 8.6700000E+00 6.0200000E+02 9 5.5289159E+01 2.0691254E-01 3.0991258E-01 6.0746507E-02 1.3453152E-02 1.1096035E-02 1.1076184E-02 3.5563955E-05 6.2355069E-04 6.8708660E-03 6.6755292E-06 6.5249351E-03 3.1646052E-02 4.0144355E-02 7.1414224E-05 1.7510391E+00 1.8792905E+01 -3.0471698E-02
2.6764000E+02 2.7427000E+02 8.6700000E+00 6.0700000E+02 9 5.5289535E+01 2.0705365E-01 3.0981029E-01 6.0863475E-02 1.3475398E-02 1.1085160E-02 1.1065799E-02 3.4685008E-05 6.2357041E-04 6.8827789E-03 6.5105466E-06 6.5338007E-03 3.1559746E-02 4.0210639E-02 7.1518490E-05 1.7520975E+00 1.8791757E+01 -3.0370133E-02
2.6764000E+02 2.7427000E+02 8.6700000E+00 6.1200000E+02 9 5.5289909E+01 2.0713424E-01 3.0961942E-01 6.0972562E-02 1.3488525E-02 1.1071803E-02 1.1052926E-02 3.3818671E-05 6.2295341E-04 6.8899311E-03 6.3479309E-06 6.5384082E-03 3.1479695E-02 4.0249731E-02 7.1578927E-05 1.7525936E+00 1.8791202E+01 -3.0307870E-02
2.6764000E+02 2.7427000E+02 8.6700000E+00 6.1700000E+02 9 5.5290273E+01 2.0717278E-01 3.0937380E-01 6.1073998E-02 1.3495320E-02 1.1056826E-02 1.1038421E-02 3.2972369E-05 6.2219260E-04 6.8937902E-03 6.1890759E-06 6.5400585E-03 3.1405638E-02 4.0269935E-02 7.1605967E-05 1.7527027E+00 1.8791058E+01 -3.0273618E-02
2.6764000E+02 2.7427000E+02 8.6700000E+00 6.2200000E+02 9 5.5290623E+01 2.0718527E-01 3.0910108E-01 6.1168292E-02 1.3498139E-02 1.1040906E-02 1.1022960E-02 3.2149445E-05 6.2157647E-04 6.8955924E-03 6.0346090E-06 6.5398536E-03 3.1337129E-02 4.0278272E-02 7.1611362E-05 1.7525688E+00 1.8791175E+01 -3.0257876E-02
2.6764000E+02 2.7427000E+02 8.6700000E+00 6.2700000E+02 9 5.5290954E+01 2.0718355E-01 3.0881999E-01 6.1256055E-02 1.3498641E-02 1.1024539E-02 1.1007039E-02 3.1351015E-05 6.2107023E-04 6.8962036E-03 5.8847397E-06 6.5385730E-03 3.1273663E-02 4.0279689E-02 7.1604035E-05 1.7522878E+00 1.8791449E+01 -3.0253911E-02
2.6764000E+02 2.7427000E+02 8.6700000E+00 6.3200000E+02 9 5.5291266E+01 2.0717499E-01 3.0854193E-01 6.1337900E-02 1.3497890E-02 1.1008070E-02 1.0991002E-02 3.0577147E-05 6.2066641E-04 6.8961758E-03 5.7394808E-06 6.5367206E-03 3.1214745E-02 4.0277362E-02 7.1589799E-05 1.7519232E+00 1.8791814E+01 -3.0257237E-02
2.6764000E+02 2.7427000E+02 8.6700000E+00 6.3700000E+02 9 5.5291557E+01 2.0716380E-01 3.0827299E-01 6.1414395E-02 1.3496513E-02 1.0991716E-02 1.0975067E-02 2.9827468E-05 6.2035484E-04 6.8958321E-03 5.5987625E-06 6.5345954E-03 3.1159918E-02 4.0273164E-02 7.1572094E-05 1.7515140E+00 1.8792226E+01 -3.0265069E-02
2.6764000E+02 2.7427000E+02 8.6700000E+00 6.4200000E+02 9 5.5291831E+01 2.0715221E-01 3.0801597E-01 6.1486052E-02 1.3494861E-02 1.0975607E-02 1.0959363E-02 2.9101438E-05 6.2012942E-04 6.8953521E-03 5.4624831E-06 6.5323652E-03 3.1108773E-02 4.0268141E-02 7.1552828E-05 1.7510829E+00 1.8792662E+01 -3.0275741E-02
2.6764000E+02 2.7427000E+02 8.6700000E+00 6.4700000E+02 9 5.5292086E+01 2.0714146E-01 3.0777188E-01 6.1553324E-02 1.3493126E-02 1.0959808E-02 1.0943956E-02 2.8398451E-05 6.1995687E-04 6.8948331E-03 5.3305289E-06 6.5301232E-03 3.1060951E-02 4.0262868E-02 7.1533022E-05 1.7506419E+00 1.8793109E+01 -3.0288258E-02
2.6764000E+02 2.7427000E+02 8.6700000E+00 6.5000000E+02 9 5.5288339E+01 2.1495115E-01 3.2390172E-01 6.1592198E-02 1.4718522E-02 1.1786487E-02 1.1770866E-02 2.7984819E-05 6.7038532E-04 7.5213854E-03 5.2528881E-06 7.1188171E-03 3.1036184E-02 4.3919924E-02 7.7472986E-05 1.7418799E+00 1.8799903E+01 -3.0796264E-02
