x y z_datum Time Well_no H2O H O Charge Al C Ca Cl Fe K Mg Na S Si U pH pe Alkalinity
2.6764000E+02 2.7427000E+02 8.6700000E+00 0.0000000E+00 9 9.9704301E-01 7.2098600E-06 6.6484776E-04 -3.2324431E-06 0.0000000E+00 1.0067647E-04 6.3262499E-05 4.3211171E-04 0.0000000E+00 2.8240956E-04 5.5605061E-05 2.2967748E-04 1.4127542E-04 0.0000000E+00 0.0000000E+00 7.0300000E+00 -2.2001569E+00 7.1999443E-03
2.6764000E+02 2.7427000E+02 8.6700000E+00 5.0000000E+00 9 5.5325254E+01 2.1820620E-02 6.7128251E-02 -2.9831393E-03 0.0000000E+00 7.0333120E-03 1.3245093E-03 1.0227224E-02 0.0000000E+00 6.0608875E-03 1.9197002E-03 8.3829702E-03 1.1741401E-02 0.0000000E+00 0.0000000E+00 3.6922513E+00 1.6695049E+01 -3.1575935E-04
2.6764000E+02 2.7427000E+02 8.6700000E+00 1.0000000E+01 9 5.5305048E+01 3.7804472E-02 1.1233746E-01 -2.6817741E-03 1.1170608E-03 7.4652072E-03 3.0796659E-03 7.8566232E-03 3.9607914E-05 5.2094061E-03 1.4747268E-03 6.9971392E-03 2.0614946E-02 3.3396715E-03 6.4985568E-06 2.3288022E+00 1.8132665E+01 -8.8706482E-03
2.6764000E+02 2.7427000E+02 8.6700000E+00 1.5000000E+01 9 5.5283112E+01 6.1429858E-02 1.5948661E-01 -2.4318630E-03 2.6390334E-03 7.7165326E-03 4.4283229E-03 5.8907722E-03 1.0141170E-04 4.8061038E-03 1.1057269E-03 6.1363401E-03 2.7974231E-02 7.8859660E-03 1.5649590E-05 2.1227929E+00 1.8373434E+01 -1.5206207E-02
2.6764000E+02 2.7427000E+02 8.6700000E+00 2.0000000E+01 9 5.5264966E+01 8.2456109E-02 1.9875702E-01 -2.2433396E-03 4.0574093E-03 7.8799045E-03 5.4194805E-03 4.4078081E-03 1.6382643E-04 4.6407408E-03 8.2736725E-04 5.6160846E-03 3.3526217E-02 1.2121732E-02 2.4449021E-05 2.0377202E+00 1.8477744E+01 -1.9298562E-02
2.6764000E+02 2.7427000E+02 8.6700000E+00 2.5000000E+01 9 5.5251226E+01 9.8900435E-02 2.2876757E-01 -2.1070053E-03 5.2018147E-03 8.0098239E-03 6.1480287E-03 3.3353746E-03 2.1600049E-04 4.5830050E-03 6.2606621E-04 5.2955326E-03 3.7541554E-02 1.5538669E-02 3.1725590E-05 1.9956775E+00 1.8531152E+01 -2.1884021E-02
2.6764000E+02 2.7427000E+02 8.6700000E+00 3.0000000E+01 9 5.5241275E+01 1.1097267E-01 2.5080377E-01 -2.0102565E-03 6.0708570E-03 8.1285391E-03 6.6915571E-03 2.5743290E-03 2.5630248E-04 4.5717882E-03 4.8321421E-04 5.0946469E-03 4.0391224E-02 1.8133095E-02 3.7331207E-05 1.9732898E+00 1.8560537E+01 -2.3499380E-02
2.6764000E+02 2.7427000E+02 8.6700000E+00 3.5000000E+01 9 5.5234162E+01 1.1966198E-01 2.6676970E-01 -1.9418574E-03 6.7125584E-03 8.2427312E-03 7.1060821E-03 2.0362876E-03 2.8561109E-04 4.5781023E-03 3.8222119E-04 4.9654178E-03 4.2406022E-02 2.0048669E-02 4.1496118E-05 1.9610910E+00 1.8577176E+01 -2.4504667E-02
2.6764000E+02 2.7427000E+02 8.6700000E+00 4.0000000E+01 9 5.5229075E+01 1.2589338E-01 2.7834911E-01 -1.8931232E-03 7.1819779E-03 8.3528461E-03 7.4301836E-03 1.6529341E-03 3.0653622E-04 4.5888947E-03 3.1026387E-04 4.8791457E-03 4.3841670E-02 2.1449905E-02 4.4542371E-05 1.9543088E+00 1.8586853E+01 -2.5135389E-02
2.6764000E+02 2.7427000E+02 8.6700000E+00 4.5000000E+01 9 5.5225395E+01 1.3039631E-01 2.8684182E-01 -1.8578234E-03 7.5265697E-03 8.4575636E-03 7.6898987E-03 1.3752587E-03 3.2129565E-04 4.5989572E-03 2.5814281E-04 4.8189575E-03 4.4881638E-02 2.2478526E-02 4.6767147E-05 1.9505073E+00 1.8592594E+01 -2.5537514E-02
2.6764000E+02 2.7427000E+02 8.6700000E+00 5.0000000E+01 9 5.5222686E+01 1.3370028E-01 2.9318381E-01 -1.8316794E-03 7.7826401E-03 8.5555953E-03 7.9027254E-03 1.1696053E-03 3.3178052E-04 4.6066723E-03 2.1954066E-04 4.7749847E-03 4.5651926E-02 2.3242932E-02 4.8405936E-05 1.9483549E+00 1.8596083E+01 -2.5800329E-02
2.6764000E+02 2.7427000E+02 8.6700000E+00 5.5000000E+01 9 5.5220646E+01 1.3617336E-01 2.9802339E-01 -1.8118240E-03 7.9762763E-03 8.6461988E-03 8.0805119E-03 1.0134184E-03 3.3933453E-04 4.6118986E-03 1.9022361E-04 4.7414063E-03 4.6236984E-02 2.3820995E-02 4.9631367E-05 1.9471225E+00 1.8598261E+01 -2.5977633E-02
2.6764000E+02 2.7427000E+02 8.6700000E+00 6.0000000E+01 9 5.5219074E+01 1.3806538E-01 3.0180111E-01 -1.7963551E-03 8.1256188E-03 8.7291734E-03 8.2314087E-03 8.9173696E-04 3.4494034E-04 4.6150024E-03 1.6738341E-04 4.7147279E-03 4.6692827E-02 2.4266858E-02 5.0564822E-05 1.9464116E+00 1.8599658E+01 -2.6101729E-02
2.6764000E+02 2.7427000E+02 8.6700000E+00 6.5000000E+01 9 5.5217835E+01 1.3954498E-01 3.0481479E-01 -1.7840105E-03 8.2431107E-03 8.8047040E-03 8.3611430E-03 7.9463207E-04 3.4915966E-04 4.6164527E-03 1.4915635E-04 4.6928036E-03 4.7056633E-02 2.4617655E-02 5.1289912E-05 1.9460186E+00 1.8600560E+01 -2.6191822E-02
2.6764000E+02 2.7427000E+02 8.6700000E+00 6.6000000E+01 9 5.5211388E+01 1.5228725E-01 3.3455233E-01 -1.7816575E-03 1.0380271E-02 1.0794430E-02 1.0361201E-02 7.7612202E-04 4.3689401E-04 5.6784062E-03 1.4568192E-04 5.7279327E-03 4.7132505E-02 3.1001259E-02 6.2695925E-05 1.9419207E+00 1.8599701E+01 -2.6394097E-02
2.6764000E+02 2.7427000E+02 8.6700000E+00 6.7000000E+01 9 5.5211356E+01 1.5216900E-01 3.3420786E-01 -1.7794119E-03 1.0335427E-02 1.0757078E-02 1.0333709E-02 7.5845734E-04 4.2487499E-04 5.6456282E-03 1.4236617E-04 5.6911124E-03 4.7199650E-02 3.0867109E-02 6.3884200E-05 1.9348025E+00 1.8605256E+01 -2.6777205E-02
2.6764000E+02 2.7427000E+02 8.6700000E+00 7.2000000E+01 9 5.5213147E+01 1.4105650E-01 3.0825292E-01 -1.7322922E-03 8.1409283E-03 8.7388477E-03 8.3560670E-03 6.8574521E-04 3.3706354E-04 4.4997134E-03 1.2871775E-04 4.5543017E-03 4.8122300E-02 2.4312515E-02 5.1272831E-05 1.9094309E+00 1.8744702E+01 -2.8508486E-02
2.6764000E+02 2.7427000E+02 8.6700000E+00 7.7000000E+01 9 5.5207400E+01 1.4414152E-01 3.1488480E-01 -1.6807516E-03 8.3027640E-03 8.8057669E-03 8.4569766E-03 6.2485187E-04 3.6033766E-04 4.5463411E-03 1.1728777E-04 4.5821001E-03 4.9118132E-02 2.4795179E-02 5.8584541E-05 1.8955491E+00 1.8815709E+01 -2.9582350E-02
2.6764000E+02 2.7427000E+02 8.6700000E+00 8.2000000E+01 9 5.5202338E+01 1.4717377E-01 3.2127740E-01 -1.6372367E-03 8.5005136E-03 8.8903190E-03 8.5704076E-03 5.7311577E-04 3.8129147E-04 4.6168338E-03 1.0757665E-04 4.6345567E-03 4.9964067E-02 2.5384940E-02 6.8992449E-05 1.8880962E+00 1.8854243E+01 -3.0239438E-02
2.6764000E+02 2.7427000E+02 8.6700000E+00 8.7000000E+01 9 5.5198355E+01 1.4970385E-01 3.2657826E-01 -1.6035371E-03 8.6786900E-03 8.9700894E-03 8.6750127E-03 5.2862481E-04 3.9828742E-04 4.6814771E-03 9.9225476E-05 4.6837120E-03 5.0628391E-02 2.5916363E-02 7.8920454E-05 1.8840025E+00 1.8876626E+01 -3.0651409E-02
2.6764000E+02 2.7427000E+02 8.6700000E+00 9.1000000E+01 9 5.5194316E+01 1.5440511E-01 3.3696417E-01 -1.5822350E-03 9.3061063E-03 9.4619403E-03 9.1845663E-03 4.9691088E-04 4.3332949E-04 4.9796084E-03 9.3272616E-05 4.9636697E-03 5.1059835E-02 2.7789522E-02 9.1729270E-05 1.8738089E+00 1.8895998E+01 -3.1361723E-02
2.6764000E+02 2.7427000E+02 8.6700000E+00 9.2000000E+01 9 5.5188877E+01 1.6453211E-01 3.6015831E-01 -1.5772495E-03 1.0965971E-02 1.0930226E-02 1.0657148E-02 4.8921377E-04 5.1207927E-04 5.8102203E-03 9.1827830E-05 5.7708895E-03 5.1174467E-02 3.2746788E-02 1.1030820E-04 1.8680367E+00 1.8902507E+01 -3.1701947E-02
2.6764000E+02 2.7427000E+02 8.6700000E+00 9.7000000E+01 9 5.5188249E+01 1.5318849E-01 3.3517164E-01 -2.1777505E-03 8.7146972E-03 8.9439324E-03 8.6896904E-03 4.5547032E-04 4.0263336E-04 4.6571683E-03 8.5494018E-05 4.6401103E-03 5.2521577E-02 2.6023146E-02 9.2345798E-05 1.8504583E+00 1.8937289E+01 -3.3359597E-02
2.6764000E+02 2.7427000E+02 8.6700000E+00 1.0200000E+02 9 5.5179944E+01 1.5652615E-01 3.4349194E-01 -2.8797206E-03 8.8914528E-03 9.0078457E-03 8.7702399E-03 4.2566686E-04 4.2776487E-04 4.7302120E-03 7.9899763E-05 4.7001171E-03 5.3954541E-02 2.6550170E-02 9.8008833E-05 1.8395192E+00 1.8960843E+01 -3.4541470E-02
2.6764000E+02 2.7427000E+02 8.6700000E+00 1.0700000E+02 9 5.5172917E+01 1.5960850E-01 3.5097143E-01 -3.4728608E-03 9.0832908E-03 9.0810550E-03 8.8582371E-03 3.9917456E-04 4.4797055E-04 4.8129031E-03 7.4927029E-05 4.7701091E-03 5.5147181E-02 2.7122190E-02 1.0443043E-04 1.8333252E+00 1.8975824E+01 -3.5330084E-02
2.6764000E+02 2.7427000E+02 8.6700000E+00 1.1200000E+02 9 5.5167505E+01 1.6211182E-01 3.5695851E-01 -3.9229729E-03 9.2501599E-03 9.1471078E-03 8.9375092E-03 3.7549240E-04 4.6408602E-04 4.8843198E-03 7.0481770E-05 4.8306239E-03 5.6062810E-02 2.7619801E-02 1.1008669E-04 1.8297273E+00 1.8985416E+01 -3.5855764E-02
2.6764000E+02 2.7427000E+02 8.6700000E+00 1.1700000E+02 9 5.5163488E+01 1.6405325E-01 3.6155003E-01 -4.2488691E-03 9.3849235E-03 9.2028298E-03 9.0051079E-03 3.5421549E-04 4.7623548E-04 4.9405857E-03 6.6487989E-05 4.8778882E-03 5.6744561E-02 2.8021712E-02 1.1467237E-04 1.8275946E+00 1.8991642E+01 -3.6207776E-02
2.6764000E+02 2.7427000E+02 8.6700000E+00 1.2200000E+02 9 5.5160543E+01 1.6553639E-01 3.6502458E-01 -4.4797848E-03 9.4907925E-03 9.2489551E-03 9.0619522E-03 3.3501259E-04 4.8524712E-04 4.9831923E-03 6.2883511E-05 4.9131180E-03 5.7248328E-02 2.8337482E-02 1.1825906E-04 1.8262933E+00 1.8995767E+01 -3.6446742E-02
2.6764000E+02 2.7427000E+02 8.6700000E+00 1.2400000E+02 9 5.5154295E+01 1.7655296E-01 3.8966952E-01 -4.5588624E-03 1.1254311E-02 1.0681117E-02 1.0498227E-02 3.2764377E-04 5.8270995E-04 5.8692657E-03 6.1500346E-05 5.7676961E-03 5.7443871E-02 3.3603113E-02 1.4094992E-04 1.8170019E+00 1.9004795E+01 -3.7079504E-02
2.6764000E+02 2.7427000E+02 8.6700000E+00 1.2500000E+02 9 5.5152354E+01 1.7973981E-01 3.9694230E-01 -4.5953150E-03 1.1759166E-02 1.1127539E-02 1.0946664E-02 3.2403510E-04 5.9738737E-04 6.1213373E-03 6.0822981E-05 6.0119399E-03 5.7533752E-02 3.5110789E-02 1.4893834E-04 1.8107185E+00 1.9010993E+01 -3.7544679E-02
2.6764000E+02 2.7427000E+02 8.6700000E+00 1.3000000E+02 9 5.5158053E+01 1.6578877E-01 3.6605645E-01 -4.7203140E-03 9.3940469E-03 9.1823871E-03 9.0094913E-03 3.0973979E-04 4.7137789E-04 4.9191154E-03 5.8139683E-05 4.8453689E-03 5.7801876E-02 2.8048455E-02 1.2133422E-04 1.8121269E+00 1.9012836E+01 -3.7667151E-02
2.6764000E+02 2.7427000E+02 8.6700000E+00 1.3100000E+02 9 5.5150490E+01 1.8051432E-01 3.9897787E-01 -4.7433602E-03 1.1803769E-02 1.1148884E-02 1.0977528E-02 3.0698255E-04 6.2245578E-04 6.1339687E-03 5.7622135E-05 6.0194386E-03 5.7879115E-02 3.5243810E-02 1.4820320E-04 1.8086152E+00 1.9015403E+01 -3.7838017E-02
2.6764000E+02 2.7427000E+02 8.6700000E+00 1.3200000E+02 9 5.5150308E+01 1.8044945E-01 3.9875236E-01 -4.7646795E-03 1.1771023E-02 1.1121753E-02 1.0951910E-02 3.0427053E-04 6.0240132E-04 6.1161836E-03 5.7113075E-05 6.0007568E-03 5.7934321E-02 3.5145788E-02 1.5125027E-04 1.8048327E+00 1.9019018E+01 -3.8114359E-02
2.6764000E+02 2.7427000E+02 8.6700000E+00 1.3700000E+02 9 5.5148622E+01 1.6818697E-01 3.7316402E-01 -6.1797697E-03 9.4107967E-03 9.1901377E-03 9.0273279E-03 2.9167090E-04 4.7570149E-04 4.9172289E-03 5.4748063E-05 4.8382174E-03 5.9682289E-02 2.8098155E-02 1.2291412E-04 1.7942739E+00 1.9011734E+01 -3.9675423E-02
2.6764000E+02 2.7427000E+02 8.6700000E+00 1.4200000E+02 9 5.5137861E+01 1.7204659E-01 3.8334780E-01 -7.8107221E-03 9.6365429E-03 9.3059575E-03 9.1496843E-03 2.7996066E-04 5.0250659E-04 5.0258364E-03 5.2549993E-05 4.9368708E-03 6.1688757E-02 2.8771493E-02 1.2118182E-04 1.7879991E+00 1.8989648E+01 -4.0853486E-02
2.6764000E+02 2.7427000E+02 8.6700000E+00 1.4700000E+02 9 5.5128541E+01 1.7564341E-01 3.9256253E-01 -9.2011662E-03 9.8704688E-03 9.4247863E-03 9.2745972E-03 2.6906126E-04 5.1985535E-04 5.1391262E-03 5.0504122E-05 5.0400860E-03 6.3397994E-02 2.9469208E-02 1.1765883E-04 1.7847099E+00 1.8961493E+01 -4.1685087E-02
2.6764000E+02 2.7427000E+02 8.6700000E+00 1.5200000E+02 9 5.5121277E+01 1.7854292E-01 3.9990036E-01 -1.0271793E-02 1.0066570E-02 9.5257106E-03 9.3811935E-03 2.5889976E-04 5.3128033E-04 5.2333786E-03 4.8596759E-05 5.1259006E-03 6.4719781E-02 3.0054138E-02 1.1217176E-04 1.7828290E+00 1.8932122E+01 -4.2271252E-02
2.6764000E+02 2.7427000E+02 8.6700000E+00 1.5700000E+02 9 5.5115856E+01 1.8075922E-01 4.0546530E-01 -1.1060609E-02 1.0219656E-02 9.6061452E-03 9.4669243E-03 2.4941188E-04 5.3869486E-04 5.3059270E-03 4.6815837E-05 5.1917400E-03 6.5702064E-02 3.0510792E-02 1.0577964E-04 1.7816866E+00 1.8904157E+01 -4.2683891E-02
2.6764000E+02 2.7427000E+02 8.6700000E+00 1.6200000E+02 9 5.5111878E+01 1.8242191E-01 4.0961025E-01 -1.1630444E-02 1.0336084E-02 9.6687747E-03 9.5345058E-03 2.4054044E-04 5.4317092E-04 5.3600347E-03 4.5150623E-05 5.2405564E-03 6.6421076E-02 3.0858120E-02 9.9391537E-05 1.7809519E+00 1.8879178E+01 -4.2975679E-02
2.6764000E+02 2.7427000E+02 8.6700000E+00 1.6700000E+02 9 5.5108963E+01 1.8366745E-01 4.1269547E-01 -1.2040139E-02 1.0424255E-02 9.7173712E-03 9.5877390E-03 2.3223389E-04 5.4606686E-04 5.4000024E-03 4.3591444E-05 5.2763003E-03 6.6947521E-02 3.1121171E-02 9.3563384E-05 1.7804562E+00 1.8857957E+01 -4.3184547E-02
2.6764000E+02 2.7427000E+02 8.6700000E+00 1.6800000E+02 9 5.5100956E+01 1.9887737E-01 4.4631847E-01 -1.2116131E-02 1.2886520E-02 1.1663821E-02 1.1535103E-02 2.3059477E-04 7.0055616E-04 6.6438754E-03 4.3283773E-05 6.4748190E-03 6.7054374E-02 3.8472848E-02 1.0751872E-04 1.7761561E+00 1.8855035E+01 -4.3435048E-02
2.6764000E+02 2.7427000E+02 8.6700000E+00 1.6900000E+02 9 5.5100614E+01 1.9876710E-01 4.4599210E-01 -1.2186616E-02 1.2837377E-02 1.1625107E-02 1.1497292E-02 2.2897745E-04 6.7054611E-04 6.6183904E-03 4.2980194E-05 6.4491158E-03 6.7146881E-02 3.8325896E-02 1.0745084E-04 1.7712764E+00 1.8854684E+01 -4.3841300E-02
2.6764000E+02 2.7427000E+02 8.6700000E+00 1.7400000E+02 9 5.5115623E+01 1.7551445E-01 4.0636431E-01 -1.7192638E-02 1.0272953E-02 9.6183278E-03 9.4947482E-03 2.2139080E-04 5.2073085E-04 5.3166633E-03 4.1556141E-05 5.1941142E-03 6.5905922E-02 3.0669437E-02 8.5638670E-05 1.8504251E+00 1.8763581E+01 -3.7665044E-02
2.6764000E+02 2.7427000E+02 8.6700000E+00 1.7500000E+02 9 5.5110800E+01 1.8692532E-01 4.3525977E-01 -1.8345826E-02 1.2474214E-02 1.1550201E-02 1.1427457E-02 2.1989311E-04 6.3779648E-04 6.4237725E-03 4.1275018E-05 6.2715536E-03 6.5611730E-02 3.7244025E-02 9.7376586E-05 1.8656442E+00 1.8742355E+01 -3.6452201E-02
2.6764000E+02 2.7427000E+02 8.6700000E+00 1.7600000E+02 9 5.5113194E+01 1.8408874E-01 4.3215207E-01 -1.9591993E-02 1.2335686E-02 1.1505940E-02 1.1384022E-02 2.1841472E-04 6.0667721E-04 6.3514165E-03 4.0997517E-05 6.2045779E-03 6.5274919E-02 3.6831008E-02 9.6863625E-05 1.8824324E+00 1.8721615E+01 -3.5234232E-02
2.6764000E+02 2.7427000E+02 8.6700000E+00 1.8100000E+02 9 5.5053535E+01 1.8181851E-01 4.4752460E-01 -3.0963474E-02 9.7487025E-03 9.5184039E-03 9.4003643E-03 2.1146592E-04 4.6920951E-04 5.0375504E-03 3.9693194E-05 4.9405022E-03 7.7830806E-02 2.9107763E-02 7.6847897E-05 1.7633724E+00 1.8834532E+01 -4.9171640E-02
2.6764000E+02 2.7427000E+02 8.6700000E+00 1.8600000E+02 9 5.4969712E+01 2.0292075E-01 5.1179033E-01 -4.2147356E-02 9.9691076E-03 9.5753038E-03 9.4609156E-03 2.0492447E-04 5.1029106E-04 5.1482977E-03 3.8465331E-05 5.0386013E-03 9.3224418E-02 2.9764332E-02 7.4624620E-05 1.6535419E+00 1.8936304E+01 -6.6546032E-02
2.6764000E+02 2.7427000E+02 8.6700000E+00 1.9100000E+02 9 5.4895808E+01 2.2440036E-01 5.7164537E-01 -5.1224830E-02 1.0509347E-02 9.6481621E-03 9.5372161E-03 1.9875781E-04 5.8085329E-04 5.4274775E-03 3.7307818E-05 5.2848286E-03 1.0655291E-01 3.1372799E-02 7.5248158E-05 1.5847628E+00 1.8998021E+01 -8.1015471E-02
2.6764000E+02 2.7427000E+02 8.6700000E+00 1.9600000E+02 9 5.4837809E+01 2.4279570E-01 6.2050677E-01 -5.8062697E-02 1.1137862E-02 9.7138526E-03 9.6061562E-03 1.9293631E-04 6.5782512E-04 5.7537976E-03 3.6215095E-05 5.5715377E-03 1.1687128E-01 3.3243810E-02 7.6724365E-05 1.5433758E+00 1.9033569E+01 -9.1682462E-02
2.6764000E+02 2.7427000E+02 8.6700000E+00 2.0100000E+02 9 5.4794541E+01 2.5741577E-01 6.5812092E-01 -6.3044840E-02 1.1732359E-02 9.7676197E-03 9.6629952E-03 1.8743304E-04 7.2678325E-04 6.0629436E-03 3.5182103E-05 5.8421974E-03 1.2448338E-01 3.5013459E-02 7.8222888E-05 1.5183473E+00 1.9053839E+01 -9.9152324E-02
2.6764000E+02 2.7427000E+02 8.6700000E+00 2.0600000E+02 9 5.4763028E+01 2.6859883E-01 6.8624784E-01 -6.6626803E-02 1.2243833E-02 9.8103343E-03 9.7086177E-03 1.8222342E-04 7.8344351E-04 6.3289464E-03 3.4204232E-05 6.0743613E-03 1.2997534E-01 3.6535977E-02 7.9448621E-05 1.5030928E+00 1.9065220E+01 -1.0425699E-01
2.6764000E+02 2.7427000E+02 8.6700000E+00 2.1100000E+02 9 5.4740258E+01 2.7700509E-01 7.0704310E-01 -6.9201831E-02 1.2663428E-02 9.8443290E-03 9.7453690E-03 1.7728510E-04 8.2815089E-04 6.5468716E-03 3.3277284E-05 6.2642094E-03 1.3391142E-01 3.7785062E-02 8.0348264E-05 1.4937332E+00 1.9071419E+01 -1.0771373E-01
2.6764000E+02 2.7427000E+02 8.6700000E+00 2.1600000E+02 9 5.4723739E+01 2.8330859E-01 7.2244377E-01 -7.1071465E-02 1.3000545E-02 9.8719822E-03 9.7756387E-03 1.7259764E-04 8.6276038E-04 6.7214713E-03 3.2397426E-05 6.4162638E-03 1.3674668E-01 3.8788723E-02 8.0963287E-05 1.4879523E+00 1.9074610E+01 -1.1005962E-01
2.6764000E+02 2.7427000E+02 8.6700000E+00 2.2100000E+02 9 5.4711597E+01 2.8807419E-01 7.3397952E-01 -7.2452628E-02 1.3270288E-02 9.8952595E-03 9.8014030E-03 1.6814241E-04 8.8935940E-04 6.8606166E-03 3.1561158E-05 6.5375519E-03 1.3881782E-01 3.9591913E-02 8.1359678E-05 1.4843551E+00 1.9076075E+01 -1.1166946E-01
2.6764000E+02 2.7427000E+02 8.6700000E+00 2.2600000E+02 9 5.4702498E+01 2.9173265E-01 7.4277594E-01 -7.3495591E-02 1.3487435E-02 9.9156283E-03 9.8241386E-03 1.6390236E-04 9.0982022E-04 6.9720977E-03 3.0765279E-05 6.6348530E-03 1.4036173E-01 4.0238596E-02 8.1599064E-05 1.4820970E+00 1.9076568E+01 -1.1279443E-01
2.6764000E+02 2.7427000E+02 8.6700000E+00 2.3100000E+02 9 5.4695522E+01 2.9459596E-01 7.4962834E-01 -7.4302312E-02 1.3664264E-02 9.9341111E-03 9.8448768E-03 1.5986187E-04 9.2567057E-04 7.0624277E-03 3.0006859E-05 6.7137571E-03 1.4154029E-01 4.0765303E-02 8.1730107E-05 1.4806657E+00 1.9076532E+01 -1.1359906E-01
2.6764000E+02 2.7427000E+02 8.6700000E+00 2.3600000E+02 9 5.4690044E+01 2.9688325E-01 7.5508642E-01 -7.4941393E-02 1.3810241E-02 9.9513798E-03 9.8642974E-03 1.5600663E-04 9.3809138E-04 7.1366355E-03 2.9283212E-05 6.7785590E-03 1.4246247E-01 4.1200185E-02 8.1788326E-05 1.4797492E+00 1.9076223E+01 -1.1418987E-01
2.6764000E+02 2.7427000E+02 8.6700000E+00 2.4100000E+02 9 5.4685644E+01 2.9874663E-01 7.5952721E-01 -7.5459068E-02 1.3932407E-02 9.9678472E-03 9.8828207E-03 1.5232351E-04 9.4796552E-04 7.1984580E-03 2.8591873E-05 6.8324541E-03 1.4320144E-01 4.1564185E-02 8.1798616E-05 1.4791561E+00 1.9075789E+01 -1.1463575E-01
2.6764000E+02 2.7427000E+02 8.6700000E+00 2.4600000E+02 9 5.4682035E+01 3.0029176E-01 7.6320998E-01 -7.5886786E-02 1.4035930E-02 9.9837438E-03 9.9006839E-03 1.4880045E-04 9.5593974E-04 7.2506278E-03 2.7930576E-05 6.8777955E-03 1.4380654E-01 4.1872679E-02 8.1778110E-05 1.4787681E+00 1.9075315E+01 -1.1498151E-01
2.6764000E+02 2.7427000E+02 8.6700000E+00 2.5100000E+02 9 5.4679022E+01 3.0159274E-01 7.6631496E-01 -7.6246268E-02 1.4124610E-02 9.9991767E-03 9.9180002E-03 1.4542634E-04 9.6248257E-04 7.2951419E-03 2.7297240E-05 6.9163224E-03 1.4431152E-01 4.2136967E-02 8.1738560E-05 1.4785111E+00 1.9074848E+01 -1.1525665E-01
2.6764000E+02 2.7427000E+02 8.6700000E+00 2.5600000E+02 9 5.4676466E+01 3.0270247E-01 7.6896959E-01 -7.6552806E-02 1.4201274E-02 1.0014174E-02 9.9348033E-03 1.4219098E-04 9.6793236E-04 7.3334741E-03 2.6689947E-05 6.9493388E-03 1.4473980E-01 4.2365463E-02 8.1688093E-05 1.4783381E+00 1.9074413E+01 -1.1548089E-01
2.6764000E+02 2.7427000E+02 8.6700000E+00 2.6100000E+02 9 5.4674270E+01 3.0365953E-01 7.7126593E-01 -7.6817402E-02 1.4268070E-02 1.0028716E-02 9.9510797E-03 1.3908496E-04 9.7253433E-04 7.3667316E-03 2.6106931E-05 6.9778478E-03 1.4510804E-01 4.2564563E-02 8.1632358E-05 1.4782188E+00 1.9074023E+01 -1.1566764E-01
2.6764000E+02 2.7427000E+02 8.6700000E+00 2.6400000E+02 9 5.4668142E+01 3.1406646E-01 7.9242065E-01 -7.6963005E-02 1.5824133E-02 1.0920827E-02 1.0844206E-02 1.3726597E-04 1.1003629E-03 8.1629771E-03 2.5765498E-05 7.7217554E-03 1.4531356E-01 4.7206068E-02 8.9718009E-05 1.4737483E+00 1.9075360E+01 -1.1654953E-01
2.6764000E+02 2.7427000E+02 8.6700000E+00 2.6500000E+02 9 5.4662829E+01 3.2411617E-01 8.1290039E-01 -7.7010146E-02 1.7364056E-02 1.1839877E-02 1.1763591E-02 1.3666453E-04 1.2349656E-03 8.9504032E-03 2.5652605E-05 8.4604889E-03 1.4538205E-01 5.1800009E-02 9.7335888E-05 1.4711473E+00 1.9075215E+01 -1.1701602E-01
2.6764000E+02 2.7427000E+02 8.6700000E+00 2.7000000E+02 9 5.4670605E+01 3.0636910E-01 7.7730175E-01 -7.7176153E-02 1.4578236E-02 1.0209611E-02 1.0134074E-02 1.3532187E-04 9.7476757E-04 7.5240460E-03 2.5400580E-05 7.1227498E-03 1.4560370E-01 4.3489787E-02 8.3521007E-05 1.4834515E+00 1.9066372E+01 -1.1480038E-01
2.6764000E+02 2.7427000E+02 8.6700000E+00 2.7500000E+02 9 5.4667781E+01 3.1008927E-01 7.8516005E-01 -7.7327275E-02 1.5114092E-02 1.0526087E-02 1.0451486E-02 1.3364586E-04 1.0289066E-03 7.7975498E-03 2.5085985E-05 7.3782125E-03 1.4581187E-01 4.5088308E-02 8.5497784E-05 1.4959804E+00 1.9052054E+01 -1.1243366E-01
2.6764000E+02 2.7427000E+02 8.6700000E+00 2.8000000E+02 9 5.4665387E+01 3.1308253E-01 7.9155854E-01 -7.7468136E-02 1.5539522E-02 1.0796161E-02 1.0722728E-02 1.3155554E-04 1.0598238E-03 8.0137275E-03 2.4693623E-05 7.5810524E-03 1.4600727E-01 4.6357676E-02 8.7516318E-05 1.5059777E+00 1.9040069E+01 -1.1056874E-01
2.6764000E+02 2.7427000E+02 8.6700000E+00 2.8500000E+02 9 5.4663451E+01 3.1530269E-01 7.9645386E-01 -7.7597578E-02 1.5852583E-02 1.1015784E-02 1.0943561E-02 1.2938537E-04 1.0786229E-03 8.1718278E-03 2.4286270E-05 7.7305432E-03 1.4618708E-01 4.7292046E-02 8.8971620E-05 1.5134094E+00 1.9031080E+01 -1.0920790E-01
2.6764000E+02 2.7427000E+02 8.6700000E+00 2.8900000E+02 9 5.4659838E+01 3.2131561E-01 8.0899829E-01 -7.7693984E-02 1.6761808E-02 1.1595383E-02 1.1524117E-02 1.2767195E-04 1.1461700E-03 8.6351103E-03 2.3964653E-05 8.1666563E-03 1.4632254E-01 5.0004900E-02 9.3605626E-05 1.5152934E+00 1.9026809E+01 -1.0883935E-01
2.6764000E+02 2.7427000E+02 8.6700000E+00 2.9000000E+02 9 5.4652231E+01 3.3627639E-01 8.3978811E-01 -7.7717644E-02 1.9088338E-02 1.3039315E-02 1.2968287E-02 1.2724581E-04 1.3596059E-03 9.8235061E-03 2.3884664E-05 9.2851176E-03 1.4635961E-01 5.6946347E-02 1.0436560E-04 1.5144961E+00 1.9023738E+01 -1.0889359E-01
2.6764000E+02 2.7427000E+02 8.6700000E+00 2.9500000E+02 9 5.4715733E+01 3.0311911E-01 7.5970086E-01 -7.1164088E-02 1.6003631E-02 1.1213632E-02 1.1143751E-02 1.2519155E-04 1.0610671E-03 8.2438227E-03 2.3499070E-05 7.8030357E-03 1.3644832E-01 4.7743910E-02 8.9853542E-05 1.5661966E+00 1.8976419E+01 -9.5736146E-02
2.6764000E+02 2.7427000E+02 8.6700000E+00 3.0000000E+02 9 5.4784930E+01 2.8515040E-01 7.0797090E-01 -6.2755970E-02 1.5907550E-02 1.1324344E-02 1.1255568E-02 1.2321189E-04 1.0607677E-03 8.1879075E-03 2.3127478E-05 7.7622772E-03 1.2374448E-01 4.7460071E-02 8.8599880E-05 1.6387047E+00 1.8903670E+01 -7.9657221E-02
2.6764000E+02 2.7427000E+02 8.6700000E+00 3.0100000E+02 9 5.4790682E+01 2.9825813E-01 7.3324004E-01 -6.1041198E-02 1.8570705E-02 1.3240438E-02 1.3171881E-02 1.2281891E-04 1.2985637E-03 9.5401888E-03 2.3053713E-05 9.0528460E-03 1.2115955E-01 5.5410036E-02 1.0103434E-04 1.6527882E+00 1.8884722E+01 -7.6622830E-02
2.6764000E+02 2.7427000E+02 8.6700000E+00 3.0200000E+02 9 5.4805156E+01 2.9384678E-01 7.2119348E-01 -5.9327779E-02 1.8430075E-02 1.3230884E-02 1.3162545E-02 1.2242881E-04 1.2497625E-03 9.4659088E-03 2.2980490E-05 8.9876367E-03 1.1857191E-01 5.4991528E-02 1.0189592E-04 1.6665965E+00 1.8868943E+01 -7.3772215E-02
2.6764000E+02 2.7427000E+02 8.6700000E+00 3.0300000E+02 9 5.4819523E+01 2.8921357E-01 7.0888338E-01 -5.7645010E-02 1.8253997E-02 1.3205333E-02 1.3137698E-02 1.2116697E-04 1.2140027E-03 9.3726587E-03 2.2743635E-05 8.9050714E-03 1.1603166E-01 5.4467381E-02 1.0150996E-04 1.6795682E+00 1.8855568E+01 -7.1151420E-02
2.6764000E+02 2.7427000E+02 8.6700000E+00 3.0800000E+02 9 5.4888379E+01 2.5336516E-01 6.2230438E-01 -5.0531705E-02 1.4935440E-02 1.1201176E-02 1.1137270E-02 1.1448639E-04 9.4313279E-04 7.6702422E-03 2.1489659E-05 7.3072863E-03 1.0528367E-01 4.4567281E-02 8.3532338E-05 1.7415123E+00 1.8801772E+01 -6.0268624E-02
2.6764000E+02 2.7427000E+02 8.6700000E+00 3.1300000E+02 9 5.4936145E+01 2.3784268E-01 5.8166787E-01 -4.4950565E-02 1.4362869E-02 1.1149870E-02 1.1089646E-02 1.0788939E-04 8.8452229E-04 7.3635787E-03 2.0251369E-05 7.0391395E-03 9.6854247E-02 4.2863714E-02 7.9802754E-05 1.7951130E+00 1.8749400E+01 -5.2011577E-02
2.6764000E+02 2.7427000E+02 8.6700000E+00 3.1800000E+02 9 5.4972593E+01 2.2548605E-01 5.4989339E-01 -4.0730189E-02 1.3841615E-02 1.1116999E-02 1.1060078E-02 1.0197308E-04 8.0902183E-04 7.0844145E-03 1.9140848E-05 6.7950720E-03 9.0478606E-02 4.1312700E-02 7.7268114E-05 1.8372365E+00 1.8707311E+01 -4.6153239E-02
2.6764000E+02 2.7427000E+02 8.6700000E+00 3.2300000E+02 9 5.4999917E+01 2.1572399E-01 5.2536787E-01 -3.7603206E-02 1.3373444E-02 1.1092283E-02 1.1038258E-02 9.6784354E-05 7.3892848E-04 6.8340807E-03 1.8166899E-05 6.5754994E-03 8.5753217E-02 3.9919365E-02 7.5197570E-05 1.8684242E+00 1.8675945E+01 -4.2134614E-02
2.6764000E+02 2.7427000E+02 8.6700000E+00 3.2800000E+02 9 5.5020235E+01 2.0806632E-01 5.0658743E-01 -3.5307717E-02 1.2965257E-02 1.1072563E-02 1.1021088E-02 9.2215271E-05 6.8189383E-04 6.6161926E-03 1.7309260E-05 6.3834842E-03 8.2283099E-02 3.8704271E-02 7.3441155E-05 1.8902965E+00 1.8653896E+01 -3.9430708E-02
2.6764000E+02 2.7427000E+02 8.6700000E+00 3.2900000E+02 9 5.5017582E+01 2.1955999E-01 5.3243235E-01 -3.4879816E-02 1.5031480E-02 1.2949960E-02 1.2898983E-02 9.1325247E-05 7.7002792E-04 7.6558679E-03 1.7142198E-05 7.3954113E-03 8.1642289E-02 4.4876211E-02 8.3874845E-05 1.8923850E+00 1.8647132E+01 -3.9031436E-02
2.6764000E+02 2.7427000E+02 8.6700000E+00 3.3000000E+02 9 5.5021268E+01 2.1792111E-01 5.2845407E-01 -3.4481099E-02 1.4906565E-02 1.2911083E-02 1.2860589E-02 9.0457974E-05 7.4278538E-04 7.5908532E-03 1.6979407E-05 7.3354111E-03 8.1040390E-02 4.4503715E-02 8.4631199E-05 1.8926428E+00 1.8645112E+01 -3.8825294E-02
2.6764000E+02 2.7427000E+02 8.6700000E+00 3.3500000E+02 9 5.5012382E+01 2.0881369E-01 5.0584424E-01 -3.3572554E-02 1.2300336E-02 1.0924166E-02 1.0875836E-02 8.6581544E-05 6.0393397E-04 6.2662846E-03 1.6251782E-05 6.0672034E-03 8.4152494E-02 3.6722877E-02 7.0937085E-05 1.8050613E+00 1.8739320E+01 -4.6931741E-02
2.6764000E+02 2.7427000E+02 8.6700000E+00 3.4000000E+02 9 5.4984780E+01 2.1948251E-01 5.2632508E-01 -3.3184241E-02 1.2324423E-02 1.0906486E-02 1.0860111E-02 8.3080546E-05 6.2335414E-04 6.2774358E-03 1.5594627E-05 6.0745525E-03 8.9210241E-02 3.6793849E-02 7.0612662E-05 1.7224179E+00 1.8822781E+01 -5.6398099E-02
2.6764000E+02 2.7427000E+02 8.6700000E+00 3.4500000E+02 9 5.4957364E+01 2.3154455E-01 5.4923008E-01 -3.2999141E-02 1.2621398E-02 1.0912938E-02 1.0868344E-02 7.9889864E-05 6.6703401E-04 6.4323410E-03 1.4995720E-05 6.2082971E-03 9.4049877E-02 3.7677132E-02 7.2104657E-05 1.6646269E+00 1.8880422E+01 -6.4338609E-02
2.6764000E+02 2.7427000E+02 8.6700000E+00 3.5000000E+02 9 5.4934215E+01 2.4260924E-01 5.6996535E-01 -3.2885906E-02 1.3022815E-02 1.0923980E-02 1.0881022E-02 7.6959029E-05 7.2077020E-04 6.6425710E-03 1.4445588E-05 6.3902975E-03 9.8033869E-02 3.8871284E-02 7.4098229E-05 1.6267951E+00 1.8917949E+01 -7.0291718E-02
2.6764000E+02 2.7427000E+02 8.6700000E+00 3.5500000E+02 9 5.4916035E+01 2.5187294E-01 5.8709975E-01 -3.2792807E-02 1.3430475E-02 1.0933287E-02 1.0891842E-02 7.4248625E-05 7.7390098E-04 6.8564798E-03 1.3936832E-05 6.5751130E-03 1.0109987E-01 4.0084044E-02 7.6035879E-05 1.6023858E+00 1.8942086E+01 -7.4530318E-02
2.6764000E+02 2.7427000E+02 8.6700000E+00 3.6000000E+02 9 5.4902331E+01 2.5924141E-01 6.0055186E-01 -3.2701279E-02 1.3796449E-02 1.0939123E-02 1.0899084E-02 7.1727609E-05 8.2108449E-04 7.0487767E-03 1.3463625E-05 6.7406467E-03 1.0337107E-01 4.1172797E-02 7.7702220E-05 1.5866704E+00 1.8957595E+01 -7.7464207E-02
2.6764000E+02 2.7427000E+02 8.6700000E+00 3.6500000E+02 9 5.4892255E+01 2.6492673E-01 6.1078942E-01 -3.2606913E-02 1.4103766E-02 1.0941422E-02 1.0902699E-02 6.9371288E-05 8.6004450E-04 7.2104165E-03 1.3021332E-05 6.8791499E-03 1.0501497E-01 4.2087053E-02 7.9046464E-05 1.5765173E+00 1.8967602E+01 -7.9464365E-02
2.6764000E+02 2.7427000E+02 8.6700000E+00 3.7000000E+02 9 5.4884948E+01 2.6924088E-01 6.1844513E-01 -3.2510851E-02 1.4352293E-02 1.0940740E-02 1.0903252E-02 6.7159779E-05 8.9121155E-04 7.3412127E-03 1.2606221E-05 6.9906556E-03 1.0618984E-01 4.2826427E-02 8.0092450E-05 1.5699120E+00 1.8974108E+01 -8.0819917E-02
2.6764000E+02 2.7427000E+02 8.6700000E+00 3.7500000E+02 9 5.4879672E+01 2.7249645E-01 6.2413028E-01 -3.2415763E-02 1.4549452E-02 1.0937795E-02 1.0901470E-02 6.5076860E-05 9.1551879E-04 7.4449684E-03 1.2215247E-05 7.0786681E-03 1.0702603E-01 4.3413003E-02 8.0891015E-05 1.5655611E+00 1.8978394E+01 -8.1740672E-02
2.6764000E+02 2.7427000E+02 8.6700000E+00 3.8000000E+02 9 5.4875852E+01 2.7496058E-01 6.2835868E-01 -3.2324138E-02 1.4704868E-02 1.0933258E-02 1.0898031E-02 6.3109099E-05 9.3431955E-04 7.5266758E-03 1.1845888E-05 7.1476811E-03 1.0762300E-01 4.3875415E-02 8.1496341E-05 1.5626458E+00 1.8981268E+01 -8.2371814E-02
2.6764000E+02 2.7427000E+02 8.6700000E+00 3.8500000E+02 9 5.4873060E+01 2.7684359E-01 6.3152968E-01 -3.2237730E-02 1.4827695E-02 1.0927676E-02 1.0893489E-02 6.1245224E-05 9.4885790E-04 7.5911129E-03 1.1496030E-05 7.2019384E-03 1.0805307E-01 4.4240892E-02 8.1955803E-05 1.5606484E+00 1.8983242E+01 -8.2811070E-02
2.6764000E+02 2.7427000E+02 8.6700000E+00 3.9000000E+02 9 5.4870991E+01 2.7830299E-01 6.3393917E-01 -3.2157528E-02 1.4925596E-02 1.0921459E-02 1.0888260E-02 5.9475640E-05 9.6014944E-04 7.6423038E-03 1.1163870E-05 7.2449682E-03 1.0836722E-01 4.4532231E-02 8.2307070E-05 1.5592427E+00 1.8984635E+01 -8.3123066E-02
2.6764000E+02 2.7427000E+02 8.6700000E+00 3.9500000E+02 9 5.4869431E+01 2.7945335E-01 6.3580012E-01 -3.2083919E-02 1.5004571E-02 1.0914902E-02 1.0882642E-02 5.7792084E-05 9.6894417E-04 7.6834173E-03 1.0847858E-05 7.2795111E-03 1.0860070E-01 4.4767272E-02 8.2578549E-05 1.5582215E+00 1.8985652E+01 -8.3350215E-02
2.6764000E+02 2.7427000E+02 8.6700000E+00 4.0000000E+02 9 5.4868232E+01 2.8037636E-01 6.3726327E-01 -3.2016873E-02 1.5069143E-02 1.0908201E-02 1.0876838E-02 5.6187365E-05 9.7587943E-04 7.7168599E-03 1.0546645E-05 7.3076141E-03 1.0877765E-01 4.4959465E-02 8.2791011E-05 1.5574540E+00 1.8986420E+01 -8.3520217E-02
2.6764000E+02 2.7427000E+02 8.6700000E+00 4.0500000E+02 9 5.4867292E+01 2.8113000E-01 6.3843449E-01 -3.1956102E-02 1.5122653E-02 1.0901485E-02 1.0870976E-02 5.4655166E-05 9.8139091E-04 7.7444225E-03 1.0259043E-05 7.3307743E-03 1.0891453E-01 4.5118746E-02 8.2959390E-05 1.5568564E+00 1.8987022E+01 -8.3651283E-02
2.6764000E+02 2.7427000E+02 8.6700000E+00 4.1000000E+02 9 5.4866541E+01 2.8175536E-01 6.3938814E-01 -3.1901183E-02 1.5167552E-02 1.0894829E-02 1.0865138E-02 5.3189897E-05 9.8582489E-04 7.7674288E-03 9.9840053E-06 7.3500803E-03 1.0902261E-01 4.5252407E-02 8.3094376E-05 1.5563744E+00 1.8987510E+01 -8.3755460E-02
2.6764000E+02 2.7427000E+02 8.6700000E+00 4.1200000E+02 9 5.4859169E+01 2.9622931E-01 6.6879955E-01 -3.1880122E-02 1.7392770E-02 1.2244467E-02 1.2215098E-02 5.2614158E-05 1.1710665E-03 8.9063151E-03 9.8759362E-06 8.4171745E-03 1.0906649E-01 5.1891212E-02 9.4206255E-05 1.5522323E+00 1.8987435E+01 -8.4257697E-02
2.6764000E+02 2.7427000E+02 8.6700000E+00 4.1700000E+02 9 5.4866291E+01 2.8130124E-01 6.3809121E-01 -3.1832636E-02 1.5036444E-02 1.0791613E-02 1.0763014E-02 5.1234865E-05 9.6051215E-04 7.6998309E-03 9.6170361E-06 7.2847926E-03 1.0914139E-01 4.4861047E-02 8.2757127E-05 1.5500108E+00 1.8994159E+01 -8.4739678E-02
2.6764000E+02 2.7427000E+02 8.6700000E+00 4.2200000E+02 9 5.4865791E+01 2.8178310E-01 6.3885966E-01 -3.1789823E-02 1.5080057E-02 1.0784812E-02 1.0756952E-02 4.9911369E-05 9.7747276E-04 7.7221925E-03 9.3686094E-06 7.3036644E-03 1.0920697E-01 4.4990863E-02 8.2408395E-05 1.5502068E+00 1.8994469E+01 -8.4749486E-02
2.6764000E+02 2.7427000E+02 8.6700000E+00 4.2700000E+02 9 5.4865259E+01 2.8242190E-01 6.3990322E-01 -3.1751213E-02 1.5147663E-02 1.0793091E-02 1.0765940E-02 4.8639838E-05 9.8699153E-04 7.7569644E-03 9.1299368E-06 7.3339821E-03 1.0926235E-01 4.5192239E-02 8.2658918E-05 1.5511434E+00 1.8993416E+01 -8.4625813E-02
2.6764000E+02 2.7427000E+02 8.6700000E+00 4.2900000E+02 9 5.4857922E+01 2.9698437E-01 6.6946346E-01 -3.1736413E-02 1.7391183E-02 1.2145051E-02 1.2118180E-02 4.8139305E-05 1.1753389E-03 8.9057719E-03 9.0359843E-06 8.4093454E-03 1.0928767E-01 5.1885514E-02 9.3891463E-05 1.5476005E+00 1.8992669E+01 -8.5037198E-02
2.6764000E+02 2.7427000E+02 8.6700000E+00 4.3000000E+02 9 5.4855684E+01 3.0139970E-01 6.7843255E-01 -3.1729170E-02 1.8067344E-02 1.2572662E-02 1.2545929E-02 4.7891030E-05 1.2155234E-03 9.2514942E-03 8.9893818E-06 8.7339340E-03 1.0929939E-01 5.3902997E-02 9.7807524E-05 1.5449095E+00 1.8993459E+01 -8.5385559E-02
2.6764000E+02 2.7427000E+02 8.6700000E+00 4.3500000E+02 9 5.4863486E+01 2.8542376E-01 6.4567758E-01 -3.1703263E-02 1.5567368E-02 1.1031694E-02 1.1005905E-02 4.6200644E-05 9.9689536E-04 7.9710551E-03 8.6720882E-06 7.5325883E-03 1.0933671E-01 4.6444224E-02 8.5313549E-05 1.5626713E+00 1.8979597E+01 -8.2841094E-02
2.6764000E+02 2.7427000E+02 8.6700000E+00 4.3600000E+02 9 5.4853614E+01 3.0517287E-01 6.8633222E-01 -3.1698156E-02 1.8648717E-02 1.2950200E-02 1.2924582E-02 4.5894660E-05 1.2895683E-03 9.5469144E-03 8.6146534E-06 9.0126138E-03 1.0935002E-01 5.5638206E-02 9.8643964E-05 1.5647970E+00 1.8973296E+01 -8.2402400E-02
2.6764000E+02 2.7427000E+02 8.6700000E+00 4.3700000E+02 9 5.4855436E+01 3.0543779E-01 6.8574116E-01 -3.1221791E-02 1.8722087E-02 1.2998135E-02 1.2972680E-02 4.5601526E-05 1.2608957E-03 9.5845554E-03 8.5596308E-06 9.0472557E-03 1.0895993E-01 5.5856970E-02 1.0035619E-04 1.5676398E+00 1.8968444E+01 -8.1733724E-02
2.6764000E+02 2.7427000E+02 8.6700000E+00 4.3800000E+02 9 5.4860454E+01 3.0499679E-01 6.8247538E-01 -3.0069315E-02 1.8765644E-02 1.3031342E-02 1.3006058E-02 4.5296149E-05 1.2427072E-03 9.6067012E-03 8.5023099E-06 9.0678759E-03 1.0799713E-01 5.5986921E-02 1.0128754E-04 1.5711604E+00 1.8963800E+01 -8.0727691E-02
2.6764000E+02 2.7427000E+02 8.6700000E+00 4.4300000E+02 9 5.4928593E+01 2.7848341E-01 6.0241090E-01 -1.6961150E-02 1.6041521E-02 1.1347500E-02 1.1322526E-02 4.4740974E-05 1.0091889E-03 8.2124295E-03 8.3981009E-06 7.7595976E-03 9.6946903E-02 4.7859265E-02 8.8094948E-05 1.6085799E+00 1.8930631E+01 -7.0702946E-02
2.6764000E+02 2.7427000E+02 8.6700000E+00 4.4400000E+02 9 5.4932256E+01 2.9488824E-01 6.3106397E-01 -1.4136633E-02 1.8924021E-02 1.3227786E-02 1.3202880E-02 4.4618664E-05 1.2641056E-03 9.6842423E-03 8.3751427E-06 9.1473470E-03 9.4571426E-02 5.6461235E-02 1.0070204E-04 1.6153072E+00 1.8919684E+01 -6.8656258E-02
2.6764000E+02 2.7427000E+02 8.6700000E+00 4.4500000E+02 9 5.4945528E+01 2.9297254E-01 6.2122646E-01 -1.1198787E-02 1.8926620E-02 1.3245901E-02 1.3221079E-02 4.4468608E-05 1.2253578E-03 9.6853783E-03 8.3469765E-06 9.1486037E-03 9.2095603E-02 5.6469043E-02 1.0210079E-04 1.6224396E+00 1.8910598E+01 -6.6614939E-02
2.6764000E+02 2.7427000E+02 8.6700000E+00 4.5000000E+02 9 5.5010127E+01 2.6880045E-01 5.4708449E-01 1.3323158E-03 1.6506956E-02 1.1752484E-02 1.1728015E-02 4.3836238E-05 1.0147833E-03 8.4470941E-03 8.2282775E-06 7.9860988E-03 8.1522950E-02 4.9249586E-02 9.0695535E-05 1.6753751E+00 1.8860365E+01 -5.6174765E-02
2.6764000E+02 2.7427000E+02 8.6700000E+00 4.5300000E+02 9 5.5036828E+01 2.7365752E-01 5.4414360E-01 8.2765019E-03 1.8034299E-02 1.2873484E-02 1.2849226E-02 4.3457378E-05 1.0993556E-03 9.2236713E-03 8.1571636E-06 8.7250489E-03 7.5670166E-02 5.3809053E-02 9.7949448E-05 1.7047120E+00 1.8827082E+01 -5.0698241E-02
2.6764000E+02 2.7427000E+02 8.6700000E+00 4.5400000E+02 9 5.5043005E+01 2.8021471E-01 5.5388108E-01 1.0529034E-02 1.9321004E-02 1.3855018E-02 1.3830834E-02 4.3324745E-05 1.1499600E-03 9.8769482E-03 8.1322677E-06 9.3490063E-03 7.3773597E-02 5.7650602E-02 1.0403815E-04 1.7137176E+00 1.8815133E+01 -4.8996789E-02
2.6764000E+02 2.7427000E+02 8.6700000E+00 4.5900000E+02 9 5.5101504E+01 2.5368327E-01 4.7827326E-01 2.1330151E-02 1.6350390E-02 1.1984522E-02 1.1960918E-02 4.2285658E-05 9.2559336E-04 8.3578386E-03 7.9372259E-06 7.9199248E-03 6.4664807E-02 4.8786539E-02 8.9957340E-05 1.7381821E+00 1.8796132E+01 -4.3392009E-02
2.6764000E+02 2.7427000E+02 8.6700000E+00 4.6400000E+02 9 5.5141405E+01 2.4571596E-01 4.4603325E-01 2.9905801E-02 1.6067265E-02 1.1995214E-02 1.1972137E-02 4.1342048E-05 8.7492240E-04 8.2077681E-03 7.7601057E-06 7.7889143E-03 5.7440874E-02 4.7943915E-02 8.7949053E-05 1.7600076E+00 1.8775174E+01 -3.8900698E-02
2.6764000E+02 2.7427000E+02 8.6700000E+00 4.6900000E+02 9 5.5172116E+01 2.3951373E-01 4.2121586E-01 3.6501545E-02 1.5841752E-02 1.2031195E-02 1.2008544E-02 4.0577651E-05 8.2478378E-04 8.0876712E-03 7.6166247E-06 7.6851376E-03 5.1888749E-02 4.7272813E-02 8.6829174E-05 1.7789472E+00 1.8756175E+01 -3.5458076E-02
2.6764000E+02 2.7427000E+02 8.6700000E+00 4.7400000E+02 9 5.5195609E+01 2.3455790E-01 4.0200112E-01 4.1526214E-02 1.5640248E-02 1.2071910E-02 1.2049638E-02 3.9900179E-05 7.8036740E-04 7.9801263E-03 7.4894598E-06 7.5926051E-03 4.7663428E-02 4.6673067E-02 8.5967466E-05 1.7937681E+00 1.8741114E+01 -3.2937136E-02
2.6764000E+02 2.7427000E+02 8.6700000E+00 4.7900000E+02 9 5.5213560E+01 2.3055380E-01 3.8706046E-01 4.5343753E-02 1.5455811E-02 1.2109314E-02 1.2087398E-02 3.9261950E-05 7.4306003E-04 7.8817087E-03 7.3696612E-06 7.5077875E-03 4.4457582E-02 4.6123961E-02 8.5209209E-05 1.8044016E+00 1.8730240E+01 -3.1137705E-02
2.6764000E+02 2.7427000E+02 8.6700000E+00 4.8100000E+02 9 5.5214346E+01 2.4033783E-01 4.0571354E-01 4.6699432E-02 1.7173041E-02 1.3467351E-02 1.3445575E-02 3.9010965E-05 7.9628924E-04 8.7531437E-03 7.3225500E-06 8.3407668E-03 4.3324536E-02 5.1250729E-02 9.4038680E-05 1.8033348E+00 1.8727027E+01 -3.0814936E-02
2.6764000E+02 2.7427000E+02 8.6700000E+00 4.8200000E+02 9 5.5215767E+01 2.4282733E-01 4.1016599E-01 4.7337060E-02 1.7651854E-02 1.3903458E-02 1.3881752E-02 3.8886357E-05 7.9752093E-04 8.9949865E-03 7.2991605E-06 8.5742695E-03 4.2791439E-02 5.2680584E-02 9.7022608E-05 1.8015681E+00 1.8726831E+01 -3.0768681E-02
2.6764000E+02 2.7427000E+02 8.6700000E+00 4.8700000E+02 9 5.5236571E+01 2.2258925E-01 3.6293511E-01 4.9908795E-02 1.4752257E-02 1.1885106E-02 1.1863841E-02 3.8094944E-05 6.7073945E-04 7.5167948E-03 7.1506083E-06 7.1737405E-03 4.0632895E-02 4.4025781E-02 8.2373799E-05 1.7853052E+00 1.8750451E+01 -3.1113235E-02
2.6764000E+02 2.7427000E+02 8.6700000E+00 4.9200000E+02 9 5.5246296E+01 2.1952904E-01 3.5314060E-01 5.1880352E-02 1.4500706E-02 1.1780150E-02 1.1759289E-02 3.7372730E-05 6.5752766E-04 7.3870954E-03 7.0150453E-06 7.0529645E-03 3.8986392E-02 4.3275317E-02 8.0457329E-05 1.7798252E+00 1.8757471E+01 -3.0940486E-02
2.6764000E+02 2.7427000E+02 8.6700000E+00 4.9700000E+02 9 5.5253621E+01 2.1755810E-01 3.4625282E-01 5.3408527E-02 1.4360493E-02 1.1717938E-02 1.1697439E-02 3.6722844E-05 6.4704363E-04 7.3155541E-03 6.8930585E-06 6.9844191E-03 3.7713783E-02 4.2856766E-02 7.9741846E-05 1.7787629E+00 1.8758872E+01 -3.0595079E-02
2.6764000E+02 2.7427000E+02 8.6700000E+00 5.0200000E+02 9 5.5259327E+01 2.1613379E-01 3.4104659E-01 5.4615060E-02 1.4267036E-02 1.1675669E-02 1.1655518E-02 3.6099098E-05 6.3808476E-04 7.2683781E-03 6.7759782E-06 6.9379063E-03 3.6712111E-02 4.2577692E-02 7.9385388E-05 1.7788061E+00 1.8758859E+01 -3.0261137E-02
2.6764000E+02 2.7427000E+02 8.6700000E+00 5.0500000E+02 9 5.5258524E+01 2.2296297E-01 3.5433229E-01 5.5244151E-02 1.5416041E-02 1.2516340E-02 1.2496396E-02 3.5728784E-05 6.8018211E-04 7.8542162E-03 6.7064686E-06 7.4917476E-03 3.6194138E-02 4.6007101E-02 8.5633946E-05 1.7701541E+00 1.8764596E+01 -3.0587907E-02
2.6764000E+02 2.7427000E+02 8.6700000E+00 5.0600000E+02 9 5.5255885E+01 2.2991536E-01 3.6889946E-01 5.5444027E-02 1.6545329E-02 1.3394197E-02 1.3374322E-02 3.5605638E-05 7.1077272E-04 8.4281062E-03 6.6833533E-06 8.0387244E-03 3.6031640E-02 4.9378471E-02 9.1355436E-05 1.7667875E+00 1.8765372E+01 -3.0789609E-02
2.6764000E+02 2.7427000E+02 8.6700000E+00 5.1100000E+02 9 5.5268694E+01 2.1132745E-01 3.2805579E-01 5.6304697E-02 1.3700504E-02 1.1349903E-02 1.1330427E-02 3.4892389E-05 5.9830607E-04 6.9803344E-03 6.5494730E-06 6.6620007E-03 3.5315383E-02 4.0886668E-02 7.7123479E-05 1.7497153E+00 1.8789337E+01 -3.1737931E-02
2.6764000E+02 2.7427000E+02 8.6700000E+00 5.1600000E+02 9 5.5272227E+01 2.1006770E-01 3.2389840E-01 5.7012069E-02 1.3569000E-02 1.1221769E-02 1.1202659E-02 3.4234917E-05 6.0185265E-04 6.9151518E-03 6.4260623E-06 6.5955068E-03 3.4733374E-02 4.0493668E-02 7.5834521E-05 1.7434737E+00 1.8796914E+01 -3.1983899E-02
2.6764000E+02 2.7427000E+02 8.6700000E+00 5.2100000E+02 9 5.5274936E+01 2.0947366E-01 3.2125269E-01 5.7600735E-02 1.3522797E-02 1.1141951E-02 1.1123176E-02 3.3635377E-05 6.0314466E-04 6.8937681E-03 6.3135256E-06 6.5698834E-03 3.4250887E-02 4.0355143E-02 7.5572801E-05 1.7418739E+00 1.8798775E+01 -3.1933682E-02
2.6764000E+02 2.7427000E+02 8.6700000E+00 5.2600000E+02 9 5.5277156E+01 2.0910434E-01 3.1926345E-01 5.8098882E-02 1.3502195E-02 1.1085449E-02 1.1066998E-02 3.3055024E-05 6.0280047E-04 6.8851047E-03 6.2045906E-06 6.5570339E-03 3.3844108E-02 4.0293154E-02 7.5543907E-05 1.7415328E+00 1.8799129E+01 -3.1815618E-02
2.6764000E+02 2.7427000E+02 8.6700000E+00 5.3100000E+02 9 5.5279045E+01 2.0880986E-01 3.1760645E-01 5.8526255E-02 1.3487478E-02 1.1041185E-02 1.1023055E-02 3.2479726E-05 6.0129556E-04 6.8790078E-03 6.0966043E-06 6.5475281E-03 3.3496441E-02 4.0248856E-02 7.5541416E-05 1.7415350E+00 1.8799099E+01 -3.1698776E-02
2.6764000E+02 2.7427000E+02 8.6700000E+00 5.3600000E+02 9 5.5280685E+01 2.0854391E-01 3.1615575E-01 5.8897028E-02 1.3473023E-02 1.1003770E-02 1.0985960E-02 3.1906461E-05 5.9935787E-04 6.8726739E-03 5.9889997E-06 6.5385701E-03 3.3195971E-02 4.0205435E-02 7.5519877E-05 1.7413730E+00 1.8799240E+01 -3.1605862E-02
2.6764000E+02 2.7427000E+02 8.6700000E+00 5.4100000E+02 9 5.5282124E+01 2.0829635E-01 3.1485959E-01 5.9221659E-02 1.3457926E-02 1.0970449E-02 1.0952957E-02 3.1335728E-05 5.9727480E-04 6.8657444E-03 5.8818702E-06 6.5296043E-03 3.2933903E-02 4.0160158E-02 7.5477649E-05 1.7410538E+00 1.8799553E+01 -3.1536639E-02
2.6764000E+02 2.7427000E+02 8.6700000E+00 5.4600000E+02 9 5.5283395E+01 2.0806732E-01 3.1369366E-01 5.9508063E-02 1.3442629E-02 1.0939822E-02 1.0922646E-02 3.0768922E-05 5.9522040E-04 6.8585412E-03 5.7754780E-06 6.5207390E-03 3.2703584E-02 4.0114325E-02 7.5422374E-05 1.7405697E+00 1.8800042E+01 -3.1487659E-02
2.6764000E+02 2.7427000E+02 8.6700000E+00 5.5100000E+02 9 5.5284524E+01 2.0785840E-01 3.1264329E-01 5.9762367E-02 1.3427754E-02 1.0911195E-02 1.0894333E-02 3.0207493E-05 5.9332553E-04 6.8514554E-03 5.6700949E-06 6.5121940E-03 3.2499866E-02 4.0069774E-02 7.5361313E-05 1.7400592E+00 1.8800563E+01 -3.1452198E-02
2.6764000E+02 2.7427000E+02 8.6700000E+00 5.5600000E+02 9 5.5285531E+01 2.0767016E-01 3.1169669E-01 5.9989416E-02 1.3413740E-02 1.0884220E-02 1.0867668E-02 2.9652670E-05 5.9167378E-04 6.8447594E-03 5.5659519E-06 6.5041281E-03 3.2318684E-02 4.0027802E-02 7.5299304E-05 1.7395023E+00 1.8801132E+01 -3.1427507E-02
2.6764000E+02 2.7427000E+02 8.6700000E+00 5.6100000E+02 9 5.5286431E+01 2.0750215E-01 3.1084308E-01 6.0193105E-02 1.3400810E-02 1.0858703E-02 1.0842457E-02 2.9105404E-05 5.9024382E-04 6.8385983E-03 5.4632275E-06 6.4966184E-03 3.2156775E-02 3.9989075E-02 7.5239060E-05 1.7389273E+00 1.8801721E+01 -3.1410637E-02
2.6764000E+02 2.7427000E+02 8.6700000E+00 5.6600000E+02 9 5.5287239E+01 2.0735317E-01 3.1007242E-01 6.0376614E-02 1.3389038E-02 1.0834514E-02 1.0818568E-02 2.8566385E-05 5.8900262E-04 6.8330252E-03 5.3620510E-06 6.4896842E-03 3.2011478E-02 3.9953810E-02 7.5181885E-05 1.7383515E+00 1.8802309E+01 -3.1399558E-02
2.6764000E+02 2.7427000E+02 8.6700000E+00 5.7100000E+02 9 5.5287966E+01 2.0722146E-01 3.0937539E-01 6.0542570E-02 1.3378399E-02 1.0811543E-02 1.0795894E-02 2.8036088E-05 5.8794769E-04 6.8280336E-03 5.2625117E-06 6.4833069E-03 3.1880598E-02 3.9921931E-02 7.5128242E-05 1.7377848E+00 1.8802888E+01 -3.1392912E-02
2.6764000E+02 2.7427000E+02 8.6700000E+00 5.7600000E+02 9 5.5288623E+01 2.0710529E-01 3.0874357E-01 6.0693173E-02 1.3368817E-02 1.0789691E-02 1.0774333E-02 2.7514821E-05 5.8703415E-04 6.8235867E-03 5.1646672E-06 6.4774491E-03 3.1762302E-02 3.9893211E-02 7.5078160E-05 1.7372299E+00 1.8803453E+01 -3.1389800E-02
2.6764000E+02 2.7427000E+02 8.6700000E+00 5.8100000E+02 9 5.5289217E+01 2.0700293E-01 3.0816947E-01 6.0830273E-02 1.3360201E-02 1.0768862E-02 1.0753790E-02 2.7002767E-05 5.8624222E-04 6.8196370E-03 5.0685522E-06 6.4720657E-03 3.1655048E-02 3.9867374E-02 7.5031474E-05 1.7366883E+00 1.8804005E+01 -3.1389573E-02
2.6764000E+02 2.7427000E+02 8.6700000E+00 5.8200000E+02 9 5.5281221E+01 2.2325903E-01 3.4210909E-01 6.0857167E-02 1.5915316E-02 1.2551293E-02 1.2536277E-02 2.6900726E-05 6.9595720E-04 8.1231407E-03 5.0493986E-06 7.7040328E-03 3.1639799E-02 4.7493719E-02 8.7184113E-05 1.7334650E+00 1.8802613E+01 -3.1571806E-02
2.6764000E+02 2.7427000E+02 8.6700000E+00 5.8700000E+02 9 5.5289986E+01 2.0668433E-01 3.0717841E-01 6.0986681E-02 1.3322060E-02 1.0741599E-02 1.0727052E-02 2.6060141E-05 5.7912147E-04 6.8002421E-03 4.8916166E-06 6.4522472E-03 3.1536102E-02 3.9753468E-02 7.5125982E-05 1.7343402E+00 1.8806080E+01 -3.1501494E-02
2.6764000E+02 2.7427000E+02 8.6700000E+00 5.9200000E+02 9 5.5290337E+01 2.0694077E-01 3.0733829E-01 6.1109975E-02 1.3366345E-02 1.0745428E-02 1.0731307E-02 2.5297761E-05 5.8587604E-04 6.8232232E-03 4.7485142E-06 6.4720853E-03 3.1442365E-02 3.9885544E-02 7.4833412E-05 1.7369770E+00 1.8803856E+01 -3.1291639E-02
2.6764000E+02 2.7427000E+02 8.6700000E+00 5.9700000E+02 9 5.5290645E+01 2.0723162E-01 3.0752097E-01 6.1226844E-02 1.3411516E-02 1.0744614E-02 1.0730893E-02 2.4580951E-05 5.8838600E-04 6.8469050E-03 4.6139654E-06 6.4921223E-03 3.1353925E-02 4.0020176E-02 7.4991920E-05 1.7394879E+00 1.8801237E+01 -3.1090061E-02
2.6764000E+02 2.7427000E+02 8.6700000E+00 6.0200000E+02 9 5.5290958E+01 2.0745215E-01 3.0757913E-01 6.1335864E-02 1.3445096E-02 1.0738107E-02 1.0724767E-02 2.3897085E-05 5.8919322E-04 6.8645869E-03 4.4856003E-06 6.5067236E-03 3.1271700E-02 4.0120253E-02 7.5172833E-05 1.7411768E+00 1.8799397E+01 -3.0943297E-02
2.6764000E+02 2.7427000E+02 8.6700000E+00 6.0700000E+02 9 5.5291274E+01 2.0759649E-01 3.0751684E-01 6.1436459E-02 1.3467014E-02 1.0727594E-02 1.0714621E-02 2.3242004E-05 5.8897226E-04 6.8761813E-03 4.3626385E-06 6.5158998E-03 3.1196091E-02 4.0185562E-02 7.5300618E-05 1.7422107E+00 1.8798252E+01 -3.0846282E-02
2.6764000E+02 2.7427000E+02 8.6700000E+00 6.1200000E+02 9 5.5291587E+01 2.0768159E-01 3.0737088E-01 6.1528789E-02 1.3480141E-02 1.0714694E-02 1.0702071E-02 2.2613840E-05 5.8847481E-04 6.8831812E-03 4.2447290E-06 6.5209972E-03 3.1126955E-02 4.0224657E-02 7.5376553E-05 1.7427152E+00 1.8797678E+01 -3.0787531E-02
2.6764000E+02 2.7427000E+02 8.6700000E+00 6.1700000E+02 9 5.5291890E+01 2.0772678E-01 3.0717553E-01 6.1613401E-02 1.3487326E-02 1.0700486E-02 1.0688199E-02 2.2011634E-05 5.8789547E-04 6.8870847E-03 4.1316919E-06 6.5233362E-03 3.1063849E-02 4.0246026E-02 7.5415447E-05 1.7428899E+00 1.8797464E+01 -3.0754667E-02
2.6764000E+02 2.7427000E+02 8.6700000E+00 6.2200000E+02 9 5.5292177E+01 2.0774731E-01 3.0695592E-01 6.1690990E-02 1.3490749E-02 1.0685643E-02 1.0673678E-02 2.1434556E-05 5.8732044E-04 6.8890435E-03 4.0233715E-06 6.5239251E-03 3.1006215E-02 4.0256174E-02 7.5430676E-05 1.7427958E+00 1.8797538E+01 -3.0740028E-02
2.6764000E+02 2.7427000E+02 8.6700000E+00 6.2700000E+02 9 5.5292446E+01 2.0775364E-01 3.0672850E-01 6.1762268E-02 1.3491916E-02 1.0670581E-02 1.0658925E-02 2.0881601E-05 5.8680769E-04 6.8898505E-03 3.9195793E-06 6.5234588E-03 3.0953487E-02 4.0259583E-02 7.5431661E-05 1.7425617E+00 1.8797764E+01 -3.0736618E-02
2.6764000E+02 2.7427000E+02 8.6700000E+00 6.3200000E+02 9 5.5292697E+01 2.0775226E-01 3.0650317E-01 6.1827902E-02 1.3491786E-02 1.0655555E-02 1.0644195E-02 2.0351571E-05 5.8643836E-04 6.8900111E-03 3.8200899E-06 6.5223838E-03 3.0905135E-02 4.0259121E-02 7.5424382E-05 1.7422482E+00 1.8798075E+01 -3.0740332E-02
2.6764000E+02 2.7427000E+02 8.6700000E+00 6.3700000E+02 9 5.5292930E+01 2.0774737E-01 3.0628536E-01 6.1888491E-02 1.3490951E-02 1.0640716E-02 1.0629640E-02 1.9843147E-05 5.8615788E-04 6.8898331E-03 3.7246562E-06 6.5209759E-03 3.0860686E-02 4.0256550E-02 7.5412439E-05 1.7418882E+00 1.8798436E+01 -3.0748646E-02
2.6764000E+02 2.7427000E+02 8.6700000E+00 6.4200000E+02 9 5.5293145E+01 2.0774129E-01 3.0607780E-01 6.1944561E-02 1.3489763E-02 1.0626145E-02 1.0615341E-02 1.9354985E-05 5.8596631E-04 6.8894985E-03 3.6330259E-06 6.5194014E-03 3.0819723E-02 4.0252922E-02 7.5397946E-05 1.7415036E+00 1.8798824E+01 -3.0759940E-02
2.6764000E+02 2.7427000E+02 8.6700000E+00 6.4700000E+02 9 5.5293345E+01 2.0773537E-01 3.0588151E-01 6.1996573E-02 1.3488424E-02 1.0611880E-02 1.0601338E-02 1.8885783E-05 5.8584064E-04 6.8891095E-03 3.5449544E-06 6.5177563E-03 3.0781886E-02 4.0248839E-02 7.5382113E-05 1.7410702E+00 1.8799261E+01 -3.0773924E-02
2.6764000E+02 2.7427000E+02 8.6700000E+00 6.5000000E+02 9 5.5289552E+01 2.1557117E-01 3.2203329E-01 6.2026411E-02 1.4712889E-02 1.1436423E-02 1.1426034E-02 1.8610816E-05 6.3603011E-04 7.5153063E-03 3.4933416E-06 7.1060353E-03 3.0763436E-02 4.3903032E-02 8.1897385E-05 1.7314222E+00 1.8806099E+01 -3.1341524E-02
