17.91 7.18 8.33 4.6 5.8 6.78 8.56 11.86 6.2 4.11 11.28 5.63 8.25 8.0 8.71 9.53 6.67 5.42 4.62 3.32 4.07 7.56 12.77 18.64 18.03 21.54 29.25 11.64 13.69 7.93 10.74 10.08 26.83 25.21 26.28 33.52 29.26 13.89 14.35 12.25 13.92 6.38 6.5 5.66 4.21 6.55 10.72 12.55 15.68 6.67 5.83 6.64 2.81 5.08 4.0 8.09 11.3 12.84 11.59 12.52 15.16 10.45 11.24 8.34
13.62 7.34 7.78 6.55 7.83 5.5 6.38 8.3 5.17 5.03 8.79 7.14 8.79 4.81 7.15 7.22 6.7 5.26 5.52 5.12 5.95 6.81 9.34 11.56 23.39 30.88 22.19 18.93 10.12 7.2 8.5 10.33 25.81 15.3 24.14 19.05 23.96 22.43 13.01 17.07 11.98 7.46 6.7 6.8 6.49 9.06 12.49 17.03 19.06 10.59 6.06 3.74 2.53 4.7 4.4 5.81 9.53 12.34 9.8 13.21 6.27 12.16 8.29 7.36
17.06 9.46 5.92 8.44 10.02 5.32 3.68 3.55 3.74 6.1 6.5 6.98 5.97 6.19 5.75 6.76 8.66 5.8 4.16 5.57 11.53 5.94 6.67 9.45 16.63 15.1 10.13 15.8 7.96 8.18 6.78 13.08 21.93 12.89 20.35 16.84 31.59 25.87 14.7 14.2 8.68 7.07 6.64 6.18 10.16 7.75 11.26 15.83 18.6 15.01 14.64 3.49 5.44 4.33 3.77 4.87 9.48 9.45 8.92 9.25 6.92 7.98 6.75 8.93
21.87 16.13 8.62 9.03 6.37 6.16 3.48 2.61 3.08 3.35 3.29 3.6 4.27 8.66 7.2 5.84 7.06 5.08 2.46 6.59 8.16 5.44 3.8 8.29 13.19 9.91 10.28 6.85 5.66 6.28 7.51 10.01 26.33 18.84 16.2 19.05 18.34 24.59 21.38 24.58 15.46 12.61 8.65 4.8 10.4 12.49 23.13 15.44 15.12 21.52 10.65 6.64 6.87 5.31 5.91 5.11 7.55 9.8 7.71 10.31 10.11 13.13 6.56 7.79
20.39 12.95 12.7 11.09 5.93 3.66 6.43 3.03 6.43 3.77 4.34 4.8 5.73 9.97 9.99 8.09 5.68 2.86 3.03 4.28 8.07 7.33 6.15 6.21 3.97 8.33 5.89 4.8 4.7 4.17 6.66 7.95 17.45 32.34 22.03 18.65 8.25 14.86 16.95 16.58 14.45 26.73 11.31 9.26 6.83 11.37 16.23 10.61 10.26 15.36 10.58 9.19 4.76 6.22 8.78 7.59 7.52 15.42 8.04 11.88 13.42 15.0 10.2 9.58
18.67 10.84 9.43 6.13 5.33 4.61 4.97 7.29 9.17 6.88 8.46 6.3 8.17 14.03 16.5 10.39 7.09 5.27 3.43 4.12 9.09 11.7 12.5 7.79 3.54 5.29 4.64 2.94 3.76 5.11 9.06 7.24 17.95 26.46 23.54 11.0 10.96 14.44 16.22 10.15 15.15 13.24 13.25 7.49 8.72 9.67 9.41 8.44 6.51 7.33 9.46 8.27 4.8 5.2 6.26 7.94 9.48 14.0 8.37 12.85 11.88 17.35 19.6 13.55
8.08 6.07 7.01 4.75 4.09 3.43 4.6 8.43 7.54 8.84 9.69 8.23 9.56 25.45 31.7 11.33 10.5 5.2 6.24 7.53 8.1 10.59 13.13 9.41 3.34 4.03 7.57 4.06 6.44 7.39 13.88 10.15 22.29 28.0 24.07 19.92 18.58 18.11 11.32 8.23 10.36 11.47 7.54 5.13 6.59 5.58 12.58 13.01 12.2 7.82 7.98 7.18 5.18 7.0 3.52 7.5 5.89 9.31 7.75 11.59 7.9 13.2 13.59 12.92
7.17 6.14 6.77 3.61 4.62 3.11 3.93 7.15 6.3 12.87 12.06 10.51 12.63 20.64 18.21 17.15 12.29 8.09 8.85 7.63 12.16 7.5 13.62 9.69 4.08 4.07 4.96 4.4 4.63 7.8 12.01 21.94 28.5 16.41 25.21 20.85 24.71 14.1 11.96 8.03 6.76 7.31 4.35 4.75 5.4 4.64 12.78 14.58 13.51 6.65 15.06 6.08 6.37 4.26 4.88 7.79 7.35 7.95 8.16 6.41 7.55 8.36 11.61 19.94
3.7 4.98 4.7 4.29 5.21 4.53 2.99 4.32 4.81 16.87 12.67 16.66 13.26 16.99 13.8 11.41 9.51 14.89 8.17 8.69 14.76 15.48 11.5 10.19 8.93 6.01 5.8 5.63 5.61 10.19 9.12 16.34 16.2 14.69 30.33 13.29 19.19 8.3 9.61 5.27 9.16 4.66 4.69 6.9 5.25 5.66 11.26 11.47 9.55 9.57 15.27 7.15 4.26 3.85 3.2 4.16 10.79 4.91 10.99 5.45 8.12 7.8 8.69 24.82
5.54 3.33 4.0 4.42 3.53 2.43 4.23 4.55 6.62 9.1 11.23 15.63 10.25 16.28 19.88 12.46 10.84 11.19 7.76 10.72 14.16 10.89 21.49 15.49 11.28 12.89 10.17 13.31 5.59 9.24 9.14 16.07 14.7 14.73 17.17 12.52 9.56 8.83 9.73 8.5 7.21 3.95 3.82 4.35 3.39 4.78 8.15 13.25 7.48 10.57 9.3 6.57 4.45 5.76 4.05 4.48 6.16 5.54 7.09 4.67 11.8 12.48 13.53 11.13
6.17 3.97 4.35 3.26 2.53 3.61 2.95 4.02 7.21 8.86 12.21 13.96 6.38 8.89 9.59 10.85 8.71 7.71 8.4 8.59 6.98 11.01 18.12 16.09 10.68 11.51 10.2 14.1 6.54 10.25 9.45 13.25 17.68 13.62 17.05 10.91 10.95 8.11 7.41 9.85 6.03 4.81 3.76 3.08 4.91 3.09 5.42 6.15 8.05 10.27 8.76 8.66 5.8 4.81 5.65 5.22 7.88 7.88 6.91 5.65 9.36 13.96 13.42 9.66
7.78 4.98 3.08 2.9 1.96 5.28 2.98 5.36 7.67 7.22 9.76 9.89 5.79 7.01 5.41 7.89 5.12 5.16 9.02 4.81 3.53 6.62 7.46 12.61 9.09 10.11 7.53 10.04 8.92 14.29 19.17 13.84 25.35 17.76 15.54 8.27 7.4 12.21 9.43 6.64 4.02 4.73 2.07 3.87 6.61 5.96 7.71 4.47 6.1 8.8 9.13 11.35 7.56 8.92 3.93 3.08 6.56 9.23 6.51 13.39 7.06 8.52 10.51 11.59
8.37 6.36 4.27 3.93 5.57 4.42 7.4 7.99 8.57 9.72 7.94 11.41 8.48 10.07 8.24 8.77 4.56 3.24 3.36 3.12 5.38 2.7 3.66 7.8 6.07 8.25 12.61 17.08 12.93 19.56 12.08 16.62 24.06 25.27 16.16 9.08 8.42 6.88 10.81 7.33 3.75 4.05 2.45 4.39 4.31 7.48 7.59 7.72 7.48 7.9 10.06 8.45 10.26 9.12 6.23 3.83 4.99 4.31 6.99 16.12 8.48 8.65 10.34 9.15
7.5 6.08 5.87 6.06 5.38 5.08 11.61 7.48 13.32 18.48 7.71 12.02 9.69 16.16 10.56 9.36 3.87 3.2 2.62 3.36 4.1 3.89 3.98 7.53 5.91 10.27 9.99 11.22 16.64 16.53 12.95 14.83 24.39 34.39 17.8 9.02 8.6 7.43 10.33 6.08 5.96 3.64 5.72 7.19 7.98 10.73 7.16 7.48 7.84 8.07 11.85 7.75 10.54 10.74 5.05 5.54 4.06 3.77 6.84 5.46 6.41 5.72 8.14 9.74
5.41 5.7 8.01 8.15 7.44 3.86 11.44 9.55 20.51 11.58 10.11 9.5 11.61 11.51 11.37 4.58 2.79 3.48 4.1 5.72 4.2 5.01 8.76 5.22 6.73 9.44 9.94 11.93 11.98 8.46 10.29 11.97 16.54 30.8 15.86 8.03 4.98 5.16 4.1 4.92 5.44 8.48 7.57 12.85 9.45 10.24 15.91 12.82 8.76 8.95 12.86 9.46 9.32 10.2 4.62 5.25 2.09 5.11 4.12 3.71 4.44 4.05 8.77 9.69
4.89 5.85 5.01 3.75 7.36 6.45 14.14 22.34 16.63 8.27 11.55 8.46 9.47 14.22 12.08 6.29 2.63 2.92 4.16 4.71 6.02 6.9 10.29 4.66 5.91 6.72 15.89 16.63 12.07 9.11 8.62 11.02 7.66 18.26 9.99 5.96 5.62 3.52 3.71 4.42 6.94 5.27 5.56 14.55 9.85 12.67 22.6 16.67 13.04 9.28 19.66 16.32 15.0 7.48 6.06 5.27 2.11 1.9 3.55 3.94 4.38 4.48 10.64 10.14
3.46 4.42 3.51 2.96 4.51 5.34 7.29 17.87 14.13 16.41 12.17 8.85 7.03 9.5 7.45 11.72 6.06 4.86 4.75 5.58 5.93 10.45 13.88 8.13 11.66 8.21 12.04 11.05 10.65 15.07 10.72 11.47 11.45 11.27 12.24 6.56 7.51 9.06 7.05 7.71 7.25 5.93 6.83 11.49 15.46 17.59 26.95 19.85 16.4 9.17 11.49 18.81 10.0 12.91 8.64 6.24 2.72 2.47 2.63 2.19 2.38 4.61 7.21 7.94
3.68 4.2 2.9 4.55 6.16 3.98 8.23 11.16 30.32 15.0 9.92 12.4 8.01 6.37 5.62 9.48 5.94 4.21 5.25 7.55 12.23 13.5 8.75 8.46 15.83 8.78 9.2 8.44 7.03 8.66 6.96 16.56 9.08 6.86 9.41 8.21 16.21 12.97 11.53 13.71 6.69 9.48 8.72 19.11 17.25 18.22 27.31 26.22 17.2 7.02 11.22 14.0 12.05 16.43 10.0 7.86 2.93 4.07 3.0 2.4 3.9 4.71 4.04 4.39
5.32 4.49 2.91 6.05 6.08 7.54 9.72 15.6 41.68 20.22 16.56 11.73 8.82 11.86 6.8 11.02 5.53 5.62 5.16 7.15 12.01 11.57 5.46 6.16 6.26 8.15 6.49 9.34 5.32 5.71 5.48 10.46 5.87 4.57 8.9 11.76 14.4 9.88 13.85 15.31 13.17 8.57 12.39 15.51 10.66 11.95 16.78 30.52 17.52 13.18 16.35 15.78 19.66 17.29 13.28 6.6 3.28 2.66 1.92 3.33 6.84 7.03 4.79 4.08
6.11 4.38 2.51 5.26 6.21 9.68 15.29 14.43 29.91 16.41 26.21 13.35 16.12 18.39 15.16 14.43 11.43 9.63 9.32 9.09 10.9 6.11 7.66 4.31 4.91 7.39 6.05 5.53 5.3 6.05 8.82 8.59 6.82 8.14 7.87 17.05 12.95 11.95 13.55 9.08 7.75 8.63 9.57 13.42 9.54 15.56 12.66 12.74 13.3 21.67 21.33 47.11 18.87 16.25 8.69 3.46 2.35 3.34 2.23 3.03 4.32 7.32 3.86 4.12
7.67 3.99 3.38 5.91 8.3 8.8 12.92 13.21 20.25 15.12 24.61 17.16 16.11 11.12 19.72 28.72 14.53 8.94 13.62 10.62 9.35 3.61 5.87 3.22 7.33 9.16 7.78 6.04 6.98 3.75 7.89 8.18 9.12 17.37 11.56 13.23 10.57 12.51 10.61 7.82 12.23 10.62 8.76 11.4 9.77 14.89 10.61 15.5 14.82 17.64 25.41 20.58 16.75 9.62 6.3 3.09 2.35 2.43 2.12 3.75 5.25 4.79 4.05 3.34
3.45 4.54 2.03 5.4 6.99 11.35 18.14 15.54 11.36 12.93 17.16 17.61 11.81 20.2 22.74 15.1 12.42 7.82 12.56 11.31 5.94 5.07 3.0 3.2 6.11 8.25 12.69 11.34 11.37 6.13 7.31 4.08 7.74 8.45 12.23 6.77 11.59 9.76 11.34 9.04 14.12 15.59 10.66 14.59 12.91 13.07 11.13 15.18 14.53 12.64 21.93 14.78 14.52 5.74 2.38 1.74 1.55 2.08 1.47 4.03 3.44 2.66 3.07 3.74
3.5 5.5 2.69 8.46 4.94 8.0 14.39 11.0 10.7 10.67 16.38 10.29 16.76 16.82 19.26 13.23 13.12 10.99 12.21 8.03 5.99 4.09 3.0 4.35 7.3 5.9 9.85 10.0 10.31 8.63 8.31 5.14 4.66 3.95 4.76 4.8 9.81 5.35 10.37 8.43 13.0 10.94 7.87 10.02 7.89 19.28 15.9 21.03 14.08 8.51 12.33 9.05 16.22 4.53 3.08 1.87 1.2 2.98 2.25 2.64 2.93 2.42 2.91 3.47
6.0 6.0 4.72 8.0 6.49 7.45 9.26 9.61 5.66 11.28 6.43 7.63 18.19 14.33 11.76 15.26 7.9 10.29 8.45 9.4 6.51 4.26 2.73 4.03 6.17 5.12 7.24 14.28 14.91 10.16 4.05 8.58 3.79 2.89 3.43 4.08 5.37 3.58 6.77 7.77 14.63 6.41 7.67 6.9 7.94 15.28 16.59 30.08 15.98 6.66 9.05 5.35 5.03 3.05 4.7 1.81 2.44 3.12 3.92 2.65 4.57 4.34 4.42 5.5
5.6 8.19 4.72 7.76 4.61 6.47 6.97 7.12 6.81 7.09 8.01 7.38 8.41 11.12 11.91 12.74 7.22 11.07 6.86 6.26 4.47 2.58 2.99 3.06 3.99 4.5 7.57 15.29 20.48 12.72 6.98 5.87 3.49 3.24 3.05 3.11 2.98 3.12 3.53 6.29 7.14 9.6 8.63 7.38 6.91 13.32 16.32 20.24 14.31 7.54 8.47 4.27 1.95 2.42 2.37 1.84 2.23 3.62 2.49 3.12 3.89 5.49 4.87 4.88
10.74 6.56 5.55 11.16 6.12 8.49 5.35 9.72 9.52 5.3 10.89 7.95 12.83 9.06 9.55 12.9 8.44 6.78 5.27 7.47 2.75 1.21 2.37 2.83 5.94 4.17 7.2 7.83 10.13 8.06 7.03 6.15 3.15 2.77 2.23 2.31 2.79 2.78 2.96 4.62 2.91 8.45 7.18 8.13 13.42 11.83 9.75 10.92 6.34 6.87 4.6 4.23 3.01 2.08 2.31 1.74 3.54 4.5 3.47 5.23 3.91 4.03 2.71 2.45
13.79 11.13 8.46 11.72 6.61 10.75 6.6 20.0 18.42 8.54 9.59 9.23 11.27 14.02 6.41 19.8 13.06 6.44 6.77 5.2 2.14 2.64 2.74 3.9 5.65 5.01 6.02 5.8 6.13 5.77 4.88 4.05 3.74 3.51 2.82 2.82 2.36 2.09 3.29 2.35 5.25 6.96 7.12 7.89 13.91 8.97 6.13 7.25 6.12 3.91 1.65 3.58 2.41 2.96 2.56 2.52 4.45 3.78 2.62 4.54 5.38 3.45 1.82 2.2
16.56 19.39 10.38 13.48 10.67 9.06 8.14 18.73 21.82 9.31 8.09 5.41 8.97 6.67 6.99 16.11 12.84 13.58 10.45 3.58 3.09 3.21 4.46 3.05 6.93 5.42 4.48 4.57 4.97 5.65 7.38 3.49 3.56 3.43 3.21 3.02 1.71 2.99 2.6 2.03 6.15 4.88 10.51 9.84 10.16 9.75 7.67 6.08 5.22 5.05 2.76 2.41 2.32 3.08 3.14 2.89 3.84 4.6 2.1 3.41 2.78 2.67 2.53 2.02
15.1 15.63 12.81 26.74 22.19 9.9 7.69 12.5 11.22 10.82 4.83 4.44 5.62 6.47 7.22 9.97 10.04 12.9 6.17 3.5 2.72 2.23 3.08 3.55 6.53 5.9 3.89 5.15 8.73 8.54 5.72 7.46 4.64 3.44 1.98 2.63 2.62 3.27 2.47 2.55 3.68 2.6 11.38 12.82 13.93 17.13 9.41 10.45 10.09 6.26 5.12 2.71 4.04 2.74 5.08 3.27 4.65 3.69 4.93 3.5 3.73 3.29 2.02 1.76
14.13 13.37 17.54 17.78 12.09 21.87 15.38 14.13 8.28 6.1 2.84 4.2 4.43 7.28 12.06 8.61 8.1 11.7 7.72 5.57 2.73 3.44 4.86 3.07 5.38 6.67 5.61 6.81 9.01 8.72 7.83 9.03 5.68 5.72 3.05 2.5 2.83 2.92 4.13 4.0 3.6 3.59 9.79 10.44 14.8 21.73 11.9 13.28 8.5 8.18 4.92 4.24 4.85 2.81 7.55 5.65 4.68 4.89 4.49 4.09 5.24 4.64 2.29 1.71
13.61 15.91 18.86 12.89 22.66 38.45 22.88 18.0 9.09 4.16 1.89 2.1 2.6 2.84 7.5 4.51 6.8 8.75 7.61 7.0 3.89 6.52 6.8 4.32 7.01 6.39 9.27 4.81 8.76 8.36 8.14 6.4 2.85 6.5 4.12 3.1 2.1 2.24 5.78 5.56 4.16 8.36 11.27 14.56 21.73 14.0 12.17 10.08 5.5 10.63 6.73 8.46 6.07 6.31 8.94 5.04 5.04 4.17 5.42 5.53 5.97 3.28 3.69 3.11
9.47 17.02 19.23 19.31 41.15 56.45 20.97 20.54 6.38 3.18 1.88 1.67 1.55 2.4 3.34 4.09 4.95 8.27 4.13 5.07 3.88 5.02 3.72 6.67 5.01 5.54 8.76 5.65 4.05 7.12 4.19 4.91 5.62 5.86 4.27 3.68 2.96 2.76 6.01 5.79 4.79 7.31 10.46 14.84 20.21 13.76 6.94 6.32 10.63 11.66 10.15 17.15 18.36 15.16 7.54 7.47 7.21 4.08 3.91 4.03 3.55 2.65 3.28 3.54
9.4 21.92 26.53 35.29 23.51 48.28 27.11 20.67 7.3 4.03 2.5 1.33 1.9 1.68 5.5 5.95 6.61 6.77 5.0 7.41 5.48 6.22 5.35 5.54 3.55 2.41 5.03 3.47 3.32 3.94 3.1 4.73 5.57 4.14 6.39 5.14 3.75 2.82 3.61 4.61 5.24 12.19 10.87 14.64 12.08 11.15 8.5 8.26 12.08 11.73 13.92 18.86 25.0 21.1 16.12 11.8 8.6 4.95 3.78 3.94 2.06 4.19 3.0 3.25
11.52 16.31 33.3 28.86 22.09 27.99 12.86 27.61 12.95 7.78 6.05 2.57 2.72 2.06 4.56 6.55 6.45 9.45 8.24 10.24 7.85 4.64 3.9 6.37 5.24 3.8 3.41 2.15 4.47 4.76 5.32 9.4 6.52 3.9 2.68 3.66 1.83 2.9 1.78 4.0 5.42 10.71 13.77 15.54 14.73 9.81 13.58 19.49 11.96 12.32 16.03 22.41 20.15 19.31 20.41 8.8 9.35 3.92 7.63 3.54 2.42 3.37 3.6 4.76
5.63 10.29 23.41 15.92 32.51 20.9 13.24 18.95 11.19 7.8 10.99 7.12 4.49 3.39 5.64 7.61 7.46 11.41 7.49 10.64 6.71 3.82 3.7 5.09 8.1 5.19 4.45 3.64 5.85 8.01 7.97 8.15 6.43 3.39 2.44 2.85 1.92 2.52 1.89 4.3 5.51 7.72 11.54 16.04 14.66 10.6 19.8 17.25 14.77 12.56 10.44 21.1 11.9 12.08 9.34 7.42 7.39 3.79 6.8 4.92 2.37 3.8 2.21 2.27
7.17 13.34 12.18 12.35 22.58 20.49 27.3 17.52 15.17 8.07 8.29 5.36 6.3 3.12 8.32 6.26 9.48 4.66 6.21 7.98 5.24 4.17 5.49 6.2 8.42 5.96 4.8 2.81 7.93 6.62 11.36 5.21 4.7 3.2 2.47 3.38 1.9 2.47 2.79 3.06 3.65 7.7 10.97 16.37 23.57 30.33 24.33 24.67 24.3 14.4 14.61 14.19 11.2 8.32 8.38 7.19 4.17 6.48 8.6 5.37 3.29 4.61 2.31 2.08
12.43 21.66 15.5 13.42 20.46 25.94 14.82 18.36 23.21 14.17 5.17 7.5 5.4 3.67 5.44 5.5 10.99 4.73 5.73 6.09 4.26 6.13 4.6 8.28 9.92 6.95 3.84 3.27 4.9 7.75 9.25 8.49 8.23 4.38 2.6 3.4 3.6 3.96 2.8 2.11 3.59 8.75 13.22 12.12 30.68 29.89 19.02 24.36 22.28 19.54 16.45 14.18 18.72 10.56 11.12 7.01 7.35 11.86 12.19 6.5 5.87 5.34 3.15 3.52
13.86 23.12 15.76 14.35 16.85 33.27 24.28 25.4 20.96 14.98 7.34 11.23 6.05 7.44 5.75 3.55 8.95 5.13 6.54 5.76 4.41 6.77 6.0 8.22 11.83 9.07 9.08 3.7 6.0 7.23 7.27 7.49 6.54 4.13 2.76 5.32 6.05 4.16 5.26 2.76 5.47 10.76 12.68 15.79 21.35 18.15 16.55 9.29 8.32 10.26 12.57 13.58 11.57 5.53 5.27 5.23 8.12 14.71 14.32 11.3 10.09 5.2 5.57 6.95
11.49 12.51 16.44 8.88 15.17 16.33 23.12 45.82 21.16 26.99 10.15 10.7 9.17 8.05 5.96 3.1 5.21 5.16 4.47 5.17 4.56 5.67 6.5 8.84 8.34 10.86 10.19 3.78 8.25 9.36 5.69 5.95 4.46 4.63 4.42 8.29 4.35 4.51 5.02 6.02 5.08 10.53 13.21 12.55 9.92 12.91 14.92 10.83 7.26 6.79 8.43 10.02 5.04 3.85 5.9 4.74 5.57 8.89 17.93 9.44 9.67 6.83 11.39 7.74
9.41 10.97 13.28 9.72 18.33 19.57 23.37 30.93 26.07 33.53 12.1 14.14 11.67 7.01 4.54 2.57 4.0 5.89 5.88 7.19 6.65 7.55 5.93 7.46 8.28 14.26 6.82 4.18 6.44 7.96 4.25 9.6 5.06 6.33 6.09 4.99 5.74 6.32 8.9 8.97 8.94 7.95 6.82 12.34 8.7 8.07 6.29 7.55 4.85 4.33 7.07 7.39 2.89 6.59 4.79 5.62 9.66 7.97 17.51 12.11 10.66 12.0 10.74 10.04
7.15 11.66 14.11 11.42 14.27 20.19 18.89 26.57 20.0 19.43 17.43 11.56 11.48 5.8 7.94 2.01 4.4 5.11 9.06 6.92 7.63 5.1 8.97 8.09 6.93 9.59 8.92 5.26 6.44 4.26 7.38 7.39 5.03 7.66 8.37 7.56 6.03 5.25 9.03 14.05 11.6 10.05 7.53 9.1 8.28 4.87 5.39 8.83 5.22 7.47 7.51 5.59 3.36 6.8 4.3 7.98 8.92 7.31 10.34 10.46 13.08 10.31 10.03 14.29
6.25 17.98 17.55 7.96 9.05 16.11 15.45 15.76 13.11 9.35 6.37 7.45 8.77 9.36 5.09 3.5 4.54 3.44 7.37 5.64 10.0 8.68 8.37 9.87 6.13 4.1 4.11 5.01 5.69 5.48 10.19 7.94 5.37 6.0 8.51 15.94 10.74 8.41 6.19 10.49 8.67 11.09 11.34 11.33 9.43 5.64 6.61 5.17 6.16 10.01 9.03 11.37 10.88 9.68 6.71 10.21 8.03 7.24 11.54 8.14 11.77 8.46 6.92 9.59
5.21 19.06 16.5 13.21 9.77 20.08 14.53 12.9 15.65 11.2 8.8 8.52 7.95 5.98 3.12 4.98 4.98 4.61 6.61 5.73 9.33 8.48 10.85 10.58 11.07 3.98 2.36 3.19 4.75 7.21 9.38 6.15 9.3 3.5 6.57 8.07 6.37 9.21 8.5 7.29 19.4 11.62 13.76 14.08 12.26 10.56 6.22 4.76 5.52 6.35 8.58 10.66 21.83 12.77 17.62 10.16 12.47 12.27 7.19 9.73 14.12 13.87 8.69 11.8
5.18 12.94 12.69 10.75 18.82 15.69 12.25 17.78 10.82 8.04 4.39 11.21 7.16 5.14 6.59 3.1 4.97 5.03 9.05 9.95 9.33 7.24 8.02 15.79 7.96 4.41 4.36 4.04 5.74 6.33 5.21 3.67 5.06 2.6 4.92 6.15 5.07 8.35 7.92 15.97 16.6 10.39 18.93 17.26 10.37 8.81 7.95 7.68 6.47 8.03 12.96 15.71 25.01 18.47 23.16 12.88 17.27 15.03 16.06 13.81 14.7 13.5 13.36 8.97
6.94 12.67 15.27 13.77 17.5 12.71 9.53 8.04 9.67 5.94 3.61 6.49 2.79 5.17 3.31 2.96 4.47 4.51 9.43 10.68 9.5 9.13 8.75 18.71 6.78 9.78 6.38 5.82 7.69 7.35 3.75 3.54 3.67 4.14 3.31 8.11 6.63 6.34 6.97 15.18 18.12 13.23 19.37 12.93 9.45 6.1 5.51 7.66 12.56 11.53 10.41 9.7 18.59 27.8 22.55 25.83 18.8 16.34 16.77 18.72 14.87 10.83 13.01 4.9
7.16 9.66 7.1 8.7 10.86 13.05 8.35 4.75 6.17 4.27 5.87 7.6 4.54 3.73 2.87 2.79 4.75 4.89 10.23 9.91 7.09 6.32 11.07 11.31 7.48 6.88 6.94 4.35 9.02 7.13 7.7 4.53 5.63 7.98 4.1 8.76 8.82 8.14 13.02 13.53 10.69 19.81 13.12 13.23 14.43 5.67 4.18 3.66 8.94 16.11 13.54 13.1 25.23 26.74 20.3 20.41 19.25 23.11 11.57 15.03 7.72 5.93 5.66 4.96
11.87 15.42 8.24 6.21 7.46 8.48 5.4 4.53 4.17 4.33 4.24 5.94 4.04 3.13 2.62 5.69 9.91 11.13 11.55 6.54 6.6 7.68 10.05 12.58 11.08 9.97 7.04 4.7 6.06 5.67 6.43 4.17 5.1 7.62 3.76 7.67 10.06 19.06 20.07 28.68 19.64 27.93 14.27 15.53 6.38 5.25 5.37 4.86 7.2 15.26 20.47 17.27 35.81 27.68 14.31 25.24 20.69 17.42 13.54 15.27 11.3 5.81 6.88 5.95
9.15 7.85 6.76 7.86 6.76 6.96 6.28 4.51 2.98 4.65 4.26 4.9 5.1 4.41 3.91 5.98 7.5 11.91 7.64 8.07 7.92 8.72 11.26 7.47 18.91 19.67 13.62 8.15 5.58 7.77 4.36 3.67 7.16 6.08 3.75 5.23 10.31 15.85 18.72 27.31 26.02 16.35 28.85 11.27 7.56 6.9 6.13 4.43 8.67 16.37 12.18 17.58 30.79 16.57 10.94 14.16 17.04 16.57 13.36 13.97 16.6 12.72 7.35 6.38
4.82 3.26 4.55 4.68 3.26 3.44 4.48 3.0 2.47 2.58 2.8 4.09 7.19 4.54 6.03 6.16 5.21 8.67 10.94 8.01 8.61 8.79 11.58 7.64 11.65 12.09 8.19 6.08 5.76 5.04 5.87 6.0 8.92 8.21 7.12 10.01 12.8 14.79 19.18 52.89 21.95 16.98 32.75 14.6 12.0 9.0 12.89 6.4 9.82 6.86 8.5 21.89 23.61 20.5 14.62 16.25 11.29 13.98 18.64 11.02 13.61 11.12 7.9 6.38
4.85 4.95 5.53 3.32 3.94 4.59 4.05 3.42 2.54 1.75 2.65 2.58 6.01 5.56 6.56 9.22 5.59 8.92 11.62 8.04 10.14 9.36 8.41 7.13 7.65 12.04 6.57 7.7 5.06 7.48 5.36 5.51 5.84 7.28 10.45 16.78 16.15 17.93 21.16 67.2 36.83 29.26 43.42 20.82 14.3 12.65 14.6 12.23 12.48 6.61 12.88 16.76 14.25 14.67 21.76 16.35 15.84 15.3 20.09 21.65 11.04 8.88 11.63 13.12
4.03 8.02 4.73 5.86 5.76 7.46 5.94 4.29 4.13 4.95 6.48 6.59 6.71 6.71 10.59 13.43 14.8 8.57 11.01 6.1 10.56 6.77 6.29 6.44 5.9 5.77 6.21 7.37 6.47 7.28 6.17 3.36 6.79 7.83 11.5 15.37 20.87 13.15 19.98 37.58 27.19 25.63 45.89 15.81 13.21 18.19 9.91 8.89 11.35 10.86 8.73 8.72 12.76 9.03 25.0 13.63 25.62 17.82 18.13 19.01 13.29 12.98 9.5 15.63
5.43 4.9 4.7 5.42 4.93 8.0 7.81 5.42 5.08 8.68 7.96 16.19 11.49 7.77 6.14 11.96 14.34 8.27 13.4 9.79 12.95 7.51 5.94 5.85 4.7 5.23 3.87 5.66 3.49 3.41 3.98 4.26 8.34 5.79 14.32 16.45 15.6 14.16 8.99 21.78 13.36 32.25 26.69 14.11 16.33 17.91 7.48 7.66 6.21 8.12 6.96 6.89 12.65 6.71 11.5 16.42 28.49 27.39 14.63 17.13 16.24 8.17 9.11 11.82
8.44 9.27 6.33 5.73 5.4 9.27 6.7 7.75 10.84 8.32 7.01 8.25 6.84 10.29 10.1 13.36 17.22 11.87 9.32 11.91 8.51 12.3 5.48 4.15 4.1 4.28 3.63 3.86 3.19 5.34 4.35 5.32 5.04 6.85 13.01 16.51 14.43 8.97 7.56 6.08 13.5 17.84 10.27 9.9 9.89 8.02 7.1 5.28 6.77 7.27 5.32 6.01 11.77 10.99 18.85 13.5 20.49 17.03 12.63 23.38 20.85 16.49 13.27 15.64
10.26 10.2 10.2 10.64 8.96 12.73 6.54 8.68 6.4 7.06 8.53 6.53 8.38 7.96 15.4 12.26 13.87 16.25 21.35 12.94 7.74 9.03 5.44 3.42 2.97 4.07 3.17 3.66 3.48 3.95 5.03 4.25 6.57 16.61 13.88 17.11 11.28 7.31 5.36 5.64 11.45 7.89 6.37 10.82 5.56 5.21 4.9 3.12 5.49 6.13 3.74 5.18 8.06 9.68 21.36 15.81 20.54 17.84 21.91 16.37 12.25 20.34 27.45 26.0
9.09 3.82 9.01 6.53 10.33 8.58 8.48 6.71 3.7 8.07 8.28 9.45 14.3 8.31 14.96 12.95 9.48 9.72 19.01 14.14 9.23 9.75 6.53 3.73 3.08 3.35 2.62 4.64 4.66 7.16 4.59 8.65 8.93 16.54 12.19 13.44 9.58 6.82 3.27 6.57 4.05 4.5 3.86 8.91 6.74 7.51 4.45 3.11 4.54 2.63 3.68 6.27 4.94 9.1 13.68 12.16 8.44 8.87 20.84 13.69 9.76 13.78 18.99 16.9
5.8 5.26 10.6 7.88 6.58 8.07 8.06 3.15 4.04 7.12 8.34 8.61 12.36 7.79 13.77 11.61 10.1 13.75 14.45 10.86 11.0 8.08 4.9 1.76 3.28 2.83 3.67 5.6 7.59 6.5 7.94 8.03 10.3 15.49 9.69 6.72 9.47 7.21 4.73 7.29 4.93 3.96 4.27 4.14 4.95 3.42 2.91 3.12 3.81 3.38 4.26 3.08 4.4 6.74 11.38 13.59 7.53 8.48 12.15 9.89 11.96 15.26 15.13 13.51
6.35 7.99 10.75 9.25 7.05 8.13 8.95 3.65 3.85 6.88 7.61 6.56 9.89 5.29 6.36 7.0 10.38 15.48 9.59 8.5 10.45 6.37 5.59 2.26 3.39 2.48 4.21 8.05 7.18 7.49 8.55 5.96 7.02 7.56 9.29 6.08 9.87 5.81 5.13 14.83 5.32 7.3 6.26 5.62 5.46 3.72 5.13 4.67 2.96 4.89 3.44 2.62 4.22 4.36 6.41 11.15 10.97 13.5 8.88 8.69 14.02 21.42 10.57 14.34
11.53 8.89 10.87 8.17 5.69 6.87 5.37 4.15 5.03 7.65 6.3 6.12 8.23 6.46 3.99 4.79 11.4 16.81 12.39 10.03 9.31 4.92 3.42 3.36 4.05 2.97 4.19 8.61 6.91 12.65 6.53 8.49 9.58 9.36 7.89 7.84 6.63 3.63 5.62 5.97 5.59 2.99 4.58 3.81 4.73 5.04 7.06 4.18 3.8 4.2 3.6 4.4 4.75 5.07 5.98 6.24 12.56 11.2 9.52 6.61 9.61 12.68 8.21 13.6
8.96 10.52 11.56 10.55 5.61 4.09 4.82 6.48 5.61 7.09 3.38 4.44 3.16 4.13 5.24 7.74 13.87 13.03 13.12 6.65 5.92 4.47 4.57 3.75 2.86 2.37 4.23 9.44 13.86 14.8 8.11 8.69 7.92 9.99 9.61 6.85 5.62 9.43 6.35 4.56 5.82 2.83 3.07 2.28 3.52 2.81 4.79 3.09 2.39 2.98 3.35 3.41 3.51 8.29 8.4 4.84 9.82 5.72 4.8 6.46 10.61 14.85 21.79 8.8
7.95 7.74 8.73 8.75 7.15 3.15 4.64 6.1 6.36 4.69 4.69 5.45 3.03 3.56 2.61 5.7 7.36 5.91 8.08 4.08 4.36 3.95 3.75 7.31 3.71 3.73 5.84 8.74 10.2 10.03 8.39 9.02 5.11 10.18 7.04 8.26 8.04 11.77 4.83 8.62 4.38 3.58 2.69 4.96 3.65 4.65 4.22 4.67 3.15 2.51 5.04 4.79 3.62 7.35 6.87 8.47 7.43 4.1 3.22 6.59 6.7 10.49 19.64 9.95
7.55 4.53 11.28 8.48 7.0 5.67 5.51 5.85 5.68 6.81 5.85 5.05 5.86 2.75 1.82 2.2 2.92 2.65 3.56 3.13 5.13 8.74 6.15 5.24 5.09 4.61 4.96 6.13 6.88 7.66 8.44 4.72 3.94 7.89 5.5 9.68 11.78 8.32 4.42 3.08 3.41 2.42 3.33 4.74 5.25 5.34 4.08 4.45 4.04 4.96 4.85 7.61 9.44 11.14 11.66 11.68 11.94 6.19 6.82 10.28 8.93 10.28 8.8 9.77
4.57 4.86 5.89 4.87 8.5 6.27 9.64 5.71 5.98 10.37 4.45 4.88 5.57 2.61 1.72 1.56 2.86 1.8 2.37 2.56 7.47 10.69 8.4 3.35 3.96 4.18 4.96 7.14 10.37 10.24 7.65 4.64 3.37 4.97 6.31 10.03 12.81 8.98 6.31 2.42 3.18 3.54 2.74 4.7 4.41 5.06 3.89 3.64 4.3 8.19 7.53 8.59 9.41 18.26 11.69 14.56 10.67 12.54 9.05 7.87 15.01 18.34 8.88 11.77
5.98 6.66 6.96 4.73 8.26 7.49 6.31 3.45 7.15 8.95 5.04 4.01 5.15 3.84 3.11 1.68 3.15 3.4 2.32 3.37 6.49 8.12 7.47 4.63 6.75 5.18 6.75 8.82 8.23 12.91 6.13 4.48 4.8 5.93 6.6 10.76 17.51 10.73 5.04 3.45 4.2 2.49 3.65 4.57 4.46 5.54 7.18 5.81 10.01 9.4 9.64 6.88 12.13 14.15 13.49 15.16 9.97 14.85 9.06 8.87 12.11 11.6 7.22 9.16
6.16 13.76 13.9 15.61 8.01 11.23 7.78 4.98 6.69 9.17 8.82 7.39 5.53 4.03 4.21 1.67 2.75 2.66 2.28 4.83 2.76 4.3 6.33 5.61 6.92 9.74 14.94 5.19 5.88 6.68 7.42 5.2 8.19 7.85 6.89 7.83 11.59 6.06 4.35 2.65 2.11 2.37 4.55 5.4 9.1 8.13 19.54 10.34 14.11 10.86 9.91 6.16 10.44 14.37 21.74 12.46 15.04 14.14 15.41 10.85 14.02 8.86 8.75 10.0
