14.76 12.03 18.09 13.18 15.23 10.07 5.83 9.89 9.24 6.6 5.82 8.27 12.77 14.84 9.88 9.22 9.98 6.63 8.98 8.56 4.34 4.53 7.08 9.36 19.17 14.91 6.75 9.19 7.35 8.02 5.47 4.39 4.19 4.96 5.44 11.95 12.58 15.84 10.87 7.14 4.35 4.51 3.66 2.25 2.9 2.43 4.31 6.08 6.08 4.42 5.65 9.79 7.19 8.7 13.18 11.09 6.49 8.51 9.77 8.36 5.09 6.67 4.36 5.06
12.01 14.1 13.81 29.22 15.17 7.94 7.01 6.63 7.27 9.19 5.42 6.42 8.35 12.82 11.18 9.63 5.37 6.53 5.76 7.87 6.28 4.88 5.15 8.22 12.86 15.12 4.76 9.4 8.49 6.54 5.88 4.26 4.16 7.36 6.27 8.6 12.13 11.56 9.48 9.59 5.12 3.47 2.92 3.78 2.97 3.24 2.94 6.65 6.13 6.72 5.25 9.39 8.16 6.84 8.11 12.03 8.36 9.1 7.95 8.0 5.65 5.6 9.58 10.15
10.11 13.63 13.34 11.92 17.66 8.02 4.49 4.35 7.68 9.93 7.26 6.2 12.53 7.57 8.23 9.32 6.85 6.44 4.94 5.22 7.35 4.3 4.52 6.95 13.25 12.62 5.49 4.8 8.43 7.73 6.14 5.08 5.04 7.19 8.66 11.41 11.92 8.91 9.7 6.45 7.13 4.83 4.2 4.99 6.1 2.39 2.01 3.32 3.27 2.61 3.68 8.15 12.11 9.36 9.75 14.68 10.0 8.68 9.36 6.94 7.46 8.66 8.86 10.61
10.86 18.77 11.3 13.7 17.53 9.22 5.28 7.01 6.7 3.74 4.28 7.85 8.14 5.93 5.68 6.42 6.41 5.82 5.93 5.2 5.0 6.03 4.8 4.66 8.79 11.13 6.14 8.76 10.59 4.76 4.73 3.72 7.2 15.09 14.56 16.09 13.12 8.85 6.63 7.41 7.13 4.4 3.39 5.05 4.25 5.04 2.64 2.66 2.56 2.4 2.26 5.74 9.23 9.94 7.52 12.74 16.45 10.14 6.87 6.12 8.42 7.8 5.52 7.91
11.68 11.88 10.99 15.38 9.93 5.81 7.9 7.47 3.77 3.14 3.94 8.43 12.31 7.26 8.48 5.08 5.46 5.29 6.03 4.26 1.93 4.27 8.88 5.06 5.19 7.32 3.11 11.61 10.02 5.08 3.98 5.43 3.9 10.8 19.54 19.91 16.6 10.75 9.94 8.15 9.86 7.01 5.06 4.69 3.77 4.23 3.91 2.42 3.6 2.37 1.51 4.25 3.36 5.03 7.95 13.16 7.01 8.17 9.78 7.66 7.26 6.32 2.97 3.96
6.69 15.65 13.81 15.21 14.8 5.14 4.74 5.99 5.07 3.55 2.94 6.47 12.21 9.9 9.27 8.12 4.79 3.53 4.22 4.31 3.73 3.59 6.09 7.61 10.91 9.87 6.49 8.53 6.82 3.85 4.46 5.17 5.38 12.12 15.97 21.15 16.42 5.15 4.14 9.11 7.88 4.31 5.57 5.09 4.94 5.57 3.93 3.65 2.95 2.21 2.6 2.71 3.03 5.67 7.07 7.69 7.45 9.67 10.31 11.9 5.96 4.33 3.32 3.82
6.52 10.01 13.63 9.03 9.33 8.67 9.97 7.84 3.31 1.88 3.75 6.48 9.18 7.76 14.07 10.17 4.49 5.47 6.72 3.2 2.25 4.43 4.13 5.97 13.42 13.28 7.21 4.91 4.8 6.07 6.66 7.04 7.05 7.94 21.91 17.38 13.38 6.91 4.47 4.45 5.47 5.65 7.69 5.67 8.99 8.92 3.45 3.54 4.41 2.59 2.23 2.76 2.77 4.44 5.49 8.43 16.47 9.08 10.51 11.65 9.71 5.36 3.14 3.64
6.68 9.22 9.04 9.32 7.76 12.27 12.0 7.58 2.97 2.64 4.59 7.2 10.28 18.02 10.42 8.25 7.12 5.65 4.66 2.99 3.72 4.38 4.58 6.88 15.51 14.53 9.74 7.9 6.37 6.08 8.33 10.22 13.4 18.87 10.16 6.17 6.15 13.73 6.13 4.01 5.5 7.79 6.2 5.55 5.47 6.36 4.02 5.26 2.78 2.93 2.72 3.43 5.2 6.91 7.39 16.98 12.63 7.98 8.13 10.47 5.06 3.5 3.57 2.96
8.63 7.5 12.57 9.5 9.28 9.67 10.1 5.58 3.29 1.73 2.63 6.46 19.63 20.55 16.42 7.08 5.48 7.86 7.23 4.91 2.57 3.95 5.95 8.9 9.13 11.31 7.92 7.03 12.47 8.35 7.73 8.64 8.13 13.15 11.59 4.4 7.2 12.19 5.32 3.14 4.37 8.45 7.87 5.61 7.62 7.33 4.21 3.93 3.73 3.19 3.06 3.72 6.83 7.07 9.54 15.72 14.49 8.48 7.12 6.07 7.54 5.92 3.68 4.47
6.42 9.63 12.14 17.1 8.4 3.96 7.22 6.36 4.93 3.6 3.2 4.93 10.55 13.67 11.0 6.34 6.24 4.59 5.57 3.28 5.7 6.22 5.89 12.21 8.82 6.31 13.45 15.15 12.81 11.04 10.98 6.29 5.93 9.98 14.08 5.87 5.96 7.72 6.92 4.59 4.32 3.72 7.96 6.78 6.06 7.37 4.59 3.78 3.28 3.56 5.32 6.46 8.26 9.57 12.62 14.33 13.51 10.62 7.68 4.42 5.86 3.76 5.83 4.52
5.85 9.03 9.72 8.96 10.25 6.04 5.4 6.11 5.11 2.47 3.0 6.6 8.87 9.87 6.15 6.74 5.4 4.97 4.29 8.4 6.52 11.69 6.0 7.42 11.34 8.45 14.3 18.36 9.48 11.42 11.28 7.92 6.02 7.03 9.52 7.26 7.69 8.4 8.11 5.24 2.93 4.08 5.88 11.45 8.06 4.41 2.57 5.27 5.43 3.42 4.99 12.2 7.94 8.32 8.71 12.21 14.59 11.53 5.71 4.34 2.8 3.61 4.67 6.67
5.91 8.24 9.46 11.08 5.86 5.2 6.38 4.0 6.29 5.16 8.53 5.54 6.07 8.59 12.22 4.27 8.11 8.55 7.83 6.24 8.21 10.06 6.92 5.69 7.42 7.23 18.45 21.58 16.79 14.97 12.18 6.34 6.25 5.58 7.01 5.24 6.86 5.72 6.96 4.89 3.71 2.82 4.77 6.13 5.72 3.56 2.39 5.74 3.88 3.93 8.72 14.55 9.72 9.72 13.75 7.65 8.66 7.02 6.88 4.42 4.37 2.79 4.45 2.81
4.22 6.54 9.17 5.06 3.37 4.45 4.37 4.4 5.58 6.92 6.64 6.22 6.11 5.47 5.29 4.07 5.3 8.89 8.26 8.06 8.1 9.72 9.33 8.68 7.13 8.28 18.98 22.21 13.05 16.4 8.38 8.72 7.39 5.13 7.97 6.73 4.78 5.64 5.25 4.34 4.25 4.07 4.25 2.97 5.01 3.2 2.05 1.57 3.94 11.99 18.91 11.78 6.03 10.78 10.17 7.52 3.89 3.22 2.97 4.09 4.47 4.73 5.83 5.49
4.84 4.36 5.43 6.68 4.13 3.25 3.56 9.58 11.38 5.51 9.8 8.62 3.95 4.79 7.19 8.79 6.97 7.27 5.18 5.01 7.55 7.37 8.3 9.99 5.53 7.93 20.13 17.41 9.95 15.41 11.18 8.36 8.71 6.92 8.45 6.97 3.32 4.05 4.52 5.12 6.71 6.31 2.32 2.06 3.11 4.1 2.29 2.39 3.36 6.63 13.02 11.4 10.38 9.73 9.36 6.79 3.47 3.5 3.7 5.11 3.25 3.2 6.6 5.06
5.22 4.25 8.58 3.9 3.89 4.72 5.46 5.84 7.84 5.97 9.7 6.25 4.94 5.56 4.96 5.27 8.82 7.2 5.41 6.26 12.04 6.92 6.41 6.01 11.28 9.23 10.64 10.58 19.55 14.74 13.61 9.66 11.46 8.71 9.46 4.15 3.75 4.8 10.58 8.53 7.15 3.14 3.33 3.59 3.14 2.72 5.43 3.76 3.83 5.94 14.8 16.27 10.74 6.64 10.1 7.66 3.92 4.45 4.05 2.02 1.99 4.31 6.57 4.31
6.16 7.62 4.27 4.15 6.45 6.24 5.42 4.51 7.16 5.94 6.53 10.08 7.32 7.3 5.8 12.11 10.79 6.84 4.92 9.35 9.55 4.71 7.23 11.79 8.73 5.8 6.61 13.18 27.55 17.95 19.43 14.67 9.28 10.6 9.44 8.42 4.03 6.14 9.06 10.25 3.85 3.47 2.33 3.7 2.11 2.87 5.79 6.61 5.21 6.18 9.54 9.95 11.41 7.95 9.55 6.53 4.11 2.76 2.98 3.47 3.61 2.87 2.41 4.36
6.44 5.38 4.76 5.45 5.83 5.35 5.54 4.84 6.08 6.7 5.95 6.58 7.69 6.0 9.08 9.53 6.1 9.95 8.16 6.55 7.78 7.04 5.04 8.0 9.29 10.67 12.95 13.63 24.41 28.71 26.05 15.81 14.54 9.25 4.81 6.33 9.72 3.75 5.82 8.39 5.62 4.05 2.76 2.67 2.68 2.9 4.85 6.0 9.9 8.4 10.52 15.53 6.17 4.52 14.04 9.81 4.2 2.51 4.22 5.08 4.57 3.15 4.25 4.08
5.75 3.55 9.48 8.5 5.82 4.12 5.61 5.32 5.6 5.45 9.19 8.72 6.38 5.73 7.63 5.59 6.01 11.87 13.9 8.22 9.64 7.11 4.95 6.03 7.17 6.05 9.31 8.5 15.56 33.97 64.32 30.41 18.39 8.18 6.38 11.7 8.84 3.99 4.86 5.8 4.79 5.38 4.6 4.21 3.28 2.25 5.62 4.58 4.74 9.89 15.78 10.9 7.76 7.25 11.2 3.93 3.53 4.69 6.09 5.65 5.79 5.81 5.24 4.28
8.9 8.6 9.12 7.64 7.6 5.4 4.38 3.73 4.56 4.75 11.17 14.9 6.28 6.66 9.44 6.41 5.76 10.36 8.79 16.83 9.04 4.85 4.33 6.37 7.01 12.22 9.6 7.74 12.73 20.44 47.3 35.87 31.27 11.01 8.36 6.22 4.92 3.18 5.64 5.37 3.42 5.56 5.87 8.11 3.89 2.34 2.83 4.56 4.48 8.26 11.84 19.37 11.8 8.93 9.9 7.46 5.79 4.15 7.25 9.22 5.14 6.52 7.96 6.1
17.79 15.78 8.81 8.97 9.07 5.27 4.04 4.01 4.9 5.41 9.31 9.44 10.2 9.84 13.47 6.39 4.34 7.89 9.47 7.43 7.32 2.31 2.38 4.4 10.94 14.93 5.33 3.98 10.26 15.07 16.66 20.69 18.23 13.78 11.19 8.31 7.24 5.01 3.09 3.21 7.15 8.39 9.25 7.08 3.97 2.61 3.21 4.06 4.97 9.33 10.39 12.46 13.7 8.91 13.12 6.21 4.3 4.54 7.45 10.03 11.01 8.06 7.59 5.94
17.12 16.98 12.4 13.06 10.25 4.56 3.71 4.41 3.68 6.98 8.0 5.75 9.02 13.64 7.92 6.23 4.64 5.67 7.4 5.53 3.5 2.64 1.91 4.93 12.74 10.64 6.33 5.57 9.03 6.84 8.91 12.56 12.28 9.48 8.76 12.49 9.01 4.91 4.4 5.83 7.42 6.47 5.43 3.65 6.48 7.89 4.59 4.52 9.47 11.24 10.03 10.17 10.95 6.84 9.4 12.75 4.44 3.79 12.23 13.48 9.71 9.25 8.11 7.3
10.02 13.31 10.08 11.14 6.52 3.99 3.84 5.1 6.54 7.4 6.72 6.16 7.4 9.92 8.24 4.96 5.1 4.1 4.63 4.56 7.45 4.02 2.58 3.7 8.71 7.77 4.29 5.19 5.61 5.3 7.44 7.27 5.95 6.66 7.94 11.58 16.0 11.55 7.16 10.1 16.78 7.91 4.47 3.72 7.28 4.4 3.74 6.66 16.05 13.28 14.02 10.15 8.75 7.15 8.44 9.67 5.25 5.57 15.83 13.73 8.69 8.39 11.4 7.34
12.1 15.89 9.58 6.44 6.47 2.71 5.16 7.36 6.41 9.51 4.42 6.74 6.67 6.5 6.83 7.26 3.62 3.69 3.83 5.84 6.92 5.2 4.49 4.63 8.81 6.51 4.69 3.41 6.82 5.2 7.08 11.73 10.34 9.03 9.15 13.91 11.26 9.29 11.28 12.82 9.9 10.34 5.64 5.83 6.83 6.63 5.92 5.57 10.54 8.78 10.77 12.34 15.49 7.97 4.47 8.41 4.83 5.72 8.45 9.45 6.5 12.51 11.49 8.05
6.66 9.18 8.21 5.48 6.76 4.13 6.4 9.47 8.34 7.55 6.75 6.22 6.62 7.89 8.22 3.89 2.34 4.47 4.99 5.14 6.28 5.87 6.16 8.01 10.93 7.95 5.14 4.81 4.73 3.62 4.97 8.63 9.94 9.53 14.41 13.77 12.7 22.19 14.25 9.85 8.06 11.06 8.57 8.73 10.11 7.65 6.02 9.1 9.74 4.61 6.06 9.17 11.35 3.61 5.44 7.44 6.11 3.2 7.31 6.79 5.0 10.03 13.26 12.24
7.58 6.87 5.58 5.91 10.04 8.8 7.41 9.82 13.03 16.5 6.05 6.56 8.34 8.69 5.36 3.79 3.48 3.36 3.43 5.7 5.85 6.65 10.8 10.34 13.6 6.86 5.43 4.23 3.92 4.11 4.47 7.94 11.69 6.9 9.92 18.8 17.45 18.33 14.53 9.51 10.19 8.73 8.69 8.2 9.63 9.67 7.98 7.87 16.62 6.61 5.18 5.45 6.76 8.12 7.22 6.24 5.21 6.44 13.02 5.89 4.4 9.5 10.12 8.58
7.48 8.64 5.55 5.53 9.54 8.71 8.06 10.43 8.85 7.48 13.28 8.16 6.72 9.21 5.86 3.84 3.61 4.49 3.2 6.07 6.6 10.18 13.3 10.16 12.88 12.76 6.86 5.62 4.32 4.14 6.93 8.2 8.91 10.08 22.92 24.18 11.54 21.63 14.6 12.37 16.48 12.13 6.65 8.52 16.34 19.54 9.11 6.68 8.01 7.07 4.42 2.7 5.24 6.28 6.2 7.81 11.37 8.41 10.06 8.7 4.35 8.21 12.82 12.2
16.6 12.96 6.56 4.0 6.36 13.47 19.96 19.4 14.94 13.17 10.39 10.06 13.89 8.56 4.14 4.07 5.96 3.29 3.1 6.03 10.81 12.99 10.97 12.15 10.74 7.36 6.91 4.95 6.9 5.42 6.77 7.89 9.17 9.3 30.28 25.62 15.61 17.57 17.68 10.39 12.74 9.89 7.35 7.52 14.87 21.13 12.31 11.07 7.14 3.44 4.31 4.28 3.58 5.09 6.1 10.14 7.44 5.67 10.2 6.03 5.66 9.06 16.61 6.97
18.42 15.8 7.16 7.14 8.29 12.38 12.04 12.39 12.79 13.22 9.15 7.44 9.67 9.95 4.27 7.29 5.63 3.7 4.14 5.56 10.75 15.41 10.55 17.7 15.6 6.53 5.36 9.08 7.26 7.99 8.15 10.34 8.66 12.43 20.08 20.54 11.39 18.45 11.87 10.84 13.33 15.61 13.66 14.78 16.7 19.19 14.59 12.77 8.66 2.85 2.82 3.68 5.44 3.43 4.48 8.7 12.61 11.25 6.04 3.35 4.78 13.4 12.24 10.82
9.22 10.01 9.5 13.93 11.42 19.55 12.31 15.49 12.9 9.88 4.78 4.61 7.8 10.47 8.2 8.77 11.49 4.69 4.81 9.14 9.43 10.39 12.34 15.76 11.96 7.71 10.01 7.81 7.78 11.46 12.87 11.85 6.64 11.66 22.99 21.27 16.16 15.38 17.44 6.72 8.57 15.8 14.58 15.49 16.4 10.9 8.19 9.34 8.32 4.07 2.37 2.52 4.41 6.23 5.71 6.55 10.45 10.15 9.71 5.15 5.17 11.46 13.0 5.57
12.13 10.29 9.27 17.12 33.95 28.04 12.84 15.02 12.69 5.58 4.69 5.59 4.53 6.9 10.8 12.05 19.73 11.15 8.31 8.27 11.96 11.98 17.41 11.51 9.1 10.07 16.7 15.48 10.66 10.28 10.28 14.29 8.36 12.95 21.13 19.33 11.26 11.9 11.78 12.21 14.17 11.54 15.6 13.86 21.49 9.4 10.43 7.45 7.6 6.29 4.1 4.02 4.6 5.99 6.49 4.43 6.94 16.02 9.64 9.04 10.24 15.89 12.97 5.44
7.95 8.64 9.65 21.35 26.37 28.4 26.99 25.5 13.11 8.58 4.73 4.5 5.14 13.73 13.39 13.19 11.17 13.55 12.91 14.22 7.79 12.41 13.26 9.87 13.6 17.01 24.97 20.38 9.93 7.43 12.5 15.64 6.91 7.29 17.28 15.91 8.24 10.58 9.42 9.79 9.07 24.99 20.49 14.38 7.88 8.76 9.5 5.86 5.61 7.86 5.11 4.42 4.14 4.53 4.89 6.1 7.5 20.68 15.09 11.19 12.9 16.09 7.0 3.02
10.76 10.12 10.03 20.57 32.8 39.1 24.49 26.04 23.5 9.52 5.6 5.14 6.64 7.44 5.87 8.78 11.42 11.75 24.13 24.98 13.66 11.6 15.04 16.77 19.2 15.52 16.97 29.47 17.37 14.59 15.3 11.62 6.89 7.28 11.14 9.84 7.59 5.9 5.56 7.92 13.03 18.2 17.07 5.77 6.28 7.92 11.84 10.37 9.05 6.31 7.21 6.96 5.86 3.07 7.22 6.15 10.13 30.36 27.66 18.78 14.49 16.29 13.19 4.93
7.77 8.05 11.5 30.5 24.5 23.79 18.37 22.93 21.65 13.58 10.48 15.26 6.92 7.71 7.33 7.73 4.84 6.4 16.27 19.21 16.15 15.16 9.97 9.19 16.33 18.48 16.35 17.58 20.84 23.09 15.4 9.95 8.71 7.84 7.78 13.32 11.27 9.63 6.8 8.05 7.99 14.62 14.69 10.18 5.04 4.31 5.29 8.64 12.29 9.26 5.08 6.1 9.4 5.65 6.11 11.61 13.43 21.71 23.13 23.13 14.42 11.67 12.4 10.34
4.46 7.85 11.38 18.86 18.78 23.94 22.02 14.75 19.48 17.23 18.54 14.49 9.58 8.71 7.96 7.95 9.32 11.51 11.19 12.13 17.26 13.42 8.58 14.06 21.86 23.78 14.83 29.74 28.97 24.15 16.41 8.59 5.32 9.8 17.13 13.19 9.54 8.46 14.22 8.9 6.24 7.53 7.03 4.38 5.61 6.13 6.96 11.94 11.89 8.66 6.22 8.5 10.29 7.31 5.23 6.39 9.58 22.16 29.98 22.12 14.27 8.18 10.05 10.48
4.72 6.78 10.13 14.43 20.45 14.91 11.25 16.71 21.89 18.09 14.18 24.62 16.22 6.18 9.38 17.28 9.97 7.92 15.49 16.77 13.42 9.05 10.56 14.46 10.71 10.78 22.68 24.27 22.58 21.95 22.58 8.63 3.32 9.48 12.67 9.72 8.25 10.6 14.63 11.43 4.57 3.99 4.79 4.1 4.89 5.87 5.47 6.92 12.72 11.61 7.5 8.25 5.58 3.5 3.19 8.52 9.61 14.22 16.53 19.55 24.88 15.2 13.91 11.22
4.55 5.62 5.91 10.55 17.75 15.05 10.67 17.55 13.77 15.14 16.84 22.28 17.3 8.67 7.55 12.72 11.59 13.2 13.47 11.18 9.42 19.08 12.77 14.58 14.99 17.63 11.83 21.94 19.16 23.27 22.82 11.01 4.63 5.57 6.94 10.6 11.52 9.26 9.73 9.41 3.4 3.8 3.41 2.98 3.16 3.5 5.7 8.8 7.97 6.28 9.37 14.15 8.19 5.62 6.62 7.16 6.1 8.25 12.21 14.61 12.86 24.72 17.89 11.5
3.26 5.71 5.28 6.78 8.68 11.72 8.62 13.56 12.32 15.2 13.66 17.04 18.71 10.61 11.92 9.87 21.9 19.79 16.58 16.31 22.73 8.04 9.92 10.78 13.77 16.93 15.72 19.78 13.82 11.67 18.35 16.62 8.36 7.43 5.17 7.39 11.48 7.08 9.96 6.27 3.58 3.6 4.25 2.47 2.07 2.37 5.02 6.01 6.13 5.41 6.92 9.74 11.74 7.21 4.84 6.23 10.37 8.36 7.12 10.18 13.7 27.47 45.89 11.65
6.68 5.85 4.38 4.5 7.34 7.65 8.93 15.1 13.71 19.98 14.92 16.11 22.11 10.2 10.13 15.42 9.49 17.41 14.79 14.98 24.58 21.57 14.39 14.06 12.82 13.51 11.72 18.2 12.44 9.97 13.73 15.06 8.16 10.94 6.24 6.06 8.68 9.21 6.41 4.94 4.03 3.69 2.46 1.85 2.22 2.49 3.77 8.88 7.96 5.09 4.38 13.76 15.51 9.88 9.58 10.03 6.73 6.07 5.91 12.87 12.56 20.54 14.8 17.28
3.37 4.08 4.37 5.59 6.41 9.0 9.56 10.32 11.27 17.31 14.32 8.05 11.86 14.9 10.45 11.55 10.64 10.59 12.37 16.12 31.87 41.96 18.26 12.27 10.34 15.86 15.97 16.44 10.23 7.44 11.65 11.78 11.65 14.5 7.58 7.93 11.92 10.92 5.26 4.92 5.88 3.21 1.86 1.48 1.54 4.79 4.86 5.87 6.38 6.13 5.18 8.63 7.55 8.9 9.32 13.49 9.0 5.33 7.49 8.62 12.19 13.92 17.02 15.25
2.88 2.74 4.66 5.18 6.85 12.24 12.97 17.16 20.1 11.1 8.99 12.85 11.95 9.16 11.88 16.65 11.67 10.47 10.48 16.52 19.39 15.78 13.99 14.1 10.74 9.31 16.19 22.85 10.25 6.32 11.81 14.03 9.03 8.11 13.21 17.45 11.59 7.98 7.62 4.79 4.17 4.29 2.89 1.65 1.99 3.55 4.4 4.65 7.42 4.54 8.81 14.54 9.7 11.29 14.23 12.18 11.48 7.13 7.17 13.94 12.18 12.25 11.35 6.11
1.54 2.49 2.8 5.13 7.57 14.24 13.92 13.97 10.65 10.07 10.18 10.92 11.25 8.93 9.08 12.99 27.63 16.13 12.12 20.76 21.09 9.2 7.1 25.1 16.9 12.63 12.48 15.44 13.5 8.06 7.63 9.47 9.79 14.38 13.86 13.64 17.29 16.05 13.58 9.74 4.63 3.48 2.52 3.08 2.4 4.1 3.47 7.19 6.51 5.74 10.68 22.42 19.32 12.4 8.17 11.22 11.99 9.86 11.99 9.98 8.05 11.21 15.2 8.29
2.29 2.79 3.52 2.86 7.32 12.1 9.79 10.8 14.13 13.55 10.9 10.7 12.37 9.21 12.28 15.43 15.9 8.83 14.05 24.01 23.71 9.17 7.02 12.93 15.08 15.46 13.45 16.91 15.8 18.36 8.17 10.11 7.17 7.89 17.47 8.16 10.74 15.14 15.16 9.86 7.95 4.54 4.26 2.35 2.21 2.09 3.55 6.63 5.41 5.66 8.82 19.27 15.75 22.75 8.74 9.43 13.37 10.57 12.62 13.52 10.67 10.11 6.3 4.59
4.56 6.12 6.27 5.67 5.48 5.44 8.74 11.26 14.6 14.16 11.16 8.38 7.67 8.34 6.59 5.32 7.73 12.21 13.45 17.21 14.9 16.09 11.74 8.68 11.54 21.13 18.9 10.04 10.03 19.05 12.68 11.21 9.52 7.93 9.5 11.0 7.49 8.6 7.79 10.6 14.45 8.5 5.12 4.06 2.53 4.04 5.28 4.5 4.18 5.6 9.61 24.36 21.31 17.62 16.4 16.99 10.54 9.09 11.17 11.12 7.48 5.57 8.14 6.52
6.11 5.11 8.93 11.5 6.46 7.1 5.3 9.4 15.36 11.8 7.86 8.61 7.01 3.98 4.46 4.04 8.37 12.41 6.64 8.6 9.31 11.14 10.06 5.69 6.26 17.23 15.7 14.0 10.15 14.74 15.34 15.62 11.66 5.5 8.95 12.09 9.9 9.45 7.85 6.32 8.14 7.5 6.56 4.21 4.58 3.65 4.81 4.26 4.75 12.28 11.08 12.02 16.34 31.09 27.57 17.11 15.35 14.05 7.52 5.79 6.17 6.2 4.52 4.21
15.24 10.96 8.0 10.28 5.4 4.7 7.67 8.58 11.4 10.13 7.26 7.63 4.86 3.84 4.82 3.84 7.36 6.87 7.79 8.42 8.86 6.66 10.85 8.66 6.84 13.04 17.13 11.64 14.98 27.58 19.65 10.84 8.3 6.58 8.47 11.3 7.41 11.59 7.41 9.52 9.13 5.73 5.53 4.46 3.09 5.62 5.18 5.32 8.68 8.78 14.43 19.35 27.56 29.97 18.72 18.75 16.48 16.35 7.8 6.64 5.64 4.7 7.3 8.94
23.83 18.63 9.69 7.42 7.28 7.16 6.48 6.17 11.51 11.1 9.14 5.88 3.6 2.75 3.4 4.47 3.98 4.23 6.04 8.34 6.91 8.18 5.88 5.81 6.7 5.39 5.87 12.15 16.11 23.63 12.33 8.38 14.74 10.38 16.74 14.26 9.13 7.36 6.3 5.96 9.56 5.25 4.96 6.7 3.7 6.25 7.27 7.32 5.35 7.68 15.36 24.87 16.95 14.1 14.2 10.57 10.88 9.56 7.84 6.71 7.66 9.58 6.66 5.74
31.79 24.17 12.32 5.2 4.22 5.61 8.22 7.58 15.01 12.86 9.44 6.31 3.47 3.85 3.12 2.4 3.57 3.23 5.05 9.56 10.08 11.46 9.39 7.27 5.89 4.7 7.29 8.29 10.03 13.21 13.59 14.47 14.82 11.86 10.17 16.61 9.58 6.92 7.01 4.3 5.38 7.0 7.12 6.33 6.72 10.37 8.01 6.63 5.15 7.35 13.47 19.84 26.86 21.5 8.86 5.87 9.39 8.7 8.54 8.34 9.12 3.91 6.49 7.9
15.71 16.37 16.8 10.3 4.32 4.34 6.28 6.81 10.45 8.4 9.99 12.68 5.75 3.34 3.51 3.07 2.27 4.75 3.54 6.48 7.91 10.72 9.31 7.17 3.04 3.24 6.33 3.67 3.98 8.55 13.64 14.16 20.56 16.28 18.21 12.4 11.35 12.71 8.57 4.72 4.29 10.48 8.0 8.43 8.89 7.27 4.77 6.1 6.66 10.7 10.26 12.14 13.66 12.54 10.9 7.65 6.4 9.63 15.57 8.1 4.04 4.92 6.86 9.72
17.49 25.45 13.52 9.89 5.76 4.3 8.13 10.78 7.05 4.48 9.42 9.23 13.63 4.39 5.07 3.65 4.45 3.17 5.39 7.1 8.61 6.85 6.82 7.07 4.17 3.46 3.93 3.83 5.14 5.7 7.13 14.24 25.82 20.05 17.06 10.53 13.19 13.13 20.04 13.64 9.02 5.82 8.74 14.13 9.5 7.77 9.77 8.05 7.12 12.93 11.44 7.91 11.57 7.25 5.45 4.12 6.33 10.4 15.33 8.34 8.48 4.72 4.09 3.32
14.57 10.37 8.35 7.54 9.33 7.02 5.4 8.57 7.43 6.84 11.09 10.13 5.69 5.09 6.23 5.6 3.85 4.48 5.78 7.41 8.82 9.19 7.26 6.9 3.74 2.6 2.0 3.34 3.48 3.84 4.2 7.91 13.0 14.81 17.81 10.84 9.05 16.84 31.59 16.66 12.57 20.49 12.64 6.21 5.57 9.58 10.86 8.74 6.93 13.23 4.68 7.7 8.81 4.27 3.4 4.63 4.44 7.84 6.96 10.87 9.1 6.76 5.04 6.46
14.97 11.82 6.99 9.86 8.95 5.87 6.2 6.17 12.02 6.39 4.45 4.54 5.06 4.75 6.32 8.67 6.5 4.32 4.51 6.25 12.37 12.22 7.45 7.03 3.65 2.28 2.02 3.89 3.0 4.23 7.42 7.2 8.22 10.45 9.73 12.67 12.07 8.01 18.53 14.35 13.35 24.03 17.45 9.04 10.35 11.29 10.74 11.29 5.69 7.55 7.31 6.39 5.14 3.38 4.57 5.43 4.91 8.98 12.42 8.66 7.1 4.06 8.73 7.48
7.81 7.31 6.41 6.84 6.97 5.25 6.15 5.24 4.9 3.92 4.61 6.12 5.96 3.58 3.76 6.3 8.67 7.58 5.74 3.99 12.66 13.95 12.9 5.75 3.84 2.35 3.44 2.29 4.01 4.31 9.95 12.76 7.74 5.43 9.82 14.76 10.79 6.28 18.92 13.83 9.46 15.73 23.05 10.25 13.43 7.68 6.41 4.83 5.99 6.9 4.78 2.4 3.35 3.51 3.54 4.67 4.78 5.29 10.95 12.86 7.96 6.86 10.45 7.39
4.13 9.64 8.89 8.1 8.53 6.78 6.43 5.9 4.17 3.66 4.27 5.66 9.28 8.08 4.29 6.78 6.58 3.88 4.02 6.07 13.72 16.76 7.07 10.57 4.07 1.89 4.05 5.73 4.7 4.64 9.18 11.29 5.86 6.12 9.62 10.47 3.89 7.82 10.84 8.4 4.29 12.45 14.79 19.36 13.67 9.34 6.06 3.98 3.72 5.72 4.12 2.26 3.4 3.14 2.23 3.51 3.64 4.39 8.71 12.53 7.13 12.08 12.25 7.3
7.59 6.06 7.89 5.9 10.15 6.41 3.91 3.82 3.97 3.44 3.63 5.03 6.66 7.36 6.29 5.06 4.28 2.6 7.72 11.63 7.62 6.33 8.61 9.35 7.46 3.12 4.21 8.46 8.79 6.12 7.43 5.67 4.07 4.38 9.18 5.72 5.01 3.86 7.23 5.28 4.95 11.78 13.56 13.97 13.5 7.03 5.56 4.21 4.4 3.75 2.31 2.2 3.18 1.96 1.55 2.54 2.82 3.4 10.72 10.16 13.02 18.35 9.21 4.5
9.26 8.67 11.57 5.72 8.63 5.07 5.09 2.73 3.87 6.74 5.6 3.77 5.72 8.08 6.24 3.91 2.2 3.17 4.0 9.65 16.7 8.57 5.98 5.33 5.5 3.76 5.38 8.7 11.59 5.95 7.46 6.17 4.23 6.81 9.55 5.47 4.55 3.24 3.26 4.26 4.07 7.83 10.92 6.51 6.94 5.81 3.85 3.59 5.34 6.78 6.28 2.05 2.98 2.52 2.11 1.24 2.36 3.94 8.99 11.37 13.87 16.66 10.46 6.52
7.11 14.37 14.08 5.9 5.69 3.29 2.71 3.33 2.25 3.83 5.2 5.5 14.35 9.45 4.29 6.61 3.13 2.28 3.35 9.7 10.09 7.15 4.87 6.94 8.93 7.23 6.6 5.09 5.58 6.43 12.71 12.97 5.99 4.16 8.07 7.46 7.05 4.58 3.01 3.89 3.87 8.29 11.18 7.69 5.31 7.64 3.61 3.84 5.63 9.03 3.75 2.41 2.61 3.84 2.48 1.34 2.26 5.21 9.71 6.55 10.38 17.57 9.95 9.2
11.02 8.42 10.25 10.36 6.91 1.97 2.57 4.02 3.4 2.05 7.05 5.15 9.05 8.1 6.89 5.38 4.98 3.07 4.63 6.6 8.95 5.6 5.68 6.01 13.28 9.47 6.56 7.37 5.95 4.45 10.51 8.63 10.03 9.93 10.98 9.51 6.5 5.06 4.33 3.85 5.66 5.56 8.07 7.36 6.82 5.97 6.39 3.98 3.77 3.9 5.33 2.5 2.87 2.48 1.63 1.64 3.32 4.0 6.43 7.99 8.04 10.68 15.73 7.37
11.44 12.14 14.03 8.55 5.23 4.11 2.72 2.35 3.08 5.23 3.62 2.33 4.86 8.26 9.52 6.76 7.36 7.44 4.75 8.24 8.27 6.5 6.46 9.24 16.29 17.42 6.5 6.99 8.86 5.6 8.31 8.75 9.81 8.58 9.06 8.82 9.48 5.44 6.3 4.22 5.0 6.62 5.82 8.72 7.56 7.99 6.71 7.0 4.52 2.32 3.03 3.24 1.73 1.88 2.29 2.22 3.61 4.11 6.69 8.24 10.66 12.49 12.72 10.31
7.59 8.32 9.25 8.76 9.12 4.41 2.76 3.82 4.99 5.77 4.76 3.56 3.29 6.32 8.85 9.78 8.01 5.29 6.4 5.87 6.04 4.67 6.56 6.74 7.31 15.39 11.03 10.51 9.68 9.91 12.03 11.79 6.57 7.28 9.51 8.72 8.19 9.41 10.41 9.93 12.32 4.53 4.85 5.03 5.43 8.45 8.75 5.56 5.24 3.78 3.44 2.39 1.6 1.57 1.31 3.3 8.59 6.34 6.65 6.97 7.19 9.12 10.04 10.61
6.86 8.5 12.83 6.46 6.62 4.86 6.21 8.21 6.15 5.88 7.13 5.96 5.66 10.76 6.12 6.91 13.36 9.87 10.55 11.53 8.19 7.1 8.28 2.63 11.98 17.31 14.31 7.04 15.91 16.79 17.53 16.66 8.83 5.65 7.81 4.58 4.91 12.03 9.38 7.92 10.77 5.96 4.35 7.05 7.73 11.26 7.67 3.53 11.61 6.12 3.35 3.31 2.12 1.58 1.4 2.6 9.0 7.92 10.14 9.69 8.74 17.91 13.87 9.19
6.56 7.71 9.95 9.04 7.13 6.48 6.27 7.87 9.4 7.72 12.7 11.23 7.33 6.01 6.84 8.0 11.43 8.6 9.74 9.97 6.28 7.3 7.82 4.01 6.38 13.07 17.97 16.18 11.03 11.7 18.67 9.47 7.39 10.56 6.96 4.57 4.64 8.42 7.41 8.51 9.92 6.13 6.82 5.63 5.5 5.66 6.06 4.53 8.96 5.94 2.68 2.24 3.04 2.66 3.36 3.24 10.22 18.37 14.08 10.18 13.31 18.65 14.5 8.63
13.34 7.56 10.23 8.53 9.04 11.35 8.33 9.64 10.0 10.1 5.39 10.59 10.13 7.85 8.43 8.58 6.62 8.96 12.88 8.45 7.07 10.72 9.94 4.48 7.47 11.87 13.11 19.0 27.72 15.4 11.94 12.63 11.56 9.26 6.37 5.67 6.6 5.5 5.08 13.37 7.4 8.16 9.7 4.08 3.56 3.89 5.29 8.31 11.4 4.58 3.1 3.9 3.11 4.01 5.08 5.7 10.53 18.13 16.35 18.47 16.21 13.31 10.94 9.53
11.33 8.71 8.42 8.52 13.44 10.57 9.21 7.02 13.8 9.42 8.49 12.53 12.36 11.7 8.64 7.43 8.26 14.17 9.89 5.54 6.64 6.81 7.15 7.93 6.0 7.38 12.44 18.96 31.34 20.46 9.77 8.57 21.94 11.34 9.8 7.47 5.33 5.58 6.33 6.75 9.42 7.74 8.08 4.36 4.18 4.64 3.69 4.76 9.07 4.59 2.83 2.79 7.09 5.85 7.46 8.02 21.2 21.05 12.31 23.62 32.48 15.01 15.89 10.82
8.28 6.54 7.57 8.93 13.04 17.46 19.82 17.35 15.65 10.33 11.84 18.58 10.32 10.29 12.27 7.08 7.43 9.39 18.07 12.91 7.15 5.74 9.33 5.53 11.58 12.89 17.7 15.86 30.07 27.96 14.68 7.28 11.27 11.46 8.79 8.8 7.25 8.05 11.5 6.3 7.35 7.81 6.21 4.78 5.41 4.55 4.34 4.01 5.74 5.19 3.55 6.24 11.18 6.24 7.82 11.0 20.29 19.08 22.91 23.51 20.12 9.7 18.6 12.16
