6.16 7.73 8.51 4.69 6.92 4.79 5.23 5.42 3.77 3.3 5.36 8.12 5.13 3.75 5.19 6.18 6.19 5.16 7.41 14.25 9.28 15.47 8.92 7.51 10.78 6.18 4.48 10.07 7.43 7.32 4.99 3.73 5.8 5.3 6.55 6.67 14.08 9.82 12.05 18.72 16.35 28.76 22.89 23.96 15.88 15.57 6.18 8.93 4.05 3.37 8.37 8.76 14.56 8.48 10.26 9.03 3.97 2.58 5.32 6.45 8.0 8.0 9.09 8.97
3.95 6.91 8.01 4.2 5.34 4.27 3.7 4.77 4.99 6.65 6.38 10.09 6.33 3.38 5.87 6.09 9.85 6.26 6.71 11.96 16.81 5.59 8.85 8.6 6.4 5.92 9.91 10.99 8.42 13.96 5.38 4.73 4.84 7.12 6.1 12.35 12.65 10.39 12.81 14.72 29.67 29.75 19.77 18.33 16.14 7.75 7.31 5.08 3.68 3.3 5.45 8.89 7.54 7.17 7.77 13.88 7.19 3.95 8.38 6.65 5.53 12.14 7.06 7.01
5.87 5.28 8.85 3.55 4.28 3.98 4.81 2.93 4.12 3.26 5.0 10.88 6.86 5.74 6.13 7.97 8.71 6.72 6.84 14.67 17.75 8.59 11.6 8.1 6.01 9.78 11.78 19.47 19.02 19.32 13.14 7.55 4.99 5.29 5.7 12.15 8.12 10.76 8.56 10.92 12.92 20.99 18.96 19.12 25.16 7.16 5.81 2.46 5.9 5.76 4.23 4.27 3.31 4.56 9.04 12.64 12.94 6.02 13.85 8.83 5.56 6.73 6.01 4.3
5.52 4.23 6.95 5.0 4.57 6.03 2.71 3.75 4.54 3.1 6.66 9.02 8.49 6.96 8.57 7.33 7.49 8.63 7.63 14.0 5.59 13.53 12.83 15.99 14.35 13.13 11.19 18.33 32.62 16.66 9.27 6.26 3.65 4.22 8.96 6.46 9.24 5.26 6.21 6.6 9.92 17.9 12.39 13.36 12.41 9.53 8.17 6.2 7.23 9.66 5.81 3.0 3.17 6.41 7.85 12.62 9.87 9.22 11.8 5.98 4.41 4.14 7.03 4.48
3.84 4.85 4.97 8.16 6.48 5.81 4.13 3.86 4.87 5.04 5.01 7.57 12.07 9.74 11.72 8.52 11.81 5.03 8.15 8.68 6.84 11.73 14.19 9.4 11.94 14.41 17.71 18.04 15.24 10.91 3.9 4.77 3.35 7.98 8.9 7.07 6.95 8.59 5.15 6.65 4.25 6.14 13.16 12.18 10.76 5.15 8.11 6.99 7.2 6.87 4.95 2.83 2.8 6.31 9.29 7.43 11.91 8.61 7.65 6.67 6.62 6.27 5.34 4.11
5.07 6.0 4.19 5.34 8.46 4.69 7.04 5.16 4.18 4.39 4.74 5.12 20.92 24.08 14.19 11.92 9.35 8.92 6.45 8.38 5.48 7.86 19.45 7.79 9.1 18.81 12.4 17.86 11.33 8.41 6.14 6.01 4.75 3.31 6.97 3.93 4.72 4.65 4.71 8.24 6.96 5.72 7.05 12.02 10.27 9.87 8.83 5.04 6.7 4.24 2.89 2.44 4.97 6.52 9.36 5.28 7.45 6.64 10.37 5.34 7.02 8.27 4.74 5.32
5.74 3.76 3.88 6.87 10.6 6.61 6.1 5.53 2.19 3.35 7.02 7.93 18.51 15.59 18.74 9.75 5.69 6.07 5.58 10.15 6.69 11.44 11.31 8.2 16.51 15.02 9.66 16.45 15.38 11.52 8.25 11.55 11.53 5.92 6.51 3.49 3.91 4.62 6.52 5.3 8.68 5.06 7.22 10.52 6.73 7.18 8.9 4.35 7.86 8.81 6.1 6.96 5.13 6.34 5.97 8.33 9.82 7.56 10.29 5.3 3.69 6.42 4.64 3.9
5.7 3.81 4.57 4.34 8.25 3.09 3.66 5.89 4.01 4.02 6.77 8.5 14.15 11.62 11.28 13.14 4.4 5.64 8.07 8.05 13.34 13.71 7.49 6.43 8.05 10.99 7.72 6.93 14.2 11.76 11.07 9.73 7.79 10.07 6.25 5.57 4.47 9.58 5.07 8.74 7.77 3.71 9.32 12.85 8.88 6.37 8.62 5.04 9.87 11.89 10.03 7.91 11.49 8.21 10.71 11.6 7.44 8.67 5.71 4.98 5.55 7.62 3.64 2.22
4.91 4.6 3.12 3.97 4.46 4.59 5.36 4.11 5.02 4.37 6.4 12.09 11.52 7.09 6.15 7.73 3.88 5.36 4.65 5.56 5.85 6.42 4.72 8.53 5.85 8.65 7.97 3.95 8.71 8.36 6.13 6.08 7.31 8.23 8.96 3.72 6.17 9.78 10.12 17.12 14.43 10.79 5.48 10.57 6.56 4.85 4.14 4.14 6.39 11.49 7.26 11.09 13.77 9.76 21.1 11.15 8.9 8.89 7.47 5.04 4.65 5.33 2.18 2.15
2.65 2.13 2.88 5.82 5.15 5.17 9.43 7.16 4.84 8.38 7.12 7.47 8.12 5.87 6.64 4.67 4.48 2.11 3.07 4.35 5.18 5.75 5.33 4.79 8.59 7.57 6.73 6.8 6.13 8.58 4.2 5.81 5.04 9.8 5.75 4.26 5.05 10.28 16.78 10.17 7.52 9.82 5.18 5.35 6.65 3.78 3.61 4.74 8.41 9.57 9.6 17.54 15.97 20.73 17.5 11.06 9.08 8.23 7.42 5.52 6.51 4.59 2.67 1.89
3.0 1.81 3.39 2.46 5.15 5.12 9.3 7.34 6.21 4.96 6.27 6.72 3.92 6.19 4.3 9.1 7.92 5.95 6.92 5.59 6.79 7.08 6.03 3.67 6.15 8.11 4.69 7.49 4.82 8.11 3.33 5.81 7.12 8.28 6.81 6.09 4.24 13.57 17.95 10.05 9.67 5.72 8.13 3.48 4.68 3.67 4.58 6.47 8.78 8.77 7.72 7.54 17.47 17.33 14.5 10.5 10.1 4.61 5.35 9.43 7.55 7.73 2.55 1.78
2.59 3.38 3.01 2.86 6.97 5.21 5.42 11.89 6.88 8.98 6.7 7.99 6.7 5.07 4.79 7.83 3.59 6.68 7.4 7.52 8.69 11.53 5.88 4.77 5.87 9.4 10.85 11.24 6.46 6.74 6.93 6.51 8.68 7.6 8.68 6.72 5.43 5.91 11.31 12.73 8.63 4.67 3.36 2.15 4.75 3.57 3.81 7.44 4.96 12.15 5.78 7.04 19.54 13.54 10.43 8.39 7.9 5.59 6.47 7.52 6.48 8.59 4.86 2.81
4.27 6.63 2.8 3.14 4.47 4.38 4.06 7.21 6.72 9.82 15.29 5.98 5.69 6.83 6.58 6.31 4.46 3.7 6.42 7.54 7.37 8.04 7.03 12.45 12.17 10.48 8.48 12.2 7.91 9.63 16.86 21.07 14.36 12.37 5.38 4.54 4.98 7.23 7.96 6.1 4.59 4.1 1.88 2.1 3.11 1.78 3.13 3.38 10.41 14.83 7.15 4.16 6.83 8.77 9.33 7.79 5.01 6.65 9.53 10.76 11.75 8.28 6.76 5.68
5.82 6.2 5.43 6.97 3.26 2.45 2.69 3.87 5.48 9.6 9.91 6.11 8.37 5.64 7.24 6.35 7.7 8.29 9.08 8.56 6.48 9.89 6.92 13.47 16.57 11.33 11.44 17.93 15.7 17.87 14.28 7.79 8.97 5.48 6.4 4.87 2.7 4.25 6.91 4.94 4.09 3.79 2.11 1.93 2.52 2.76 3.0 5.22 7.17 8.5 4.98 2.33 8.66 6.73 8.13 4.62 5.57 5.99 8.33 18.8 14.61 12.65 11.54 10.13
4.54 6.17 4.85 5.31 4.83 3.94 2.92 4.8 7.69 6.1 5.69 3.87 5.9 9.2 12.86 6.51 8.2 9.35 11.77 6.84 5.42 11.31 11.02 12.66 10.08 14.21 14.56 20.34 15.78 11.81 12.05 9.22 12.76 4.44 7.77 3.68 3.69 5.25 5.17 6.77 4.39 3.21 2.55 1.28 1.85 3.05 2.51 4.35 10.6 10.21 5.05 5.2 6.78 11.77 9.48 3.38 3.57 3.74 8.25 5.54 7.9 5.77 4.28 10.01
4.49 4.9 7.78 4.05 5.83 7.71 7.1 6.85 10.6 5.39 8.25 4.05 4.34 8.21 8.84 5.61 8.13 16.64 8.79 10.51 8.54 7.17 14.46 13.95 11.43 13.45 13.84 18.13 12.41 15.69 10.28 10.63 11.82 12.71 6.14 4.91 6.14 6.92 7.77 5.15 4.88 4.68 2.64 1.47 2.17 1.79 3.75 3.4 6.32 4.05 5.25 7.25 9.44 9.8 6.97 3.24 2.24 5.77 5.98 4.09 8.97 6.91 4.51 5.64
4.77 4.16 9.84 4.36 8.38 10.28 11.26 12.97 8.22 8.56 7.87 4.33 3.19 6.55 3.51 4.39 8.69 10.73 4.56 5.2 4.23 9.44 15.03 12.17 11.2 11.9 19.1 23.94 28.05 16.14 20.34 8.36 10.84 12.56 5.86 6.41 6.54 5.57 5.99 4.75 4.56 5.57 3.12 2.42 2.17 3.49 3.25 4.84 5.05 4.24 8.74 9.24 7.86 5.71 4.31 2.35 3.61 4.06 2.54 4.16 5.37 7.45 8.83 5.22
3.97 6.25 8.49 5.99 6.35 6.14 10.68 8.35 11.27 7.7 4.92 5.3 3.1 3.18 5.85 3.76 5.13 7.29 4.61 3.51 4.48 7.46 9.56 5.86 8.81 11.8 16.41 22.63 22.28 22.69 10.59 12.73 7.74 6.7 6.63 8.57 9.42 8.74 5.0 4.41 4.33 5.92 3.39 3.24 3.65 2.63 4.04 3.66 4.35 5.51 13.79 15.97 15.86 7.4 3.13 2.59 2.9 3.55 3.74 8.5 9.19 9.88 9.35 3.33
4.02 2.73 5.62 5.05 9.56 11.82 11.13 6.43 6.51 5.9 6.43 8.02 4.57 2.28 4.25 7.43 3.62 8.3 4.07 2.44 3.04 4.47 8.49 8.73 10.5 6.64 12.14 24.78 20.13 30.75 10.28 10.99 10.9 9.64 5.59 6.39 7.42 8.04 5.45 6.74 9.5 6.23 7.12 2.7 6.68 2.69 3.46 5.38 5.23 5.51 18.24 12.95 8.93 6.26 3.45 2.9 4.0 7.97 8.64 12.75 8.86 10.61 7.28 4.24
2.91 4.09 10.79 8.57 6.96 8.96 6.5 7.48 6.22 6.31 4.3 5.83 2.82 2.24 3.25 6.03 6.68 11.36 6.15 7.0 7.92 5.48 6.41 12.43 7.89 9.73 22.94 26.64 32.44 24.16 13.39 6.11 7.96 8.19 4.73 5.12 6.99 7.49 8.76 4.84 8.15 7.67 7.68 4.83 5.64 6.17 4.15 5.84 4.02 3.99 9.25 17.1 6.97 4.87 4.18 3.45 5.09 8.35 14.3 12.7 12.39 7.18 5.94 3.36
4.48 3.76 6.2 9.14 7.47 13.35 8.31 7.51 6.87 4.48 3.92 2.78 2.48 2.54 3.47 5.22 7.29 15.49 6.18 3.88 6.31 4.84 6.83 14.22 6.4 11.76 22.96 28.43 20.34 14.42 15.01 12.9 8.75 8.15 4.67 8.66 6.88 8.76 10.72 6.03 7.85 5.48 5.88 3.38 5.53 9.11 5.95 7.73 8.28 4.86 6.89 10.39 5.89 4.73 3.82 3.07 3.98 6.29 14.02 24.53 14.22 10.42 5.69 3.15
4.84 4.38 4.62 5.43 5.95 17.97 7.63 6.44 4.94 3.95 4.97 3.06 1.71 2.6 5.24 4.39 6.11 5.88 4.52 4.42 2.94 3.55 5.35 9.76 8.59 13.86 15.11 28.32 14.98 7.81 7.99 10.0 10.43 9.13 11.42 7.7 11.62 7.53 6.32 6.87 5.02 5.33 4.97 5.79 5.51 10.78 9.55 5.04 6.18 13.68 13.56 19.14 6.05 2.02 3.44 1.9 5.47 10.04 12.2 15.97 10.05 8.13 4.29 4.91
2.71 6.11 6.65 6.69 12.63 19.88 9.17 9.91 5.74 4.77 2.79 1.97 1.66 2.14 3.6 3.02 5.33 2.3 3.89 2.48 2.39 3.48 3.86 7.44 8.89 13.5 15.67 19.55 9.31 10.01 7.41 10.07 7.21 4.29 8.77 6.29 12.43 6.9 6.45 8.53 5.43 7.96 7.29 8.86 6.49 7.21 5.65 6.07 5.35 14.68 17.12 8.36 4.89 2.62 3.8 2.93 3.67 5.0 5.81 7.72 10.02 5.7 4.21 4.12
4.64 4.58 6.56 9.45 21.62 11.04 12.72 5.16 4.06 5.39 3.75 1.67 1.84 2.32 2.11 3.51 2.35 3.95 3.71 3.17 2.75 2.64 3.4 7.41 6.89 14.26 16.31 28.61 12.36 7.81 7.67 10.43 9.06 5.44 7.67 8.25 5.03 5.16 4.88 6.33 8.14 5.72 9.18 4.26 8.5 4.64 5.64 5.11 4.76 8.96 14.8 6.92 3.9 3.48 5.53 4.31 3.61 5.18 3.96 6.06 7.52 4.84 3.57 5.85
3.56 3.76 5.57 12.92 11.67 8.12 11.14 4.78 3.21 4.82 3.21 2.09 1.99 2.5 3.08 5.04 1.51 4.39 2.65 3.37 5.28 4.03 7.32 9.21 8.32 8.12 9.41 11.02 9.25 6.54 6.45 8.08 16.28 5.98 8.79 7.58 3.63 6.49 4.76 6.84 5.55 5.3 10.32 10.25 9.16 6.25 8.8 5.62 4.6 9.0 8.93 5.9 4.79 5.58 5.47 3.83 3.59 3.98 3.54 2.87 4.88 3.04 2.29 2.43
5.29 5.44 9.39 16.74 6.2 6.84 5.65 4.87 7.65 4.08 4.27 2.75 3.03 2.42 3.33 4.64 1.82 3.85 3.73 3.65 3.86 5.71 4.25 6.93 9.89 5.65 11.87 6.81 6.06 5.08 5.31 7.91 11.21 11.32 5.96 10.5 6.55 6.12 5.77 4.5 3.9 5.38 9.92 11.52 3.58 6.63 12.03 4.05 7.18 3.57 9.48 7.25 8.77 9.07 7.06 4.96 2.91 3.02 2.35 3.05 2.41 2.12 2.06 2.45
6.45 6.01 11.13 13.45 10.58 7.96 6.81 4.9 6.0 3.13 4.97 3.21 4.09 4.91 4.21 5.46 3.73 5.17 3.84 2.93 5.71 8.67 6.35 9.51 5.71 6.52 10.1 9.6 5.4 4.15 6.3 5.73 6.29 8.0 9.15 5.63 5.89 6.09 5.9 6.95 4.99 5.28 14.86 7.87 6.07 3.83 5.34 4.13 5.3 4.01 9.14 11.28 10.42 4.77 5.98 5.0 3.85 5.65 2.65 4.04 3.37 4.49 2.54 2.85
9.62 10.7 11.97 22.04 6.78 9.41 10.33 6.87 4.76 6.32 4.31 2.96 3.16 6.34 7.81 6.51 8.37 8.6 10.04 11.74 14.73 8.52 13.82 13.24 14.1 10.11 6.46 10.36 5.31 7.1 11.4 7.72 6.57 4.16 6.15 4.22 6.19 4.1 5.75 5.11 6.06 9.07 11.33 9.16 6.29 3.12 3.38 6.64 5.56 7.14 8.7 9.66 9.66 6.98 6.04 3.77 4.83 6.52 3.48 4.21 5.23 3.19 5.73 3.98
14.32 16.8 24.57 23.08 20.34 9.27 12.41 11.92 5.48 8.1 5.54 5.45 3.99 4.21 3.74 5.28 11.77 6.62 13.06 29.14 17.5 27.94 22.01 11.76 12.85 8.7 6.29 14.04 13.55 13.44 10.42 6.38 4.44 5.2 4.39 5.96 3.5 2.98 5.73 4.68 8.26 7.87 14.42 8.21 6.93 3.55 4.82 10.06 9.19 9.81 9.22 8.15 8.71 9.5 4.59 4.07 3.4 3.02 3.49 4.99 5.53 2.94 5.43 4.72
25.37 20.17 15.45 8.12 10.72 8.25 7.03 12.15 11.73 7.43 6.29 5.44 5.01 6.14 3.06 5.71 6.9 8.65 16.53 31.07 28.85 22.17 21.36 13.52 7.95 6.98 8.66 12.05 10.89 10.64 10.2 6.04 4.63 3.33 3.31 5.2 2.96 4.71 6.83 5.81 12.82 7.37 8.19 9.48 8.3 6.06 4.03 8.75 7.23 8.74 8.28 7.4 7.6 6.55 2.5 3.23 2.43 2.28 7.36 5.74 5.52 9.31 8.27 7.98
19.19 23.9 12.76 12.01 10.14 14.01 11.7 10.45 6.62 5.41 8.48 5.02 6.62 4.86 4.15 8.21 13.12 11.68 16.04 21.41 25.42 10.41 14.43 22.88 9.65 9.91 7.9 8.63 7.96 6.42 9.01 8.4 2.88 3.64 2.97 3.13 3.43 5.08 6.31 7.41 12.95 10.28 8.26 10.74 6.55 5.66 5.58 9.2 9.48 12.68 7.8 6.8 8.83 3.38 2.59 1.83 2.21 3.27 9.74 7.37 6.03 8.04 7.27 10.57
17.72 8.19 14.44 9.22 10.91 12.38 11.59 8.52 9.98 7.27 10.71 9.02 5.16 7.44 4.58 11.27 16.2 17.92 9.87 18.82 14.09 14.11 17.09 12.75 8.49 13.46 9.09 14.39 10.3 6.19 12.34 11.65 3.59 2.37 3.88 3.69 4.28 7.61 7.35 6.19 11.39 6.0 7.81 10.79 10.12 10.69 16.96 4.43 7.75 12.78 7.93 6.05 7.71 2.88 2.45 3.74 2.23 3.34 2.59 4.43 2.94 5.23 10.83 14.69
10.93 10.84 6.02 6.57 6.8 8.93 14.93 10.57 14.45 12.25 9.34 9.77 4.35 7.02 3.35 8.59 14.54 13.54 18.24 21.87 13.19 25.21 15.46 12.78 10.04 12.28 8.59 8.12 7.34 4.48 17.46 10.66 5.06 3.26 5.88 6.76 8.73 10.8 10.92 12.97 12.63 8.85 10.59 14.23 11.97 15.56 9.55 5.54 3.55 6.73 6.54 5.61 8.97 3.91 4.16 4.91 4.63 2.19 2.2 3.62 3.22 5.96 6.39 7.01
9.04 7.81 4.18 5.97 5.66 10.69 7.91 8.12 7.92 11.38 12.28 8.88 4.51 6.0 3.28 4.15 12.11 7.37 14.06 20.25 16.02 20.1 22.41 20.87 10.69 18.88 11.06 7.45 7.38 5.93 14.37 10.72 5.16 4.46 6.48 10.18 8.22 8.92 6.67 14.02 14.46 9.08 13.23 16.7 18.14 13.63 8.17 5.69 6.77 6.16 6.76 4.98 7.44 6.34 3.92 5.64 3.93 4.75 4.1 1.71 3.38 7.23 6.1 11.5
11.5 4.96 4.93 4.41 2.87 1.91 3.09 5.27 5.49 11.22 15.13 9.73 10.59 8.48 4.61 8.31 9.12 10.31 7.49 12.47 15.25 18.06 20.43 15.7 11.7 11.45 10.34 7.97 8.32 6.63 6.36 5.96 6.6 5.67 4.95 5.06 6.4 5.51 11.16 16.53 16.4 20.49 11.61 13.12 17.94 8.68 9.7 6.76 9.77 7.36 9.44 5.88 6.07 6.38 4.54 6.89 4.38 5.74 3.48 3.56 3.61 8.0 5.27 9.24
8.36 3.91 2.5 3.92 2.0 1.28 1.93 5.43 6.16 8.4 8.49 9.28 15.4 8.27 4.94 5.27 11.15 9.18 18.53 13.94 16.56 21.96 18.14 13.42 17.11 22.71 13.49 9.23 6.7 7.73 7.35 5.7 3.89 3.69 2.67 1.81 4.64 3.85 10.62 23.72 41.3 20.91 15.35 16.42 11.44 11.83 8.98 13.53 7.06 4.79 4.6 7.03 8.03 7.59 4.93 2.82 5.59 4.09 3.48 2.86 3.21 6.79 12.14 11.5
10.55 3.12 1.97 2.16 1.31 2.18 4.1 2.87 9.35 11.22 5.15 14.87 8.05 7.09 6.61 17.77 13.58 14.62 22.5 11.04 18.4 14.47 14.27 13.18 10.94 25.76 15.95 8.59 7.26 8.95 7.48 7.08 6.47 7.45 2.5 1.58 3.16 3.6 7.7 19.05 46.03 13.38 19.44 15.61 17.37 6.97 5.26 3.77 3.9 3.87 6.04 6.41 6.23 7.66 2.82 4.58 5.72 8.58 5.96 3.5 3.12 4.58 9.81 8.44
8.67 4.32 3.16 1.99 1.52 1.93 3.93 4.26 10.79 9.05 5.24 7.81 6.74 5.77 5.57 10.39 9.09 17.78 11.95 21.57 13.26 14.51 12.33 8.05 19.73 19.16 18.41 6.3 7.93 9.16 8.67 7.35 5.35 6.35 5.62 3.59 6.28 6.26 5.68 14.82 15.7 10.66 10.85 8.42 10.95 8.63 3.04 2.88 2.86 1.87 3.01 3.86 3.98 4.95 6.18 8.37 8.49 10.65 5.88 5.05 7.33 4.72 12.65 9.05
6.6 7.97 3.06 2.3 2.43 2.64 4.05 4.82 6.44 6.13 4.43 3.4 3.53 4.06 9.01 3.42 7.67 8.3 8.68 19.16 17.15 20.74 11.96 15.75 11.91 18.94 13.44 5.0 6.69 4.92 5.28 5.56 6.38 11.1 9.2 7.56 4.93 4.66 6.9 10.51 14.42 10.16 5.31 6.4 10.58 11.3 7.15 7.75 7.13 3.99 5.43 3.53 4.13 3.74 4.71 6.36 7.6 6.37 5.99 4.61 4.35 2.83 5.17 9.02
6.48 10.09 5.03 3.07 3.37 4.23 3.71 4.21 6.56 3.6 3.58 2.72 2.72 5.25 7.25 5.38 4.06 4.94 4.4 13.28 13.26 15.03 10.68 11.71 10.52 13.95 9.81 5.4 6.63 7.57 8.06 6.41 12.75 10.6 6.71 7.54 9.38 6.63 16.3 18.94 13.28 5.61 4.67 6.93 15.82 11.56 8.54 6.24 9.21 4.56 6.24 3.43 5.31 7.48 3.45 6.17 6.39 5.62 3.98 5.58 2.35 4.83 4.52 9.19
7.89 11.13 9.38 3.19 3.81 6.39 3.66 7.71 9.77 4.21 2.83 3.82 3.27 6.22 5.6 3.94 3.11 3.6 3.4 6.74 7.29 7.24 8.77 12.45 11.56 9.45 9.9 8.75 13.05 10.56 8.87 7.67 17.31 7.99 4.63 5.73 7.54 8.16 18.33 14.62 18.1 9.22 4.29 5.89 7.77 15.77 11.81 8.3 6.15 5.64 4.11 5.15 5.68 4.93 5.35 5.9 7.19 4.22 7.66 4.03 2.63 3.02 3.55 11.48
8.12 8.99 6.47 4.52 6.18 5.01 7.03 10.04 8.66 8.91 2.56 3.63 3.33 5.61 3.48 3.29 3.71 2.19 3.92 3.8 9.48 12.15 4.82 7.22 7.17 5.85 9.59 10.7 11.6 15.18 8.69 11.15 11.36 9.13 4.8 5.86 7.04 9.67 21.19 10.1 11.0 10.18 7.58 9.3 15.97 16.79 10.99 10.18 3.61 2.38 3.76 5.72 5.08 4.5 3.7 5.23 7.79 6.06 4.47 4.33 4.67 3.2 4.76 5.38
11.37 8.01 4.73 3.18 5.6 5.32 16.06 15.37 11.01 19.43 3.48 4.89 5.28 6.1 5.39 5.08 3.05 3.56 2.56 2.18 3.14 4.27 5.42 4.08 5.88 5.34 6.03 5.97 9.76 8.69 8.56 12.34 10.58 9.08 5.41 7.96 6.41 9.98 15.54 19.93 17.08 10.58 11.95 9.42 13.38 8.88 8.79 5.77 3.66 4.18 3.35 4.61 3.72 5.23 4.74 5.73 7.68 11.29 2.96 6.7 4.63 4.44 3.85 3.93
8.82 7.35 7.0 5.25 4.89 6.59 7.98 7.59 13.31 12.45 7.31 7.31 7.02 6.15 8.38 4.76 3.24 3.84 3.19 2.34 3.53 4.25 4.95 3.52 3.09 3.9 3.17 6.22 10.21 13.23 6.04 4.24 5.25 4.79 7.69 11.08 12.51 12.46 11.81 16.05 8.57 11.21 10.31 7.75 4.26 6.32 8.69 3.82 4.21 3.33 3.34 5.26 4.84 6.31 6.35 6.04 9.01 5.76 4.75 4.54 6.19 4.42 3.53 3.42
10.56 11.76 10.99 7.09 6.97 11.44 5.04 14.54 14.88 11.34 9.76 4.82 4.41 9.99 8.2 6.38 6.24 5.36 4.39 3.37 4.74 9.26 5.48 4.34 2.41 3.1 3.26 7.05 8.85 13.59 9.47 4.77 5.75 5.44 5.16 4.54 6.54 4.39 9.3 6.72 6.22 3.63 9.45 7.67 4.59 7.54 4.51 4.03 6.23 3.36 4.61 7.13 6.51 9.52 7.2 8.66 4.88 7.56 4.67 5.65 8.24 4.2 2.46 1.54
8.87 13.51 13.1 7.52 10.29 11.96 7.0 12.96 10.3 9.13 11.58 8.35 3.93 8.51 4.88 5.88 5.42 7.46 8.38 5.92 6.85 9.71 5.86 6.17 4.59 3.62 4.48 3.73 9.09 9.84 8.16 5.29 5.54 6.89 7.01 6.77 6.6 3.03 4.13 4.97 4.12 8.29 11.93 10.38 8.45 4.1 3.56 3.4 3.39 3.69 4.56 8.15 8.46 8.95 4.76 3.51 4.52 5.55 9.19 6.6 6.18 5.25 2.06 2.68
8.4 10.5 4.66 8.54 6.25 8.19 8.39 8.25 15.56 10.57 8.39 7.3 6.16 4.21 6.6 4.96 4.34 5.11 5.73 6.54 8.01 11.29 7.17 5.56 4.72 3.81 3.56 4.42 5.42 7.04 6.07 5.87 8.8 8.56 7.11 7.23 9.26 4.3 5.37 3.65 4.47 13.47 8.65 14.06 9.24 5.66 4.11 3.34 3.89 4.72 8.29 9.08 7.09 3.97 4.84 2.89 5.17 5.19 8.88 9.6 8.5 4.99 4.54 5.91
13.87 10.29 6.85 5.51 4.88 8.07 5.19 5.16 7.35 7.93 5.83 6.48 7.73 3.33 4.93 4.99 4.69 5.06 4.26 10.99 6.87 5.55 3.63 4.08 5.11 4.77 8.6 5.41 8.11 12.49 9.82 6.18 7.63 7.37 9.08 7.54 9.55 5.44 4.92 2.46 5.31 10.78 14.72 13.29 9.85 5.24 4.96 5.61 7.09 5.96 12.98 13.44 8.51 5.69 6.8 12.32 4.56 6.06 4.32 11.52 7.69 7.29 4.01 6.39
12.06 7.15 5.09 2.97 5.14 7.3 8.06 3.56 4.83 5.57 3.37 5.67 7.0 5.82 8.44 7.85 7.13 8.16 6.87 10.08 8.05 5.33 5.13 5.64 5.07 4.58 10.84 6.88 11.72 14.96 10.36 4.94 5.34 5.01 14.49 10.63 7.26 4.2 3.34 5.31 5.75 16.05 17.79 11.21 14.76 5.81 3.5 6.39 8.33 10.54 16.03 14.51 14.34 9.2 8.66 12.2 9.28 6.48 7.53 5.96 3.59 5.03 3.9 7.01
6.94 5.89 5.29 5.44 5.21 7.68 4.75 4.12 5.33 5.52 4.82 4.52 2.81 5.8 9.03 9.8 6.41 7.94 10.46 12.04 10.3 5.1 4.97 5.29 4.08 4.37 5.97 10.6 20.35 9.23 8.97 9.72 5.97 12.61 15.78 10.53 11.17 6.04 5.0 3.68 5.33 11.64 17.59 9.17 8.58 6.34 6.0 7.46 9.18 11.7 12.5 13.86 14.39 16.61 13.47 20.81 10.72 5.98 8.75 3.85 3.69 1.81 2.27 4.82
4.58 3.39 6.7 3.51 6.93 8.8 7.43 6.97 5.25 4.87 3.4 8.79 5.21 6.5 6.37 5.41 5.37 6.71 7.29 8.95 4.65 5.88 6.27 4.76 7.27 3.18 6.71 7.56 10.57 7.14 8.25 6.69 6.83 21.35 14.58 12.8 6.06 6.87 6.74 6.22 7.28 6.9 13.08 11.04 7.45 7.44 11.35 7.71 7.37 7.47 8.18 15.8 15.27 26.57 10.25 20.19 19.01 18.18 11.54 6.53 3.08 1.83 2.95 2.94
3.55 5.49 4.51 4.19 9.35 5.56 6.8 5.94 5.49 6.29 5.67 6.1 7.26 7.35 7.59 10.16 7.91 4.81 7.2 5.12 3.17 6.22 7.34 5.27 6.43 3.54 3.54 6.2 3.35 4.17 4.49 5.35 7.19 14.68 11.64 17.1 12.95 7.09 8.57 7.98 5.53 7.23 13.29 8.89 8.11 9.01 6.31 4.94 5.48 4.76 10.73 15.83 21.33 21.17 9.84 8.68 15.21 19.33 16.96 9.27 4.23 5.22 5.65 6.56
8.15 7.76 5.6 13.57 10.72 6.64 7.34 8.28 3.61 4.57 3.78 7.83 7.83 10.88 12.62 11.87 9.74 6.9 7.46 6.2 6.03 7.63 7.66 7.21 4.55 4.81 3.74 6.2 4.96 3.83 3.03 4.11 6.0 4.76 11.23 9.41 9.7 6.71 10.19 5.37 5.4 8.89 12.72 8.18 7.82 6.88 5.8 4.99 4.46 5.72 8.3 16.47 13.36 11.93 13.25 10.49 8.48 13.56 10.46 10.48 9.59 16.58 8.18 8.57
10.02 6.58 4.24 13.37 12.91 6.6 9.11 10.46 3.62 7.56 5.6 12.33 17.65 15.65 14.57 14.25 6.4 6.38 5.61 4.91 6.19 6.04 6.46 4.29 3.31 4.9 6.03 8.79 10.15 8.94 6.16 5.69 6.2 6.51 17.54 7.61 8.44 4.25 5.91 6.43 7.71 12.32 9.2 10.45 5.19 5.49 6.51 3.66 2.94 3.93 5.45 14.8 9.25 12.51 12.77 11.86 11.74 13.92 11.25 8.62 12.73 10.24 11.11 12.2
7.32 8.42 6.54 13.11 10.56 7.96 6.64 7.76 5.11 5.17 4.48 9.81 12.59 12.11 18.72 10.7 8.5 6.22 7.45 6.81 5.25 6.23 5.81 4.03 3.02 7.08 8.24 5.58 6.84 7.26 6.61 13.39 8.62 10.39 14.5 6.62 5.14 5.32 4.37 7.65 10.6 5.12 9.59 13.89 4.84 5.97 5.26 3.34 3.52 5.45 4.64 8.45 10.97 10.39 15.14 9.87 20.97 12.11 17.02 16.77 15.08 26.16 11.51 9.5
7.67 8.26 8.67 15.88 8.97 9.52 6.68 4.84 4.17 4.09 5.65 7.88 10.62 10.67 20.17 12.41 6.29 11.23 8.88 8.08 4.68 4.57 5.43 3.24 2.9 3.93 5.52 5.2 6.1 3.72 4.72 7.84 14.88 9.59 14.28 6.26 5.63 8.76 4.62 8.06 10.16 9.66 8.02 6.08 5.99 8.79 12.15 9.29 5.75 6.96 5.62 6.94 6.48 10.88 7.84 9.79 13.66 13.05 15.23 18.34 10.81 22.87 11.05 7.39
6.68 6.56 11.99 11.96 10.74 9.6 9.95 12.19 7.51 3.54 10.43 8.27 15.75 12.51 15.32 15.12 10.6 14.4 9.86 13.5 6.17 5.67 3.61 1.67 2.82 3.79 4.33 2.91 3.85 3.19 3.09 8.08 13.12 13.58 17.2 6.44 9.45 17.59 13.99 11.13 11.0 9.41 4.8 7.12 5.38 8.69 11.7 5.04 4.9 3.93 9.44 13.44 8.86 8.01 6.03 7.75 14.09 12.87 7.64 9.91 8.51 12.02 7.5 5.91
9.95 11.03 11.42 17.13 27.2 15.48 11.75 20.37 8.38 10.26 9.06 8.72 9.66 7.3 7.52 13.23 10.07 15.38 18.78 9.26 8.29 5.0 3.11 2.9 3.42 7.43 5.81 3.35 2.75 3.0 5.95 7.34 15.61 9.16 8.91 10.1 10.23 12.02 12.89 7.26 11.36 12.46 7.83 9.65 9.38 7.11 7.92 4.71 3.95 5.85 5.75 4.81 6.34 4.89 5.11 7.67 7.35 5.51 4.8 5.28 5.59 9.55 9.64 6.63
10.56 13.51 9.83 15.84 27.35 12.56 13.57 15.0 7.38 14.81 14.21 13.4 7.39 8.3 4.58 9.98 12.68 14.09 14.77 10.33 7.77 3.91 3.4 3.57 5.91 2.95 4.43 4.2 6.18 6.5 5.78 6.32 8.32 10.41 12.35 9.24 9.46 9.91 6.12 5.93 6.06 11.62 9.6 8.58 10.19 7.53 8.42 2.43 3.27 4.52 2.52 5.06 3.03 3.06 5.73 14.47 10.31 7.61 7.72 7.77 9.26 9.56 6.46 4.07
8.07 7.33 15.74 28.88 24.38 10.61 12.16 12.76 11.78 14.59 13.61 8.33 8.87 7.32 6.02 6.36 11.9 11.45 7.5 12.43 8.21 5.78 3.77 3.92 7.37 3.49 5.4 3.06 4.48 6.64 4.16 10.23 4.28 5.94 14.86 9.37 7.77 12.05 8.64 7.61 8.43 7.97 9.34 8.95 11.39 7.16 12.92 3.99 4.67 3.56 0.98 2.08 2.81 3.3 8.35 12.4 7.02 7.55 11.8 12.78 13.82 7.87 4.06 5.91
6.83 7.6 11.46 24.02 19.55 15.89 10.7 12.42 5.03 9.2 12.54 8.9 13.64 9.68 4.47 6.36 10.66 14.48 19.54 9.63 6.32 6.4 4.94 5.19 10.25 7.67 4.7 4.45 5.64 3.05 4.52 6.2 3.6 4.24 15.34 9.3 6.17 6.92 5.68 5.26 8.78 5.02 12.46 9.16 11.53 10.06 5.95 5.8 4.96 3.9 1.84 1.7 2.85 4.07 4.9 7.06 4.67 11.72 10.38 22.08 12.92 5.66 5.0 5.58
3.99 7.94 13.49 23.83 20.69 14.35 12.57 9.63 5.95 8.57 8.35 7.78 10.76 9.33 7.12 7.49 12.06 27.86 16.32 12.58 8.04 5.36 6.83 4.09 7.95 5.71 3.35 5.86 5.52 3.35 7.03 4.93 4.64 2.83 6.73 5.95 5.7 5.4 4.6 5.03 6.72 5.93 5.22 6.43 7.61 8.9 7.1 7.08 3.08 4.39 1.75 1.91 4.38 5.38 8.05 6.52 6.64 12.34 11.66 12.42 10.19 8.35 7.26 6.4
5.18 8.0 16.93 17.33 10.39 14.25 11.97 13.3 6.62 6.65 5.9 8.66 10.59 8.85 5.97 6.98 24.86 36.24 37.12 16.36 12.88 6.59 3.51 4.73 6.08 6.74 3.07 3.36 1.67 4.73 6.53 4.48 6.87 3.99 4.59 6.22 6.45 3.34 4.48 3.41 5.04 6.08 5.48 5.5 5.47 9.21 7.73 7.2 4.35 4.96 2.58 2.7 2.3 4.7 7.65 4.94 7.27 5.82 14.3 11.62 13.12 10.61 6.5 8.9
7.94 8.49 7.4 9.39 14.7 17.28 14.89 26.99 14.19 10.6 7.56 9.2 7.98 7.09 3.66 5.06 14.08 20.54 20.11 5.64 9.85 11.4 6.8 6.16 7.77 4.95 3.6 1.91 1.68 4.89 6.45 5.77 6.78 4.91 5.53 8.71 4.96 3.28 3.64 5.23 4.67 6.15 5.06 7.35 11.94 15.59 8.22 6.9 4.32 4.98 3.0 3.44 2.83 2.53 3.74 3.67 3.75 9.78 13.63 15.62 11.52 11.16 7.39 5.66
