15.87 19.07 27.25 20.37 18.5 11.57 8.02 4.63 4.39 4.06 6.19 4.78 3.02 2.94 4.16 5.31 3.71 2.97 3.25 5.33 6.09 4.84 5.5 6.79 6.24 4.47 4.35 4.05 5.64 9.55 7.96 5.32 5.28 6.6 11.29 5.66 6.58 5.44 9.85 6.52 4.85 7.11 8.67 12.09 9.27 11.66 11.49 18.37 23.15 19.32 20.68 19.79 15.82 12.7 9.09 8.33 7.95 6.79 10.54 5.46 4.56 4.61 8.22 12.37
20.55 24.19 26.76 30.75 36.58 11.36 10.91 8.83 7.65 8.76 9.83 7.71 5.85 5.0 2.87 3.31 3.45 8.49 6.56 7.42 7.29 3.8 6.11 6.66 4.73 6.06 3.5 3.76 3.72 5.03 9.15 9.58 8.78 8.71 6.13 8.2 5.99 6.08 11.11 7.95 4.08 7.36 5.79 6.68 9.33 13.31 12.0 12.33 14.5 21.21 18.64 24.01 11.13 11.49 10.02 5.86 7.21 9.31 15.18 10.94 5.2 4.76 9.09 14.8
14.78 24.1 30.06 33.86 28.66 12.99 15.49 10.59 6.63 7.46 9.06 8.25 7.41 3.79 4.31 5.66 5.28 9.29 7.66 8.1 5.64 3.52 3.96 4.27 5.83 5.8 3.97 3.59 3.16 4.39 7.74 13.6 7.89 8.71 5.86 6.32 4.29 8.63 9.65 9.4 5.9 4.59 4.52 4.3 4.33 6.88 6.33 9.36 11.78 11.84 9.49 6.67 11.35 11.44 7.21 5.6 7.2 15.32 15.04 10.82 5.34 5.53 4.08 7.01
20.04 18.09 22.36 22.56 18.94 15.63 16.12 7.68 5.89 5.5 8.02 9.68 7.81 4.14 4.52 5.39 6.66 7.08 7.41 7.27 4.85 5.7 3.68 5.24 7.41 6.62 7.81 5.51 3.56 6.02 8.47 10.75 9.19 9.04 9.07 8.34 6.29 6.16 11.45 11.28 9.88 6.44 5.13 5.53 4.1 7.68 8.42 9.87 13.3 7.57 7.18 4.96 5.82 8.3 5.25 3.03 5.53 13.14 12.99 12.58 7.22 6.85 3.67 4.09
17.09 20.12 17.1 10.55 17.44 11.82 13.19 7.89 6.52 7.74 6.03 8.22 6.87 4.57 6.11 5.08 7.37 7.28 5.73 4.5 4.32 6.18 6.96 6.18 7.12 5.95 9.67 6.45 6.29 5.47 6.75 5.22 3.81 4.42 8.85 11.0 8.36 5.25 5.88 9.38 10.39 10.26 3.88 3.79 3.37 6.93 7.9 7.17 4.35 8.18 8.52 5.08 4.02 7.17 7.39 4.43 4.04 7.53 13.46 10.78 8.98 4.27 4.94 6.62
16.88 16.38 12.5 15.15 16.03 13.32 10.91 8.1 11.22 10.34 8.86 10.43 5.59 5.65 4.19 4.18 6.03 9.04 8.51 5.81 4.49 3.97 5.79 4.94 6.22 6.08 7.02 7.28 6.93 6.47 5.21 4.38 4.62 5.07 7.12 7.83 6.19 4.56 4.74 4.49 8.26 9.44 5.15 5.99 9.26 10.06 13.48 5.16 7.87 6.98 7.05 5.62 4.05 6.86 4.85 2.63 5.09 4.99 8.24 6.49 4.39 5.21 7.5 8.2
12.01 12.7 10.89 18.38 17.97 11.34 15.16 13.4 16.96 14.24 12.81 13.73 5.58 5.03 3.67 2.57 5.01 6.54 10.25 6.58 4.61 3.07 4.76 4.58 5.22 6.46 8.42 6.99 5.61 3.93 4.89 4.16 6.39 7.27 6.64 5.61 4.08 5.17 5.14 4.62 5.36 5.56 2.64 2.92 4.36 7.44 8.57 5.76 6.86 6.36 3.63 4.63 4.03 5.08 3.04 2.07 2.22 5.59 3.8 7.25 5.2 5.92 6.86 5.26
10.34 11.22 16.13 11.1 17.47 11.68 16.99 15.45 13.81 7.51 12.08 11.51 7.58 6.18 5.35 7.07 5.63 5.27 5.64 5.92 4.1 2.84 2.82 5.59 2.95 5.11 5.12 5.19 4.29 5.23 7.85 4.7 3.81 5.93 8.25 9.54 4.8 4.6 5.75 4.89 5.23 4.94 4.07 2.71 2.36 4.9 7.32 7.31 9.42 7.91 6.21 3.82 3.65 4.91 6.77 5.49 3.03 3.33 3.59 6.18 9.44 8.64 5.11 5.21
17.1 9.43 5.7 12.51 19.68 16.32 29.09 21.53 24.79 14.37 7.81 9.75 9.5 11.45 8.57 8.0 6.81 5.52 4.72 8.6 4.22 2.78 4.62 6.01 7.49 4.38 3.21 3.86 4.12 5.72 9.61 5.27 4.83 4.87 5.18 7.57 5.09 3.65 5.69 3.9 4.44 5.09 3.47 3.72 2.07 3.86 4.54 6.51 7.95 10.65 10.22 5.72 4.37 4.65 7.21 5.97 5.24 3.91 3.58 9.24 15.16 6.92 7.81 3.99
13.7 8.18 6.31 10.37 18.98 26.81 26.16 20.17 27.08 17.25 8.72 4.84 8.95 9.95 11.27 8.13 7.75 7.76 5.89 6.53 6.03 3.21 5.29 7.58 9.15 4.68 2.29 3.55 6.01 6.16 5.3 4.97 4.84 5.23 3.62 4.98 6.64 4.06 5.37 3.63 4.59 3.96 3.97 3.5 3.92 3.37 5.23 4.51 12.19 13.19 16.74 8.7 6.11 4.36 3.46 4.04 3.94 4.3 5.29 8.9 11.13 7.92 6.95 5.18
8.19 6.17 5.41 7.12 9.0 29.21 36.8 25.94 13.82 10.68 10.95 6.01 6.03 6.61 8.5 9.09 8.77 9.73 16.05 16.6 16.88 9.64 9.81 11.07 12.65 8.15 5.9 4.71 7.39 7.64 6.44 4.95 6.63 7.76 6.81 5.89 3.93 4.9 6.24 6.7 5.51 4.91 5.76 4.72 6.03 4.39 5.05 7.92 9.63 11.9 6.91 7.32 6.28 6.1 2.94 2.52 5.04 7.23 5.67 6.83 5.42 6.22 5.3 2.55
6.27 6.13 4.93 5.61 10.08 14.7 25.08 24.22 11.97 13.18 5.67 4.5 4.22 5.27 8.54 8.2 5.7 14.66 19.18 24.0 18.22 14.18 24.9 10.21 8.45 8.08 5.5 7.5 6.98 5.93 7.46 4.34 6.07 5.52 6.43 7.34 5.48 7.58 7.18 7.46 8.02 6.64 4.75 4.46 5.92 6.47 10.81 13.58 15.58 16.07 10.48 8.15 10.18 6.98 6.61 5.41 6.23 7.45 4.72 3.72 4.73 6.25 4.45 2.78
11.46 6.47 5.68 5.47 12.53 17.54 12.7 10.48 11.19 12.36 4.59 5.49 3.25 5.7 9.7 9.71 10.99 14.24 24.89 32.65 20.87 20.93 19.35 14.09 13.96 5.38 6.0 6.19 7.35 5.35 4.91 3.44 4.64 3.25 4.84 6.54 8.39 13.06 8.7 11.44 8.83 9.27 8.71 8.68 10.28 14.51 13.54 13.58 10.74 15.45 18.12 12.54 8.56 6.25 10.84 12.24 8.31 6.18 5.44 4.51 4.17 6.03 8.33 4.96
11.12 8.29 7.35 6.92 10.26 18.55 19.21 9.08 8.42 7.43 7.49 6.95 3.93 3.4 8.74 11.88 15.53 14.13 19.51 32.75 31.21 24.28 11.97 9.28 8.17 4.67 3.14 3.81 4.16 4.46 3.42 3.78 3.41 4.25 4.18 3.57 4.75 6.89 10.67 9.21 6.76 6.42 6.11 11.03 15.73 11.84 12.09 7.98 11.99 9.33 11.4 16.28 14.16 13.51 9.16 7.23 7.19 6.76 5.5 7.56 6.24 6.47 9.36 6.35
7.16 12.61 12.92 9.23 9.38 10.58 13.32 9.08 5.37 5.21 8.35 6.89 5.01 6.19 8.86 16.32 23.61 22.98 14.02 16.33 28.2 24.02 13.9 11.1 4.09 7.31 5.82 7.15 7.01 7.57 5.58 7.69 5.0 3.33 3.65 2.99 5.82 3.34 7.74 7.54 10.47 13.72 7.62 12.81 23.75 10.35 10.49 4.82 16.14 10.71 9.34 11.27 12.95 16.45 8.69 6.39 10.04 8.71 7.98 11.2 14.62 8.82 9.14 6.66
10.39 18.52 13.46 14.59 9.83 9.83 9.96 5.86 3.89 6.06 5.17 9.2 5.97 8.39 13.85 16.16 24.52 13.76 13.52 21.16 24.43 19.82 13.64 5.19 6.73 5.8 4.89 7.27 4.16 6.55 9.21 8.0 7.93 4.6 3.91 3.07 2.08 2.96 6.49 9.83 17.42 14.22 11.99 17.81 11.1 13.73 13.56 6.26 11.41 7.79 10.63 8.87 8.96 14.45 5.96 8.39 14.68 12.5 11.37 12.57 12.07 7.12 3.85 4.09
7.36 7.69 8.33 10.1 10.85 6.17 4.8 3.65 4.19 6.61 6.72 17.3 8.28 10.81 8.81 11.92 12.78 10.0 8.76 12.78 15.28 10.53 6.94 5.78 7.07 7.65 4.05 4.24 4.62 8.12 10.47 9.12 6.7 9.31 5.27 5.54 2.91 5.01 13.72 25.31 15.32 10.21 16.26 17.04 10.15 9.19 8.96 7.67 7.23 6.55 8.24 10.01 12.63 7.35 6.11 6.63 9.9 17.52 14.48 13.03 12.38 8.44 3.38 2.65
4.83 4.75 4.98 6.67 8.05 8.82 7.53 7.53 6.7 6.32 6.39 16.51 20.61 14.87 10.12 10.4 11.68 15.86 12.16 9.33 12.54 8.14 4.43 4.86 7.88 7.6 5.38 4.27 4.07 4.71 6.79 7.76 8.04 9.32 5.23 7.32 6.74 7.88 14.01 38.65 23.55 11.69 9.12 12.61 10.52 8.59 3.27 3.11 3.73 4.79 5.83 6.7 7.43 7.83 6.6 7.23 4.34 8.76 10.19 14.01 10.34 5.58 5.54 2.03
4.53 3.85 4.89 4.83 6.31 6.74 10.34 7.51 9.73 9.5 7.89 7.83 11.0 7.72 11.47 8.98 10.12 15.48 8.91 9.18 6.57 7.85 5.87 5.7 5.32 7.7 5.7 5.67 5.54 5.09 8.69 6.3 8.07 8.15 6.49 9.07 9.18 8.32 15.55 18.23 26.57 16.87 7.98 11.85 10.93 7.21 3.79 2.72 4.45 4.64 3.8 6.43 4.74 5.91 6.82 5.48 4.29 5.21 6.99 12.89 16.7 10.97 10.16 3.11
4.88 4.65 4.87 8.71 9.93 8.42 7.17 5.72 7.66 11.14 10.04 9.3 7.95 9.53 14.39 9.42 14.69 14.14 13.57 6.75 4.14 4.99 8.3 6.63 5.1 4.55 7.23 4.84 3.81 7.18 7.42 6.06 5.01 4.14 6.1 6.89 7.45 12.86 15.43 20.67 15.63 15.0 10.29 10.97 9.58 6.64 2.89 4.38 4.13 4.66 5.49 7.34 5.92 5.09 4.45 7.48 7.91 6.47 8.83 7.56 11.71 8.22 7.82 6.05
8.75 6.73 7.29 13.65 17.97 14.18 7.46 3.8 3.64 4.92 5.46 9.86 8.6 11.0 8.68 7.4 8.04 8.84 12.99 7.99 4.92 3.19 3.84 4.71 3.1 3.83 2.92 4.29 4.05 7.39 7.44 7.85 5.88 5.23 4.05 3.07 3.5 8.01 17.36 15.25 11.74 7.58 7.08 7.14 14.26 7.7 7.25 3.66 4.88 4.54 4.94 7.21 4.73 7.05 7.38 7.52 7.62 6.32 9.31 12.56 8.09 6.56 6.48 9.54
9.46 11.68 10.23 23.2 24.19 15.98 9.28 6.01 4.38 5.69 5.81 8.31 12.3 12.42 11.19 7.7 8.53 12.55 22.38 21.09 12.55 4.25 5.3 6.26 5.19 4.2 3.58 4.02 6.25 4.42 4.55 8.02 6.58 6.98 3.65 3.75 5.04 13.3 21.73 9.85 7.39 5.7 5.41 6.89 10.01 8.62 6.01 4.44 5.46 8.38 7.75 9.65 6.84 7.24 7.18 9.92 9.23 11.96 8.6 20.14 14.6 11.88 13.82 13.01
10.71 11.83 24.73 24.73 16.67 11.75 7.97 5.62 8.24 5.27 5.37 5.7 7.67 14.33 13.72 12.6 9.06 18.11 29.89 19.67 12.81 9.46 5.53 5.3 4.82 3.06 4.82 7.83 4.11 3.03 4.17 7.16 9.04 7.37 5.32 8.87 9.58 14.65 11.13 6.69 9.5 6.99 9.36 10.95 5.99 10.75 4.72 5.24 6.83 5.33 8.1 9.85 8.88 7.57 5.84 9.02 10.54 8.43 6.78 16.23 16.35 15.75 9.16 12.52
8.36 14.98 18.27 24.04 14.85 13.68 7.9 6.22 9.12 7.88 10.22 7.59 4.82 6.01 6.09 8.39 15.12 21.99 21.24 20.65 21.19 12.48 10.45 7.38 12.06 6.91 5.68 5.19 5.75 7.73 7.93 8.36 8.44 6.95 7.33 11.34 10.58 10.73 10.72 8.01 8.56 12.99 22.14 28.88 12.89 10.22 6.09 6.32 5.2 4.89 9.31 10.13 13.16 7.7 7.81 5.96 8.6 8.89 8.13 10.78 20.71 9.52 7.84 6.48
12.23 17.42 15.55 17.19 16.11 13.56 11.47 8.42 9.14 5.57 12.9 7.86 8.5 5.35 5.34 5.9 10.01 15.82 11.11 12.27 19.11 10.64 8.76 6.33 12.47 10.47 5.51 4.58 5.68 11.68 9.41 6.55 9.13 10.11 7.06 7.46 8.14 8.78 17.1 14.36 17.53 13.71 25.82 26.1 17.06 12.33 7.58 5.35 3.18 4.24 6.0 9.69 6.82 8.41 5.29 3.88 6.93 8.24 9.67 10.04 8.88 7.88 6.11 4.79
10.99 11.19 13.34 16.84 11.51 11.69 18.23 8.29 9.91 8.59 14.04 10.72 7.7 7.09 5.71 4.45 7.32 8.95 9.04 14.33 12.62 15.33 10.46 6.42 8.63 9.28 7.46 9.56 8.26 12.03 8.67 6.53 11.35 9.11 6.35 6.65 6.38 6.74 9.37 14.4 29.9 16.41 21.62 27.92 24.59 15.83 8.84 4.97 3.36 4.94 4.0 8.89 6.61 8.55 12.01 7.72 11.82 16.41 17.57 20.35 7.64 6.79 6.11 2.96
11.13 12.48 13.89 16.39 12.08 18.74 16.15 12.68 10.34 16.64 14.49 10.19 6.81 6.36 7.9 7.42 6.7 6.52 8.42 10.28 8.87 6.55 5.16 4.63 5.53 7.0 8.59 7.79 6.23 8.2 8.43 4.84 6.58 6.68 7.78 7.02 6.48 7.41 8.01 11.71 13.02 14.9 23.7 27.56 26.22 9.96 6.43 5.91 4.42 5.57 4.56 6.68 6.1 5.46 6.91 9.77 13.75 24.67 19.65 12.96 7.61 6.12 4.23 2.76
13.94 11.36 13.73 14.47 8.15 18.0 10.99 8.99 8.79 11.52 8.13 8.83 7.95 8.4 9.82 8.24 8.05 5.89 6.96 6.87 5.65 3.82 3.63 2.6 6.54 10.57 14.39 7.27 5.1 6.32 7.79 5.13 4.53 5.7 6.68 6.09 4.87 4.9 9.93 7.87 13.36 23.08 24.71 26.99 21.09 9.71 6.73 4.25 4.52 3.63 4.78 4.77 4.4 4.87 11.99 16.37 19.35 18.13 12.88 15.96 8.31 7.02 5.26 4.69
13.17 18.29 13.88 11.67 8.45 13.99 16.69 8.92 9.47 12.86 10.89 15.1 16.27 9.29 11.71 9.18 10.63 8.65 6.82 6.62 5.91 2.4 4.19 3.2 8.59 13.58 6.93 7.8 6.21 5.41 7.55 8.65 9.64 7.11 6.32 5.4 3.94 4.59 8.17 8.04 18.2 26.57 17.47 24.58 17.26 11.13 7.2 3.27 4.56 5.96 8.12 5.62 3.91 7.14 12.65 21.65 14.62 7.76 11.8 13.39 6.43 3.06 4.65 6.54
12.43 10.47 10.26 8.19 7.88 11.56 11.91 8.31 7.82 7.9 11.26 14.55 17.2 22.66 15.86 12.94 7.14 8.4 6.18 4.57 3.44 3.84 3.97 6.08 6.5 6.75 8.08 10.62 10.55 8.09 6.19 8.1 13.07 7.97 7.64 3.78 4.52 4.96 6.37 9.61 15.8 25.85 24.58 14.05 14.31 10.01 5.96 4.19 6.87 6.86 6.76 4.57 6.57 11.61 16.32 12.98 14.0 8.08 12.13 9.03 12.08 5.73 4.06 5.08
9.03 12.07 8.52 12.46 12.8 13.76 13.09 7.6 5.39 7.26 8.28 11.38 14.19 20.31 19.86 9.61 11.08 17.46 11.44 7.08 4.19 6.36 8.62 5.31 5.28 5.35 7.55 8.8 5.79 6.84 7.27 9.08 10.83 10.6 8.74 5.53 6.87 7.01 6.72 9.11 13.08 23.5 27.53 26.36 16.16 11.17 7.49 5.82 7.35 9.59 6.28 4.64 8.77 9.14 15.79 9.81 10.37 8.47 7.6 8.53 11.63 7.49 3.3 2.62
9.45 7.74 6.65 5.65 7.33 8.03 10.74 11.04 6.13 5.8 5.05 10.89 14.93 16.34 16.39 10.83 10.19 11.54 9.52 8.95 5.87 7.07 4.07 5.4 5.17 8.02 7.8 7.81 4.97 6.23 6.46 8.13 8.94 17.93 10.89 8.48 7.7 6.31 9.7 9.97 10.05 11.76 20.7 23.49 12.46 8.98 6.99 8.01 6.61 6.52 7.03 5.55 3.96 5.0 8.94 8.81 10.58 8.19 7.59 10.77 7.72 8.92 5.32 4.82
9.27 8.99 6.34 10.37 6.5 7.27 9.03 12.9 15.49 6.55 4.1 8.04 17.25 20.27 16.34 9.34 10.42 11.6 11.34 11.7 6.72 9.34 5.13 5.22 7.5 8.5 10.14 11.19 7.2 7.5 4.9 6.72 12.64 14.84 9.61 7.25 7.68 7.35 7.84 8.47 18.44 16.26 33.71 26.09 13.47 12.54 8.86 8.97 12.21 7.36 8.67 6.95 4.31 8.16 9.42 14.0 11.24 5.76 6.88 5.32 4.74 6.93 8.32 6.37
8.64 8.77 5.98 5.45 4.61 8.39 11.28 12.29 16.47 8.23 5.95 5.34 10.66 17.66 12.67 7.96 5.6 9.03 11.58 6.43 6.28 7.55 7.59 7.45 6.45 7.48 10.72 8.26 10.27 5.95 6.09 9.45 16.1 11.91 4.89 3.78 6.91 6.81 6.97 6.54 12.03 22.24 17.79 24.21 15.59 11.85 7.58 10.03 13.82 9.25 6.03 4.84 5.85 7.81 7.28 9.09 6.72 5.38 5.12 6.58 5.87 6.02 11.31 7.94
8.17 8.37 6.2 5.87 3.53 9.45 13.47 11.28 10.34 8.29 7.73 8.98 10.89 20.49 13.6 10.82 8.25 4.55 8.92 6.55 7.62 9.38 11.56 11.42 10.47 11.13 11.83 11.49 8.52 7.03 5.97 5.91 11.37 10.97 8.48 6.0 3.72 6.79 7.1 9.96 11.39 17.61 16.44 22.12 12.05 9.92 9.4 13.32 18.73 6.5 5.13 5.2 11.38 10.32 8.67 7.13 8.02 5.88 5.6 7.9 8.09 11.54 8.45 6.49
10.66 5.97 6.84 6.76 6.44 9.86 9.25 8.22 8.19 6.27 4.67 11.39 16.91 16.76 11.0 10.5 9.4 11.13 9.35 10.51 13.32 11.91 13.63 13.58 14.86 19.01 11.04 16.19 7.36 8.82 13.7 7.75 10.95 13.22 10.55 8.16 2.95 3.46 4.58 8.35 15.13 14.41 14.7 21.06 10.04 18.45 11.51 7.21 5.89 5.34 4.61 5.32 5.77 4.84 5.36 4.18 6.42 6.02 9.11 8.35 5.31 8.42 6.49 6.95
9.72 8.23 6.35 3.76 6.21 8.37 11.21 7.43 9.08 10.52 6.12 6.22 10.61 13.63 13.62 12.9 7.45 9.43 6.35 15.33 23.9 18.8 11.63 13.04 18.86 13.58 9.81 16.49 15.54 17.82 7.29 7.42 14.34 12.96 15.63 9.03 7.81 5.57 8.37 12.58 16.11 16.57 15.88 11.06 10.84 17.68 8.81 8.22 5.03 5.25 9.48 5.92 4.52 3.64 5.77 5.91 5.05 11.39 9.77 11.7 7.6 6.32 9.0 11.16
6.17 7.82 6.64 3.49 3.66 5.51 7.83 6.04 9.56 11.06 10.14 5.83 5.18 9.3 16.51 13.09 9.51 6.8 4.83 13.59 18.18 14.27 7.36 8.42 16.14 12.14 8.9 16.26 23.21 20.74 7.88 8.95 20.72 18.46 12.88 12.0 11.0 14.66 17.72 18.79 16.59 18.13 13.65 15.81 9.36 10.78 7.86 8.62 8.62 6.51 4.99 5.62 4.38 3.2 4.77 4.93 6.51 8.62 3.53 4.64 5.77 8.5 10.63 5.93
1.96 3.21 2.89 4.28 2.25 4.35 7.1 8.62 13.95 11.7 10.9 4.74 4.55 7.75 9.68 8.97 7.67 6.14 7.28 7.71 11.05 14.78 9.03 4.49 7.89 14.32 17.67 14.04 12.64 14.4 10.59 14.61 13.97 13.7 15.06 16.39 19.88 15.84 16.2 16.73 20.95 24.07 12.14 8.79 13.07 9.91 11.14 8.66 10.44 6.32 5.83 3.98 4.61 5.57 8.09 5.8 6.69 7.31 4.77 6.74 6.4 11.12 7.03 10.05
2.55 2.42 2.55 3.12 4.22 4.17 4.74 5.85 9.54 7.92 8.95 5.43 8.06 8.91 10.31 8.63 10.1 10.41 14.56 9.07 9.26 9.32 8.27 6.48 10.64 19.91 21.75 15.25 9.67 11.57 15.14 11.03 11.25 15.02 22.32 33.17 31.83 24.29 13.68 14.68 19.95 21.23 18.15 11.4 7.23 13.3 11.35 9.6 8.22 6.26 7.13 6.11 3.26 6.12 7.83 6.05 3.49 2.95 6.5 6.32 4.79 7.27 4.63 9.7
3.06 1.73 1.99 2.68 3.38 2.14 3.05 4.63 7.11 5.08 5.1 8.98 10.16 5.77 6.82 7.76 10.9 12.92 11.7 11.12 7.28 6.33 4.79 8.73 13.45 13.65 15.82 14.18 14.41 11.79 19.41 12.14 11.47 15.46 13.87 18.72 15.36 17.19 12.16 15.66 14.54 14.38 11.49 13.68 11.63 13.67 11.89 10.86 5.48 6.39 5.45 9.16 6.39 6.35 6.2 4.24 3.92 4.06 4.92 6.66 3.29 2.57 3.71 4.47
4.14 2.98 4.91 3.82 2.01 2.27 2.45 4.6 4.61 4.38 6.34 6.81 7.86 5.36 5.15 12.55 16.15 14.98 10.17 8.1 6.44 7.34 4.5 6.04 8.26 6.25 13.51 23.57 28.48 26.15 25.65 15.67 16.09 12.43 16.77 21.58 15.65 13.72 7.09 12.54 18.03 11.61 9.95 10.45 14.32 15.02 12.13 16.17 15.88 9.61 6.5 5.86 7.56 6.77 4.42 3.64 4.16 3.45 4.95 4.93 2.67 2.53 4.37 4.62
4.29 3.15 5.43 3.92 2.5 4.2 2.33 3.85 4.22 2.88 4.97 4.7 8.52 10.45 12.3 12.86 19.92 19.48 13.93 9.16 6.18 4.48 5.12 4.12 4.84 3.6 11.39 22.15 23.05 23.84 23.29 17.17 16.88 8.08 10.41 13.14 12.63 8.02 5.9 6.22 9.34 11.94 11.7 12.1 10.19 10.95 14.58 13.1 13.74 5.82 4.69 4.85 5.27 5.48 3.58 4.9 5.15 5.38 4.48 5.0 3.95 5.6 6.36 6.25
3.96 3.65 5.26 7.2 7.68 4.23 5.07 7.11 7.24 5.17 2.74 3.08 10.74 10.97 12.0 12.65 14.34 19.06 9.93 11.09 5.64 5.3 7.44 4.59 4.28 4.92 8.33 16.21 22.48 21.24 23.48 20.55 27.89 12.34 15.02 18.23 15.47 7.94 6.09 3.92 6.41 8.21 15.49 12.05 13.63 10.23 12.02 11.81 9.11 5.77 5.94 5.67 4.7 4.95 4.1 4.81 6.18 5.1 4.83 4.62 7.75 11.11 7.32 5.81
5.41 5.36 4.68 9.43 7.74 6.94 7.56 5.92 6.65 3.43 3.13 4.69 6.63 8.97 6.43 8.66 14.07 9.35 5.81 8.16 4.76 5.85 6.5 6.42 13.64 8.14 10.26 11.3 21.12 21.09 12.5 16.46 27.79 18.85 13.95 12.99 9.01 7.66 6.03 6.49 6.85 6.49 9.53 16.58 11.59 8.93 6.54 6.08 7.03 5.36 4.37 5.54 3.55 3.68 5.94 3.21 4.9 4.45 6.42 5.47 6.05 12.58 9.45 4.96
6.34 9.91 10.26 16.22 9.27 12.74 12.52 7.47 5.16 4.47 2.86 3.75 4.02 3.4 4.52 4.66 6.91 5.47 5.45 6.39 4.21 8.72 7.66 7.59 11.79 6.54 10.05 15.37 23.22 21.47 16.44 20.18 19.83 20.16 13.32 11.36 11.17 8.75 8.36 9.35 9.78 6.73 8.0 9.23 11.04 5.37 5.79 5.81 6.76 5.29 6.55 7.8 8.17 7.1 10.59 6.86 4.8 6.44 6.86 8.57 7.19 11.46 6.29 4.02
13.8 11.89 12.24 13.07 10.98 16.26 10.78 11.38 10.46 8.33 6.55 3.71 4.8 5.16 7.22 4.52 4.94 3.96 4.48 4.77 4.29 8.94 8.58 8.48 7.58 6.6 14.34 18.69 22.26 21.62 17.56 18.85 6.34 11.25 6.49 12.51 12.18 8.67 4.94 5.42 6.01 4.82 3.02 4.02 4.53 4.64 3.31 4.69 5.14 5.23 7.52 9.0 7.79 7.1 9.92 9.2 8.79 6.17 6.92 7.48 10.23 10.06 6.54 3.79
24.48 23.15 12.6 14.11 15.9 14.78 12.72 8.86 13.38 10.95 5.44 5.35 4.6 7.76 7.42 6.55 4.16 4.19 3.44 7.6 5.79 5.86 5.98 5.27 7.27 7.38 8.75 15.84 20.4 16.71 15.58 6.8 5.52 6.46 7.56 6.44 5.98 4.63 5.22 3.47 5.3 2.94 2.86 3.41 4.45 3.92 4.63 2.78 2.81 2.48 5.93 9.56 8.66 9.17 8.22 8.47 8.89 4.64 4.69 5.16 5.18 6.39 7.42 5.34
24.45 19.82 23.93 15.13 12.48 9.22 9.49 12.58 14.24 9.08 5.88 3.98 5.84 6.52 5.07 10.51 6.38 6.96 9.03 8.31 9.95 7.53 5.99 7.39 6.34 5.63 10.33 15.85 28.23 14.27 14.98 6.35 4.22 6.4 8.47 7.11 4.03 2.27 1.78 3.08 3.13 3.31 3.24 3.77 3.13 4.48 3.51 2.07 3.06 4.3 7.17 6.02 5.34 6.34 5.38 7.35 5.16 2.73 5.04 3.7 6.09 6.22 8.48 6.25
17.75 25.26 16.61 13.42 9.73 7.96 9.39 9.38 9.14 7.96 6.08 6.04 5.67 7.57 7.77 7.87 7.51 5.75 7.83 8.91 7.08 7.09 5.17 7.06 5.3 4.88 7.89 12.5 10.44 7.34 7.45 5.27 3.83 2.54 4.24 6.18 4.45 2.78 2.38 3.73 5.79 3.72 3.88 2.5 3.25 4.92 3.14 2.81 4.97 9.45 11.29 6.59 5.54 6.63 5.77 9.05 4.49 4.6 4.06 6.93 7.35 8.42 5.04 8.71
35.44 34.9 20.2 18.61 11.89 7.97 6.38 5.85 6.86 12.46 7.2 8.23 6.49 6.28 8.11 10.0 9.72 7.3 6.68 7.41 7.38 6.39 4.88 6.24 4.56 4.73 4.29 8.97 6.89 8.79 8.22 6.17 3.13 2.21 2.32 3.43 2.83 2.5 4.33 5.66 5.15 4.12 5.36 4.05 2.7 4.64 4.78 6.24 4.93 6.61 13.2 9.62 7.92 5.55 5.93 8.33 8.5 8.75 7.53 8.63 10.26 8.52 6.69 4.29
43.2 17.92 16.7 16.57 9.77 7.75 5.17 7.22 7.06 6.66 9.3 12.29 10.32 7.24 3.82 6.41 9.24 5.64 6.31 5.52 4.8 4.29 3.99 3.31 4.3 2.88 3.39 2.72 3.09 5.32 3.33 4.19 2.31 1.86 3.91 3.16 2.11 3.1 5.14 10.62 8.33 3.89 5.16 4.04 2.61 3.82 4.91 6.27 3.57 4.54 11.76 9.65 5.03 5.4 5.37 7.29 8.64 12.11 10.24 10.39 6.99 8.3 7.85 6.4
30.92 15.89 20.0 8.61 5.28 5.02 4.5 8.3 5.6 5.63 8.81 10.19 10.23 6.3 3.25 6.05 3.67 5.16 4.97 5.84 5.42 3.52 3.79 3.21 4.39 3.62 3.48 3.64 4.68 4.62 2.52 2.87 3.61 6.16 3.76 4.63 2.51 2.91 4.0 8.4 10.9 6.54 6.52 6.28 4.22 4.13 4.8 4.79 5.22 4.11 7.62 8.54 7.2 4.4 8.14 5.02 6.49 6.76 8.32 7.29 5.66 9.17 12.93 11.0
14.48 12.37 9.54 6.97 4.92 3.87 6.22 10.72 13.69 8.51 8.52 6.11 5.08 4.19 2.82 3.16 3.45 2.97 4.49 4.16 2.86 3.34 3.98 3.03 2.7 2.34 3.04 3.94 2.88 3.17 2.39 2.82 3.68 3.94 3.16 2.58 2.18 3.27 2.32 4.67 5.26 6.66 12.04 9.76 5.79 3.52 4.2 6.95 8.25 5.07 4.29 5.9 4.58 2.6 4.16 5.38 7.98 7.87 6.7 4.73 5.03 14.51 12.99 13.21
19.14 7.83 8.48 7.84 6.35 6.02 6.11 7.73 10.53 7.58 5.98 7.5 4.89 4.48 3.69 2.7 2.89 2.31 3.32 4.81 1.44 2.92 2.42 2.17 2.08 2.24 4.18 3.99 1.9 2.75 6.01 5.21 5.03 3.26 3.84 2.67 2.47 3.37 4.55 3.82 4.92 3.47 7.33 6.76 4.46 5.69 5.14 8.82 8.77 4.88 3.15 6.16 3.26 2.79 3.48 4.96 8.23 6.95 10.07 8.12 5.91 14.89 12.47 16.04
15.82 8.29 8.65 6.31 11.02 9.27 7.01 7.26 9.85 8.55 9.43 8.84 8.2 4.06 3.74 2.98 2.78 1.62 2.81 3.03 3.27 2.45 1.52 2.77 3.3 2.68 3.91 4.13 4.52 5.87 6.54 10.16 4.12 4.87 2.16 1.96 2.51 2.59 3.62 4.13 2.89 4.45 4.3 5.42 4.0 6.87 5.76 8.9 5.4 6.1 3.47 7.16 3.41 3.09 4.31 6.28 7.94 9.07 10.21 11.35 7.73 7.48 9.96 9.97
9.75 7.0 6.19 4.34 6.46 6.81 4.97 10.56 7.33 8.78 6.8 7.39 8.52 6.18 3.34 2.4 2.0 1.45 1.61 2.6 4.44 3.34 2.59 1.74 2.49 3.29 4.67 9.96 9.48 6.03 6.18 10.77 12.66 6.69 4.32 3.75 3.06 3.13 4.55 3.15 7.29 4.18 3.49 3.55 6.06 8.54 11.05 7.8 9.23 6.78 7.27 5.6 3.92 7.07 5.08 7.51 7.82 11.33 11.11 18.77 13.69 11.06 10.24 13.41
10.68 10.24 5.98 5.78 4.37 5.05 7.64 6.29 9.59 11.08 15.0 5.28 3.76 4.0 5.09 2.16 2.36 1.6 2.28 2.28 3.33 2.98 3.87 1.48 2.16 2.51 5.31 12.26 7.88 7.83 5.67 8.78 10.2 8.45 5.72 5.52 2.97 2.86 2.68 3.93 6.43 6.89 4.74 4.89 7.29 9.91 11.14 10.1 12.14 11.13 10.38 5.21 6.63 9.77 8.18 8.73 7.97 11.69 12.46 13.99 13.7 7.88 7.12 8.01
11.51 9.23 7.1 4.05 5.02 7.32 12.05 10.24 8.39 10.27 7.83 4.95 1.9 2.71 1.96 2.26 1.31 1.24 2.21 3.07 2.66 2.56 1.81 1.44 2.41 2.53 3.7 3.7 5.6 7.26 8.59 7.86 8.09 7.93 14.79 5.14 5.1 4.66 3.81 4.03 4.51 3.31 6.43 4.79 5.11 9.87 11.42 14.86 7.62 10.73 15.05 6.8 9.07 6.22 6.9 9.2 9.72 17.04 16.52 10.21 7.2 7.85 3.59 5.24
14.34 11.68 9.8 6.64 6.13 5.82 8.11 13.56 11.97 7.39 5.03 6.44 3.93 3.66 2.44 2.9 2.31 1.6 1.98 3.1 4.32 4.17 2.79 3.1 2.77 3.99 4.9 2.98 4.2 7.26 8.58 6.6 4.27 7.96 8.99 9.18 5.07 3.12 4.48 6.08 3.67 4.28 3.82 5.01 5.89 12.55 15.12 7.53 5.07 7.65 9.9 10.96 6.84 5.92 16.56 6.45 10.04 10.56 22.6 12.87 6.74 5.23 4.59 2.95
8.53 11.13 8.48 7.24 7.93 6.61 5.13 10.63 7.76 7.75 5.0 3.28 2.94 2.11 3.68 3.94 4.4 2.22 2.09 3.54 3.35 5.55 5.61 3.94 2.41 1.55 2.43 2.63 4.88 5.45 5.48 5.31 4.66 5.48 7.72 5.69 4.37 2.38 3.89 4.16 5.91 3.46 4.97 5.42 6.87 8.49 6.99 5.61 4.5 6.7 7.65 11.39 5.81 8.21 9.09 13.57 6.58 6.16 8.15 7.92 4.19 4.44 3.71 5.88
6.77 5.19 7.36 5.88 5.33 7.83 5.65 9.3 10.36 8.21 10.09 4.7 3.79 3.57 4.6 4.46 7.37 1.79 2.04 2.77 2.9 7.0 5.88 4.18 2.0 1.82 2.98 4.63 4.65 5.61 2.97 4.4 3.76 6.46 8.97 5.48 2.59 2.73 3.16 3.7 4.5 3.91 5.9 6.49 6.08 6.49 5.87 7.95 11.39 5.78 6.88 7.64 6.6 8.68 6.45 11.99 8.22 4.19 5.08 3.28 5.78 6.26 5.09 5.0
7.07 7.08 6.53 5.77 5.55 3.96 4.65 6.86 7.03 8.45 5.97 5.48 4.6 4.05 4.23 3.68 5.95 2.07 1.98 1.8 2.92 4.1 5.08 3.93 2.43 2.83 3.23 2.93 3.19 3.47 7.37 3.81 2.59 3.57 6.38 4.15 2.02 2.6 3.21 4.42 4.19 4.4 7.95 7.84 11.83 7.8 5.67 5.67 7.78 7.27 5.04 4.16 4.18 7.84 8.15 9.99 7.6 6.94 4.06 1.69 2.58 2.93 4.74 8.11
9.11 5.47 5.1 4.73 3.56 3.32 2.64 5.22 8.22 7.86 4.74 4.49 5.24 8.64 5.15 5.33 4.25 2.45 3.79 3.11 3.51 3.67 4.22 6.12 4.17 2.65 2.09 2.89 5.01 4.28 8.84 7.78 4.62 4.3 4.54 4.34 2.32 3.28 2.98 3.46 5.1 4.28 7.38 10.56 11.13 11.26 12.49 6.83 8.05 4.6 5.92 4.26 4.81 8.47 12.9 14.02 16.06 8.89 8.21 4.0 3.92 4.95 6.65 10.96
