17.77 21.86 24.43 25.59 12.27 19.32 10.33 11.77 17.84 12.37 13.33 7.22 5.66 13.67 9.59 9.53 9.22 7.76 6.81 5.87 12.83 12.68 7.2 8.5 20.18 9.17 8.54 12.65 12.33 15.33 12.77 11.0 16.08 18.38 13.07 16.87 11.2 11.15 7.75 4.18 3.85 5.08 8.01 8.28 4.6 9.19 3.23 4.73 3.04 2.69 5.91 5.32 6.47 5.9 6.97 7.71 5.92 7.16 6.66 9.47 6.34 3.48 4.45 3.13
15.37 17.15 23.55 20.68 21.21 19.09 11.7 7.52 18.16 12.96 10.4 4.69 5.78 6.03 9.72 10.79 10.94 8.64 19.21 13.39 10.88 9.32 11.39 15.23 13.82 10.83 14.31 11.4 15.24 24.58 27.31 16.69 12.45 29.26 20.05 12.29 11.01 9.57 8.15 4.95 5.36 5.2 6.74 5.32 3.86 5.57 6.37 3.59 8.88 4.81 3.61 6.96 5.28 7.21 6.49 10.83 9.83 6.3 5.91 7.57 5.43 5.02 4.49 5.03
18.96 8.46 14.22 19.43 18.1 23.63 16.67 13.88 12.83 19.92 15.68 5.62 5.55 5.43 9.93 9.81 9.76 10.69 14.35 19.24 14.15 20.7 22.2 28.58 28.34 22.38 16.79 11.83 11.28 12.63 13.33 10.38 15.92 21.65 41.68 25.08 18.39 20.79 8.49 6.05 7.4 4.88 4.52 5.89 5.82 5.64 8.44 15.43 4.91 4.43 7.4 5.61 3.86 6.42 4.61 3.64 6.54 6.62 5.86 6.41 6.48 11.88 6.24 6.62
7.4 7.2 10.32 7.67 14.87 25.41 15.55 12.81 16.74 19.63 14.26 6.07 8.59 6.3 6.07 9.89 12.42 9.6 8.94 14.11 13.94 10.38 21.33 47.12 50.28 17.09 15.08 15.06 8.75 6.76 6.68 8.62 8.84 18.33 19.98 32.94 28.08 13.93 12.06 10.83 4.43 7.89 7.83 7.62 5.25 4.52 9.15 8.1 6.19 5.8 10.81 4.4 5.07 4.81 2.04 3.11 4.45 8.68 9.31 6.98 6.67 6.59 7.77 4.67
15.93 16.42 12.51 19.9 24.18 16.84 11.33 10.35 14.18 11.87 16.98 19.85 7.3 14.34 10.75 10.16 11.75 7.03 7.33 13.32 7.98 12.26 15.38 24.92 27.79 19.0 18.02 15.21 12.98 8.24 8.07 7.61 7.44 12.04 15.82 19.03 16.69 17.48 16.85 14.73 9.28 8.28 7.41 7.11 7.14 9.66 9.42 11.16 13.45 6.53 3.9 5.84 3.07 4.44 2.58 4.58 5.9 9.44 9.56 6.76 4.62 5.74 4.34 5.98
17.28 21.47 44.35 22.82 20.06 15.87 5.99 7.17 6.43 12.3 15.11 18.41 23.36 10.33 8.48 9.49 12.46 10.07 12.93 13.27 11.75 7.39 6.72 9.57 11.43 10.32 15.8 10.57 12.36 7.09 3.66 8.39 6.27 9.17 15.0 23.13 20.42 16.02 11.09 10.08 8.88 4.36 5.79 5.42 6.19 9.38 9.42 9.28 10.12 8.54 7.4 3.12 3.86 2.62 2.9 4.05 3.81 6.56 5.36 8.36 7.16 8.67 9.73 5.94
13.44 15.51 15.34 31.59 28.72 14.2 13.69 9.2 8.07 9.94 8.56 10.46 21.67 14.34 11.12 16.42 8.33 11.69 9.88 12.08 18.13 11.61 10.81 9.79 6.22 10.39 11.52 8.53 6.32 3.7 3.25 4.92 6.81 10.51 11.28 18.62 16.86 10.18 8.48 4.97 6.54 3.01 4.69 5.66 4.1 12.11 10.46 14.48 11.42 8.4 7.79 4.75 2.37 4.23 1.85 2.74 4.92 6.3 6.2 5.35 13.89 9.39 5.53 5.97
5.38 11.89 14.06 26.23 21.97 19.78 17.03 11.87 5.94 6.28 11.1 12.22 20.73 13.58 20.24 10.77 9.89 8.15 10.5 11.89 14.61 13.99 14.75 10.68 9.83 16.37 13.84 8.81 13.47 2.93 3.53 6.26 4.8 6.54 10.05 6.43 12.38 14.73 8.53 5.43 3.92 3.18 4.54 3.53 8.11 11.88 4.36 10.83 11.12 8.51 11.17 3.25 4.98 4.09 2.92 5.77 5.64 5.31 7.62 7.39 7.65 5.47 6.04 4.95
7.2 14.13 27.12 20.77 23.39 13.01 7.28 11.62 11.8 9.84 13.72 19.09 26.88 12.38 19.78 11.16 9.47 13.28 5.31 19.5 25.66 13.02 21.99 14.87 12.41 18.3 14.59 19.17 9.09 6.26 5.91 8.89 4.23 6.37 6.09 4.01 12.96 8.23 12.79 9.3 5.39 5.11 2.55 4.17 7.84 7.82 8.79 10.96 7.14 7.46 8.43 4.67 3.89 4.36 9.14 6.22 4.53 6.66 4.13 4.01 6.91 7.4 5.05 4.46
10.86 8.33 17.5 19.68 13.55 15.74 12.72 10.9 12.63 7.28 15.82 9.26 15.18 25.23 22.37 15.11 12.55 14.21 8.87 10.75 17.79 13.86 13.65 14.85 26.85 15.18 19.57 11.57 12.92 7.55 7.12 9.86 12.17 8.98 4.22 7.59 13.08 9.26 14.29 9.38 5.34 2.86 2.85 3.62 5.84 11.5 7.77 9.25 11.34 9.52 4.79 5.78 4.77 4.14 5.69 8.84 4.51 4.45 3.7 2.86 5.13 3.67 6.5 10.91
5.22 9.39 20.11 10.47 18.32 25.26 16.25 10.42 10.33 17.47 16.44 6.55 20.62 15.11 21.15 11.08 6.58 6.81 5.38 9.7 10.79 16.65 11.25 14.15 43.45 24.42 25.44 16.28 15.81 14.76 9.41 11.78 8.16 13.41 13.03 10.63 22.16 7.95 6.26 7.42 5.7 4.96 2.94 9.2 16.48 10.04 15.01 7.33 11.53 9.93 10.37 10.76 8.39 6.38 7.5 8.65 4.16 3.97 3.99 3.58 4.8 3.92 7.99 8.17
7.18 10.39 13.2 13.34 17.91 28.92 25.99 13.32 11.01 14.24 11.89 21.8 17.31 24.1 14.74 9.85 5.53 4.19 5.02 7.41 12.81 13.09 14.02 18.5 32.57 27.44 21.09 16.23 11.62 19.5 16.18 14.65 12.11 7.83 13.02 12.05 21.51 19.46 12.13 11.76 10.2 8.22 5.3 6.46 10.36 15.35 13.87 12.31 14.86 10.77 14.59 11.65 6.25 8.47 6.14 9.88 11.66 6.99 6.44 4.18 4.13 6.07 7.27 12.8
6.2 11.34 13.08 17.78 12.99 26.69 29.27 12.46 25.1 24.13 23.71 19.47 20.78 18.66 13.74 9.84 6.43 7.59 8.52 10.26 11.68 10.21 14.26 19.53 22.76 28.98 19.4 11.11 31.15 21.75 21.04 19.73 12.46 13.51 10.97 15.53 23.78 15.85 10.38 15.82 10.89 11.32 7.25 11.43 18.73 23.2 13.37 23.67 15.13 10.31 11.26 12.86 12.73 12.57 11.16 16.11 8.19 8.14 5.68 4.43 5.48 6.89 13.28 10.09
8.67 10.47 11.7 17.21 13.36 21.23 46.08 20.51 35.15 19.71 15.9 18.97 11.04 14.76 16.0 10.38 13.3 11.67 6.51 8.16 9.19 4.95 12.22 14.4 26.62 21.57 12.45 17.48 11.45 18.82 25.69 15.36 13.62 12.98 14.25 13.01 20.04 16.19 18.57 9.43 7.54 14.7 7.7 16.03 18.28 17.26 17.26 5.77 9.96 7.38 12.02 11.53 16.28 15.26 16.67 14.95 11.2 8.57 10.09 6.23 4.48 12.96 8.87 8.77
5.3 6.74 12.62 11.39 12.27 21.29 22.19 24.31 46.17 29.17 15.89 21.46 12.71 17.43 13.6 19.64 8.33 8.09 7.34 3.92 3.72 6.34 18.76 16.3 17.56 14.64 9.23 11.54 13.37 21.44 33.59 18.72 17.49 14.06 12.41 23.62 11.43 21.67 23.76 9.08 8.75 9.32 8.59 9.5 11.62 9.09 5.96 8.8 7.18 9.67 11.39 9.08 11.24 14.96 20.63 17.81 18.56 13.58 12.95 6.71 7.43 8.65 6.08 6.31
6.45 8.01 12.91 15.08 9.37 11.09 10.93 16.02 20.2 21.34 29.48 23.19 18.16 12.57 14.82 7.08 6.03 8.04 5.55 5.19 5.14 10.38 14.3 11.61 24.06 11.73 11.11 15.6 15.45 13.01 24.05 31.58 16.0 20.66 13.28 20.44 16.51 21.79 25.18 13.9 12.23 6.32 11.34 12.94 10.13 6.19 10.76 6.98 9.26 12.09 8.46 9.97 6.8 14.12 14.51 18.82 17.8 14.16 13.79 24.91 8.42 9.67 8.79 6.48
3.92 6.68 7.68 14.68 12.35 8.84 10.04 16.37 14.19 13.39 18.3 17.08 10.04 9.55 9.54 4.92 8.68 6.74 9.93 6.67 4.52 5.79 12.7 18.04 9.12 11.76 19.88 12.74 11.82 12.83 17.91 26.6 22.35 16.69 21.92 10.41 15.09 18.31 15.9 8.99 12.3 11.83 7.85 8.62 7.06 5.07 4.14 5.45 15.94 12.96 8.51 9.34 8.16 15.32 17.51 25.42 14.0 9.5 12.86 10.95 12.77 9.01 6.69 3.28
4.43 3.06 9.21 16.47 12.47 9.15 13.69 12.35 5.9 10.94 13.64 8.78 9.91 7.29 8.7 5.34 6.05 8.24 9.78 9.41 10.2 7.29 11.48 12.47 10.89 17.35 19.24 14.02 11.15 8.5 6.85 14.18 21.37 20.54 13.97 20.96 25.23 22.04 13.37 7.0 11.5 13.56 11.62 9.72 10.25 5.36 4.96 6.64 9.28 13.65 13.5 11.14 13.28 25.64 26.74 12.73 23.69 17.89 10.02 8.04 14.16 5.73 4.18 4.13
2.86 6.32 7.16 11.97 9.14 7.81 8.8 9.08 8.87 6.7 11.55 8.88 5.62 4.67 4.22 3.25 6.29 7.9 10.71 13.16 12.33 15.33 9.15 11.61 14.66 8.05 12.33 17.51 9.45 5.05 8.15 10.87 12.46 11.59 15.1 11.41 18.56 11.79 15.33 5.91 12.27 27.39 28.81 9.15 7.66 10.52 3.39 5.04 17.37 14.61 14.09 13.85 17.73 21.19 19.37 20.88 14.95 22.94 20.0 12.37 6.21 7.59 4.13 3.37
6.01 6.91 9.83 15.1 12.79 9.73 7.95 9.55 8.87 8.19 7.99 7.79 5.81 5.61 4.76 4.22 5.91 6.99 15.1 16.92 19.38 12.84 14.63 6.22 9.39 11.65 22.72 15.98 10.44 9.67 7.41 7.99 8.03 11.17 9.41 6.18 11.84 17.25 7.38 9.23 15.96 26.42 23.45 13.17 8.12 12.03 9.24 11.76 10.6 9.91 14.12 11.05 17.07 17.35 13.24 10.56 16.88 30.74 19.67 13.33 10.69 7.04 6.49 5.99
8.24 4.29 7.68 6.08 9.65 16.92 14.21 5.92 9.92 7.49 8.13 4.95 6.76 4.04 4.55 4.91 5.68 11.31 11.61 11.17 13.73 10.52 5.49 5.39 8.07 10.16 12.55 24.87 18.8 10.16 6.13 10.04 10.51 9.8 11.1 9.2 12.08 11.82 8.26 9.07 12.03 12.8 28.64 17.01 12.74 11.04 11.51 15.16 10.04 11.26 11.85 15.02 15.97 16.56 13.78 7.97 12.71 15.93 24.98 19.68 8.62 15.16 17.71 15.59
9.51 9.11 5.77 7.44 13.44 11.39 15.88 13.87 11.01 10.08 7.93 4.18 3.7 4.82 3.33 4.8 7.56 8.67 12.58 20.48 19.04 12.67 8.55 8.05 7.99 9.01 15.64 13.3 13.97 9.39 9.86 7.35 10.74 20.03 13.8 9.3 9.96 6.43 11.42 14.54 13.79 21.56 23.89 23.56 19.88 17.36 14.53 14.64 10.65 8.18 20.28 16.37 13.92 10.05 6.04 10.07 11.36 22.72 31.82 17.74 13.97 14.11 8.98 21.24
7.47 9.55 11.26 7.96 13.52 21.96 10.79 8.14 7.11 9.9 12.28 8.19 5.29 4.63 5.48 4.75 6.63 9.55 12.53 23.65 19.21 19.06 10.51 7.22 8.71 8.4 9.86 15.4 13.33 11.51 13.17 12.48 11.64 14.5 15.16 8.09 11.78 12.09 17.17 19.52 22.46 27.95 17.62 22.18 30.55 16.91 9.29 14.08 9.05 8.19 12.56 17.01 14.71 8.58 6.79 10.77 14.8 15.29 26.27 14.71 9.31 11.02 12.61 13.02
12.86 15.92 13.11 5.27 9.75 13.56 9.42 8.18 12.9 8.49 10.19 15.13 6.8 5.27 5.67 5.92 6.12 7.43 7.65 9.33 12.02 17.98 8.46 9.12 9.63 8.51 15.48 10.45 10.65 6.15 6.83 12.69 12.79 18.57 13.91 14.12 12.7 7.34 14.72 31.57 20.81 23.21 23.83 33.28 16.42 23.7 14.72 11.29 6.46 7.53 12.56 13.0 9.6 6.55 6.31 9.88 8.23 15.87 19.7 16.97 17.01 16.13 11.73 8.92
13.31 10.65 14.42 9.9 8.46 9.21 19.46 9.7 6.64 7.6 8.57 7.03 7.08 7.87 5.15 3.77 7.17 7.4 12.37 8.13 9.86 10.54 7.99 6.7 4.42 4.08 9.74 7.65 8.08 4.15 5.11 13.33 10.69 15.19 16.78 16.33 19.79 19.93 20.11 10.7 11.37 11.69 21.64 21.08 23.34 17.29 19.78 7.8 6.07 5.33 7.71 6.85 9.56 5.46 5.81 6.55 7.88 8.21 16.21 10.79 23.48 15.02 12.12 7.71
9.67 15.8 24.41 13.45 11.23 14.81 8.3 11.26 6.97 11.38 4.22 5.4 5.85 5.81 5.46 4.0 4.62 6.81 7.09 12.7 8.66 8.25 9.16 7.68 4.48 4.53 6.8 5.82 9.51 6.35 10.03 18.02 16.77 20.38 17.91 14.35 20.24 20.8 20.17 11.04 9.49 9.56 18.89 32.76 37.41 21.13 18.52 12.61 5.75 5.01 11.98 8.77 9.58 12.62 10.29 10.91 7.39 8.51 11.53 15.76 10.81 16.46 9.34 5.58
12.14 12.6 22.77 22.47 8.47 7.82 9.22 10.02 9.16 7.18 8.35 6.72 4.85 5.1 8.6 3.93 6.6 5.39 7.11 7.39 8.21 4.6 10.96 5.66 9.49 9.98 6.77 8.39 5.79 6.12 10.37 23.85 17.28 10.23 10.84 12.21 24.76 24.8 36.99 14.69 10.31 21.21 22.83 24.52 24.07 15.31 7.75 9.71 5.75 4.29 13.35 10.29 6.89 11.88 11.05 11.6 10.25 14.71 15.08 12.52 15.31 11.3 10.71 6.85
11.88 10.6 22.71 14.51 10.2 6.57 6.29 8.01 10.02 8.39 11.35 7.17 7.43 10.25 12.85 4.08 4.23 5.31 5.23 8.7 10.8 10.64 10.05 8.29 9.98 9.3 11.01 15.53 9.65 8.03 11.79 13.58 10.62 11.96 10.58 12.26 30.41 41.96 36.83 14.29 12.63 12.34 18.04 27.53 26.1 12.94 12.29 11.19 7.76 5.58 4.39 4.87 11.56 8.7 20.21 14.7 12.95 12.53 14.39 12.81 9.22 9.44 7.95 7.25
19.19 16.29 14.18 7.91 9.45 10.07 4.15 6.6 6.05 7.36 5.63 4.87 10.55 6.88 8.3 5.62 3.75 4.75 3.65 17.69 14.96 8.32 6.68 6.85 10.73 6.92 13.54 8.95 10.08 12.96 13.64 10.2 11.9 12.23 10.53 14.84 31.7 17.18 34.97 12.53 10.24 11.85 16.72 34.46 16.54 16.17 13.3 6.22 9.43 13.15 8.65 6.26 11.62 9.5 9.97 13.38 10.84 11.34 11.94 15.38 9.14 5.9 8.05 7.33
18.22 16.87 10.24 11.57 9.94 7.17 6.34 5.44 4.35 7.64 8.5 5.4 8.87 9.06 6.46 6.61 3.03 3.42 5.71 7.14 14.39 13.08 9.85 4.1 8.11 8.79 6.59 7.45 10.44 19.6 22.11 16.16 9.91 11.01 11.11 17.9 17.81 18.38 19.0 11.15 9.68 16.32 10.03 18.44 15.77 9.35 6.89 9.19 9.77 8.61 9.76 15.53 11.73 7.1 8.62 7.43 5.52 7.17 6.49 9.64 9.47 9.01 7.65 8.15
10.94 15.9 9.96 5.37 5.26 5.54 6.57 3.37 2.75 6.37 8.19 7.75 11.23 8.92 8.99 4.08 4.03 3.22 2.86 7.39 8.73 10.05 7.21 6.01 8.51 7.47 7.58 6.0 12.07 11.44 15.41 12.23 8.26 10.48 9.52 17.09 21.43 18.74 16.29 12.65 9.9 8.66 14.84 18.74 12.6 8.95 9.86 7.54 9.0 8.46 9.43 10.88 10.02 7.73 5.22 6.0 5.35 8.97 6.3 6.96 10.44 6.23 20.89 9.55
19.36 11.34 6.19 4.33 3.19 6.77 4.31 4.08 4.63 3.75 4.8 9.5 9.28 7.7 6.61 4.21 3.3 2.38 2.11 5.8 7.42 6.62 6.22 6.79 4.89 4.5 5.17 10.63 9.46 18.96 10.3 9.58 6.55 6.41 14.94 11.95 12.43 7.94 8.77 9.88 6.1 13.22 10.28 17.15 15.96 10.21 7.75 8.63 15.07 7.43 7.91 7.73 8.32 5.1 7.22 7.84 5.41 7.31 6.6 6.72 5.94 7.59 17.69 14.77
19.9 11.13 7.49 6.12 5.11 7.11 8.64 5.16 4.09 2.76 3.43 5.96 8.58 10.54 11.46 9.69 4.39 4.14 7.09 4.91 9.3 10.93 5.89 3.76 6.44 4.52 3.74 8.11 12.02 15.62 9.8 8.79 11.5 7.9 13.88 11.95 17.27 5.12 7.17 7.35 8.41 8.6 12.81 14.92 16.06 13.24 13.5 11.44 13.56 10.09 8.11 7.92 7.2 3.81 5.04 8.49 6.9 5.31 5.67 8.84 7.6 10.4 15.14 26.77
15.1 8.13 3.57 5.98 6.28 6.82 5.79 8.53 5.72 5.49 3.9 3.98 5.51 7.65 11.13 10.59 12.26 9.85 5.92 9.76 7.1 5.82 6.09 3.8 5.33 2.3 3.39 5.92 6.43 9.02 14.67 14.19 10.09 15.14 20.37 9.81 6.2 4.51 3.22 5.33 5.96 13.07 16.18 15.39 13.06 11.42 12.08 14.49 16.3 9.58 8.69 8.84 4.55 5.1 4.41 5.95 5.26 3.29 9.34 7.3 11.34 16.44 13.07 17.89
21.18 4.07 4.05 5.45 9.85 9.47 10.08 9.68 14.28 4.67 3.0 3.94 4.24 4.88 11.55 10.31 12.66 8.22 10.18 11.45 7.18 7.82 7.39 3.94 3.92 5.26 3.54 5.46 6.56 9.75 11.0 15.77 10.75 8.7 12.22 7.52 5.53 3.57 4.37 5.82 7.35 8.4 14.69 11.67 10.71 7.66 17.34 16.33 13.09 8.16 10.11 4.77 3.16 4.57 4.07 6.39 12.12 5.38 6.73 13.89 8.91 9.5 9.69 26.74
9.16 3.8 4.14 5.71 6.21 9.82 11.25 10.31 10.07 9.91 5.37 3.97 2.84 6.71 6.3 5.55 7.53 10.66 9.23 9.33 10.34 5.79 5.82 3.93 5.27 2.94 7.6 10.34 13.51 10.34 13.65 12.07 9.27 8.87 13.98 17.21 10.53 4.67 4.27 3.72 7.16 8.83 13.78 13.58 9.92 5.25 7.17 11.52 14.5 10.51 9.15 13.81 6.95 5.85 6.32 8.64 7.72 6.22 9.47 9.47 12.91 11.22 20.59 23.79
3.38 3.66 2.73 7.29 7.73 12.29 10.48 20.04 12.78 4.28 6.63 3.75 3.51 5.41 6.8 4.71 6.63 3.53 8.4 9.58 8.8 8.76 9.93 9.79 5.45 6.87 11.41 11.9 12.31 17.49 19.67 9.57 11.34 9.76 11.93 15.27 7.95 5.66 5.59 4.88 7.88 12.57 18.47 13.0 10.07 8.55 9.14 9.0 13.8 12.34 13.37 14.38 12.19 10.55 5.79 4.35 8.03 7.87 13.86 14.93 19.37 26.94 26.58 28.2
1.74 1.32 5.57 5.67 11.07 16.04 15.41 16.19 8.36 4.72 4.91 3.33 3.88 4.96 6.47 6.27 5.24 6.38 8.62 5.64 5.21 10.14 9.06 14.23 8.53 8.64 8.43 13.17 19.39 22.02 22.43 21.34 10.64 7.15 7.31 8.61 6.9 5.89 7.49 6.88 9.21 11.92 16.38 15.71 9.07 15.22 6.33 12.57 10.77 7.71 8.08 8.19 16.76 13.37 9.23 6.92 8.95 10.78 14.12 21.05 11.47 18.85 19.2 15.11
3.01 2.75 4.92 9.31 8.8 12.34 14.56 9.1 7.21 4.41 4.53 4.76 5.95 3.88 5.71 5.15 4.2 5.29 4.8 5.2 4.42 4.86 8.1 8.26 10.6 9.09 9.4 13.27 23.18 23.25 20.6 17.52 12.65 7.53 11.67 5.38 5.45 7.93 7.68 6.54 6.31 5.84 14.42 16.49 21.76 23.58 16.12 16.75 8.04 6.46 8.48 8.65 16.61 15.49 20.03 7.94 10.67 16.84 20.21 16.23 18.4 13.42 13.72 13.11
2.52 2.54 4.55 4.79 8.42 15.21 16.11 13.24 7.16 4.31 3.32 6.25 4.42 5.17 4.37 5.67 5.79 4.75 3.38 4.71 2.43 4.63 6.58 9.83 6.87 7.43 8.3 6.51 14.91 17.78 21.46 14.54 12.01 10.63 9.81 4.77 5.56 8.42 10.83 7.39 4.6 7.91 8.05 12.82 25.56 26.66 24.8 17.7 13.53 16.09 12.2 6.0 20.83 13.09 5.82 10.08 8.95 11.36 12.16 15.89 20.24 18.38 14.96 21.84
3.6 5.12 6.03 4.92 13.19 17.65 9.55 16.9 10.18 6.59 5.6 5.88 5.7 5.4 8.2 5.1 7.96 6.31 2.74 2.75 4.3 4.6 6.65 6.62 17.5 10.89 10.87 18.4 10.51 13.76 12.91 10.26 12.87 16.64 8.3 7.42 8.49 8.32 15.36 9.94 6.24 10.56 7.29 21.56 35.17 29.64 26.56 24.11 17.6 16.38 17.08 27.25 26.47 8.76 8.01 7.5 4.93 9.28 13.03 15.29 17.4 21.6 13.9 10.99
4.39 5.98 7.16 5.18 9.4 12.5 10.5 8.83 6.67 6.43 10.86 8.54 9.85 11.52 7.73 8.73 9.49 6.68 3.19 2.87 2.4 7.12 6.03 4.97 10.9 9.65 12.72 18.59 17.55 16.4 10.92 9.73 9.48 6.85 5.99 6.09 9.18 16.87 26.67 16.43 11.02 10.52 12.56 15.39 22.19 27.9 17.06 14.0 25.98 18.84 21.75 25.2 28.74 10.17 11.09 11.9 8.57 11.47 8.58 7.44 14.96 12.32 8.91 11.81
5.44 11.22 11.19 7.15 11.09 10.46 5.55 7.65 6.05 12.13 7.8 8.49 20.18 18.69 12.3 11.41 8.99 10.68 8.01 5.13 8.96 10.9 7.49 5.51 5.87 8.35 16.83 20.53 27.88 18.52 13.44 8.51 6.18 9.58 8.44 7.15 16.26 21.43 22.61 15.02 21.67 13.85 13.7 29.32 34.87 30.66 30.59 19.01 17.47 17.94 18.44 20.05 27.63 9.77 8.53 18.09 13.86 10.6 6.76 7.92 15.08 7.83 8.13 8.26
12.78 11.87 8.23 12.34 15.93 11.7 6.86 5.38 5.25 8.5 6.87 7.61 17.92 15.46 20.35 17.11 15.84 16.24 18.98 12.93 17.75 12.87 7.43 6.11 7.55 8.5 12.91 13.5 22.97 14.53 9.69 11.21 11.25 7.99 8.18 16.24 17.49 19.98 13.23 20.09 13.33 17.46 32.21 32.07 51.67 31.66 25.28 19.56 15.22 16.42 24.99 28.69 30.82 8.16 10.88 11.22 11.39 5.99 7.13 12.17 8.68 12.51 12.57 6.68
11.51 7.14 14.74 14.36 13.13 8.59 10.5 11.59 6.12 12.65 9.54 6.3 14.38 28.79 23.39 18.58 14.79 11.22 8.26 9.44 14.9 15.13 13.05 10.19 8.45 11.68 9.11 8.56 15.54 10.56 16.07 13.77 6.17 9.31 6.84 9.06 20.08 12.95 14.7 16.38 22.97 19.43 18.08 18.45 50.58 17.15 22.65 33.2 15.34 10.37 29.09 22.34 14.33 11.15 11.11 12.71 6.44 10.55 4.45 7.27 14.59 11.1 7.58 5.76
11.38 15.45 14.92 9.44 8.42 9.27 6.31 10.51 14.23 11.66 8.32 11.56 13.46 29.09 35.1 15.25 14.98 10.29 6.97 12.99 16.56 14.37 12.85 10.33 13.86 8.01 6.13 14.74 13.8 9.98 9.8 9.19 8.14 3.32 4.96 18.99 25.16 15.18 15.56 14.56 12.18 19.41 25.56 27.12 27.05 30.41 22.71 16.18 19.15 13.41 15.0 12.94 14.73 12.57 11.16 17.31 16.99 10.19 7.79 13.06 13.28 10.98 11.93 6.0
21.72 14.73 15.74 9.08 6.59 8.73 8.67 21.47 21.94 18.82 7.71 8.45 17.46 19.42 41.09 21.61 19.92 7.43 10.73 16.48 17.85 16.6 7.82 14.6 17.19 5.7 10.17 10.57 15.06 17.51 8.89 9.48 6.06 5.25 9.62 9.79 14.02 6.72 6.34 7.79 13.49 19.98 31.93 43.82 41.57 23.96 19.17 21.08 19.56 16.51 18.42 13.89 10.94 13.04 17.76 21.7 16.15 12.95 10.28 16.06 13.75 10.56 10.1 6.2
12.18 21.46 15.91 17.83 11.39 17.06 22.07 23.68 12.88 14.63 12.53 9.66 22.96 23.61 41.71 30.67 19.01 18.83 14.81 20.03 20.12 23.72 10.95 10.9 28.37 24.47 11.93 10.36 14.34 14.13 7.68 6.42 5.69 4.78 4.48 9.52 15.3 7.78 11.22 6.13 15.66 17.0 23.36 46.52 14.78 26.31 17.76 17.21 17.61 24.44 23.07 13.32 16.83 14.75 12.85 14.38 21.03 10.53 11.23 15.08 15.71 12.9 13.86 6.11
7.75 19.21 12.72 10.66 11.36 12.44 13.39 18.61 19.99 16.71 28.15 19.64 34.76 43.99 36.17 22.26 24.9 22.36 8.93 21.2 17.02 17.93 17.14 31.32 23.99 15.38 12.18 9.06 9.13 12.04 6.36 5.75 4.07 7.21 6.9 8.21 7.12 12.7 18.42 9.96 7.58 11.66 15.69 18.37 13.03 14.88 12.15 16.65 36.0 21.85 20.11 16.37 15.0 32.28 13.63 13.74 9.95 7.95 9.76 9.19 8.79 8.65 10.18 7.09
14.1 7.8 8.59 8.81 5.62 8.86 13.68 18.78 14.36 20.04 30.01 38.91 29.87 26.76 54.1 23.92 10.38 15.1 11.83 23.28 17.73 15.75 27.83 17.64 19.47 19.11 8.26 6.1 12.63 14.26 18.26 5.19 4.77 6.31 8.5 6.83 6.39 9.23 17.98 10.72 7.74 7.63 7.32 14.84 19.99 22.49 14.89 15.7 33.51 24.88 18.28 21.46 14.02 15.61 23.4 11.4 9.41 8.7 7.07 7.94 7.44 4.64 13.68 8.77
8.69 7.63 6.15 6.73 4.23 17.82 11.6 10.87 17.49 14.36 34.46 28.43 23.51 27.37 29.26 25.42 10.63 12.16 11.67 15.57 15.97 18.57 22.9 11.28 14.84 9.99 5.96 8.85 7.67 22.88 18.21 11.72 9.23 8.6 9.4 12.07 7.42 10.4 10.44 9.36 11.19 5.32 8.54 13.02 18.16 24.52 18.38 15.57 25.47 14.43 15.1 13.84 32.44 14.92 23.98 21.85 7.92 8.61 4.99 6.16 6.41 6.27 11.08 6.04
16.86 8.02 6.05 6.08 8.54 12.42 9.57 15.66 13.3 12.55 23.95 19.93 19.62 19.78 24.92 30.88 13.53 12.53 9.37 13.67 12.75 15.6 14.52 16.74 21.74 14.31 6.01 3.84 4.24 7.28 12.01 16.45 18.61 17.32 16.03 6.61 11.16 10.29 15.27 17.35 9.62 10.62 5.86 7.65 12.06 11.44 24.28 14.09 15.68 16.44 12.71 15.6 16.41 20.66 13.67 15.5 13.06 10.78 7.01 5.25 5.88 5.72 7.64 4.05
13.14 6.25 8.7 9.9 6.51 9.24 6.43 7.78 8.88 16.49 17.96 17.75 12.98 17.79 20.63 11.8 13.68 11.87 9.91 9.23 11.92 15.47 15.54 6.99 13.4 10.87 4.22 4.48 4.34 5.53 14.27 10.47 14.21 11.98 9.96 4.52 9.4 17.48 12.31 16.41 11.04 6.34 5.16 5.8 7.94 13.29 12.47 17.89 12.8 9.34 10.17 10.14 18.57 14.91 18.67 13.6 12.49 6.52 5.09 4.58 2.85 4.51 4.36 2.89
18.73 10.44 13.16 11.35 12.98 5.78 6.65 7.18 14.59 16.9 13.11 9.23 11.79 21.07 18.16 17.98 15.48 8.89 7.07 12.31 8.47 8.86 14.86 8.42 11.82 11.81 9.69 4.15 6.24 9.48 7.6 12.32 13.61 11.0 5.86 4.13 8.31 10.97 14.62 12.9 9.59 7.33 7.15 5.93 8.37 9.87 17.3 11.55 7.59 7.27 17.81 8.63 11.56 9.59 11.72 12.01 8.48 10.78 8.65 1.98 6.58 3.23 2.98 3.89
12.18 11.5 8.53 13.68 11.51 8.0 6.81 8.97 21.48 21.61 14.37 12.53 6.53 13.25 21.8 16.51 16.15 11.09 9.2 5.87 5.95 11.4 8.77 11.24 15.31 9.27 8.45 7.17 6.88 6.62 9.54 11.48 12.23 7.82 4.52 4.85 3.9 8.85 13.49 9.57 5.67 11.44 6.75 5.13 5.33 6.62 11.81 6.38 7.89 7.1 5.96 7.41 9.38 10.4 4.18 7.64 6.07 4.88 5.37 4.39 4.29 5.13 3.61 3.62
12.28 10.47 20.28 13.67 16.75 11.87 7.44 10.95 16.96 19.79 17.6 7.34 9.87 13.84 10.0 13.5 9.66 6.85 7.91 6.06 6.32 8.03 9.54 20.56 21.17 13.2 16.93 11.71 6.22 9.09 8.18 6.9 10.08 8.42 3.79 2.55 4.29 6.37 11.21 11.28 8.78 4.34 6.79 5.31 5.71 10.98 10.59 9.19 4.49 4.14 4.3 3.54 6.99 7.69 7.55 5.68 3.81 4.56 4.29 4.8 5.31 6.06 3.7 3.39
21.54 18.85 8.96 12.96 10.51 10.62 5.62 13.08 11.57 18.61 19.95 13.75 15.1 9.29 9.86 19.66 8.15 6.49 6.97 5.76 4.76 5.36 9.2 18.92 17.42 23.57 15.58 13.56 16.85 10.82 8.14 15.91 7.74 5.29 4.88 4.05 1.58 4.17 8.55 6.16 6.88 7.81 8.51 5.3 4.71 8.93 5.95 4.16 5.5 7.91 4.65 4.43 4.29 9.6 6.58 4.96 6.05 3.92 5.19 3.68 5.03 5.1 4.72 4.81
16.39 15.07 13.84 8.5 5.26 10.18 7.63 12.27 16.88 16.39 17.78 18.07 26.0 11.24 14.5 12.18 10.42 6.19 4.77 6.58 9.12 9.35 6.86 18.42 13.66 17.43 22.36 16.15 22.96 17.75 11.62 8.36 7.33 4.93 5.77 4.24 2.73 3.45 3.36 4.82 5.82 5.39 7.21 6.78 10.78 11.31 7.2 7.03 6.39 7.62 8.9 3.73 3.66 4.28 5.44 5.02 5.77 3.5 5.02 6.55 4.46 5.57 6.44 7.35
11.54 11.87 10.38 5.67 5.25 7.92 7.38 18.79 11.73 15.4 17.04 15.56 10.19 10.94 10.3 17.65 13.18 14.26 7.29 7.63 10.99 10.91 8.5 12.51 16.79 14.46 12.06 13.6 8.2 10.35 7.12 7.79 7.08 4.34 5.7 4.95 4.81 2.6 2.65 2.77 3.13 6.37 6.1 5.23 11.18 7.95 6.17 7.34 6.77 10.15 9.17 5.22 4.31 3.98 6.01 7.33 4.41 6.7 5.0 5.68 4.24 5.33 5.93 5.25
5.03 11.65 9.59 4.94 3.95 5.75 8.39 17.57 21.14 13.94 22.7 24.65 15.64 17.11 10.56 13.2 13.04 7.48 7.05 6.08 8.95 13.36 9.3 12.28 15.28 13.42 15.77 8.22 9.78 7.27 11.53 6.18 5.77 8.06 3.71 4.98 2.64 3.72 3.21 2.76 3.22 4.43 4.2 5.98 5.55 7.21 6.62 6.41 10.17 13.87 14.15 7.07 8.39 7.22 7.08 7.73 6.47 6.27 7.03 5.46 6.02 3.95 4.93 2.91
3.94 6.28 6.88 3.84 4.38 4.92 7.33 17.16 15.92 19.47 30.85 28.95 29.0 23.72 17.52 7.5 7.27 7.68 4.61 5.95 9.77 11.69 7.74 9.59 20.02 11.78 15.38 15.11 10.95 12.54 8.54 8.29 3.67 3.97 3.07 5.0 5.37 3.6 5.12 3.45 4.03 4.51 6.19 7.13 4.84 5.36 5.21 5.33 17.17 14.25 22.9 11.68 11.15 4.59 7.24 11.77 6.48 12.1 11.85 14.77 7.45 8.58 11.38 5.02
4.19 6.07 5.3 7.87 5.51 4.91 16.33 15.97 23.14 36.31 22.99 24.53 44.76 27.6 16.01 17.19 6.9 4.66 6.64 8.91 10.54 12.75 16.24 10.76 13.26 20.87 15.15 12.94 13.8 12.46 9.94 5.27 6.57 5.58 6.02 4.83 4.68 4.52 4.99 3.01 5.43 3.4 8.9 9.49 4.98 4.02 7.13 9.68 10.52 18.24 27.51 15.25 10.63 6.88 10.2 9.47 7.95 12.8 12.79 12.09 10.9 5.49 11.13 6.03
5.16 5.63 5.35 8.65 10.08 11.23 17.47 23.38 16.23 26.85 21.39 21.56 23.16 24.32 21.12 11.65 9.25 9.18 7.32 9.82 11.03 14.81 11.02 14.72 17.14 19.78 12.27 8.94 14.86 8.12 10.41 10.35 5.47 8.49 4.2 9.34 5.35 5.47 7.46 4.97 4.14 3.69 5.15 4.98 3.13 5.05 7.1 14.37 10.78 18.86 24.8 19.39 14.17 15.93 11.05 16.08 11.0 6.76 5.38 6.13 7.9 7.14 11.44 6.9
5.58 6.31 7.54 6.09 9.95 9.66 10.67 16.75 21.91 26.87 32.35 18.19 26.56 19.82 16.79 8.1 7.85 10.67 5.33 9.25 8.82 7.79 14.97 14.95 18.19 13.72 12.67 16.3 9.25 5.19 7.8 8.4 7.85 9.05 8.71 5.29 8.35 3.62 5.63 5.85 3.33 6.75 4.87 3.91 4.43 3.85 9.17 24.63 18.12 10.22 15.72 26.58 17.03 14.03 17.54 13.7 8.4 4.59 5.17 6.43 5.88 5.79 10.71 4.68
