10.06 11.2 14.96 12.08 6.78 4.76 5.05 5.03 6.46 5.09 5.36 7.34 4.33 3.52 2.11 4.79 5.37 6.63 7.15 8.89 8.01 15.26 11.51 5.88 4.06 2.41 2.13 3.46 8.88 8.44 9.29 5.92 5.62 8.12 7.6 8.85 10.85 7.09 9.31 18.87 22.96 22.09 14.32 5.48 7.41 11.6 11.88 9.73 12.01 10.24 4.56 5.01 6.97 6.09 8.24 6.47 5.29 8.14 4.73 5.22 2.76 2.47 3.11 5.04
11.46 11.41 15.84 18.9 7.33 4.0 3.63 5.13 3.36 5.26 7.7 8.5 4.98 4.6 2.74 3.94 5.57 5.46 10.04 11.22 11.38 16.34 13.42 6.84 5.3 3.67 2.88 5.43 13.14 6.87 10.67 5.84 4.05 5.51 7.11 6.6 12.13 14.32 10.95 11.93 10.06 13.52 4.91 6.01 4.76 5.82 8.55 11.07 13.97 7.4 6.29 4.6 8.87 7.55 11.48 6.82 6.65 9.34 6.99 8.81 4.74 2.85 2.02 4.92
6.94 9.43 7.98 10.99 7.0 3.65 3.59 5.22 3.51 2.08 6.65 8.22 6.46 4.01 2.61 3.66 5.13 7.75 8.6 13.38 8.57 14.58 11.13 8.72 8.16 6.99 5.94 8.16 8.14 5.42 7.35 6.66 7.67 5.55 8.75 6.79 8.27 9.0 18.0 11.9 14.17 11.29 3.72 5.33 3.53 5.66 10.22 9.1 9.77 9.48 7.71 9.69 10.33 7.3 11.16 6.23 5.87 9.9 6.57 5.5 4.67 3.08 2.92 6.38
8.43 9.1 6.55 5.09 3.63 2.45 2.07 4.02 1.61 2.59 4.74 6.67 5.23 4.03 2.5 3.31 5.66 6.82 8.53 9.3 13.3 8.35 9.55 5.72 11.29 8.67 9.32 13.72 10.74 8.78 8.24 8.13 6.4 8.04 11.05 8.9 7.02 15.4 16.96 13.66 10.18 6.3 4.01 7.08 5.11 4.9 9.94 12.39 9.06 6.9 9.08 8.62 10.81 12.97 13.13 7.52 5.44 6.55 4.7 3.62 5.14 4.92 4.67 8.75
5.02 4.11 3.75 3.07 2.96 1.85 2.27 1.61 1.92 2.27 4.5 4.47 3.46 4.12 4.52 5.73 6.56 10.04 8.7 13.03 15.08 11.4 7.36 8.14 13.87 14.25 8.81 17.79 14.62 11.44 9.05 7.0 7.54 7.33 8.74 5.31 6.59 10.85 10.53 10.76 9.64 4.02 4.46 7.17 5.64 6.47 9.14 7.59 8.42 9.58 12.91 12.32 21.99 13.56 8.45 10.95 10.78 5.7 3.35 3.48 3.95 5.58 10.88 18.55
4.8 3.07 3.32 3.03 2.71 1.32 2.0 2.24 2.06 4.4 3.51 3.74 3.57 5.99 5.4 6.42 7.17 6.95 6.73 15.69 20.0 9.6 5.9 10.2 8.81 15.34 12.07 10.55 12.07 16.8 9.15 8.17 11.41 7.39 11.25 9.01 11.53 8.75 9.13 6.94 8.96 6.17 5.28 4.12 5.75 6.5 6.5 8.16 6.73 8.84 9.58 8.97 19.73 25.57 8.27 8.4 7.37 5.26 4.57 7.04 9.87 6.7 9.71 18.84
3.59 3.25 2.97 3.8 2.94 2.0 1.93 3.34 4.43 5.43 2.95 2.89 3.68 4.01 5.98 4.65 4.35 5.49 7.9 12.9 12.21 11.52 8.05 12.43 17.2 26.95 25.6 15.35 12.03 9.69 7.4 9.04 13.26 9.64 18.51 17.61 9.64 6.73 12.75 6.42 6.9 6.65 6.95 4.32 5.46 6.73 7.37 8.57 7.77 13.38 5.7 7.1 12.66 19.56 9.5 14.36 7.25 4.45 6.61 8.9 16.16 14.09 16.06 10.74
3.61 2.89 5.4 4.46 4.17 1.66 2.71 4.83 4.89 5.35 6.37 6.86 5.43 7.87 7.38 6.23 4.26 9.09 5.56 8.52 10.01 12.51 13.53 13.04 13.67 13.97 19.1 10.99 10.68 8.27 12.53 14.36 9.5 8.91 15.22 22.41 12.46 10.55 12.23 6.52 5.91 5.68 5.11 4.1 7.26 5.43 8.65 16.26 14.83 15.11 11.71 6.55 8.47 20.33 14.06 13.15 8.27 4.33 4.62 10.77 15.5 21.27 9.08 12.81
4.24 3.13 4.57 6.13 2.76 2.5 4.16 5.4 5.8 4.5 10.46 12.14 8.63 6.13 6.13 4.77 4.56 8.28 4.44 4.31 5.92 13.0 12.22 10.88 17.23 11.41 14.81 15.59 14.3 10.32 19.94 12.39 8.08 9.19 12.04 18.71 16.44 20.14 11.33 7.42 7.51 6.28 5.0 6.61 6.93 6.7 8.24 11.41 13.53 18.74 10.63 7.76 10.12 17.93 16.82 14.0 11.17 4.64 5.34 12.1 18.28 20.31 14.86 12.12
4.12 4.42 3.18 3.63 2.69 2.28 4.56 6.85 5.88 5.75 15.71 9.33 11.44 6.22 3.63 4.71 8.63 7.76 3.68 3.1 2.73 9.24 10.27 15.81 14.89 14.56 15.55 21.91 18.37 17.24 15.35 9.01 9.42 7.99 13.46 27.46 28.01 25.34 14.83 9.8 11.28 11.46 8.02 12.73 11.3 7.75 8.32 8.69 12.48 12.4 25.49 10.41 18.36 16.24 17.05 10.2 7.3 4.34 3.65 11.79 16.65 20.5 10.7 14.32
4.09 5.36 2.29 2.49 3.03 5.49 4.42 12.86 6.84 7.24 20.27 14.01 10.13 6.31 3.68 4.38 12.71 6.13 4.74 3.02 2.39 5.08 4.52 7.06 14.64 22.51 20.86 32.91 20.49 20.19 12.79 19.3 13.85 13.09 16.82 31.52 28.74 23.95 31.25 15.99 28.75 11.65 11.86 13.5 22.1 10.31 9.59 9.03 13.95 13.09 14.58 18.05 10.55 13.56 12.99 10.03 4.79 3.67 2.69 7.06 9.99 15.22 16.84 17.2
2.76 2.49 2.1 2.48 5.06 7.46 5.02 7.03 6.33 9.43 13.33 9.96 7.15 9.66 7.48 9.48 14.15 8.21 6.14 3.84 3.82 5.21 5.32 6.85 11.56 21.11 21.84 19.2 17.49 13.39 15.84 22.89 23.65 27.91 28.08 12.78 24.56 27.82 21.75 31.51 24.84 13.47 12.07 17.64 19.36 19.78 16.52 9.81 12.68 9.91 14.1 22.88 18.95 14.14 13.47 5.95 5.59 4.69 3.09 3.87 5.2 11.8 11.8 19.42
4.69 1.85 2.46 3.99 6.78 8.58 8.05 6.23 7.33 8.42 7.42 5.53 6.88 13.6 11.43 13.4 12.31 7.56 7.72 4.71 3.27 4.07 7.63 4.67 5.11 16.45 11.58 13.84 14.53 15.98 12.74 27.68 16.87 29.62 39.51 15.31 13.42 20.46 31.41 28.3 57.05 26.58 27.58 19.15 27.85 22.58 24.13 13.37 13.27 16.23 7.57 15.97 11.2 11.78 8.17 4.93 3.37 3.07 4.09 4.1 5.29 8.28 11.4 8.38
3.74 2.49 3.94 3.35 5.66 8.43 6.84 7.25 9.22 11.0 7.6 6.75 5.5 7.63 9.36 15.63 13.09 7.27 4.92 4.14 3.62 2.93 5.03 5.9 3.78 7.69 10.57 12.04 23.58 22.13 24.72 17.72 17.62 17.76 25.38 25.4 12.56 13.73 25.23 25.87 26.04 36.76 25.53 28.14 43.74 24.67 13.12 12.75 11.47 14.64 9.11 10.17 10.4 9.6 7.71 6.15 3.53 3.15 6.46 3.5 6.91 11.12 9.54 6.84
5.28 3.17 4.19 2.84 4.16 7.2 10.45 12.05 9.37 6.81 4.83 9.36 6.87 10.85 9.2 10.1 12.14 8.96 5.67 6.31 6.38 4.58 5.86 6.13 6.18 5.25 7.53 11.14 14.36 12.55 14.82 21.54 15.6 17.57 12.96 19.22 6.21 10.21 16.71 17.58 33.22 36.22 16.93 13.72 34.93 12.68 16.65 17.26 16.78 13.73 18.8 10.81 12.04 11.12 10.02 8.66 5.55 4.32 6.46 6.46 4.18 5.65 6.82 6.41
4.13 3.34 5.41 2.55 3.23 5.72 15.52 9.39 7.51 5.58 3.33 5.25 5.63 7.08 6.41 8.06 7.25 9.52 3.92 5.86 5.81 6.88 7.3 8.97 7.74 5.35 11.25 10.05 10.68 11.9 23.8 19.31 17.12 16.26 18.6 14.69 8.83 8.9 9.73 21.81 22.45 17.9 8.51 10.15 17.84 17.34 15.59 15.51 13.99 12.36 22.71 11.54 20.01 18.52 13.88 7.78 6.07 3.94 4.72 9.36 5.01 3.97 6.57 13.3
5.71 3.98 3.34 2.06 1.56 5.87 18.91 11.26 4.67 3.81 3.17 2.94 4.3 5.63 4.08 4.94 7.09 6.63 4.69 4.55 5.09 8.03 10.58 11.84 15.36 9.58 11.74 13.14 9.95 12.67 20.17 20.39 14.14 12.96 24.88 17.37 9.47 7.95 9.02 18.16 22.18 24.1 13.44 13.49 17.48 19.73 10.67 9.07 15.14 15.33 20.87 14.98 21.7 14.21 11.9 6.01 5.42 4.49 3.89 8.07 6.54 6.49 8.91 9.7
2.38 3.7 4.61 2.11 2.3 4.47 10.59 5.79 6.01 4.38 5.63 3.36 7.38 7.77 5.04 5.35 6.69 5.88 3.99 3.28 4.53 7.93 6.44 12.62 12.42 11.69 8.67 13.64 8.87 17.94 22.84 31.59 17.34 12.75 17.25 15.52 20.63 14.82 14.83 14.67 15.19 14.54 16.54 13.29 26.15 25.84 14.78 11.75 12.7 17.25 21.44 13.18 12.86 11.39 5.72 4.58 4.27 4.0 3.78 5.43 4.83 5.0 7.64 6.58
3.41 3.2 3.9 3.13 3.78 6.54 8.21 6.18 3.82 3.36 3.58 3.12 4.44 9.93 8.29 4.74 4.15 6.04 4.66 4.35 6.85 6.93 5.95 18.01 17.51 13.67 14.62 19.77 11.05 9.51 12.05 15.91 22.24 18.39 24.97 14.77 12.08 11.17 14.55 15.51 15.77 19.36 17.84 14.05 15.64 18.71 11.74 14.35 16.93 12.86 20.88 15.23 9.82 13.04 8.29 4.48 5.78 5.2 3.94 6.18 5.85 3.84 6.74 6.02
3.22 1.9 3.9 6.77 6.38 3.94 9.92 5.21 5.26 5.3 3.22 2.97 8.26 8.67 8.43 6.83 2.89 4.81 6.89 7.9 6.98 7.36 6.93 20.94 12.14 12.26 10.84 20.86 9.87 7.43 9.64 16.87 21.87 18.94 23.31 9.15 15.72 10.78 14.81 14.91 16.16 15.53 26.79 24.69 11.4 23.9 18.51 15.34 15.05 14.65 15.59 11.14 12.99 17.72 11.77 6.05 6.61 2.96 3.4 3.96 7.13 6.27 7.78 5.7
7.33 2.61 4.64 8.28 6.3 4.08 5.62 7.46 5.3 7.76 4.77 4.49 6.69 9.11 5.8 4.61 7.18 5.49 5.31 9.57 7.62 6.63 10.27 13.61 10.26 13.41 16.54 25.98 16.79 9.88 8.12 12.04 23.03 21.71 23.24 13.04 11.63 9.49 11.01 6.49 6.84 12.88 31.97 24.78 14.15 14.81 11.31 9.88 10.92 12.59 10.55 12.2 9.79 17.3 15.66 7.79 6.22 5.18 5.09 5.06 8.78 14.8 11.48 7.65
5.35 4.12 7.48 5.12 5.67 8.55 6.1 6.56 8.18 6.75 3.34 4.62 5.1 8.06 6.7 4.44 6.1 5.74 6.25 7.33 7.67 6.01 17.18 17.3 19.2 19.85 13.83 12.88 14.22 15.15 11.72 17.68 21.58 17.66 9.14 10.07 9.97 9.78 5.75 4.05 4.19 6.37 17.05 15.16 9.91 6.96 10.49 9.4 9.14 13.28 11.02 11.56 15.11 19.26 12.56 13.31 9.63 7.41 7.5 7.87 9.37 10.06 8.74 4.73
9.39 6.38 9.93 7.03 6.83 9.67 9.39 8.78 12.29 3.52 4.33 3.76 2.57 3.6 4.51 3.77 4.74 5.88 3.52 6.04 8.06 7.66 15.04 16.12 13.65 15.13 25.43 12.78 13.2 12.42 7.94 18.4 21.44 26.34 11.6 28.72 9.98 11.04 3.67 2.74 6.97 7.85 8.53 12.01 14.83 5.54 8.93 4.81 7.93 7.42 10.25 8.57 10.24 11.24 15.47 13.95 11.89 9.09 4.17 8.42 8.3 11.74 9.18 6.08
8.57 7.94 7.17 10.58 7.05 10.46 13.29 12.46 8.61 3.91 4.06 4.3 5.45 2.52 3.62 4.04 3.44 3.67 4.37 6.23 7.24 9.46 10.82 24.16 15.13 21.35 21.46 9.17 7.33 10.99 11.37 22.17 27.51 23.84 18.83 19.27 12.32 6.87 5.87 4.17 9.48 7.14 5.88 13.62 15.52 12.35 15.12 7.67 5.42 6.38 8.66 7.86 9.21 9.66 10.8 10.42 9.64 7.81 5.1 6.2 5.64 11.21 12.32 6.67
8.2 8.84 11.75 21.31 13.19 10.73 10.36 11.42 9.35 6.71 8.81 6.02 9.03 4.38 5.62 5.15 3.42 3.3 5.04 9.91 9.99 12.06 8.07 10.44 7.97 10.76 13.86 12.29 6.05 8.99 15.73 17.89 19.38 26.86 19.98 19.98 18.15 12.4 10.26 11.07 12.34 8.03 6.33 12.73 16.29 13.62 18.73 10.91 7.78 4.94 15.2 11.94 6.87 5.58 9.64 9.0 7.89 5.86 5.06 5.66 4.47 10.22 5.73 4.37
8.97 12.12 12.04 14.45 10.36 9.87 11.24 21.92 11.95 10.11 7.75 9.95 15.61 6.73 6.29 5.78 3.66 3.41 5.91 6.56 8.14 7.39 8.47 10.56 10.3 15.35 10.68 10.52 6.51 8.78 16.58 18.56 16.0 17.42 16.49 11.88 22.54 16.13 12.31 14.96 15.48 7.93 5.97 9.04 15.34 13.17 12.39 12.19 5.41 5.41 15.19 12.11 5.83 7.73 7.33 11.94 15.89 6.75 4.72 6.89 6.28 5.39 3.94 4.25
6.13 7.54 10.23 13.82 12.7 6.01 9.26 11.33 17.33 13.19 9.98 16.12 19.64 13.2 6.9 7.04 3.59 5.24 5.63 9.21 11.16 8.59 7.6 9.17 9.72 8.18 20.56 14.03 8.53 5.5 8.7 5.83 8.46 10.49 7.01 7.96 21.07 37.87 13.08 16.07 7.35 7.36 8.87 14.18 11.23 11.7 7.27 7.82 5.92 5.4 9.32 9.08 6.38 5.46 17.38 13.1 18.14 8.95 4.48 3.07 8.41 4.19 3.27 4.04
6.5 6.31 6.04 8.97 9.73 8.81 16.88 11.71 13.22 21.46 10.04 18.61 36.88 12.18 6.29 6.96 6.57 4.27 12.54 8.94 5.57 4.16 5.79 5.25 5.31 11.02 18.01 21.87 11.2 6.93 4.61 10.24 7.27 11.17 6.85 6.46 9.56 15.68 12.05 13.1 8.13 4.92 9.4 6.54 7.19 8.85 8.96 6.53 3.41 3.98 3.98 5.64 7.59 5.96 11.16 11.17 8.57 5.89 6.51 3.14 6.32 3.83 4.22 5.24
6.73 4.27 7.22 5.79 7.9 15.58 19.27 11.75 9.64 10.42 6.52 16.91 16.84 13.21 7.85 7.55 6.58 6.32 12.77 10.57 4.58 4.5 3.85 3.41 4.9 7.08 10.75 11.3 10.56 6.35 7.98 8.81 6.15 6.57 4.95 5.01 6.33 8.55 6.06 8.23 6.32 9.26 12.65 5.93 5.03 4.94 6.63 5.96 6.4 3.75 3.21 4.97 5.63 6.73 11.51 8.82 6.72 8.13 7.89 3.61 5.07 5.19 4.23 3.06
6.81 5.2 4.82 4.06 7.26 12.79 15.97 14.18 10.71 6.64 5.17 9.17 10.19 7.8 8.16 6.98 7.64 10.92 14.8 5.23 3.56 3.76 3.28 2.84 5.26 6.14 6.8 6.96 6.64 8.26 6.61 8.32 4.25 6.67 5.15 4.67 4.04 7.5 5.55 5.52 6.29 9.94 12.28 7.51 10.58 8.56 13.03 9.79 7.75 4.08 4.11 3.92 4.76 5.34 6.58 6.7 9.7 10.94 5.92 4.38 3.7 4.97 5.44 5.16
3.86 3.57 4.71 5.34 12.0 11.09 14.56 7.16 6.98 3.98 8.2 6.01 9.52 9.71 7.61 6.58 5.42 8.26 7.22 9.99 7.03 7.06 2.72 4.95 7.6 6.12 6.61 4.67 4.16 9.07 12.32 5.11 4.44 3.65 5.72 6.17 4.94 5.96 4.27 3.45 6.02 6.52 10.77 17.6 12.75 10.46 13.24 16.44 8.56 5.92 3.52 3.97 4.98 7.5 8.38 7.27 12.06 10.74 6.5 5.29 6.42 4.24 5.89 8.78
3.46 5.14 4.2 6.84 16.57 11.45 11.76 5.17 7.01 7.76 15.86 10.15 10.14 8.11 5.93 5.62 3.83 4.2 6.17 13.0 17.91 11.78 5.44 6.51 6.24 6.35 5.22 4.59 4.15 6.12 4.15 4.39 5.89 4.82 6.68 6.41 4.59 3.56 4.17 5.75 8.01 6.96 9.02 17.69 12.48 15.72 15.92 20.69 12.64 7.43 4.88 3.22 5.11 5.96 5.95 8.69 8.67 5.87 5.19 5.18 6.71 4.49 4.22 4.11
5.51 4.28 5.85 8.62 10.76 11.32 11.62 4.34 7.95 10.39 14.61 9.45 8.89 5.64 4.86 3.61 3.99 4.73 6.6 10.53 12.29 14.1 7.53 7.53 6.94 9.56 8.01 7.69 4.86 5.52 4.3 4.33 4.15 5.44 7.75 5.42 6.57 5.6 3.8 5.22 6.95 5.43 6.68 13.87 9.37 9.4 11.47 10.37 11.23 12.07 8.01 2.9 3.54 4.88 4.64 6.63 6.86 4.36 6.88 6.57 6.57 5.67 5.51 3.96
4.62 4.99 5.35 6.45 9.44 9.34 7.56 5.99 7.62 19.28 16.52 12.38 5.23 2.95 3.38 4.07 3.6 6.02 6.24 6.57 9.2 10.53 8.5 7.1 5.89 14.39 19.23 12.37 7.84 5.91 4.23 2.62 3.93 3.43 4.54 3.27 4.73 5.89 8.99 8.4 2.99 4.24 4.22 9.54 11.2 10.31 8.69 6.68 8.67 10.26 8.88 2.09 2.72 3.17 3.62 5.25 6.15 5.14 5.19 5.68 5.22 7.32 4.82 6.1
4.31 5.23 6.2 8.42 7.53 11.93 9.04 6.85 9.68 16.62 12.07 10.09 15.15 4.8 3.56 3.97 4.18 3.16 8.13 4.41 4.6 4.16 4.65 3.33 4.94 13.2 11.51 17.7 7.15 5.65 3.66 2.77 3.53 5.49 3.8 5.36 7.42 5.52 8.84 5.66 3.28 4.01 5.37 7.0 8.81 11.64 9.42 5.42 3.4 5.21 3.16 3.23 2.31 1.99 2.66 3.67 5.37 4.28 5.55 1.89 2.74 5.39 7.31 8.6
7.1 9.2 6.85 8.75 11.43 8.68 7.53 8.97 10.36 16.83 9.43 12.09 16.38 8.72 5.07 4.0 3.57 3.04 7.49 3.5 3.94 3.06 4.95 2.29 5.12 13.96 7.2 12.71 8.69 4.22 2.65 4.09 3.45 7.51 4.46 5.55 3.59 2.29 4.07 3.98 4.41 6.78 11.16 6.46 9.21 8.2 6.47 4.62 4.68 2.74 2.27 3.45 2.06 1.9 3.48 6.35 3.92 5.97 5.5 2.57 2.08 5.99 8.07 10.03
11.25 8.24 6.95 6.5 7.44 6.92 8.06 8.61 12.52 16.95 12.83 13.36 19.72 14.1 9.44 4.3 3.81 5.45 14.04 10.93 4.83 3.16 3.3 1.96 4.58 7.97 5.87 10.23 7.65 5.01 4.66 4.79 3.29 9.81 5.75 5.31 3.77 3.17 2.69 3.89 7.67 6.4 10.54 10.77 7.92 7.49 6.58 4.38 3.25 1.6 1.73 3.49 2.74 2.92 3.97 6.07 7.42 10.62 5.57 2.15 2.01 2.94 9.24 14.48
9.31 10.46 10.34 7.97 8.71 5.2 6.87 9.98 17.37 19.32 18.58 12.21 19.32 17.69 13.72 7.44 5.37 9.36 11.98 15.32 7.26 5.45 3.49 3.2 6.57 7.69 9.54 7.82 9.49 7.56 7.65 7.14 6.46 9.52 4.64 5.02 4.72 5.98 3.31 4.87 5.46 7.23 10.84 12.26 9.53 8.62 8.33 3.59 3.58 1.77 1.47 1.2 2.65 2.81 4.79 7.54 9.56 10.53 6.08 3.3 2.49 4.4 5.95 17.26
9.65 15.06 12.94 10.82 7.69 9.25 7.31 9.16 13.13 16.92 19.62 9.07 19.88 29.05 12.98 9.04 10.34 10.27 11.87 21.72 8.4 8.15 4.7 4.82 6.1 10.02 9.59 6.5 11.06 10.47 4.93 3.59 7.95 5.74 6.83 4.45 7.18 7.65 7.12 7.11 5.03 6.24 9.22 18.46 14.71 14.75 8.74 4.4 2.83 3.21 2.33 1.41 1.91 2.43 4.17 6.13 9.41 9.36 5.35 3.21 1.82 3.24 7.73 12.15
14.22 24.55 16.82 11.64 8.79 9.24 7.86 8.98 11.93 14.5 15.84 12.74 9.46 11.25 8.78 10.11 9.98 15.96 16.06 9.64 10.96 5.38 6.74 5.09 9.48 9.6 14.1 5.74 7.88 5.75 4.47 7.22 6.46 8.49 8.3 7.47 7.17 8.1 4.44 9.55 4.8 7.45 14.9 25.05 15.59 14.64 5.79 3.23 3.65 3.79 3.08 1.43 1.9 1.54 5.04 7.25 5.59 6.09 6.84 5.25 3.02 6.39 9.9 15.21
24.44 20.11 13.27 11.83 7.06 10.28 10.84 8.94 5.24 6.41 11.09 15.52 14.01 6.63 5.33 7.46 10.84 8.88 17.89 13.74 11.0 9.32 8.23 7.09 7.74 12.68 11.41 6.67 6.46 4.56 7.66 10.47 5.67 5.75 8.53 7.36 6.04 6.3 5.26 12.18 10.53 9.92 11.28 19.38 10.98 9.89 9.6 4.92 3.08 4.47 4.32 1.55 2.0 3.4 5.55 6.47 8.41 7.45 9.45 6.72 4.07 5.92 13.52 13.87
18.79 24.4 14.85 10.98 14.21 13.03 16.45 11.24 8.13 5.96 8.54 13.41 11.42 6.64 6.27 6.32 7.83 10.58 15.87 11.98 8.24 7.53 6.87 8.7 14.91 14.25 10.13 5.79 4.33 5.16 12.47 11.31 5.1 4.61 4.85 8.08 7.46 5.94 8.05 14.87 11.48 24.48 19.62 13.03 8.28 7.32 7.18 7.79 3.45 4.6 4.18 2.45 2.33 3.3 6.41 6.54 6.86 6.26 17.55 5.2 5.57 5.97 11.0 10.38
11.87 16.29 15.11 16.5 11.47 21.44 13.65 10.3 6.35 6.27 8.43 10.73 18.87 10.79 11.98 5.72 11.98 5.73 9.65 9.61 7.38 10.94 9.86 8.63 13.69 20.04 9.45 9.99 5.49 12.07 15.28 11.09 6.51 4.85 4.07 8.5 8.79 5.7 7.27 9.79 18.24 20.88 16.14 6.46 7.77 4.82 4.93 5.26 3.27 4.94 4.99 4.91 2.78 4.89 8.0 9.67 8.99 7.59 13.95 10.21 11.79 6.37 8.37 8.96
18.19 14.49 19.93 13.94 16.02 11.02 10.82 5.92 8.49 7.64 9.35 22.13 15.47 10.86 8.5 7.5 7.41 11.91 11.4 13.28 12.58 14.12 9.53 10.47 19.95 22.28 15.84 12.75 10.54 12.81 14.68 6.71 6.14 6.73 7.17 8.64 15.86 12.93 6.39 6.6 17.78 21.42 15.33 6.87 4.78 4.56 3.56 4.22 3.56 4.48 3.12 3.55 3.27 4.53 9.0 10.26 8.94 9.0 11.31 13.23 9.9 4.74 4.1 4.8
25.48 16.08 17.66 16.21 15.27 16.13 12.69 7.74 14.01 8.26 6.47 10.05 14.24 14.55 10.76 8.19 9.02 8.42 12.78 14.21 11.39 13.47 14.86 11.06 13.73 12.18 23.07 18.42 19.02 18.36 15.68 8.0 9.51 17.37 12.12 14.13 12.99 19.09 7.89 7.49 13.22 16.48 12.84 5.54 2.99 3.65 4.4 4.19 4.29 5.49 3.39 2.45 1.84 4.54 9.16 11.18 8.2 5.14 5.24 9.81 7.56 3.44 4.08 2.53
16.77 14.09 18.78 15.43 17.56 12.69 14.4 9.12 19.06 12.07 10.76 6.86 7.56 7.13 7.6 10.51 14.69 22.0 14.49 16.46 9.4 11.18 14.16 14.69 10.22 12.92 21.29 18.7 14.9 11.61 12.91 8.69 9.96 18.32 18.25 13.0 13.18 12.0 9.8 8.34 8.86 11.03 11.36 9.98 7.79 7.81 4.11 4.14 4.72 5.62 5.25 3.11 2.4 3.77 5.57 8.45 6.38 4.04 9.6 6.52 3.96 3.98 4.32 1.96
7.1 12.27 13.57 12.1 14.74 17.72 9.14 15.28 18.95 10.1 6.79 4.88 5.41 6.22 10.19 17.51 30.35 21.78 9.21 9.51 10.1 5.66 12.28 10.76 8.05 10.7 17.98 11.39 8.74 9.52 7.22 9.4 16.58 34.66 21.12 17.92 11.77 11.57 9.34 7.65 5.81 6.89 8.44 8.93 11.87 8.96 4.74 4.08 8.06 4.9 5.68 4.69 2.86 4.51 3.38 5.7 5.53 6.26 6.52 6.58 4.08 6.36 8.32 4.73
6.82 14.0 9.73 17.23 20.72 16.54 9.27 11.49 10.18 8.18 4.95 5.79 7.03 3.36 6.75 9.54 14.48 10.34 6.21 5.91 13.31 6.29 7.24 9.33 8.9 12.99 9.03 12.16 8.33 6.82 9.2 11.28 12.13 23.56 35.6 11.39 11.11 11.75 6.12 7.05 7.57 6.05 4.88 7.9 6.98 6.84 5.93 5.23 6.5 5.79 5.83 4.4 5.31 2.65 3.04 5.86 8.13 9.31 15.07 10.45 6.28 8.73 7.99 10.53
9.07 12.94 5.72 5.02 10.67 16.61 20.18 22.65 14.57 8.82 6.62 7.26 8.04 6.76 5.91 6.38 8.65 3.15 3.02 6.67 8.78 3.94 5.98 7.38 7.0 12.41 5.88 6.58 6.31 6.06 7.22 9.11 12.09 12.08 26.2 17.03 11.1 8.79 5.52 5.43 7.31 6.48 4.13 6.21 5.69 4.4 6.44 8.25 7.9 7.65 5.36 3.2 3.12 2.18 2.74 9.85 10.25 10.69 8.51 8.82 7.23 6.73 8.39 11.06
5.79 6.62 4.96 5.68 7.25 16.47 15.29 15.64 16.78 13.09 12.57 13.4 10.13 6.78 6.04 2.77 5.0 3.06 4.02 4.6 6.74 2.99 4.55 4.64 5.12 10.65 7.33 5.91 5.69 6.07 4.92 10.17 9.79 11.97 17.56 18.98 16.78 10.08 7.85 3.14 4.46 4.21 2.38 3.61 6.62 8.57 7.25 9.1 3.94 6.9 3.44 4.87 4.56 2.84 3.44 8.06 10.53 8.53 14.46 8.62 13.09 8.66 9.68 8.3
8.24 5.61 9.38 3.08 6.17 13.79 14.57 22.25 32.83 19.81 12.07 20.37 7.85 7.49 5.8 3.64 2.55 4.01 6.53 3.87 3.99 4.07 3.89 3.28 5.75 8.53 12.25 6.26 7.38 9.55 4.68 6.8 6.97 9.99 15.73 36.19 18.15 16.38 10.34 3.83 4.45 5.37 2.83 2.94 7.33 7.62 12.83 6.82 6.8 6.04 3.76 4.78 5.3 5.14 7.33 9.66 12.17 10.67 6.24 9.63 9.15 7.81 8.2 9.09
10.88 6.96 10.67 12.09 13.83 12.48 16.31 28.26 32.21 25.98 16.95 18.91 11.8 9.79 6.26 5.77 2.23 4.5 5.7 3.47 4.0 4.9 4.27 4.01 6.57 4.87 9.57 9.03 9.79 5.28 4.53 5.88 7.37 8.4 17.8 27.71 24.91 22.28 11.78 6.25 7.79 10.42 4.23 5.71 7.51 8.48 9.22 8.16 4.52 4.28 5.36 6.97 5.8 6.46 10.12 9.25 16.21 11.6 4.25 8.37 11.73 12.04 10.0 8.51
14.02 6.31 9.13 13.42 7.85 8.52 7.68 26.53 32.12 21.51 16.4 23.52 22.96 16.11 6.69 9.1 7.25 7.37 7.49 4.04 3.92 6.28 7.03 5.03 8.02 4.67 8.43 11.09 13.02 4.22 3.59 3.38 6.54 6.87 7.63 20.68 25.54 12.84 5.87 10.45 8.51 13.15 10.99 9.28 6.01 8.61 9.15 8.63 10.14 5.74 10.49 8.88 6.36 6.68 11.51 12.16 20.39 16.52 6.6 9.91 8.81 12.26 11.67 8.0
7.68 5.65 5.42 17.5 10.22 7.99 7.88 13.85 24.74 17.31 20.78 22.64 26.51 19.32 11.87 9.47 12.06 13.16 11.89 10.28 7.21 6.7 7.13 5.34 6.39 6.47 5.9 5.03 6.44 3.95 3.38 4.65 6.59 7.94 8.7 12.4 24.61 12.37 9.94 12.94 10.92 11.32 12.77 12.11 7.64 8.94 7.33 13.34 6.32 3.93 6.68 8.76 9.33 12.8 12.97 15.8 17.29 17.77 8.2 9.58 9.55 10.73 11.51 6.4
5.52 7.02 8.28 11.53 12.24 11.74 6.3 10.07 20.17 15.7 15.71 29.27 19.06 14.17 15.93 11.85 10.25 11.71 12.26 6.55 7.96 9.76 12.13 8.0 8.82 3.57 4.8 3.42 4.84 6.18 5.79 6.23 10.19 11.0 8.32 14.48 14.28 9.66 6.21 12.03 10.88 13.59 10.77 11.51 6.68 8.85 10.34 10.39 6.25 4.77 5.25 7.55 11.7 8.72 10.83 16.61 25.39 23.77 11.34 6.27 12.2 8.16 6.37 8.35
3.82 4.51 3.82 8.96 11.28 9.05 10.53 7.19 11.49 9.75 13.99 14.47 28.96 16.21 17.56 13.32 12.5 11.57 11.42 12.84 8.74 14.15 13.72 18.53 9.55 9.35 3.64 2.89 3.41 5.21 5.48 5.6 8.78 5.86 7.56 7.45 13.2 7.97 5.03 6.25 9.57 11.23 7.03 14.51 10.67 8.9 14.16 12.46 6.09 6.25 4.98 5.72 16.2 14.11 14.5 14.18 13.87 12.62 13.98 8.35 15.65 11.97 6.95 8.96
4.22 4.3 3.53 4.18 7.47 11.33 5.89 5.98 7.61 7.61 10.43 17.29 20.39 17.03 22.27 14.92 9.58 7.73 12.71 17.38 9.82 14.9 17.81 15.0 9.8 13.08 6.14 4.15 5.56 5.02 4.89 4.63 9.42 4.94 7.57 9.15 10.03 6.48 5.06 3.66 4.79 5.22 5.64 9.72 8.78 8.35 8.27 11.84 9.97 12.34 5.94 12.39 17.46 15.51 12.88 12.34 8.09 5.95 16.9 20.49 19.31 17.95 16.24 10.47
4.5 6.61 4.32 3.79 4.33 6.65 4.7 9.07 6.4 5.89 7.43 20.13 15.29 11.91 24.4 9.32 6.06 7.51 16.54 22.5 23.15 14.68 20.62 17.79 12.86 19.3 15.95 8.26 4.66 3.59 4.15 5.57 6.25 5.0 5.94 10.79 7.64 8.53 6.66 3.39 6.15 3.57 3.52 4.47 9.93 8.53 8.44 15.76 13.07 9.57 7.28 13.25 12.89 21.73 18.21 13.57 7.28 7.15 16.36 26.57 30.48 19.47 11.42 8.0
4.75 5.1 6.66 3.43 9.05 7.24 6.23 9.36 12.68 10.44 9.05 18.09 10.37 9.46 14.91 15.69 8.19 9.82 10.27 10.28 16.84 24.56 26.88 21.62 23.27 14.65 26.5 15.16 5.25 3.34 3.55 4.22 6.71 6.03 5.01 6.98 4.24 7.5 7.06 3.86 7.05 4.08 3.43 6.61 9.47 8.97 7.88 11.59 12.01 12.85 13.03 14.43 12.73 18.17 10.19 10.19 9.83 10.2 16.3 22.43 20.45 18.27 13.35 10.31
5.52 6.05 4.32 5.12 4.74 6.18 7.07 9.44 10.2 15.93 8.96 8.94 12.81 12.53 11.75 8.51 11.72 12.08 8.77 11.04 21.77 20.93 27.67 18.29 17.12 11.08 29.05 14.9 6.65 6.25 3.44 3.97 5.45 5.25 2.61 4.86 4.08 4.38 4.61 5.83 7.32 4.81 5.11 4.82 9.31 9.32 10.32 13.82 10.41 10.16 13.61 20.21 19.88 26.51 12.87 17.8 16.55 13.43 16.05 18.71 22.38 16.19 15.75 11.76
4.73 4.85 5.66 6.34 3.52 6.4 10.45 9.52 14.98 17.14 13.13 8.03 17.07 11.21 13.87 14.39 11.14 6.71 7.77 12.27 14.88 29.11 16.6 13.97 11.15 11.23 12.09 13.0 6.95 4.96 2.79 2.61 4.12 2.5 2.4 4.6 7.08 6.06 4.91 8.48 7.56 7.69 9.54 8.2 11.65 12.64 12.38 10.24 15.31 13.98 17.1 18.46 25.83 15.22 11.63 31.55 34.05 17.4 15.86 18.96 10.09 15.03 20.11 8.72
4.77 7.55 6.91 10.09 5.69 8.21 10.0 13.47 14.07 15.32 13.01 9.59 12.58 19.04 14.07 15.48 8.43 6.2 9.16 10.79 13.99 10.39 13.73 15.39 12.79 7.03 8.96 8.12 7.22 4.87 3.2 3.0 4.11 3.74 2.36 4.82 7.08 6.2 8.4 9.97 6.94 9.02 9.55 5.18 11.39 14.26 20.88 13.73 12.51 13.03 17.26 18.49 16.31 16.33 13.66 27.8 31.01 52.22 23.86 31.18 15.57 14.35 13.29 10.78
3.12 3.57 4.12 5.38 9.34 9.87 7.63 11.52 17.8 18.74 23.69 12.44 10.6 16.38 17.93 24.15 13.61 9.45 17.67 9.21 6.73 12.79 9.85 16.02 21.86 14.44 8.31 8.9 6.39 3.55 6.26 4.68 5.4 3.02 3.25 3.21 4.99 4.28 6.58 8.14 3.93 8.18 8.05 15.89 12.28 25.51 26.68 13.39 12.68 13.38 12.1 11.66 20.34 15.05 30.34 20.32 23.79 36.82 55.78 61.65 37.72 17.25 12.9 15.58
5.22 3.11 3.87 4.71 11.44 9.65 11.43 12.42 10.01 18.86 27.6 20.64 12.94 27.09 24.9 24.0 18.45 13.81 15.38 11.26 10.54 10.27 15.47 13.59 15.41 11.91 5.12 7.11 11.02 7.63 7.32 9.33 5.6 6.64 6.51 3.84 4.38 4.11 7.48 9.83 9.07 6.86 10.65 16.96 16.33 21.51 23.84 15.18 11.76 9.33 4.44 13.1 24.13 29.23 30.55 19.92 16.48 31.25 43.59 53.65 77.65 36.11 16.97 17.18
