10.72 9.43 12.12 10.3 7.79 5.34 10.01 10.24 8.22 9.34 4.84 10.13 10.08 13.81 10.27 6.31 4.42 6.32 5.77 5.12 5.71 5.83 6.67 6.19 8.21 3.84 3.89 6.64 4.88 3.39 3.46 5.66 7.54 5.61 9.12 6.44 8.44 9.88 15.81 6.7 4.07 5.45 6.43 6.62 5.62 7.35 8.15 8.7 3.89 6.13 10.27 12.21 13.18 6.66 8.91 7.73 15.03 12.01 15.1 8.74 6.29 8.7 6.21 5.77
10.73 17.86 29.82 12.57 5.89 7.56 8.39 3.19 6.2 6.17 6.52 6.34 11.49 12.88 8.55 8.11 8.91 5.23 3.48 2.77 4.88 5.38 6.08 10.48 8.36 7.07 4.65 4.64 5.34 4.82 2.59 3.68 4.91 4.28 6.45 6.84 7.65 13.17 10.15 8.37 4.37 3.41 3.05 6.16 6.42 7.82 8.14 15.61 6.24 9.12 9.82 9.88 9.2 5.27 7.62 8.96 14.03 11.47 13.01 7.53 6.01 9.07 7.85 11.0
8.23 27.93 25.07 15.76 13.77 9.93 6.37 3.69 5.05 6.85 7.49 6.86 12.03 16.11 8.75 9.46 12.86 5.19 7.2 3.95 3.89 8.59 7.6 8.29 7.22 7.74 7.53 3.89 6.42 2.71 4.31 5.07 7.82 5.79 6.42 6.31 5.09 10.01 8.99 8.64 6.56 5.78 4.87 6.87 5.99 5.49 6.82 8.28 6.0 12.9 6.74 12.22 11.17 6.84 9.6 11.18 9.07 9.93 4.35 5.35 4.42 9.01 7.53 9.91
14.78 12.63 14.4 11.4 9.6 5.13 10.76 5.29 7.32 16.74 13.06 14.41 13.28 11.74 15.74 14.48 10.77 3.72 6.53 4.34 4.09 10.37 6.73 8.96 5.28 5.54 7.21 5.56 5.34 3.81 6.93 8.51 9.99 8.17 4.14 6.81 6.91 6.4 11.09 10.37 5.22 3.4 6.66 5.81 4.04 7.49 12.81 10.6 8.25 10.05 12.93 18.66 14.79 10.2 11.28 7.96 6.95 8.39 4.15 3.54 3.44 7.49 10.41 9.32
15.96 13.09 20.3 18.71 9.22 6.21 12.6 6.5 10.02 18.39 22.49 17.38 13.37 13.87 15.76 11.95 12.86 4.9 5.75 3.96 5.24 6.88 5.41 6.29 6.23 5.57 9.15 6.24 6.27 5.4 6.74 12.83 9.33 4.64 5.22 9.31 12.24 5.87 7.64 7.87 7.14 9.85 8.02 6.82 3.07 9.25 7.68 8.39 7.98 15.39 20.01 21.17 13.74 9.6 6.68 7.99 6.08 4.48 3.38 3.67 4.3 7.03 11.89 16.24
26.78 20.4 22.33 12.01 6.19 10.31 13.07 12.76 13.96 21.25 15.15 11.01 9.59 14.01 16.72 9.84 9.03 6.94 5.72 7.91 5.55 5.32 5.37 6.69 4.08 4.54 6.96 4.32 6.14 6.94 7.46 11.92 10.2 7.51 9.01 9.47 15.82 6.34 9.62 8.27 7.79 13.36 8.67 3.95 5.02 10.1 8.73 5.15 7.92 9.25 12.11 18.48 21.14 12.81 6.81 5.84 8.51 3.85 2.97 5.01 8.23 7.94 6.37 13.58
19.54 22.53 23.98 11.15 6.46 7.42 9.56 16.61 19.96 15.43 20.04 11.53 15.47 15.57 14.35 8.39 11.07 4.46 2.61 5.68 3.07 3.79 5.1 8.21 3.27 2.43 3.25 3.58 6.47 6.03 10.88 12.4 9.98 7.77 8.64 11.14 6.19 6.54 7.69 9.94 5.72 5.22 5.82 5.13 3.17 5.25 9.66 5.94 6.6 10.8 12.3 12.1 7.87 10.57 8.0 4.4 5.71 2.8 3.8 4.84 10.67 17.1 10.78 8.18
8.15 13.16 12.72 18.91 8.4 7.64 11.75 23.95 14.15 13.88 14.64 20.12 26.14 18.74 9.23 7.71 4.68 4.02 3.19 3.91 2.73 3.33 3.95 5.69 3.61 2.32 3.01 3.32 5.61 3.85 6.45 7.3 9.89 6.32 5.66 9.51 9.21 14.75 8.27 6.25 4.31 2.1 7.32 7.3 3.65 4.37 5.59 5.35 7.27 9.58 13.79 9.12 4.07 5.91 6.44 8.09 5.23 5.32 3.51 5.76 11.87 16.22 8.41 7.7
14.32 14.58 18.88 14.46 10.42 6.01 12.71 12.67 8.69 10.72 19.83 23.45 24.96 18.67 10.33 7.05 5.04 5.12 1.94 2.07 3.04 2.75 3.99 5.27 3.74 3.9 2.75 2.37 2.88 4.85 5.04 8.49 12.7 12.05 6.76 10.15 16.29 14.18 17.04 8.12 4.48 2.41 5.87 7.55 5.29 4.63 6.79 6.91 6.64 7.73 8.7 6.26 6.81 13.15 10.54 6.85 7.7 7.24 3.16 2.93 11.91 11.91 7.07 10.34
12.55 8.89 9.58 10.03 12.37 6.82 6.82 8.33 9.36 10.16 16.86 30.29 27.06 14.98 10.83 5.46 4.87 4.5 1.64 1.53 3.35 3.89 5.59 4.92 6.01 3.93 5.08 6.68 6.4 4.26 6.24 11.06 11.86 10.38 13.33 17.61 15.97 5.1 8.85 5.57 4.33 5.71 9.7 6.45 4.87 8.04 6.44 7.58 5.41 5.42 5.22 7.36 6.13 18.87 14.32 10.41 7.54 5.41 4.4 2.78 5.05 13.18 6.79 18.75
14.01 8.07 6.47 6.15 8.25 7.35 4.02 9.83 8.67 12.92 34.91 27.7 17.35 14.66 10.07 5.57 4.27 5.78 2.52 3.69 2.37 3.98 6.0 7.09 6.59 6.8 4.31 6.46 5.64 5.21 6.56 7.18 11.17 4.37 5.0 13.39 12.48 9.13 9.76 6.19 8.9 6.7 10.34 4.08 6.14 5.1 3.64 6.28 3.63 5.88 8.26 6.12 5.53 8.18 11.82 19.51 11.8 6.38 5.79 3.97 3.61 10.37 11.93 13.36
15.86 10.45 6.15 5.42 13.04 6.75 4.87 11.59 11.41 10.53 33.03 16.24 11.61 10.44 11.69 11.25 7.9 6.53 4.44 3.97 2.75 3.97 5.05 4.36 5.39 7.24 8.14 7.27 6.44 6.96 8.66 5.74 9.62 6.06 6.38 10.33 9.17 10.0 9.39 14.28 17.4 9.34 4.07 2.2 4.54 5.46 2.89 3.67 3.68 10.21 6.62 5.31 4.58 5.6 13.21 14.64 9.23 8.52 5.49 5.01 4.35 8.27 8.83 7.82
16.38 11.4 4.51 7.45 15.63 7.74 6.72 7.03 13.62 17.43 14.47 25.82 8.51 13.35 11.46 11.39 9.2 5.48 5.17 5.51 4.9 7.21 11.14 6.13 5.36 8.95 13.96 14.9 19.15 22.57 9.87 4.26 7.36 7.11 4.96 6.25 8.54 6.07 8.12 10.56 15.57 4.88 2.86 1.79 2.9 5.09 3.5 3.7 3.7 6.52 5.82 4.83 5.4 5.35 9.16 9.27 6.02 12.53 6.98 14.0 10.01 7.3 5.46 8.62
11.15 12.08 11.74 10.43 12.21 4.85 8.78 7.35 7.37 13.44 12.7 16.51 6.98 6.99 11.94 16.71 13.3 8.21 7.13 5.42 4.96 7.44 9.14 7.8 8.01 12.89 10.54 15.14 15.49 23.88 7.57 5.1 5.24 5.1 3.41 4.45 4.66 6.73 7.31 7.16 8.81 3.04 3.74 2.44 1.75 3.93 1.7 3.18 3.38 4.65 7.23 5.27 10.84 10.15 17.05 8.32 6.77 11.75 10.4 14.16 23.36 7.44 9.79 12.29
11.94 12.48 11.07 7.38 7.16 5.79 8.14 19.7 8.84 7.56 8.0 14.72 8.54 5.24 22.4 15.46 17.43 10.56 9.93 5.65 5.58 10.65 6.69 4.4 5.97 7.22 15.41 9.52 12.65 13.52 7.02 7.63 6.85 5.3 4.63 3.72 4.23 6.43 12.0 4.86 4.9 4.09 1.9 1.05 2.14 2.95 1.69 2.73 4.13 4.33 8.29 8.93 14.51 10.93 14.22 10.13 9.35 10.34 13.75 26.07 16.06 7.59 8.34 11.93
8.67 10.93 9.47 7.52 8.55 9.66 12.77 13.41 9.2 8.41 5.93 6.42 8.95 9.2 34.29 21.52 22.15 9.97 5.36 5.0 4.6 17.38 5.87 4.54 6.38 11.61 13.89 12.82 13.83 20.7 8.21 8.3 11.24 11.47 6.8 3.38 3.78 6.67 8.32 5.33 5.87 3.05 1.53 1.63 2.4 1.94 3.31 3.85 9.42 5.79 8.8 10.82 23.39 11.1 12.6 18.05 14.04 8.78 12.78 26.49 17.92 16.35 16.17 9.13
5.09 6.33 9.87 9.94 10.06 10.16 10.09 10.1 10.28 8.4 6.3 5.48 7.75 7.17 15.64 19.82 13.1 10.56 11.59 10.81 11.31 13.28 7.83 3.42 4.09 13.6 13.64 13.43 11.46 16.1 11.39 10.83 16.81 17.51 7.85 3.37 2.13 4.03 4.07 4.51 4.23 2.26 1.9 2.52 1.91 1.91 2.65 3.87 8.42 7.5 9.15 7.67 17.12 14.13 14.84 38.29 17.91 12.97 11.82 15.34 14.54 12.0 14.05 7.66
7.77 6.21 8.77 10.16 6.09 5.83 6.16 6.71 9.65 12.72 8.57 8.0 8.28 11.57 13.21 23.28 10.44 6.21 11.69 13.27 9.07 13.92 8.93 6.34 3.9 7.83 7.89 7.67 9.2 14.94 11.76 16.5 20.36 27.51 8.24 3.77 4.5 2.05 2.5 2.82 2.62 1.01 2.95 3.87 1.85 1.48 3.3 3.36 5.78 8.96 10.51 10.85 11.77 11.18 17.22 28.04 26.07 16.57 8.97 10.99 12.19 9.99 12.7 8.47
8.36 9.52 12.43 8.67 5.78 7.32 9.92 9.38 15.64 13.89 8.57 7.58 8.17 7.86 19.85 9.01 5.74 6.09 4.65 6.97 10.41 16.35 3.98 5.53 6.77 8.1 9.1 9.64 14.76 22.28 18.39 19.4 9.17 24.79 7.75 4.83 5.46 2.69 2.54 3.05 1.95 1.39 2.17 5.39 3.15 2.96 1.91 4.48 8.65 11.66 14.49 14.1 10.24 13.52 10.64 15.7 28.31 11.22 7.46 10.33 11.68 9.44 16.84 11.41
12.01 11.2 14.81 17.4 7.74 13.53 8.75 18.66 15.87 12.62 16.96 10.01 7.45 6.3 10.64 4.18 4.37 7.19 5.33 6.92 8.33 8.76 4.79 7.0 8.92 7.77 9.57 8.04 12.32 14.69 26.86 22.17 10.07 12.93 7.73 3.19 3.43 3.42 2.84 2.63 3.54 2.34 1.8 4.78 3.84 2.71 2.06 2.92 6.8 12.6 23.45 16.17 13.96 18.02 7.17 16.69 13.41 8.74 7.4 9.64 6.88 7.96 10.02 8.9
20.12 15.07 11.21 8.83 8.54 13.35 12.83 13.89 24.93 10.2 19.7 10.37 5.04 5.04 8.57 5.88 7.06 6.27 3.35 5.21 6.39 4.91 4.79 8.69 10.31 5.58 6.9 13.34 14.6 17.95 25.6 26.2 9.36 6.5 5.91 3.26 2.86 3.01 4.01 6.79 4.35 2.98 1.57 3.14 3.12 2.05 5.53 4.46 6.21 8.55 14.99 15.66 14.95 21.13 22.58 11.69 4.42 5.28 9.64 5.95 7.81 9.93 7.67 5.1
11.12 19.4 10.46 6.3 8.67 12.44 11.93 9.25 15.74 8.72 11.5 8.42 6.29 4.08 4.56 4.32 4.19 2.93 4.12 4.75 7.74 6.36 7.25 2.86 12.46 12.48 12.57 17.03 19.29 16.42 16.76 16.28 6.16 4.5 3.04 3.16 3.23 4.05 4.77 6.99 7.34 4.09 1.98 2.92 2.79 2.67 3.93 4.94 7.64 12.53 9.14 17.59 12.85 15.48 31.82 22.24 4.88 5.59 9.27 9.37 11.1 13.91 8.63 11.5
14.18 20.1 13.67 10.45 11.07 17.46 13.25 8.9 11.6 12.89 10.17 5.52 6.89 4.08 5.78 6.93 2.55 3.22 6.27 5.79 7.86 7.58 5.13 4.06 14.64 21.21 22.62 26.27 25.34 23.59 11.97 10.74 7.08 7.22 3.45 3.19 4.35 4.61 6.78 4.97 7.5 4.65 5.11 2.75 2.44 3.82 4.45 8.36 8.69 6.31 8.59 12.7 13.67 21.47 26.88 15.12 11.06 5.68 6.51 8.84 10.0 7.9 6.36 12.88
29.86 29.69 11.1 6.88 9.99 13.17 12.48 12.37 12.73 10.62 12.15 8.42 6.14 3.22 6.17 3.97 2.97 2.97 6.74 11.2 14.94 11.04 8.63 11.31 21.08 13.84 20.26 36.15 37.0 31.89 18.72 16.12 6.97 5.77 4.81 5.0 3.14 3.87 7.59 6.18 6.52 11.83 4.64 4.48 2.35 3.44 7.16 13.21 7.76 3.98 6.05 8.53 14.48 28.0 15.3 11.31 10.21 6.31 10.68 12.17 7.06 5.94 6.41 8.09
27.73 22.63 16.27 9.01 5.89 10.39 8.24 11.19 9.37 12.72 9.96 7.23 5.43 6.51 6.93 5.18 3.9 5.95 8.94 13.72 16.61 13.18 12.35 10.89 14.25 15.56 18.34 40.7 34.8 22.9 12.4 6.03 4.83 3.71 4.81 4.29 5.55 4.2 3.77 4.75 6.47 10.44 5.55 6.17 2.93 1.99 5.48 6.56 9.5 8.55 11.43 16.78 12.85 13.2 8.09 12.61 12.22 7.93 8.53 13.36 6.84 9.73 5.76 7.2
21.28 14.97 13.3 5.5 8.1 9.5 8.47 12.77 14.32 11.88 10.79 4.96 4.09 6.62 6.07 6.75 4.09 6.39 8.91 12.11 10.98 7.23 8.68 5.12 12.51 17.91 15.53 34.97 28.74 16.3 10.14 7.49 4.23 5.07 6.95 2.75 2.46 6.29 6.81 7.66 8.33 9.12 3.8 4.48 5.66 3.88 5.18 5.43 12.08 13.25 11.78 17.81 18.69 10.51 8.25 5.37 10.16 6.85 7.98 8.91 10.93 17.9 7.61 7.36
10.64 15.14 8.25 13.02 16.34 15.64 7.97 9.3 11.19 9.46 4.19 5.35 6.2 4.52 4.39 8.68 3.9 5.17 12.84 6.65 7.44 5.23 10.21 8.68 15.68 10.25 14.3 24.71 20.34 7.98 8.34 7.12 5.57 9.92 12.31 8.03 5.07 5.17 8.37 7.67 8.14 5.84 4.95 3.38 4.53 5.76 3.46 3.86 7.63 8.76 6.98 12.39 13.72 15.67 17.15 6.83 7.38 10.65 8.71 12.14 11.57 17.24 8.79 12.69
12.84 13.45 7.98 11.78 9.5 14.44 7.52 8.24 9.87 6.34 2.12 4.15 4.56 5.25 6.92 9.36 5.71 8.75 12.89 9.34 9.83 6.45 6.45 14.07 8.15 5.73 8.2 23.49 24.95 13.96 9.18 8.59 9.66 8.33 10.03 13.51 8.76 7.38 10.29 6.34 3.89 4.09 6.03 3.94 3.77 4.12 4.99 4.59 6.9 9.58 13.14 9.34 19.1 20.06 17.99 7.74 9.07 8.65 6.31 10.06 9.51 12.8 11.87 10.95
8.12 6.94 5.94 6.37 6.07 6.74 8.56 9.25 6.97 7.59 3.25 3.84 3.82 2.64 5.55 5.87 14.27 9.81 12.4 8.92 9.38 6.49 8.24 12.57 10.03 9.86 12.03 9.76 13.81 14.09 8.31 7.88 13.27 7.92 8.96 9.47 6.24 11.75 10.11 8.15 4.81 7.01 7.89 5.69 4.07 7.94 8.64 4.55 10.31 15.46 13.04 7.77 18.11 21.6 11.02 12.41 11.57 14.45 5.67 10.18 7.73 11.3 14.94 19.05
7.08 6.62 5.1 6.39 6.92 4.99 6.1 7.02 4.77 7.1 3.87 2.0 2.09 4.07 6.48 8.08 21.18 15.39 6.35 13.18 11.85 7.22 11.03 11.1 7.1 8.83 9.44 9.15 10.75 9.0 8.03 8.79 13.31 10.26 8.91 13.32 13.76 18.56 25.31 11.71 6.41 5.72 5.6 3.41 3.39 6.64 10.44 6.03 7.68 11.45 17.05 12.69 18.73 26.93 10.81 14.09 11.99 25.98 8.34 9.27 7.94 11.27 8.05 12.96
9.13 4.26 3.36 7.03 7.31 3.29 4.2 4.73 3.87 4.94 6.24 2.4 3.56 5.61 6.4 10.74 15.73 13.27 7.04 17.3 14.94 9.88 10.72 6.83 14.41 9.13 7.82 10.65 5.24 6.7 15.35 27.56 14.89 18.28 12.59 12.87 9.6 18.18 17.5 11.51 5.57 4.14 4.5 3.68 5.64 7.52 6.7 8.14 5.95 8.78 17.67 21.11 18.67 15.25 11.42 8.36 7.82 18.31 7.07 4.0 5.23 8.03 8.29 8.26
6.24 3.17 3.97 11.0 8.55 3.88 4.16 6.2 3.12 4.18 4.88 3.76 5.9 6.15 6.53 4.68 5.27 8.35 7.67 11.31 14.64 9.76 10.38 4.07 7.61 10.26 12.75 6.53 3.78 5.51 8.62 8.67 14.37 11.5 11.84 10.56 10.21 12.17 12.81 10.68 12.25 6.55 5.26 2.87 6.84 8.76 8.52 12.44 5.67 7.17 16.13 13.08 8.57 12.58 7.67 5.83 7.42 13.42 5.43 6.45 8.01 3.76 3.63 5.48
9.98 4.5 4.84 6.48 9.37 4.49 4.27 6.91 3.34 3.05 2.74 3.07 4.13 9.68 10.87 5.07 2.83 4.55 7.42 9.83 11.15 10.77 6.61 4.39 2.98 7.9 7.68 5.34 8.01 6.79 6.46 8.84 14.59 12.72 12.14 13.24 10.98 26.56 34.49 15.28 11.41 7.08 3.59 3.47 4.81 8.96 9.35 6.57 7.11 5.21 14.9 15.32 19.02 16.37 9.17 4.08 5.15 6.31 4.02 5.13 11.55 4.65 4.43 4.57
3.86 2.85 3.49 6.03 2.95 2.71 3.05 4.9 4.85 4.66 3.31 4.58 3.15 6.12 8.92 4.69 3.24 3.8 6.02 9.37 6.96 7.1 9.03 3.22 3.69 8.54 13.72 10.46 17.62 9.06 5.23 11.44 14.87 12.15 14.07 13.8 13.81 23.36 28.41 17.03 7.48 6.41 5.24 5.33 7.6 7.5 5.51 5.79 6.84 6.85 15.64 19.08 23.66 10.17 8.12 6.35 6.4 6.9 4.72 9.1 7.85 7.51 13.92 11.04
5.78 3.16 3.31 4.57 2.56 2.71 5.36 8.79 4.39 5.13 4.43 2.7 2.52 4.76 3.3 4.35 2.5 4.44 3.58 9.6 6.12 8.0 11.81 4.65 9.82 7.67 9.2 12.67 13.44 10.25 6.73 15.94 9.79 9.23 11.46 6.18 12.05 22.49 36.83 18.37 12.18 9.28 5.52 3.24 4.8 3.37 8.09 6.45 4.31 3.6 7.81 12.17 21.36 8.13 8.46 5.75 4.95 4.21 6.04 8.09 12.64 13.54 10.56 8.59
4.19 2.98 3.28 3.78 2.7 3.38 4.88 3.88 2.83 3.21 4.16 2.91 2.53 3.22 2.87 6.75 4.18 4.32 5.31 4.3 6.06 4.62 4.56 5.91 12.73 11.79 10.89 8.84 9.29 22.22 14.06 11.48 5.62 11.7 8.25 10.07 16.58 25.01 37.37 25.04 10.61 7.89 2.76 2.02 2.43 2.31 5.67 8.58 7.33 4.99 4.58 8.43 13.05 9.63 8.7 6.18 4.26 3.41 4.1 4.36 12.51 12.3 8.5 7.62
1.59 1.88 2.57 6.33 4.03 4.13 3.45 2.72 2.83 3.19 2.77 4.26 2.48 3.97 3.39 4.4 4.95 4.34 7.48 4.71 3.99 3.45 2.63 4.44 9.21 16.72 12.47 10.03 8.8 20.25 14.99 6.49 7.23 4.24 5.49 8.63 17.07 17.2 27.85 37.63 15.81 5.15 3.99 3.16 3.05 2.84 5.88 7.28 7.98 11.61 9.55 9.81 11.42 5.24 6.48 5.48 5.36 5.82 4.46 6.83 7.89 9.28 10.0 8.2
2.85 1.72 2.61 3.79 6.85 3.99 3.81 3.74 3.84 2.23 2.66 4.67 2.93 2.92 3.87 4.52 5.43 7.25 11.35 6.04 4.1 3.61 3.94 9.41 10.26 12.53 5.66 4.6 4.75 6.91 6.43 6.87 4.71 3.51 5.75 12.31 12.8 12.79 23.6 31.09 9.43 7.11 5.36 4.78 3.39 5.13 4.74 4.46 6.66 4.65 9.47 7.38 9.56 5.21 8.58 4.96 4.8 4.63 5.55 8.27 6.7 7.82 10.63 6.34
2.81 3.15 3.04 3.1 3.26 3.13 3.87 3.72 3.57 2.25 4.27 4.4 4.61 7.64 5.37 5.47 8.13 10.65 10.53 5.31 5.44 4.72 5.66 5.51 5.27 6.32 5.31 4.06 6.07 4.85 4.37 5.2 3.61 4.69 4.69 14.0 17.7 8.52 12.79 14.46 9.16 9.48 3.65 5.52 2.66 4.19 3.17 2.39 4.93 6.11 8.18 8.44 7.16 7.08 6.43 6.62 2.61 3.11 7.11 11.65 9.41 9.07 9.5 7.77
3.0 1.57 1.56 1.6 2.52 3.24 4.76 2.72 2.23 3.36 3.36 2.91 3.43 4.91 4.89 5.6 7.13 16.44 9.75 5.68 4.28 4.2 5.89 7.2 5.58 3.93 4.99 5.26 3.08 3.02 4.07 4.91 3.72 5.0 3.52 6.55 11.82 12.63 9.48 10.78 7.44 8.18 5.9 6.28 4.1 4.83 2.83 1.09 3.14 3.63 5.61 11.27 13.51 9.4 7.43 7.6 7.53 6.27 9.31 4.74 7.52 6.27 8.69 13.33
4.9 1.35 1.68 1.42 1.68 2.43 1.8 2.1 1.7 2.27 4.59 4.28 5.17 2.51 3.47 7.62 13.4 8.69 12.6 7.61 9.51 5.03 9.79 10.88 3.77 4.38 5.94 3.95 2.6 2.26 2.82 3.71 4.7 4.86 2.98 6.22 7.43 9.65 8.96 17.82 6.57 5.66 4.77 5.59 2.9 6.03 6.53 2.65 2.44 2.49 3.4 10.51 14.5 15.83 10.39 10.32 13.85 13.33 11.89 3.9 2.98 2.84 6.18 12.96
4.32 2.01 1.52 1.51 1.47 2.53 1.82 2.57 2.02 2.26 5.71 6.87 6.61 4.49 4.22 8.45 9.54 10.2 12.43 8.38 20.2 12.63 6.76 8.62 3.92 4.82 5.7 4.46 3.55 1.87 2.14 2.59 7.1 4.8 2.55 4.34 7.15 5.24 7.77 10.47 5.59 5.52 4.66 5.7 3.21 6.66 8.25 3.3 2.38 1.52 5.46 14.77 14.66 14.49 14.02 11.37 15.62 17.83 8.58 4.29 2.76 3.45 4.53 9.93
4.34 3.49 1.66 1.36 1.81 1.47 3.15 2.56 3.28 3.86 12.85 12.48 8.04 5.99 9.97 8.22 9.41 14.38 13.98 13.6 20.39 12.84 7.96 4.92 5.45 5.34 4.32 2.92 3.27 2.63 2.33 2.39 4.72 6.24 3.5 3.67 4.4 6.43 7.4 5.77 3.88 4.81 3.0 3.99 3.68 4.23 5.41 3.31 2.87 2.33 5.8 8.3 18.94 14.38 7.57 13.06 28.55 26.59 12.14 4.73 2.93 2.98 3.1 3.06
4.86 4.58 2.41 2.42 1.83 1.45 3.21 5.06 4.83 4.59 7.82 9.31 11.87 12.48 10.12 9.51 8.54 9.72 5.54 8.1 12.56 9.15 6.11 5.9 8.27 4.38 6.3 3.56 4.16 1.83 2.69 4.22 4.86 5.14 6.26 3.84 4.62 4.34 5.76 8.24 4.78 2.72 3.78 3.92 4.2 5.59 10.38 6.17 2.97 4.32 6.98 11.45 11.44 14.83 6.03 13.81 19.0 21.46 15.03 4.37 2.77 2.27 2.82 3.67
5.34 4.68 4.25 1.95 2.46 2.43 2.66 7.74 6.95 7.02 4.68 6.77 7.33 11.03 9.67 9.86 7.76 7.62 2.25 5.55 8.28 11.53 9.47 8.9 9.53 5.49 4.46 5.98 6.77 2.89 2.61 3.38 3.45 4.69 5.1 5.94 7.24 5.68 5.11 6.12 3.44 2.71 4.05 4.7 7.79 8.53 10.88 8.04 4.43 4.41 9.04 15.48 11.62 8.75 9.14 18.61 21.63 14.15 12.25 3.01 3.55 2.38 3.12 3.25
4.41 6.43 6.18 2.32 2.35 3.6 4.28 7.06 5.63 6.8 6.34 11.2 10.97 9.03 11.62 10.14 7.5 6.8 4.71 3.88 3.9 7.25 8.66 3.07 8.77 8.51 4.85 3.96 2.98 4.17 4.06 2.13 3.75 3.92 4.25 4.11 6.44 4.3 3.46 4.5 2.59 2.41 2.35 5.85 8.67 11.21 6.34 8.32 9.5 13.32 12.17 15.99 10.99 11.33 12.88 14.85 14.62 11.87 5.53 2.56 3.24 3.73 3.47 3.65
5.6 6.92 3.03 3.0 4.45 5.58 5.04 7.92 10.74 5.5 4.74 12.82 7.08 7.89 5.83 8.32 4.73 6.78 3.77 2.87 2.75 3.61 4.46 3.59 6.27 5.99 5.91 4.86 3.75 4.75 4.19 3.7 2.99 1.26 3.01 3.8 4.43 5.17 4.8 3.0 1.67 2.49 2.7 10.04 17.54 12.49 7.25 8.04 8.12 11.7 17.64 8.33 9.2 11.95 11.65 10.5 11.01 9.18 4.55 3.25 4.2 5.51 5.24 6.5
5.06 8.92 5.95 4.04 5.82 4.4 4.75 6.36 10.66 7.38 6.63 7.62 7.18 4.66 6.18 11.7 6.37 4.85 3.08 2.76 6.11 6.46 9.24 4.91 5.08 5.18 5.72 6.05 8.7 6.69 4.02 5.1 3.41 1.7 1.88 4.44 3.63 5.22 3.79 3.63 2.11 2.29 3.81 13.46 14.52 12.64 10.64 4.56 6.05 13.48 9.26 10.12 16.94 15.12 9.93 11.81 13.08 7.8 7.94 4.99 5.02 3.92 7.21 8.93
4.91 4.29 5.02 3.11 5.58 6.38 8.3 8.78 6.89 10.09 10.59 14.61 11.54 5.75 6.88 8.3 11.74 10.46 6.87 5.04 5.96 7.62 10.59 5.13 7.28 5.89 7.65 4.47 5.84 4.66 6.26 7.78 4.56 2.5 2.88 2.93 5.52 4.68 3.67 3.2 3.14 5.34 7.91 9.18 14.15 18.56 19.5 5.79 9.43 22.26 9.37 10.27 14.34 19.68 8.89 9.8 15.42 8.08 7.99 4.34 3.12 3.7 3.9 7.07
11.27 4.97 3.79 2.45 5.13 8.3 9.27 7.75 7.53 8.38 8.62 11.2 12.09 9.17 6.42 12.46 12.82 4.54 8.28 5.29 3.62 6.62 7.6 5.45 5.91 4.66 3.48 3.31 1.75 4.13 3.81 4.02 2.67 2.1 2.16 1.68 4.33 7.19 5.21 5.76 4.53 8.07 8.22 6.74 8.38 14.84 17.79 11.14 9.34 8.21 5.71 6.53 13.18 11.67 7.49 6.86 9.95 9.05 6.63 8.24 10.17 9.81 7.49 4.0
6.13 6.54 5.89 5.06 5.79 11.74 8.0 7.62 7.57 5.36 7.17 7.99 11.1 9.09 8.48 21.77 12.14 8.97 8.9 4.51 7.9 4.53 4.56 5.69 5.49 5.33 3.46 3.13 1.28 2.07 1.86 1.26 3.57 2.3 3.02 2.22 5.17 4.4 4.19 6.14 4.88 9.6 8.13 9.29 7.96 6.38 8.54 9.51 4.04 5.99 8.78 9.65 7.95 10.96 9.62 9.53 18.56 17.16 5.35 9.54 9.57 10.58 11.91 8.86
6.2 5.55 4.06 4.92 5.13 5.13 5.02 4.13 5.98 6.43 10.9 21.11 14.13 19.2 16.26 17.46 8.89 11.58 9.19 9.52 6.96 8.86 8.55 9.5 6.36 4.72 2.26 1.84 1.9 1.7 1.53 1.61 3.12 2.78 5.51 3.32 4.71 5.29 3.09 3.5 3.75 7.28 12.6 11.01 10.77 6.09 14.52 6.26 3.9 8.88 10.32 9.16 10.42 12.09 11.94 15.17 31.2 17.23 8.22 9.74 9.26 11.69 7.79 9.18
10.48 11.88 5.76 5.03 4.02 4.41 7.34 4.62 6.08 8.2 12.95 20.33 16.81 27.06 25.22 12.08 9.7 12.54 11.77 10.44 6.4 8.57 8.55 8.09 6.84 8.05 2.78 1.04 1.78 1.44 1.12 1.42 2.45 2.53 4.61 3.72 3.24 6.07 3.54 6.8 3.85 2.81 11.9 10.59 13.81 12.91 7.89 6.0 4.09 7.12 4.97 6.06 8.96 14.39 8.7 13.74 13.86 13.75 11.81 11.8 10.32 8.01 14.59 13.44
17.44 10.94 7.08 4.44 3.18 3.64 4.72 8.08 5.1 8.95 7.41 8.38 10.51 18.55 7.71 10.23 8.78 13.26 13.14 8.96 7.53 8.42 9.48 7.54 4.04 4.31 2.43 2.27 2.49 1.28 2.64 2.04 2.42 2.0 4.76 3.95 5.56 5.72 5.43 5.41 5.37 3.34 8.7 9.07 18.04 9.41 5.34 4.31 6.2 7.14 6.49 6.64 7.81 7.7 13.8 15.72 14.91 22.44 21.56 15.9 8.27 4.95 9.79 12.03
18.66 8.92 6.47 3.56 2.15 2.76 5.43 3.93 5.86 9.21 6.11 10.46 13.69 10.51 8.56 11.1 9.64 6.86 9.07 6.47 5.98 7.35 8.57 9.81 5.11 4.55 3.55 4.32 1.75 2.31 3.85 3.89 5.62 3.94 3.55 3.46 4.89 3.6 4.28 6.31 5.18 3.66 4.98 8.55 18.85 11.21 14.76 14.74 12.25 10.75 13.44 9.92 9.67 13.6 26.65 14.73 26.03 21.71 22.79 15.81 8.03 6.67 11.23 9.95
8.9 8.83 6.78 7.1 4.07 5.14 4.66 3.51 5.37 8.23 15.43 15.14 9.2 7.59 5.86 5.59 8.24 9.3 5.84 7.23 9.31 12.31 7.51 5.84 5.05 6.76 5.54 3.78 2.74 2.38 4.33 3.98 5.04 3.05 3.26 3.87 2.68 3.06 4.81 7.67 11.97 5.87 4.75 12.09 20.24 11.87 19.23 28.9 10.98 22.74 30.37 9.54 7.43 14.71 12.7 11.83 14.78 17.76 17.55 11.24 10.18 9.74 9.99 11.5
8.6 6.59 8.25 7.62 7.19 5.45 2.77 4.68 6.52 3.98 11.03 6.39 5.34 6.72 7.02 11.29 5.95 8.23 8.23 7.34 9.37 16.34 5.57 5.09 3.02 4.68 3.35 3.07 5.38 3.19 3.24 4.37 2.77 4.18 3.29 4.95 2.9 3.76 5.03 6.04 7.97 6.33 7.47 10.02 17.92 11.52 17.04 15.39 15.21 25.89 27.53 20.53 11.42 7.76 8.65 8.73 11.83 12.44 16.84 14.81 18.72 11.2 11.52 9.62
5.42 5.45 5.3 5.07 7.69 4.69 6.61 7.06 8.66 3.78 5.85 6.01 5.61 5.6 5.91 7.85 10.54 8.16 11.14 7.38 4.82 4.7 2.36 2.6 4.65 4.37 2.89 5.57 7.98 3.7 3.28 5.68 2.53 3.55 5.03 4.66 3.24 3.4 3.81 4.63 3.54 5.61 6.55 13.72 15.06 14.14 16.62 27.58 31.35 42.81 23.61 31.62 6.89 6.34 7.48 9.65 11.86 10.67 25.6 16.66 12.16 13.34 15.17 8.79
6.33 4.58 6.62 4.21 5.24 6.64 10.08 7.55 10.15 6.46 3.14 6.03 5.8 6.85 5.29 10.06 9.89 8.87 9.95 4.05 4.66 7.76 5.13 4.48 4.2 4.72 4.11 9.91 7.72 5.63 4.01 4.28 4.34 6.09 7.95 5.17 4.31 4.92 5.56 5.31 4.82 6.48 8.96 12.01 19.1 31.48 17.38 30.03 31.75 16.08 15.25 20.97 9.57 5.89 7.98 7.0 7.56 7.74 22.97 19.32 14.22 13.05 9.09 6.6
9.59 5.15 7.82 3.05 3.32 9.37 9.04 5.61 11.74 4.22 6.06 5.48 5.32 5.1 8.14 9.54 10.41 10.98 13.95 5.16 6.55 6.38 5.83 4.58 2.48 5.59 6.15 4.46 4.86 8.51 4.57 3.83 8.38 11.08 5.15 4.77 5.01 6.9 10.17 8.24 3.96 5.55 8.81 15.47 19.21 22.9 17.26 30.37 20.76 17.74 8.27 9.75 13.45 4.85 5.58 4.87 6.51 5.5 13.41 12.37 9.94 7.76 8.55 7.91
7.97 9.47 4.59 4.08 4.73 5.91 5.87 8.49 10.19 5.85 7.51 8.81 8.25 6.09 7.77 7.18 6.3 6.48 6.77 8.9 8.11 5.4 4.47 3.73 2.92 3.37 6.23 4.56 5.56 7.27 11.16 9.45 15.03 9.02 5.12 6.05 5.27 7.09 11.11 8.05 6.65 7.06 14.95 21.28 13.56 18.34 22.3 20.82 28.01 18.18 5.73 4.56 5.88 4.92 6.02 7.8 5.33 4.95 6.74 8.09 10.38 10.91 8.06 14.0
9.86 12.86 4.91 4.13 6.92 4.96 7.75 11.41 9.03 6.44 6.11 4.18 5.19 8.13 9.45 8.2 5.74 4.49 5.31 8.6 10.27 4.76 4.61 5.91 3.29 6.48 5.44 6.21 7.55 14.12 13.51 13.69 16.9 10.04 7.19 9.33 5.27 8.33 10.25 9.31 7.95 7.03 19.23 17.13 16.32 23.46 20.8 15.03 19.03 7.25 6.88 5.27 6.48 7.74 5.53 11.18 8.23 6.62 7.89 7.9 17.82 11.79 11.17 14.73
11.01 11.45 9.38 7.39 7.31 4.97 12.56 11.74 7.95 9.37 10.37 6.46 6.07 8.36 7.48 7.49 10.33 6.56 11.52 7.39 17.33 8.94 7.2 11.91 9.94 8.05 4.26 4.58 6.85 20.89 39.66 14.03 10.93 9.15 14.46 7.59 3.96 4.14 6.9 8.03 8.96 12.8 23.13 19.75 20.11 21.78 8.64 10.39 16.1 11.6 7.25 8.18 4.71 7.23 5.88 5.85 5.19 10.17 7.22 6.06 11.65 11.29 5.52 12.18
8.14 7.4 6.93 7.26 8.02 8.27 14.05 16.9 14.59 10.2 5.46 10.04 10.14 7.93 7.53 7.31 10.36 8.96 10.36 12.52 11.9 7.97 9.98 19.93 11.62 11.57 4.4 5.83 6.9 13.35 26.93 13.14 10.73 7.89 8.77 8.47 3.52 2.99 9.19 7.45 8.77 13.08 23.75 17.46 25.77 21.67 9.03 10.02 13.13 10.18 6.82 6.64 4.46 5.23 5.72 3.58 3.9 4.48 4.55 7.89 7.25 12.86 5.23 9.19
