x y z_datum Time Well_no H2O H O Charge Al C Ca Cl Fe K Mg Na S Si U pH pe Alkalinity
2.6764000E+02 2.7427000E+02 8.6700000E+00 0.0000000E+00 9 9.9704301E-01 7.2098600E-06 6.6484776E-04 -3.2324431E-06 0.0000000E+00 1.0067647E-04 6.3262499E-05 4.3211171E-04 0.0000000E+00 2.8240956E-04 5.5605062E-05 2.2967748E-04 1.4127542E-04 0.0000000E+00 0.0000000E+00 7.0300000E+00 1.1068788E+01 7.1999443E-03
2.6764000E+02 2.7427000E+02 8.6700000E+00 5.0000000E+00 9 5.5325463E+01 2.1644704E-02 6.6821517E-02 -2.9861334E-03 0.0000000E+00 7.0494875E-03 1.3275555E-03 1.0250745E-02 0.0000000E+00 6.0748265E-03 1.9241152E-03 8.4022497E-03 1.1653421E-02 0.0000000E+00 0.0000000E+00 2.2324829E+00 1.8170992E+01 -9.6214291E-03
2.6764000E+02 2.7427000E+02 8.6700000E+00 1.0000000E+01 9 5.5305781E+01 3.7094430E-02 1.1120762E-01 -2.6911190E-03 1.1056810E-03 7.5146837E-03 3.0881482E-03 7.9300636E-03 4.1579112E-05 5.2467434E-03 1.4885119E-03 7.0523013E-03 2.0339406E-02 3.3059082E-03 5.6072227E-06 1.9304199E+00 1.8543656E+01 -2.1171696E-02
2.6764000E+02 2.7427000E+02 8.6700000E+00 1.5000000E+01 9 5.5284516E+01 5.9914750E-02 1.5706375E-01 -2.4478311E-03 2.5719715E-03 7.8137455E-03 4.4554776E-03 6.0162803E-03 1.0601442E-04 4.8464971E-03 1.1292854E-03 6.2066536E-03 2.7503252E-02 7.6859382E-03 1.3558554E-05 1.8251921E+00 1.8682339E+01 -2.8617625E-02
2.6764000E+02 2.7427000E+02 8.6700000E+00 2.0000000E+01 9 5.5267031E+01 8.0045113E-02 1.9515287E-01 -2.2645922E-03 3.9399412E-03 8.0236616E-03 5.4699883E-03 4.5748627E-03 1.7003218E-04 4.6800245E-03 8.5872422E-04 5.6961706E-03 3.2899359E-02 1.1771317E-02 2.1390936E-05 1.7780550E+00 1.8747996E+01 -3.3186025E-02
2.6764000E+02 2.7427000E+02 8.6700000E+00 2.5000000E+01 9 5.5253715E+01 9.5910726E-02 2.2441381E-01 -2.1316066E-03 5.0488873E-03 8.1938919E-03 6.2241532E-03 3.5287536E-03 2.2313726E-04 4.6194133E-03 6.6236441E-04 5.3805345E-03 3.6815975E-02 1.5082536E-02 2.8046219E-05 1.7545614E+00 1.8782376E+01 -3.5994299E-02
2.6764000E+02 2.7427000E+02 8.6700000E+00 3.0000000E+01 9 5.5243982E+01 1.0767541E-01 2.4610192E-01 -2.0364688E-03 5.8993796E-03 8.3451566E-03 6.7931641E-03 2.7803684E-03 2.6342370E-04 4.6056322E-03 5.2188882E-04 5.1817620E-03 3.9618184E-02 1.7621751E-02 3.3324515E-05 1.7425314E+00 1.8801084E+01 -3.7713084E-02
2.6764000E+02 2.7427000E+02 8.6700000E+00 3.5000000E+01 9 5.5236939E+01 1.1625642E-01 2.6201926E-01 -1.9684432E-03 6.5362889E-03 8.4850690E-03 7.2317746E-03 2.2452558E-03 2.9254882E-04 4.6104993E-03 4.2144556E-04 5.0534519E-03 4.1622005E-02 1.9523200E-02 3.7361881E-05 1.7364552E+00 1.8811396E+01 -3.8762712E-02
2.6764000E+02 2.7427000E+02 8.6700000E+00 4.0000000E+01 9 5.5231826E+01 1.2250791E-01 2.7373944E-01 -1.9193208E-03 7.0100225E-03 8.6157674E-03 7.5781674E-03 1.8588429E-03 3.1312017E-04 4.6208882E-03 3.4891395E-04 4.9676381E-03 4.3069118E-02 2.0937496E-02 4.0396679E-05 1.7335387E+00 1.8817086E+01 -3.9406267E-02
2.6764000E+02 2.7427000E+02 8.6700000E+00 4.5000000E+01 9 5.5228068E+01 1.2710132E-01 2.8247472E-01 -1.8832165E-03 7.3639483E-03 8.7374360E-03 7.8583684E-03 1.5748347E-03 3.2765598E-04 4.6311987E-03 2.9560421E-04 4.9076113E-03 4.4132813E-02 2.1994154E-02 4.2667903E-05 1.7322990E+00 1.8820202E+01 -3.9805502E-02
2.6764000E+02 2.7427000E+02 8.6700000E+00 5.0000000E+01 9 5.5225256E+01 1.3052862E-01 2.8910287E-01 -1.8560723E-03 7.6315343E-03 8.8498393E-03 8.0899608E-03 1.3613094E-03 3.3794586E-04 4.6394527E-03 2.5552447E-04 4.8634906E-03 4.4932593E-02 2.2793091E-02 4.4376384E-05 1.7319295E+00 1.8821881E+01 -4.0058355E-02
2.6764000E+02 2.7427000E+02 8.6700000E+00 5.5000000E+01 9 5.5223107E+01 1.3313511E-01 2.9423755E-01 -1.8351529E-03 7.8371571E-03 8.9528858E-03 8.2848637E-03 1.1967501E-03 3.4549598E-04 4.6452808E-03 2.2463589E-04 4.8294502E-03 4.5549014E-02 2.3407068E-02 4.5676524E-05 1.7320005E+00 1.8822753E+01 -4.0223114E-02
2.6764000E+02 2.7427000E+02 8.6700000E+00 6.0000000E+01 9 5.5221426E+01 1.3515930E-01 2.9830046E-01 -1.8186327E-03 7.9980650E-03 9.0467544E-03 8.4512720E-03 1.0667966E-03 3.5103625E-04 4.6489497E-03 2.0024297E-04 4.8020577E-03 4.6035844E-02 2.3887563E-02 4.6681362E-05 1.7322726E+00 1.8823178E+01 -4.0334551E-02
2.6764000E+02 2.7427000E+02 8.6700000E+00 6.5000000E+01 9 5.5220084E+01 1.3676328E-01 3.0157976E-01 -1.8052922E-03 8.1262705E-03 9.1318575E-03 8.5949524E-03 9.6185642E-04 3.5525723E-04 4.6508980E-03 1.8054518E-04 4.7792470E-03 4.6429002E-02 2.4270430E-02 4.7471229E-05 1.7326245E+00 1.8823352E+01 -4.0413125E-02
2.6764000E+02 2.7427000E+02 8.6700000E+00 6.6000000E+01 9 5.5213776E+01 1.4921027E-01 3.3088768E-01 -1.8027426E-03 1.0226434E-02 1.1122857E-02 1.0597148E-02 9.4179909E-04 4.3791644E-04 5.6924858E-03 1.7678032E-04 5.7959737E-03 4.6509931E-02 3.0543870E-02 5.7894009E-05 1.9111712E+00 1.8634831E+01 -2.8037623E-02
2.6764000E+02 2.7427000E+02 8.6700000E+00 6.7000000E+01 9 5.5213739E+01 1.4908718E-01 3.3056452E-01 -1.8003031E-03 1.0181247E-02 1.1087027E-02 1.0572030E-02 9.2260892E-04 4.2929092E-04 5.6585524E-03 1.7317823E-04 5.7578219E-03 4.6582536E-02 3.0408712E-02 5.8748367E-05 1.9042754E+00 1.8640672E+01 -2.8440230E-02
2.6764000E+02 2.7427000E+02 8.6700000E+00 7.2000000E+01 9 5.5215327E+01 1.3838450E-01 3.0528188E-01 -1.7527077E-03 8.0345549E-03 9.0790758E-03 8.6085507E-03 8.4293770E-04 3.4248477E-04 4.5332302E-03 1.5822355E-04 4.6379122E-03 4.7525200E-02 2.3996571E-02 4.7547499E-05 1.7043734E+00 1.8954184E+01 -4.3121084E-02
2.6764000E+02 2.7427000E+02 8.6700000E+00 7.7000000E+01 9 5.5209581E+01 1.4156507E-01 3.1209970E-01 -1.7012961E-03 8.2092198E-03 9.1537284E-03 8.7206795E-03 7.7579982E-04 3.6773466E-04 4.5825047E-03 1.4562144E-04 4.6670134E-03 4.8527255E-02 2.4517602E-02 5.4003007E-05 1.6949985E+00 1.9019021E+01 -4.4280554E-02
2.6764000E+02 2.7427000E+02 8.6700000E+00 8.2000000E+01 9 5.5204547E+01 1.4465911E-01 3.1861216E-01 -1.6580743E-03 8.4160546E-03 9.2442029E-03 8.8431213E-03 7.1853085E-04 3.9036853E-04 4.6541605E-03 1.3487177E-04 4.7195595E-03 4.9374998E-02 2.5134582E-02 6.3109663E-05 1.6905058E+00 1.9053894E+01 -4.4960775E-02
2.6764000E+02 2.7427000E+02 8.6700000E+00 8.7000000E+01 9 5.5200586E+01 1.4723810E-01 3.2400573E-01 -1.6245558E-03 8.6007156E-03 9.3286378E-03 8.9551008E-03 6.6918516E-04 4.0791340E-04 4.7190947E-03 1.2560935E-04 4.7680513E-03 5.0042332E-02 2.5685458E-02 7.1954211E-05 1.6882791E+00 1.9074044E+01 -4.5377043E-02
2.6764000E+02 2.7427000E+02 8.6700000E+00 9.1000000E+01 9 5.5196598E+01 1.5187804E-01 3.3432693E-01 -1.6032624E-03 9.2213843E-03 9.8239569E-03 9.4700623E-03 6.3399606E-04 4.4348528E-04 5.0114887E-03 1.1900418E-04 5.0422104E-03 5.0477551E-02 2.7538613E-02 8.3455608E-05 1.7196423E+00 1.9051305E+01 -4.2718164E-02
2.6764000E+02 2.7427000E+02 8.6700000E+00 9.2000000E+01 9 5.5191282E+01 1.6176505E-01 3.5715717E-01 -1.5982698E-03 1.0851192E-02 1.1292712E-02 1.0943584E-02 6.2545527E-04 5.1769074E-04 5.8258026E-03 1.1740103E-04 5.8348230E-03 5.0591629E-02 3.2406395E-02 1.0020842E-04 1.8421193E+00 1.8928329E+01 -3.3345728E-02
2.6764000E+02 2.7427000E+02 8.6700000E+00 9.7000000E+01 9 5.5190519E+01 1.5080448E-01 3.3275293E-01 -2.1918682E-03 8.6473977E-03 9.3118257E-03 8.9835732E-03 5.8805880E-04 4.1169211E-04 4.6952420E-03 1.1038153E-04 4.7233810E-03 5.1940016E-02 2.5824209E-02 8.4360355E-05 1.6629391E+00 1.9126075E+01 -4.8422952E-02
2.6764000E+02 2.7427000E+02 8.6700000E+00 1.0200000E+02 9 5.5182297E+01 1.5418812E-01 3.4112824E-01 -2.8784194E-03 8.8328198E-03 9.3797045E-03 9.0698485E-03 5.5510171E-04 4.3874934E-04 4.7707766E-03 1.0419532E-04 4.7850776E-03 5.3359855E-02 2.6377169E-02 8.9933950E-05 1.6559412E+00 1.9145482E+01 -4.9665680E-02
2.6764000E+02 2.7427000E+02 8.6700000E+00 1.0700000E+02 9 5.5175365E+01 1.5729513E-01 3.4862253E-01 -3.4548787E-03 9.0306145E-03 9.4559445E-03 9.1623946E-03 5.2588971E-04 4.6063149E-04 4.8549819E-03 9.8712085E-05 4.8556642E-03 5.4537460E-02 2.6967045E-02 9.5984859E-05 1.6524597E+00 1.9157658E+01 -5.0469937E-02
2.6764000E+02 2.7427000E+02 8.6700000E+00 1.1200000E+02 9 5.5170020E+01 1.5982054E-01 3.5462447E-01 -3.8915326E-03 9.2017596E-03 9.5245889E-03 9.2455690E-03 4.9985947E-04 4.7718904E-04 4.9274136E-03 9.3826082E-05 4.9161241E-03 5.5442948E-02 2.7477485E-02 1.0133528E-04 1.6506887E+00 1.9165387E+01 -5.0996121E-02
2.6764000E+02 2.7427000E+02 8.6700000E+00 1.1700000E+02 9 5.5166030E+01 1.6178992E-01 3.5925407E-01 -4.2087260E-03 9.3402919E-03 9.5828671E-03 9.3168592E-03 4.7654871E-04 4.8942160E-04 4.9847180E-03 8.9450536E-05 4.9632417E-03 5.6121590E-02 2.7890692E-02 1.0575062E-04 1.6498000E+00 1.9170369E+01 -5.1343790E-02
2.6764000E+02 2.7427000E+02 8.6700000E+00 1.2200000E+02 9 5.5163076E+01 1.6330808E-01 3.6279194E-01 -4.4352289E-03 9.4498915E-03 9.6317201E-03 9.3774199E-03 4.5557456E-04 4.9844415E-04 5.0285506E-03 8.5513585E-05 4.9984618E-03 5.6628353E-02 2.8217629E-02 1.0928362E-04 1.6493763E+00 1.9173642E+01 -5.1576826E-02
2.6764000E+02 2.7427000E+02 8.6700000E+00 1.2400000E+02 9 5.5156967E+01 1.7403977E-01 3.8704294E-01 -4.5131605E-03 1.1180934E-02 1.1064641E-02 1.0814828E-02 4.4753609E-04 5.9686561E-04 5.8972851E-03 8.4004725E-05 5.8373363E-03 5.6823456E-02 3.3386591E-02 1.2967047E-04 1.7541861E+00 1.9067692E+01 -4.1914172E-02
2.6764000E+02 2.7427000E+02 8.6700000E+00 1.2500000E+02 9 5.5155066E+01 1.7714297E-01 3.9418356E-01 -4.5491847E-03 1.1674427E-02 1.1511560E-02 1.1263943E-02 4.4360194E-04 6.0894980E-04 6.1432683E-03 8.3266265E-05 6.0759711E-03 5.6913485E-02 3.4860430E-02 1.3668125E-04 1.7883176E+00 1.9033216E+01 -3.9150245E-02
2.6764000E+02 2.7427000E+02 8.6700000E+00 1.3000000E+02 9 5.5160532E+01 1.6361157E-01 3.6394138E-01 -4.6742300E-03 9.3574510E-03 9.5712810E-03 9.3325852E-03 4.2761958E-04 4.8320644E-04 4.9654402E-03 8.0266298E-05 4.9302260E-03 5.7195045E-02 2.7941443E-02 1.1239557E-04 1.6377669E+00 1.9188215E+01 -5.2972168E-02
2.6764000E+02 2.7427000E+02 8.6700000E+00 1.3100000E+02 9 5.5153136E+01 1.7798780E-01 3.9636208E-01 -4.6973725E-03 1.1725878E-02 1.1537976E-02 1.1301004E-02 4.2453179E-04 6.3302228E-04 6.1583702E-03 7.9686706E-05 6.0849434E-03 5.7271821E-02 3.5013884E-02 1.3698093E-04 1.7865326E+00 1.9037235E+01 -3.9432758E-02
2.6764000E+02 2.7427000E+02 8.6700000E+00 1.3200000E+02 9 5.5152953E+01 1.7791148E-01 3.9613578E-01 -4.7188685E-03 1.1692409E-02 1.1511035E-02 1.1275744E-02 4.2152048E-04 6.1594331E-04 6.1400347E-03 7.9121466E-05 6.0656772E-03 5.7328195E-02 3.4913717E-02 1.3926204E-04 1.7826815E+00 1.9041040E+01 -3.9725167E-02
2.6764000E+02 2.7427000E+02 8.6700000E+00 1.3700000E+02 9 5.5151111E+01 1.6604334E-01 3.7111353E-01 -6.1222365E-03 9.3791362E-03 9.5831361E-03 9.3553315E-03 4.0810797E-04 4.8824726E-04 4.9652555E-03 7.6603874E-05 4.9242320E-03 5.9072500E-02 2.8005873E-02 1.1420687E-04 1.6244622E+00 1.9182898E+01 -5.5176969E-02
2.6764000E+02 2.7427000E+02 8.6700000E+00 1.4200000E+02 9 5.5140488E+01 1.6989992E-01 3.8125768E-01 -7.7233359E-03 9.6096151E-03 9.7009619E-03 9.4799480E-03 3.9594255E-04 5.1784629E-04 5.0761631E-03 7.4320364E-05 5.0246575E-03 6.1049790E-02 2.8693374E-02 1.1320677E-04 1.6214856E+00 1.9158220E+01 -5.6361627E-02
2.6764000E+02 2.7427000E+02 8.6700000E+00 1.4700000E+02 9 5.5131343E+01 1.7346113E-01 3.9037081E-01 -9.0803658E-03 9.8447224E-03 9.8210687E-03 9.6063178E-03 3.8472246E-04 5.3772525E-04 5.1901840E-03 7.2214297E-05 5.1278840E-03 6.2725133E-02 2.9394662E-02 1.1049094E-04 1.6205952E+00 1.9128795E+01 -5.7173293E-02
2.6764000E+02 2.7427000E+02 8.6700000E+00 1.5200000E+02 9 5.5124226E+01 1.7632318E-01 3.9761234E-01 -1.0123535E-02 1.0040487E-02 9.9231626E-03 9.7142512E-03 3.7426128E-04 5.5069038E-04 5.2845204E-03 7.0250683E-05 5.2128758E-03 6.4019881E-02 2.9978626E-02 1.0602224E-04 1.6204081E+00 1.9099119E+01 -5.7737791E-02
2.6764000E+02 2.7427000E+02 8.6700000E+00 1.5700000E+02 9 5.5118894E+01 1.7851744E-01 4.0312366E-01 -1.0894573E-02 1.0193455E-02 1.0005060E-02 9.8016252E-03 3.6445007E-04 5.5892550E-04 5.3573020E-03 6.8409070E-05 5.2779192E-03 6.4986206E-02 3.0434951E-02 1.0066493E-04 1.6204642E+00 1.9071435E+01 -5.8132584E-02
2.6764000E+02 2.7427000E+02 8.6700000E+00 1.6200000E+02 9 5.5114950E+01 1.8017536E-01 4.0726244E-01 -1.1455762E-02 1.0310557E-02 1.0069587E-02 9.8713040E-03 3.5522087E-04 5.6411035E-04 5.4120320E-03 6.6676704E-05 5.3262809E-03 6.5699552E-02 3.0784299E-02 9.5160486E-05 1.6205981E+00 1.9046991E+01 -5.8410483E-02
2.6764000E+02 2.7427000E+02 8.6700000E+00 1.6700000E+02 9 5.5112028E+01 1.8143072E-01 4.1037821E-01 -1.1863574E-02 1.0400144E-02 1.0120459E-02 9.9270302E-03 3.4652497E-04 5.6740071E-04 5.4529582E-03 6.5044442E-05 5.3619208E-03 6.6227798E-02 3.1051575E-02 8.9986987E-05 1.6207465E+00 1.9026338E+01 -5.8608494E-02
2.6764000E+02 2.7427000E+02 8.6700000E+00 1.6800000E+02 9 5.5104207E+01 1.9626309E-01 4.4346586E-01 -1.1939438E-02 1.2818773E-02 1.2066809E-02 1.1874339E-02 3.4480676E-04 7.2190655E-04 6.6738732E-03 6.4721925E-05 6.5401654E-03 6.6334546E-02 3.8273375E-02 1.0302885E-04 1.7571446E+00 1.8879582E+01 -4.4923878E-02
2.6764000E+02 2.7427000E+02 8.6700000E+00 1.6900000E+02 9 5.5103875E+01 1.9612743E-01 4.4312277E-01 -1.2010022E-02 1.2767935E-02 1.2028256E-02 1.1836734E-02 3.4310918E-04 6.9632287E-04 6.6475504E-03 6.4403280E-05 6.5135067E-03 6.6427680E-02 3.8121368E-02 1.0270790E-04 1.7522424E+00 1.8879693E+01 -4.5348785E-02
2.6764000E+02 2.7427000E+02 8.6700000E+00 1.7400000E+02 9 5.5118553E+01 1.7337895E-01 4.0418204E-01 -1.6971976E-02 1.0250853E-02 1.0026241E-02 9.8391893E-03 3.3509948E-04 5.4165472E-04 5.3707896E-03 6.2899821E-05 5.2797135E-03 6.5211570E-02 3.0605797E-02 8.2634235E-05 1.6816815E+00 1.8942256E+01 -5.2237435E-02
2.6764000E+02 2.7427000E+02 8.6700000E+00 1.7500000E+02 9 5.5113869E+01 1.8446490E-01 4.3257139E-01 -1.8111952E-02 1.2408977E-02 1.1958424E-02 1.1772256E-02 3.3351638E-04 6.5024236E-04 6.4552475E-03 6.2602665E-05 6.3370181E-03 6.4923099E-02 3.7051917E-02 9.3604883E-05 1.8458615E+00 1.8768437E+01 -3.7809064E-02
2.6764000E+02 2.7427000E+02 8.6700000E+00 1.7600000E+02 9 5.5116226E+01 1.8165098E-01 4.2949360E-01 -1.9340496E-02 1.2270262E-02 1.1914607E-02 1.1729312E-02 3.3195183E-04 6.2191380E-04 6.3828062E-03 6.2308992E-05 6.2698034E-03 6.4594011E-02 3.6638307E-02 9.2885499E-05 1.8623285E+00 1.8748401E+01 -3.6582588E-02
2.6764000E+02 2.7427000E+02 8.6700000E+00 1.8100000E+02 9 5.5056820E+01 1.7984137E-01 4.4516756E-01 -3.0528265E-02 9.7359978E-03 9.9322507E-03 9.7510823E-03 3.2456012E-04 4.8008365E-04 5.0962243E-03 6.0921531E-05 5.0299097E-03 7.7062075E-02 2.9071965E-02 7.4407035E-05 1.6148857E+00 1.8993638E+01 -6.4859145E-02
2.6764000E+02 2.7427000E+02 8.6700000E+00 1.8600000E+02 9 5.4974508E+01 2.0070953E-01 5.0846398E-01 -4.1456102E-02 9.9709166E-03 9.9921307E-03 9.8148648E-03 3.1756899E-04 5.2923744E-04 5.2141917E-03 5.9609262E-05 5.1345495E-03 9.2169215E-02 2.9771841E-02 7.2220339E-05 1.5281559E+00 1.9072630E+01 -8.3314668E-02
2.6764000E+02 2.7427000E+02 8.6700000E+00 1.9100000E+02 9 5.4902415E+01 2.2178366E-01 5.6703542E-01 -5.0294244E-02 1.0516083E-02 1.0066757E-02 9.8931850E-03 3.1095038E-04 6.0362564E-04 5.4957799E-03 5.8366915E-05 5.3826870E-03 1.0516113E-01 3.1395149E-02 7.2504359E-05 1.4732011E+00 1.9120865E+01 -9.8331111E-02
2.6764000E+02 2.7427000E+02 8.6700000E+00 1.9600000E+02 9 5.4845982E+01 2.3976051E-01 6.1472335E-01 -5.6955603E-02 1.1142052E-02 1.0133909E-02 9.9638386E-03 3.0467849E-04 6.8099568E-04 5.8205835E-03 5.7189650E-05 5.6678558E-03 1.1519320E-01 3.3258773E-02 7.3606023E-05 1.4399916E+00 1.9148443E+01 -1.0925119E-01
2.6764000E+02 2.7427000E+02 8.6700000E+00 2.0100000E+02 9 5.4803783E+01 2.5406786E-01 6.5151968E-01 -6.1833186E-02 1.1732735E-02 1.0189508E-02 1.0022758E-02 2.9872972E-04 7.4861038E-04 6.1273008E-03 5.6073038E-05 5.9366321E-03 1.2261173E-01 3.5017241E-02 7.4811649E-05 1.4199190E+00 1.9163833E+01 -1.1685088E-01
2.6764000E+02 2.7427000E+02 8.6700000E+00 2.0600000E+02 9 5.4772835E+01 2.6508487E-01 6.7922659E-01 -6.5370510E-02 1.2243146E-02 1.0234747E-02 1.0071149E-02 2.9308253E-04 8.0282797E-04 6.3920129E-03 5.5013033E-05 6.1684933E-03 1.2800079E-01 3.6536745E-02 7.5841573E-05 1.4077262E+00 1.9172138E+01 -1.2204106E-01
2.6764000E+02 2.7427000E+02 8.6700000E+00 2.1100000E+02 9 5.4750246E+01 2.7345040E-01 6.9992384E-01 -6.7942575E-02 1.2665491E-02 1.0272016E-02 1.0111413E-02 2.8771724E-04 8.4511074E-04 6.6104907E-03 5.4005941E-05 6.3599672E-03 1.3190251E-01 3.7794145E-02 7.6620640E-05 1.4003054E+00 1.9176328E+01 -1.2556545E-01
2.6764000E+02 2.7427000E+02 8.6700000E+00 2.1600000E+02 9 5.4733656E+01 2.7979606E-01 7.1544208E-01 -6.9834796E-02 1.3008436E-02 1.0303616E-02 1.0145861E-02 2.8261587E-04 8.7799841E-04 6.7872886E-03 5.3048389E-05 6.5150476E-03 1.3474797E-01 3.8815251E-02 7.7162888E-05 1.3957922E+00 1.9178150E+01 -1.2796839E-01
2.6764000E+02 2.7427000E+02 8.6700000E+00 2.2100000E+02 9 5.4721298E+01 2.8465145E-01 7.2722189E-01 -7.1252515E-02 1.3285875E-02 1.0331365E-02 1.0176319E-02 2.7776198E-04 9.0381518E-04 6.9297729E-03 5.2137289E-05 6.6400770E-03 1.3685522E-01 3.9641424E-02 7.7513491E-05 1.3930559E+00 1.9178641E+01 -1.2962683E-01
2.6764000E+02 2.7427000E+02 8.6700000E+00 2.2600000E+02 9 5.4711908E+01 2.8842326E-01 7.3632694E-01 -7.2338501E-02 1.3511580E-02 1.0356546E-02 1.0204080E-02 2.7314047E-04 9.2437742E-04 7.0452303E-03 5.1269809E-05 6.7413504E-03 1.3844865E-01 4.0313641E-02 7.7721710E-05 1.3914079E+00 1.9178411E+01 -1.3079310E-01
2.6764000E+02 2.7427000E+02 8.6700000E+00 2.3100000E+02 9 5.4704611E+01 2.9140875E-01 7.4351351E-01 -7.3190102E-02 1.3697196E-02 1.0379986E-02 1.0229978E-02 2.6873748E-04 9.4102426E-04 7.1397781E-03 5.0443347E-05 6.8242288E-03 1.3968232E-01 4.0866542E-02 7.7830152E-05 1.3904289E+00 1.9177819E+01 -1.3163248E-01
2.6764000E+02 2.7427000E+02 8.6700000E+00 2.3600000E+02 9 5.4698808E+01 2.9381887E-01 7.4930810E-01 -7.3873180E-02 1.3851842E-02 1.0402181E-02 1.0254515E-02 2.6454023E-04 9.5470470E-04 7.2181765E-03 4.9655502E-05 6.8929423E-03 1.4066050E-01 4.1327264E-02 7.7871819E-05 1.3898635E+00 1.9177070E+01 -1.3225205E-01
2.6764000E+02 2.7427000E+02 8.6700000E+00 2.4100000E+02 9 5.4694093E+01 2.9580147E-01 7.5407442E-01 -7.4432390E-02 1.3982392E-02 1.0423410E-02 1.0277979E-02 2.6053690E-04 9.6609733E-04 7.2840034E-03 4.8904057E-05 6.9506823E-03 1.4145358E-01 4.1716252E-02 7.7870547E-05 1.3895554E+00 1.9176276E+01 -1.3272106E-01
2.6764000E+02 2.7427000E+02 8.6700000E+00 2.4600000E+02 9 5.4690189E+01 2.9745963E-01 7.5806405E-01 -7.4898333E-02 1.4093920E-02 1.0443825E-02 1.0300526E-02 2.5671653E-04 9.7568946E-04 7.3399087E-03 4.8186955E-05 6.9997947E-03 1.4210932E-01 4.2048603E-02 7.7842688E-05 1.3894084E+00 1.9175500E+01 -1.3308467E-01
2.6764000E+02 2.7427000E+02 8.6700000E+00 2.5100000E+02 9 5.4686905E+01 2.9886589E-01 7.6145294E-01 -7.5292347E-02 1.4190154E-02 1.0463502E-02 1.0322240E-02 2.5306895E-04 9.8383406E-04 7.3878507E-03 4.7502286E-05 7.0419900E-03 1.4266064E-01 4.2335412E-02 7.7799064E-05 1.3893620E+00 1.9174771E+01 -1.3337282E-01
2.6764000E+02 2.7427000E+02 8.6700000E+00 2.5600000E+02 9 5.4684106E+01 3.0007215E-01 7.6436636E-01 -7.5629639E-02 1.4273857E-02 1.0482479E-02 1.0343162E-02 2.4958467E-04 9.9079466E-04 7.4292873E-03 4.6848270E-05 7.0785249E-03 1.4313064E-01 4.2584896E-02 7.7746671E-05 1.3893777E+00 1.9174103E+01 -1.3360575E-01
2.6764000E+02 2.7427000E+02 8.6700000E+00 2.6100000E+02 9 5.4681692E+01 3.0111632E-01 7.6689551E-01 -7.5921321E-02 1.4347112E-02 1.0500772E-02 1.0363313E-02 2.4625484E-04 9.9677484E-04 7.4653228E-03 4.6223244E-05 7.1103408E-03 1.4353593E-01 4.2803257E-02 7.7689986E-05 1.3894304E+00 1.9173502E+01 -1.3379745E-01
2.6764000E+02 2.7427000E+02 8.6700000E+00 2.6400000E+02 9 5.4675555E+01 3.1134603E-01 7.8788969E-01 -7.6081898E-02 1.5883539E-02 1.1395133E-02 1.1258760E-02 2.4431070E-04 1.1308781E-03 8.2507026E-03 4.5858321E-05 7.8455912E-03 1.4376161E-01 4.7386434E-02 8.4992925E-05 1.4252809E+00 1.9132059E+01 -1.2591430E-01
2.6764000E+02 2.7427000E+02 8.6700000E+00 2.6500000E+02 9 5.4670307E+01 3.2120236E-01 8.0813015E-01 -7.6133889E-02 1.7401660E-02 1.2314799E-02 1.2178784E-02 2.4366857E-04 1.2704078E-03 9.0263765E-03 4.5737788E-05 8.5745223E-03 1.4383642E-01 5.1915578E-02 9.1951465E-05 1.4638438E+00 1.9088127E+01 -1.1784946E-01
2.6764000E+02 2.7427000E+02 8.6700000E+00 2.7000000E+02 9 5.4677729E+01 3.0389181E-01 7.7319680E-01 -7.6321143E-02 1.4659932E-02 1.0687181E-02 1.0552113E-02 2.4197361E-04 1.0014932E-03 7.6229072E-03 4.5419637E-05 7.2568888E-03 1.4408855E-01 4.3736431E-02 7.9345277E-05 1.3945450E+00 1.9166193E+01 -1.3286766E-01
2.6764000E+02 2.7427000E+02 8.6700000E+00 2.7500000E+02 9 5.4674797E+01 3.0761889E-01 7.8113551E-01 -7.6488341E-02 1.5194394E-02 1.1007536E-02 1.0873484E-02 2.4015183E-04 1.0566459E-03 7.8951632E-03 4.5077679E-05 7.5120480E-03 1.4431899E-01 4.5330868E-02 8.1216021E-05 1.4065069E+00 1.9152602E+01 -1.3029624E-01
2.6764000E+02 2.7427000E+02 8.6700000E+00 2.8000000E+02 9 5.4672326E+01 3.1060086E-01 7.8758284E-01 -7.6641685E-02 1.5617500E-02 1.1282246E-02 1.1149307E-02 2.3815784E-04 1.0895359E-03 8.1098415E-03 4.4703397E-05 7.7142513E-03 1.4453103E-01 4.6593368E-02 8.3038013E-05 1.4160800E+00 1.9141301E+01 -1.2826664E-01
2.6764000E+02 2.7427000E+02 8.6700000E+00 2.8500000E+02 9 5.4670330E+01 3.1280742E-01 7.9251541E-01 -7.6781494E-02 1.5928264E-02 1.1506894E-02 1.1375063E-02 2.3617389E-04 1.1093944E-03 8.2666363E-03 4.4331000E-05 7.8630570E-03 1.4472436E-01 4.7520935E-02 8.4357307E-05 1.4232131E+00 1.9132785E+01 -1.2678260E-01
2.6764000E+02 2.7427000E+02 8.6700000E+00 2.8900000E+02 9 5.4666729E+01 3.1870112E-01 8.0494534E-01 -7.6885225E-02 1.6824472E-02 1.2090794E-02 1.1959826E-02 2.3462699E-04 1.1798035E-03 8.7230213E-03 4.4040640E-05 8.2934692E-03 1.4486910E-01 5.0195106E-02 8.8554841E-05 1.4453946E+00 1.9107052E+01 -1.2208072E-01
2.6764000E+02 2.7427000E+02 8.6700000E+00 2.9000000E+02 9 5.4659263E+01 3.3335512E-01 8.3532508E-01 -7.6910661E-02 1.9116562E-02 1.3535495E-02 1.3404741E-02 2.3424309E-04 1.3986686E-03 9.8930740E-03 4.3968580E-05 9.3963664E-03 1.4490801E-01 5.7034180E-02 9.8496452E-05 1.5074010E+00 1.9037029E+01 -1.0968221E-01
2.6764000E+02 2.7427000E+02 8.6700000E+00 2.9500000E+02 9 5.4722087E+01 3.0072627E-01 7.5617363E-01 -7.0415987E-02 1.6078574E-02 1.1716824E-02 1.1587104E-02 2.3239138E-04 1.0913872E-03 8.3385293E-03 4.3621005E-05 7.9355114E-03 1.3508451E-01 4.7970621E-02 8.5131594E-05 1.4703165E+00 1.9083818E+01 -1.1254361E-01
2.6764000E+02 2.7427000E+02 8.6700000E+00 3.0000000E+02 9 5.4789970E+01 2.8309663E-01 7.0544687E-01 -6.2168554E-02 1.5984710E-02 1.1833846E-02 1.1705127E-02 2.3059914E-04 1.0868517E-03 8.2841623E-03 4.3284593E-05 7.8956426E-03 1.2262167E-01 4.7693347E-02 8.4115607E-05 1.5331564E+00 1.9020455E+01 -9.5654849E-02
2.6764000E+02 2.7427000E+02 8.6700000E+00 3.0100000E+02 9 5.4795641E+01 2.9585358E-01 7.3034104E-01 -6.0489550E-02 1.8599693E-02 1.3750679E-02 1.3622158E-02 2.3024300E-04 1.3271029E-03 9.6109915E-03 4.3217744E-05 9.1641354E-03 1.2008980E-01 5.5499979E-02 9.5614720E-05 1.6441672E+00 1.8899140E+01 -7.7489855E-02
2.6764000E+02 2.7427000E+02 8.6700000E+00 3.0200000E+02 9 5.4809810E+01 2.9150127E-01 7.1851727E-01 -5.8814790E-02 1.8458194E-02 1.3741913E-02 1.3613589E-02 2.2988911E-04 1.2816394E-03 9.5363851E-03 4.3151317E-05 9.0984271E-03 1.1755994E-01 5.5078850E-02 9.6138408E-05 1.6576677E+00 1.8884235E+01 -7.4675916E-02
2.6764000E+02 2.7427000E+02 8.6700000E+00 3.0300000E+02 9 5.4824060E+01 2.8683042E-01 7.0618170E-01 -5.7150694E-02 1.8271087E-02 1.3711992E-02 1.3584432E-02 2.2852133E-04 1.2450402E-03 9.4376132E-03 4.2894578E-05 9.0102653E-03 1.1504843E-01 5.4521736E-02 9.5636662E-05 1.6700718E+00 1.8871624E+01 -7.2109583E-02
2.6764000E+02 2.7427000E+02 8.6700000E+00 3.0800000E+02 9 5.4891111E+01 2.5182296E-01 6.2139645E-01 -5.0231327E-02 1.5002372E-02 1.1713756E-02 1.1590136E-02 2.2146322E-04 9.5994489E-04 7.7620805E-03 4.1569735E-05 7.4341882E-03 1.0459513E-01 4.4769728E-02 7.9466918E-05 1.6175748E+00 1.8936552E+01 -7.5431427E-02
2.6764000E+02 2.7427000E+02 8.6700000E+00 3.1300000E+02 9 5.4937161E+01 2.3687641E-01 5.8228567E-01 -4.4850300E-02 1.4452394E-02 1.1675660E-02 1.1557015E-02 2.1255072E-04 8.9816587E-04 7.4662941E-03 3.9896815E-05 7.1742069E-03 9.6473141E-02 4.3133375E-02 7.6280585E-05 1.6607586E+00 1.8894136E+01 -6.6751334E-02
2.6764000E+02 2.7427000E+02 8.6700000E+00 3.1800000E+02 9 5.4972272E+01 2.2500174E-01 5.5176798E-01 -4.0784143E-02 1.3953865E-02 1.1653759E-02 1.1540475E-02 2.0294746E-04 8.2342272E-04 7.1971509E-03 3.8094236E-05 6.9373729E-03 9.0338412E-02 4.1650002E-02 7.3993705E-05 1.6942173E+00 1.8860651E+01 -6.0554092E-02
2.6764000E+02 2.7427000E+02 8.6700000E+00 3.2300000E+02 9 5.4998737E+01 2.1556251E-01 5.2807913E-01 -3.7755705E-02 1.3501768E-02 1.1636237E-02 1.1528153E-02 1.9363108E-04 7.5499527E-04 6.9528654E-03 3.6345506E-05 6.7218067E-03 8.5770683E-02 4.0304502E-02 7.2058689E-05 1.7183115E+00 1.8836397E+01 -5.6286400E-02
2.6764000E+02 2.7427000E+02 8.6700000E+00 3.2800000E+02 9 5.5018605E+01 2.0807438E-01 5.0975600E-01 -3.5512404E-02 1.3101927E-02 1.1621110E-02 1.1517783E-02 1.8510770E-04 7.0054258E-04 6.7367444E-03 3.4745625E-05 6.5306821E-03 8.2387746E-02 3.9114232E-02 7.0376318E-05 1.7348251E+00 1.8819727E+01 -5.3398274E-02
2.6764000E+02 2.7427000E+02 8.6700000E+00 3.2900000E+02 9 5.5016043E+01 2.1926385E-01 5.3517258E-01 -3.5093184E-02 1.5128364E-02 1.3498832E-02 1.3396437E-02 1.8343802E-04 7.8319407E-04 7.7549086E-03 3.4432219E-05 7.5236754E-03 8.1761035E-02 4.5167697E-02 7.9944759E-05 1.8747736E+00 1.8669950E+01 -4.0501940E-02
2.6764000E+02 2.7427000E+02 8.6700000E+00 3.3000000E+02 9 5.5019683E+01 2.1761816E-01 5.3123529E-01 -3.4701506E-02 1.5002762E-02 1.3460298E-02 1.3358815E-02 1.8180589E-04 7.6194950E-04 7.6889936E-03 3.4125859E-05 7.4628099E-03 8.1171109E-02 4.4793141E-02 8.0372730E-05 1.8749927E+00 1.8668519E+01 -4.0307607E-02
2.6764000E+02 2.7427000E+02 8.6700000E+00 3.3500000E+02 9 5.5010790E+01 2.0880039E-01 5.0905876E-01 -3.3796865E-02 1.2438581E-02 1.1478292E-02 1.1380821E-02 1.7461920E-04 6.2517449E-04 6.3839375E-03 3.2776883E-05 6.2119623E-03 8.4261448E-02 3.7137441E-02 6.7884009E-05 1.6594496E+00 1.8895381E+01 -6.1954483E-02
2.6764000E+02 2.7427000E+02 8.6700000E+00 3.4000000E+02 9 5.4983954E+01 2.1918150E-01 5.2900905E-01 -3.3387723E-02 1.2461285E-02 1.1464417E-02 1.1370465E-02 1.6831333E-04 6.5397624E-04 6.3920039E-03 3.1593240E-05 6.2171149E-03 8.9188880E-02 3.7204385E-02 6.7573587E-05 1.5898660E+00 1.8965637E+01 -7.2252702E-02
2.6764000E+02 2.7427000E+02 8.6700000E+00 3.4500000E+02 9 5.4957572E+01 2.3082059E-01 5.5110431E-01 -3.3169651E-02 1.2748784E-02 1.1473962E-02 1.1383112E-02 1.6275588E-04 7.0565844E-04 6.5401208E-03 3.0550080E-05 6.3450182E-03 9.3852582E-02 3.8059613E-02 6.8792287E-05 1.5415956E+00 1.9013878E+01 -8.0694648E-02
2.6764000E+02 2.7427000E+02 8.6700000E+00 3.5000000E+02 9 5.4935437E+01 2.4145942E-01 5.7098909E-01 -3.3020340E-02 1.3135884E-02 1.1487550E-02 1.1399457E-02 1.5781784E-04 7.6022646E-04 6.7414758E-03 2.9623184E-05 6.5189966E-03 9.7665029E-02 3.9211321E-02 7.0483371E-05 1.5099856E+00 1.9045318E+01 -8.6934910E-02
2.6764000E+02 2.7427000E+02 8.6700000E+00 3.5500000E+02 9 5.4918076E+01 2.5037783E-01 5.8741286E-01 -3.2893459E-02 1.3529603E-02 1.1499141E-02 1.1413520E-02 1.5338915E-04 8.1037751E-04 6.9469494E-03 2.8791898E-05 6.6961300E-03 1.0059343E-01 4.0382756E-02 7.2185297E-05 1.4895426E+00 1.9065588E+01 -9.1344349E-02
2.6764000E+02 2.7427000E+02 8.6700000E+00 3.6000000E+02 9 5.4904941E+01 2.5751349E-01 6.0036928E-01 -3.2772693E-02 1.3885394E-02 1.1507306E-02 1.1423922E-02 1.4938147E-04 8.5372410E-04 7.1328557E-03 2.8039637E-05 6.8559688E-03 1.0276957E-01 4.1441351E-02 7.3702349E-05 1.4763355E+00 1.9078653E+01 -9.4389206E-02
2.6764000E+02 2.7427000E+02 8.6700000E+00 3.6500000E+02 9 5.4895210E+01 2.6307231E-01 6.1031766E-01 -3.2653869E-02 1.4187231E-02 1.1512153E-02 1.1430810E-02 1.4572564E-04 8.8903131E-04 7.2905618E-03 2.7353419E-05 6.9912206E-03 1.0435592E-01 4.2339425E-02 7.4970348E-05 1.4677642E+00 1.9087117E+01 -9.6467810E-02
2.6764000E+02 2.7427000E+02 8.6700000E+00 3.7000000E+02 9 5.4888079E+01 2.6734211E-01 6.1784422E-01 -3.2537497E-02 1.4434400E-02 1.1514286E-02 1.1434816E-02 1.4236791E-04 9.1683529E-04 7.4195655E-03 2.6723156E-05 7.1016087E-03 1.0550086E-01 4.3074857E-02 7.5990726E-05 1.4621588E+00 1.9092644E+01 -9.7881376E-02
2.6764000E+02 2.7427000E+02 8.6700000E+00 3.7500000E+02 9 5.4882870E+01 2.7060777E-01 6.2350876E-01 -3.2425441E-02 1.4633191E-02 1.1514398E-02 1.1436660E-02 1.3926625E-04 9.3823707E-04 7.5231182E-03 2.6140961E-05 7.1900378E-03 1.0632529E-01 4.3666367E-02 7.6794010E-05 1.4584500E+00 1.9096299E+01 -9.8845311E-02
2.6764000E+02 2.7427000E+02 8.6700000E+00 3.8000000E+02 9 5.4879049E+01 2.7311387E-01 6.2778317E-01 -3.2319493E-02 1.4792120E-02 1.1513114E-02 1.1436983E-02 1.3638743E-04 9.5466506E-04 7.6056881E-03 2.5600591E-05 7.2604030E-03 1.0692150E-01 4.4139294E-02 7.7419551E-05 1.4559593E+00 1.9098752E+01 -9.9508142E-02
2.6764000E+02 2.7427000E+02 8.6700000E+00 3.8500000E+02 9 5.4876219E+01 2.7505511E-01 6.3103748E-01 -3.2220883E-02 1.4919484E-02 1.1510930E-02 1.1436297E-02 1.3370466E-04 9.6736867E-04 7.6716541E-03 2.5097022E-05 7.3164797E-03 1.0735708E-01 4.4518316E-02 7.7905265E-05 1.4542552E+00 1.9100432E+01 -9.9970114E-02
2.6764000E+02 2.7427000E+02 8.6700000E+00 3.9000000E+02 9 5.4874091E+01 2.7657945E-01 6.3354884E-01 -3.2130219E-02 1.5022363E-02 1.1508203E-02 1.1434970E-02 1.3119602E-04 9.7725082E-04 7.7247662E-03 2.4626137E-05 7.3614795E-03 1.0768005E-01 4.4824502E-02 7.8283447E-05 1.4530622E+00 1.9101609E+01 -1.0029799E-01
2.6764000E+02 2.7427000E+02 8.6700000E+00 3.9500000E+02 9 5.4872464E+01 2.7779557E-01 6.3551889E-01 -3.2047603E-02 1.5106395E-02 1.1505173E-02 1.1433254E-02 1.2884321E-04 9.8506741E-04 7.7680123E-03 2.4184504E-05 7.3979524E-03 1.0792393E-01 4.5074613E-02 7.8579832E-05 1.4522056E+00 1.9102456E+01 -1.0053578E-01
2.6764000E+02 2.7427000E+02 8.6700000E+00 4.0000000E+02 9 5.4871194E+01 2.7878206E-01 6.3709163E-01 -3.1972784E-02 1.5175882E-02 1.1501989E-02 1.1431304E-02 1.2663075E-04 9.9135486E-04 7.8036733E-03 2.3769214E-05 7.4278435E-03 1.0811185E-01 4.5281451E-02 7.8814119E-05 1.4515730E+00 1.9103083E+01 -1.0071250E-01
2.6764000E+02 2.7427000E+02 8.6700000E+00 4.0500000E+02 9 5.4870185E+01 2.7959529E-01 6.3836911E-01 -3.1905297E-02 1.5234045E-02 1.1498733E-02 1.1429212E-02 1.2454531E-04 9.9648481E-04 7.8334530E-03 2.3377768E-05 7.4526087E-03 1.0825970E-01 4.5454591E-02 7.9001076E-05 1.4510912E+00 1.9103563E+01 -1.0084741E-01
2.6764000E+02 2.7427000E+02 8.6700000E+00 4.1000000E+02 9 5.4869367E+01 2.8027573E-01 6.3942362E-01 -3.1844565E-02 1.5283277E-02 1.1495442E-02 1.1427021E-02 1.2257533E-04 1.0007236E-03 7.8586135E-03 2.3007992E-05 7.4733319E-03 1.0837840E-01 4.5601152E-02 7.9151662E-05 1.4507125E+00 1.9103942E+01 -1.0095328E-01
2.6764000E+02 2.7427000E+02 8.6700000E+00 4.1200000E+02 9 5.4862143E+01 2.9442306E-01 6.6841244E-01 -3.1821313E-02 1.7472856E-02 1.2845976E-02 1.2777984E-02 1.2180510E-04 1.1935060E-03 8.9784204E-03 2.2863417E-05 8.5240850E-03 1.0842589E-01 5.2134026E-02 8.9242444E-05 1.5185482E+00 1.9028067E+01 -8.9294623E-02
2.6764000E+02 2.7427000E+02 8.6700000E+00 4.1700000E+02 9 5.4869027E+01 2.7989865E-01 6.3827305E-01 -3.1769071E-02 1.5158840E-02 1.1397581E-02 1.1330608E-02 1.1998096E-04 9.7539359E-04 7.7945083E-03 2.2521017E-05 7.4102346E-03 1.0851125E-01 4.5229634E-02 7.8829161E-05 1.4449528E+00 1.9109959E+01 -1.0202510E-01
2.6764000E+02 2.7427000E+02 8.6700000E+00 4.2200000E+02 9 5.4868461E+01 2.8044581E-01 6.3915596E-01 -3.1722108E-02 1.5208327E-02 1.1394468E-02 1.1328461E-02 1.1824967E-04 9.9109282E-04 7.8199159E-03 2.2196045E-05 7.4312989E-03 1.0858612E-01 4.5376952E-02 7.8615828E-05 1.4452304E+00 1.9110035E+01 -1.0201575E-01
2.6764000E+02 2.7427000E+02 8.6700000E+00 4.2700000E+02 9 5.4867874E+01 2.8112719E-01 6.4028389E-01 -3.1679856E-02 1.5279652E-02 1.1405706E-02 1.1340618E-02 1.1660359E-04 1.0011370E-03 7.8566046E-03 2.1887067E-05 7.4628523E-03 1.0865002E-01 4.5589408E-02 7.8848918E-05 1.4461752E+00 1.9109008E+01 -1.0186709E-01
2.6764000E+02 2.7427000E+02 8.6700000E+00 4.2900000E+02 9 5.4860692E+01 2.9535525E-01 6.6941055E-01 -3.1663674E-02 1.7486951E-02 1.2758307E-02 1.2693579E-02 1.1595832E-04 1.1973999E-03 8.9860369E-03 2.1765947E-05 8.5216678E-03 1.0867805E-01 5.2175025E-02 8.9034041E-05 1.5141638E+00 1.9032938E+01 -9.0082297E-02
2.6764000E+02 2.7427000E+02 8.6700000E+00 4.3000000E+02 9 5.4858502E+01 2.9966002E-01 6.7823705E-01 -3.1655758E-02 1.8150721E-02 1.3186239E-02 1.3121690E-02 1.1563892E-04 1.2418414E-03 9.3251554E-03 2.1705994E-05 8.8405344E-03 1.0869115E-01 5.4155667E-02 9.2495616E-05 1.5362391E+00 1.9007809E+01 -8.6521281E-02
2.6764000E+02 2.7427000E+02 8.6700000E+00 4.3500000E+02 9 5.4866143E+01 2.8393930E-01 6.4574361E-01 -3.1627989E-02 1.5670483E-02 1.1632891E-02 1.1569711E-02 1.1318585E-04 1.0123131E-03 8.0556971E-03 2.1245541E-05 7.6464473E-03 1.0873918E-01 4.6755263E-02 8.1084909E-05 1.4560763E+00 1.9097337E+01 -1.0004835E-01
2.6764000E+02 2.7427000E+02 8.6700000E+00 4.3600000E+02 9 5.4856473E+01 3.0326507E-01 6.8578653E-01 -3.1622566E-02 1.8701245E-02 1.3548158E-02 1.3485244E-02 1.1270900E-04 1.3093258E-03 9.6045665E-03 2.1156034E-05 9.1033018E-03 1.0875419E-01 5.5798819E-02 9.3514028E-05 1.5550639E+00 1.8988495E+01 -8.3657959E-02
2.6764000E+02 2.7427000E+02 8.6700000E+00 4.3700000E+02 9 5.4858401E+01 3.0347091E-01 6.8506895E-01 -3.1125845E-02 1.8769515E-02 1.3592870E-02 1.3530216E-02 1.1224433E-04 1.2861120E-03 9.6395358E-03 2.1068813E-05 9.1353227E-03 1.0834916E-01 5.6002381E-02 9.4809555E-05 1.5578491E+00 1.8984285E+01 -8.2992536E-02
2.6764000E+02 2.7427000E+02 8.6700000E+00 4.3800000E+02 9 5.4863526E+01 3.0298134E-01 6.8167878E-01 -2.9951271E-02 1.8808489E-02 1.3623380E-02 1.3561004E-02 1.1174612E-04 1.2705254E-03 9.6592738E-03 2.0975297E-05 9.1535319E-03 1.0737024E-01 5.6118655E-02 9.5511855E-05 1.5612589E+00 1.8980064E+01 -8.1987377E-02
2.6764000E+02 2.7427000E+02 8.6700000E+00 4.4300000E+02 9 5.4930661E+01 2.7715090E-01 6.0300633E-01 -1.6991517E-02 1.6151822E-02 1.1954581E-02 1.1892793E-02 1.1069290E-04 1.0267441E-03 8.3003092E-03 2.0777602E-05 7.8759075E-03 9.6456784E-02 4.8191784E-02 8.3675579E-05 1.4924584E+00 1.9058227E+01 -8.7285830E-02
2.6764000E+02 2.7427000E+02 8.6700000E+00 4.4400000E+02 9 5.4934349E+01 2.9316826E-01 6.3121014E-01 -1.4204701E-02 1.8985819E-02 1.3836798E-02 1.3775172E-02 1.1040293E-04 1.2837685E-03 9.7460519E-03 2.0723173E-05 9.2416562E-03 9.4115224E-02 5.6649583E-02 9.5444669E-05 1.6050784E+00 1.8935640E+01 -6.9844899E-02
2.6764000E+02 2.7427000E+02 8.6700000E+00 4.4500000E+02 9 5.4947426E+01 2.9126437E-01 6.2152022E-01 -1.1309536E-02 1.8987626E-02 1.3856125E-02 1.3794695E-02 1.1004979E-04 1.2499052E-03 9.7466073E-03 2.0656886E-05 9.2424419E-03 9.1677902E-02 5.6655069E-02 9.6485400E-05 1.6120889E+00 1.8927206E+01 -6.7814253E-02
2.6764000E+02 2.7427000E+02 8.6700000E+00 4.5000000E+02 9 5.5010552E+01 2.6769246E-01 5.4891652E-01 9.4967975E-04 1.6615086E-02 1.2370010E-02 1.2309199E-02 1.0894238E-04 1.0325700E-03 8.5329865E-03 2.0449020E-05 8.1011205E-03 8.1343918E-02 4.9575771E-02 8.6100072E-05 1.5435004E+00 1.9004071E+01 -7.2047167E-02
2.6764000E+02 2.7427000E+02 8.6700000E+00 4.5300000E+02 9 5.5036535E+01 2.7239657E-01 5.4622288E-01 7.7086732E-03 1.8109222E-02 1.3495386E-02 1.3434873E-02 1.0840850E-04 1.1182942E-03 9.2915929E-03 2.0348809E-05 8.8250520E-03 7.5651110E-02 5.4036489E-02 9.2746909E-05 1.6269585E+00 1.8914156E+01 -5.8960312E-02
2.6764000E+02 2.7427000E+02 8.6700000E+00 4.5400000E+02 9 5.5042528E+01 2.7877251E-01 5.5582307E-01 9.8969141E-03 1.9365752E-02 1.4478281E-02 1.4417862E-02 1.0823873E-04 1.1630723E-03 9.9287400E-03 2.0316941E-05 9.4352871E-03 7.3809719E-02 5.7788263E-02 9.8326419E-05 1.7008480E+00 1.8834607E+01 -5.0348381E-02
2.6764000E+02 2.7427000E+02 8.6700000E+00 4.5900000E+02 9 5.5099084E+01 2.5298252E-01 4.8225711E-01 2.0327577E-02 1.6456686E-02 1.2622143E-02 1.2562263E-02 1.0727527E-04 9.3941284E-04 8.4417242E-03 2.0136097E-05 8.0349828E-03 6.5018518E-02 4.9107276E-02 8.5462247E-05 1.5862986E+00 1.8959822E+01 -5.8781760E-02
2.6764000E+02 2.7427000E+02 8.6700000E+00 4.6400000E+02 9 5.5137694E+01 2.4521189E-01 4.5102182E-01 2.8622413E-02 1.6175561E-02 1.2644153E-02 1.2584662E-02 1.0657602E-04 8.8661646E-04 8.2920043E-03 2.0004843E-05 7.9059331E-03 5.8034347E-02 4.8270587E-02 8.3749969E-05 1.5985622E+00 1.8948048E+01 -5.4169820E-02
2.6764000E+02 2.7427000E+02 8.6700000E+00 4.6900000E+02 9 5.5167636E+01 2.3907305E-01 4.2674800E-01 3.5045038E-02 1.5944780E-02 1.2688320E-02 1.2629079E-02 1.0612954E-04 8.3622617E-04 8.1684629E-03 1.9921037E-05 7.8008066E-03 5.2629941E-02 4.7583731E-02 8.2672661E-05 1.6087779E+00 1.8937726E+01 -5.0617144E-02
2.6764000E+02 2.7427000E+02 8.6700000E+00 4.7400000E+02 9 5.5190784E+01 2.3408324E-01 4.0770860E-01 3.9985260E-02 1.5732819E-02 1.2735019E-02 1.2675965E-02 1.0579499E-04 7.9111769E-04 8.0547877E-03 1.9858240E-05 7.7044909E-03 4.8476837E-02 4.6952732E-02 8.1780280E-05 1.6160104E+00 1.8930275E+01 -4.8014012E-02
2.6764000E+02 2.7427000E+02 8.6700000E+00 4.7900000E+02 9 5.5208686E+01 2.2998290E-01 3.9269110E-01 4.3781280E-02 1.5534933E-02 1.2776816E-02 1.2717932E-02 1.0548952E-04 7.5268245E-04 7.9486501E-03 1.9800902E-05 7.6144917E-03 4.5289791E-02 4.6363435E-02 8.0973279E-05 1.6205177E+00 1.8925554E+01 -4.6156191E-02
2.6764000E+02 2.7427000E+02 8.6700000E+00 4.8100000E+02 9 5.5209659E+01 2.3938381E-01 4.1076374E-01 4.5136764E-02 1.7203974E-02 1.4135958E-02 1.4077142E-02 1.0536829E-04 8.0004229E-04 8.7941455E-03 1.9778147E-05 8.4259634E-03 4.4156592E-02 5.1346753E-02 8.8891544E-05 1.7378860E+00 1.8800089E+01 -3.5742975E-02
2.6764000E+02 2.7427000E+02 8.6700000E+00 4.8200000E+02 9 5.5211158E+01 2.4173093E-01 4.1500196E-01 4.5776196E-02 1.7665309E-02 1.4572564E-02 1.4513782E-02 1.0530755E-04 8.0149677E-04 9.0265223E-03 1.9766746E-05 8.6517294E-03 4.3621835E-02 5.2724545E-02 9.1472362E-05 1.7796805E+00 1.8755192E+01 -3.2572963E-02
2.6764000E+02 2.7427000E+02 8.6700000E+00 4.8700000E+02 9 5.5231972E+01 2.2180552E-01 3.6818207E-01 4.8388923E-02 1.4809878E-02 1.2559103E-02 1.2500624E-02 1.0476347E-04 6.8101534E-04 7.5707444E-03 1.9664618E-05 7.2726139E-03 4.1430327E-02 4.4200863E-02 7.8140040E-05 1.5998215E+00 1.8947193E+01 -4.6433346E-02
2.6764000E+02 2.7427000E+02 8.6700000E+00 4.9200000E+02 9 5.5241984E+01 2.1864769E-01 3.5812103E-01 5.0418825E-02 1.4551768E-02 1.2456786E-02 1.2398595E-02 1.0424718E-04 6.6805592E-04 7.4365181E-03 1.9567709E-05 7.1501106E-03 3.9735739E-02 4.3430751E-02 7.6442865E-05 1.5934319E+00 1.8954730E+01 -4.6316286E-02
2.6764000E+02 2.7427000E+02 8.6700000E+00 4.9700000E+02 9 5.5249638E+01 2.1655744E-01 3.5091502E-01 5.2012772E-02 1.4402999E-02 1.2395252E-02 1.2337334E-02 1.0375889E-04 6.5994799E-04 7.3595900E-03 1.9476054E-05 7.0786825E-03 3.8408813E-02 4.2986648E-02 7.5698633E-05 1.5909527E+00 1.8957512E+01 -4.5974888E-02
2.6764000E+02 2.7427000E+02 8.6700000E+00 5.0200000E+02 9 5.5255682E+01 2.1501030E-01 3.4536674E-01 5.3286936E-02 1.4299737E-02 1.2352116E-02 1.2294473E-02 1.0326703E-04 6.5203487E-04 7.3065853E-03 1.9383730E-05 7.0284587E-03 3.7351284E-02 4.2678318E-02 7.5264152E-05 1.5896351E+00 1.8958893E+01 -4.5634659E-02
2.6764000E+02 2.7427000E+02 8.6700000E+00 5.0500000E+02 9 5.5255198E+01 2.2153056E-01 3.5809682E-01 5.3956445E-02 1.5414166E-02 1.3191655E-02 1.3134179E-02 1.0296755E-04 6.9324865E-04 7.8736110E-03 1.9327516E-05 7.5670384E-03 3.6799534E-02 4.6004803E-02 8.0787070E-05 1.6610567E+00 1.8882136E+01 -3.8990234E-02
2.6764000E+02 2.7427000E+02 8.6700000E+00 5.0600000E+02 9 5.5252727E+01 2.2825487E-01 3.7226821E-01 5.4169749E-02 1.6514305E-02 1.4068951E-02 1.4011531E-02 1.0286717E-04 7.1888970E-04 8.4318397E-03 1.9308674E-05 8.1009032E-03 3.6625620E-02 4.9289413E-02 8.5948583E-05 1.7436964E+00 1.8794271E+01 -3.2645175E-02
2.6764000E+02 2.7427000E+02 8.6700000E+00 5.1100000E+02 9 5.5265634E+01 2.1001587E-01 3.3181544E-01 5.5096499E-02 1.3719791E-02 1.2025323E-02 1.1968213E-02 1.0231066E-04 6.1352878E-04 7.0102671E-03 1.9204214E-05 6.7478264E-03 3.5855231E-02 4.0947171E-02 7.3004681E-05 1.5643054E+00 1.8985445E+01 -4.7463601E-02
2.6764000E+02 2.7427000E+02 8.6700000E+00 5.1600000E+02 9 5.5269448E+01 2.0871343E-01 3.2744357E-01 5.5866528E-02 1.3588106E-02 1.1895310E-02 1.1838459E-02 1.0184742E-04 6.1849193E-04 6.9447842E-03 1.9117261E-05 6.6817305E-03 3.5220964E-02 4.0553636E-02 7.1902814E-05 1.5588639E+00 1.8991923E+01 -4.7746139E-02
2.6764000E+02 2.7427000E+02 8.6700000E+00 5.2100000E+02 9 5.5272425E+01 2.0806223E-01 3.2456644E-01 5.6513279E-02 1.3539377E-02 1.1811688E-02 1.1755055E-02 1.0145629E-04 6.2231760E-04 6.9222590E-03 1.9043845E-05 6.6550624E-03 3.4689765E-02 4.0407626E-02 7.1608112E-05 1.5571500E+00 1.8993904E+01 -4.7686385E-02
2.6764000E+02 2.7427000E+02 8.6700000E+00 5.2600000E+02 9 5.5274895E+01 2.0763356E-01 3.2234165E-01 5.7064868E-02 1.3514827E-02 1.1750167E-02 1.1693746E-02 1.0107699E-04 6.2323038E-04 6.9120073E-03 1.8972649E-05 6.6401952E-03 3.4238122E-02 4.0333909E-02 7.1513785E-05 1.5564515E+00 1.8994668E+01 -4.7552434E-02
2.6764000E+02 2.7427000E+02 8.6700000E+00 5.3100000E+02 9 5.5277013E+01 2.0728573E-01 3.2046084E-01 5.7541253E-02 1.3496002E-02 1.1700252E-02 1.1644052E-02 1.0068167E-04 6.2186737E-04 6.9044436E-03 1.8898445E-05 6.6283594E-03 3.3849387E-02 4.0277401E-02 7.1458522E-05 1.5559272E+00 1.8995205E+01 -4.7425500E-02
2.6764000E+02 2.7427000E+02 8.6700000E+00 5.3600000E+02 9 5.5278860E+01 2.0697364E-01 3.1880554E-01 5.7956885E-02 1.3477888E-02 1.1657022E-02 1.1601056E-02 1.0026287E-04 6.1982454E-04 6.8969975E-03 1.8819834E-05 6.6171202E-03 3.3511453E-02 4.0223099E-02 7.1401240E-05 1.5553706E+00 1.8995764E+01 -4.7324183E-02
2.6764000E+02 2.7427000E+02 8.6700000E+00 5.4100000E+02 9 5.5280487E+01 2.0668749E-01 3.1732574E-01 5.8322510E-02 1.3459757E-02 1.1618000E-02 1.1562280E-02 9.9821662E-05 6.1754854E-04 6.8893289E-03 1.8737017E-05 6.6060803E-03 3.3215285E-02 4.0168796E-02 7.1335415E-05 1.5547471E+00 1.8996391E+01 -4.7248565E-02
2.6764000E+02 2.7427000E+02 8.6700000E+00 5.4600000E+02 9 5.5281927E+01 2.0642609E-01 3.1599570E-01 5.8646330E-02 1.3441992E-02 1.1581904E-02 1.1526440E-02 9.9361972E-05 6.1537622E-04 6.8816734E-03 1.8650731E-05 6.5953804E-03 3.2953974E-02 4.0115618E-02 7.1263696E-05 1.5540788E+00 1.8997067E+01 -4.7193670E-02
2.6764000E+02 2.7427000E+02 8.6700000E+00 5.5100000E+02 9 5.5283209E+01 2.0619020E-01 3.1479856E-01 5.8934765E-02 1.3425112E-02 1.1548072E-02 1.1492873E-02 9.8888168E-05 6.1337094E-04 6.8743290E-03 1.8561795E-05 6.5852349E-03 3.2722110E-02 4.0065096E-02 7.1190193E-05 1.5533931E+00 1.8997762E+01 -4.7154250E-02
2.6764000E+02 2.7427000E+02 8.6700000E+00 5.5600000E+02 9 5.5284353E+01 2.0597966E-01 3.1372047E-01 5.9192950E-02 1.3409465E-02 1.1516148E-02 1.1461219E-02 9.8404151E-05 6.1155597E-04 6.8675001E-03 1.8470943E-05 6.5757880E-03 3.2515366E-02 4.0018264E-02 7.1118154E-05 1.5527122E+00 1.8998454E+01 -4.7126043E-02
2.6764000E+02 2.7427000E+02 8.6700000E+00 5.6100000E+02 9 5.5285378E+01 2.0579329E-01 3.1274885E-01 5.9425062E-02 1.3395214E-02 1.1485925E-02 1.1431270E-02 9.7913099E-05 6.0994989E-04 6.8612900E-03 1.8378770E-05 6.5670998E-03 3.2330229E-02 3.9975602E-02 7.1049583E-05 1.5520513E+00 1.8999126E+01 -4.7105916E-02
2.6764000E+02 2.7427000E+02 8.6700000E+00 5.6600000E+02 9 5.5286298E+01 2.0562919E-01 3.1187207E-01 5.9634556E-02 1.3382380E-02 1.1457254E-02 1.1402876E-02 9.7417480E-05 6.0854908E-04 6.8557244E-03 1.8285740E-05 6.5591688E-03 3.2163795E-02 3.9937174E-02 7.0985467E-05 1.5514185E+00 1.8999770E+01 -4.7091711E-02
2.6764000E+02 2.7427000E+02 8.6700000E+00 5.7100000E+02 9 5.5287127E+01 2.0548525E-01 3.1107947E-01 5.9824318E-02 1.3370901E-02 1.1430014E-02 1.1375914E-02 9.6919173E-05 6.0733368E-04 6.8507834E-03 1.8192205E-05 6.5519555E-03 3.2013644E-02 3.9902794E-02 7.0926109E-05 1.5508169E+00 1.9000381E+01 -4.7081967E-02
2.6764000E+02 2.7427000E+02 8.6700000E+00 5.7600000E+02 9 5.5287877E+01 2.0535925E-01 3.1036135E-01 5.9996785E-02 1.3360670E-02 1.1404091E-02 1.1350269E-02 9.6419592E-05 6.0628042E-04 6.8464216E-03 1.8098432E-05 6.5454007E-03 3.1877734E-02 3.9872140E-02 7.0871415E-05 1.5502469E+00 1.9000960E+01 -4.7075704E-02
2.6764000E+02 2.7427000E+02 8.6700000E+00 5.8100000E+02 9 5.5288556E+01 2.0524914E-01 3.0970915E-01 6.0154031E-02 1.3351566E-02 1.1379377E-02 1.1325835E-02 9.5919811E-05 6.0536882E-04 6.8425831E-03 1.8004620E-05 6.5394422E-03 3.1754332E-02 3.9844853E-02 7.0821097E-05 1.5497072E+00 1.9001508E+01 -4.7072234E-02
2.6764000E+02 2.7427000E+02 8.6700000E+00 5.8200000E+02 9 5.5280777E+01 2.2110085E-01 3.4300715E-01 6.0184888E-02 1.5855267E-02 1.3160572E-02 1.3107086E-02 9.5819854E-05 7.0572399E-04 8.1186686E-03 1.7985858E-05 7.7480772E-03 3.1735298E-02 4.7318277E-02 8.1955983E-05 1.7101188E+00 1.8831162E+01 -3.3334731E-02
2.6764000E+02 2.7427000E+02 8.6700000E+00 5.8700000E+02 9 5.5289453E+01 2.0484616E-01 3.0849021E-01 6.0334858E-02 1.3301823E-02 1.1339953E-02 1.1287350E-02 9.4238596E-05 5.9870763E-04 6.8170056E-03 1.7689048E-05 6.5132389E-03 3.1620273E-02 3.9696293E-02 7.0801024E-05 1.5470943E+00 1.9003987E+01 -4.7268592E-02
2.6764000E+02 2.7427000E+02 8.6700000E+00 5.9200000E+02 9 5.5289883E+01 2.0511148E-01 3.0855351E-01 6.0484277E-02 1.3344219E-02 1.1333074E-02 1.1281560E-02 9.2286083E-05 6.0440911E-04 6.8384997E-03 1.7322552E-05 6.5309989E-03 3.1513395E-02 3.9822709E-02 7.0606324E-05 1.5488790E+00 1.9002510E+01 -4.7041608E-02
2.6764000E+02 2.7427000E+02 8.6700000E+00 5.9700000E+02 9 5.5290260E+01 2.0543241E-01 3.0868941E-01 6.0628291E-02 1.3391127E-02 1.1323627E-02 1.1273285E-02 9.0187507E-05 6.0789669E-04 6.8624195E-03 1.6928639E-05 6.5505707E-03 3.1412297E-02 3.9962524E-02 7.0763483E-05 1.5507044E+00 1.9000619E+01 -4.6809424E-02
2.6764000E+02 2.7427000E+02 8.6700000E+00 6.0200000E+02 9 5.5290634E+01 2.0568907E-01 3.0871630E-01 6.0763355E-02 1.3427214E-02 1.1309761E-02 1.1260573E-02 8.8120215E-05 6.0911737E-04 6.8807262E-03 1.6540598E-05 6.5650860E-03 3.1318347E-02 4.0070091E-02 7.0935597E-05 1.5519493E+00 1.8999274E+01 -4.6637086E-02
2.6764000E+02 2.7427000E+02 8.6700000E+00 6.0700000E+02 9 5.5291006E+01 2.0586866E-01 3.0862922E-01 6.0887850E-02 1.3451689E-02 1.1292867E-02 1.1244754E-02 8.6193702E-05 6.0900030E-04 6.8930427E-03 1.6178982E-05 6.5742890E-03 3.1232015E-02 4.0143043E-02 7.1062643E-05 1.5526390E+00 1.8998509E+01 -4.6523518E-02
2.6764000E+02 2.7427000E+02 8.6700000E+00 6.1200000E+02 9 5.5291368E+01 2.0598609E-01 3.0846300E-01 6.1001574E-02 1.3467264E-02 1.1274544E-02 1.1227405E-02 8.4447758E-05 6.0845247E-04 6.9008034E-03 1.5851260E-05 6.5794839E-03 3.1153153E-02 4.0189458E-02 7.1144901E-05 1.5529364E+00 1.8998164E+01 -4.6453250E-02
2.6764000E+02 2.7427000E+02 8.6700000E+00 6.1700000E+02 9 5.5291715E+01 2.0605976E-01 3.0825078E-01 6.1105152E-02 1.3476715E-02 1.1255840E-02 1.1209577E-02 8.2879522E-05 6.0782420E-04 6.9054620E-03 1.5556894E-05 6.5819603E-03 3.1081256E-02 4.0217607E-02 7.1193434E-05 1.5529804E+00 1.8998093E+01 -4.6412302E-02
2.6764000E+02 2.7427000E+02 8.6700000E+00 6.2200000E+02 9 5.5292042E+01 2.0610467E-01 3.0801637E-01 6.1199566E-02 1.3482168E-02 1.1237319E-02 1.1191845E-02 8.1467065E-05 6.0722470E-04 6.9081191E-03 1.5291769E-05 6.5826912E-03 3.1015668E-02 4.0233822E-02 7.1218833E-05 1.5528677E+00 1.8998191E+01 -4.6390568E-02
2.6764000E+02 2.7427000E+02 8.6700000E+00 6.2700000E+02 9 5.5292348E+01 2.0613164E-01 3.0777545E-01 6.1285876E-02 1.3485118E-02 1.1219247E-02 1.1174489E-02 8.0183757E-05 6.0672502E-04 6.9095428E-03 1.5050886E-05 6.5823525E-03 3.0955708E-02 4.0242565E-02 7.1229173E-05 1.5526635E+00 1.8998389E+01 -4.6381121E-02
2.6764000E+02 2.7427000E+02 8.6700000E+00 6.3200000E+02 9 5.5292633E+01 2.0614799E-01 3.0753740E-01 6.1365081E-02 1.3486549E-02 1.1201729E-02 1.1157629E-02 7.9005100E-05 6.0633263E-04 6.9102355E-03 1.4829646E-05 6.5813843E-03 3.0900734E-02 4.0246772E-02 7.1230032E-05 1.5524083E+00 1.8998642E+01 -4.6379488E-02
2.6764000E+02 2.7427000E+02 8.6700000E+00 6.3700000E+02 9 5.5292898E+01 2.0615838E-01 3.0730748E-01 6.1438056E-02 1.3487089E-02 1.1184789E-02 1.1141300E-02 7.7911063E-05 6.0603596E-04 6.9105132E-03 1.4624290E-05 6.5800632E-03 3.0850172E-02 4.0248313E-02 7.1225073E-05 1.5521268E+00 1.8998924E+01 -4.6382840E-02
2.6764000E+02 2.7427000E+02 8.6700000E+00 6.4200000E+02 9 5.5293143E+01 2.0616574E-01 3.0708827E-01 6.1505553E-02 1.3487123E-02 1.1168411E-02 1.1125493E-02 7.6886207E-05 6.0581848E-04 6.9105702E-03 1.4431919E-05 6.5785577E-03 3.0803524E-02 4.0248344E-02 7.1216619E-05 1.5518335E+00 1.8999220E+01 -4.6389411E-02
2.6764000E+02 2.7427000E+02 8.6700000E+00 6.4700000E+02 9 5.5293371E+01 2.0617175E-01 3.0688074E-01 6.1568203E-02 1.3486885E-02 1.1152558E-02 1.1110181E-02 7.5918979E-05 6.0567383E-04 6.9105204E-03 1.4250366E-05 6.5769677E-03 3.0760356E-02 4.0247556E-02 7.1206110E-05 1.5515368E+00 1.8999520E+01 -4.6398112E-02
2.6764000E+02 2.7427000E+02 8.6700000E+00 6.5000000E+02 9 5.5289699E+01 2.1380353E-01 3.2271831E-01 6.1604170E-02 1.4686848E-02 1.1976045E-02 1.1933980E-02 7.5357323E-05 6.5522801E-04 7.5233820E-03 1.4144940E-05 7.1539900E-03 3.0738424E-02 4.3828873E-02 7.7052807E-05 1.6215962E+00 1.8924229E+01 -3.9868813E-02
