x y z_datum Time Well_no H2O H O Charge Al C Ca Cl Fe K Mg Na S Si U pH pe Alkalinity
2.6764000E+02 2.7427000E+02 8.6700000E+00 0.0000000E+00 9 9.9704301E-01 7.2098600E-06 6.6484776E-04 -3.2324431E-06 0.0000000E+00 1.0067647E-04 6.3262499E-05 4.3211171E-04 0.0000000E+00 2.8240956E-04 5.5605062E-05 2.2967748E-04 1.4127542E-04 0.0000000E+00 0.0000000E+00 7.0300000E+00 1.1068788E+01 7.1999443E-03
2.6764000E+02 2.7427000E+02 8.6700000E+00 5.0000000E+00 9 5.5326631E+01 2.0662878E-02 6.5109510E-02 -3.0028215E-03 0.0000000E+00 7.1397653E-03 1.3445565E-03 1.0382019E-02 0.0000000E+00 6.1526226E-03 1.9487560E-03 8.5098514E-03 1.1162374E-02 0.0000000E+00 0.0000000E+00 2.2848758E+00 1.8110960E+01 -8.4814492E-03
2.6764000E+02 2.7427000E+02 8.6700000E+00 1.0000000E+01 9 5.5308084E+01 3.4632050E-02 1.0769275E-01 -2.7175552E-03 1.0523413E-03 7.6841720E-03 3.1415560E-03 8.1380199E-03 4.0179330E-05 5.3420551E-03 1.5275464E-03 7.1978025E-03 1.9561086E-02 3.1464707E-03 4.8872377E-06 1.9634586E+00 1.8505882E+01 -1.9527047E-02
2.6764000E+02 2.7427000E+02 8.6700000E+00 1.5000000E+01 9 5.5286793E+01 5.7689696E-02 1.5387733E-01 -2.4765782E-03 2.5656137E-03 7.9980314E-03 4.5135360E-03 6.2424146E-03 1.0195967E-04 4.9749613E-03 1.1717319E-03 6.3916248E-03 2.6656447E-02 7.6676442E-03 1.2557303E-05 1.8551850E+00 1.8649538E+01 -2.6623065E-02
2.6764000E+02 2.7427000E+02 8.6700000E+00 2.0000000E+01 9 5.5269152E+01 7.8188476E-02 1.9216827E-01 -2.2940220E-03 3.9425926E-03 8.2110251E-03 5.5281266E-03 4.8063674E-03 1.6435580E-04 4.8166481E-03 9.0217880E-04 5.8895254E-03 3.2032277E-02 1.1780136E-02 2.0161027E-05 1.8051142E+00 1.8718852E+01 -3.1110759E-02
2.6764000E+02 2.7427000E+02 8.6700000E+00 2.5000000E+01 9 5.5255995E+01 9.3856135E-02 2.2107920E-01 -2.1625150E-03 5.0357558E-03 8.3844327E-03 6.2789764E-03 3.7718893E-03 2.1601946E-04 4.7554489E-03 7.0800217E-04 5.5751741E-03 3.5905254E-02 1.5044239E-02 2.6570883E-05 1.7798293E+00 1.8755291E+01 -3.3891920E-02
2.6764000E+02 2.7427000E+02 8.6700000E+00 3.0000000E+01 9 5.5246550E+01 1.0524242E-01 2.4213362E-01 -2.0698174E-03 5.8563765E-03 8.5404788E-03 6.8420539E-03 3.0426995E-03 2.5494072E-04 4.7383670E-03 5.7112966E-04 5.3770915E-03 3.8635533E-02 1.7494237E-02 3.1572143E-05 1.7668782E+00 1.8774974E+01 -3.5581644E-02
2.6764000E+02 2.7427000E+02 8.6700000E+00 3.5000000E+01 9 5.5239854E+01 1.1336611E-01 2.5728499E-01 -2.0047140E-03 6.4571069E-03 8.6853863E-03 7.2728279E-03 2.5305743E-03 2.8263818E-04 4.7389496E-03 4.7500125E-04 5.2495597E-03 4.0553246E-02 1.9287645E-02 3.5319285E-05 1.7603384E+00 1.8785704E+01 -3.6599510E-02
2.6764000E+02 2.7427000E+02 8.6700000E+00 4.0000000E+01 9 5.5235094E+01 1.1915115E-01 2.6821874E-01 -1.9585757E-03 6.8937667E-03 8.8199837E-03 7.6100171E-03 2.1676347E-03 3.0178455E-04 4.7448900E-03 4.0687569E-04 5.1644960E-03 4.1912445E-02 2.0591237E-02 3.8074924E-05 1.7571737E+00 1.8791553E+01 -3.7213607E-02
2.6764000E+02 2.7427000E+02 8.6700000E+00 4.5000000E+01 9 5.5231670E+01 1.2330618E-01 2.7620734E-01 -1.9252931E-03 7.2125970E-03 8.9439865E-03 7.8801624E-03 1.9058230E-03 3.1495014E-04 4.7510170E-03 3.5773234E-04 5.1051201E-03 4.2893015E-02 2.1543098E-02 4.0092816E-05 1.7557834E+00 1.8794713E+01 -3.7587919E-02
2.6764000E+02 2.7427000E+02 8.6700000E+00 5.0000000E+01 9 5.5229161E+01 1.2633584E-01 2.8215165E-01 -1.9007272E-03 7.4481428E-03 9.0573763E-03 8.1014204E-03 1.7125789E-03 3.2410113E-04 4.7555206E-03 3.2145948E-04 5.0615487E-03 4.3616846E-02 2.2246355E-02 4.1578370E-05 1.7553153E+00 1.8796381E+01 -3.7820100E-02
2.6764000E+02 2.7427000E+02 8.6700000E+00 5.5000000E+01 9 5.5227283E+01 1.2858666E-01 2.8666946E-01 -1.8821319E-03 7.6249330E-03 9.1606158E-03 8.2863110E-03 1.5663022E-03 3.3054515E-04 4.7580449E-03 2.9400262E-04 5.0279746E-03 4.4164806E-02 2.2774226E-02 4.2684574E-05 1.7553142E+00 1.8797219E+01 -3.7967513E-02
2.6764000E+02 2.7427000E+02 8.6700000E+00 6.0000000E+01 9 5.5225846E+01 1.3029242E-01 2.9017919E-01 -1.8676955E-03 7.7599742E-03 9.2545003E-03 8.4435850E-03 1.4527410E-03 3.3526891E-04 4.7587824E-03 2.7268663E-04 5.0009536E-03 4.4590254E-02 2.3177469E-02 4.3520613E-05 1.7555428E+00 1.8797589E+01 -3.8063599E-02
2.6764000E+02 2.7427000E+02 8.6700000E+00 6.5000000E+01 9 5.5224722E+01 1.3161137E-01 2.9296452E-01 -1.8562158E-03 7.8649919E-03 9.3399654E-03 8.5794571E-03 1.3624377E-03 3.3876618E-04 4.7580900E-03 2.5573625E-04 4.9784068E-03 4.4928602E-02 2.3491080E-02 4.4162905E-05 1.7558719E+00 1.8797698E+01 -3.8128127E-02
2.6764000E+02 2.7427000E+02 8.6700000E+00 6.6000000E+01 9 5.5218728E+01 1.4345781E-01 3.2149153E-01 -1.8540294E-03 9.9109281E-03 1.1333157E-02 1.0582249E-02 1.3452386E-03 4.0667805E-04 5.7730263E-03 2.5250790E-04 5.9721944E-03 4.4998294E-02 2.9603045E-02 5.3738868E-05 1.9424358E+00 1.8601871E+01 -2.5960866E-02
2.6764000E+02 2.7427000E+02 8.6700000E+00 6.7000000E+01 9 5.5218713E+01 1.4331855E-01 3.2118066E-01 -1.8519447E-03 9.8694218E-03 1.1302450E-02 1.0560696E-02 1.3288386E-03 4.0317183E-04 5.7427804E-03 2.4942954E-04 5.9379360E-03 4.5060362E-02 2.9478854E-02 5.4455329E-05 1.9360717E+00 1.8607298E+01 -2.6312879E-02
2.6764000E+02 2.7427000E+02 8.6700000E+00 7.2000000E+01 9 5.5220455E+01 1.3286878E-01 2.9600938E-01 -1.8083393E-03 7.7559994E-03 9.2942144E-03 8.5900411E-03 1.2615145E-03 3.2884278E-04 4.6431861E-03 2.3679248E-04 4.8424958E-03 4.5915460E-02 2.3165524E-02 4.4198453E-05 1.7276930E+00 1.8925404E+01 -4.0669189E-02
2.6764000E+02 2.7427000E+02 8.6700000E+00 7.7000000E+01 9 5.5215050E+01 1.3573392E-01 3.0223209E-01 -1.7597414E-03 7.9056463E-03 9.3637714E-03 8.6910340E-03 1.2051976E-03 3.5096243E-04 4.6864344E-03 2.2622153E-04 4.8680836E-03 4.6851183E-02 2.3611913E-02 4.9818852E-05 1.7176485E+00 1.8991799E+01 -4.1810894E-02
2.6764000E+02 2.7427000E+02 8.6700000E+00 8.2000000E+01 9 5.5210213E+01 1.3859903E-01 3.0835387E-01 -1.7180995E-03 8.0943028E-03 9.4551572E-03 8.8091582E-03 1.1572962E-03 3.7278484E-04 4.7546771E-03 2.1723018E-04 4.9192261E-03 4.7656311E-02 2.4174638E-02 5.8191166E-05 1.7128265E+00 1.9027988E+01 -4.2479921E-02
2.6764000E+02 2.7427000E+02 8.6700000E+00 8.7000000E+01 9 5.5206398E+01 1.4098647E-01 3.1344940E-01 -1.6857118E-03 8.2640060E-03 9.5453067E-03 8.9223913E-03 1.1159425E-03 3.8958226E-04 4.8170332E-03 2.0946790E-04 4.9667207E-03 4.8291151E-02 2.4680844E-02 6.6497948E-05 1.7104749E+00 1.9048842E+01 -4.2882420E-02
2.6764000E+02 2.7427000E+02 8.6700000E+00 9.1000000E+01 9 5.5202580E+01 1.4537050E-01 3.2344267E-01 -1.6652729E-03 8.8656268E-03 1.0050435E-02 9.4440602E-03 1.0863107E-03 4.2261405E-04 5.1031539E-03 2.0390587E-04 5.2361178E-03 4.8702212E-02 2.6477193E-02 7.7232400E-05 1.7432810E+00 1.9024947E+01 -4.0236748E-02
2.6764000E+02 2.7427000E+02 8.6700000E+00 9.2000000E+01 9 5.5197495E+01 1.5481494E-01 3.4570888E-01 -1.6604936E-03 1.0455733E-02 1.1523420E-02 1.0921065E-02 1.0791077E-03 4.8362771E-04 5.8974648E-03 2.0255383E-04 6.0113742E-03 4.8809215E-02 3.1226778E-02 9.2634804E-05 1.8711049E+00 1.8896859E+01 -3.1017728E-02
2.6764000E+02 2.7427000E+02 8.6700000E+00 9.7000000E+01 9 5.5196950E+01 1.4416179E-01 3.2149958E-01 -2.2156062E-03 8.2905389E-03 9.5482932E-03 8.9637441E-03 1.0472098E-03 3.9361553E-04 4.7912133E-03 1.9656644E-04 4.9214465E-03 5.0068807E-02 2.4759317E-02 7.8166834E-05 1.6849319E+00 1.9101029E+01 -4.5769732E-02
2.6764000E+02 2.7427000E+02 8.6700000E+00 1.0200000E+02 9 5.5189103E+01 1.4728602E-01 3.2939381E-01 -2.8796604E-03 8.4573702E-03 9.6193858E-03 9.0507688E-03 1.0186677E-03 4.1993080E-04 4.8600408E-03 1.9120893E-04 4.9776483E-03 5.1426309E-02 2.5256819E-02 8.3115855E-05 1.6775367E+00 1.9120765E+01 -4.6980471E-02
2.6764000E+02 2.7427000E+02 8.6700000E+00 1.0700000E+02 9 5.5182369E+01 1.5021088E-01 3.3660752E-01 -3.4506497E-03 8.6417250E-03 9.7031616E-03 9.1489294E-03 9.9289751E-04 4.4185048E-04 4.9394122E-03 1.8637175E-04 5.0445956E-03 5.2572388E-02 2.5806593E-02 8.8532476E-05 1.6738484E+00 1.9133207E+01 -4.7767385E-02
2.6764000E+02 2.7427000E+02 8.6700000E+00 1.1200000E+02 9 5.5177165E+01 1.5258571E-01 3.4240827E-01 -3.8861801E-03 8.8016881E-03 9.7823362E-03 9.2411941E-03 9.6944692E-04 4.5835033E-04 5.0075016E-03 1.8196996E-04 5.1019395E-03 5.3457329E-02 2.6283653E-02 9.3377477E-05 1.6720003E+00 1.9141044E+01 -4.8278564E-02
2.6764000E+02 2.7427000E+02 8.6700000E+00 1.1700000E+02 9 5.5173318E+01 1.5441116E-01 3.4684671E-01 -4.2004610E-03 8.9293563E-03 9.8520854E-03 9.3229365E-03 9.4796137E-04 4.7018498E-04 5.0600633E-03 1.7793701E-04 5.1455906E-03 5.4116363E-02 2.6664426E-02 9.7363967E-05 1.6710915E+00 1.9146019E+01 -4.8611769E-02
2.6764000E+02 2.7427000E+02 8.6700000E+00 1.2200000E+02 9 5.5170516E+01 1.5578969E-01 3.5019348E-01 -4.4216109E-03 9.0282639E-03 9.9123234E-03 9.3942274E-03 9.2816011E-04 4.7867129E-04 5.0987794E-03 1.7422022E-04 5.1769701E-03 5.4602990E-02 2.6959446E-02 1.0050970E-04 1.6706732E+00 1.9149217E+01 -4.8831109E-02
2.6764000E+02 2.7427000E+02 8.6700000E+00 1.2400000E+02 9 5.5164665E+01 1.6607214E-01 3.7391914E-01 -4.4970615E-03 1.0722749E-02 1.1355587E-02 1.0841771E-02 9.2049280E-04 5.6982192E-04 5.9483274E-03 1.7278103E-04 5.9994309E-03 5.4788406E-02 3.2019602E-02 1.1921002E-04 1.7799224E+00 1.9038943E+01 -3.9289062E-02
2.6764000E+02 2.7427000E+02 8.6700000E+00 1.2500000E+02 9 5.5162840E+01 1.6905641E-01 3.8092321E-01 -4.5317704E-03 1.1206753E-02 1.1809501E-02 1.1297790E-02 9.1672051E-04 5.7666940E-04 6.1893519E-03 1.7207295E-04 6.2338747E-03 5.4873803E-02 3.3465196E-02 1.2561200E-04 1.8158122E+00 1.9002746E+01 -3.6547945E-02
2.6764000E+02 2.7427000E+02 8.6700000E+00 1.3000000E+02 9 5.5168163E+01 1.5597521E-01 3.5121748E-01 -4.6501057E-03 8.9319908E-03 9.8739818E-03 9.3711132E-03 9.0088057E-04 4.6259188E-04 5.0339718E-03 1.6909971E-04 5.1075207E-03 5.5141136E-02 2.6671701E-02 1.0338588E-04 1.6590557E+00 1.9163626E+01 -5.0151625E-02
2.6764000E+02 2.7427000E+02 8.6700000E+00 1.3100000E+02 9 5.5161084E+01 1.6974674E-01 3.8285726E-01 -4.6718759E-03 1.1244009E-02 1.1842630E-02 1.1341408E-02 8.9793065E-04 5.9912988E-04 6.1972084E-03 1.6854600E-04 6.2363909E-03 5.5212169E-02 3.3576264E-02 1.2599755E-04 1.8135882E+00 1.9007029E+01 -3.6843223E-02
2.6764000E+02 2.7427000E+02 8.6700000E+00 1.3200000E+02 9 5.5160917E+01 1.6967290E-01 3.8266071E-01 -4.6919859E-03 1.1213800E-02 1.1819873E-02 1.1320235E-02 8.9509192E-04 5.8495130E-04 6.1806444E-03 1.6801316E-04 6.2188273E-03 5.5264088E-02 3.3485816E-02 1.2786242E-04 1.8099468E+00 1.9010652E+01 -3.7104465E-02
2.6764000E+02 2.7427000E+02 8.6700000E+00 1.3700000E+02 9 5.5159444E+01 1.5814533E-01 3.5779363E-01 -6.0005782E-03 8.9422466E-03 9.8935509E-03 9.4011330E-03 8.8215822E-04 4.6765821E-04 5.0283143E-03 1.6558544E-04 5.0967652E-03 5.6889812E-02 2.6702007E-02 1.0482862E-04 1.6456642E+00 1.9159089E+01 -5.2225312E-02
2.6764000E+02 2.7427000E+02 8.6700000E+00 1.4200000E+02 9 5.5149285E+01 1.6177984E-01 3.6747015E-01 -7.5411539E-03 9.1580895E-03 1.0011240E-02 9.5255591E-03 8.7008844E-04 4.9854061E-04 5.1313858E-03 1.6331988E-04 5.1906836E-03 5.8789241E-02 2.7345917E-02 1.0386385E-04 1.6424471E+00 1.9134857E+01 -5.3370668E-02
2.6764000E+02 2.7427000E+02 8.6700000E+00 1.4700000E+02 9 5.5140337E+01 1.6522211E-01 3.7638869E-01 -8.8777202E-03 9.3855112E-03 1.0137020E-02 9.6577305E-03 8.5863905E-04 5.2036567E-04 5.2408323E-03 1.6117077E-04 5.2905639E-03 6.0435925E-02 2.8024327E-02 1.0131580E-04 1.6414760E+00 1.9104848E+01 -5.4161480E-02
2.6764000E+02 2.7427000E+02 8.6700000E+00 1.5200000E+02 9 5.5133330E+01 1.6800103E-01 3.8353087E-01 -9.9127457E-03 9.5759442E-03 1.0248277E-02 9.7751069E-03 8.4767552E-04 5.3449401E-04 5.3316062E-03 1.5911286E-04 5.3731341E-03 6.1718256E-02 2.8592411E-02 9.7052298E-05 1.6412836E+00 1.9073910E+01 -5.4709797E-02
2.6764000E+02 2.7427000E+02 8.6700000E+00 1.5700000E+02 9 5.5128118E+01 1.7010824E-01 3.8893432E-01 -1.0673115E-02 9.7230163E-03 1.0340086E-02 9.8728008E-03 8.3713420E-04 5.4340800E-04 5.4003966E-03 1.5713421E-04 5.4352992E-03 6.2670695E-02 2.9031163E-02 9.1863129E-05 1.6413552E+00 1.9044763E+01 -5.5089352E-02
2.6764000E+02 2.7427000E+02 8.6700000E+00 1.6200000E+02 9 5.5124320E+01 1.7167079E-01 3.9293958E-01 -1.1218671E-02 9.8333584E-03 1.0414065E-02 9.9524428E-03 8.2698868E-04 5.4896547E-04 5.4505879E-03 1.5522984E-04 5.4802098E-03 6.3365654E-02 2.9360360E-02 8.6505959E-05 1.6415041E+00 1.9019004E+01 -5.5352706E-02
2.6764000E+02 2.7427000E+02 8.6700000E+00 1.6700000E+02 9 5.5121555E+01 1.7282978E-01 3.9591091E-01 -1.1607949E-02 9.9159463E-03 1.0473673E-02 1.0017499E-02 8.1722810E-04 5.5241559E-04 5.4867775E-03 1.5339773E-04 5.5121497E-03 6.3873277E-02 2.9606771E-02 8.1487889E-05 1.6416640E+00 1.8997364E+01 -5.5537197E-02
2.6764000E+02 2.7427000E+02 8.6700000E+00 1.6800000E+02 9 5.5114054E+01 1.8706649E-01 4.2824506E-01 -1.1680012E-02 1.2279655E-02 1.2423699E-02 1.1968606E-02 8.1529131E-04 6.9703666E-04 6.6784338E-03 1.5303419E-04 6.6650925E-03 6.3975041E-02 3.6665147E-02 9.3436292E-05 1.7833165E+00 1.8845299E+01 -4.2073398E-02
2.6764000E+02 2.7427000E+02 8.6700000E+00 1.6900000E+02 9 5.5113732E+01 1.8695367E-01 4.2797044E-01 -1.1746723E-02 1.2234820E-02 1.2391636E-02 1.1937616E-02 8.1336980E-04 6.7388714E-04 6.6549895E-03 1.5267351E-04 6.6411864E-03 6.4063832E-02 3.6531038E-02 9.3028753E-05 1.7786503E+00 1.8845036E+01 -4.2453803E-02
2.6764000E+02 2.7427000E+02 8.6700000E+00 1.7400000E+02 9 5.5127675E+01 1.6524986E-01 3.9007543E-01 -1.6376142E-02 9.7678443E-03 1.0397053E-02 9.9481857E-03 8.0413803E-04 5.2603658E-04 5.4038750E-03 1.5094066E-04 5.4294652E-03 6.2932608E-02 2.9164461E-02 7.4533751E-05 1.7009340E+00 1.8914059E+01 -4.9621781E-02
2.6764000E+02 2.7427000E+02 8.6700000E+00 1.7500000E+02 9 5.5123136E+01 1.7594194E-01 4.1790922E-01 -1.7441843E-02 1.1880183E-02 1.2331444E-02 1.1883599E-02 8.0230665E-04 6.2005003E-04 6.4640857E-03 1.5059690E-04 6.4653855E-03 6.2662794E-02 3.5474232E-02 8.4597270E-05 1.8699101E+00 1.8735526E+01 -3.5503816E-02
2.6764000E+02 2.7427000E+02 8.6700000E+00 1.7600000E+02 9 5.5125373E+01 1.7326703E-01 4.1498368E-01 -1.8597827E-02 1.1747100E-02 1.2291765E-02 1.1844934E-02 8.0049021E-04 5.9441679E-04 6.3944859E-03 1.5025595E-04 6.4005302E-03 6.2352528E-02 3.5077369E-02 8.3852355E-05 1.8862520E+00 1.8715620E+01 -3.4354994E-02
2.6764000E+02 2.7427000E+02 8.6700000E+00 1.8100000E+02 9 5.5070698E+01 1.7060204E-01 4.2753960E-01 -2.9285244E-02 9.2491821E-03 1.0308980E-02 9.8670151E-03 7.9177217E-04 4.6014800E-04 5.1268061E-03 1.4861953E-04 5.1757269E-03 7.3906131E-02 2.7619104E-02 6.6825061E-05 1.6367354E+00 1.8962659E+01 -6.1123692E-02
2.6764000E+02 2.7427000E+02 8.6700000E+00 1.8600000E+02 9 5.4991683E+01 1.9036171E-01 4.8826390E-01 -3.9956179E-02 9.4672458E-03 1.0366837E-02 9.9295417E-03 7.8340685E-04 5.1732909E-04 5.2349195E-03 1.4704932E-04 5.2716741E-03 8.8424489E-02 2.8268911E-02 6.4653348E-05 1.5493447E+00 1.9042595E+01 -7.8698194E-02
2.6764000E+02 2.7427000E+02 8.6700000E+00 1.9100000E+02 9 5.4920547E+01 2.1112237E-01 5.4619963E-01 -4.8709521E-02 1.0016356E-02 1.0446001E-02 1.0013186E-02 7.7538109E-04 6.0473761E-04 5.5168827E-03 1.4554284E-04 5.5214641E-03 1.0124768E-01 2.9904191E-02 6.4970033E-05 1.4925228E+00 1.9093153E+01 -9.3408048E-02
2.6764000E+02 2.7427000E+02 8.6700000E+00 1.9600000E+02 9 5.4864283E+01 2.2913571E-01 5.9392469E-01 -5.5314603E-02 1.0655866E-02 1.0522154E-02 1.0093638E-02 7.6768077E-04 6.8720934E-04 5.8467420E-03 1.4409746E-04 5.8130614E-03 1.1124636E-01 3.1808358E-02 6.6193149E-05 1.4578070E+00 1.9122776E+01 -1.0422966E-01
2.6764000E+02 2.7427000E+02 8.6700000E+00 2.0100000E+02 9 5.4822377E+01 2.4346269E-01 6.3063303E-01 -6.0106427E-02 1.1256481E-02 1.0588583E-02 1.0164191E-02 7.6029132E-04 7.5432961E-04 6.1567001E-03 1.4271042E-04 6.0864896E-03 1.1860817E-01 3.3596612E-02 6.7537820E-05 1.4368953E+00 1.9139591E+01 -1.1173190E-01
2.6764000E+02 2.7427000E+02 8.6700000E+00 2.0600000E+02 9 5.4792038E+01 2.5436606E-01 6.5794589E-01 -6.3528560E-02 1.1768502E-02 1.0645284E-02 1.0224851E-02 7.5319820E-04 8.0656299E-04 6.4206161E-03 1.4137901E-04 6.3187974E-03 1.2388792E-01 3.5121110E-02 6.8687895E-05 1.4243767E+00 1.9148813E+01 -1.1678282E-01
2.6764000E+02 2.7427000E+02 8.6700000E+00 2.1100000E+02 9 5.4770266E+01 2.6250540E-01 6.7802579E-01 -6.5972078E-02 1.2184809E-02 1.0694290E-02 1.0277659E-02 7.4638715E-04 8.4667125E-04 6.6346438E-03 1.4010054E-04 6.5068021E-03 1.2764714E-01 3.6360715E-02 6.9566339E-05 1.4169169E+00 1.9153610E+01 -1.2014549E-01
2.6764000E+02 2.7427000E+02 8.6700000E+00 2.1600000E+02 9 5.4754569E+01 2.6856477E-01 6.9282540E-01 -6.7735789E-02 1.2516510E-02 1.0737796E-02 1.0324817E-02 7.3984437E-04 8.7741591E-04 6.8044840E-03 1.3887243E-04 6.6557681E-03 1.3034011E-01 3.7348503E-02 7.0197066E-05 1.4124929E+00 1.9155866E+01 -1.2238777E-01
2.6764000E+02 2.7427000E+02 8.6700000E+00 2.2100000E+02 9 5.4743091E+01 2.7311405E-01 7.0387074E-01 -6.9032242E-02 1.2779814E-02 1.0777561E-02 1.0368092E-02 7.3355663E-04 9.0109942E-04 6.9385571E-03 1.3769219E-04 6.7732753E-03 1.3229937E-01 3.8132723E-02 7.0633756E-05 1.4098886E+00 1.9156693E+01 -1.2389941E-01
2.6764000E+02 2.7427000E+02 8.6700000E+00 2.2600000E+02 9 5.4734526E+01 2.7658264E-01 7.1227022E-01 -7.0006944E-02 1.2990107E-02 1.0814838E-02 1.0408744E-02 7.2751134E-04 9.1950930E-04 7.0449008E-03 1.3655746E-04 6.8664671E-03 1.3375573E-01 3.8759156E-02 7.0929119E-05 1.4083777E+00 1.9156734E+01 -1.2493649E-01
2.6764000E+02 2.7427000E+02 8.6700000E+00 2.3100000E+02 9 5.4727986E+01 2.7927738E-01 7.1879791E-01 -7.0757716E-02 1.3159950E-02 1.0850458E-02 1.0447610E-02 7.2169652E-04 9.3396322E-04 7.1301086E-03 1.3546599E-04 6.9411417E-03 1.3486507E-01 3.9265184E-02 7.1125091E-05 1.4075258E+00 1.9156362E+01 -1.2566370E-01
2.6764000E+02 2.7427000E+02 8.6700000E+00 2.3600000E+02 9 5.4722873E+01 2.8141247E-01 7.2398513E-01 -7.1350054E-02 1.3298926E-02 1.0884945E-02 1.0485220E-02 7.1610086E-04 9.4543710E-04 7.1992287E-03 1.3441565E-04 7.0016973E-03 1.3573153E-01 3.9679311E-02 7.1252156E-05 1.4070730E+00 1.9155788E+01 -1.2618619E-01
2.6764000E+02 2.7427000E+02 8.6700000E+00 2.4100000E+02 9 5.4718782E+01 2.8313638E-01 7.2819556E-01 -7.1828074E-02 1.3414135E-02 1.0918608E-02 1.0521890E-02 7.1071364E-04 9.5465067E-04 7.2560137E-03 1.3340444E-04 7.0513816E-03 1.3642477E-01 4.0022670E-02 7.1331621E-05 1.4068623E+00 1.9155132E+01 -1.2657126E-01
2.6764000E+02 2.7427000E+02 8.6700000E+00 2.4600000E+02 9 5.4715440E+01 2.8455255E-01 7.3168007E-01 -7.2221882E-02 1.3510816E-02 1.0951607E-02 1.0557785E-02 7.0552475E-04 9.6213525E-04 7.3032305E-03 1.3243046E-04 7.0925875E-03 1.3699190E-01 4.0310849E-02 7.1378209E-05 1.4067984E+00 1.9154461E+01 -1.2686241E-01
2.6764000E+02 2.7427000E+02 8.6700000E+00 2.5100000E+02 9 5.4712658E+01 2.8573416E-01 7.3461431E-01 -7.2552380E-02 1.3592865E-02 1.0984001E-02 1.0592970E-02 7.0052464E-04 9.6828218E-04 7.3429315E-03 1.3149192E-04 7.1270979E-03 1.3746523E-01 4.0555439E-02 7.1402139E-05 1.4068227E+00 1.9153812E+01 -1.2708811E-01
2.6764000E+02 2.7427000E+02 8.6700000E+00 2.5600000E+02 9 5.4710303E+01 2.8673392E-01 7.3712360E-01 -7.2834363E-02 1.3663218E-02 1.1015784E-02 1.0627444E-02 6.9570428E-04 9.7338332E-04 7.3766570E-03 1.3058712E-04 7.1562622E-03 1.3786737E-01 4.0765182E-02 7.1410575E-05 1.4068990E+00 1.9153203E+01 -1.2726734E-01
2.6764000E+02 2.7427000E+02 8.6700000E+00 2.6100000E+02 9 5.4708278E+01 2.8759056E-01 7.3929905E-01 -7.3078502E-02 1.3724123E-02 1.1046909E-02 1.0661164E-02 6.9105517E-04 9.7766312E-04 7.4055793E-03 1.2971445E-04 7.1811183E-03 1.3821445E-01 4.0946771E-02 7.1408592E-05 1.4070047E+00 1.9152641E+01 -1.2741298E-01
2.6764000E+02 2.7427000E+02 8.6700000E+00 2.6400000E+02 9 5.4702475E+01 2.9747328E-01 7.5983179E-01 -7.3213250E-02 1.5232504E-02 1.1955168E-02 1.1570947E-02 6.8832557E-04 1.1124871E-03 8.1755605E-03 1.2920210E-04 7.9030168E-03 1.3840830E-01 4.5446618E-02 7.8235437E-05 1.4441420E+00 1.9110266E+01 -1.1957910E-01
2.6764000E+02 2.7427000E+02 8.6700000E+00 2.6500000E+02 9 5.4697421E+01 3.0704342E-01 7.7968305E-01 -7.3256927E-02 1.6721594E-02 1.2880988E-02 1.2497271E-02 6.8742229E-04 1.2528486E-03 8.9355763E-03 1.2903255E-04 8.6186200E-03 1.3847271E-01 4.9889497E-02 8.4705438E-05 1.4840355E+00 1.9065354E+01 -1.1160958E-01
2.6764000E+02 2.7427000E+02 8.6700000E+00 2.7000000E+02 9 5.4704833E+01 2.9008795E-01 7.4517002E-01 -7.3417454E-02 1.4021720E-02 1.1261310E-02 1.0879244E-02 6.8446397E-04 9.7913126E-04 7.5541468E-03 1.2847725E-04 7.3183530E-03 1.3869379E-01 4.1834584E-02 7.3139365E-05 1.4124956E+00 1.9145015E+01 -1.2640227E-01
2.6764000E+02 2.7427000E+02 8.6700000E+00 2.7500000E+02 9 5.4702219E+01 2.9355776E-01 7.5267630E-01 -7.3554929E-02 1.4531410E-02 1.1590539E-02 1.1209689E-02 6.8228555E-04 1.0329978E-03 7.8133583E-03 1.2806835E-04 7.5615636E-03 1.3888525E-01 4.3355270E-02 7.4868251E-05 1.4247262E+00 1.9131299E+01 -1.2386585E-01
2.6764000E+02 2.7427000E+02 8.6700000E+00 2.8000000E+02 9 5.4699986E+01 2.9635488E-01 7.5883019E-01 -7.3685430E-02 1.4937627E-02 1.1875928E-02 1.1496573E-02 6.7960703E-04 1.0651921E-03 8.0188968E-03 1.2756558E-04 7.7552414E-03 1.3906843E-01 4.4567483E-02 7.6580685E-05 1.4345964E+00 1.9119815E+01 -1.2184843E-01
2.6764000E+02 2.7427000E+02 8.6700000E+00 2.8500000E+02 9 5.4698181E+01 2.9841240E-01 7.6354014E-01 -7.3807078E-02 1.5235158E-02 1.2112107E-02 1.1734297E-02 6.7684129E-04 1.0840734E-03 8.1683905E-03 1.2704644E-04 7.8971479E-03 1.3923938E-01 4.5455624E-02 7.7858197E-05 1.4419703E+00 1.9111110E+01 -1.2036848E-01
2.6764000E+02 2.7427000E+02 8.6700000E+00 2.8900000E+02 9 5.4694771E+01 3.0407944E-01 7.7568182E-01 -7.3898653E-02 1.6111100E-02 1.2708253E-02 1.2331663E-02 6.7465494E-04 1.1544035E-03 8.6136647E-03 1.2663605E-04 8.3177519E-03 1.3936927E-01 4.8069496E-02 8.1811751E-05 1.4649473E+00 1.9084753E+01 -1.1570790E-01
2.6764000E+02 2.7427000E+02 8.6700000E+00 2.9000000E+02 9 5.4687546E+01 3.1828680E-01 8.0545093E-01 -7.3921191E-02 1.8354362E-02 1.4157070E-02 1.3780783E-02 6.7411077E-04 1.3740650E-03 9.7575737E-03 1.2653391E-04 9.3984045E-03 1.3940433E-01 5.4763417E-02 9.1046940E-05 1.5290598E+00 1.9013148E+01 -1.0349939E-01
2.6764000E+02 2.7427000E+02 8.6700000E+00 2.9500000E+02 9 5.4746232E+01 2.8710727E-01 7.2987584E-01 -6.7902765E-02 1.5369240E-02 1.2347670E-02 1.1972866E-02 6.7145562E-04 1.0642810E-03 8.2309295E-03 1.2603552E-04 7.9605654E-03 1.3030404E-01 4.5856826E-02 7.8725480E-05 1.4881694E+00 1.9063013E+01 -1.0712581E-01
2.6764000E+02 2.7427000E+02 8.6700000E+00 3.0000000E+02 9 5.4811248E+01 2.7008057E-01 6.8113639E-01 -6.0013265E-02 1.5259070E-02 1.2467455E-02 1.2094102E-02 6.6885431E-04 1.0580003E-03 8.1676012E-03 1.2554724E-04 7.9122896E-03 1.1838481E-01 4.5530794E-02 7.7791450E-05 1.5509996E+00 1.8999709E+01 -9.1056176E-02
2.6764000E+02 2.7427000E+02 8.6700000E+00 3.0100000E+02 9 5.4816683E+01 2.8242271E-01 7.0566428E-01 -5.8395973E-02 1.7814900E-02 1.4385890E-02 1.4012827E-02 6.6833610E-04 1.2952561E-03 9.4629613E-03 1.2544997E-04 9.1535752E-03 1.1594624E-01 5.3161378E-02 8.8476941E-05 1.6651651E+00 1.8875947E+01 -7.3265805E-02
2.6764000E+02 2.7427000E+02 8.6700000E+00 3.0200000E+02 9 5.4830465E+01 2.7815361E-01 6.9413566E-01 -5.6769385E-02 1.7672960E-02 1.4380821E-02 1.4008046E-02 6.6781982E-04 1.2512210E-03 9.3879667E-03 1.2535306E-04 9.0875593E-03 1.1348961E-01 5.2738874E-02 8.8863868E-05 1.6790273E+00 1.8860888E+01 -7.0547131E-02
2.6764000E+02 2.7427000E+02 8.6700000E+00 3.0300000E+02 9 5.4844744E+01 2.7338671E-01 6.8170785E-01 -5.5106799E-02 1.7476107E-02 1.4361860E-02 1.3989042E-02 6.6789765E-04 1.2136342E-03 9.2847971E-03 1.2536767E-04 8.9961594E-03 1.1097862E-01 5.2152663E-02 8.8266556E-05 1.6921119E+00 1.8847695E+01 -6.8001187E-02
2.6764000E+02 2.7427000E+02 8.6700000E+00 3.0800000E+02 9 5.4911695E+01 2.3868783E-01 5.9734980E-01 -4.8178136E-02 1.4236409E-02 1.2377623E-02 1.2011461E-02 6.5597347E-04 9.2783967E-04 7.6207599E-03 1.2312945E-04 7.4302123E-03 1.0052725E-01 4.2486657E-02 7.3212547E-05 1.6385459E+00 1.8912803E+01 -7.1191893E-02
2.6764000E+02 2.7427000E+02 8.6700000E+00 3.1300000E+02 9 5.4957739E+01 2.2359743E-01 5.5808972E-01 -4.2806969E-02 1.3659592E-02 1.2349307E-02 1.1992244E-02 6.3967140E-04 8.6199200E-04 7.3053080E-03 1.2006947E-04 7.1528231E-03 9.2440797E-02 4.0770176E-02 7.0020476E-05 1.6835184E+00 1.8868784E+01 -6.2670590E-02
2.6764000E+02 2.7427000E+02 8.6700000E+00 3.1800000E+02 9 5.4992338E+01 2.1181843E-01 5.2798000E-01 -3.8804849E-02 1.3152127E-02 1.2344084E-02 1.1996693E-02 6.2234429E-04 7.8346446E-04 7.0258524E-03 1.1681708E-04 6.9064871E-03 8.6423864E-02 3.9260041E-02 6.7721532E-05 1.7181796E+00 1.8834291E+01 -5.6655612E-02
2.6764000E+02 2.7427000E+02 8.6700000E+00 3.2300000E+02 9 5.5017873E+01 2.0268323E-01 5.0516723E-01 -3.5884774E-02 1.2707671E-02 1.2347030E-02 1.2008949E-02 6.0566613E-04 7.1251201E-04 6.7806231E-03 1.1368651E-04 6.6889672E-03 8.2039492E-02 3.7937167E-02 6.5863095E-05 1.7428651E+00 1.8809552E+01 -5.2580835E-02
2.6764000E+02 2.7427000E+02 8.6700000E+00 3.2800000E+02 9 5.5036599E+01 1.9562619E-01 4.8796834E-01 -3.3770679E-02 1.2326664E-02 1.2351519E-02 1.2021944E-02 5.9042713E-04 6.5551071E-04 6.5705428E-03 1.1082608E-04 6.5008904E-03 7.8869214E-02 3.6802863E-02 6.4314550E-05 1.7594696E+00 1.8792841E+01 -4.9879517E-02
2.6764000E+02 2.7427000E+02 8.6700000E+00 3.2900000E+02 9 5.5034100E+01 2.0630940E-01 5.1281757E-01 -3.3377935E-02 1.4297345E-02 1.4234292E-02 1.3906384E-02 5.8744195E-04 7.1920669E-04 7.5585801E-03 1.1026574E-04 7.4670099E-03 7.8285400E-02 4.2690285E-02 7.3116005E-05 1.9056171E+00 1.8637606E+01 -3.7281455E-02
2.6764000E+02 2.7427000E+02 8.6700000E+00 3.3000000E+02 9 5.5037499E+01 2.0476045E-01 5.0917095E-01 -3.3013171E-02 1.4180199E-02 1.4202779E-02 1.3876500E-02 5.8452328E-04 7.0370809E-04 7.4964255E-03 1.0971790E-04 7.4089298E-03 7.7739324E-02 4.2340909E-02 7.3419057E-05 1.9061134E+00 1.8636098E+01 -3.7094713E-02
2.6764000E+02 2.7427000E+02 8.6700000E+00 3.3500000E+02 9 5.5029009E+01 1.9640889E-01 4.8766675E-01 -3.2202117E-02 1.1707343E-02 1.2236950E-02 1.1917852E-02 5.7165806E-04 5.8530116E-04 6.2376210E-03 1.0730303E-04 6.1940556E-03 8.0692821E-02 3.4957012E-02 6.2130038E-05 1.6841745E+00 1.8868311E+01 -5.7940218E-02
2.6764000E+02 2.7427000E+02 8.6700000E+00 3.4000000E+02 9 5.5002469E+01 2.0673352E-01 5.0768384E-01 -3.1885309E-02 1.1754470E-02 1.2228616E-02 1.1915815E-02 5.6037646E-04 6.1868126E-04 6.2568140E-03 1.0518542E-04 6.2052589E-03 8.5563581E-02 3.5096779E-02 6.1883710E-05 1.6129285E+00 1.8940235E+01 -6.7909179E-02
2.6764000E+02 2.7427000E+02 8.6700000E+00 3.4500000E+02 9 5.4975560E+01 2.1865328E-01 5.3055231E-01 -3.1763587E-02 1.2077244E-02 1.2243057E-02 1.1935794E-02 5.5045657E-04 6.8510844E-04 6.4213375E-03 1.0332341E-04 6.3455819E-03 9.0315954E-02 3.6057249E-02 6.3115911E-05 1.5629251E+00 1.8990292E+01 -7.6260286E-02
2.6764000E+02 2.7427000E+02 8.6700000E+00 3.5000000E+02 9 5.4952632E+01 2.2970634E-01 5.5144031E-01 -3.1704817E-02 1.2503716E-02 1.2262545E-02 1.1960187E-02 5.4166981E-04 7.5322416E-04 6.6408181E-03 1.0167409E-04 6.5350468E-03 9.4261174E-02 3.7326417E-02 6.4872892E-05 1.5301449E+00 1.9022954E+01 -8.2488918E-02
2.6764000E+02 2.7427000E+02 8.6700000E+00 3.5500000E+02 9 5.4934622E+01 2.3897802E-01 5.6870743E-01 -3.1656888E-02 1.2931579E-02 1.2280269E-02 1.1982297E-02 5.3381251E-04 8.1291267E-04 6.8614126E-03 1.0019923E-04 6.7260964E-03 9.7296815E-02 3.8599749E-02 6.6650015E-05 1.5091581E+00 1.9043801E+01 -8.6872485E-02
2.6764000E+02 2.7427000E+02 8.6700000E+00 3.6000000E+02 9 5.4921084E+01 2.4634604E-01 5.8223768E-01 -3.1603311E-02 1.3312713E-02 1.2294237E-02 1.2000226E-02 5.2671585E-04 8.6080395E-04 7.0578115E-03 9.8867155E-05 6.8962652E-03 9.9538634E-02 3.9734052E-02 6.8218542E-05 1.4958284E+00 1.9057014E+01 -8.9861137E-02
2.6764000E+02 2.7427000E+02 8.6700000E+00 3.6500000E+02 9 5.4911144E+01 2.5203266E-01 5.9253835E-01 -3.1542179E-02 1.3631893E-02 1.2304483E-02 1.2014084E-02 5.2024509E-04 8.9748306E-04 7.2220467E-03 9.7652562E-05 7.0382934E-03 1.0115907E-01 4.0684025E-02 6.9509133E-05 1.4873684E+00 1.9065391E+01 -9.1865924E-02
2.6764000E+02 2.7427000E+02 8.6700000E+00 3.7000000E+02 9 5.4903914E+01 2.5636485E-01 6.0028144E-01 -3.1476425E-02 1.3890728E-02 1.2311752E-02 1.2024674E-02 5.1429485E-04 9.2514668E-04 7.3550038E-03 9.6535673E-05 7.1527375E-03 1.0232101E-01 4.1454460E-02 7.0531395E-05 1.4819784E+00 1.9070725E+01 -9.3203544E-02
2.6764000E+02 2.7427000E+02 8.6700000E+00 3.7500000E+02 9 5.4898651E+01 2.5965963E-01 6.0609451E-01 -3.1409665E-02 1.4097632E-02 1.2316902E-02 1.2032901E-02 5.0878327E-04 9.4599610E-04 7.4611026E-03 9.5501123E-05 7.2433693E-03 1.0315594E-01 4.2070384E-02 7.1325674E-05 1.4785149E+00 1.9074154E+01 -9.4099046E-02
2.6764000E+02 2.7427000E+02 8.6700000E+00 3.8000000E+02 9 5.4894787E+01 2.6218098E-01 6.1048832E-01 -3.1344727E-02 1.4262503E-02 1.2320670E-02 1.2039536E-02 5.0364671E-04 9.6182396E-04 7.5454992E-03 9.4536965E-05 7.3147143E-03 1.0376178E-01 4.2561239E-02 7.1938262E-05 1.4762592E+00 1.9076389E+01 -9.4705005E-02
2.6764000E+02 2.7427000E+02 8.6700000E+00 3.8500000E+02 9 5.4891912E+01 2.6413228E-01 6.1384979E-01 -3.1283383E-02 1.4394378E-02 1.2323605E-02 1.2045156E-02 4.9883533E-04 9.7399149E-04 7.6128786E-03 9.3633845E-05 7.3709386E-03 1.0420810E-01 4.2953904E-02 7.2410764E-05 1.4747634E+00 1.9077874E+01 -9.5121939E-02
2.6764000E+02 2.7427000E+02 8.6700000E+00 3.9000000E+02 9 5.4889735E+01 2.6566367E-01 6.1646043E-01 -3.1226512E-02 1.4500667E-02 1.2326085E-02 1.2050163E-02 4.9430965E-04 9.8347216E-04 7.6670649E-03 9.2784353E-05 7.4154785E-03 1.0454307E-01 4.3270422E-02 7.2776893E-05 1.4737480E+00 1.9078886E+01 -9.5415092E-02
2.6764000E+02 2.7427000E+02 8.6700000E+00 3.9500000E+02 9 5.4888058E+01 2.6688357E-01 6.1852097E-01 -3.1174381E-02 1.4587143E-02 1.2328353E-02 1.2054816E-02 4.9003794E-04 9.9096066E-04 7.7110260E-03 9.1982532E-05 7.4510185E-03 1.0479959E-01 4.3527959E-02 7.3062595E-05 1.4730392E+00 1.9079594E+01 -9.5626531E-02
2.6764000E+02 2.7427000E+02 8.6700000E+00 4.0000000E+02 9 5.4886742E+01 2.6786973E-01 6.2017357E-01 -3.1126881E-02 1.4658194E-02 1.2330553E-02 1.2059273E-02 4.8599429E-04 9.9695650E-04 7.7470166E-03 9.1223519E-05 7.4796020E-03 1.0500006E-01 4.3739573E-02 7.3287341E-05 1.4725278E+00 1.9080109E+01 -9.5783384E-02
2.6764000E+02 2.7427000E+02 8.6700000E+00 4.0500000E+02 9 5.4885692E+01 2.6867808E-01 6.2151924E-01 -3.1083702E-02 1.4717134E-02 1.2332762E-02 1.2063623E-02 4.8215720E-04 1.0018163E-03 7.7767394E-03 9.0503277E-05 7.5027698E-03 1.0515984E-01 4.3915127E-02 7.3465598E-05 1.4721450E+00 1.9080497E+01 -9.5903254E-02
2.6764000E+02 2.7427000E+02 8.6700000E+00 4.1000000E+02 9 5.4884839E+01 2.6934924E-01 6.2263050E-01 -3.1044452E-02 1.4766480E-02 1.2335010E-02 1.2067909E-02 4.7850850E-04 1.0058031E-03 7.8014903E-03 8.9818398E-05 7.5216846E-03 1.0528956E-01 4.4062104E-02 7.3608119E-05 1.4718472E+00 1.9080801E+01 -9.5997655E-02
2.6764000E+02 2.7427000E+02 8.6700000E+00 4.1200000E+02 9 5.4877831E+01 2.8303222E-01 6.5107894E-01 -3.1029354E-02 1.6912247E-02 1.3691800E-02 1.3425497E-02 4.7707807E-04 1.2020261E-03 8.8975111E-03 8.9549900E-05 8.5521233E-03 1.0534090E-01 5.0464829E-02 8.2927580E-05 1.5421040E+00 1.9003119E+01 -8.4502750E-02
2.6764000E+02 2.7427000E+02 8.6700000E+00 4.1700000E+02 9 5.4884441E+01 2.6899294E-01 6.2162945E-01 -3.0994965E-02 1.4647943E-02 1.2249201E-02 1.1984801E-02 4.7366899E-04 9.8113891E-04 7.7397000E-03 8.8909999E-05 7.4589527E-03 1.0543629E-01 4.3708185E-02 7.3358236E-05 1.4661389E+00 1.9086692E+01 -9.7021259E-02
2.6764000E+02 2.7427000E+02 8.6700000E+00 4.2200000E+02 9 5.4883873E+01 2.6948668E-01 6.2246941E-01 -3.0963551E-02 1.4690602E-02 1.2247872E-02 1.1985288E-02 4.7041411E-04 9.9594440E-04 7.7610412E-03 8.8299041E-05 7.4752005E-03 1.0551981E-01 4.3835211E-02 7.3128378E-05 1.4663062E+00 1.9086894E+01 -9.7037970E-02
2.6764000E+02 2.7427000E+02 8.6700000E+00 4.2700000E+02 9 5.4883276E+01 2.7014082E-01 6.2360100E-01 -3.0934774E-02 1.4758989E-02 1.2262563E-02 1.2001717E-02 4.6730210E-04 1.0057406E-03 7.7957042E-03 8.7714903E-05 7.5038333E-03 1.0559155E-01 4.4038975E-02 7.3308733E-05 1.4672800E+00 1.9085890E+01 -9.6896266E-02
2.6764000E+02 2.7427000E+02 8.6700000E+00 4.2900000E+02 9 5.4876317E+01 2.8390285E-01 6.5217560E-01 -3.0923664E-02 1.6921962E-02 1.3620976E-02 1.3360812E-02 4.6607947E-04 1.2052993E-03 8.9010596E-03 8.7485409E-05 8.5422336E-03 1.0562223E-01 5.0492911E-02 8.2708637E-05 1.5376557E+00 1.9008060E+01 -8.5279069E-02
2.6764000E+02 2.7427000E+02 8.6700000E+00 4.3000000E+02 9 5.4874183E+01 2.8808702E-01 6.6087134E-01 -3.0918207E-02 1.7574051E-02 1.4053333E-02 1.3793507E-02 4.6547362E-04 1.2521988E-03 9.2337157E-03 8.7371687E-05 8.8556547E-03 1.0563667E-01 5.2438865E-02 8.5889267E-05 1.5606869E+00 1.8982225E+01 -8.1755159E-02
2.6764000E+02 2.7427000E+02 8.6700000E+00 4.3500000E+02 9 5.4881587E+01 2.7276024E-01 6.2896388E-01 -3.0903894E-02 1.5134070E-02 1.2509607E-02 1.2252297E-02 4.6096632E-04 1.0184659E-03 7.9847988E-03 8.6525646E-05 7.6777274E-03 1.0569805E-01 4.5157918E-02 7.5288221E-05 1.4775143E+00 1.9074083E+01 -9.5113024E-02
2.6764000E+02 2.7427000E+02 8.6700000E+00 4.3600000E+02 9 5.4872245E+01 2.9141739E-01 6.6809565E-01 -3.0901015E-02 1.8090336E-02 1.4427149E-02 1.4170299E-02 4.6014182E-04 1.3169339E-03 9.4936086E-03 8.6370883E-05 9.1006613E-03 1.0571460E-01 5.3980000E-02 8.6799912E-05 1.5796718E+00 1.8962819E+01 -7.9022609E-02
2.6764000E+02 2.7427000E+02 8.6700000E+00 4.3700000E+02 9 5.4874036E+01 2.9161051E-01 6.6747804E-01 -3.0438028E-02 1.8156377E-02 1.4474763E-02 1.4218505E-02 4.5908186E-04 1.2991050E-03 9.5269585E-03 8.6171922E-05 9.1312678E-03 1.0533966E-01 5.4176945E-02 8.7822524E-05 1.5826337E+00 1.8958734E+01 -7.8382502E-02
2.6764000E+02 2.7427000E+02 8.6700000E+00 4.3800000E+02 9 5.4878709E+01 2.9118122E-01 6.6444532E-01 -2.9362401E-02 1.8195533E-02 1.4509219E-02 1.4253680E-02 4.5779333E-04 1.2861692E-03 9.5462216E-03 8.5930059E-05 9.1490186E-03 1.0444755E-01 5.4293767E-02 8.8419204E-05 1.5861767E+00 1.8954498E+01 -7.7442786E-02
2.6764000E+02 2.7427000E+02 8.6700000E+00 4.4300000E+02 9 5.4941241E+01 2.6671440E-01 5.8995211E-01 -1.7323440E-02 1.5615495E-02 1.2849283E-02 1.2596770E-02 4.5237270E-04 1.0375992E-03 8.2251191E-03 8.4912581E-05 7.9029908E-03 9.4336743E-02 4.6594770E-02 7.7827118E-05 1.5148782E+00 1.9034074E+01 -8.3118045E-02
2.6764000E+02 2.7427000E+02 8.6700000E+00 4.4400000E+02 9 5.4944377E+01 2.8224026E-01 6.1795038E-01 -1.4724791E-02 1.8380564E-02 1.4734865E-02 1.4482873E-02 4.5144086E-04 1.2935607E-03 9.6334909E-03 8.4737670E-05 9.2372096E-03 9.2156870E-02 5.4847650E-02 8.8799805E-05 1.6310101E+00 1.8908637E+01 -6.6091325E-02
2.6764000E+02 2.7427000E+02 8.6700000E+00 4.4500000E+02 9 5.4956676E+01 2.8044614E-01 6.0887156E-01 -1.2001604E-02 1.8383628E-02 1.4759379E-02 1.4507797E-02 4.5070476E-04 1.2633815E-03 9.6342549E-03 8.4599500E-05 9.2385072E-03 8.9865879E-02 5.4856916E-02 8.9650981E-05 1.6384081E+00 1.8900033E+01 -6.4165713E-02
2.6764000E+02 2.7427000E+02 8.6700000E+00 4.5000000E+02 9 5.5018364E+01 2.5751799E-01 5.3782646E-01 -1.2180923E-05 1.6060786E-02 1.3284447E-02 1.3033834E-02 4.4897001E-04 1.0420550E-03 8.4464493E-03 8.4273879E-05 8.1194496E-03 7.9758473E-02 4.7925245E-02 8.0154673E-05 1.5684157E+00 1.8977445E+01 -6.8368475E-02
2.6764000E+02 2.7427000E+02 8.6700000E+00 4.5300000E+02 9 5.5044466E+01 2.6177285E-01 5.3453118E-01 6.7178370E-03 1.7498301E-02 1.4416360E-02 1.4166032E-02 4.4845816E-04 1.1127820E-03 9.1747580E-03 8.4177801E-05 8.8177527E-03 7.4086227E-02 5.2217429E-02 8.6245277E-05 1.6551331E+00 1.8884695E+01 -5.5528164E-02
2.6764000E+02 2.7427000E+02 8.6700000E+00 4.5400000E+02 9 5.5050641E+01 2.6781074E-01 5.4356128E-01 8.9081748E-03 1.8708989E-02 1.5401695E-02 1.5151458E-02 4.4829514E-04 1.1353632E-03 9.7875120E-03 8.4147203E-05 9.4070901E-03 7.2241660E-02 5.5832760E-02 9.1354314E-05 1.7316078E+00 1.8802984E+01 -4.7116169E-02
2.6764000E+02 2.7427000E+02 8.6700000E+00 4.5900000E+02 9 5.5107273E+01 2.4251831E-01 4.7048114E-01 1.9409738E-02 1.5856294E-02 1.3547328E-02 1.3297530E-02 4.4750882E-04 9.2315037E-04 8.3313418E-03 8.3999607E-05 8.0316645E-03 6.3384794E-02 4.7319094E-02 7.9473284E-05 1.6141579E+00 1.8930122E+01 -5.5247369E-02
2.6764000E+02 2.7427000E+02 8.6700000E+00 4.6400000E+02 9 5.5145990E+01 2.3461895E-01 4.3890911E-01 2.7710730E-02 1.5550645E-02 1.3559761E-02 1.3310338E-02 4.4683626E-04 8.5848775E-04 8.1701442E-03 8.3873363E-05 7.8897404E-03 5.6391620E-02 4.6409100E-02 7.7778929E-05 1.6269798E+00 1.8917718E+01 -5.0756358E-02
2.6764000E+02 2.7427000E+02 8.6700000E+00 4.6900000E+02 9 5.5175616E+01 2.2847174E-01 4.1471247E-01 3.4052378E-02 1.5306096E-02 1.3594457E-02 1.3345073E-02 4.4676772E-04 8.0185363E-04 8.0414473E-03 8.3860498E-05 7.7765755E-03 5.1050138E-02 4.5681021E-02 7.6653728E-05 1.6376923E+00 1.8906921E+01 -4.7332401E-02
2.6764000E+02 2.7427000E+02 8.6700000E+00 4.7400000E+02 9 5.5198127E+01 2.2360297E-01 3.9611517E-01 3.8850847E-02 1.5093329E-02 1.3633714E-02 1.3384278E-02 4.4685972E-04 7.5418410E-04 7.9297428E-03 8.3877768E-05 7.6780131E-03 4.7011607E-02 4.5047462E-02 7.5764949E-05 1.6454686E+00 1.8898920E+01 -4.4840408E-02
2.6764000E+02 2.7427000E+02 8.6700000E+00 4.7900000E+02 9 5.5215234E+01 2.1970737E-01 3.8174622E-01 4.2478560E-02 1.4903985E-02 1.3669223E-02 1.3419762E-02 4.4690571E-04 7.1515176E-04 7.8305948E-03 8.3886399E-05 7.5899162E-03 4.3962599E-02 4.4483499E-02 7.5004753E-05 1.6505249E+00 1.8893621E+01 -4.3071880E-02
2.6764000E+02 2.7427000E+02 8.6700000E+00 4.8100000E+02 9 5.5216152E+01 2.2864380E-01 3.9940419E-01 4.3764532E-02 1.6526671E-02 1.5028856E-02 1.4779393E-02 4.4690853E-04 7.4850028E-04 8.6523553E-03 8.3886929E-05 8.3795524E-03 4.2886282E-02 4.9328971E-02 8.2237092E-05 1.7740259E+00 1.8762628E+01 -3.2904847E-02
2.6764000E+02 2.7427000E+02 8.6700000E+00 4.8200000E+02 9 5.5217564E+01 2.3087436E-01 4.0360072E-01 4.4368902E-02 1.6976269E-02 1.5466790E-02 1.5217329E-02 4.4690527E-04 7.5125116E-04 8.8790117E-03 8.3886317E-05 8.5995402E-03 4.2380318E-02 5.0671866E-02 8.4568627E-05 1.8188151E+00 1.8714985E+01 -2.9801570E-02
2.6764000E+02 2.7427000E+02 8.6700000E+00 4.8700000E+02 9 5.5237067E+01 2.1209714E-01 3.5871089E-01 4.6803384E-02 1.4222740E-02 1.3446791E-02 1.3197536E-02 4.4653539E-04 6.5116873E-04 7.4802487E-03 8.3816888E-05 7.2642366E-03 4.0337543E-02 4.2451249E-02 7.2491126E-05 1.6301406E+00 1.8914696E+01 -4.3364028E-02
2.6764000E+02 2.7427000E+02 8.6700000E+00 4.9200000E+02 9 5.5246285E+01 2.0921221E-01 3.4933658E-01 4.8676853E-02 1.3980015E-02 1.3329729E-02 1.3080885E-02 4.4579903E-04 6.3478743E-04 7.3560705E-03 8.3678670E-05 7.1466135E-03 3.8775875E-02 4.1727000E-02 7.0913532E-05 1.6232531E+00 1.8922704E+01 -4.3329147E-02
2.6764000E+02 2.7427000E+02 8.6700000E+00 4.9700000E+02 9 5.5253227E+01 2.0738530E-01 3.4278853E-01 5.0133410E-02 1.3849056E-02 1.3256429E-02 1.3007991E-02 4.4507349E-04 6.2612721E-04 7.2898671E-03 8.3542483E-05 7.0817876E-03 3.7566158E-02 4.1336031E-02 7.0199215E-05 1.6207950E+00 1.8925528E+01 -4.3038856E-02
2.6764000E+02 2.7427000E+02 8.6700000E+00 5.0200000E+02 9 5.5258636E+01 2.0609120E-01 3.3786857E-01 5.1287670E-02 1.3765078E-02 1.3205763E-02 1.2957766E-02 4.4428236E-04 6.1889151E-04 7.2478226E-03 8.3393984E-05 7.0393028E-03 3.6611833E-02 4.1085228E-02 6.9816755E-05 1.6197739E+00 1.8926642E+01 -4.2723280E-02
2.6764000E+02 2.7427000E+02 8.6700000E+00 5.0500000E+02 9 5.5257976E+01 2.1240009E-01 3.5055859E-01 5.1891032E-02 1.4863208E-02 1.4045764E-02 1.3798048E-02 4.4377874E-04 6.5275412E-04 7.8063874E-03 8.3299452E-05 7.5700515E-03 3.6117156E-02 4.4363407E-02 7.4912955E-05 1.6951509E+00 1.8846310E+01 -3.6200018E-02
2.6764000E+02 2.7427000E+02 8.6700000E+00 5.0600000E+02 9 5.5255574E+01 2.1880206E-01 3.6439384E-01 5.2082910E-02 1.5933819E-02 1.4924168E-02 1.4676547E-02 4.4360760E-04 6.7192411E-04 8.3489476E-03 8.3267329E-05 8.0903702E-03 3.5961625E-02 4.7560258E-02 7.9650910E-05 1.7826111E+00 1.8754008E+01 -2.9993903E-02
2.6764000E+02 2.7427000E+02 8.6700000E+00 5.1100000E+02 9 5.5267505E+01 2.0166542E-01 3.2559427E-01 5.2909838E-02 1.3236966E-02 1.2874638E-02 1.2627496E-02 4.4275078E-04 5.8717620E-04 6.9799152E-03 8.3106499E-05 6.7807590E-03 3.5278782E-02 3.9508538E-02 6.7892314E-05 1.5945214E+00 1.8952917E+01 -4.4486025E-02
2.6764000E+02 2.7427000E+02 8.6700000E+00 5.1600000E+02 9 5.5270862E+01 2.0052972E-01 3.2162136E-01 5.3593472E-02 1.3115281E-02 1.2733770E-02 1.2487074E-02 4.4195213E-04 5.8968710E-04 6.9194502E-03 8.2956589E-05 6.7191191E-03 3.4720735E-02 3.9144898E-02 6.6865527E-05 1.5885817E+00 1.8959896E+01 -4.4819343E-02
2.6764000E+02 2.7427000E+02 8.6700000E+00 5.2100000E+02 9 5.5273430E+01 2.0002783E-01 3.1912577E-01 5.4162787E-02 1.3077164E-02 1.2643426E-02 1.2397063E-02 4.4135641E-04 5.9332864E-04 6.9018434E-03 8.2844768E-05 6.6977942E-03 3.4257465E-02 3.9030600E-02 6.6574555E-05 1.5868216E+00 1.8961986E+01 -4.4789797E-02
2.6764000E+02 2.7427000E+02 8.6700000E+00 5.2600000E+02 9 5.5275531E+01 1.9973884E-01 3.1726758E-01 5.4645433E-02 1.3063497E-02 1.2579463E-02 1.2333424E-02 4.4077410E-04 5.9414685E-04 6.8963313E-03 8.2735467E-05 6.6887059E-03 3.3866780E-02 3.8989376E-02 6.6506831E-05 1.5862603E+00 1.8962638E+01 -4.4670718E-02
2.6764000E+02 2.7427000E+02 8.6700000E+00 5.3100000E+02 9 5.5277322E+01 1.9951073E-01 3.1571871E-01 5.5060779E-02 1.3054270E-02 1.2529550E-02 1.2283866E-02 4.4013868E-04 5.9332421E-04 6.8926185E-03 8.2616195E-05 6.6822047E-03 3.3532756E-02 3.8961515E-02 6.6489580E-05 1.5859120E+00 1.8962999E+01 -4.4553565E-02
2.6764000E+02 2.7427000E+02 8.6700000E+00 5.3600000E+02 9 5.5278880E+01 1.9930093E-01 3.1435564E-01 5.5422770E-02 1.3044158E-02 1.2487389E-02 1.2242096E-02 4.3943722E-04 5.9163901E-04 6.8880723E-03 8.2484528E-05 6.6756064E-03 3.3243708E-02 3.8931094E-02 6.6469630E-05 1.5854915E+00 1.8963416E+01 -4.4462140E-02
2.6764000E+02 2.7427000E+02 8.6700000E+00 5.4100000E+02 9 5.5280253E+01 1.9910187E-01 3.1313080E-01 5.5741750E-02 1.3032678E-02 1.2449807E-02 1.2204940E-02 4.3867566E-04 5.8980259E-04 6.8825616E-03 8.2341579E-05 6.6685556E-03 3.2990875E-02 3.8896642E-02 6.6436812E-05 1.5849655E+00 1.8963939E+01 -4.4396829E-02
2.6764000E+02 2.7427000E+02 8.6700000E+00 5.4600000E+02 9 5.5281474E+01 1.9891627E-01 3.1202306E-01 5.6025567E-02 1.3020583E-02 1.2415239E-02 1.2170824E-02 4.3786555E-04 5.8797208E-04 6.8765679E-03 8.2189517E-05 6.6613233E-03 3.2767571E-02 3.8860382E-02 6.6394035E-05 1.5843628E+00 1.8964544E+01 -4.4352034E-02
2.6764000E+02 2.7427000E+02 8.6700000E+00 5.5100000E+02 9 5.5282566E+01 1.9874641E-01 3.1101894E-01 5.6280287E-02 1.3008620E-02 1.2382912E-02 1.2138970E-02 4.3701881E-04 5.8637188E-04 6.8705414E-03 8.2030579E-05 6.6542120E-03 3.2568615E-02 3.8824534E-02 6.6346228E-05 1.5837251E+00 1.8965188E+01 -4.4321749E-02
2.6764000E+02 2.7427000E+02 8.6700000E+00 5.5600000E+02 9 5.5283548E+01 1.9859366E-01 3.1010713E-01 5.6510665E-02 1.2997279E-02 1.2352424E-02 1.2108968E-02 4.3614586E-04 5.8493808E-04 6.8647751E-03 8.1866724E-05 6.6474248E-03 3.2389942E-02 3.8790550E-02 6.6297204E-05 1.5830788E+00 1.8965842E+01 -4.4301480E-02
2.6764000E+02 2.7427000E+02 8.6700000E+00 5.6100000E+02 9 5.5284438E+01 1.9845739E-01 3.0927691E-01 5.6720471E-02 1.2986783E-02 1.2323534E-02 1.2080576E-02 4.3525515E-04 5.8371948E-04 6.8594101E-03 8.1699533E-05 6.6410536E-03 3.2228329E-02 3.8759097E-02 6.6249203E-05 1.5824430E+00 1.8966486E+01 -4.4288063E-02
2.6764000E+02 2.7427000E+02 8.6700000E+00 5.6600000E+02 9 5.5285248E+01 1.9833636E-01 3.0851831E-01 5.6912730E-02 1.2977194E-02 1.2296073E-02 1.2053619E-02 4.3435322E-04 5.8267392E-04 6.8544925E-03 8.1530236E-05 6.6351196E-03 3.2081201E-02 3.8730350E-02 6.6203318E-05 1.5818258E+00 1.8967111E+01 -4.4279494E-02
2.6764000E+02 2.7427000E+02 8.6700000E+00 5.7100000E+02 9 5.5285989E+01 1.9822905E-01 3.0782244E-01 5.7089881E-02 1.2968483E-02 1.2269904E-02 1.2027956E-02 4.3344507E-04 5.8175980E-04 6.8500180E-03 8.1359771E-05 6.6296084E-03 3.1946482E-02 3.8704233E-02 6.6159954E-05 1.5812307E+00 1.8967714E+01 -4.4274471E-02
2.6764000E+02 2.7427000E+02 8.6700000E+00 5.7600000E+02 9 5.5286671E+01 1.9813378E-01 3.0718151E-01 5.7253914E-02 1.2960584E-02 1.2244904E-02 1.2003464E-02 4.3253444E-04 5.8097996E-04 6.8459563E-03 8.1188842E-05 6.6244873E-03 3.1822487E-02 3.8680539E-02 6.6119128E-05 1.5806591E+00 1.8968292E+01 -4.4272117E-02
2.6764000E+02 2.7427000E+02 8.6700000E+00 5.8100000E+02 9 5.5287301E+01 1.9804906E-01 3.0658874E-01 5.7406458E-02 1.2953412E-02 1.2220964E-02 1.1980033E-02 4.3162417E-04 5.8028701E-04 6.8422684E-03 8.1017979E-05 6.6197153E-03 3.1707838E-02 3.8659016E-02 6.6080691E-05 1.5801096E+00 1.8968848E+01 -4.4271902E-02
2.6764000E+02 2.7427000E+02 8.6700000E+00 5.8200000E+02 9 5.5279909E+01 2.1311116E-01 3.3888523E-01 5.7436520E-02 1.5383824E-02 1.4003357E-02 1.3762527E-02 4.3144215E-04 6.5924529E-04 8.0788764E-03 8.0983813E-05 7.7954214E-03 3.1689959E-02 4.5914571E-02 7.6308966E-05 1.7478542E+00 1.8791889E+01 -3.0849338E-02
2.6764000E+02 2.7427000E+02 8.6700000E+00 5.8700000E+02 9 5.5288140E+01 1.9764993E-01 3.0545036E-01 5.7582468E-02 1.2904156E-02 1.2187809E-02 1.1948702E-02 4.2835557E-04 5.7667416E-04 6.8156592E-03 8.0404447E-05 6.5927630E-03 3.1590038E-02 3.8511864E-02 6.6004036E-05 1.5773708E+00 1.8971520E+01 -4.4478178E-02
2.6764000E+02 2.7427000E+02 8.6700000E+00 5.9200000E+02 9 5.5288548E+01 1.9791705E-01 3.0553213E-01 5.7741378E-02 1.2943219E-02 1.2184627E-02 1.1948264E-02 4.2343985E-04 5.8024713E-04 6.8331865E-03 7.9481742E-05 6.6070233E-03 3.1496602E-02 3.8628379E-02 6.5806641E-05 1.5788469E+00 1.8970379E+01 -4.4294825E-02
2.6764000E+02 2.7427000E+02 8.6700000E+00 5.9700000E+02 9 5.5288901E+01 1.9827242E-01 3.0573703E-01 5.7900994E-02 1.2991019E-02 1.2180819E-02 1.1947583E-02 4.1783854E-04 5.8297339E-04 6.8549814E-03 7.8430349E-05 6.6246843E-03 3.1407479E-02 3.8770902E-02 6.5925535E-05 1.5805749E+00 1.8968654E+01 -4.4087142E-02
2.6764000E+02 2.7427000E+02 8.6700000E+00 6.0200000E+02 9 5.5289258E+01 1.9857258E-01 3.0584978E-01 5.8054177E-02 1.3029878E-02 1.2174220E-02 1.1944076E-02 4.1229876E-04 5.8390800E-04 6.8722169E-03 7.7390506E-05 6.6381306E-03 3.1323207E-02 3.8886761E-02 6.6080145E-05 1.5818212E+00 1.8967350E+01 -4.3925921E-02
2.6764000E+02 2.7427000E+02 8.6700000E+00 6.0700000E+02 9 5.5289624E+01 1.9879361E-01 3.0584122E-01 5.8198181E-02 1.3057468E-02 1.2164599E-02 1.1937321E-02 4.0716478E-04 5.8380190E-04 6.8838749E-03 7.6426832E-05 6.6465606E-03 3.1243644E-02 3.8969019E-02 6.6204628E-05 1.5825324E+00 1.8966585E+01 -4.3817388E-02
2.6764000E+02 2.7427000E+02 8.6700000E+00 6.1200000E+02 9 5.5289993E+01 1.9894724E-01 3.0573584E-01 5.8332233E-02 1.3075839E-02 1.2152537E-02 1.1927830E-02 4.0255929E-04 5.8323607E-04 6.8910911E-03 7.5562359E-05 6.6510381E-03 3.1168570E-02 3.9023778E-02 6.6290352E-05 1.5828306E+00 1.8966250E+01 -4.3750432E-02
2.6764000E+02 2.7427000E+02 8.6700000E+00 6.1700000E+02 9 5.5290358E+01 1.9905140E-01 3.0556559E-01 5.8456564E-02 1.3087627E-02 1.2138795E-02 1.1916361E-02 3.9848629E-04 5.8255286E-04 6.8952353E-03 7.4797837E-05 6.6528088E-03 3.1097757E-02 3.9058893E-02 6.6344285E-05 1.5828507E+00 1.8966211E+01 -4.3712392E-02
2.6764000E+02 2.7427000E+02 8.6700000E+00 6.2200000E+02 9 5.5290712E+01 1.9912145E-01 3.0535683E-01 5.8571883E-02 1.3095009E-02 1.2124055E-02 1.1903626E-02 3.9489375E-04 5.8198899E-04 6.8974051E-03 7.4123500E-05 6.6528606E-03 3.1030966E-02 3.9080860E-02 6.6375675E-05 1.5827000E+00 1.8966353E+01 -4.3693133E-02
2.6764000E+02 2.7427000E+02 8.6700000E+00 6.2700000E+02 9 5.5291053E+01 1.9916908E-01 3.0512829E-01 5.8679072E-02 1.3099550E-02 1.2108839E-02 1.1890188E-02 3.9171028E-04 5.8154343E-04 6.8983654E-03 7.3525947E-05 6.6518778E-03 3.0967955E-02 3.9094342E-02 6.6392147E-05 1.5824490E+00 1.8966604E+01 -4.3685702E-02
2.6764000E+02 2.7427000E+02 8.6700000E+00 6.3200000E+02 9 5.5291377E+01 1.9920227E-01 3.0489220E-01 5.8779022E-02 1.3102298E-02 1.2093509E-02 1.1876446E-02 3.8886443E-04 5.8120692E-04 6.8986125E-03 7.2991766E-05 6.6503030E-03 3.0908474E-02 3.9102468E-02 6.6399086E-05 1.5821431E+00 1.8966913E+01 -4.3685548E-02
2.6764000E+02 2.7427000E+02 8.6700000E+00 6.3700000E+02 9 5.5291686E+01 1.9922632E-01 3.0465603E-01 5.8872551E-02 1.3103922E-02 1.2078291E-02 1.1862663E-02 3.8629325E-04 5.8094249E-04 6.8984517E-03 7.2509143E-05 6.6484069E-03 3.0852280E-02 3.9107236E-02 6.6399983E-05 1.5818092E+00 1.8967253E+01 -4.3689871E-02
2.6764000E+02 2.7427000E+02 8.6700000E+00 6.4200000E+02 9 5.5291979E+01 1.9924458E-01 3.0442414E-01 5.8960379E-02 1.3104843E-02 1.2063313E-02 1.1848996E-02 3.8394486E-04 5.8074148E-04 6.8980658E-03 7.2068338E-05 6.6463519E-03 3.0799137E-02 3.9109905E-02 6.6397015E-05 1.5814634E+00 1.8967606E+01 -4.3696961E-02
2.6764000E+02 2.7427000E+02 8.6700000E+00 6.4700000E+02 9 5.5292257E+01 1.9925919E-01 3.0419890E-01 5.9043119E-02 1.3105324E-02 1.2048639E-02 1.1835531E-02 3.8177810E-04 5.8059277E-04 6.8975628E-03 7.1661626E-05 6.6442313E-03 3.0748826E-02 3.9111254E-02 6.6391516E-05 1.5811146E+00 1.8967961E+01 -4.3705812E-02
2.6764000E+02 2.7427000E+02 8.6700000E+00 6.5000000E+02 9 5.5288784E+01 2.0655911E-01 3.1964836E-01 5.9091051E-02 1.4279496E-02 1.2876484E-02 1.2664070E-02 3.8053582E-04 6.2316245E-04 7.4961038E-03 7.1428445E-05 7.2092025E-03 3.0722161E-02 4.2615958E-02 7.1774031E-05 1.6545340E+00 1.8889688E+01 -3.7280796E-02
