x y z_datum Time Well_no H2O H O Charge Al C Ca Cl Fe K Mg Na S Si U pH pe Alkalinity
2.6764000E+02 2.7427000E+02 8.6700000E+00 0.0000000E+00 9 9.9704301E-01 7.2098600E-06 6.6484776E-04 -3.2324431E-06 0.0000000E+00 1.0067647E-04 6.3262499E-05 4.3211171E-04 0.0000000E+00 2.8240956E-04 5.5605062E-05 2.2967748E-04 1.4127542E-04 0.0000000E+00 0.0000000E+00 7.0300000E+00 1.1068788E+01 7.1999443E-03
2.6764000E+02 2.7427000E+02 8.6700000E+00 5.0000000E+00 9 5.5325743E+01 2.1409274E-02 6.6410997E-02 -2.9901350E-03 0.0000000E+00 7.0711351E-03 1.3316321E-03 1.0282223E-02 0.0000000E+00 6.0934811E-03 1.9300238E-03 8.4280513E-03 1.1535674E-02 0.0000000E+00 0.0000000E+00 2.2444398E+00 1.8157251E+01 -9.3480706E-03
2.6764000E+02 2.7427000E+02 8.6700000E+00 1.0000000E+01 9 5.5305306E+01 3.7424985E-02 1.1231729E-01 -2.6834744E-03 1.1454810E-03 7.4951240E-03 3.1021556E-03 7.8699287E-03 4.3534764E-05 5.2307746E-03 1.4772243E-03 7.0229073E-03 2.0564119E-02 3.4244463E-03 5.5970131E-06 1.9247735E+00 1.8551652E+01 -2.1488632E-02
2.6764000E+02 2.7427000E+02 8.6700000E+00 1.5000000E+01 9 5.5282512E+01 6.2231828E-02 1.6103854E-01 -2.4269807E-03 2.7301655E-03 7.7069237E-03 4.4402086E-03 5.8522648E-03 1.1358982E-04 4.8287154E-03 1.0984989E-03 6.1499719E-03 2.8116321E-02 8.1582079E-03 1.3808986E-05 1.8153727E+00 1.8696414E+01 -2.9388743E-02
2.6764000E+02 2.7427000E+02 8.6700000E+00 2.0000000E+01 9 5.5264089E+01 8.3618433E-02 2.0062049E-01 -2.2360697E-03 4.1473771E-03 7.8425644E-03 5.4141323E-03 4.3504950E-03 1.8413379E-04 4.6527518E-03 8.1660931E-04 5.6124155E-03 3.3738088E-02 1.2390247E-02 2.1753407E-05 1.7651049E+00 1.8765737E+01 -3.4344305E-02
2.6764000E+02 2.7427000E+02 8.6700000E+00 2.5000000E+01 9 5.5250591E+01 9.9699315E-02 2.3001261E-01 -2.1012362E-03 5.2574860E-03 7.9605230E-03 6.1241395E-03 3.2898500E-03 2.4177998E-04 4.5853867E-03 6.1752102E-04 5.2839371E-03 3.7708971E-02 1.5704536E-02 2.8371737E-05 1.7402039E+00 1.8801478E+01 -3.7355317E-02
2.6764000E+02 2.7427000E+02 8.6700000E+00 3.0000000E+01 9 5.5241057E+01 1.1120719E-01 2.5109436E-01 -2.0078515E-03 6.0803576E-03 8.0773494E-03 6.6510146E-03 2.5552546E-03 2.8411011E-04 4.5666958E-03 4.7963385E-04 5.0819655E-03 4.0459483E-02 1.8160988E-02 3.3507919E-05 1.7276630E+00 1.8820406E+01 -3.9151618E-02
2.6764000E+02 2.7427000E+02 8.6700000E+00 3.5000000E+01 9 5.5234378E+01 1.1932758E-01 2.6610093E-01 -1.9431184E-03 6.6774249E-03 8.1944270E-03 7.0523326E-03 2.0460428E-03 3.1365914E-04 4.5673335E-03 3.8405229E-04 4.9548045E-03 4.2366309E-02 1.9943295E-02 3.7354676E-05 1.7214319E+00 1.8830522E+01 -4.0217342E-02
2.6764000E+02 2.7427000E+02 8.6700000E+00 4.0000000E+01 9 5.5229662E+01 1.2507632E-01 2.7686801E-01 -1.8975940E-03 7.1096074E-03 8.3092660E-03 7.3670677E-03 1.6879323E-03 3.3369358E-04 4.5738512E-03 3.1683320E-04 4.8715175E-03 4.3707453E-02 2.1233427E-02 4.0191454E-05 1.7184653E+00 1.8835934E+01 -4.0853116E-02
2.6764000E+02 2.7427000E+02 8.6700000E+00 4.5000000E+01 9 5.5226273E+01 1.2920095E-01 2.8472912E-01 -1.8648264E-03 7.4252838E-03 8.4193366E-03 7.6210192E-03 1.4301721E-03 3.4727641E-04 4.5806304E-03 2.6845034E-04 4.8140787E-03 4.4672876E-02 2.2175824E-02 4.2278350E-05 1.7171896E+00 1.8838809E+01 -4.1238144E-02
2.6764000E+02 2.7427000E+02 8.6700000E+00 5.0000000E+01 9 5.5223783E+01 1.3221914E-01 2.9060121E-01 -1.8405695E-03 7.6595797E-03 8.5229806E-03 7.8311745E-03 1.2393589E-03 3.5658930E-04 4.5857057E-03 2.3263377E-04 4.7721380E-03 4.5387621E-02 2.2875332E-02 4.3823869E-05 1.7167774E+00 1.8840307E+01 -4.1477043E-02
2.6764000E+02 2.7427000E+02 8.6700000E+00 5.5000000E+01 9 5.5221904E+01 1.3447961E-01 2.9509950E-01 -1.8220716E-03 7.8369708E-03 8.6193768E-03 8.0087941E-03 1.0938484E-03 3.6302395E-04 4.5887079E-03 2.0532073E-04 4.7397811E-03 4.5932723E-02 2.3404995E-02 4.4983479E-05 1.7167911E+00 1.8841058E+01 -4.1630237E-02
2.6764000E+02 2.7427000E+02 8.6700000E+00 6.0000000E+01 9 5.5220450E+01 1.3621343E-01 2.9863285E-01 -1.8075533E-03 7.9741595E-03 8.7082958E-03 8.1614622E-03 9.7964307E-04 3.6769503E-04 4.5898564E-03 1.8388382E-04 4.7135904E-03 4.6360591E-02 2.3814658E-02 4.5868517E-05 1.7170063E+00 1.8841399E+01 -4.1732475E-02
2.6764000E+02 2.7427000E+02 8.6700000E+00 6.5000000E+01 9 5.5219295E+01 1.3757496E-01 3.0147403E-01 -1.7958554E-03 8.0825080E-03 8.7898747E-03 8.2944064E-03 8.8762304E-04 3.7121263E-04 4.5895386E-03 1.6661121E-04 4.6915711E-03 4.6705372E-02 2.4138228E-02 4.6557055E-05 1.7173029E+00 1.8841518E+01 -4.1804006E-02
2.6764000E+02 2.7427000E+02 8.6700000E+00 6.6000000E+01 9 5.5212838E+01 1.5034763E-01 3.3128950E-01 -1.7936202E-03 1.0227477E-02 1.0783993E-02 1.0298339E-02 8.7004050E-04 4.5863407E-04 5.6559411E-03 1.6331088E-04 5.7313363E-03 4.6776733E-02 3.0545190E-02 5.6840285E-05 1.8926489E+00 1.8656877E+01 -2.9219326E-02
2.6764000E+02 2.7427000E+02 8.6700000E+00 6.7000000E+01 9 5.5212791E+01 1.5026855E-01 3.3105551E-01 -1.7914820E-03 1.0191816E-02 1.0753647E-02 1.0277383E-02 8.5321973E-04 4.5117633E-04 5.6283171E-03 1.6015354E-04 5.6996713E-03 4.6840418E-02 3.0438459E-02 5.7683034E-05 1.8871329E+00 1.8661415E+01 -2.9554080E-02
2.6764000E+02 2.7427000E+02 8.6700000E+00 7.2000000E+01 9 5.5214799E+01 1.3892748E-01 3.0467250E-01 -1.7457015E-03 7.9713952E-03 8.7336954E-03 8.2965241E-03 7.8318498E-04 3.5754196E-04 4.4709131E-03 1.4700767E-04 4.5523868E-03 4.7737147E-02 2.3806459E-02 4.6587934E-05 1.6902390E+00 1.8968332E+01 -4.4470409E-02
2.6764000E+02 2.7427000E+02 8.6700000E+00 7.7000000E+01 9 5.5209041E+01 1.4192645E-01 3.1119201E-01 -1.6936698E-03 8.1210086E-03 8.8005315E-03 8.3964921E-03 7.2382969E-04 3.8215635E-04 4.5123037E-03 1.3586639E-04 4.5754818E-03 4.8737717E-02 2.4252676E-02 5.2849778E-05 1.6799356E+00 1.9035860E+01 -4.5747572E-02
2.6764000E+02 2.7427000E+02 8.6700000E+00 8.2000000E+01 9 5.5203882E+01 1.4498080E-01 3.1769023E-01 -1.6492455E-03 8.3205003E-03 8.8917875E-03 8.5162392E-03 6.7278835E-04 4.0620517E-04 4.5841452E-03 1.2628568E-04 4.6293139E-03 4.9596505E-02 2.4847666E-02 6.1966614E-05 1.6751549E+00 1.9072203E+01 -4.6480017E-02
2.6764000E+02 2.7427000E+02 8.6700000E+00 8.7000000E+01 9 5.5199857E+01 1.4752652E-01 3.2307362E-01 -1.6151612E-03 8.5016039E-03 8.9799800E-03 8.6292272E-03 6.2836770E-04 4.2473374E-04 4.6503142E-03 1.1794771E-04 4.6799689E-03 5.0265831E-02 2.5387868E-02 7.0823416E-05 1.6729472E+00 1.9092718E+01 -4.6908395E-02
2.6764000E+02 2.7427000E+02 8.6700000E+00 9.1000000E+01 9 5.5195820E+01 1.5223709E-01 3.3353204E-01 -1.5939295E-03 9.1345017E-03 9.4802785E-03 9.1473709E-03 5.9639830E-04 4.6263692E-04 4.9510636E-03 1.1194689E-04 4.9624053E-03 5.0694595E-02 2.7277423E-02 8.2245873E-05 1.7041835E+00 1.9070139E+01 -4.4176401E-02
2.6764000E+02 2.7427000E+02 8.6700000E+00 9.2000000E+01 9 5.5190366E+01 1.6239869E-01 3.5680226E-01 -1.5889842E-03 1.0800952E-02 1.0952917E-02 1.0624352E-02 5.8861912E-04 5.4011861E-04 5.7849195E-03 1.1048670E-04 5.7728226E-03 5.0805977E-02 3.2254389E-02 9.8792787E-05 1.8247090E+00 1.8949284E+01 -3.4641111E-02
2.6764000E+02 2.7427000E+02 8.6700000E+00 9.7000000E+01 9 5.5189983E+01 1.5090984E-01 3.3149658E-01 -2.1736100E-03 8.5340099E-03 8.9665743E-03 8.6572601E-03 5.5413120E-04 4.2621138E-04 4.6233619E-03 1.0401315E-04 4.6339503E-03 5.2123549E-02 2.5483985E-02 8.3045596E-05 1.6485087E+00 1.9143141E+01 -4.9938418E-02
2.6764000E+02 2.7427000E+02 8.6700000E+00 1.0200000E+02 9 5.5181660E+01 1.5419617E-01 3.3978412E-01 -2.8872529E-03 8.7040567E-03 9.0321362E-03 8.7400094E-03 5.2334030E-04 4.5430764E-04 4.6923041E-03 9.8233548E-05 4.6900327E-03 5.3567888E-02 2.5991035E-02 8.8296808E-05 1.6410927E+00 1.9162790E+01 -5.1270246E-02
2.6764000E+02 2.7427000E+02 8.6700000E+00 1.0700000E+02 9 5.5174530E+01 1.5730373E-01 3.4739236E-01 -3.4970494E-03 8.8984052E-03 9.1115794E-03 8.8348887E-03 4.9568660E-04 4.7799793E-04 4.7755572E-03 9.3042813E-05 4.7603340E-03 5.4781694E-02 2.6570587E-02 9.4116645E-05 1.6375463E+00 1.9174989E+01 -5.2120780E-02
2.6764000E+02 2.7427000E+02 8.6700000E+00 1.1200000E+02 9 5.5169088E+01 1.5982035E-01 3.5345577E-01 -3.9538209E-03 9.0678991E-03 9.1847402E-03 8.9219850E-03 4.7072136E-04 4.9554002E-04 4.8475432E-03 8.8356714E-05 4.8210948E-03 5.5705177E-02 2.7076077E-02 9.9287419E-05 1.6358666E+00 1.9182522E+01 -5.2660470E-02
2.6764000E+02 2.7427000E+02 8.6700000E+00 1.1700000E+02 9 5.5165123E+01 1.6174306E-01 3.5803605E-01 -4.2766017E-03 9.2027312E-03 9.2466680E-03 8.9965516E-03 4.4807925E-04 5.0790040E-04 4.9030341E-03 8.4106679E-05 4.8672985E-03 5.6381577E-02 2.7478239E-02 1.0352097E-04 1.6350816E+00 1.9187230E+01 -5.3006086E-02
2.6764000E+02 2.7427000E+02 8.6700000E+00 1.2200000E+02 9 5.5162270E+01 1.6318973E-01 3.6145172E-01 -4.4995253E-03 9.3068999E-03 9.2980300E-03 9.0594238E-03 4.2745890E-04 5.1656294E-04 4.9439356E-03 8.0236137E-05 4.9005673E-03 5.6874096E-02 2.7788978E-02 1.0686563E-04 1.6347316E+00 1.9190232E+01 -5.3231673E-02
2.6764000E+02 2.7427000E+02 8.6700000E+00 1.2400000E+02 9 5.5156046E+01 1.7421823E-01 3.8619972E-01 -4.5749578E-03 1.1080666E-02 1.0738020E-02 1.0503847E-02 4.1951641E-04 6.2316301E-04 5.8348577E-03 7.8745293E-05 5.7596712E-03 5.7061300E-02 3.3085226E-02 1.2691486E-04 1.7386505E+00 1.9085231E+01 -4.3362480E-02
2.6764000E+02 2.7427000E+02 8.6700000E+00 1.2500000E+02 9 5.5154097E+01 1.7745197E-01 3.9355116E-01 -4.6095158E-03 1.1592356E-02 1.1189690E-02 1.0957693E-02 4.1561944E-04 6.3498760E-04 6.0902143E-03 7.8013813E-05 6.0070108E-03 5.7147254E-02 3.4613313E-02 1.3384222E-04 1.7727516E+00 1.9050795E+01 -4.0509663E-02
2.6764000E+02 2.7427000E+02 8.6700000E+00 1.3000000E+02 9 5.5159906E+01 1.6340622E-01 3.6239713E-01 -4.7261364E-03 9.2070171E-03 9.2371457E-03 9.0144637E-03 3.9893097E-04 4.9719813E-04 4.8760164E-03 7.4881305E-05 4.8289629E-03 5.7414672E-02 2.7490609E-02 1.0987195E-04 1.6233939E+00 1.9204237E+01 -5.4621796E-02
2.6764000E+02 2.7427000E+02 8.6700000E+00 1.3100000E+02 9 5.5152374E+01 1.7808772E-01 3.9531308E-01 -4.7475560E-03 1.1617607E-02 1.1204385E-02 1.0983513E-02 3.9568839E-04 6.5838376E-04 6.0908850E-03 7.4272657E-05 6.0032209E-03 5.7487256E-02 3.4688609E-02 1.3397494E-04 1.7697352E+00 1.9055814E+01 -4.0894961E-02
2.6764000E+02 2.7427000E+02 8.6700000E+00 1.3200000E+02 9 5.5152184E+01 1.7805787E-01 3.9516438E-01 -4.7673315E-03 1.1591265E-02 1.1180207E-02 1.0961113E-02 3.9250327E-04 6.4134866E-04 6.0760265E-03 7.3674794E-05 5.9872965E-03 5.7540463E-02 3.4609696E-02 1.3613678E-04 1.7664708E+00 1.9059033E+01 -4.1148690E-02
2.6764000E+02 2.7427000E+02 8.6700000E+00 1.3700000E+02 9 5.5150791E+01 1.6567994E-01 3.6919889E-01 -6.1391501E-03 9.2137619E-03 9.2410765E-03 9.0300913E-03 3.7797636E-04 5.0179025E-04 4.8667798E-03 7.0948022E-05 4.8151621E-03 5.9246686E-02 2.7510453E-02 1.1144837E-04 1.6102634E+00 1.9199254E+01 -5.6846763E-02
2.6764000E+02 2.7427000E+02 8.6700000E+00 1.4200000E+02 9 5.5139938E+01 1.6952683E-01 3.7942161E-01 -7.7900444E-03 9.4349116E-03 9.3553544E-03 9.1517960E-03 3.6467134E-04 5.3416421E-04 4.9719393E-03 6.8450604E-05 4.9104624E-03 6.1281528E-02 2.8170094E-02 1.1023363E-04 1.6068450E+00 1.9174280E+01 -5.8139639E-02
2.6764000E+02 2.7427000E+02 8.6700000E+00 1.4700000E+02 9 5.5130394E+01 1.7320617E-01 3.8888770E-01 -9.2160251E-03 9.6754167E-03 9.4794047E-03 9.2826970E-03 3.5239851E-04 5.5715909E-04 5.0879089E-03 6.6146934E-05 5.0155912E-03 6.3037564E-02 2.8887452E-02 1.0730321E-04 1.6059277E+00 1.9143028E+01 -5.9012430E-02
2.6764000E+02 2.7427000E+02 8.6700000E+00 1.5200000E+02 9 5.5123023E+01 1.7615684E-01 3.9638401E-01 -1.0302232E-02 9.8770391E-03 9.5866379E-03 9.3962901E-03 3.4100490E-04 5.7212969E-04 5.1845366E-03 6.4008298E-05 5.1027778E-03 6.4382940E-02 2.9488877E-02 1.0263023E-04 1.6058587E+00 1.9111043E+01 -5.9600266E-02
2.6764000E+02 2.7427000E+02 8.6700000E+00 1.5700000E+02 9 5.5117634E+01 1.7836928E-01 4.0196435E-01 -1.1084808E-02 1.0031443E-02 9.6721028E-03 9.4876892E-03 3.3037395E-04 5.8124853E-04 5.2574146E-03 6.2012816E-05 5.1679944E-03 6.5363184E-02 2.9949490E-02 9.7132897E-05 1.6060256E+00 1.9081409E+01 -5.9997884E-02
2.6764000E+02 2.7427000E+02 8.6700000E+00 1.6200000E+02 9 5.5113765E+01 1.7999405E-01 4.0603892E-01 -1.1636656E-02 1.0146272E-02 9.7385145E-03 9.5596594E-03 3.2041595E-04 5.8650172E-04 5.3103857E-03 6.0143650E-05 5.2148399E-03 6.6066203E-02 3.0292072E-02 9.1587806E-05 1.6062270E+00 1.9055785E+01 -6.0269554E-02
2.6764000E+02 2.7427000E+02 8.6700000E+00 1.6700000E+02 9 5.5110978E+01 1.8119192E-01 4.0902791E-01 -1.2025494E-02 1.0231750E-02 9.7902761E-03 9.6166436E-03 3.1105961E-04 5.8957200E-04 5.3486414E-03 5.8387419E-05 5.2481530E-03 6.6573070E-02 3.0547107E-02 8.6465369E-05 1.6064119E+00 1.9034758E+01 -6.0458183E-02
2.6764000E+02 2.7427000E+02 8.6700000E+00 1.6800000E+02 9 5.5103014E+01 1.9635607E-01 4.4267455E-01 -1.2097264E-02 1.2697698E-02 1.1740247E-02 1.1567646E-02 3.0921187E-04 7.5810282E-04 6.5942507E-03 5.8040588E-05 6.4483212E-03 6.6674603E-02 3.7909828E-02 9.9103629E-05 1.7409893E+00 1.8889854E+01 -4.6556507E-02
2.6764000E+02 2.7427000E+02 8.6700000E+00 1.6900000E+02 9 5.5102666E+01 1.9630018E-01 4.4246794E-01 -1.2163538E-02 1.2658818E-02 1.1707572E-02 1.1535990E-02 3.0738713E-04 7.3178675E-04 6.5739544E-03 5.7698075E-05 6.4273148E-03 6.6762825E-02 3.7793496E-02 9.8815526E-05 1.7369116E+00 1.8889148E+01 -4.6916597E-02
2.6764000E+02 2.7427000E+02 8.6700000E+00 1.7400000E+02 9 5.5117536E+01 1.7322781E-01 4.0278336E-01 -1.7019366E-02 1.0079244E-02 9.6968422E-03 9.5300617E-03 2.9878437E-04 5.5979376E-04 5.2639902E-03 5.6083295E-05 5.1640601E-03 6.5551255E-02 3.0091775E-02 7.9391672E-05 1.6642769E+00 1.8954189E+01 -5.4205377E-02
2.6764000E+02 2.7427000E+02 8.6700000E+00 1.7500000E+02 9 5.5112690E+01 1.8467110E-01 4.3173767E-01 -1.8147387E-02 1.2284845E-02 1.1629763E-02 1.1463931E-02 2.9708424E-04 6.8033429E-04 6.3732140E-03 5.5764172E-05 6.2434034E-03 6.5260006E-02 3.6679312E-02 9.0075836E-05 1.8246656E+00 1.8784405E+01 -3.9579727E-02
2.6764000E+02 2.7427000E+02 8.6700000E+00 1.7600000E+02 9 5.5115080E+01 1.8186047E-01 4.2867208E-01 -1.9384209E-02 1.2149501E-02 1.1588781E-02 1.1423888E-02 2.9540412E-04 6.4923377E-04 6.3023319E-03 5.5448806E-05 6.1778288E-03 6.4922019E-02 3.6275798E-02 8.9384339E-05 1.8409412E+00 1.8764746E+01 -3.8310276E-02
2.6764000E+02 2.7427000E+02 8.6700000E+00 1.8100000E+02 9 5.5058029E+01 1.7850042E-01 4.4181861E-01 -3.0761661E-02 9.5305866E-03 9.5952902E-03 9.4348307E-03 2.8746048E-04 4.9086296E-04 4.9710345E-03 5.3957746E-05 4.8981398E-03 7.7016293E-02 2.8457342E-02 7.1407116E-05 1.6060668E+00 1.8998127E+01 -6.6019908E-02
2.6764000E+02 2.7427000E+02 8.6700000E+00 1.8600000E+02 9 5.4973125E+01 1.9971709E-01 5.0686111E-01 -4.2169789E-02 9.7453342E-03 9.6522854E-03 9.4960262E-03 2.7993565E-04 5.4394476E-04 5.0781503E-03 5.2545298E-05 4.9928924E-03 9.2619843E-02 2.9097074E-02 6.9256908E-05 1.5188115E+00 1.9078593E+01 -8.5081140E-02
2.6764000E+02 2.7427000E+02 8.6700000E+00 1.9100000E+02 9 5.4896980E+01 2.2197746E-01 5.6866381E-01 -5.1431073E-02 1.0313177E-02 9.7319788E-03 9.5797050E-03 2.7279587E-04 6.2933379E-04 5.3714730E-03 5.1205126E-05 5.2509144E-03 1.0634837E-01 3.0787766E-02 6.9701374E-05 1.4618192E+00 1.9129750E+01 -1.0105618E-01
2.6764000E+02 2.7427000E+02 8.6700000E+00 1.9600000E+02 9 5.4837789E+01 2.4093233E-01 6.1867127E-01 -5.8296221E-02 1.0967581E-02 9.8054161E-03 9.6569296E-03 2.6601107E-04 7.1128403E-04 5.7112050E-03 4.9931585E-05 5.5484559E-03 1.1687147E-01 3.2735876E-02 7.0991382E-05 1.4274422E+00 1.9159276E+01 -1.1264091E-01
2.6764000E+02 2.7427000E+02 8.6700000E+00 2.0100000E+02 9 5.4794619E+01 2.5566039E-01 6.5631002E-01 -6.3184464E-02 1.1570571E-02 9.8654765E-03 9.7205942E-03 2.5955429E-04 7.7901072E-04 6.0245346E-03 4.8719617E-05 5.8219898E-03 1.2446080E-01 3.4530825E-02 7.2333897E-05 1.4070934E+00 1.9175623E+01 -1.2052246E-01
2.6764000E+02 2.7427000E+02 8.6700000E+00 2.0600000E+02 9 5.4763955E+01 2.6663708E-01 6.8376507E-01 -6.6620984E-02 1.2075383E-02 9.9132132E-03 9.7717654E-03 2.5340130E-04 8.3178931E-04 6.2865855E-03 4.7564670E-05 6.0502039E-03 1.2980170E-01 3.6033541E-02 7.3440632E-05 1.3951031E+00 1.9184312E+01 -1.2573825E-01
2.6764000E+02 2.7427000E+02 8.6700000E+00 2.1100000E+02 9 5.4742266E+01 2.7470449E-01 7.0364374E-01 -6.9048298E-02 1.2480332E-02 9.9518075E-03 9.8136369E-03 2.4753021E-04 8.7186974E-04 6.4962937E-03 4.6462638E-05 6.2324987E-03 1.3354962E-01 3.7239074E-02 7.4255129E-05 1.3880370E+00 1.9188647E+01 -1.2916717E-01
2.6764000E+02 2.7427000E+02 8.6700000E+00 2.1600000E+02 9 5.4726768E+01 2.8065326E-01 7.1815252E-01 -7.0790995E-02 1.2800461E-02 9.9842986E-03 9.8492590E-03 2.4192122E-04 9.0210372E-04 6.6614809E-03 4.5409803E-05 6.3758951E-03 1.3621005E-01 3.8192208E-02 7.4810806E-05 1.3838661E+00 1.9190548E+01 -1.3143826E-01
2.6764000E+02 2.7427000E+02 8.6700000E+00 2.2100000E+02 9 5.4715474E+01 2.8510265E-01 7.2893359E-01 -7.2072086E-02 1.3053933E-02 1.0012953E-02 9.8809084E-03 2.3655638E-04 9.2505507E-04 6.7916671E-03 4.4402795E-05 6.4887905E-03 1.3813845E-01 3.8946990E-02 7.5165381E-05 1.3814026E+00 1.9191117E+01 -1.3296873E-01
2.6764000E+02 2.7427000E+02 8.6700000E+00 2.2600000E+02 9 5.4707032E+01 2.8849977E-01 7.3713610E-01 -7.3039963E-02 1.3256788E-02 1.0039262E-02 9.9100849E-03 2.3141936E-04 9.4274764E-04 6.8952878E-03 4.3438551E-05 6.5785700E-03 1.3957369E-01 3.9551151E-02 7.5374363E-05 1.3799529E+00 1.9190979E+01 -1.3402515E-01
2.6764000E+02 2.7427000E+02 8.6700000E+00 2.3100000E+02 9 5.4700546E+01 2.9115494E-01 7.4354048E-01 -7.3792099E-02 1.3421629E-02 1.0064118E-02 9.9376894E-03 2.2649530E-04 9.5665665E-04 6.9789822E-03 4.2514282E-05 6.6510162E-03 1.4067299E-01 4.0042176E-02 7.5482740E-05 1.3791105E+00 1.9190488E+01 -1.3477510E-01
2.6764000E+02 2.7427000E+02 8.6700000E+00 2.3600000E+02 9 5.4695425E+01 2.9327997E-01 7.4867066E-01 -7.4392480E-02 1.3557837E-02 1.0088007E-02 9.9642158E-03 2.2177066E-04 9.6782575E-04 7.0476960E-03 4.1627443E-05 6.7104296E-03 1.4153921E-01 4.0447980E-02 7.5524222E-05 1.3786356E+00 1.9189840E+01 -1.3532361E-01
2.6764000E+02 2.7427000E+02 8.6700000E+00 2.4100000E+02 9 5.4691278E+01 2.9501924E-01 7.5287880E-01 -7.4883447E-02 1.3672256E-02 1.0111162E-02 9.9899034E-03 2.1723304E-04 9.7698292E-04 7.1050215E-03 4.0775710E-05 6.7599576E-03 1.4223992E-01 4.0788918E-02 7.5522920E-05 1.3783858E+00 1.9189143E+01 -1.3573678E-01
2.6764000E+02 2.7427000E+02 8.6700000E+00 2.4600000E+02 9 5.4687845E+01 2.9647139E-01 7.5640335E-01 -7.5293423E-02 1.3769829E-02 1.0133671E-02 1.0014847E-02 2.1287113E-04 9.8462910E-04 7.1535455E-03 3.9956957E-05 6.8018796E-03 1.4282002E-01 4.1079699E-02 7.5495473E-05 1.3782750E+00 1.9188455E+01 -1.3605675E-01
2.6764000E+02 2.7427000E+02 8.6700000E+00 2.5100000E+02 9 5.4684947E+01 2.9770472E-01 7.5940806E-01 -7.5641850E-02 1.3854128E-02 1.0155545E-02 1.0039064E-02 2.0867452E-04 9.9111065E-04 7.1951380E-03 3.9169234E-05 6.8378388E-03 1.4330985E-01 4.1330950E-02 7.5453024E-05 1.3782503E+00 1.9187805E+01 -1.3631094E-01
2.6764000E+02 2.7427000E+02 8.6700000E+00 2.5600000E+02 9 5.4682461E+01 2.9876722E-01 7.6200739E-01 -7.5942327E-02 1.3927751E-02 1.0176766E-02 1.0062541E-02 2.0463370E-04 9.9667241E-04 7.2311667E-03 3.8410753E-05 6.8690219E-03 1.4373032E-01 4.1550406E-02 7.5402856E-05 1.3782785E+00 1.9187207E+01 -1.3651756E-01
2.6764000E+02 2.7427000E+02 8.6700000E+00 2.6100000E+02 9 5.4680302E+01 2.9969336E-01 7.6428316E-01 -7.6204592E-02 1.3992621E-02 1.0197302E-02 1.0085250E-02 2.0073990E-04 1.0014927E-03 7.2626504E-03 3.7679867E-05 6.8962973E-03 1.4409619E-01 4.1743789E-02 7.5349633E-05 1.3783383E+00 1.9186666E+01 -1.3668898E-01
2.6764000E+02 2.7427000E+02 8.6700000E+00 2.6400000E+02 9 5.4674183E+01 3.1008916E-01 7.8553170E-01 -7.6349913E-02 1.5555780E-02 1.1097593E-02 1.0986816E-02 1.9845475E-04 1.1422073E-03 8.0620678E-03 3.7250933E-05 7.6434157E-03 1.4430136E-01 4.6406471E-02 8.2560302E-05 1.4141859E+00 1.9145561E+01 -1.2865286E-01
2.6764000E+02 2.7427000E+02 8.6700000E+00 2.6500000E+02 9 5.4668883E+01 3.2011366E-01 8.0605183E-01 -7.6397075E-02 1.7098632E-02 1.2020853E-02 1.1910499E-02 1.9769865E-04 1.2885302E-03 8.8507985E-03 3.7109008E-05 8.3835445E-03 1.4436960E-01 5.1009177E-02 8.9414771E-05 1.4526202E+00 1.9102090E+01 -1.2046559E-01
2.6764000E+02 2.7427000E+02 8.6700000E+00 2.7000000E+02 9 5.4676611E+01 3.0239507E-01 7.7038799E-01 -7.6568686E-02 1.4303719E-02 1.0387745E-02 1.0278754E-02 1.9525671E-04 1.0054855E-03 7.4190246E-03 3.6650645E-05 7.0406331E-03 1.4460230E-01 4.2671789E-02 7.7074772E-05 1.3835226E+00 1.9179387E+01 -1.3569954E-01
2.6764000E+02 2.7427000E+02 8.6700000E+00 2.7500000E+02 9 5.4673790E+01 3.0605211E-01 7.7817916E-01 -7.6724281E-02 1.4831028E-02 1.0705001E-02 1.0597470E-02 1.9264052E-04 1.0617281E-03 7.6874178E-03 3.6159573E-05 7.2914258E-03 1.4481864E-01 4.4244857E-02 7.8867833E-05 1.3951742E+00 1.9166257E+01 -1.3314517E-01
2.6764000E+02 2.7427000E+02 8.6700000E+00 2.8000000E+02 9 5.4671376E+01 3.0902430E-01 7.8458683E-01 -7.6869951E-02 1.5254168E-02 1.0977292E-02 1.0871303E-02 1.8987641E-04 1.0962744E-03 7.9020315E-03 3.5640736E-05 7.4926107E-03 1.4502182E-01 4.5507399E-02 8.0655881E-05 1.4045966E+00 1.9155237E+01 -1.3110824E-01
2.6764000E+02 2.7427000E+02 8.6700000E+00 2.8500000E+02 9 5.4669414E+01 3.1123630E-01 7.8950968E-01 -7.7004376E-02 1.5566373E-02 1.1199812E-02 1.1095347E-02 1.8714668E-04 1.1176071E-03 8.0595281E-03 3.5128353E-05 7.6410654E-03 1.4520940E-01 4.6439213E-02 8.1977648E-05 1.4116385E+00 1.9146901E+01 -1.2961476E-01
2.6764000E+02 2.7427000E+02 8.6700000E+00 2.8900000E+02 9 5.4665779E+01 3.1724222E-01 8.0211663E-01 -7.7104845E-02 1.6478287E-02 1.1783744E-02 1.1680465E-02 1.8502236E-04 1.1927231E-03 8.5242109E-03 3.4729607E-05 8.0778615E-03 1.4535091E-01 4.9160084E-02 8.6146571E-05 1.4337435E+00 1.9121454E+01 -1.2484124E-01
2.6764000E+02 2.7427000E+02 8.6700000E+00 2.9000000E+02 9 5.4658197E+01 3.3213949E-01 8.3290849E-01 -7.7129525E-02 1.8804583E-02 1.3230245E-02 1.3127260E-02 1.8449539E-04 1.4223289E-03 9.7124168E-03 3.4630692E-05 9.1961642E-03 1.4538892E-01 5.6100884E-02 9.5939117E-05 1.4953405E+00 1.9052358E+01 -1.1228927E-01
2.6764000E+02 2.7427000E+02 8.6700000E+00 2.9500000E+02 9 5.4719576E+01 2.9954423E-01 7.5431337E-01 -7.0834286E-02 1.5713526E-02 1.1402459E-02 1.1300886E-02 1.8196612E-04 1.1012069E-03 8.1298368E-03 3.4155936E-05 7.7099734E-03 1.3586868E-01 4.6879427E-02 8.2810661E-05 1.4559780E+00 1.9100778E+01 -1.1581023E-01
2.6764000E+02 2.7427000E+02 8.6700000E+00 3.0000000E+02 9 5.4789474E+01 2.8132260E-01 7.0192715E-01 -6.2346371E-02 1.5603144E-02 1.1510334E-02 1.1410120E-02 1.7953189E-04 1.0960126E-03 8.0668343E-03 3.3699018E-05 7.6614989E-03 1.2304463E-01 4.6552965E-02 8.1765884E-05 1.5180024E+00 1.9038268E+01 -9.8510551E-02
2.6764000E+02 2.7427000E+02 8.6700000E+00 3.0100000E+02 9 5.4795541E+01 2.9426614E-01 7.2695518E-01 -6.0599039E-02 1.8263302E-02 1.3427957E-02 1.3328012E-02 1.7904874E-04 1.3508649E-03 9.4175686E-03 3.3608329E-05 8.9505354E-03 1.2040971E-01 5.4494028E-02 9.3099075E-05 1.6278848E+00 1.8918767E+01 -8.0006349E-02
2.6764000E+02 2.7427000E+02 8.6700000E+00 3.0200000E+02 9 5.4810425E+01 2.8973921E-01 7.1462857E-01 -5.8836502E-02 1.8123408E-02 1.3422377E-02 1.3322701E-02 1.7856919E-04 1.3069611E-03 9.3436735E-03 3.3518316E-05 8.8855636E-03 1.1774763E-01 5.4077754E-02 9.3568055E-05 1.6419218E+00 1.8903479E+01 -7.6997361E-02
2.6764000E+02 2.7427000E+02 8.6700000E+00 3.0300000E+02 9 5.4825545E+01 2.8484702E-01 7.0166903E-01 -5.7066172E-02 1.7937241E-02 1.3398089E-02 1.3298838E-02 1.7780700E-04 1.2706931E-03 9.2456809E-03 3.3375248E-05 8.7984592E-03 1.1507438E-01 5.3523545E-02 9.3058833E-05 1.6551710E+00 1.8890046E+01 -7.4193937E-02
2.6764000E+02 2.7427000E+02 8.6700000E+00 3.0800000E+02 9 5.4896923E+01 2.4821114E-01 6.1285663E-01 -4.9654264E-02 1.4581900E-02 1.1400163E-02 1.1303135E-02 1.7382519E-04 9.6539248E-04 7.5264116E-03 3.2627843E-05 7.1849309E-03 1.0387185E-01 4.3513851E-02 7.7071649E-05 1.6058091E+00 1.8950893E+01 -7.6859643E-02
2.6764000E+02 2.7427000E+02 8.6700000E+00 3.1300000E+02 9 5.4945419E+01 2.3239043E-01 5.7158150E-01 -4.3991134E-02 1.3995135E-02 1.1366779E-02 1.1272461E-02 1.6896979E-04 9.0077271E-04 7.2137337E-03 3.1716461E-05 6.9112502E-03 9.5315528E-02 4.1768077E-02 7.3746078E-05 1.6501022E+00 1.8907368E+01 -6.7726849E-02
2.6764000E+02 2.7427000E+02 8.6700000E+00 3.1800000E+02 9 5.4981270E+01 2.2024878E-01 5.4045288E-01 -3.9838926E-02 1.3489520E-02 1.1358690E-02 1.1267399E-02 1.6354693E-04 8.2448876E-04 6.9431417E-03 3.0698563E-05 6.6748272E-03 8.9041881E-02 4.0263742E-02 7.1394241E-05 1.6839635E+00 1.8873513E+01 -6.1339124E-02
2.6764000E+02 2.7427000E+02 8.6700000E+00 3.2300000E+02 9 5.5007379E+01 2.1095542E-01 5.1716398E-01 -3.6849377E-02 1.3051164E-02 1.1357536E-02 1.1269401E-02 1.5789153E-04 7.5451874E-04 6.7079092E-03 2.9637016E-05 6.4690310E-03 8.4524733E-02 3.8959295E-02 6.9477116E-05 1.7078165E+00 1.8849512E+01 -5.7049287E-02
2.6764000E+02 2.7427000E+02 8.6700000E+00 3.2800000E+02 9 5.5026351E+01 2.0382899E-01 4.9973738E-01 -3.4705606E-02 1.2675961E-02 1.1356268E-02 1.1271291E-02 1.5223518E-04 6.9848285E-04 6.5059702E-03 2.8575292E-05 6.2921892E-03 8.1285422E-02 3.7842500E-02 6.7856632E-05 1.7236820E+00 1.8833499E+01 -5.4226860E-02
2.6764000E+02 2.7427000E+02 8.6700000E+00 3.2900000E+02 9 5.5023487E+01 2.1530926E-01 5.2570790E-01 -3.4308230E-02 1.4737742E-02 1.3239228E-02 1.3154882E-02 1.5110554E-04 7.8508263E-04 7.5429338E-03 2.8363253E-05 7.3021194E-03 8.0690139E-02 4.4001257E-02 7.7256557E-05 1.8627981E+00 1.8685245E+01 -4.1217706E-02
2.6764000E+02 2.7427000E+02 8.6700000E+00 3.3000000E+02 9 5.5026885E+01 2.1381348E-01 5.2210028E-01 -3.3939883E-02 1.4627160E-02 1.3207903E-02 1.3124185E-02 1.4997903E-04 7.6373676E-04 7.4849933E-03 2.8151801E-05 7.2488817E-03 8.0134169E-02 4.3671499E-02 7.7664206E-05 1.8634320E+00 1.8683542E+01 -4.0993799E-02
2.6764000E+02 2.7427000E+02 8.6700000E+00 3.3500000E+02 9 5.5017814E+01 2.0493111E-01 5.0000283E-01 -3.3142152E-02 1.2058059E-02 1.1227688E-02 1.1147013E-02 1.4452797E-04 6.2333350E-04 6.1774486E-03 2.7128611E-05 5.9981208E-03 8.3257126E-02 3.6001178E-02 6.5539448E-05 1.6511496E+00 1.8906270E+01 -6.2615775E-02
2.6764000E+02 2.7427000E+02 8.6700000E+00 3.4000000E+02 9 5.4988936E+01 2.1606647E-01 5.2164608E-01 -3.2866458E-02 1.2103069E-02 1.1210804E-02 1.1133041E-02 1.3931039E-04 6.5607867E-04 6.1967936E-03 2.6149245E-05 6.0155481E-03 8.8542937E-02 3.6134462E-02 6.5247267E-05 1.5797248E+00 1.8978392E+01 -7.3417162E-02
2.6764000E+02 2.7427000E+02 8.6700000E+00 3.4500000E+02 9 5.4959788E+01 2.2885610E-01 5.4620894E-01 -3.2782683E-02 1.2437125E-02 1.1220776E-02 1.1145784E-02 1.3434798E-04 7.2077145E-04 6.3685336E-03 2.5217777E-05 6.1666517E-03 9.3684749E-02 3.7128215E-02 6.6533294E-05 1.5294606E+00 1.9028682E+01 -8.2491680E-02
2.6764000E+02 2.7427000E+02 8.6700000E+00 3.5000000E+02 9 5.4935404E+01 2.4049025E-01 5.6820613E-01 -3.2745639E-02 1.2872865E-02 1.1236287E-02 1.1163920E-02 1.2964531E-04 7.8813430E-04 6.5945489E-03 2.4335063E-05 6.3643407E-03 9.7879530E-02 3.8424641E-02 6.8312837E-05 1.4968781E+00 1.9061125E+01 -8.9182342E-02
2.6764000E+02 2.7427000E+02 8.6700000E+00 3.5500000E+02 9 5.4916705E+01 2.5001470E-01 5.8593337E-01 -3.2703582E-02 1.3300455E-02 1.1249081E-02 1.1179196E-02 1.2519744E-04 8.4624109E-04 6.8170676E-03 2.3500175E-05 6.5578471E-03 1.0103236E-01 3.9696837E-02 7.0067832E-05 1.4762963E+00 1.9081551E+01 -9.3815619E-02
2.6764000E+02 2.7427000E+02 8.6700000E+00 3.6000000E+02 9 5.4902999E+01 2.5739743E-01 5.9946068E-01 -3.2644627E-02 1.3672306E-02 1.1257072E-02 1.1189533E-02 1.2099433E-04 8.9248048E-04 7.0109035E-03 2.2711230E-05 6.7253376E-03 1.0330350E-01 4.0803207E-02 7.1590548E-05 1.4633780E+00 1.9094342E+01 -9.6924364E-02
2.6764000E+02 2.7427000E+02 8.6700000E+00 3.6500000E+02 9 5.4893177E+01 2.6296464E-01 6.0949990E-01 -3.2571260E-02 1.3976651E-02 1.1260651E-02 1.1195329E-02 1.1702342E-04 9.2788101E-04 7.1696916E-03 2.1965872E-05 6.8615422E-03 1.0490573E-01 4.1708749E-02 7.2829718E-05 1.4552426E+00 1.9102384E+01 -9.8982123E-02
2.6764000E+02 2.7427000E+02 8.6700000E+00 3.7000000E+02 9 5.4886194E+01 2.6711810E-01 6.1686740E-01 -3.2489467E-02 1.4218344E-02 1.1260944E-02 1.1197717E-02 1.1327109E-04 9.5463939E-04 7.2958352E-03 2.1261541E-05 6.9688344E-03 1.0602815E-01 4.2427907E-02 7.3803694E-05 1.4500689E+00 1.9107494E+01 -1.0034207E-01
2.6764000E+02 2.7427000E+02 8.6700000E+00 3.7500000E+02 9 5.4881220E+01 2.7021880E-01 6.2227441E-01 -3.2404740E-02 1.4407962E-02 1.1259089E-02 1.1197842E-02 1.0972349E-04 9.7488973E-04 7.3947815E-03 2.0595639E-05 7.0521932E-03 1.0681649E-01 4.2992151E-02 7.4555399E-05 1.4467284E+00 1.9110794E+01 -1.0124730E-01
2.6764000E+02 2.7427000E+02 8.6700000E+00 3.8000000E+02 9 5.4877646E+01 2.7255345E-01 6.2627425E-01 -3.2321042E-02 1.4556618E-02 1.1255989E-02 1.1196615E-02 1.0636706E-04 9.9030119E-04 7.4722903E-03 1.9965620E-05 7.1168124E-03 1.0737557E-01 4.3434539E-02 7.5131129E-05 1.4445270E+00 1.9112969E+01 -1.0185830E-01
2.6764000E+02 2.7427000E+02 8.6700000E+00 3.8500000E+02 9 5.4875039E+01 2.7433590E-01 6.2927333E-01 -3.2240856E-02 1.4673940E-02 1.1252279E-02 1.1194680E-02 1.0318878E-04 1.0021185E-03 7.5333668E-03 1.9369041E-05 7.1671740E-03 1.0777801E-01 4.3783710E-02 7.5571917E-05 1.4430395E+00 1.9114442E+01 -1.0227872E-01
2.6764000E+02 2.7427000E+02 8.6700000E+00 3.9000000E+02 9 5.4873104E+01 2.7572036E-01 6.3156097E-01 -3.2165545E-02 1.4767580E-02 1.1248370E-02 1.1192452E-02 1.0017634E-04 1.0112672E-03 7.5819981E-03 1.8803591E-05 7.2068280E-03 1.0807317E-01 4.4062425E-02 7.5911016E-05 1.4420047E+00 1.9115469E+01 -1.0257483E-01
2.6764000E+02 2.7427000E+02 8.6700000E+00 3.9500000E+02 9 5.4871638E+01 2.7681609E-01 6.3333991E-01 -3.2095713E-02 1.4843355E-02 1.1244501E-02 1.1190178E-02 9.7318200E-05 1.0184538E-03 7.6212221E-03 1.8267105E-05 7.2384623E-03 1.0829429E-01 4.4287986E-02 7.6174100E-05 1.4412618E+00 1.9116209E+01 -1.0278894E-01
2.6764000E+02 2.7427000E+02 8.6700000E+00 4.0000000E+02 9 5.4870503E+01 2.7769999E-01 6.3475126E-01 -3.2031488E-02 1.4905581E-02 1.1240791E-02 1.1187983E-02 9.4603627E-05 1.0241975E-03 7.6532988E-03 1.7757566E-05 7.2640624E-03 1.0846376E-01 4.4473228E-02 7.6380413E-05 1.4407103E+00 1.9116761E+01 -1.0294821E-01
2.6764000E+02 2.7427000E+02 8.6700000E+00 4.0500000E+02 9 5.4869605E+01 2.7842633E-01 6.3589325E-01 -3.1972719E-02 1.4957426E-02 1.1237284E-02 1.1185918E-02 9.2022657E-05 1.0288487E-03 7.6798936E-03 1.7273105E-05 7.2850786E-03 1.0859667E-01 4.4627583E-02 7.6544153E-05 1.4402865E+00 1.9117187E+01 -1.0307027E-01
2.6764000E+02 2.7427000E+02 8.6700000E+00 4.1000000E+02 9 5.4868880E+01 2.7903355E-01 6.3683463E-01 -3.1919102E-02 1.5001219E-02 1.1233976E-02 1.1183981E-02 8.9566088E-05 1.0326597E-03 7.7022330E-03 1.6811995E-05 7.3025680E-03 1.0870330E-01 4.4757969E-02 7.6675710E-05 1.4399492E+00 1.9117528E+01 -1.0316666E-01
2.6764000E+02 2.7427000E+02 8.6700000E+00 4.1200000E+02 9 5.4861560E+01 2.9341266E-01 6.6626048E-01 -3.1898457E-02 1.7228423E-02 1.2589597E-02 1.2540139E-02 8.8602794E-05 1.2381974E-03 8.8419947E-03 1.6631180E-05 8.3702515E-03 1.0874616E-01 5.1402783E-02 8.6584953E-05 1.5076133E+00 1.9042380E+01 -9.1321656E-02
2.6764000E+02 2.7427000E+02 8.6700000E+00 4.1700000E+02 9 5.4868638E+01 2.7858607E-01 6.3557629E-01 -3.1851469E-02 1.4872111E-02 1.1136535E-02 1.1088359E-02 8.6307198E-05 1.0066884E-03 7.6356289E-03 1.6200285E-05 7.2364286E-03 1.0882288E-01 4.4372574E-02 7.6375820E-05 1.4343676E+00 1.9123329E+01 -1.0422187E-01
2.6764000E+02 2.7427000E+02 8.6700000E+00 4.2200000E+02 9 5.4868164E+01 2.7901837E-01 6.3625844E-01 -3.1808707E-02 1.4907841E-02 1.1129248E-02 1.1082294E-02 8.4116692E-05 1.0209149E-03 7.6537566E-03 1.5789117E-05 7.2505133E-03 1.0889066E-01 4.4478913E-02 7.6111448E-05 1.4343786E+00 1.9123678E+01 -1.0425918E-01
2.6764000E+02 2.7427000E+02 8.6700000E+00 4.2700000E+02 9 5.4867625E+01 2.7966137E-01 6.3732921E-01 -3.1769785E-02 1.4976198E-02 1.1140728E-02 1.1094942E-02 8.2024340E-05 1.0308738E-03 7.6887011E-03 1.5396372E-05 7.2802534E-03 1.0894898E-01 4.4682547E-02 7.6315426E-05 1.4353158E+00 1.9122681E+01 -1.0410728E-01
2.6764000E+02 2.7427000E+02 8.6700000E+00 4.2900000E+02 9 5.4860326E+01 2.9414443E-01 6.6693184E-01 -3.1754806E-02 1.7223463E-02 1.2499091E-02 1.2453764E-02 8.1202675E-05 1.2400070E-03 8.8392379E-03 1.5242142E-05 8.3571860E-03 1.0897480E-01 5.1387069E-02 8.6320174E-05 1.5031417E+00 1.9047332E+01 -9.2131601E-02
2.6764000E+02 2.7427000E+02 8.6700000E+00 4.3000000E+02 9 5.4858084E+01 2.9856294E-01 6.7597648E-01 -3.1747462E-02 1.7905202E-02 1.2931280E-02 1.2886181E-02 8.0795609E-05 1.2899407E-03 9.1877746E-03 1.5165733E-05 8.6842762E-03 1.0898687E-01 5.3421212E-02 8.9733126E-05 1.5253693E+00 1.9022268E+01 -8.8481457E-02
2.6764000E+02 2.7427000E+02 8.6700000E+00 4.3500000E+02 9 5.4865887E+01 2.8259142E-01 6.4304706E-01 -3.1720599E-02 1.5390627E-02 1.1381482E-02 1.1337537E-02 7.8727171E-05 1.0465486E-03 7.9001658E-03 1.4777477E-05 7.4750063E-03 1.0902565E-01 4.5918719E-02 7.8579095E-05 1.4458660E+00 1.9110436E+01 -1.0213334E-01
2.6764000E+02 2.7427000E+02 8.6700000E+00 4.3600000E+02 9 5.4856108E+01 3.0215315E-01 6.8353971E-01 -3.1715493E-02 1.8459449E-02 1.3300721E-02 1.3257002E-02 7.8323266E-05 1.3592025E-03 9.4693169E-03 1.4701662E-05 8.9492522E-03 1.0903850E-01 5.5075475E-02 9.0788069E-05 1.5441758E+00 1.9002938E+01 -8.5561799E-02
2.6764000E+02 2.7427000E+02 8.6700000E+00 4.3700000E+02 9 5.4857622E+01 3.0245719E-01 6.8322420E-01 -3.1307309E-02 1.8536104E-02 1.3350898E-02 1.3307399E-02 7.7928151E-05 1.3408578E-03 9.5086407E-03 1.4627497E-05 8.9853247E-03 1.0870620E-01 5.5304038E-02 9.1977560E-05 1.5471045E+00 1.8998785E+01 -8.4904932E-02
2.6764000E+02 2.7427000E+02 8.6700000E+00 4.3800000E+02 9 5.4861915E+01 3.0214779E-01 6.8056326E-01 -3.0311221E-02 1.8585335E-02 1.3387092E-02 1.3343818E-02 7.7525102E-05 1.3283176E-03 9.5337373E-03 1.4551843E-05 9.0084701E-03 1.0787614E-01 5.5450890E-02 9.2680163E-05 1.5504580E+00 1.8994683E+01 -8.3965530E-02
2.6764000E+02 2.7427000E+02 8.6700000E+00 4.4300000E+02 9 5.4927882E+01 2.7622360E-01 6.0233128E-01 -1.7645189E-02 1.5883776E-02 1.1714366E-02 1.1671888E-02 7.6099312E-05 1.0669431E-03 8.1508514E-03 1.4284215E-05 7.7099112E-03 9.7207930E-02 4.7390468E-02 8.1182576E-05 1.4807302E+00 1.9072932E+01 -8.9668245E-02
2.6764000E+02 2.7427000E+02 8.6700000E+00 4.4400000E+02 9 5.4931392E+01 2.9248840E-01 6.3101804E-01 -1.4872562E-02 1.8755036E-02 1.3595940E-02 1.3553632E-02 7.5794685E-05 1.3410221E-03 9.6165350E-03 1.4227035E-05 9.0924642E-03 9.4877088E-02 5.5959061E-02 9.2772144E-05 1.5916254E+00 1.8952723E+01 -7.2068150E-02
2.6764000E+02 2.7427000E+02 8.6700000E+00 4.4500000E+02 9 5.4944650E+01 2.9056029E-01 6.2121755E-01 -1.1938516E-02 1.8759015E-02 1.3615386E-02 1.3573263E-02 7.5462145E-05 1.3111147E-03 9.6182894E-03 1.4164616E-05 9.0942222E-03 9.2405549E-02 5.5971004E-02 9.3709152E-05 1.5985508E+00 1.8944573E+01 -6.9994011E-02
2.6764000E+02 2.7427000E+02 8.6700000E+00 4.5000000E+02 9 5.5011391E+01 2.6613747E-01 5.4541562E-01 1.0759217E-03 1.6335233E-02 1.2117245E-02 1.2075863E-02 7.4134798E-05 1.0759128E-03 8.3777046E-03 1.3915466E-05 7.9289080E-03 8.1430030E-02 4.8739171E-02 8.3502110E-05 1.5308083E+00 1.9019929E+01 -7.3935229E-02
2.6764000E+02 2.7427000E+02 8.6700000E+00 4.5300000E+02 9 5.5039643E+01 2.7062256E-01 5.4120918E-01 8.3468947E-03 1.7848761E-02 1.3239920E-02 1.3198960E-02 7.3379296E-05 1.1676583E-03 9.1466570E-03 1.3773655E-05 8.6613194E-03 7.5303007E-02 5.3257559E-02 9.0028472E-05 1.6138908E+00 1.8930830E+01 -6.0407274E-02
2.6764000E+02 2.7427000E+02 8.6700000E+00 4.5400000E+02 9 5.5046359E+01 2.7702302E-01 5.5044118E-01 1.0709616E-02 1.9124136E-02 1.4222764E-02 1.4181943E-02 7.3129870E-05 1.2129531E-03 9.7938046E-03 1.3726836E-05 9.2800593E-03 7.3313649E-02 5.7065414E-02 9.5519081E-05 1.6872405E+00 1.8852232E+01 -5.1596474E-02
2.6764000E+02 2.7427000E+02 8.6700000E+00 4.5900000E+02 9 5.5106308E+01 2.5037569E-01 4.7374809E-01 2.1845026E-02 1.6155240E-02 1.2348631E-02 1.2308646E-02 7.1632373E-05 9.6893058E-04 8.2749388E-03 1.3445749E-05 7.8517281E-03 6.3927219E-02 4.8206351E-02 8.2843356E-05 1.5735364E+00 1.8975820E+01 -5.9831600E-02
2.6764000E+02 2.7427000E+02 8.6700000E+00 4.6400000E+02 9 5.5146451E+01 2.4229686E-01 4.4114268E-01 3.0468414E-02 1.5854966E-02 1.2351141E-02 1.2311885E-02 7.0326954E-05 9.0678169E-04 8.1146480E-03 1.3200715E-05 7.7134277E-03 5.6667386E-02 4.7312580E-02 8.1128557E-05 1.5846618E+00 1.8965172E+01 -5.5119153E-02
2.6764000E+02 2.7427000E+02 8.6700000E+00 4.6900000E+02 9 5.5176489E+01 2.3621690E-01 4.1681319E-01 3.6922654E-02 1.5629118E-02 1.2384829E-02 1.2346204E-02 6.9195471E-05 8.5154670E-04 7.9925001E-03 1.2988330E-05 7.6108206E-03 5.1239592E-02 4.6640417E-02 8.0095943E-05 1.5941188E+00 1.8955640E+01 -5.1557028E-02
2.6764000E+02 2.7427000E+02 8.6700000E+00 4.7400000E+02 9 5.5198942E+01 2.3148719E-01 3.9844409E-01 4.1730675E-02 1.5435464E-02 1.2426095E-02 1.2388044E-02 6.8167002E-05 8.0453791E-04 7.8867368E-03 1.2795282E-05 7.5237365E-03 4.7202237E-02 4.6063971E-02 7.9298634E-05 1.6008931E+00 1.8948663E+01 -4.8993352E-02
2.6764000E+02 2.7427000E+02 8.6700000E+00 4.7900000E+02 9 5.5215815E+01 2.2772454E-01 3.8439613E-01 4.5324664E-02 1.5260804E-02 1.2464509E-02 1.2426999E-02 6.7198859E-05 7.6588319E-04 7.7908724E-03 1.2613556E-05 7.4455233E-03 4.4190171E-02 4.5543890E-02 7.8605108E-05 1.6051160E+00 1.8944236E+01 -4.7198486E-02
2.6764000E+02 2.7427000E+02 8.6700000E+00 4.8100000E+02 9 5.5216178E+01 2.3760690E-01 4.0343250E-01 4.6593031E-02 1.6985091E-02 1.3826773E-02 1.3789475E-02 6.6819243E-05 8.1637549E-04 8.6646871E-03 1.2542300E-05 8.2829551E-03 4.3132088E-02 5.0691741E-02 8.6479027E-05 1.7217098E+00 1.8820131E+01 -3.6619489E-02
2.6764000E+02 2.7427000E+02 8.6700000E+00 4.8200000E+02 9 5.5217379E+01 2.4017147E-01 4.0812524E-01 4.7187864E-02 1.7471187E-02 1.4266153E-02 1.4228960E-02 6.6631135E-05 8.1947198E-04 8.9096436E-03 1.2506992E-05 8.5204734E-03 4.2635791E-02 5.2143318E-02 8.9063307E-05 1.7635872E+00 1.8775390E+01 -3.3375911E-02
2.6764000E+02 2.7427000E+02 8.6700000E+00 4.8700000E+02 9 5.5237286E+01 2.2012437E-01 3.6158879E-01 4.9572954E-02 1.4575217E-02 1.2242443E-02 1.2205853E-02 6.5551988E-05 6.9508705E-04 7.4309362E-03 1.2304431E-05 7.1234621E-03 4.0640849E-02 4.3498957E-02 7.6035146E-05 1.5848108E+00 1.8965384E+01 -4.7587712E-02
2.6764000E+02 2.7427000E+02 8.6700000E+00 4.9200000E+02 9 5.5246353E+01 2.1713307E-01 3.5220199E-01 5.1400336E-02 1.4316807E-02 1.2130102E-02 1.2094071E-02 6.4549134E-05 6.8058226E-04 7.2956076E-03 1.2116190E-05 7.0010515E-03 3.9121069E-02 4.2727900E-02 7.4366218E-05 1.5774819E+00 1.8973837E+01 -4.7641759E-02
2.6764000E+02 2.7427000E+02 8.6700000E+00 4.9700000E+02 9 5.5253141E+01 2.1528396E-01 3.4577725E-01 5.2819189E-02 1.4182974E-02 1.2067752E-02 1.2032250E-02 6.3602427E-05 6.7395365E-04 7.2257058E-03 1.1938488E-05 6.9367154E-03 3.7945605E-02 4.2328263E-02 7.3669495E-05 1.5749406E+00 1.8976697E+01 -4.7369426E-02
2.6764000E+02 2.7427000E+02 8.6700000E+00 5.0200000E+02 9 5.5258430E+01 2.1398353E-01 3.4098444E-01 5.3945360E-02 1.4099281E-02 1.2029162E-02 1.1994171E-02 6.2685257E-05 6.6822104E-04 7.1822364E-03 1.1766331E-05 6.8957216E-03 3.7016505E-02 4.2078234E-02 7.3309265E-05 1.5739491E+00 1.8977752E+01 -4.7049026E-02
2.6764000E+02 2.7427000E+02 8.6700000E+00 5.0500000E+02 9 5.5257395E+01 2.2092687E-01 3.5459740E-01 5.4535230E-02 1.5263208E-02 1.2876495E-02 1.2841808E-02 6.2142265E-05 7.1380727E-04 7.7749364E-03 1.1664409E-05 7.4572438E-03 3.6533884E-02 4.5552138E-02 7.8840550E-05 1.6451509E+00 1.8901576E+01 -4.0245738E-02
2.6764000E+02 2.7427000E+02 8.6700000E+00 5.0600000E+02 9 5.5254672E+01 2.2793763E-01 3.6928441E-01 5.4722978E-02 1.6398483E-02 1.3757691E-02 1.3723104E-02 6.1961985E-05 7.4058483E-04 8.3515394E-03 1.1630569E-05 8.0073843E-03 3.6382085E-02 4.8941409E-02 8.3977110E-05 1.7268428E+00 1.8815029E+01 -3.3770141E-02
2.6764000E+02 2.7427000E+02 8.6700000E+00 5.1100000E+02 9 5.5267277E+01 2.0934728E-01 3.2853806E-01 5.5538723E-02 1.3547012E-02 1.1711637E-02 1.1677603E-02 6.0972000E-05 6.3106065E-04 6.8996601E-03 1.1444744E-05 6.6276950E-03 3.5709530E-02 4.0429596E-02 7.1247120E-05 1.5497622E+00 1.9003033E+01 -4.8909719E-02
2.6764000E+02 2.7427000E+02 8.6700000E+00 5.1600000E+02 9 5.5270690E+01 2.0805408E-01 3.2438980E-01 5.6217543E-02 1.3407289E-02 1.1579965E-02 1.1546442E-02 6.0054446E-05 6.3563361E-04 6.8298697E-03 1.1272515E-05 6.5572883E-03 3.5156258E-02 4.0012069E-02 7.0125382E-05 1.5437609E+00 1.9010038E+01 -4.9299432E-02
2.6764000E+02 2.7427000E+02 8.6700000E+00 5.2100000E+02 9 5.5273288E+01 2.0749941E-01 3.2187609E-01 5.6788467E-02 1.3365287E-02 1.1502175E-02 1.1469133E-02 5.9195175E-05 6.4077254E-04 6.8105408E-03 1.1111225E-05 6.5334093E-03 3.4693129E-02 3.9886077E-02 6.9838331E-05 1.5421654E+00 1.9011899E+01 -4.9260360E-02
2.6764000E+02 2.7427000E+02 8.6700000E+00 5.2600000E+02 9 5.5275427E+01 2.0718375E-01 3.2002309E-01 5.7277474E-02 1.3351397E-02 1.1449686E-02 1.1417105E-02 5.8369528E-05 6.4282764E-04 6.8053410E-03 1.0956248E-05 6.5234124E-03 3.4298238E-02 3.9844125E-02 6.9777913E-05 1.5418051E+00 1.9012309E+01 -4.9115557E-02
2.6764000E+02 2.7427000E+02 8.6700000E+00 5.3100000E+02 9 5.5277271E+01 2.0692784E-01 3.1845606E-01 5.7702376E-02 1.3341589E-02 1.1408764E-02 1.1376631E-02 5.7565138E-05 6.4269962E-04 6.8018695E-03 1.0805259E-05 6.5158388E-03 3.3956629E-02 3.9814497E-02 6.9757095E-05 1.5415975E+00 1.9012512E+01 -4.8976118E-02
2.6764000E+02 2.7427000E+02 8.6700000E+00 5.3600000E+02 9 5.5278896E+01 2.0668561E-01 3.1704877E-01 5.8075811E-02 1.3329910E-02 1.1373236E-02 1.1341544E-02 5.6777032E-05 6.4102685E-04 6.7971609E-03 1.0657328E-05 6.5077181E-03 3.3657698E-02 3.9779385E-02 6.9726253E-05 1.5412517E+00 1.9012847E+01 -4.8869100E-02
2.6764000E+02 2.7427000E+02 8.6700000E+00 5.4100000E+02 9 5.5280343E+01 2.0645067E-01 3.1576214E-01 5.8407052E-02 1.3316152E-02 1.1340515E-02 1.1309254E-02 5.6003384E-05 6.3887056E-04 6.7912078E-03 1.0512111E-05 6.4988274E-03 3.3393665E-02 3.9738123E-02 6.9678895E-05 1.5407614E+00 1.9013333E+01 -4.8793157E-02
2.6764000E+02 2.7427000E+02 8.6700000E+00 5.4600000E+02 9 5.5281639E+01 2.0622644E-01 3.1458316E-01 5.8703103E-02 1.3301370E-02 1.1309601E-02 1.1278765E-02 5.5243537E-05 6.3690511E-04 6.7846250E-03 1.0369484E-05 6.4895857E-03 3.3158661E-02 3.9693837E-02 6.9619773E-05 1.5401826E+00 1.9013914E+01 -4.8740606E-02
2.6764000E+02 2.7427000E+02 8.6700000E+00 5.5100000E+02 9 5.5282806E+01 2.0601787E-01 3.1350478E-01 5.8969385E-02 1.3286560E-02 1.1280142E-02 1.1249722E-02 5.4497254E-05 6.3510617E-04 6.7779676E-03 1.0229403E-05 6.4804183E-03 3.2948150E-02 3.9649485E-02 6.9554830E-05 1.5395594E+00 1.9014543E+01 -4.8704498E-02
2.6764000E+02 2.7427000E+02 8.6700000E+00 5.5600000E+02 9 5.5283859E+01 2.0582700E-01 3.1251997E-01 5.9210187E-02 1.3272355E-02 1.1252013E-02 1.1222001E-02 5.3764438E-05 6.3357822E-04 6.7715841E-03 1.0091849E-05 6.4716009E-03 3.2758550E-02 3.9606947E-02 6.9488488E-05 1.5389273E+00 1.9015184E+01 -4.8679533E-02
2.6764000E+02 2.7427000E+02 8.6700000E+00 5.6100000E+02 9 5.5284813E+01 2.0565448E-01 3.1162088E-01 5.9428959E-02 1.3259077E-02 1.1225147E-02 1.1195538E-02 5.3045030E-05 6.3222622E-04 6.7656469E-03 9.9568130E-06 6.4632779E-03 3.2586981E-02 3.9567180E-02 6.9423445E-05 1.5383040E+00 1.9015816E+01 -4.8662317E-02
2.6764000E+02 2.7427000E+02 8.6700000E+00 5.6600000E+02 9 5.5285680E+01 2.0549943E-01 3.1079942E-01 5.9628523E-02 1.3246845E-02 1.1199487E-02 1.1170272E-02 5.2338968E-05 6.3105884E-04 6.7602203E-03 9.8242818E-06 6.4555030E-03 3.2431095E-02 3.9530538E-02 6.9361140E-05 1.5377005E+00 1.9016429E+01 -4.8650584E-02
2.6764000E+02 2.7427000E+02 8.6700000E+00 5.7100000E+02 9 5.5286470E+01 2.0536052E-01 3.1004772E-01 5.9811217E-02 1.3235662E-02 1.1174965E-02 1.1146136E-02 5.1646171E-05 6.3006014E-04 6.7553047E-03 9.6942403E-06 6.4482785E-03 3.2288949E-02 3.9497030E-02 6.9302198E-05 1.5371216E+00 1.9017016E+01 -4.8642907E-02
2.6764000E+02 2.7427000E+02 8.6700000E+00 5.7600000E+02 9 5.5287192E+01 2.0523639E-01 3.0935858E-01 5.9979000E-02 1.3225480E-02 1.1151505E-02 1.1123056E-02 5.0966532E-05 6.2918917E-04 6.7508768E-03 9.5666688E-06 6.4415807E-03 3.2158917E-02 3.9466517E-02 6.9246776E-05 1.5365683E+00 1.9017577E+01 -4.8638364E-02
2.6764000E+02 2.7427000E+02 8.6700000E+00 5.8100000E+02 9 5.5287854E+01 2.0512547E-01 3.0872544E-01 6.0133533E-02 1.3216226E-02 1.1129030E-02 1.1100953E-02 5.0299922E-05 6.2845052E-04 6.7468982E-03 9.4415427E-06 6.4353734E-03 3.2039626E-02 3.9438772E-02 6.9194785E-05 1.5360407E+00 1.9018111E+01 -4.8636307E-02
2.6764000E+02 2.7427000E+02 8.6700000E+00 5.8200000E+02 9 5.5279866E+01 2.2138967E-01 3.4267529E-01 6.0163923E-02 1.5773651E-02 1.2913075E-02 1.2885072E-02 5.0167120E-05 7.3395078E-04 8.0514695E-03 9.4166151E-06 7.6685713E-03 3.2021074E-02 4.7072110E-02 8.0182655E-05 1.6935188E+00 1.8851389E+01 -3.4673728E-02
2.6764000E+02 2.7427000E+02 8.6700000E+00 5.8700000E+02 9 5.5288697E+01 2.0477516E-01 3.0764099E-01 6.0305492E-02 1.3174756E-02 1.1097844E-02 1.1070366E-02 4.9225947E-05 6.2278041E-04 6.7261959E-03 9.2399525E-06 6.4133404E-03 3.1909495E-02 3.9314864E-02 6.9185331E-05 1.5340161E+00 1.9020007E+01 -4.8781176E-02
2.6764000E+02 2.7427000E+02 8.6700000E+00 5.9200000E+02 9 5.5289132E+01 2.0496758E-01 3.0764270E-01 6.0443335E-02 1.3209899E-02 1.1097160E-02 1.1070205E-02 4.8289291E-05 6.2781633E-04 6.7446960E-03 9.0641374E-06 6.4283443E-03 3.1805793E-02 3.9419659E-02 6.8953684E-05 1.5356370E+00 1.9018665E+01 -4.8566624E-02
2.6764000E+02 2.7427000E+02 8.6700000E+00 5.9700000E+02 9 5.5289506E+01 2.0524108E-01 3.0776447E-01 6.0576173E-02 1.3253634E-02 1.1095526E-02 1.1069111E-02 4.7322602E-05 6.3127635E-04 6.7677887E-03 8.8826852E-06 6.4471929E-03 3.1706758E-02 3.9550005E-02 6.9060028E-05 1.5375094E+00 1.9016736E+01 -4.8324886E-02
2.6764000E+02 2.7427000E+02 8.6700000E+00 6.0200000E+02 9 5.5289878E+01 2.0546151E-01 3.0779384E-01 6.0702165E-02 1.3288251E-02 1.1090232E-02 1.1064370E-02 4.6329943E-05 6.3252362E-04 6.7860434E-03 8.6963581E-06 6.4618159E-03 3.1613583E-02 3.9653180E-02 6.9193053E-05 1.5388995E+00 1.9015248E+01 -4.8134079E-02
2.6764000E+02 2.7427000E+02 8.6700000E+00 6.0700000E+02 9 5.5290258E+01 2.0560359E-01 3.0769758E-01 6.0820603E-02 1.3310891E-02 1.1081039E-02 1.1055737E-02 4.5328636E-05 6.3253702E-04 6.7979555E-03 8.5084080E-06 6.4709081E-03 3.1526625E-02 3.9720655E-02 6.9286850E-05 1.5397163E+00 1.9014354E+01 -4.8005284E-02
2.6764000E+02 2.7427000E+02 8.6700000E+00 6.1200000E+02 9 5.5290638E+01 2.0568345E-01 3.0750556E-01 6.0931444E-02 1.3323984E-02 1.1068705E-02 1.1043959E-02 4.4333128E-05 6.3168211E-04 6.8048231E-03 8.3215461E-06 6.4755928E-03 3.1445773E-02 3.9759664E-02 6.9339377E-05 1.5400732E+00 1.9013948E+01 -4.7926638E-02
2.6764000E+02 2.7427000E+02 8.6700000E+00 6.1700000E+02 9 5.5291011E+01 2.0571989E-01 3.0725568E-01 6.1034972E-02 1.3330652E-02 1.1054208E-02 1.1030009E-02 4.3353588E-05 6.3116681E-04 6.8083047E-03 8.1376817E-06 6.4773139E-03 3.1370706E-02 3.9779502E-02 6.9362067E-05 1.5401393E+00 1.9013855E+01 -4.7882090E-02
2.6764000E+02 2.7427000E+02 8.6700000E+00 6.2200000E+02 9 5.5291369E+01 2.0573219E-01 3.0697830E-01 6.1131619E-02 1.3333435E-02 1.1038419E-02 1.1014753E-02 4.2396787E-05 6.3054706E-04 6.8097463E-03 7.9580854E-06 6.4772517E-03 3.1301013E-02 3.9787745E-02 6.9366166E-05 1.5400169E+00 1.9013965E+01 -4.7859752E-02
2.6764000E+02 2.7427000E+02 8.6700000E+00 6.2700000E+02 9 5.5291708E+01 2.0573135E-01 3.0669291E-01 6.1221867E-02 1.3334000E-02 1.1021998E-02 1.0998851E-02 4.1467072E-05 6.3000611E-04 6.8100323E-03 7.7835734E-06 6.4761798E-03 3.1236265E-02 3.9789363E-02 6.9359589E-05 1.5397884E+00 1.9014190E+01 -4.7851047E-02
2.6764000E+02 2.7427000E+02 8.6700000E+00 6.3200000E+02 9 5.5292027E+01 2.0572415E-01 3.0641101E-01 6.1306202E-02 1.3333372E-02 1.1005398E-02 1.0982753E-02 4.0567093E-05 6.2959181E-04 6.8097070E-03 7.6146429E-06 6.4745746E-03 3.1176046E-02 3.9787415E-02 6.9347290E-05 1.5395043E+00 1.9014476E+01 -4.7850553E-02
2.6764000E+02 2.7427000E+02 8.6700000E+00 6.3700000E+02 9 5.5292326E+01 2.0571434E-01 3.0613862E-01 6.1385091E-02 1.3332138E-02 1.0988904E-02 1.0966745E-02 3.9698295E-05 6.2930321E-04 6.8090831E-03 7.4515653E-06 6.4727086E-03 3.1119964E-02 3.9783654E-02 6.9332125E-05 1.5391937E+00 1.9014791E+01 -4.7855023E-02
2.6764000E+02 2.7427000E+02 8.6700000E+00 6.4200000E+02 9 5.5292606E+01 2.0570405E-01 3.0587852E-01 6.1458968E-02 1.3330624E-02 1.0972684E-02 1.0950992E-02 3.8861259E-05 6.2909437E-04 6.8083334E-03 7.2944495E-06 6.4707333E-03 3.1067662E-02 3.9779052E-02 6.9315660E-05 1.5388721E+00 1.9015118E+01 -4.7862576E-02
2.6764000E+02 2.7427000E+02 8.6700000E+00 6.4700000E+02 9 5.5292868E+01 2.0569434E-01 3.0563172E-01 6.1528235E-02 1.3329007E-02 1.0956824E-02 1.0935581E-02 3.8055941E-05 6.2894298E-04 6.8075517E-03 7.1432873E-06 6.4687316E-03 3.1018815E-02 3.9774143E-02 6.9298723E-05 1.5385484E+00 1.9015448E+01 -4.7872097E-02
2.6764000E+02 2.7427000E+02 8.6700000E+00 6.5000000E+02 9 5.5289083E+01 2.1358418E-01 3.2188244E-01 6.1568218E-02 1.4564088E-02 1.1784309E-02 1.1763330E-02 3.7584094E-05 6.8198840E-04 7.4390122E-03 7.0547194E-06 7.0619971E-03 3.0993334E-02 4.3460008E-02 7.5082217E-05 1.6080925E+00 1.8941031E+01 -4.1187831E-02
