x y z_datum Time Well_no H2O H O Charge Al C Ca Cl Fe K Mg Na S Si U pH pe Alkalinity
2.6764000E+02 2.7427000E+02 8.6700000E+00 0.0000000E+00 9 9.9704301E-01 7.2098600E-06 6.6484776E-04 -3.2324431E-06 0.0000000E+00 1.0067647E-04 6.3262499E-05 4.3211171E-04 0.0000000E+00 2.8240956E-04 5.5605062E-05 2.2967748E-04 1.4127542E-04 0.0000000E+00 0.0000000E+00 7.0300000E+00 1.1068788E+01 7.1999443E-03
2.6764000E+02 2.7427000E+02 8.6700000E+00 5.0000000E+00 9 5.5325966E+01 2.1221825E-02 6.6084144E-02 -2.9933211E-03 0.0000000E+00 7.0883707E-03 1.3348779E-03 1.0307285E-02 0.0000000E+00 6.1083338E-03 1.9347281E-03 8.4485945E-03 1.1441924E-02 0.0000000E+00 0.0000000E+00 2.2542202E+00 1.8146029E+01 -9.1304262E-03
2.6764000E+02 2.7427000E+02 8.6700000E+00 1.0000000E+01 9 5.5306642E+01 3.6251749E-02 1.0974108E-01 -2.7019482E-03 1.0715375E-03 7.5817712E-03 3.1076852E-03 8.0152496E-03 3.7235070E-05 5.2801919E-03 1.5045018E-03 7.1051729E-03 2.0021278E-02 3.2036850E-03 6.1566501E-06 1.9422022E+00 1.8527637E+01 -2.0555534E-02
2.6764000E+02 2.7427000E+02 8.6700000E+00 1.5000000E+01 9 5.5285391E+01 5.9068191E-02 1.5573182E-01 -2.4589725E-03 2.5621958E-03 7.8731861E-03 4.4659967E-03 6.1039222E-03 9.5535629E-05 4.8929137E-03 1.1457362E-03 6.2743608E-03 2.7176397E-02 7.6568844E-03 1.4949117E-05 1.8352539E+00 1.8667872E+01 -2.7906102E-02
2.6764000E+02 2.7427000E+02 8.6700000E+00 2.0000000E+01 9 5.5267847E+01 7.9368971E-02 1.9386241E-01 -2.2763486E-03 3.9372207E-03 8.0702085E-03 5.4649133E-03 4.6673424E-03 1.5458833E-04 4.7330192E-03 8.7608312E-04 5.7711550E-03 3.2554681E-02 1.1763424E-02 2.3298251E-05 1.7870657E+00 1.8734547E+01 -3.2440924E-02
2.6764000E+02 2.7427000E+02 8.6700000E+00 2.5000000E+01 9 5.5254702E+01 9.5061014E-02 2.2272479E-01 -2.1454483E-03 5.0345731E-03 8.2313737E-03 6.2008567E-03 3.6376370E-03 2.0362033E-04 4.6763405E-03 6.8280235E-04 5.4632394E-03 3.6409964E-02 1.5040070E-02 3.0071343E-05 1.7633022E+00 1.8769260E+01 -3.5197531E-02
2.6764000E+02 2.7427000E+02 8.6700000E+00 3.0000000E+01 9 5.5245252E+01 1.0649675E-01 2.4379517E-01 -2.0532331E-03 5.8627955E-03 8.3792805E-03 6.7536768E-03 2.9122416E-03 2.4102296E-04 4.6648438E-03 5.4664206E-04 5.2725481E-03 3.9126057E-02 1.7512853E-02 3.5198146E-05 1.7514648E+00 1.8787874E+01 -3.6846849E-02
2.6764000E+02 2.7427000E+02 8.6700000E+00 3.5000000E+01 9 5.5238504E+01 1.1472378E-01 2.5907788E-01 -1.9881175E-03 6.4748300E-03 8.5204901E-03 7.1808063E-03 2.4000207E-03 2.6825327E-04 4.6705592E-03 4.5049570E-04 5.1510400E-03 4.1044085E-02 1.9340105E-02 3.8967225E-05 1.7457343E+00 1.8797946E+01 -3.7827973E-02
2.6764000E+02 2.7427000E+02 8.6700000E+00 4.0000000E+01 9 5.5233646E+01 1.2065915E-01 2.7025450E-01 -1.9414182E-03 6.9258916E-03 8.6558393E-03 7.5212103E-03 2.0326686E-03 2.8762648E-04 4.6806793E-03 3.8154189E-04 5.0699219E-03 4.2419746E-02 2.0686773E-02 4.1719830E-05 1.7431576E+00 1.8803389E+01 -3.8414873E-02
2.6764000E+02 2.7427000E+02 8.6700000E+00 4.5000000E+01 9 5.5230091E+01 1.2499571E-01 2.7857023E-01 -1.9071276E-03 7.2610952E-03 8.7847217E-03 7.8006615E-03 1.7629272E-03 3.0144748E-04 4.6899589E-03 3.3091010E-04 5.0124974E-03 4.3429959E-02 2.1687574E-02 4.3744082E-05 1.7422044E+00 1.8806290E+01 -3.8771107E-02
2.6764000E+02 2.7427000E+02 8.6700000E+00 5.0000000E+01 9 5.5227430E+01 1.2822211E-01 2.8489428E-01 -1.8812479E-03 7.5138596E-03 8.9065329E-03 8.0361093E-03 1.5593491E-03 3.1148574E-04 4.6966638E-03 2.9269749E-04 4.9692616E-03 4.4192456E-02 2.2442277E-02 4.5254770E-05 1.7420743E+00 1.8807778E+01 -3.8992076E-02
2.6764000E+02 2.7427000E+02 8.6700000E+00 5.5000000E+01 9 5.5225392E+01 1.3067318E-01 2.8981840E-01 -1.8611585E-03 7.7078892E-03 9.0209945E-03 8.2387826E-03 1.4013195E-03 3.1890279E-04 4.7005934E-03 2.6303456E-04 4.9348276E-03 4.4784414E-02 2.3021641E-02 4.6403266E-05 1.7423470E+00 1.8808474E+01 -3.9132875E-02
2.6764000E+02 2.7427000E+02 8.6700000E+00 6.0000000E+01 9 5.5223792E+01 1.3257585E-01 2.9374266E-01 -1.8451407E-03 7.8596951E-03 9.1281187E-03 8.4162402E-03 1.2753181E-03 3.2448312E-04 4.7021180E-03 2.3938349E-04 4.9061172E-03 4.5256450E-02 2.3474950E-02 4.7293771E-05 1.7428032E+00 1.8808724E+01 -3.9225354E-02
2.6764000E+02 2.7427000E+02 8.6700000E+00 6.5000000E+01 9 5.5222508E+01 1.3408416E-01 2.9693890E-01 -1.8320553E-03 7.9807473E-03 9.2281021E-03 8.5736812E-03 1.1723840E-03 3.2881413E-04 4.7017598E-03 2.2006224E-04 4.8813356E-03 4.5642114E-02 2.3836442E-02 4.7997666E-05 1.7433311E+00 1.8808721E+01 -3.9288063E-02
2.6764000E+02 2.7427000E+02 8.6700000E+00 6.6000000E+01 9 5.5216406E+01 1.4612358E-01 3.2574819E-01 -1.8295473E-03 1.0043726E-02 1.1222881E-02 1.0579473E-02 1.1526547E-03 4.0696661E-04 5.7243393E-03 2.1635896E-04 5.8806688E-03 4.5722197E-02 2.9998967E-02 5.8702064E-05 1.9248552E+00 1.8616214E+01 -2.7056849E-02
2.6764000E+02 2.7427000E+02 8.6700000E+00 6.7000000E+01 9 5.5216373E+01 1.4599418E-01 3.2544125E-01 -1.8271408E-03 9.9993153E-03 1.1192293E-02 1.0559452E-02 1.1337237E-03 3.9838274E-04 5.6909858E-03 2.1280552E-04 5.8430608E-03 4.5794045E-02 2.9866101E-02 5.9808490E-05 1.9180022E+00 1.8621582E+01 -2.7443772E-02
2.6764000E+02 2.7427000E+02 8.6700000E+00 7.2000000E+01 9 5.5217899E+01 1.3561794E-01 3.0059711E-01 -1.7806797E-03 7.8894850E-03 9.1996072E-03 8.6112758E-03 1.0539859E-03 3.1877186E-04 4.5845962E-03 1.9783833E-04 4.7406669E-03 4.6716568E-02 2.3563903E-02 4.8050041E-05 1.7154627E+00 1.8939481E+01 -4.1897599E-02
2.6764000E+02 2.7427000E+02 8.6700000E+00 7.7000000E+01 9 5.5212244E+01 1.3869866E-01 3.0729950E-01 -1.7296463E-03 8.0541562E-03 9.2875931E-03 8.7374004E-03 9.8566098E-04 3.4054648E-04 4.6281062E-03 1.8501341E-04 4.7639426E-03 4.7714642E-02 2.4055109E-02 5.4936788E-05 1.7056469E+00 1.9005384E+01 -4.3063962E-02
2.6764000E+02 2.7427000E+02 8.6700000E+00 8.2000000E+01 9 5.5207218E+01 1.4175783E-01 3.1384167E-01 -1.6861614E-03 8.2575511E-03 9.3959156E-03 8.8788791E-03 9.2626209E-04 3.6078619E-04 4.6969780E-03 1.7386395E-04 4.8128447E-03 4.8571417E-02 2.4661804E-02 6.4854929E-05 1.7010328E+00 1.9040804E+01 -4.3740451E-02
2.6764000E+02 2.7427000E+02 8.6700000E+00 8.7000000E+01 9 5.5203255E+01 1.4432071E-01 3.1931442E-01 -1.6523302E-03 8.4418707E-03 9.5009120E-03 9.0130548E-03 8.7398793E-04 3.7722706E-04 4.7603478E-03 1.6405183E-04 4.8584213E-03 4.9249498E-02 2.5211645E-02 7.4227536E-05 1.6989509E+00 1.9060987E+01 -4.4137645E-02
2.6764000E+02 2.7427000E+02 8.6700000E+00 9.1000000E+01 9 5.5199320E+01 1.4886460E-01 3.2961107E-01 -1.6308883E-03 9.0568588E-03 1.0014341E-02 9.5476822E-03 8.3601168E-04 4.0987380E-04 5.0484741E-03 1.5692350E-04 5.1272845E-03 4.9692280E-02 2.7047860E-02 8.6200125E-05 1.7310474E+00 1.9037430E+01 -4.1481588E-02
2.6764000E+02 2.7427000E+02 8.6700000E+00 9.2000000E+01 9 5.5194164E+01 1.5843436E-01 3.5207802E-01 -1.6258661E-03 1.0659154E-02 1.1488221E-02 1.1026734E-02 8.2674734E-04 4.8020261E-04 5.8481930E-03 1.5518454E-04 5.9062051E-03 4.9809015E-02 3.1833598E-02 1.0357224E-04 1.8555667E+00 1.8912156E+01 -3.2217342E-02
2.6764000E+02 2.7427000E+02 8.6700000E+00 9.7000000E+01 9 5.5193391E+01 1.4782352E-01 3.2812069E-01 -2.2007105E-03 8.4920408E-03 9.5251822E-03 9.0868951E-03 7.8518389E-04 3.8409825E-04 4.7347546E-03 1.4738288E-04 4.8081055E-03 5.1133678E-02 2.5360785E-02 8.6513909E-05 1.6740605E+00 1.9112468E+01 -4.7072839E-02
2.6764000E+02 2.7427000E+02 8.6700000E+00 1.0200000E+02 9 5.5185283E+01 1.5114423E-01 3.3643413E-01 -2.8784773E-03 8.6716701E-03 9.6092952E-03 9.1919740E-03 7.4762385E-04 4.0658634E-04 4.8050226E-03 1.4033267E-04 4.8628312E-03 5.2548689E-02 2.5896472E-02 9.1582815E-05 1.6667757E+00 1.9132198E+01 -4.8309003E-02
2.6764000E+02 2.7427000E+02 8.6700000E+00 1.0700000E+02 9 5.5178365E+01 1.5423984E-01 3.4399731E-01 -3.4545542E-03 8.8684487E-03 9.7041581E-03 9.3058964E-03 7.1347908E-04 4.2571491E-04 4.8861004E-03 1.3392353E-04 4.9285721E-03 5.3738062E-02 2.6483312E-02 9.7506773E-05 1.6632196E+00 1.9144487E+01 -4.9105098E-02
2.6764000E+02 2.7427000E+02 8.6700000E+00 1.1200000E+02 9 5.5173025E+01 1.5676647E-01 3.5010043E-01 -3.8898531E-03 9.0406449E-03 9.7924234E-03 9.4115748E-03 6.8228373E-04 4.4114467E-04 4.9562094E-03 1.2806801E-04 4.9851034E-03 5.4656555E-02 2.6996883E-02 1.0277722E-04 1.6615470E+00 1.9152126E+01 -4.9614530E-02
2.6764000E+02 2.7427000E+02 8.6700000E+00 1.1700000E+02 9 5.5169066E+01 1.5872804E-01 3.5480817E-01 -4.2018159E-03 9.1797669E-03 9.8697090E-03 9.5048365E-03 6.5366288E-04 4.5299775E-04 5.0107747E-03 1.2269574E-04 5.0280479E-03 5.5344129E-02 2.7411848E-02 1.0703789E-04 1.6608040E+00 1.9156942E+01 -4.9943605E-02
2.6764000E+02 2.7427000E+02 8.6700000E+00 1.2200000E+02 9 5.5166157E+01 1.6023265E-01 3.5840581E-01 -4.4207650E-03 9.2893373E-03 9.9364369E-03 9.5862745E-03 6.2731009E-04 4.6193095E-04 5.0514421E-03 1.1774919E-04 5.0588112E-03 5.5857590E-02 2.7738698E-02 1.1035340E-04 1.6605172E+00 1.9160046E+01 -5.0160483E-02
2.6764000E+02 2.7427000E+02 8.6700000E+00 1.2400000E+02 9 5.5160217E+01 1.7065752E-01 3.8233084E-01 -4.4954638E-03 1.0996372E-02 1.1378777E-02 1.1034306E-02 6.1711381E-04 5.4985154E-04 5.9064276E-03 1.1583530E-04 5.8846115E-03 5.6056649E-02 3.2836097E-02 1.3161512E-04 1.7668879E+00 1.9052295E+01 -4.0594903E-02
2.6764000E+02 2.7427000E+02 8.6700000E+00 1.2500000E+02 9 5.5158369E+01 1.7367128E-01 3.8939805E-01 -4.5298406E-03 1.1483530E-02 1.1831210E-02 1.1489538E-02 6.1209971E-04 5.6335994E-04 6.1485189E-03 1.1489413E-04 6.1193344E-03 5.6148638E-02 3.4291043E-02 1.3909273E-04 1.8018483E+00 1.9016877E+01 -3.7848284E-02
2.6764000E+02 2.7427000E+02 8.6700000E+00 1.3000000E+02 9 5.5163660E+01 1.6054333E-01 3.5970429E-01 -4.6480948E-03 9.2018982E-03 9.8999355E-03 9.5699717E-03 5.9112444E-04 4.5205307E-04 4.9863701E-03 1.1095696E-04 4.9858630E-03 5.6435930E-02 2.7477404E-02 1.1316947E-04 1.6490986E+00 1.9174389E+01 -5.1515051E-02
2.6764000E+02 2.7427000E+02 8.6700000E+00 1.3100000E+02 9 5.5156483E+01 1.7448970E-01 3.9157757E-01 -4.6699222E-03 1.1530393E-02 1.1868463E-02 1.1540791E-02 5.8701955E-04 5.8518428E-04 6.1579640E-03 1.1018646E-04 6.1209309E-03 5.6515621E-02 3.4430815E-02 1.3831409E-04 1.7996367E+00 1.9021435E+01 -3.8155322E-02
2.6764000E+02 2.7427000E+02 8.6700000E+00 1.3200000E+02 9 5.5156307E+01 1.7440935E-01 3.9136361E-01 -4.6901490E-03 1.1496800E-02 1.1844223E-02 1.1518822E-02 5.8295073E-04 5.6906330E-04 6.1390359E-03 1.0942272E-04 6.1006264E-03 5.6574603E-02 3.4330246E-02 1.4105179E-04 1.7957032E+00 1.9025239E+01 -3.8447080E-02
2.6764000E+02 2.7427000E+02 8.6700000E+00 1.3700000E+02 9 5.5154490E+01 1.6292402E-01 3.6678203E-01 -6.0478900E-03 9.2220032E-03 9.9253562E-03 9.6104678E-03 5.6411732E-04 4.5661707E-04 4.9812677E-03 1.0588759E-04 4.9726298E-03 5.8282566E-02 2.7537103E-02 1.1453128E-04 1.6355432E+00 1.9169536E+01 -5.3683668E-02
2.6764000E+02 2.7427000E+02 8.6700000E+00 1.4200000E+02 9 5.5143976E+01 1.6675094E-01 3.7687791E-01 -7.6261855E-03 9.4482603E-03 1.0053719E-02 9.7485825E-03 5.4664754E-04 4.8076697E-04 5.0867603E-03 1.0260843E-04 5.0668046E-03 6.0252074E-02 2.8212028E-02 1.1285999E-04 1.6321814E+00 1.9145123E+01 -5.4875959E-02
2.6764000E+02 2.7427000E+02 8.6700000E+00 1.4700000E+02 9 5.5134797E+01 1.7034548E-01 3.8611430E-01 -8.9810902E-03 9.6855310E-03 1.0188418E-02 9.8923882E-03 5.3033219E-04 4.9764495E-04 5.1985894E-03 9.9545960E-05 5.1671827E-03 6.1943723E-02 2.8919785E-02 1.0947650E-04 1.6311823E+00 1.9115221E+01 -5.5686927E-02
2.6764000E+02 2.7427000E+02 8.6700000E+00 1.5200000E+02 9 5.5127645E+01 1.7324667E-01 3.9349969E-01 -1.0021605E-02 9.8852363E-03 1.0306325E-02 1.0018846E-02 5.1501432E-04 5.0916025E-04 5.2917038E-03 9.6670720E-05 5.2504567E-03 6.3253809E-02 2.9515523E-02 1.0424847E-04 1.6310556E+00 1.9084866E+01 -5.6238481E-02
2.6764000E+02 2.7427000E+02 8.6700000E+00 1.5700000E+02 9 5.5122331E+01 1.7545469E-01 3.9909836E-01 -1.0781830E-02 1.0040516E-02 1.0403090E-02 1.0123666E-02 5.0058396E-04 5.1689679E-04 5.3625521E-03 9.3962070E-05 5.3132146E-03 6.4225816E-02 2.9978763E-02 9.8280055E-05 1.6312098E+00 1.9056773E+01 -5.6616372E-02
2.6764000E+02 2.7427000E+02 8.6700000E+00 1.6200000E+02 9 5.5118442E+01 1.7710648E-01 4.0327798E-01 -1.1326857E-02 1.0158228E-02 1.0481078E-02 1.0209258E-02 4.8696122E-04 5.2205535E-04 5.4146283E-03 9.1405016E-05 5.3586421E-03 6.4938618E-02 3.0329951E-02 9.2498716E-05 1.6314281E+00 1.9032293E+01 -5.6878821E-02
2.6764000E+02 2.7427000E+02 8.6700000E+00 1.6700000E+02 9 5.5115582E+01 1.7834950E-01 4.0642047E-01 -1.1717917E-02 1.0247724E-02 1.0544330E-02 1.0279698E-02 4.7408360E-04 5.2571881E-04 5.4526995E-03 8.8987824E-05 5.3911505E-03 6.5465605E-02 3.0596970E-02 8.7405283E-05 1.6316460E+00 1.9011813E+01 -5.7064506E-02
2.6764000E+02 2.7427000E+02 8.6700000E+00 1.6800000E+02 9 5.5107983E+01 1.9275918E-01 4.3898220E-01 -1.1790446E-02 1.2629094E-02 1.2493782E-02 1.2230571E-02 4.7153741E-04 6.6233133E-04 6.6536328E-03 8.8509891E-05 6.5513148E-03 6.5572421E-02 3.7707725E-02 1.0066506E-04 1.7695499E+00 1.8863192E+01 -4.3544770E-02
2.6764000E+02 2.7427000E+02 8.6700000E+00 1.6900000E+02 9 5.5107656E+01 1.9263481E-01 4.3867918E-01 -1.1857747E-02 1.2580799E-02 1.2459605E-02 1.2197799E-02 4.6902009E-04 6.3761961E-04 6.6281220E-03 8.8037378E-05 6.5251982E-03 6.5665568E-02 3.7563284E-02 1.0064215E-04 1.7647182E+00 1.8863110E+01 -4.3952191E-02
2.6764000E+02 2.7427000E+02 8.6700000E+00 1.7400000E+02 9 5.5121876E+01 1.7057755E-01 4.0057243E-01 -1.6662150E-02 1.0106971E-02 1.0468198E-02 1.0213043E-02 4.5710572E-04 5.0565680E-04 5.3714544E-03 8.5800992E-05 5.3086472E-03 6.4499536E-02 3.0176661E-02 8.0630463E-05 1.6922434E+00 1.8928382E+01 -5.0881124E-02
2.6764000E+02 2.7427000E+02 8.6700000E+00 1.7500000E+02 9 5.5117340E+01 1.8131306E-01 4.2854672E-01 -1.7766520E-02 1.2233507E-02 1.2402489E-02 1.2148650E-02 4.5474935E-04 6.0542809E-04 6.4390146E-03 8.5358690E-05 6.3504650E-03 6.4223040E-02 3.6528608E-02 9.1850078E-05 1.8582034E+00 1.8752358E+01 -3.6644295E-02
2.6764000E+02 2.7427000E+02 8.6700000E+00 1.7600000E+02 9 5.5119640E+01 1.7855633E-01 4.2554803E-01 -1.8960284E-02 1.2096969E-02 1.2361490E-02 1.2108951E-02 4.5241911E-04 5.8112877E-04 6.3673102E-03 8.4921291E-05 6.2835756E-03 6.3905751E-02 3.6121462E-02 9.1407019E-05 1.8746518E+00 1.8732169E+01 -3.5457490E-02
2.6764000E+02 2.7427000E+02 8.6700000E+00 1.8100000E+02 9 5.5062364E+01 1.7646049E-01 4.4001997E-01 -2.9952749E-02 9.5932986E-03 1.0385543E-02 1.0139168E-02 4.4137738E-04 4.5744428E-04 5.0946847E-03 8.2848705E-05 5.0548898E-03 7.5955272E-02 2.8646348E-02 7.2852276E-05 1.6271000E+00 1.8978260E+01 -6.2926194E-02
2.6764000E+02 2.7427000E+02 8.6700000E+00 1.8600000E+02 9 5.4981203E+01 1.9692753E-01 5.0240523E-01 -4.0813970E-02 9.8168403E-03 1.0452567E-02 1.0212038E-02 4.3090446E-04 4.9598534E-04 5.2045112E-03 8.0882885E-05 5.1515116E-03 9.0863931E-02 2.9312359E-02 7.1058745E-05 1.5390207E+00 1.9058636E+01 -8.1081868E-02
2.6764000E+02 2.7427000E+02 8.6700000E+00 1.9100000E+02 9 5.4909004E+01 2.1810121E-01 5.6119231E-01 -4.9638286E-02 1.0370447E-02 1.0539022E-02 1.0304042E-02 4.2096223E-04 5.6949717E-04 5.4880552E-03 7.9016681E-05 5.4013787E-03 1.0387863E-01 3.0960862E-02 7.2024904E-05 1.4824738E+00 1.9108347E+01 -9.6094186E-02
2.6764000E+02 2.7427000E+02 8.6700000E+00 1.9600000E+02 9 5.4852461E+01 2.3622355E-01 6.0914736E-01 -5.6248085E-02 1.1009376E-02 1.0620461E-02 1.0390754E-02 4.1151510E-04 6.5111276E-04 5.8171058E-03 7.7243409E-05 5.6906535E-03 1.1393244E-01 3.2863117E-02 7.3734790E-05 1.4483738E+00 1.9136697E+01 -1.0701919E-01
2.6764000E+02 2.7427000E+02 8.6700000E+00 2.0100000E+02 9 5.4810662E+01 2.5047178E-01 6.4574495E-01 -6.1024933E-02 1.1603207E-02 1.0690813E-02 1.0466122E-02 4.0252988E-04 7.2291610E-04 6.1229952E-03 7.5556839E-05 5.9590891E-03 1.2128551E-01 3.4630969E-02 7.5329184E-05 1.4280265E+00 1.9152289E+01 -1.1453620E-01
2.6764000E+02 2.7427000E+02 8.6700000E+00 2.0600000E+02 9 5.4780493E+01 2.6123947E-01 6.7286867E-01 -6.4441092E-02 1.2105356E-02 1.0750765E-02 1.0530849E-02 3.9397570E-04 7.8013945E-04 6.3810604E-03 7.3951176E-05 6.1853201E-03 1.2654712E-01 3.6125865E-02 7.6549355E-05 1.4158858E+00 1.9160510E+01 -1.1958641E-01
2.6764000E+02 2.7427000E+02 8.6700000E+00 2.1100000E+02 9 5.4758780E+01 2.6926896E-01 6.9284623E-01 -6.6899420E-02 1.2512547E-02 1.0802858E-02 1.0587492E-02 3.8582391E-04 8.2427229E-04 6.5895061E-03 7.2421045E-05 6.3678984E-03 1.3030799E-01 3.7338122E-02 7.7393267E-05 1.4086203E+00 1.9164540E+01 -1.2296534E-01
2.6764000E+02 2.7427000E+02 8.6700000E+00 2.1600000E+02 9 5.4742973E+01 2.7528032E-01 7.0769486E-01 -6.8699365E-02 1.2838312E-02 1.0849531E-02 1.0638506E-02 3.7804795E-04 8.5824317E-04 6.7554325E-03 7.0961459E-05 6.5130738E-03 1.3303100E-01 3.8308046E-02 7.7940723E-05 1.4042555E+00 1.9166222E+01 -1.2524752E-01
2.6764000E+02 2.7427000E+02 8.6700000E+00 2.2100000E+02 9 5.4731228E+01 2.7984981E-01 7.1894100E-01 -7.0049013E-02 1.3099799E-02 1.0892537E-02 1.0685656E-02 3.7062325E-04 8.8469098E-04 6.8877724E-03 6.9567807E-05 6.6288305E-03 1.3504584E-01 3.9086692E-02 7.8280714E-05 1.4016293E+00 1.9166618E+01 -1.2681738E-01
2.6764000E+02 2.7427000E+02 8.6700000E+00 2.2600000E+02 9 5.4722277E+01 2.8340035E-01 7.2766695E-01 -7.1088293E-02 1.3312506E-02 1.0932962E-02 1.0730042E-02 3.6352706E-04 9.0563535E-04 6.9945258E-03 6.8235818E-05 6.7224511E-03 1.3657637E-01 3.9720183E-02 7.8486448E-05 1.4000603E+00 1.9166326E+01 -1.2792217E-01
2.6764000E+02 2.7427000E+02 8.6700000E+00 2.3100000E+02 9 5.4715270E+01 2.8622830E-01 7.3461557E-01 -7.1910179E-02 1.3488735E-02 1.0971431E-02 1.0772301E-02 3.5673836E-04 9.2247803E-04 7.0820638E-03 6.6961545E-05 6.7996919E-03 1.3777146E-01 4.0245138E-02 7.8610059E-05 1.3991463E+00 1.9165683E+01 -1.2871866E-01
2.6764000E+02 2.7427000E+02 8.6700000E+00 2.3600000E+02 9 5.4709640E+01 2.8853659E-01 7.4028980E-01 -7.2576564E-02 1.3637590E-02 1.1008293E-02 1.0812791E-02 3.5023769E-04 9.3621604E-04 7.1551470E-03 6.5741336E-05 6.8647580E-03 1.3872969E-01 4.0688646E-02 7.8685242E-05 1.3986463E+00 1.9164873E+01 -1.2930661E-01
2.6764000E+02 2.7427000E+02 8.6700000E+00 2.4100000E+02 9 5.4705008E+01 2.9046341E-01 7.4503006E-01 -7.3129097E-02 1.3765575E-02 1.1043747E-02 1.0851724E-02 3.4400706E-04 9.4755455E-04 7.2172211E-03 6.4571816E-05 6.9206020E-03 1.3951684E-01 4.1070060E-02 7.8732181E-05 1.3984115E+00 1.9164000E+01 -1.2975052E-01
2.6764000E+02 2.7427000E+02 8.6700000E+00 2.4600000E+02 9 5.4701116E+01 2.9210305E-01 7.4906878E-01 -7.3596272E-02 1.3877285E-02 1.1077914E-02 1.0889226E-02 3.3802983E-04 9.5700314E-04 7.2707561E-03 6.3449861E-05 6.9692660E-03 1.4017741E-01 4.1403045E-02 7.8762256E-05 1.3983477E+00 1.9163122E+01 -1.3009298E-01
2.6764000E+02 2.7427000E+02 8.6700000E+00 2.5100000E+02 9 5.4697787E+01 2.9352103E-01 7.5256731E-01 -7.3997961E-02 1.3975984E-02 1.1110868E-02 1.0925384E-02 3.3229059E-04 9.6494540E-04 7.3175282E-03 6.2372578E-05 7.0121718E-03 1.4074208E-01 4.1697305E-02 7.8781605E-05 1.3983937E+00 1.9162271E+01 -1.3036269E-01
2.6764000E+02 2.7427000E+02 8.6700000E+00 2.5600000E+02 9 5.4694896E+01 2.9476382E-01 7.5563989E-01 -7.4348304E-02 1.4064029E-02 1.1142661E-02 1.0960256E-02 3.2677509E-04 9.7168041E-04 7.3588342E-03 6.1337291E-05 7.0503280E-03 1.4123241E-01 4.1959847E-02 7.8793489E-05 1.3985091E+00 1.9161466E+01 -1.3057943E-01
2.6764000E+02 2.7427000E+02 8.6700000E+00 2.6100000E+02 9 5.4692353E+01 2.9586496E-01 7.5836915E-01 -7.4657568E-02 1.4143163E-02 1.1173328E-02 1.0993884E-02 3.2147010E-04 9.7744267E-04 7.3956355E-03 6.0341519E-05 7.0844729E-03 1.4166388E-01 4.2195852E-02 7.8799715E-05 1.3986667E+00 1.9160715E+01 -1.3075701E-01
2.6764000E+02 2.7427000E+02 8.6700000E+00 2.6400000E+02 9 5.4686202E+01 3.0598155E-01 7.7931487E-01 -7.4830163E-02 1.5670508E-02 1.2077817E-02 1.1900109E-02 3.1836017E-04 1.1047837E-03 8.1747467E-03 5.9757769E-05 7.8154341E-03 1.4190743E-01 4.6752123E-02 8.6530457E-05 1.4350075E+00 1.9118119E+01 -1.2292100E-01
2.6764000E+02 2.7427000E+02 8.6700000E+00 2.6500000E+02 9 5.4681000E+01 3.1569671E-01 7.9938936E-01 -7.4886317E-02 1.7173715E-02 1.3001497E-02 1.2824363E-02 3.1733154E-04 1.2377558E-03 8.9420302E-03 5.9564691E-05 8.5374960E-03 1.4198852E-01 5.1236924E-02 9.3772723E-05 1.4740188E+00 1.9073151E+01 -1.1492407E-01
2.6764000E+02 2.7427000E+02 8.6700000E+00 2.7000000E+02 9 5.4688175E+01 2.9871534E-01 7.6502343E-01 -7.5087844E-02 1.4467402E-02 1.1386435E-02 1.1210915E-02 3.1444056E-04 9.8016314E-04 7.5556975E-03 5.9022039E-05 7.2360685E-03 1.4226029E-01 4.3163255E-02 8.0729102E-05 1.4041251E+00 1.9152750E+01 -1.2978572E-01
2.6764000E+02 2.7427000E+02 8.6700000E+00 2.7500000E+02 9 5.4685128E+01 3.0241746E-01 7.7301426E-01 -7.5276504E-02 1.4995027E-02 1.1713293E-02 1.1539586E-02 3.1119320E-04 1.0337047E-03 7.8227343E-03 5.8412493E-05 7.4877142E-03 1.4252100E-01 4.4737414E-02 8.2585380E-05 1.4161269E+00 1.9139043E+01 -1.2727019E-01
2.6764000E+02 2.7427000E+02 8.6700000E+00 2.8000000E+02 9 5.4682486E+01 3.0543559E-01 7.7961170E-01 -7.5455128E-02 1.5417130E-02 1.1995329E-02 1.1823658E-02 3.0754470E-04 1.0640139E-03 8.0351870E-03 5.7727652E-05 7.6888545E-03 1.4276932E-01 4.5997005E-02 8.4519736E-05 1.4257644E+00 1.9127481E+01 -1.2528021E-01
2.6764000E+02 2.7427000E+02 8.6700000E+00 2.8500000E+02 9 5.4680293E+01 3.0770876E-01 7.8475521E-01 -7.5621716E-02 1.5730999E-02 1.2228823E-02 1.2059209E-02 3.0386129E-04 1.0817668E-03 8.1919479E-03 5.7036258E-05 7.8384030E-03 1.4300124E-01 4.6933892E-02 8.5941739E-05 1.4329964E+00 1.9118700E+01 -1.2381872E-01
2.6764000E+02 2.7427000E+02 8.6700000E+00 2.8900000E+02 9 5.4676566E+01 3.1358699E-01 7.9727678E-01 -7.5747267E-02 1.6623980E-02 1.2821556E-02 1.2653550E-02 3.0097954E-04 1.1473081E-03 8.6453223E-03 5.6495340E-05 8.2667860E-03 1.4317752E-01 4.9598524E-02 9.0381397E-05 1.4554582E+00 1.9092246E+01 -1.1915879E-01
2.6764000E+02 2.7427000E+02 8.6700000E+00 2.9000000E+02 9 5.4669186E+01 3.2800038E-01 8.2734087E-01 -7.5778175E-02 1.8889032E-02 1.4268860E-02 1.4101253E-02 3.0026418E-04 1.3560981E-03 9.8007551E-03 5.6361063E-05 9.3571243E-03 1.4322453E-01 5.6357138E-02 1.0058133E-04 1.5180929E+00 1.9020795E+01 -1.0688669E-01
2.6764000E+02 2.7427000E+02 8.6700000E+00 2.9500000E+02 9 5.4729766E+01 2.9626005E-01 7.5029323E-01 -6.9539003E-02 1.5893506E-02 1.2458580E-02 1.2292885E-02 2.9684005E-04 1.0612303E-03 8.2673821E-03 5.5718337E-05 7.9148538E-03 1.3378431E-01 4.7419993E-02 8.6873063E-05 1.4797700E+00 1.9069855E+01 -1.1007230E-01
2.6764000E+02 2.7427000E+02 8.6700000E+00 3.0000000E+02 9 5.4796301E+01 2.7897025E-01 7.0060686E-01 -6.1459876E-02 1.5801262E-02 1.2581059E-02 1.2417198E-02 2.9355341E-04 1.0576819E-03 8.2128643E-03 5.5101419E-05 7.8746249E-03 1.2157334E-01 4.7147535E-02 8.5649913E-05 1.5429711E+00 1.9006274E+01 -9.3512385E-02
2.6764000E+02 2.7427000E+02 8.6700000E+00 3.0100000E+02 9 5.4801903E+01 2.9148735E-01 7.2525368E-01 -5.9808055E-02 1.8385783E-02 1.4499310E-02 1.4335814E-02 2.9290141E-04 1.2810739E-03 9.5234486E-03 5.4979036E-05 9.1288196E-03 1.1908237E-01 5.4863455E-02 9.7397258E-05 1.6550363E+00 1.8882944E+01 -7.5541887E-02
2.6764000E+02 2.7427000E+02 8.6700000E+00 3.0200000E+02 9 5.4815915E+01 2.8720048E-01 7.1356682E-01 -5.8151513E-02 1.8246265E-02 1.4492919E-02 1.4329784E-02 2.9225454E-04 1.2293403E-03 9.4497178E-03 5.4857615E-05 9.0637706E-03 1.1657978E-01 5.4448204E-02 9.8156848E-05 1.6686957E+00 1.8867438E+01 -7.2758743E-02
2.6764000E+02 2.7427000E+02 8.6700000E+00 3.0300000E+02 9 5.4829775E+01 2.8275443E-01 7.0173401E-01 -5.6527435E-02 1.8078888E-02 1.4474977E-02 1.4313088E-02 2.9002158E-04 1.1890997E-03 9.3604775E-03 5.4438477E-05 8.9844280E-03 1.1412918E-01 5.3949964E-02 9.7872674E-05 1.6817069E+00 1.8853909E+01 -7.0175466E-02
2.6764000E+02 2.7427000E+02 8.6700000E+00 3.0800000E+02 9 5.4896205E+01 2.4839128E-01 6.1824349E-01 -4.9653024E-02 1.4884920E-02 1.2519354E-02 1.2361902E-02 2.8207245E-04 9.2650959E-04 7.7229573E-03 5.2946387E-05 7.4431709E-03 1.0374027E-01 4.4420883E-02 8.1011374E-05 1.6312345E+00 1.8918326E+01 -7.3175356E-02
2.6764000E+02 2.7427000E+02 8.6700000E+00 3.1300000E+02 9 5.4942015E+01 2.3351302E-01 5.7941927E-01 -4.4303731E-02 1.4341085E-02 1.2504198E-02 1.2351361E-02 2.7380634E-04 8.6154460E-04 7.4307356E-03 5.1394797E-05 7.1866532E-03 9.5659663E-02 4.2802906E-02 7.7437774E-05 1.6763140E+00 1.8874271E+01 -6.4482871E-02
2.6764000E+02 2.7427000E+02 8.6700000E+00 3.1800000E+02 9 5.4976550E+01 2.2179835E-01 5.4942084E-01 -4.0309871E-02 1.3848950E-02 1.2498447E-02 1.2350481E-02 2.6507882E-04 7.8565512E-04 7.1656951E-03 4.9756598E-05 6.9532777E-03 8.9626984E-02 4.1338577E-02 7.5038275E-05 1.7108730E+00 1.8839662E+01 -5.8364627E-02
2.6764000E+02 2.7427000E+02 8.6700000E+00 3.2300000E+02 9 5.5002150E+01 2.1264313E-01 5.2654043E-01 -3.7385770E-02 1.3411398E-02 1.2494553E-02 1.2351455E-02 2.5635756E-04 7.2039865E-04 6.9297605E-03 4.8119574E-05 6.7445847E-03 8.5210344E-02 4.0036391E-02 7.3128897E-05 1.7355857E+00 1.8814705E+01 -5.4209718E-02
2.6764000E+02 2.7427000E+02 8.6700000E+00 3.2800000E+02 9 5.5021048E+01 2.0551216E-01 5.0915361E-01 -3.5256102E-02 1.3032110E-02 1.2490668E-02 1.2352236E-02 2.4799989E-04 6.6932526E-04 6.7250614E-03 4.6550799E-05 6.5626032E-03 8.1993633E-02 3.8907337E-02 7.1530582E-05 1.7523907E+00 1.8797675E+01 -5.1435256E-02
2.6764000E+02 2.7427000E+02 8.6700000E+00 3.2900000E+02 9 5.5018533E+01 2.1628755E-01 5.3413158E-01 -3.4859789E-02 1.5016021E-02 1.4370942E-02 1.4233433E-02 2.4634546E-04 7.4326544E-04 7.7211980E-03 4.6240254E-05 7.5355123E-03 8.1400813E-02 4.4834009E-02 8.1282694E-05 1.8950433E+00 1.8644215E+01 -3.8759199E-02
2.6764000E+02 2.7427000E+02 8.6700000E+00 3.3000000E+02 9 5.5021976E+01 2.1471833E-01 5.3040657E-01 -3.4491010E-02 1.4896348E-02 1.4335857E-02 1.4199260E-02 2.4471033E-04 7.2466760E-04 7.6585615E-03 4.5933332E-05 7.4772209E-03 8.0844684E-02 4.4477097E-02 8.1955483E-05 1.8953515E+00 1.8642261E+01 -3.8576241E-02
2.6764000E+02 2.7427000E+02 8.6700000E+00 3.3500000E+02 9 5.5013025E+01 2.0642803E-01 5.0904220E-01 -3.3666423E-02 1.2410145E-02 1.2362824E-02 1.2230465E-02 2.3711772E-04 6.0148422E-04 6.3951077E-03 4.4508161E-05 6.2614445E-03 8.3881412E-02 3.7053868E-02 6.9281052E-05 1.6774662E+00 1.8872727E+01 -5.9687401E-02
2.6764000E+02 2.7427000E+02 8.6700000E+00 3.4000000E+02 9 5.4986248E+01 2.1684809E-01 5.2908078E-01 -3.3325534E-02 1.2447389E-02 1.2350654E-02 1.2222206E-02 2.3011332E-04 6.1821935E-04 6.4115357E-03 4.3193403E-05 6.2716727E-03 8.8785892E-02 3.7164198E-02 6.9002088E-05 1.6065154E+00 1.8944550E+01 -6.9818616E-02
2.6764000E+02 2.7427000E+02 8.6700000E+00 3.4500000E+02 9 5.4959424E+01 2.2874368E-01 5.5169370E-01 -3.3170675E-02 1.2755535E-02 1.2361550E-02 1.2236703E-02 2.2365998E-04 6.6215169E-04 6.5708146E-03 4.1982079E-05 6.4076399E-03 9.3516264E-02 3.8081055E-02 7.0483091E-05 1.5567544E+00 1.8994264E+01 -7.8251501E-02
2.6764000E+02 2.7427000E+02 8.6700000E+00 3.5000000E+02 9 5.4936772E+01 2.3967105E-01 5.7218383E-01 -3.3073966E-02 1.3165637E-02 1.2377575E-02 1.2256052E-02 2.1770648E-04 7.1620390E-04 6.7841983E-03 4.0864577E-05 6.5909845E-03 9.7410095E-02 3.9301421E-02 7.2457817E-05 1.5242501E+00 1.9026528E+01 -8.4504562E-02
2.6764000E+02 2.7427000E+02 8.6700000E+00 3.5500000E+02 9 5.4919143E+01 2.4873886E-01 5.8896852E-01 -3.2985909E-02 1.3575094E-02 1.2391821E-02 1.2273371E-02 2.1220055E-04 7.7064389E-04 6.9976074E-03 3.9831086E-05 6.7742972E-03 1.0038063E-01 4.0519865E-02 7.4342757E-05 1.5035073E+00 1.9047036E+01 -8.8885522E-02
2.6764000E+02 2.7427000E+02 8.6700000E+00 3.6000000E+02 9 5.4906028E+01 2.5586183E-01 6.0197874E-01 -3.2891692E-02 1.3936077E-02 1.2402179E-02 1.2286580E-02 2.0709388E-04 8.1853774E-04 7.1857002E-03 3.8872539E-05 6.9355944E-03 1.0255397E-01 4.1594046E-02 7.5923461E-05 1.4903293E+00 1.9060029E+01 -9.1866687E-02
2.6764000E+02 2.7427000E+02 8.6700000E+00 3.6500000E+02 9 5.4896499E+01 2.6129714E-01 6.1176815E-01 -3.2790531E-02 1.4234684E-02 1.2408657E-02 1.2295710E-02 2.0234353E-04 8.5780030E-04 7.3410133E-03 3.7980876E-05 7.0685478E-03 1.0410983E-01 4.2482597E-02 7.7167852E-05 1.4819162E+00 1.9068308E+01 -9.3870306E-02
2.6764000E+02 2.7427000E+02 8.6700000E+00 3.7000000E+02 9 5.4889637E+01 2.6539768E-01 6.1904179E-01 -3.2685996E-02 1.4473958E-02 1.2412046E-02 1.2301572E-02 1.9791185E-04 8.8839122E-04 7.4650777E-03 3.7149027E-05 7.1745868E-03 1.0521495E-01 4.3194588E-02 7.8117777E-05 1.4764739E+00 1.9073657E+01 -9.5216742E-02
2.6764000E+02 2.7427000E+02 8.6700000E+00 3.7500000E+02 9 5.4884689E+01 2.6849185E-01 6.2444303E-01 -3.2581970E-02 1.4663282E-02 1.2413268E-02 1.2305109E-02 1.9376590E-04 9.1197931E-04 7.5628293E-03 3.6370812E-05 7.2580030E-03 1.0600173E-01 4.3757952E-02 7.8834377E-05 1.4728907E+00 1.9077176E+01 -9.6129223E-02
2.6764000E+02 2.7427000E+02 8.6700000E+00 3.8000000E+02 9 5.4881089E+01 2.7084698E-01 6.2848517E-01 -3.2481345E-02 1.4812995E-02 1.2413115E-02 1.2307126E-02 1.8987683E-04 9.3001157E-04 7.6397404E-03 3.5640815E-05 7.3234967E-03 1.0656730E-01 4.4203454E-02 7.9375050E-05 1.4704752E+00 1.9079549E+01 -9.6757190E-02
2.6764000E+02 2.7427000E+02 8.6700000E+00 3.8500000E+02 9 5.4878432E+01 2.7266459E-01 6.3155064E-01 -3.2385875E-02 1.4932203E-02 1.2412171E-02 1.2308224E-02 1.8621927E-04 9.4382668E-04 7.7006394E-03 3.4954273E-05 7.3752002E-03 1.0697984E-01 4.4558192E-02 7.9786297E-05 1.4688024E+00 1.9081196E+01 -9.7198035E-02
2.6764000E+02 2.7427000E+02 8.6700000E+00 3.9000000E+02 9 5.4876438E+01 2.7409100E-01 6.3391407E-01 -3.2296419E-02 1.5028186E-02 1.2410832E-02 1.2308810E-02 1.8277085E-04 9.5447565E-04 7.7493796E-03 3.4306988E-05 7.4164187E-03 1.0728615E-01 4.4843828E-02 8.0103239E-05 1.4676094E+00 1.9082375E+01 -9.7514670E-02
2.6764000E+02 2.7427000E+02 8.6700000E+00 3.9500000E+02 9 5.4874912E+01 2.7523047E-01 6.3576927E-01 -3.2213238E-02 1.5106497E-02 1.2409343E-02 1.2309140E-02 1.7951178E-04 9.6278332E-04 7.7888909E-03 3.3695245E-05 7.4496794E-03 1.0751800E-01 4.5076883E-02 8.0351513E-05 1.4667325E+00 1.9083247E+01 -9.7747693E-02
2.6764000E+02 2.7427000E+02 8.6700000E+00 4.0000000E+02 9 5.4873723E+01 2.7615714E-01 6.3725249E-01 -3.2136233E-02 1.5171288E-02 1.2407841E-02 1.2309361E-02 1.7642450E-04 9.6934359E-04 7.8213507E-03 3.3115747E-05 7.4768814E-03 1.0769704E-01 4.5269714E-02 8.0549480E-05 1.4660683E+00 1.9083913E+01 -9.7923507E-02
2.6764000E+02 2.7427000E+02 8.6700000E+00 4.0500000E+02 9 5.4872779E+01 2.7692385E-01 6.3845985E-01 -3.2065114E-02 1.5225648E-02 1.2406391E-02 1.2309548E-02 1.7349341E-04 9.7460513E-04 7.8483671E-03 3.2565566E-05 7.4994443E-03 1.0783806E-01 4.5431508E-02 8.0710164E-05 1.4655506E+00 1.9084437E+01 -9.8059450E-02
2.6764000E+02 2.7427000E+02 8.6700000E+00 4.1000000E+02 9 5.4872015E+01 2.7756858E-01 6.3945972E-01 -3.1999503E-02 1.5271872E-02 1.2405013E-02 1.2309727E-02 1.7070459E-04 9.7888496E-04 7.8711289E-03 3.2042092E-05 7.5184268E-03 1.0795133E-01 4.5569094E-02 8.0842735E-05 1.4651357E+00 1.9084862E+01 -9.8167120E-02
2.6764000E+02 2.7427000E+02 8.6700000E+00 4.1200000E+02 9 5.4864983E+01 2.9135720E-01 6.6795700E-01 -3.1974115E-02 1.7424883E-02 1.3758279E-02 1.3663603E-02 1.6961098E-04 1.1560803E-03 8.9711908E-03 3.1836816E-05 8.5523369E-03 1.0799715E-01 5.1993135E-02 9.1289162E-05 1.5337001E+00 1.9007322E+01 -8.6664197E-02
2.6764000E+02 2.7427000E+02 8.6700000E+00 4.1700000E+02 9 5.4871712E+01 2.7720236E-01 6.3833344E-01 -3.1915584E-02 1.5150666E-02 1.2312360E-02 1.2219140E-02 1.6700212E-04 9.5335484E-04 7.8074780E-03 3.1347118E-05 7.4564929E-03 1.0807815E-01 4.5207170E-02 8.0570258E-05 1.4593537E+00 1.9090876E+01 -9.9211294E-02
2.6764000E+02 2.7427000E+02 8.6700000E+00 4.2200000E+02 9 5.4871200E+01 2.7769293E-01 6.3912513E-01 -3.1861601E-02 1.5193737E-02 1.2308895E-02 1.2217067E-02 1.6450783E-04 9.7081975E-04 7.8285964E-03 3.0878928E-05 7.4744154E-03 1.0814966E-01 4.5335364E-02 8.0220805E-05 1.4595069E+00 1.9091230E+01 -9.9226972E-02
2.6764000E+02 2.7427000E+02 8.6700000E+00 4.2700000E+02 9 5.4870650E+01 2.7834922E-01 6.4020716E-01 -3.1811800E-02 1.5261953E-02 1.2320962E-02 1.2230468E-02 1.6211865E-04 9.8089951E-04 7.8626680E-03 3.0430468E-05 7.5044645E-03 1.0821104E-01 4.5538567E-02 8.0451926E-05 1.4603931E+00 1.9090261E+01 -9.9091356E-02
2.6764000E+02 2.7427000E+02 8.6700000E+00 4.2900000E+02 9 5.4863648E+01 2.9223252E-01 6.6886044E-01 -3.1792525E-02 1.7433739E-02 1.3676171E-02 1.3586201E-02 1.6117922E-04 1.1617576E-03 8.9728261E-03 3.0254133E-05 8.5470594E-03 1.0823852E-01 5.2018511E-02 9.1016298E-05 1.5291111E+00 1.9012516E+01 -8.7461330E-02
2.6764000E+02 2.7427000E+02 8.6700000E+00 4.3000000E+02 9 5.4861498E+01 2.9646668E-01 6.7757004E-01 -3.1783047E-02 1.8088077E-02 1.4106266E-02 1.4016556E-02 1.6071350E-04 1.1985186E-03 9.3067215E-03 3.0166714E-05 8.8616221E-03 1.0825137E-01 5.3971080E-02 9.4699404E-05 1.5514355E+00 1.8986665E+01 -8.3942390E-02
2.6764000E+02 2.7427000E+02 8.6700000E+00 4.3500000E+02 9 5.4868805E+01 2.8138808E-01 6.4621125E-01 -3.1752269E-02 1.5691900E-02 1.2584490E-02 1.2497012E-02 1.5671561E-04 9.8870949E-04 8.0792442E-03 2.9416290E-05 7.7066182E-03 1.0830643E-01 4.6821226E-02 8.3136051E-05 1.4716719E+00 1.9076695E+01 -9.7063511E-02
2.6764000E+02 2.7427000E+02 8.6700000E+00 4.3600000E+02 9 5.4859352E+01 3.0027567E-01 6.8562881E-01 -3.1746164E-02 1.8671967E-02 1.4507104E-02 1.4420033E-02 1.5598590E-04 1.2668140E-03 9.6007348E-03 2.9279320E-05 9.1404515E-03 1.0832263E-01 5.5714001E-02 9.5692670E-05 1.5720854E+00 1.8965550E+01 -8.0884672E-02
2.6764000E+02 2.7427000E+02 8.6700000E+00 4.3700000E+02 9 5.4861222E+01 3.0051995E-01 6.8500114E-01 -3.1257930E-02 1.8743688E-02 1.4559293E-02 1.4472596E-02 1.5531576E-04 1.2376126E-03 9.6371274E-03 2.9153533E-05 9.1741895E-03 1.0792611E-01 5.5927875E-02 9.7226893E-05 1.5750373E+00 1.8960764E+01 -8.0204542E-02
2.6764000E+02 2.7427000E+02 8.6700000E+00 4.3800000E+02 9 5.4866148E+01 3.0009362E-01 6.8182153E-01 -3.0122618E-02 1.8787571E-02 1.4597317E-02 1.4510991E-02 1.5465092E-04 1.2185893E-03 9.6590689E-03 2.9028739E-05 9.1948424E-03 1.0698145E-01 5.6058824E-02 9.8092752E-05 1.5787021E+00 1.8956030E+01 -7.9197622E-02
2.6764000E+02 2.7427000E+02 8.6700000E+00 4.4300000E+02 9 5.4930706E+01 2.7485410E-01 6.0527094E-01 -1.7706559E-02 1.6153401E-02 1.2918224E-02 1.2832267E-02 1.5399069E-04 9.9707167E-04 8.3125073E-03 2.8904810E-05 7.9274814E-03 9.6525788E-02 4.8198673E-02 8.5712236E-05 1.5084867E+00 1.9037002E+01 -8.4787917E-02
2.6764000E+02 2.7427000E+02 8.6700000E+00 4.4400000E+02 9 5.4934103E+01 2.9048156E-01 6.3312585E-01 -1.5035135E-02 1.8929448E-02 1.4798085E-02 1.4712237E-02 1.5379481E-04 1.2302486E-03 9.7277033E-03 2.8868042E-05 9.2666000E-03 9.4281726E-02 5.6483902E-02 9.7541483E-05 1.6221211E+00 1.8912583E+01 -6.7690363E-02
2.6764000E+02 2.7427000E+02 8.6700000E+00 4.4500000E+02 9 5.4946681E+01 2.8864302E-01 6.2375202E-01 -1.2250693E-02 1.8926615E-02 1.4815279E-02 1.4729607E-02 1.5347995E-04 1.1893355E-03 9.7259079E-03 2.8808941E-05 9.2651570E-03 9.1938479E-02 5.6475481E-02 9.8772515E-05 1.6289050E+00 1.8904023E+01 -6.5768834E-02
2.6764000E+02 2.7427000E+02 8.6700000E+00 4.5000000E+02 9 5.5009052E+01 2.6543732E-01 5.5198364E-01 -1.2231888E-04 1.6582975E-02 1.3321412E-02 1.3236626E-02 1.5189335E-04 9.9243317E-04 8.5272896E-03 2.8511130E-05 8.1366595E-03 8.1721000E-02 4.9482089E-02 8.8100836E-05 1.5600851E+00 1.8982109E+01 -6.9987354E-02
2.6764000E+02 2.7427000E+02 8.6700000E+00 4.5300000E+02 9 5.5035281E+01 2.6984266E-01 5.4874209E-01 6.6631539E-03 1.8040099E-02 1.4443320E-02 1.4359021E-02 1.5102026E-04 1.0608817E-03 9.2662252E-03 2.8347245E-05 8.8431332E-03 7.6010163E-02 5.3832496E-02 9.4858412E-05 1.6449294E+00 1.8890150E+01 -5.7064272E-02
2.6764000E+02 2.7427000E+02 8.6700000E+00 4.5400000E+02 9 5.5041477E+01 2.7596717E-01 5.5791162E-01 8.8709044E-03 1.9266846E-02 1.5425190E-02 1.5341054E-02 1.5072879E-04 1.0988934E-03 9.8876828E-03 2.8292535E-05 9.4393928E-03 7.4153894E-02 5.7495501E-02 1.0052334E-04 1.7201288E+00 1.8808685E+01 -4.8570374E-02
2.6764000E+02 2.7427000E+02 8.6700000E+00 4.5900000E+02 9 5.5098491E+01 2.5046026E-01 4.8436147E-01 1.9452707E-02 1.6395849E-02 1.3556296E-02 1.3473128E-02 1.4899543E-04 9.0217371E-04 8.4209050E-03 2.7967175E-05 8.0553645E-03 6.5244249E-02 4.8927785E-02 8.7291986E-05 1.6049985E+00 1.8935735E+01 -5.6764934E-02
2.6764000E+02 2.7427000E+02 8.6700000E+00 4.6400000E+02 9 5.5137232E+01 2.4260753E-01 4.5289418E-01 2.7777152E-02 1.6101743E-02 1.3567290E-02 1.3484984E-02 1.4745015E-04 8.5321167E-04 8.2649437E-03 2.7677118E-05 7.9184725E-03 5.8244942E-02 4.8052335E-02 8.5303532E-05 1.6178843E+00 1.8923637E+01 -5.2224342E-02
2.6764000E+02 2.7427000E+02 8.6700000E+00 4.6900000E+02 9 5.5166717E+01 2.3654769E-01 4.2894477E-01 3.4108130E-02 1.5869913E-02 1.3605066E-02 1.3523410E-02 1.4628539E-04 8.0717661E-04 8.1418788E-03 2.7458487E-05 7.8108069E-03 5.2927230E-02 4.7362332E-02 8.4171000E-05 1.6286721E+00 1.8912782E+01 -4.8767920E-02
2.6764000E+02 2.7427000E+02 8.6700000E+00 4.7400000E+02 9 5.5189089E+01 2.3174958E-01 4.1056225E-01 3.8893908E-02 1.5666634E-02 1.3648350E-02 1.3567226E-02 1.4533317E-04 7.6664285E-04 8.0340472E-03 2.7279751E-05 7.7163850E-03 4.8913442E-02 4.6757235E-02 8.3318930E-05 1.6364607E+00 1.8904733E+01 -4.6258198E-02
2.6764000E+02 2.7427000E+02 8.6700000E+00 4.7900000E+02 9 5.5206136E+01 2.2788627E-01 3.9630387E-01 4.2522224E-02 1.5482159E-02 1.3687782E-02 1.3607141E-02 1.4446687E-04 7.3217632E-04 7.9361533E-03 2.7117142E-05 7.6306552E-03 4.5876707E-02 4.6207958E-02 8.2577827E-05 1.6414441E+00 1.8899485E+01 -4.4481836E-02
2.6764000E+02 2.7427000E+02 8.6700000E+00 4.8100000E+02 9 5.5207009E+01 2.3690372E-01 4.1407912E-01 4.3811186E-02 1.7111458E-02 1.5047303E-02 1.4966851E-02 1.4412759E-04 7.7741641E-04 8.7612116E-03 2.7053457E-05 8.4229135E-03 4.4803447E-02 5.1072848E-02 9.0760229E-05 1.7614732E+00 1.8770383E+01 -3.4282126E-02
2.6764000E+02 2.7427000E+02 8.6700000E+00 4.8200000E+02 9 5.5208408E+01 2.3916129E-01 4.1829179E-01 4.4417795E-02 1.7561423E-02 1.5484626E-02 1.5404268E-02 1.4395905E-04 7.8059146E-04 8.9878242E-03 2.7021821E-05 8.6430212E-03 4.4298290E-02 5.2416730E-02 9.3509785E-05 1.8044319E+00 1.8723826E+01 -3.1180663E-02
2.6764000E+02 2.7427000E+02 8.6700000E+00 4.8700000E+02 9 5.5228092E+01 2.2023393E-01 3.7315385E-01 4.6888595E-02 1.4797163E-02 1.3467137E-02 1.3387429E-02 1.4279571E-04 6.6651679E-04 7.5799094E-03 2.6803458E-05 7.3055002E-03 4.2235984E-02 4.4164882E-02 7.9928059E-05 1.6211222E+00 1.8920724E+01 -4.4796451E-02
2.6764000E+02 2.7427000E+02 8.6700000E+00 4.9200000E+02 9 5.5237515E+01 2.1727214E-01 3.6360290E-01 4.8809937E-02 1.4549052E-02 1.3356659E-02 1.3277574E-02 1.4167996E-04 6.5304993E-04 7.4505220E-03 2.6594026E-05 7.1872595E-03 4.0642371E-02 4.3424664E-02 7.8064487E-05 1.6143855E+00 1.8928944E+01 -4.4750906E-02
2.6764000E+02 2.7427000E+02 8.6700000E+00 4.9700000E+02 9 5.5244725E+01 2.1535317E-01 3.5680498E-01 5.0326661E-02 1.4410584E-02 1.3288848E-02 1.3210335E-02 1.4065486E-04 6.4354997E-04 7.3781733E-03 2.6401609E-05 7.1207361E-03 3.9389565E-02 4.3011347E-02 7.7343658E-05 1.6118055E+00 1.8931879E+01 -4.4453855E-02
2.6764000E+02 2.7427000E+02 8.6700000E+00 5.0200000E+02 9 5.5250442E+01 2.1396351E-01 3.5159838E-01 5.1549372E-02 1.4319018E-02 1.3241960E-02 1.3164005E-02 1.3965474E-04 6.3467017E-04 7.3301636E-03 2.6213881E-05 7.0764252E-03 3.8384186E-02 4.2737963E-02 7.6990980E-05 1.6106146E+00 1.8933100E+01 -4.4128364E-02
2.6764000E+02 2.7427000E+02 8.6700000E+00 5.0500000E+02 9 5.5249960E+01 2.2024746E-01 3.6412415E-01 5.2195915E-02 1.5412578E-02 1.4081711E-02 1.4004092E-02 1.3905443E-04 6.7148131E-04 7.8853627E-03 2.6101201E-05 7.6057816E-03 3.7857252E-02 4.6002328E-02 8.2807207E-05 1.6835642E+00 1.8854099E+01 -3.7597059E-02
2.6764000E+02 2.7427000E+02 8.6700000E+00 5.0600000E+02 9 5.5247601E+01 2.2667778E-01 3.7794609E-01 5.2402391E-02 1.6483609E-02 1.4959504E-02 1.4881996E-02 1.3885403E-04 6.9815352E-04 8.4280141E-03 2.6063583E-05 8.1262662E-03 3.7691008E-02 4.9200197E-02 8.8115034E-05 1.7680400E+00 1.8763777E+01 -3.1374173E-02
2.6764000E+02 2.7427000E+02 8.6700000E+00 5.1100000E+02 9 5.5259973E+01 2.0930649E-01 3.3863714E-01 5.3313329E-02 1.3770354E-02 1.2909109E-02 1.2832227E-02 1.3773350E-04 5.9799977E-04 7.0474175E-03 2.5853255E-05 6.8118937E-03 3.6942911E-02 4.1100168E-02 7.4885634E-05 1.5852963E+00 1.8959653E+01 -4.5906582E-02
2.6764000E+02 2.7427000E+02 8.6700000E+00 5.1600000E+02 9 5.5263694E+01 2.0807285E-01 3.3433234E-01 5.4077927E-02 1.3640864E-02 1.2770869E-02 1.2694596E-02 1.3664178E-04 5.9944297E-04 6.9815278E-03 2.5648333E-05 6.7475261E-03 3.6322662E-02 4.0713244E-02 7.3625186E-05 1.5793742E+00 1.8966884E+01 -4.6223380E-02
2.6764000E+02 2.7427000E+02 8.6700000E+00 5.2100000E+02 9 5.5266617E+01 2.0748787E-01 3.3152097E-01 5.4727690E-02 1.3596249E-02 1.2682412E-02 1.2606693E-02 1.3564865E-04 6.0047045E-04 6.9598656E-03 2.5461919E-05 6.7232451E-03 3.5798078E-02 4.0579547E-02 7.3349912E-05 1.5775058E+00 1.8969036E+01 -4.6175834E-02
2.6764000E+02 2.7427000E+02 8.6700000E+00 5.2600000E+02 9 5.5269064E+01 2.0712453E-01 3.2936235E-01 5.5289302E-02 1.3577459E-02 1.2618864E-02 1.2543680E-02 1.3469116E-04 5.9963441E-04 6.9516070E-03 2.5282194E-05 6.7112961E-03 3.5346822E-02 4.0523045E-02 7.3315669E-05 1.5768603E+00 1.8969697E+01 -4.6035207E-02
2.6764000E+02 2.7427000E+02 8.6700000E+00 5.3100000E+02 9 5.5271193E+01 2.0682467E-01 3.2751780E-01 5.5781502E-02 1.3563439E-02 1.2567970E-02 1.2493322E-02 1.3373149E-04 5.9762363E-04 6.9457750E-03 2.5102059E-05 6.7017083E-03 3.4953312E-02 4.0480895E-02 7.3304937E-05 1.5764258E+00 1.8970098E+01 -4.5897668E-02
2.6764000E+02 2.7427000E+02 8.6700000E+00 5.3600000E+02 9 5.5273081E+01 2.0654209E-01 3.2586012E-01 5.6217800E-02 1.3548355E-02 1.2523694E-02 1.2449590E-02 1.3275603E-04 5.9519953E-04 6.9393241E-03 2.4918959E-05 6.6917006E-03 3.4606269E-02 4.0435648E-02 7.3268866E-05 1.5759071E+00 1.8970590E+01 -4.5788918E-02
2.6764000E+02 2.7427000E+02 8.6700000E+00 5.4100000E+02 9 5.5274775E+01 2.0627008E-01 3.2434373E-01 5.6608168E-02 1.3531692E-02 1.2483224E-02 1.2409674E-02 1.3176434E-04 5.9269795E-04 6.9319692E-03 2.4732814E-05 6.6810279E-03 3.4297314E-02 4.0385728E-02 7.3208396E-05 1.5752651E+00 1.8971221E+01 -4.5709503E-02
2.6764000E+02 2.7427000E+02 8.6700000E+00 5.4600000E+02 9 5.5276304E+01 2.0601206E-01 3.2295108E-01 5.6960151E-02 1.3514320E-02 1.2445343E-02 1.2372353E-02 1.3076094E-04 5.9031983E-04 6.9241562E-03 2.4544471E-05 6.6701049E-03 3.4020091E-02 4.0333718E-02 7.3134049E-05 1.5745383E+00 1.8971947E+01 -4.5652939E-02
2.6764000E+02 2.7427000E+02 8.6700000E+00 5.5100000E+02 9 5.5277690E+01 2.0577170E-01 3.2167201E-01 5.7279585E-02 1.3497129E-02 1.2409547E-02 1.2337120E-02 1.2975101E-04 5.8816987E-04 6.9163489E-03 2.4354902E-05 6.6593519E-03 3.3769676E-02 4.0282257E-02 7.3054570E-05 1.5737732E+00 1.8972717E+01 -4.5612513E-02
2.6764000E+02 2.7427000E+02 8.6700000E+00 5.5600000E+02 9 5.5278952E+01 2.0555079E-01 3.2049736E-01 5.7571076E-02 1.3480690E-02 1.2375610E-02 1.2303748E-02 1.2873888E-04 5.8624670E-04 6.9088464E-03 2.4164921E-05 6.6490399E-03 3.3542192E-02 4.0233046E-02 7.2975256E-05 1.5730028E+00 1.8973495E+01 -4.5583202E-02
2.6764000E+02 2.7427000E+02 8.6700000E+00 5.6100000E+02 9 5.5280106E+01 2.0534949E-01 3.1941794E-01 5.7838317E-02 1.3465296E-02 1.2343397E-02 1.2272100E-02 1.2772775E-04 5.8452727E-04 6.9018071E-03 2.3975127E-05 6.6393043E-03 3.3334536E-02 4.0186957E-02 7.2898814E-05 1.5722470E+00 1.8974260E+01 -4.5561592E-02
2.6764000E+02 2.7427000E+02 8.6700000E+00 5.6600000E+02 9 5.5281164E+01 2.0516689E-01 3.1842471E-01 5.8084311E-02 1.3451051E-02 1.2312796E-02 1.2242061E-02 1.2671992E-04 5.8298659E-04 6.8952923E-03 2.3785951E-05 6.6301902E-03 3.3144198E-02 4.0144299E-02 7.2826390E-05 1.5715164E+00 1.8974998E+01 -4.5545472E-02
2.6764000E+02 2.7427000E+02 8.6700000E+00 5.7100000E+02 9 5.5282137E+01 2.0500157E-01 3.1750912E-01 5.8311527E-02 1.3437947E-02 1.2283693E-02 1.2213518E-02 1.2571700E-04 5.8160193E-04 6.8893009E-03 2.3597698E-05 6.6216930E-03 3.2969115E-02 4.0105050E-02 7.2758323E-05 1.5708153E+00 1.8975707E+01 -4.5533457E-02
2.6764000E+02 2.7427000E+02 8.6700000E+00 5.7600000E+02 9 5.5283034E+01 2.0485211E-01 3.1666355E-01 5.8522025E-02 1.3425937E-02 1.2255977E-02 1.2186359E-02 1.2472018E-04 5.8035507E-04 6.8838167E-03 2.3410592E-05 6.6137842E-03 3.2807579E-02 4.0069068E-02 7.2694568E-05 1.5701454E+00 1.8976383E+01 -4.5524603E-02
2.6764000E+02 2.7427000E+02 8.6700000E+00 5.8100000E+02 9 5.5283864E+01 2.0471705E-01 3.1588117E-01 5.8717533E-02 1.3414948E-02 1.2229540E-02 1.2160474E-02 1.2373039E-04 5.7922960E-04 6.8788090E-03 2.3224802E-05 6.6064228E-03 3.2658156E-02 4.0036134E-02 7.2634895E-05 1.5695062E+00 1.8977029E+01 -4.5518291E-02
2.6764000E+02 2.7427000E+02 8.6700000E+00 5.8200000E+02 9 5.5276465E+01 2.1986315E-01 3.4826730E-01 5.8756049E-02 1.5852070E-02 1.4010723E-02 1.3941767E-02 1.2353271E-04 6.7274929E-04 8.1197200E-03 2.3187698E-05 7.7842208E-03 3.2634210E-02 4.7311232E-02 8.3939064E-05 1.7327441E+00 1.8802881E+01 -3.2050327E-02
2.6764000E+02 2.7427000E+02 8.6700000E+00 5.8700000E+02 9 5.5284897E+01 2.0437522E-01 3.1473343E-01 5.8945525E-02 1.3379482E-02 1.2203923E-02 1.2136217E-02 1.2129501E-04 5.7334614E-04 6.8599302E-03 2.2767670E-05 6.5866169E-03 3.2493392E-02 3.9930174E-02 7.2748531E-05 1.5676970E+00 1.8978525E+01 -4.5614037E-02
2.6764000E+02 2.7427000E+02 8.6700000E+00 5.9200000E+02 9 5.5285467E+01 2.0460600E-01 3.1471744E-01 5.9127066E-02 1.3421732E-02 1.2206941E-02 1.2140321E-02 1.1934810E-04 5.7808659E-04 6.8811595E-03 2.2402225E-05 6.6045304E-03 3.2362159E-02 4.0056206E-02 7.2457518E-05 1.5697998E+00 1.8976811E+01 -4.5352124E-02
2.6764000E+02 2.7427000E+02 8.6700000E+00 5.9700000E+02 9 5.5286001E+01 2.0485858E-01 3.1470084E-01 5.9302355E-02 1.3463241E-02 1.2203172E-02 1.2137625E-02 1.1742584E-04 5.8016610E-04 6.9023851E-03 2.2041407E-05 6.6217006E-03 3.2236229E-02 4.0179933E-02 7.2576814E-05 1.5716533E+00 1.8974879E+01 -4.5113117E-02
2.6764000E+02 2.7427000E+02 8.6700000E+00 6.0200000E+02 9 5.5286531E+01 2.0505003E-01 3.1457402E-01 5.9469360E-02 1.3494249E-02 1.2193230E-02 1.2128758E-02 1.1549996E-04 5.8085723E-04 6.9182678E-03 2.1679911E-05 6.6338004E-03 3.2117108E-02 4.0272342E-02 7.2732417E-05 1.5729023E+00 1.8973497E+01 -4.4935267E-02
2.6764000E+02 2.7427000E+02 8.6700000E+00 6.0700000E+02 9 5.5287058E+01 2.0517146E-01 3.1433919E-01 5.9626444E-02 1.3514297E-02 1.2179187E-02 1.2115768E-02 1.1361410E-04 5.8056634E-04 6.9285016E-03 2.1325926E-05 6.6407467E-03 3.2005687E-02 4.0332075E-02 7.2844097E-05 1.5735784E+00 1.8972719E+01 -4.4816155E-02
2.6764000E+02 2.7427000E+02 8.6700000E+00 6.1200000E+02 9 5.5287571E+01 2.0523682E-01 3.1402928E-01 5.9773094E-02 1.3525825E-02 1.2162744E-02 1.2100337E-02 1.1180088E-04 5.7981236E-04 6.9343323E-03 2.0985574E-05 6.6437528E-03 3.1902102E-02 4.0366395E-02 7.2907718E-05 1.5738297E+00 1.8972403E+01 -4.4741864E-02
2.6764000E+02 2.7427000E+02 8.6700000E+00 6.1700000E+02 9 5.5288065E+01 2.0526388E-01 3.1367796E-01 5.9909581E-02 1.3531576E-02 1.2145066E-02 1.2083623E-02 1.1007411E-04 5.7899212E-04 6.9371810E-03 2.0661452E-05 6.6441335E-03 3.1806022E-02 4.0383479E-02 7.2936419E-05 1.5738039E+00 1.8972392E+01 -4.4698253E-02
2.6764000E+02 2.7427000E+02 8.6700000E+00 6.2200000E+02 9 5.5288535E+01 2.0526763E-01 3.1331054E-01 6.0036567E-02 1.3533727E-02 1.2126909E-02 1.2066381E-02 1.0843537E-04 5.7820763E-04 6.9381802E-03 2.0353852E-05 6.6429166E-03 3.1716901E-02 4.0389820E-02 7.2943197E-05 1.5736092E+00 1.8972567E+01 -4.4674520E-02
2.6764000E+02 2.7427000E+02 8.6700000E+00 6.2700000E+02 9 5.5288978E+01 2.0525861E-01 3.1294344E-01 6.0154842E-02 1.3533781E-02 1.2108741E-02 1.2049081E-02 1.0688035E-04 5.7746490E-04 6.9381098E-03 2.0061968E-05 6.6408054E-03 3.1634134E-02 4.0389901E-02 7.2937245E-05 1.5733179E+00 1.8972849E+01 -4.4663264E-02
2.6764000E+02 2.7427000E+02 8.6700000E+00 6.3200000E+02 9 5.5289393E+01 2.0524328E-01 3.1258620E-01 6.0265194E-02 1.3532688E-02 1.2090829E-02 1.2031994E-02 1.0540276E-04 5.7681683E-04 6.9374640E-03 1.9784617E-05 6.6382386E-03 3.1557136E-02 4.0386554E-02 7.2924242E-05 1.5729770E+00 1.8973186E+01 -4.4659690E-02
2.6764000E+02 2.7427000E+02 8.6700000E+00 6.3700000E+02 9 5.5289783E+01 2.0522545E-01 3.1224368E-01 6.0368351E-02 1.3531009E-02 1.2073315E-02 1.2015264E-02 1.0399610E-04 5.7627697E-04 6.9365343E-03 1.9520580E-05 6.6354731E-03 3.1485373E-02 4.0381455E-02 7.2907475E-05 1.5726137E+00 1.8973548E+01 -4.4660897E-02
2.6764000E+02 2.7427000E+02 8.6700000E+00 6.4200000E+02 9 5.5290148E+01 2.0520720E-01 3.1191797E-01 6.0464961E-02 1.3529068E-02 1.2056258E-02 1.1998956E-02 1.0265436E-04 5.7587059E-04 6.9354883E-03 1.9268729E-05 6.6326552E-03 3.1418369E-02 4.0375575E-02 7.2888804E-05 1.5722441E+00 1.8973919E+01 -4.4665128E-02
2.6764000E+02 2.7427000E+02 8.6700000E+00 6.4700000E+02 9 5.5290490E+01 2.0519017E-01 3.1160973E-01 6.0555599E-02 1.3527059E-02 1.2039673E-02 1.1983087E-02 1.0137218E-04 5.7546484E-04 6.9344271E-03 1.9028056E-05 6.6298679E-03 3.1355703E-02 4.0369488E-02 7.2869296E-05 1.5718733E+00 1.8974292E+01 -4.4671442E-02
2.6764000E+02 2.7427000E+02 8.6700000E+00 6.5000000E+02 9 5.5287052E+01 2.1247545E-01 3.2699160E-01 6.0607947E-02 1.4697159E-02 1.2864670E-02 1.2808503E-02 1.0062322E-04 6.1998757E-04 7.5313896E-03 1.8887474E-05 7.1929854E-03 3.1322628E-02 4.3861863E-02 7.8948705E-05 1.6434290E+00 1.8896834E+01 -3.8256737E-02
