x y z_datum Time Well_no H2O H O Charge Al C Ca Cl Fe K Mg Na S Si U pH pe Alkalinity
2.6764000E+02 2.7427000E+02 8.6700000E+00 0.0000000E+00 9 9.9704301E-01 7.2098600E-06 6.6484776E-04 -3.2324431E-06 0.0000000E+00 1.0067647E-04 6.3262499E-05 4.3211171E-04 0.0000000E+00 2.8240956E-04 5.5605062E-05 2.2967748E-04 1.4127542E-04 0.0000000E+00 0.0000000E+00 7.0300000E+00 1.1068788E+01 7.1999443E-03
2.6764000E+02 2.7427000E+02 8.6700000E+00 5.0000000E+00 9 5.5327549E+01 1.9890923E-02 6.3763454E-02 -3.0159425E-03 0.0000000E+00 7.2107458E-03 1.3579235E-03 1.0485232E-02 0.0000000E+00 6.2137893E-03 1.9681297E-03 8.5944527E-03 1.0776292E-02 0.0000000E+00 0.0000000E+00 2.3314369E+00 1.8057993E+01 -7.5851823E-03
2.6764000E+02 2.7427000E+02 8.6700000E+00 1.0000000E+01 9 5.5308325E+01 3.4576743E-02 1.0758149E-01 -2.7228194E-03 1.0808832E-03 7.7382058E-03 3.1724752E-03 8.1794293E-03 3.7490275E-05 5.3812487E-03 1.5353191E-03 7.2454035E-03 1.9407147E-02 3.2316038E-03 5.9639124E-06 1.9748951E+00 1.8489891E+01 -1.9004083E-02
2.6764000E+02 2.7427000E+02 8.6700000E+00 1.5000000E+01 9 5.5285891E+01 5.8889078E-02 1.5596587E-01 -2.4690598E-03 2.6653208E-03 8.0047515E-03 4.5532689E-03 6.1832728E-03 1.0098719E-04 4.9907038E-03 1.1606307E-03 6.3912734E-03 2.6879512E-02 7.9651322E-03 1.4946977E-05 1.8556767E+00 1.8645769E+01 -2.6642500E-02
2.6764000E+02 2.7427000E+02 8.6700000E+00 2.0000000E+01 9 5.5267284E+01 8.0525350E-02 1.9611442E-01 -2.2766945E-03 4.1102348E-03 8.1724503E-03 5.5656360E-03 4.6700638E-03 1.6686168E-04 4.8215416E-03 8.7659394E-04 5.8583994E-03 3.2544510E-02 1.2280204E-02 2.3553250E-05 1.8010062E+00 1.8720456E+01 -3.1509197E-02
2.6764000E+02 2.7427000E+02 8.6700000E+00 2.5000000E+01 9 5.5253524E+01 9.6929720E-02 2.2617103E-01 -2.1393976E-03 5.2473747E-03 8.3137041E-03 6.3097553E-03 3.5900404E-03 2.2200963E-04 4.7561379E-03 6.7386825E-04 5.5274866E-03 3.6588127E-02 1.5675345E-02 3.0553045E-05 1.7736936E+00 1.8759363E+01 -3.4508168E-02
2.6764000E+02 2.7427000E+02 8.6700000E+00 3.0000000E+01 9 5.5243758E+01 1.0871052E-01 2.4784011E-01 -2.0436263E-03 6.0926415E-03 8.4504964E-03 6.8670756E-03 2.8366716E-03 2.6354065E-04 4.7375803E-03 5.3245722E-04 5.3211154E-03 3.9408971E-02 1.8198706E-02 3.5847000E-05 1.7598495E+00 1.8780201E+01 -3.6312071E-02
2.6764000E+02 2.7427000E+02 8.6700000E+00 3.5000000E+01 9 5.5236882E+01 1.1705488E-01 2.6334155E-01 -1.9768192E-03 6.7076623E-03 8.5858217E-03 7.2957482E-03 2.3111450E-03 2.9286066E-04 4.7376498E-03 4.3381327E-04 5.1892967E-03 4.1376865E-02 2.0034607E-02 3.9724387E-05 1.7529164E+00 1.8791498E+01 -3.7388426E-02
2.6764000E+02 2.7427000E+02 8.6700000E+00 4.0000000E+01 9 5.5232002E+01 1.2298744E-01 2.7452805E-01 -1.9295095E-03 7.1544572E-03 8.7176137E-03 7.6352753E-03 1.9389910E-03 3.1340270E-04 4.7433158E-03 3.6395815E-04 5.1015162E-03 4.2770559E-02 2.1368329E-02 4.2539190E-05 1.7495915E+00 1.8797633E+01 -3.8033665E-02
2.6764000E+02 2.7427000E+02 8.6700000E+00 4.5000000E+01 9 5.5228473E+01 1.2726752E-01 2.8275348E-01 -1.8951785E-03 7.4824478E-03 8.8435720E-03 7.9119795E-03 1.6689322E-03 3.2782307E-04 4.7491702E-03 3.1326678E-04 5.0398345E-03 4.3782010E-02 2.2347441E-02 4.4594143E-05 1.7481460E+00 1.8800945E+01 -3.8426524E-02
2.6764000E+02 2.7427000E+02 8.6700000E+00 5.0000000E+01 9 5.5225858E+01 1.3042135E-01 2.8894985E-01 -1.8695278E-03 7.7274842E-03 8.9622951E-03 8.1433338E-03 1.4671552E-03 3.3796441E-04 4.7533589E-03 2.7539225E-04 4.9939332E-03 4.4537803E-02 2.3078957E-02 4.6116460E-05 1.7476689E+00 1.8802699E+01 -3.8671489E-02
2.6764000E+02 2.7427000E+02 8.6700000E+00 5.5000000E+01 9 5.5223868E+01 1.3280212E-01 2.9374182E-01 -1.8497729E-03 7.9144670E-03 9.0732266E-03 8.3410085E-03 1.3117564E-03 3.4527159E-04 4.7555626E-03 2.4622313E-04 4.9579057E-03 4.5119941E-02 2.3637199E-02 4.7266530E-05 1.7476882E+00 1.8803578E+01 -3.8828563E-02
2.6764000E+02 2.7427000E+02 8.6700000E+00 6.0000000E+01 9 5.5222313E+01 1.3464366E-01 2.9754382E-01 -1.8341128E-03 8.0603167E-03 9.1763640E-03 8.5129086E-03 1.1885690E-03 3.5075430E-04 4.7559840E-03 2.2310025E-04 4.9283305E-03 4.5581463E-02 2.4072663E-02 4.8154345E-05 1.7479554E+00 1.8803959E+01 -3.8932489E-02
2.6764000E+02 2.7427000E+02 8.6700000E+00 6.5000000E+01 9 5.5221068E+01 1.3610252E-01 3.0063293E-01 -1.8213716E-03 8.1765696E-03 9.2720077E-03 8.6644983E-03 1.0883427E-03 3.5491956E-04 4.7550120E-03 2.0428728E-04 4.9032005E-03 4.5957003E-02 2.4419779E-02 4.8854743E-05 1.7483362E+00 1.8804055E+01 -3.9003544E-02
2.6764000E+02 2.7427000E+02 8.6700000E+00 6.6000000E+01 9 5.5214943E+01 1.4819281E-01 3.2955203E-01 -1.8189317E-03 1.0248879E-02 1.1274162E-02 1.0677367E-02 1.0691489E-03 4.2903124E-04 5.7824859E-03 2.0068451E-04 5.9077107E-03 4.6035055E-02 3.0610266E-02 5.9469053E-05 1.9325346E+00 1.8608967E+01 -2.6719926E-02
2.6764000E+02 2.7427000E+02 8.6700000E+00 6.7000000E+01 9 5.5214841E+01 1.4820808E-01 3.2954435E-01 -1.8165923E-03 1.0228155E-02 1.1255802E-02 1.0669279E-02 1.0507460E-03 4.2548447E-04 5.7615683E-03 1.9723019E-04 5.8819024E-03 4.6104911E-02 3.0548064E-02 6.0602691E-05 1.9280191E+00 1.8612010E+01 -2.6978244E-02
2.6764000E+02 2.7427000E+02 8.6700000E+00 7.2000000E+01 9 5.5216790E+01 1.3757450E-01 3.0410623E-01 -1.7736082E-03 8.0955962E-03 9.2464162E-03 8.7030608E-03 9.7341195E-04 3.4625230E-04 4.6455446E-03 1.8271421E-04 4.7698942E-03 4.6963425E-02 2.4177849E-02 4.8981036E-05 1.7222075E+00 1.8926907E+01 -4.1424996E-02
2.6764000E+02 2.7427000E+02 8.6700000E+00 7.7000000E+01 9 5.5211213E+01 1.4050399E-01 3.1049634E-01 -1.7227526E-03 8.2392145E-03 9.3182436E-03 8.8118146E-03 9.0725908E-04 3.6675963E-04 4.6798334E-03 1.7029699E-04 4.7845733E-03 4.7954923E-02 2.4606229E-02 5.5659769E-05 1.7109838E+00 1.8996774E+01 -4.2697269E-02
2.6764000E+02 2.7427000E+02 8.6700000E+00 8.2000000E+01 9 5.5206051E+01 1.4358536E-01 3.1708655E-01 -1.6779949E-03 8.4399333E-03 9.4193677E-03 8.9450003E-03 8.4982130E-04 3.8876281E-04 4.7487038E-03 1.5951564E-04 4.8335701E-03 4.8830787E-02 2.5204892E-02 6.5623316E-05 1.7056767E+00 1.9034970E+01 -4.3437536E-02
2.6764000E+02 2.7427000E+02 8.6700000E+00 8.7000000E+01 9 5.5201944E+01 1.4619824E-01 3.2266336E-01 -1.6429512E-03 8.6259112E-03 9.5209601E-03 9.0747832E-03 7.9931823E-04 4.0656826E-04 4.8140787E-03 1.5003596E-04 4.8812600E-03 4.9527344E-02 2.5759624E-02 7.5187119E-05 1.7032234E+00 1.9056676E+01 -4.3872252E-02
2.6764000E+02 2.7427000E+02 8.6700000E+00 9.1000000E+01 9 5.5197885E+01 1.5085465E-01 3.3318367E-01 -1.6208342E-03 9.2544088E-03 1.0039686E-02 9.6139794E-03 7.6264559E-04 4.4160358E-04 5.1099106E-03 1.4315233E-04 5.1576369E-03 4.9980010E-02 2.7636103E-02 8.7350381E-05 1.7361784E+00 1.9032766E+01 -4.1169547E-02
2.6764000E+02 2.7427000E+02 8.6700000E+00 9.2000000E+01 9 5.5192676E+01 1.6050091E-01 3.5580057E-01 -1.6156639E-03 1.0867445E-02 1.1520997E-02 1.1100284E-02 7.5370020E-04 5.0869889E-04 5.9151507E-03 1.4147323E-04 5.9421825E-03 5.0098810E-02 3.2453973E-02 1.0463691E-04 1.8626504E+00 1.8905671E+01 -3.1854788E-02
2.6764000E+02 2.7427000E+02 8.6700000E+00 9.7000000E+01 9 5.5192367E+01 1.4969400E-01 3.3132173E-01 -2.1383450E-03 8.6857635E-03 9.5458482E-03 9.1475381E-03 7.1356575E-04 4.1369726E-04 4.7953188E-03 1.3393980E-04 4.8379614E-03 5.1344846E-02 2.5937524E-02 8.8007766E-05 1.6791087E+00 1.9107467E+01 -4.6686022E-02
2.6764000E+02 2.7427000E+02 8.6700000E+00 1.0200000E+02 9 5.5184283E+01 1.5291175E-01 3.3944629E-01 -2.8176354E-03 8.8507343E-03 9.6192922E-03 9.2412411E-03 6.7727226E-04 4.3679668E-04 4.8587575E-03 1.2712733E-04 4.8867595E-03 5.2762061E-02 2.6429460E-02 9.3115037E-05 1.6708858E+00 1.9128244E+01 -4.8005089E-02
2.6764000E+02 2.7427000E+02 8.6700000E+00 1.0700000E+02 9 5.5177152E+01 1.5604005E-01 3.4713922E-01 -3.4186421E-03 9.0461194E-03 9.7104366E-03 9.3508283E-03 6.4423212E-04 4.5798871E-04 4.9396812E-03 1.2092554E-04 4.9528123E-03 5.3988596E-02 2.7012100E-02 9.9106281E-05 1.6668324E+00 1.9141302E+01 -4.8862293E-02
2.6764000E+02 2.7427000E+02 8.6700000E+00 1.1200000E+02 9 5.5171610E+01 1.5861349E-01 3.5339775E-01 -3.8775498E-03 9.2196703E-03 9.7977912E-03 9.4550701E-03 6.1397914E-04 4.7514877E-04 5.0108983E-03 1.1524690E-04 5.0108876E-03 5.4941243E-02 2.7529666E-02 1.0447165E-04 1.6648866E+00 1.9149410E+01 -4.9411660E-02
2.6764000E+02 2.7427000E+02 8.6700000E+00 1.1700000E+02 9 5.5167521E+01 1.6060129E-01 3.5819983E-01 -4.2053541E-03 9.3593127E-03 9.8747354E-03 9.5475547E-03 5.8613869E-04 4.8771376E-04 5.0659921E-03 1.1002111E-04 5.0549038E-03 5.5650494E-02 2.7946146E-02 1.0882640E-04 1.6639623E+00 1.9154505E+01 -4.9766498E-02
2.6764000E+02 2.7427000E+02 8.6700000E+00 1.2200000E+02 9 5.5164548E+01 1.6211160E-01 3.6183448E-01 -4.4332744E-03 9.4683223E-03 9.9410552E-03 9.6282383E-03 5.6040615E-04 4.9694724E-04 5.1064918E-03 1.0519099E-04 5.0861423E-03 5.6175013E-02 2.8271296E-02 1.1222188E-04 1.6635516E+00 1.9157763E+01 -4.9999487E-02
2.6764000E+02 2.7427000E+02 8.6700000E+00 1.2400000E+02 9 5.5158498E+01 1.7272242E-01 3.8611803E-01 -4.5106075E-03 1.1200988E-02 1.1397722E-02 1.1090472E-02 5.5043251E-04 5.9008796E-04 5.9745577E-03 1.0331889E-04 5.9246134E-03 5.6377005E-02 3.3445200E-02 1.3345888E-04 1.7722204E+00 1.9047741E+01 -4.0299993E-02
2.6764000E+02 2.7427000E+02 8.6700000E+00 1.2500000E+02 9 5.5156583E+01 1.7585743E-01 3.9341634E-01 -4.5460841E-03 1.1705426E-02 1.1860472E-02 1.1555963E-02 5.4552339E-04 6.0205924E-04 6.2254768E-03 1.0239742E-04 6.1677992E-03 5.6470148E-02 3.4951710E-02 1.4096677E-04 1.8086199E+00 1.9010891E+01 -3.7465874E-02
2.6764000E+02 2.7427000E+02 8.6700000E+00 1.3000000E+02 9 5.5161954E+01 1.6253074E-01 3.6334483E-01 -4.6667103E-03 9.3939708E-03 9.9120108E-03 9.6195317E-03 5.2397124E-04 4.8584077E-04 5.0476609E-03 9.8351979E-05 5.0195420E-03 5.6763129E-02 2.8048968E-02 1.1529794E-04 1.6525924E+00 1.9171625E+01 -5.1300798E-02
2.6764000E+02 2.7427000E+02 8.6700000E+00 1.3100000E+02 9 5.5154758E+01 1.7651086E-01 3.9527924E-01 -4.6888794E-03 1.1725959E-02 1.1883799E-02 1.1593672E-02 5.1975632E-04 6.2166947E-04 6.2207477E-03 9.7560818E-05 6.1564820E-03 5.6843652E-02 3.5012912E-02 1.4027433E-04 1.8044410E+00 1.9017382E+01 -3.7918902E-02
2.6764000E+02 2.7427000E+02 8.6700000E+00 1.3200000E+02 9 5.5154520E+01 1.7654845E-01 3.9529976E-01 -4.7093665E-03 1.1710381E-02 1.1867678E-02 1.1579896E-02 5.1555808E-04 6.0895468E-04 6.2109470E-03 9.6772787E-05 6.1447285E-03 5.6903388E-02 3.4966081E-02 1.4301845E-04 1.8017248E+00 1.9019975E+01 -3.8119769E-02
2.6764000E+02 2.7427000E+02 8.6700000E+00 1.3700000E+02 9 5.5153469E+01 1.6473558E-01 3.6988510E-01 -5.9511037E-03 9.4091915E-03 9.9318314E-03 9.6549910E-03 4.9595480E-04 4.9067849E-04 5.0392017E-03 9.3093155E-05 5.0033880E-03 5.8477756E-02 2.8094074E-02 1.1671405E-04 1.6395421E+00 1.9168337E+01 -5.3349397E-02
2.6764000E+02 2.7427000E+02 8.6700000E+00 1.4200000E+02 9 5.5143008E+01 1.6845745E-01 3.7978169E-01 -7.5290736E-03 9.6202940E-03 1.0049059E-02 9.7824004E-03 4.7771404E-04 5.1592157E-04 5.1362722E-03 8.9669275E-05 5.0898823E-03 6.0449448E-02 2.8723814E-02 1.1512213E-04 1.6353423E+00 1.9145516E+01 -5.4628104E-02
2.6764000E+02 2.7427000E+02 8.6700000E+00 1.4700000E+02 9 5.5133502E+01 1.7214373E-01 3.8928418E-01 -8.9378380E-03 9.8606882E-03 1.0182449E-02 9.9253309E-03 4.6062243E-04 5.3529175E-04 5.2490962E-03 8.6461095E-05 5.1912604E-03 6.2206896E-02 2.9440875E-02 1.1185297E-04 1.6339863E+00 1.9115502E+01 -5.5504734E-02
2.6764000E+02 2.7427000E+02 8.6700000E+00 1.5200000E+02 9 5.5126016E+01 1.7515807E-01 3.9697909E-01 -1.0031364E-02 1.0066793E-02 1.0302561E-02 1.0054439E-02 4.4450559E-04 5.4862219E-04 5.3448495E-03 8.3435885E-05 5.2771008E-03 6.3581780E-02 3.0055676E-02 1.0666434E-04 1.6336886E+00 1.9084196E+01 -5.6101412E-02
2.6764000E+02 2.7427000E+02 8.6700000E+00 1.5700000E+02 9 5.5120471E+01 1.7744608E-01 4.0279918E-01 -1.0828040E-02 1.0226757E-02 1.0401885E-02 1.0162283E-02 4.2924331E-04 5.5739057E-04 5.4173848E-03 8.0571080E-05 5.3416326E-03 6.4599155E-02 3.0532871E-02 1.0063130E-04 1.6337361E+00 1.9054902E+01 -5.6509047E-02
2.6764000E+02 2.7427000E+02 8.6700000E+00 1.6200000E+02 9 5.5116448E+01 1.7914402E-01 4.0711137E-01 -1.1394123E-02 1.0347105E-02 1.0481927E-02 1.0250413E-02 4.1475335E-04 5.6317352E-04 5.4700240E-03 7.7851244E-05 5.3878813E-03 6.5339310E-02 3.0891911E-02 9.4701863E-05 1.6338813E+00 1.9029322E+01 -5.6790180E-02
2.6764000E+02 2.7427000E+02 8.6700000E+00 1.6700000E+02 9 5.5113518E+01 1.8041201E-01 4.1032643E-01 -1.1795664E-02 1.0437927E-02 1.0546674E-02 1.0322850E-02 4.0097666E-04 5.6694013E-04 5.5079313E-03 7.5265291E-05 5.4205973E-03 6.5881338E-02 3.1162880E-02 8.9412420E-05 1.6340419E+00 1.9008037E+01 -5.6987332E-02
2.6764000E+02 2.7427000E+02 8.6700000E+00 1.6800000E+02 9 5.5105852E+01 1.9493686E-01 4.4309333E-01 -1.1869907E-02 1.2832641E-02 1.2504013E-02 1.2281712E-02 3.9824941E-04 7.1011800E-04 6.7153899E-03 7.4753373E-05 6.5872583E-03 6.5990789E-02 3.8313534E-02 1.0263446E-04 1.7733793E+00 1.8857660E+01 -4.3394508E-02
2.6764000E+02 2.7427000E+02 8.6700000E+00 1.6900000E+02 9 5.5105435E+01 1.9497772E-01 4.4311938E-01 -1.1938582E-02 1.2809127E-02 1.2482483E-02 1.2261688E-02 3.9554984E-04 6.8850950E-04 6.7024408E-03 7.4246651E-05 6.5728858E-03 6.6086119E-02 3.8243000E-02 1.0262102E-04 1.7700152E+00 1.8855909E+01 -4.3676721E-02
2.6764000E+02 2.7427000E+02 8.6700000E+00 1.7400000E+02 9 5.5118950E+01 1.7345526E-01 4.0528088E-01 -1.6332542E-02 1.0313502E-02 1.0481415E-02 1.0267792E-02 3.8270275E-04 5.4589282E-04 5.4339355E-03 7.1835189E-05 5.3451813E-03 6.5061944E-02 3.0791231E-02 8.2413840E-05 1.6885995E+00 1.8929948E+01 -5.1423658E-02
2.6764000E+02 2.7427000E+02 8.6700000E+00 1.7500000E+02 9 5.5114174E+01 1.8451495E-01 4.3364957E-01 -1.7363101E-02 1.2462360E-02 1.2419626E-02 1.2207422E-02 3.8015905E-04 6.4814762E-04 6.5128812E-03 7.1357723E-05 6.3974622E-03 6.4810855E-02 3.7209725E-02 9.3596454E-05 1.8525582E+00 1.8755710E+01 -3.7211679E-02
2.6764000E+02 2.7427000E+02 8.6700000E+00 1.7600000E+02 9 5.5116338E+01 1.8193547E-01 4.3091052E-01 -1.8511038E-02 1.2340817E-02 1.2387045E-02 1.2176247E-02 3.7764076E-04 6.2483160E-04 6.4486971E-03 7.0885028E-05 6.3376542E-03 6.4509496E-02 3.6847309E-02 9.3138365E-05 1.8688033E+00 1.8735651E+01 -3.6024854E-02
2.6764000E+02 2.7427000E+02 8.6700000E+00 1.8100000E+02 9 5.5066227E+01 1.7723368E-01 4.3958286E-01 -2.9180420E-02 9.7852255E-03 1.0394608E-02 1.0190503E-02 3.6565102E-04 4.8892293E-04 5.1484884E-03 6.8634494E-05 5.0837902E-03 7.5274073E-02 2.9217427E-02 7.4394421E-05 1.6370045E+00 1.8966122E+01 -6.1477241E-02
2.6764000E+02 2.7427000E+02 8.6700000E+00 1.8600000E+02 9 5.4985624E+01 1.9706229E-01 5.0126381E-01 -4.0270103E-02 9.9775412E-03 1.0450835E-02 1.0253103E-02 3.5423214E-04 5.2970883E-04 5.2412920E-03 6.6491116E-05 5.1652391E-03 9.0108405E-02 2.9790490E-02 7.2364382E-05 1.5483875E+00 1.9047181E+01 -7.9393443E-02
2.6764000E+02 2.7427000E+02 8.6700000E+00 1.9100000E+02 9 5.4910604E+01 2.1891035E-01 5.6224187E-01 -4.9497170E-02 1.0541796E-02 1.0536043E-02 1.0344384E-02 3.4335512E-04 6.0883874E-04 5.5295847E-03 6.4449445E-05 5.4195711E-03 1.0364372E-01 3.1470707E-02 7.3255197E-05 1.4883956E+00 1.9100539E+01 -9.5006354E-02
2.6764000E+02 2.7427000E+02 8.6700000E+00 1.9600000E+02 9 5.4851090E+01 2.3794824E-01 6.1264470E-01 -5.6439934E-02 1.1207352E-02 1.0618833E-02 1.0432958E-02 3.3299238E-04 6.9216820E-04 5.8714735E-03 6.2504307E-05 5.7210281E-03 1.1423213E-01 3.3452215E-02 7.5000815E-05 1.4516914E+00 1.9131721E+01 -1.0656844E-01
2.6764000E+02 2.7427000E+02 8.6700000E+00 2.0100000E+02 9 5.4807162E+01 2.5294290E-01 6.5106544E-01 -6.1430549E-02 1.1828308E-02 1.0689375E-02 1.0509012E-02 3.2311759E-04 7.6286493E-04 6.1902602E-03 6.0650761E-05 6.0021378E-03 1.2196085E-01 3.5300847E-02 7.6690734E-05 1.4298266E+00 1.9149069E+01 -1.1452479E-01
2.6764000E+02 2.7427000E+02 8.6700000E+00 2.0600000E+02 9 5.4775698E+01 2.6423595E-01 6.7935829E-01 -6.4964435E-02 1.2353922E-02 1.0747311E-02 1.0572201E-02 3.1370561E-04 8.1847261E-04 6.4593250E-03 5.8884085E-05 6.2394101E-03 1.2744507E-01 3.6865712E-02 7.8034848E-05 1.4169283E+00 1.9158280E+01 -1.1982028E-01
2.6764000E+02 2.7427000E+02 8.6700000E+00 2.1100000E+02 9 5.4753276E+01 2.7261786E-01 7.0003036E-01 -6.7478089E-02 1.2780628E-02 1.0795355E-02 1.0625255E-02 3.0473243E-04 8.6105700E-04 6.6769359E-03 5.7199776E-05 6.4310469E-03 1.3132201E-01 3.8136249E-02 7.9009175E-05 1.4093524E+00 1.9162826E+01 -1.2331071E-01
2.6764000E+02 2.7427000E+02 8.6700000E+00 2.1600000E+02 9 5.4737123E+01 2.7886559E-01 7.1527219E-01 -6.9297207E-02 1.3122495E-02 1.0836566E-02 1.0671242E-02 2.9617516E-04 8.9360983E-04 6.8505445E-03 5.5593535E-05 6.5834689E-03 1.3409646E-01 3.9154340E-02 7.9678302E-05 1.4049161E+00 1.9164753E+01 -1.2562563E-01
2.6764000E+02 2.7427000E+02 8.6700000E+00 2.2100000E+02 9 5.4725236E+01 2.8359517E-01 7.2673046E-01 -7.0646960E-02 1.3397083E-02 1.0873420E-02 1.0712652E-02 2.8801201E-04 9.1872422E-04 6.9893070E-03 5.4061271E-05 6.7048286E-03 1.3612693E-01 3.9972222E-02 8.0120879E-05 1.4023302E+00 1.9165244E+01 -1.2718792E-01
2.6764000E+02 2.7427000E+02 8.6700000E+00 2.2600000E+02 9 5.4716254E+01 2.8725367E-01 7.3556129E-01 -7.1677383E-02 1.3620088E-02 1.0907657E-02 1.0751237E-02 2.8022222E-04 9.3841343E-04 7.1013655E-03 5.2599090E-05 6.8024526E-03 1.3765504E-01 4.0636587E-02 8.0404185E-05 1.4008402E+00 1.9164975E+01 -1.2826869E-01
2.6764000E+02 2.7427000E+02 8.6700000E+00 2.3100000E+02 9 5.4709270E+01 2.9015196E-01 7.4255038E-01 -7.2487005E-02 1.3803940E-02 1.0940391E-02 1.0788123E-02 2.7278610E-04 9.5412608E-04 7.1931634E-03 5.1203292E-05 6.8821412E-03 1.3883973E-01 4.1184409E-02 8.0578867E-05 1.4000047E+00 1.9164328E+01 -1.2903814E-01
2.6764000E+02 2.7427000E+02 8.6700000E+00 2.3600000E+02 9 5.4703690E+01 2.9250232E-01 7.4822539E-01 -7.3140527E-02 1.3957950E-02 1.0972277E-02 1.0823972E-02 2.6568491E-04 9.6688757E-04 7.2695333E-03 4.9870365E-05 6.9482292E-03 1.3978495E-01 4.1643385E-02 8.0680805E-05 1.3995647E+00 1.9163515E+01 -1.2960260E-01
2.6764000E+02 2.7427000E+02 8.6700000E+00 2.4100000E+02 9 5.4699117E+01 2.9444951E-01 7.5294131E-01 -7.3680870E-02 1.4088930E-02 1.1003649E-02 1.0859131E-02 2.5890090E-04 9.7741906E-04 7.3340166E-03 4.8596973E-05 7.0038784E-03 1.4055903E-01 4.2033785E-02 8.0734687E-05 1.3993661E+00 1.9162653E+01 -1.3002904E-01
2.6764000E+02 2.7427000E+02 8.6700000E+00 2.4600000E+02 9 5.4695288E+01 2.9609314E-01 7.5693969E-01 -7.4136989E-02 1.4201845E-02 1.1034642E-02 1.0893743E-02 2.5241722E-04 9.8623192E-04 7.3891986E-03 4.7379953E-05 7.0513843E-03 1.4120754E-01 4.2370383E-02 8.0757297E-05 1.3993161E+00 1.9161806E+01 -1.3036019E-01
2.6764000E+02 2.7427000E+02 8.6700000E+00 2.5100000E+02 9 5.4692020E+01 2.9750289E-01 7.6038779E-01 -7.4528836E-02 1.4300341E-02 1.1065264E-02 1.0927826E-02 2.4621788E-04 9.9369916E-04 7.4369798E-03 4.6216306E-05 7.0924259E-03 1.4176146E-01 4.2664029E-02 8.0760030E-05 1.3993575E+00 1.9161005E+01 -1.3062392E-01
2.6764000E+02 2.7427000E+02 8.6700000E+00 2.5600000E+02 9 5.4689188E+01 2.9872852E-01 7.6340398E-01 -7.4870483E-02 1.4387134E-02 1.1095455E-02 1.0961327E-02 2.4028774E-04 1.0000990E-03 7.4787778E-03 4.5103191E-05 7.1282489E-03 1.4224236E-01 4.2922808E-02 8.0750666E-05 1.3994548E+00 1.9160266E+01 -1.3083881E-01
2.6764000E+02 2.7427000E+02 8.6700000E+00 2.6100000E+02 9 5.4686701E+01 2.9980651E-01 7.6607402E-01 -7.5172089E-02 1.4464291E-02 1.1125122E-02 1.0994162E-02 2.3461247E-04 1.0056415E-03 7.5156680E-03 4.4037915E-05 7.1598003E-03 1.4266558E-01 4.3152872E-02 8.0734522E-05 1.3995854E+00 1.9159593E+01 -1.3101751E-01
2.6764000E+02 2.7427000E+02 8.6700000E+00 2.6400000E+02 9 5.4680474E+01 3.1012423E-01 7.8735132E-01 -7.5340440E-02 1.6017487E-02 1.2041101E-02 1.1911992E-02 2.3129606E-04 1.1374115E-03 8.3088259E-03 4.3415409E-05 7.9020097E-03 1.4290455E-01 4.7786167E-02 8.8454676E-05 1.4365402E+00 1.9116418E+01 -1.2304328E-01
2.6764000E+02 2.7427000E+02 8.6700000E+00 2.6500000E+02 9 5.4675217E+01 3.1996548E-01 8.0763253E-01 -7.5395218E-02 1.7535826E-02 1.2972469E-02 1.2843972E-02 2.3020035E-04 1.2739115E-03 9.0841135E-03 4.3209737E-05 8.6309706E-03 1.4298414E-01 5.2316096E-02 9.5668445E-05 1.4759724E+00 1.9071052E+01 -1.1496350E-01
2.6764000E+02 2.7427000E+02 8.6700000E+00 2.7000000E+02 9 5.4682432E+01 3.0284321E-01 7.7304196E-01 -7.5600609E-02 1.4812103E-02 1.1344443E-02 1.1218236E-02 2.2609691E-04 1.0110719E-03 7.6893289E-03 4.2439503E-05 7.3189796E-03 1.4326558E-01 4.4190409E-02 8.2719351E-05 1.4055027E+00 1.9151232E+01 -1.2994402E-01
2.6764000E+02 2.7427000E+02 8.6700000E+00 2.7500000E+02 9 5.4679422E+01 3.0650318E-01 7.8095729E-01 -7.5786018E-02 1.5334039E-02 1.1670248E-02 1.1546220E-02 2.2219363E-04 1.0648319E-03 7.9539959E-03 4.1706837E-05 7.5664313E-03 1.4352466E-01 4.5747603E-02 8.4547367E-05 1.4173868E+00 1.9137696E+01 -1.2745295E-01
2.6764000E+02 2.7427000E+02 8.6700000E+00 2.8000000E+02 9 5.4676779E+01 3.0955480E-01 7.8762539E-01 -7.5961799E-02 1.5762428E-02 1.1955146E-02 1.1833381E-02 2.1814141E-04 1.0970962E-03 8.1703708E-03 4.0946215E-05 7.7692878E-03 1.4377088E-01 4.7025896E-02 8.6475854E-05 1.4271840E+00 1.9126024E+01 -1.2542803E-01
2.6764000E+02 2.7427000E+02 8.6700000E+00 2.8500000E+02 9 5.4674577E+01 3.1187360E-01 7.9286270E-01 -7.6125947E-02 1.6084327E-02 1.2192356E-02 1.2072807E-02 2.1417003E-04 1.1170277E-03 8.3319031E-03 4.0200767E-05 7.9215970E-03 1.4400072E-01 4.7986692E-02 8.7911686E-05 1.4346255E+00 1.9117067E+01 -1.2392228E-01
2.6764000E+02 2.7427000E+02 8.6700000E+00 2.8900000E+02 9 5.4670791E+01 3.1788618E-01 8.0562801E-01 -7.6249872E-02 1.6996034E-02 1.2793836E-02 1.2676009E-02 2.1108624E-04 1.1866898E-03 8.7953606E-03 3.9621925E-05 8.3581495E-03 1.4417561E-01 5.0707125E-02 9.2369426E-05 1.4575844E+00 1.9090145E+01 -1.1916289E-01
2.6764000E+02 2.7427000E+02 8.6700000E+00 2.9000000E+02 9 5.4663366E+01 3.3239542E-01 8.3584121E-01 -7.6280395E-02 1.9270683E-02 1.4247404E-02 1.4130003E-02 2.1032151E-04 1.4002324E-03 9.9557289E-03 3.9478382E-05 9.4530238E-03 1.4422228E-01 5.7494419E-02 1.0250895E-04 1.5206089E+00 1.9018351E+01 -1.0683287E-01
2.6764000E+02 2.7427000E+02 8.6700000E+00 2.9500000E+02 9 5.4718201E+01 3.0199804E-01 7.6297288E-01 -7.0750215E-02 1.6269756E-02 1.2433121E-02 1.2317767E-02 2.0665321E-04 1.1016857E-03 8.4198759E-03 3.8789823E-05 8.0074808E-03 1.3585333E-01 4.8541057E-02 8.8931324E-05 1.4770013E+00 1.9072690E+01 -1.1151814E-01
2.6764000E+02 2.7427000E+02 8.6700000E+00 3.0000000E+02 9 5.4783805E+01 2.8485720E-01 7.1383958E-01 -6.2790809E-02 1.6164290E-02 1.2548715E-02 1.2435330E-02 2.0312650E-04 1.0980690E-03 8.3583140E-03 3.8127844E-05 7.9608437E-03 1.2382390E-01 4.8229151E-02 8.7705443E-05 1.5380336E+00 1.9011329E+01 -9.5268561E-02
2.6764000E+02 2.7427000E+02 8.6700000E+00 3.0100000E+02 9 5.4789349E+01 2.9756258E-01 7.3874815E-01 -6.1133925E-02 1.8769691E-02 1.4471125E-02 1.4358131E-02 2.0242670E-04 1.3308560E-03 9.6797060E-03 3.7996488E-05 9.2248199E-03 1.2132541E-01 5.6007264E-02 9.9425144E-05 1.6490132E+00 1.8889152E+01 -7.7181422E-02
2.6764000E+02 2.7427000E+02 8.6700000E+00 3.0200000E+02 9 5.4803600E+01 2.9327305E-01 7.2702273E-01 -5.9444016E-02 1.8642292E-02 1.4473539E-02 1.4360933E-02 2.0173231E-04 1.2838847E-03 9.6120206E-03 3.7866147E-05 9.1656850E-03 1.1877259E-01 5.5628186E-02 1.0017268E-04 1.6633420E+00 1.8873024E+01 -7.4257263E-02
2.6764000E+02 2.7427000E+02 8.6700000E+00 3.0300000E+02 9 5.4817855E+01 2.8879440E-01 7.1504503E-01 -5.7767207E-02 1.8488471E-02 1.4463926E-02 1.4352367E-02 1.9985564E-04 1.2486041E-03 9.5298253E-03 3.7513886E-05 9.0932423E-03 1.1624110E-01 5.5170386E-02 9.9874036E-05 1.6773760E+00 1.8858537E+01 -7.1485569E-02
2.6764000E+02 2.7427000E+02 8.6700000E+00 3.0800000E+02 9 5.4887818E+01 2.5309302E-01 6.2835219E-01 -5.0490819E-02 1.5233842E-02 1.2510824E-02 1.2401757E-02 1.9539232E-04 9.7464350E-04 7.8612335E-03 3.6676100E-05 7.5279640E-03 1.0523903E-01 4.5460619E-02 8.3104464E-05 1.6301291E+00 1.8919476E+01 -7.3898226E-02
2.6764000E+02 2.7427000E+02 8.6700000E+00 3.1300000E+02 9 5.4936585E+01 2.3707606E-01 5.8680407E-01 -4.4805986E-02 1.4633013E-02 1.2500277E-02 1.2393521E-02 1.9125097E-04 9.0731313E-04 7.5398897E-03 3.5898748E-05 7.2500103E-03 9.6644183E-02 4.3672887E-02 7.9412461E-05 1.6773771E+00 1.8873187E+01 -6.4724585E-02
2.6764000E+02 2.7427000E+02 8.6700000E+00 3.1800000E+02 9 5.4973160E+01 2.2456661E-01 5.5494255E-01 -4.0581009E-02 1.4102520E-02 1.2505081E-02 1.2400865E-02 1.8670126E-04 8.2916260E-04 7.2553062E-03 3.5044745E-05 7.0041372E-03 9.0254066E-02 4.2094326E-02 7.6878353E-05 1.7140660E+00 1.8836418E+01 -5.8252072E-02
2.6764000E+02 2.7427000E+02 8.6700000E+00 3.2300000E+02 9 5.5000050E+01 2.1488675E-01 5.3085825E-01 -3.7512235E-02 1.3638195E-02 1.2511740E-02 1.2410178E-02 1.8194550E-04 7.6032437E-04 7.0057589E-03 3.4152066E-05 6.7881595E-03 8.5610244E-02 4.0712378E-02 7.4850143E-05 1.7403711E+00 1.8809845E+01 -5.3874813E-02
2.6764000E+02 2.7427000E+02 8.6700000E+00 3.2800000E+02 9 5.5019722E+01 2.0741394E-01 5.1270602E-01 -3.5297765E-02 1.3239021E-02 1.2515464E-02 1.2416530E-02 1.7723934E-04 7.0532581E-04 6.7911029E-03 3.3268695E-05 6.6015864E-03 8.2256924E-02 3.9524033E-02 7.3150933E-05 1.7581368E+00 1.8791836E+01 -5.0979641E-02
2.6764000E+02 2.7427000E+02 8.6700000E+00 3.2900000E+02 9 5.5017331E+01 2.1815211E-01 5.3755326E-01 -3.4886671E-02 1.5217091E-02 1.4403081E-02 1.4304670E-02 1.7630205E-04 7.7391328E-04 7.7840397E-03 3.3092762E-05 7.5729787E-03 8.1640045E-02 4.5433408E-02 8.2753142E-05 1.9024827E+00 1.8636762E+01 -3.8284101E-02
2.6764000E+02 2.7427000E+02 8.6700000E+00 3.3000000E+02 9 5.5020836E+01 2.1663987E-01 5.3395122E-01 -3.4505079E-02 1.5112780E-02 1.4379835E-02 1.4281944E-02 1.7537051E-04 7.5951248E-04 7.7293101E-03 3.2917908E-05 7.5230136E-03 8.1062854E-02 4.5122338E-02 8.3404628E-05 1.9044351E+00 1.8633200E+01 -3.7981842E-02
2.6764000E+02 2.7427000E+02 8.6700000E+00 3.3500000E+02 9 5.5015349E+01 2.0706158E-01 5.0988068E-01 -3.3586743E-02 1.2613728E-02 1.2403541E-02 1.2308108E-02 1.7096595E-04 6.3456368E-04 6.4601903E-03 3.2091149E-05 6.3045515E-03 8.3466439E-02 3.7660557E-02 7.0858940E-05 1.6919707E+00 1.8858039E+01 -5.7967648E-02
2.6764000E+02 2.7427000E+02 8.6700000E+00 3.4000000E+02 9 5.4989331E+01 2.1702501E-01 5.2904077E-01 -3.3220108E-02 1.2621104E-02 1.2381620E-02 1.2288485E-02 1.6685111E-04 6.5362153E-04 6.4621107E-03 3.1318773E-05 6.3037372E-03 8.8246651E-02 3.7681763E-02 7.0435892E-05 1.6193627E+00 1.8931531E+01 -6.8010727E-02
2.6764000E+02 2.7427000E+02 8.6700000E+00 3.4500000E+02 9 5.4961435E+01 2.2928179E-01 5.5244406E-01 -3.3080934E-02 1.2932524E-02 1.2388671E-02 1.2297672E-02 1.6302364E-04 7.0573903E-04 6.6242018E-03 3.0600339E-05 6.4437331E-03 9.3169083E-02 3.8608163E-02 7.1845469E-05 1.5662640E+00 1.8984619E+01 -7.6803284E-02
2.6764000E+02 2.7427000E+02 8.6700000E+00 3.5000000E+02 9 5.4937367E+01 2.4077762E-01 5.7411623E-01 -3.3010141E-02 1.3360139E-02 1.2404207E-02 1.2315196E-02 1.5946306E-04 7.6668827E-04 6.8475734E-03 2.9932000E-05 6.6376565E-03 9.7308808E-02 3.9880420E-02 7.3818411E-05 1.5311353E+00 1.9019536E+01 -8.3452743E-02
2.6764000E+02 2.7427000E+02 8.6700000E+00 3.5500000E+02 9 5.4918595E+01 2.5032912E-01 5.9188351E-01 -3.2945192E-02 1.3787093E-02 1.2418710E-02 1.2331552E-02 1.5614213E-04 8.2410100E-04 7.0704178E-03 2.9308646E-05 6.8317937E-03 1.0047455E-01 4.1150714E-02 7.5735523E-05 1.5086855E+00 1.9041777E+01 -8.8133136E-02
2.6764000E+02 2.7427000E+02 8.6700000E+00 3.6000000E+02 9 5.4904704E+01 2.5779014E-01 6.0556428E-01 -3.2868570E-02 1.4161261E-02 1.2428947E-02 1.2343524E-02 1.5303269E-04 8.7240934E-04 7.2651177E-03 2.8724989E-05 7.0022407E-03 1.0277731E-01 4.2263954E-02 7.7361577E-05 1.4944906E+00 1.9055816E+01 -9.1306657E-02
2.6764000E+02 2.7427000E+02 8.6700000E+00 3.6500000E+02 9 5.4894697E+01 2.6344276E-01 6.1576946E-01 -3.2780345E-02 1.4469085E-02 1.2434614E-02 1.2350824E-02 1.5010843E-04 9.1076071E-04 7.4246333E-03 2.8176090E-05 7.1426261E-03 1.0441034E-01 4.3179837E-02 7.8653693E-05 1.4855155E+00 1.9064688E+01 -9.3419978E-02
2.6764000E+02 2.7427000E+02 8.6700000E+00 3.7000000E+02 9 5.4887558E+01 2.6767690E-01 6.2328705E-01 -3.2685619E-02 1.4714944E-02 1.2436508E-02 1.2354260E-02 1.4734593E-04 9.4032491E-04 7.5514896E-03 2.7657556E-05 7.2547231E-03 1.0555747E-01 4.3911401E-02 7.9647578E-05 1.4798024E+00 1.9070337E+01 -9.4819934E-02
2.6764000E+02 2.7427000E+02 8.6700000E+00 3.7500000E+02 9 5.4882457E+01 2.7085374E-01 6.2882669E-01 -3.2589576E-02 1.4909278E-02 1.2435666E-02 1.2354880E-02 1.4472502E-04 9.6272575E-04 7.6514010E-03 2.7165597E-05 7.3431007E-03 1.0636467E-01 4.4489713E-02 8.0401167E-05 1.4761181E+00 1.9073982E+01 -9.5751482E-02
2.6764000E+02 2.7427000E+02 8.6700000E+00 3.8000000E+02 9 5.4878775E+01 2.7326166E-01 6.3294644E-01 -3.2496019E-02 1.5063087E-02 1.2433010E-02 1.2353619E-02 1.4222854E-04 9.7968789E-04 7.7302971E-03 2.6696996E-05 7.4126617E-03 1.0693829E-01 4.4947485E-02 8.0970737E-05 1.4736994E+00 1.9076379E+01 -9.6378709E-02
2.6764000E+02 2.7427000E+02 8.6700000E+00 3.8500000E+02 9 5.4876076E+01 2.7511532E-01 6.3605627E-01 -3.2407267E-02 1.5185833E-02 1.2429256E-02 1.2351196E-02 1.3984208E-04 9.9258354E-04 7.7932113E-03 2.6249045E-05 7.4676906E-03 1.0735235E-01 4.5312854E-02 8.1402879E-05 1.4720748E+00 1.9077991E+01 -9.6808578E-02
2.6764000E+02 2.7427000E+02 8.6700000E+00 3.9000000E+02 9 5.4874059E+01 2.7656835E-01 6.3844673E-01 -3.2324487E-02 1.5284965E-02 1.2424908E-02 1.2348126E-02 1.3755355E-04 1.0025064E-03 7.8440490E-03 2.5819478E-05 7.5116157E-03 1.0765710E-01 4.5607973E-02 8.1733416E-05 1.4709540E+00 1.9079106E+01 -9.7109778E-02
2.6764000E+02 2.7427000E+02 8.6700000E+00 3.9500000E+02 9 5.4872520E+01 2.7772901E-01 6.4032014E-01 -3.2248072E-02 1.5366099E-02 1.2420304E-02 1.2344750E-02 1.3535285E-04 1.0102447E-03 7.8857159E-03 2.5406396E-05 7.5470581E-03 1.0788626E-01 4.5849539E-02 8.1988847E-05 1.4701568E+00 1.9079902E+01 -9.7326289E-02
2.6764000E+02 2.7427000E+02 8.6700000E+00 4.0000000E+02 9 5.4871321E+01 2.7867311E-01 6.4181667E-01 -3.2177947E-02 1.5433385E-02 1.2415655E-02 1.2341286E-02 1.3323150E-04 1.0163675E-03 7.9203332E-03 2.5008208E-05 7.5759802E-03 1.0806242E-01 4.6049892E-02 8.2188422E-05 1.4695705E+00 1.9080489E+01 -9.7486348E-02
2.6764000E+02 2.7427000E+02 8.6700000E+00 4.0500000E+02 9 5.4870368E+01 2.7945396E-01 6.4303370E-01 -3.2113778E-02 1.5489873E-02 1.2411087E-02 1.2337861E-02 1.3118236E-04 1.0212916E-03 7.9494430E-03 2.4623575E-05 7.5998407E-03 1.0820079E-01 4.6218106E-02 8.2346048E-05 1.4691237E+00 1.9080939E+01 -9.7608234E-02
2.6764000E+02 2.7427000E+02 8.6700000E+00 4.1000000E+02 9 5.4869596E+01 2.8010955E-01 6.4403970E-01 -3.2055110E-02 1.5537824E-02 1.2406660E-02 1.2334542E-02 1.2919940E-04 1.0253130E-03 7.9741806E-03 2.4251363E-05 7.6197276E-03 1.0831174E-01 4.6360904E-02 8.2471781E-05 1.4687707E+00 1.9081296E+01 -9.7703906E-02
2.6764000E+02 2.7427000E+02 8.6700000E+00 4.1200000E+02 9 5.4862473E+01 2.9407959E-01 6.7284434E-01 -3.2032491E-02 1.7712661E-02 1.3770484E-02 1.3698803E-02 1.2841644E-04 1.2108584E-03 9.0857928E-03 2.4104398E-05 8.6641932E-03 1.0835665E-01 5.2850108E-02 9.2840919E-05 1.5385829E+00 1.9002580E+01 -8.6078146E-02
2.6764000E+02 2.7427000E+02 8.6700000E+00 4.1700000E+02 9 5.4869244E+01 2.7983649E-01 6.4308314E-01 -3.1980750E-02 1.5431445E-02 1.2316045E-02 1.2245423E-02 1.2651815E-04 1.0016086E-03 7.9195553E-03 2.3748080E-05 7.5649122E-03 1.0843576E-01 4.6043214E-02 8.2243367E-05 1.4634159E+00 1.9086841E+01 -9.8667288E-02
2.6764000E+02 2.7427000E+02 8.6700000E+00 4.2200000E+02 9 5.4868782E+01 2.8022299E-01 6.4366191E-01 -3.1933332E-02 1.5458889E-02 1.2302527E-02 1.2232934E-02 1.2467483E-04 1.0163460E-03 7.9336273E-03 2.3402079E-05 7.5753469E-03 1.0850545E-01 4.6124875E-02 8.1841085E-05 1.4631321E+00 1.9087642E+01 -9.8759030E-02
2.6764000E+02 2.7427000E+02 8.6700000E+00 4.2700000E+02 9 5.4868240E+01 2.8085736E-01 6.4468866E-01 -3.1889793E-02 1.5523876E-02 1.2309564E-02 1.2240972E-02 1.2288289E-04 1.0256981E-03 7.9671980E-03 2.3065722E-05 7.6035536E-03 1.0856502E-01 4.6318476E-02 8.2033881E-05 1.4639404E+00 1.9086763E+01 -9.8637596E-02
2.6764000E+02 2.7427000E+02 8.6700000E+00 4.2900000E+02 9 5.4861149E+01 2.9491868E-01 6.7364418E-01 -3.1872971E-02 1.7717121E-02 1.3675186E-02 1.3606989E-02 1.2217411E-04 1.2147056E-03 9.0887630E-03 2.2932682E-05 8.6563608E-03 1.0859174E-01 5.2862467E-02 9.2513101E-05 1.5338707E+00 1.9007882E+01 -8.6887319E-02
2.6764000E+02 2.7427000E+02 8.6700000E+00 4.3000000E+02 9 5.4858941E+01 2.9926808E-01 6.8258277E-01 -3.1864705E-02 1.8388932E-02 1.4113579E-02 1.4045578E-02 1.2182170E-04 1.2567524E-03 9.4318438E-03 2.2866532E-05 8.9792170E-03 1.0860420E-01 5.4867147E-02 9.6182512E-05 1.5570298E+00 1.8981221E+01 -8.3273647E-02
2.6764000E+02 2.7427000E+02 8.6700000E+00 4.3500000E+02 9 5.4866282E+01 2.8417033E-01 6.5118432E-01 -3.1835571E-02 1.5995363E-02 1.2586351E-02 1.2519881E-02 1.1907910E-04 1.0414809E-03 8.2072366E-03 2.2351733E-05 7.8256103E-03 1.0865037E-01 4.7724893E-02 8.4767054E-05 1.4766078E+00 1.9071800E+01 -9.6382023E-02
2.6764000E+02 2.7427000E+02 8.6700000E+00 4.3600000E+02 9 5.4856854E+01 3.0302389E-01 6.9054835E-01 -3.1830031E-02 1.8968854E-02 1.4513641E-02 1.4447417E-02 1.1863907E-04 1.3251225E-03 9.7252409E-03 2.2269138E-05 9.2569117E-03 1.0866426E-01 5.6598237E-02 9.7179024E-05 1.5778960E+00 1.8959864E+01 -8.0208800E-02
2.6764000E+02 2.7427000E+02 8.6700000E+00 4.3700000E+02 9 5.4857743E+01 3.0350225E-01 6.9082840E-01 -3.1549716E-02 1.9057198E-02 1.4575219E-02 1.4509180E-02 1.1830699E-04 1.3014806E-03 9.7704307E-03 2.2206804E-05 9.2988050E-03 1.0844040E-01 5.6861685E-02 9.8679876E-05 1.5811393E+00 1.8954840E+01 -7.9577507E-02
2.6764000E+02 2.7427000E+02 8.6700000E+00 4.3800000E+02 9 5.4860756E+01 3.0347980E-01 6.8928854E-01 -3.0824080E-02 1.9121554E-02 1.4624777E-02 1.4558900E-02 1.1801746E-04 1.2864991E-03 9.8031791E-03 2.2152458E-05 9.3294569E-03 1.0783887E-01 5.7053660E-02 9.9574609E-05 1.5847689E+00 1.8950143E+01 -7.8743155E-02
2.6764000E+02 2.7427000E+02 8.6700000E+00 4.4300000E+02 9 5.4919908E+01 2.7899321E-01 6.1672215E-01 -1.9612877E-02 1.6483880E-02 1.2952591E-02 1.2886712E-02 1.1802042E-04 1.0541307E-03 8.4549486E-03 2.2153013E-05 8.0611719E-03 9.8392906E-02 4.9182946E-02 8.7489472E-05 1.5120801E+00 1.9033295E+01 -8.5176943E-02
2.6764000E+02 2.7427000E+02 8.6700000E+00 4.4400000E+02 9 5.4922543E+01 2.9469101E-01 6.4508474E-01 -1.7115885E-02 1.9250859E-02 1.4835363E-02 1.4769534E-02 1.1793072E-04 1.2945499E-03 9.8651577E-03 2.2136177E-05 9.3965221E-03 9.6294770E-02 5.7441297E-02 9.9187448E-05 1.6250365E+00 1.8909601E+01 -6.8219167E-02
2.6764000E+02 2.7427000E+02 8.6700000E+00 4.4500000E+02 9 5.4934662E+01 2.9296029E-01 6.3615264E-01 -1.4428759E-02 1.9257020E-02 1.4857717E-02 1.4792017E-02 1.1770125E-04 1.2596960E-03 9.8679632E-03 2.2093103E-05 9.3995210E-03 9.4032520E-02 5.7459715E-02 1.0037004E-04 1.6320886E+00 1.8900827E+01 -6.6310316E-02
2.6764000E+02 2.7427000E+02 8.6700000E+00 4.5000000E+02 9 5.4998856E+01 2.6942230E-01 5.6291584E-01 -1.9081117E-03 1.6905901E-02 1.3352106E-02 1.3287300E-02 1.1609894E-04 1.0555258E-03 8.6655990E-03 2.1792343E-05 8.2672464E-03 8.3481630E-02 5.0443842E-02 8.9813954E-05 1.5641380E+00 1.8977962E+01 -7.0310764E-02
2.6764000E+02 2.7427000E+02 8.6700000E+00 4.5300000E+02 9 5.5026702E+01 2.7357350E-01 5.5846726E-01 5.2305800E-03 1.8360685E-02 1.4476462E-02 1.4412158E-02 1.1519999E-04 1.1290800E-03 9.4030006E-03 2.1623605E-05 8.9729430E-03 7.7470859E-02 5.4787360E-02 9.6471873E-05 1.6502952E+00 1.8884736E+01 -5.7134104E-02
2.6764000E+02 2.7427000E+02 8.6700000E+00 4.5400000E+02 9 5.5033477E+01 2.7960763E-01 5.6718490E-01 7.5651313E-03 1.9584558E-02 1.5461454E-02 1.5397317E-02 1.1490074E-04 1.1624708E-03 1.0022733E-02 2.1567435E-05 9.5681192E-03 7.5506937E-02 5.8441895E-02 1.0205079E-04 1.7261140E+00 1.8802699E+01 -4.8559142E-02
2.6764000E+02 2.7427000E+02 8.6700000E+00 4.5900000E+02 9 5.5093507E+01 2.5355454E-01 4.9125036E-01 1.8795183E-02 1.6702345E-02 1.3582551E-02 1.3519270E-02 1.1336667E-04 9.5919237E-04 8.5507573E-03 2.1279482E-05 8.1783376E-03 6.6044760E-02 4.9840499E-02 8.8960647E-05 1.6120924E+00 1.8928507E+01 -5.6363353E-02
2.6764000E+02 2.7427000E+02 8.6700000E+00 4.6400000E+02 9 5.5134616E+01 2.4513568E-01 4.5761604E-01 2.7613504E-02 1.6370802E-02 1.3571688E-02 1.3509233E-02 1.1188739E-04 9.0159176E-04 8.3761578E-03 2.1001813E-05 8.0230463E-03 5.8625388E-02 4.8853350E-02 8.6868844E-05 1.6250046E+00 1.8916417E+01 -5.1675196E-02
2.6764000E+02 2.7427000E+02 8.6700000E+00 4.6900000E+02 9 5.5165599E+01 2.3877480E-01 4.3236104E-01 3.4263445E-02 1.6122308E-02 1.3596484E-02 1.3534715E-02 1.1065929E-04 8.4923675E-04 8.2452928E-03 2.0771293E-05 7.9065252E-03 5.3036272E-02 4.8113551E-02 8.5664536E-05 1.6362193E+00 1.8905169E+01 -4.8091929E-02
2.6764000E+02 2.7427000E+02 8.6700000E+00 4.7400000E+02 9 5.5188847E+01 2.3384681E-01 4.1326900E-01 3.9240498E-02 1.5914899E-02 1.3633312E-02 1.3572147E-02 1.0957602E-04 8.0391478E-04 8.1360535E-03 2.0567957E-05 7.8091718E-03 4.8859411E-02 4.7496016E-02 8.4783702E-05 1.6446268E+00 1.8896510E+01 -4.5480512E-02
2.6764000E+02 2.7427000E+02 8.6700000E+00 4.7900000E+02 9 5.5206362E+01 2.2994720E-01 3.9866848E-01 4.2974011E-02 1.5732113E-02 1.3669772E-02 1.3609171E-02 1.0856571E-04 7.6617732E-04 8.0397221E-03 2.0378317E-05 7.7232914E-03 4.5732425E-02 4.6951658E-02 8.4039436E-05 1.6502265E+00 1.8890639E+01 -4.3630800E-02
2.6764000E+02 2.7427000E+02 8.6700000E+00 4.8100000E+02 9 5.5207315E+01 2.3906846E-01 4.1653779E-01 4.4293650E-02 1.7376375E-02 1.5038324E-02 1.4977944E-02 1.0816970E-04 8.0516717E-04 8.8724867E-03 2.0303985E-05 8.5226496E-03 4.4632661E-02 5.1861283E-02 9.2129814E-05 1.7742707E+00 1.8757596E+01 -3.3336832E-02
2.6764000E+02 2.7427000E+02 8.6700000E+00 4.8200000E+02 9 5.5208728E+01 2.4140857E-01 4.2088976E-01 4.4913025E-02 1.7840707E-02 1.5482944E-02 1.5422674E-02 1.0797334E-04 8.0921254E-04 9.1065333E-03 2.0267126E-05 8.7495417E-03 4.4116425E-02 5.3248047E-02 9.4859933E-05 1.8199279E+00 1.8708371E+01 -3.0152772E-02
2.6764000E+02 2.7427000E+02 8.6700000E+00 4.8700000E+02 9 5.5228512E+01 2.2247041E-01 3.7565778E-01 4.7403261E-02 1.5075789E-02 1.3457578E-02 1.3397921E-02 1.0687377E-04 7.0111054E-04 7.7001632E-03 2.0060732E-05 7.4097242E-03 4.2034670E-02 4.4993858E-02 8.1509262E-05 1.6314560E+00 1.8910238E+01 -4.3761421E-02
2.6764000E+02 2.7427000E+02 8.6700000E+00 4.9200000E+02 9 5.5238015E+01 2.1935936E-01 3.6578344E-01 4.9323399E-02 1.4803423E-02 1.3332404E-02 1.3273357E-02 1.0578169E-04 6.8250363E-04 7.5599984E-03 1.9855744E-05 7.2782386E-03 4.0439632E-02 4.4181275E-02 7.9582164E-05 1.6232119E+00 1.8919986E+01 -4.3844041E-02
2.6764000E+02 2.7427000E+02 8.6700000E+00 4.9700000E+02 9 5.5245170E+01 2.1742710E-01 3.5896743E-01 5.0823043E-02 1.4660167E-02 1.3258700E-02 1.3200237E-02 1.0473605E-04 6.7220798E-04 7.4870356E-03 1.9659472E-05 7.2075240E-03 3.9199227E-02 4.3753616E-02 7.8815521E-05 1.6202793E+00 1.8923302E+01 -4.3586872E-02
2.6764000E+02 2.7427000E+02 8.6700000E+00 5.0200000E+02 9 5.5250771E+01 2.1607627E-01 3.5387382E-01 5.2021088E-02 1.4571609E-02 1.3211556E-02 1.3153672E-02 1.0369840E-04 6.6393044E-04 7.4424287E-03 1.9464700E-05 7.1627025E-03 3.8212965E-02 4.3489131E-02 7.8444331E-05 1.6192123E+00 1.8924406E+01 -4.3263103E-02
2.6764000E+02 2.7427000E+02 8.6700000E+00 5.0500000E+02 9 5.5250141E+01 2.2252994E-01 3.6675153E-01 5.2651319E-02 1.5688666E-02 1.4062636E-02 1.4005100E-02 1.0307528E-04 7.0038375E-04 8.0107479E-03 1.9347736E-05 7.7022025E-03 3.7698837E-02 4.6823586E-02 8.4221922E-05 1.6952833E+00 1.8842318E+01 -3.6624714E-02
2.6764000E+02 2.7427000E+02 8.6700000E+00 5.0600000E+02 9 5.5247739E+01 2.2900197E-01 3.8069099E-01 5.2852227E-02 1.6767765E-02 1.4947263E-02 1.4889843E-02 1.0286743E-04 7.2430698E-04 8.5577059E-03 1.9308723E-05 8.2264173E-03 3.7536968E-02 5.0045617E-02 8.9468808E-05 1.7829631E+00 1.8748835E+01 -3.0361783E-02
2.6764000E+02 2.7427000E+02 8.6700000E+00 5.1100000E+02 9 5.5259992E+01 2.1161078E-01 3.4139240E-01 5.3730176E-02 1.4046443E-02 1.2890524E-02 1.2833709E-02 1.0178318E-04 6.3084157E-04 7.1754845E-03 1.9105204E-05 6.9055762E-03 3.6814733E-02 4.1921231E-02 7.6421623E-05 1.5946543E+00 1.8950122E+01 -4.4951453E-02
2.6764000E+02 2.7427000E+02 8.6700000E+00 5.1600000E+02 9 5.5263682E+01 2.1021807E-01 3.3684789E-01 5.4467457E-02 1.3891571E-02 1.2740859E-02 1.2684673E-02 1.0065594E-04 6.2993783E-04 7.0982890E-03 1.8893616E-05 6.8273067E-03 3.6216536E-02 4.1458611E-02 7.5079959E-05 1.5872396E+00 1.8958879E+01 -4.5412408E-02
2.6764000E+02 2.7427000E+02 8.6700000E+00 5.2100000E+02 9 5.5266515E+01 2.0959340E-01 3.3403170E-01 5.5090439E-02 1.3839797E-02 1.2649350E-02 1.2593764E-02 9.9581320E-05 6.3202125E-04 7.0742612E-03 1.8691903E-05 6.7981604E-03 3.5714068E-02 4.1303523E-02 7.4749608E-05 1.5849659E+00 1.8961468E+01 -4.5416375E-02
2.6764000E+02 2.7427000E+02 8.6700000E+00 5.2600000E+02 9 5.5268853E+01 2.0923475E-01 3.3195775E-01 5.5626063E-02 1.3820648E-02 1.2587554E-02 1.2532552E-02 9.8535783E-05 6.3251858E-04 7.0667073E-03 1.8495651E-05 6.7850003E-03 3.5284505E-02 4.1245898E-02 7.4691265E-05 1.5843146E+00 1.8962146E+01 -4.5289972E-02
2.6764000E+02 2.7427000E+02 8.6700000E+00 5.3100000E+02 9 5.5270871E+01 2.0894850E-01 3.3021560E-01 5.6093156E-02 1.3807653E-02 1.2540167E-02 1.2485740E-02 9.7504962E-05 6.3143722E-04 7.0619594E-03 1.8302161E-05 6.7752220E-03 3.4912023E-02 4.1206761E-02 7.4672073E-05 1.5839578E+00 1.8962469E+01 -4.5157502E-02
2.6764000E+02 2.7427000E+02 8.6700000E+00 5.3600000E+02 9 5.5272652E+01 2.0868003E-01 3.2865821E-01 5.6505240E-02 1.3793579E-02 1.2499774E-02 1.2445917E-02 9.6482970E-05 6.2945920E-04 7.0563445E-03 1.8110328E-05 6.7652959E-03 3.4585268E-02 4.1164490E-02 7.4634403E-05 1.5835090E+00 1.8962887E+01 -4.5053011E-02
2.6764000E+02 2.7427000E+02 8.6700000E+00 5.4100000E+02 9 5.5274242E+01 2.0842175E-01 3.2723761E-01 5.6872326E-02 1.3777809E-02 1.2463040E-02 1.2409750E-02 9.5468423E-05 6.2726694E-04 7.0496060E-03 1.7919893E-05 6.7548475E-03 3.4295831E-02 4.1117211E-02 7.4575276E-05 1.5829234E+00 1.8963458E+01 -4.4978127E-02
2.6764000E+02 2.7427000E+02 8.6700000E+00 5.4600000E+02 9 5.5275671E+01 2.0817796E-01 3.2593677E-01 5.7202020E-02 1.3761310E-02 1.2428571E-02 1.2375843E-02 9.4461967E-05 6.2507962E-04 7.0422888E-03 1.7730976E-05 6.7442809E-03 3.4037316E-02 4.1067785E-02 7.4503566E-05 1.5822413E+00 1.8964137E+01 -4.4926319E-02
2.6764000E+02 2.7427000E+02 8.6700000E+00 5.5100000E+02 9 5.5276961E+01 2.0795261E-01 3.2474602E-01 5.7500233E-02 1.3745038E-02 1.2395813E-02 1.2343641E-02 9.3464900E-05 6.2308170E-04 7.0349238E-03 1.7543821E-05 6.7340100E-03 3.3804756E-02 4.1019057E-02 7.4427409E-05 1.5815142E+00 1.8964869E+01 -4.4890598E-02
2.6764000E+02 2.7427000E+02 8.6700000E+00 5.5600000E+02 9 5.5278131E+01 2.0774754E-01 3.2365624E-01 5.7771644E-02 1.3729591E-02 1.2364544E-02 1.2312923E-02 9.2478549E-05 6.2128569E-04 7.0278487E-03 1.7358678E-05 6.7242870E-03 3.3594215E-02 4.0972798E-02 7.4351882E-05 1.5807774E+00 1.8965614E+01 -4.4865788E-02
2.6764000E+02 2.7427000E+02 8.6700000E+00 5.6100000E+02 9 5.5279197E+01 2.0756259E-01 3.2265780E-01 5.8020017E-02 1.3715242E-02 1.2334651E-02 1.2283574E-02 9.1504054E-05 6.1967125E-04 7.0212266E-03 1.7175761E-05 6.7152206E-03 3.3402535E-02 4.0929823E-02 7.4279564E-05 1.5800515E+00 1.8966350E+01 -4.4848454E-02
2.6764000E+02 2.7427000E+02 8.6700000E+00 5.6600000E+02 9 5.5280171E+01 2.0739638E-01 3.2174114E-01 5.8248419E-02 1.3702068E-02 1.2306048E-02 1.2255507E-02 9.0542323E-05 6.1826225E-04 7.0151174E-03 1.6995239E-05 6.7068278E-03 3.3227146E-02 4.0890360E-02 7.4211487E-05 1.5793484E+00 1.8967063E+01 -4.4836342E-02
2.6764000E+02 2.7427000E+02 8.6700000E+00 5.7100000E+02 9 5.5281067E+01 2.0724731E-01 3.2089734E-01 5.8459370E-02 1.3690043E-02 1.2278649E-02 1.2228638E-02 8.9594046E-05 6.1701219E-04 7.0095273E-03 1.6817243E-05 6.6990777E-03 3.3065937E-02 4.0854332E-02 7.4147847E-05 1.5786724E+00 1.8967748E+01 -4.4828055E-02
2.6764000E+02 2.7427000E+02 8.6700000E+00 5.7600000E+02 9 5.5281892E+01 2.0711356E-01 3.2011826E-01 5.8654965E-02 1.3679087E-02 1.2252370E-02 1.2202880E-02 8.8659732E-05 6.1589754E-04 7.0044297E-03 1.6641868E-05 6.6919172E-03 3.2917159E-02 4.0821498E-02 7.4088439E-05 1.5780244E+00 1.8968405E+01 -4.4822696E-02
2.6764000E+02 2.7427000E+02 8.6700000E+00 5.8100000E+02 9 5.5282656E+01 2.0699334E-01 3.1939661E-01 5.8836958E-02 1.3669094E-02 1.2227122E-02 1.2178146E-02 8.7739738E-05 6.1489925E-04 6.9997782E-03 1.6469180E-05 6.6852880E-03 3.2779348E-02 4.0791541E-02 7.4032909E-05 1.5774033E+00 1.8969033E+01 -4.4819702E-02
2.6764000E+02 2.7427000E+02 8.6700000E+00 5.8200000E+02 9 5.5275233E+01 2.2216545E-01 3.5183648E-01 5.8872826E-02 1.6109791E-02 1.4014013E-02 1.3965139E-02 8.7556315E-05 6.9963282E-04 8.2421311E-03 1.6434751E-05 7.8653095E-03 3.2757641E-02 4.8077504E-02 8.5198162E-05 1.7440912E+00 1.8791524E+01 -3.1336418E-02
2.6764000E+02 2.7427000E+02 8.6700000E+00 5.8700000E+02 9 5.5283550E+01 2.0678576E-01 3.1854724E-01 5.9044719E-02 1.3652740E-02 1.2210804E-02 1.2162735E-02 8.6114011E-05 6.1216476E-04 6.9912144E-03 1.6164023E-05 6.6752249E-03 3.2626760E-02 4.0742522E-02 7.4190278E-05 1.5766432E+00 1.8969470E+01 -4.4821496E-02
2.6764000E+02 2.7427000E+02 8.6700000E+00 5.9200000E+02 9 5.5284071E+01 2.0695696E-01 3.1850701E-01 5.9203330E-02 1.3687738E-02 1.2219048E-02 1.2171567E-02 8.5059946E-05 6.1473447E-04 7.0090450E-03 1.5966170E-05 6.6906341E-03 3.2508712E-02 4.0846976E-02 7.3899628E-05 1.5785782E+00 1.8967879E+01 -4.4584094E-02
2.6764000E+02 2.7427000E+02 8.6700000E+00 5.9700000E+02 9 5.5284542E+01 2.0718882E-01 3.1853984E-01 5.9357228E-02 1.3728170E-02 1.2222561E-02 1.2175670E-02 8.4005324E-05 6.1670992E-04 7.0299823E-03 1.5768212E-05 6.7082674E-03 3.2394830E-02 4.0967526E-02 7.4007488E-05 1.5806142E+00 1.8965738E+01 -4.4337948E-02
2.6764000E+02 2.7427000E+02 8.6700000E+00 6.0200000E+02 9 5.5285014E+01 2.0737506E-01 3.1847547E-01 5.9506162E-02 1.3759978E-02 1.2219565E-02 1.2173300E-02 8.2882255E-05 6.1702626E-04 7.0464710E-03 1.5557407E-05 6.7217000E-03 3.2285555E-02 4.1062347E-02 7.4153250E-05 1.5820971E+00 1.8964102E+01 -4.4145268E-02
2.6764000E+02 2.7427000E+02 8.6700000E+00 6.0700000E+02 9 5.5285494E+01 2.0749049E-01 3.1828745E-01 5.9648430E-02 1.3780499E-02 1.2210811E-02 1.2165190E-02 8.1728983E-05 6.1656176E-04 7.0570842E-03 1.5340932E-05 6.7297778E-03 3.2181862E-02 4.1123507E-02 7.4255539E-05 1.5829533E+00 1.8963129E+01 -4.4014755E-02
2.6764000E+02 2.7427000E+02 8.6700000E+00 6.1200000E+02 9 5.5285972E+01 2.0754892E-01 3.1800728E-01 5.9782975E-02 1.3791953E-02 1.2197824E-02 1.2152842E-02 8.0585409E-05 6.1551350E-04 7.0629936E-03 1.5126278E-05 6.7335825E-03 3.2084261E-02 4.1157617E-02 7.4310045E-05 1.5833101E+00 1.8962700E+01 -4.3934244E-02
2.6764000E+02 2.7427000E+02 8.6700000E+00 6.1700000E+02 9 5.5286438E+01 2.0756819E-01 3.1767274E-01 5.9909485E-02 1.3797251E-02 1.2182085E-02 1.2137722E-02 7.9475618E-05 6.1451149E-04 7.0657178E-03 1.4917964E-05 6.7345142E-03 3.1992802E-02 4.1173360E-02 7.4330129E-05 1.5833383E+00 1.8962631E+01 -4.3888242E-02
2.6764000E+02 2.7427000E+02 8.6700000E+00 6.2200000E+02 9 5.5286885E+01 2.0756459E-01 3.1731406E-01 6.0028150E-02 1.3798814E-02 1.2164755E-02 1.2120987E-02 7.8410547E-05 6.1364920E-04 7.0665218E-03 1.4718045E-05 6.7337211E-03 3.1907245E-02 4.1177951E-02 7.4329147E-05 1.5831669E+00 1.8962783E+01 -4.3864316E-02
2.6764000E+02 2.7427000E+02 8.6700000E+00 6.2700000E+02 9 5.5287309E+01 2.0754892E-01 3.1695061E-01 6.0139416E-02 1.3798257E-02 1.2146652E-02 1.2103451E-02 7.7393095E-05 6.1293175E-04 7.0662507E-03 1.4527065E-05 6.7319648E-03 3.1827208E-02 4.1176212E-02 7.4316345E-05 1.5828818E+00 1.8963061E+01 -4.3854008E-02
2.6764000E+02 2.7427000E+02 8.6700000E+00 6.3200000E+02 9 5.5287711E+01 2.0752771E-01 3.1659353E-01 6.0243839E-02 1.3796572E-02 1.2128308E-02 1.2085650E-02 7.6421896E-05 6.1234533E-04 7.0654224E-03 1.4344766E-05 6.7297088E-03 3.1752257E-02 4.1171100E-02 7.4297319E-05 1.5825366E+00 1.8963406E+01 -4.3851964E-02
2.6764000E+02 2.7427000E+02 8.6700000E+00 6.3700000E+02 9 5.5288089E+01 2.0750463E-01 3.1624857E-01 6.0341996E-02 1.3794332E-02 1.2110047E-02 1.2067907E-02 7.5493612E-05 6.1186775E-04 7.0643358E-03 1.4170522E-05 6.7272192E-03 3.1681955E-02 4.1164328E-02 7.4275213E-05 1.5821623E+00 1.8963783E+01 -4.3854954E-02
2.6764000E+02 2.7427000E+02 8.6700000E+00 6.4200000E+02 9 5.5288445E+01 2.0748162E-01 3.1591823E-01 6.0434439E-02 1.3791854E-02 1.2092052E-02 1.2050408E-02 7.4604215E-05 6.1147569E-04 7.0631520E-03 1.4003578E-05 6.7246433E-03 3.1615891E-02 4.1156842E-02 7.4251724E-05 1.5817765E+00 1.8964174E+01 -4.3861087E-02
2.6764000E+02 2.7427000E+02 8.6700000E+00 6.4700000E+02 9 5.5288781E+01 2.0745977E-01 3.1560336E-01 6.0521678E-02 1.3789318E-02 1.2074415E-02 1.2033249E-02 7.3749652E-05 6.1114848E-04 7.0619661E-03 1.3843172E-05 6.7220606E-03 3.1553689E-02 4.1149181E-02 7.4227744E-05 1.5813889E+00 1.8964567E+01 -4.3869226E-02
2.6764000E+02 2.7427000E+02 8.6700000E+00 6.5000000E+02 9 5.5285270E+01 2.1488271E-01 3.3124552E-01 6.0572252E-02 1.4979686E-02 1.2909182E-02 1.2868295E-02 7.3248610E-05 6.5540910E-04 7.6694020E-03 1.3749124E-05 7.2951646E-03 3.1520703E-02 4.4702044E-02 8.0264423E-05 1.6557826E+00 1.8884309E+01 -3.7352298E-02
