x y z_datum Time Well_no H2O H O Charge Al C Ca Cl Fe K Mg Na S Si U pH pe Alkalinity
2.6764000E+02 2.7427000E+02 8.6700000E+00 0.0000000E+00 9 9.9704301E-01 7.2098600E-06 6.6484776E-04 -3.2324431E-06 0.0000000E+00 1.0067647E-04 6.3262499E-05 4.3211171E-04 0.0000000E+00 2.8240956E-04 5.5605062E-05 2.2967748E-04 1.4127542E-04 0.0000000E+00 0.0000000E+00 7.0300000E+00 1.1068788E+01 7.1999443E-03
2.6764000E+02 2.7427000E+02 8.6700000E+00 5.0000000E+00 9 5.5324995E+01 2.2038027E-02 6.7507353E-02 -2.9794481E-03 0.0000000E+00 7.0133219E-03 1.3207448E-03 1.0198156E-02 0.0000000E+00 6.0436612E-03 1.9142440E-03 8.3591441E-03 1.1850136E-02 0.0000000E+00 0.0000000E+00 2.2132671E+00 1.8193124E+01 -1.0078124E-02
2.6764000E+02 2.7427000E+02 8.6700000E+00 1.0000000E+01 9 5.5305878E+01 3.7146365E-02 1.1049587E-01 -2.6941754E-03 1.0629656E-03 7.4730425E-03 3.0330865E-03 7.9541061E-03 4.2587160E-05 5.2399724E-03 1.4930248E-03 7.0505077E-03 2.0248964E-02 3.1784329E-03 5.0918502E-06 1.9283467E+00 1.8546602E+01 -2.1249781E-02
2.6764000E+02 2.7427000E+02 8.6700000E+00 1.5000000E+01 9 5.5285847E+01 5.8501662E-02 1.5386647E-01 -2.4632756E-03 2.4316325E-03 7.8180779E-03 4.3919938E-03 6.1377719E-03 1.0452676E-04 4.8488886E-03 1.1520900E-03 6.2362769E-03 2.7047994E-02 7.2667816E-03 1.2335693E-05 1.8287956E+00 1.8678096E+01 -2.8285292E-02
2.6764000E+02 2.7427000E+02 8.6700000E+00 2.0000000E+01 9 5.5269486E+01 7.7156325E-02 1.8979134E-01 -2.2895620E-03 3.7103669E-03 8.0755815E-03 5.4122668E-03 4.7712834E-03 1.6494945E-04 4.6813706E-03 8.9559336E-04 5.7440560E-03 3.2163632E-02 1.1085738E-02 1.9572281E-05 1.7841325E+00 1.8740483E+01 -3.2571713E-02
2.6764000E+02 2.7427000E+02 8.6700000E+00 2.5000000E+01 9 5.5256914E+01 9.2018734E-02 2.1774974E-01 -2.1625776E-03 4.7712586E-03 8.2871705E-03 6.1814393E-03 3.7723819E-03 2.1449234E-04 4.6238576E-03 7.0809464E-04 5.4443789E-03 3.5903520E-02 1.4253697E-02 2.5846484E-05 1.7626412E+00 1.8772520E+01 -3.5147693E-02
2.6764000E+02 2.7427000E+02 8.6700000E+00 3.0000000E+01 9 5.5247560E+01 1.0329127E-01 2.3878522E-01 -2.0707171E-03 5.5950061E-03 8.4728496E-03 6.7704745E-03 3.0497764E-03 2.5236233E-04 4.6114430E-03 5.7245802E-04 5.2541784E-03 3.8609224E-02 1.6713247E-02 3.0880070E-05 1.7518454E+00 1.8789855E+01 -3.6718262E-02
2.6764000E+02 2.7427000E+02 8.6700000E+00 3.5000000E+01 9 5.5240713E+01 1.1160477E-01 2.5439803E-01 -2.0042396E-03 6.2175978E-03 8.6407570E-03 7.2302819E-03 2.5268423E-03 2.8001913E-04 4.6160810E-03 4.7430073E-04 5.1291309E-03 4.0567465E-02 1.8572063E-02 3.4759870E-05 1.7464901E+00 1.8799408E+01 -3.7681355E-02
2.6764000E+02 2.7427000E+02 8.6700000E+00 4.0000000E+01 9 5.5235697E+01 1.1771193E-01 2.6599739E-01 -1.9557288E-03 6.6837242E-03 8.7940694E-03 7.5966033E-03 2.1452403E-03 2.9986494E-04 4.6254025E-03 4.0267215E-04 5.0436458E-03 4.1996583E-02 1.9963702E-02 3.7690771E-05 1.7440043E+00 1.8804670E+01 -3.8275500E-02
2.6764000E+02 2.7427000E+02 8.6700000E+00 4.5000000E+01 9 5.5231990E+01 1.2221882E-01 2.7468910E-01 -1.9198171E-03 7.0329045E-03 8.9341815E-03 7.8944019E-03 1.8627474E-03 3.1410183E-04 4.6342412E-03 3.4964685E-04 4.9825183E-03 4.3054624E-02 2.1006201E-02 3.9888732E-05 1.7430345E+00 1.8807526E+01 -3.8645958E-02
2.6764000E+02 2.7427000E+02 8.6700000E+00 5.0000000E+01 9 5.5229214E+01 1.2557991E-01 2.8129224E-01 -1.8927354E-03 7.2964331E-03 9.0619934E-03 8.1411286E-03 1.6497137E-03 3.2436380E-04 4.6408299E-03 3.0965937E-04 4.9367156E-03 4.3852583E-02 2.1793007E-02 4.1540083E-05 1.7428509E+00 1.8809026E+01 -3.8880615E-02
2.6764000E+02 2.7427000E+02 8.6700000E+00 5.5000000E+01 9 5.5227098E+01 1.2812330E-01 2.8639469E-01 -1.8718820E-03 7.4977240E-03 9.1783559E-03 8.3490576E-03 1.4856737E-03 3.3190256E-04 4.6449044E-03 2.7886826E-04 4.9008424E-03 4.4467081E-02 2.2394021E-02 4.2791120E-05 1.7430620E+00 1.8809754E+01 -3.9032278E-02
2.6764000E+02 2.7427000E+02 8.6700000E+00 6.0000000E+01 9 5.5225456E+01 1.3008034E-01 2.9041063E-01 -1.8554743E-03 7.6537171E-03 9.2841717E-03 8.5269192E-03 1.3566051E-03 3.3756265E-04 4.6467374E-03 2.5464145E-04 4.8716355E-03 4.4950620E-02 2.2859808E-02 4.3750902E-05 1.7434545E+00 1.8810047E+01 -3.9132902E-02
2.6764000E+02 2.7427000E+02 8.6700000E+00 6.5000000E+01 9 5.5224156E+01 1.3161349E-01 2.9363096E-01 -1.8422902E-03 7.7765500E-03 9.3803778E-03 8.6810160E-03 1.2528947E-03 3.4185236E-04 4.6468095E-03 2.3517451E-04 4.8470843E-03 4.5339193E-02 2.3226600E-02 4.4498477E-05 1.7439142E+00 1.8810095E+01 -3.9201721E-02
2.6764000E+02 2.7427000E+02 8.6700000E+00 6.6000000E+01 9 5.5218178E+01 1.4340078E-01 3.2210270E-01 -1.8397734E-03 9.8152733E-03 1.1368021E-02 1.0679711E-02 1.2330965E-03 4.2281551E-04 5.6570872E-03 2.3145829E-04 5.8345086E-03 4.5418678E-02 2.9316645E-02 5.4174795E-05 1.9241652E+00 1.8620535E+01 -2.7080582E-02
2.6764000E+02 2.7427000E+02 8.6700000E+00 6.7000000E+01 9 5.5218223E+01 1.4311494E-01 3.2151469E-01 -1.8373684E-03 9.7491392E-03 1.1327049E-02 1.0649299E-02 1.2141776E-03 4.1580341E-04 5.6126950E-03 2.2790712E-04 5.7863874E-03 4.5490161E-02 2.9118917E-02 5.4803155E-05 1.9155101E+00 1.8628329E+01 -2.7574175E-02
2.6764000E+02 2.7427000E+02 8.6700000E+00 7.2000000E+01 9 5.5219386E+01 1.3312282E-01 2.9724183E-01 -1.7890785E-03 7.6711603E-03 9.3401081E-03 8.7060147E-03 1.1359676E-03 3.3007898E-04 4.5235558E-03 2.1322671E-04 4.7005284E-03 4.6443322E-02 2.2911833E-02 4.4555518E-05 1.7143727E+00 1.8944899E+01 -4.1955416E-02
2.6764000E+02 2.7427000E+02 8.6700000E+00 7.7000000E+01 9 5.5213778E+01 1.3627245E-01 3.0404345E-01 -1.7391359E-03 7.8528639E-03 9.4302579E-03 8.8328725E-03 1.0702057E-03 3.5372752E-04 4.5774010E-03 2.0088288E-04 4.7339919E-03 4.7417076E-02 2.3453885E-02 5.0477925E-05 1.7059080E+00 1.9007376E+01 -4.2999916E-02
2.6764000E+02 2.7427000E+02 8.6700000E+00 8.2000000E+01 9 5.5208982E+01 1.3921989E-01 3.1032688E-01 -1.6978472E-03 8.0528770E-03 9.5311629E-03 8.9651071E-03 1.0140793E-03 3.7515418E-04 4.6463998E-03 1.9034767E-04 4.7840572E-03 4.8228714E-02 2.4050542E-02 5.8820327E-05 1.7018640E+00 1.9040726E+01 -4.3614757E-02
2.6764000E+02 2.7427000E+02 8.6700000E+00 8.7000000E+01 9 5.5205225E+01 1.4165027E-01 3.1549417E-01 -1.6658518E-03 8.2280651E-03 9.6249655E-03 9.0860022E-03 9.6554351E-04 3.9160088E-04 4.7070795E-03 1.8123727E-04 4.8285615E-03 4.8867803E-02 2.4573174E-02 6.7025004E-05 1.6998572E+00 1.9060070E+01 -4.3994233E-02
2.6764000E+02 2.7427000E+02 8.6700000E+00 9.1000000E+01 9 5.5201458E+01 1.4599486E-01 3.2540119E-01 -1.6454098E-03 8.8211828E-03 1.0124882E-02 9.6053360E-03 9.3075755E-04 4.2541848E-04 4.9856541E-03 1.7470777E-04 5.0897822E-03 4.9286961E-02 2.6344125E-02 7.7692102E-05 1.7312224E+00 1.9037140E+01 -4.1407093E-02
2.6764000E+02 2.7427000E+02 8.6700000E+00 9.2000000E+01 9 5.5196419E+01 1.5535807E-01 3.4755059E-01 -1.6406065E-03 1.0401900E-02 1.1590869E-02 1.1076043E-02 9.2230182E-04 4.9624321E-04 5.7748490E-03 1.7312059E-04 5.8589259E-03 4.9396443E-02 3.1065399E-02 9.3195300E-05 1.8546908E+00 1.8913294E+01 -3.2234404E-02
2.6764000E+02 2.7427000E+02 8.6700000E+00 9.7000000E+01 9 5.5195277E+01 1.4501874E-01 3.2404256E-01 -2.2490794E-03 8.2575918E-03 9.6279125E-03 9.1339532E-03 8.8491971E-04 3.9517568E-04 4.6750334E-03 1.6610378E-04 4.7757564E-03 5.0760797E-02 2.4660694E-02 7.8704444E-05 1.6736921E+00 1.9112902E+01 -4.7045070E-02
2.6764000E+02 2.7427000E+02 8.6700000E+00 1.0200000E+02 9 5.5187262E+01 1.4835418E-01 3.3234194E-01 -2.9146608E-03 8.4474130E-03 9.7102642E-03 9.2349183E-03 8.5157399E-04 4.2172248E-04 4.7524982E-03 1.5984463E-04 4.8393550E-03 5.2144266E-02 2.5226814E-02 8.4036683E-05 1.6673062E+00 1.9131624E+01 -4.8189312E-02
2.6764000E+02 2.7427000E+02 8.6700000E+00 1.0700000E+02 9 5.5180625E+01 1.5133740E-01 3.3960491E-01 -3.4618970E-03 8.6402132E-03 9.7975536E-03 9.3389417E-03 8.2159549E-04 4.4283781E-04 4.8334120E-03 1.5421752E-04 4.9072208E-03 5.3276338E-02 2.5801836E-02 8.9700421E-05 1.6641333E+00 1.9143369E+01 -4.8929940E-02
2.6764000E+02 2.7427000E+02 8.6700000E+00 1.1200000E+02 9 5.5175515E+01 1.5374957E-01 3.4541104E-01 -3.8752306E-03 8.8051417E-03 9.8766704E-03 9.4332074E-03 7.9445646E-04 4.5867905E-04 4.9015857E-03 1.4912339E-04 4.9642279E-03 5.4148311E-02 2.6293768E-02 9.4728039E-05 1.6625288E+00 1.9150848E+01 -4.9416616E-02
2.6764000E+02 2.7427000E+02 8.6700000E+00 1.1700000E+02 9 5.5171676E+01 1.5563712E-01 3.4992435E-01 -4.1773274E-03 8.9388335E-03 9.9457856E-03 9.5161218E-03 7.6973540E-04 4.7057651E-04 4.9550664E-03 1.4448312E-04 5.0083927E-03 5.4808185E-02 2.6692564E-02 9.8900457E-05 1.6617551E+00 1.9155678E+01 -4.9739402E-02
2.6764000E+02 2.7427000E+02 8.6700000E+00 1.2200000E+02 9 5.5168806E+01 1.5710311E-01 3.5341635E-01 -4.3953038E-03 9.0453394E-03 1.0005908E-02 9.5888833E-03 7.4709186E-04 4.7949967E-04 4.9957527E-03 1.4023282E-04 5.0413461E-03 5.5307727E-02 2.7010294E-02 1.0225169E-04 1.6614294E+00 1.9158845E+01 -4.9955951E-02
2.6764000E+02 2.7427000E+02 8.6700000E+00 1.2400000E+02 9 5.5162998E+01 1.6726027E-01 3.7689538E-01 -4.4707243E-03 1.0718664E-02 1.1435538E-02 1.1023395E-02 7.3834690E-04 5.7337035E-04 5.8341092E-03 1.3859134E-04 5.8523717E-03 5.5500066E-02 3.2007079E-02 1.2103538E-04 1.7666654E+00 1.9052606E+01 -4.0536942E-02
2.6764000E+02 2.7427000E+02 8.6700000E+00 1.2500000E+02 9 5.5161221E+01 1.7012563E-01 3.8369959E-01 -4.5056971E-03 1.1186401E-02 1.1879607E-02 1.1469863E-02 7.3405016E-04 5.8479067E-04 6.0665849E-03 1.3778482E-04 6.0784439E-03 5.5589239E-02 3.3404046E-02 1.2739141E-04 1.8004496E+00 1.9018534E+01 -3.7883604E-02
2.6764000E+02 2.7427000E+02 8.6700000E+00 1.3000000E+02 9 5.5166341E+01 1.5730729E-01 3.5450499E-01 -4.6284775E-03 8.9445149E-03 9.9631365E-03 9.5633815E-03 7.1615430E-04 4.6543569E-04 4.9257352E-03 1.3442568E-04 4.9674727E-03 5.5876729E-02 2.6709056E-02 1.0529628E-04 1.6494224E+00 1.9173793E+01 -5.1357616E-02
2.6764000E+02 2.7427000E+02 8.6700000E+00 1.3100000E+02 9 5.5159238E+01 1.7109475E-01 3.8618210E-01 -4.6512963E-03 1.1257955E-02 1.1929306E-02 1.1531493E-02 7.1267642E-04 6.0858139E-04 6.0898908E-03 1.3377287E-04 6.0959021E-03 5.5952846E-02 3.3617487E-02 1.2822562E-04 1.8000903E+00 1.9021059E+01 -3.8050122E-02
2.6764000E+02 2.7427000E+02 8.6700000E+00 1.3200000E+02 9 5.5159113E+01 1.7090116E-01 3.8576944E-01 -4.6725677E-03 1.1209082E-02 1.1899172E-02 1.1503265E-02 7.0926114E-04 5.9283559E-04 6.0633641E-03 1.3313180E-04 6.0689626E-03 5.6009991E-02 3.3471328E-02 1.3002381E-04 1.7952566E+00 1.9025896E+01 -3.8412049E-02
2.6764000E+02 2.7427000E+02 8.6700000E+00 1.3700000E+02 9 5.5156708E+01 1.5980103E-01 3.6191775E-01 -6.1085113E-03 8.9687249E-03 9.9892262E-03 9.6020906E-03 6.9354695E-04 4.7099195E-04 4.9243447E-03 1.3018217E-04 4.9608114E-03 5.7803431E-02 2.6781006E-02 1.0709066E-04 1.6355865E+00 1.9167879E+01 -5.3588699E-02
2.6764000E+02 2.7427000E+02 8.6700000E+00 1.4200000E+02 9 5.5146306E+01 1.6365412E-01 3.7202541E-01 -7.6651394E-03 9.2068015E-03 1.0118088E-02 9.7391074E-03 6.7893824E-04 5.0045530E-04 5.0371369E-03 1.2744005E-04 5.0634643E-03 5.9738152E-02 2.7491227E-02 1.0630861E-04 1.6331273E+00 1.9142443E+01 -5.4677895E-02
2.6764000E+02 2.7427000E+02 8.6700000E+00 1.4700000E+02 9 5.5137541E+01 1.6709598E-01 3.8086348E-01 -8.9582687E-03 9.4370480E-03 1.0244822E-02 9.8734834E-03 6.6524674E-04 5.2018768E-04 5.1465872E-03 1.2487008E-04 5.1629841E-03 6.1348224E-02 2.8178078E-02 1.0381814E-04 1.6324396E+00 1.9113217E+01 -5.5426760E-02
2.6764000E+02 2.7427000E+02 8.6700000E+00 1.5200000E+02 9 5.5130742E+01 1.6984172E-01 3.8785931E-01 -9.9492184E-03 9.6263895E-03 1.0353396E-02 9.9892611E-03 6.5234193E-04 5.3313313E-04 5.2355467E-03 1.2244779E-04 5.2435599E-03 6.2591289E-02 2.8742932E-02 9.9656256E-05 1.6323477E+00 1.9084075E+01 -5.5950480E-02
2.6764000E+02 2.7427000E+02 8.6700000E+00 1.5700000E+02 9 5.5125620E+01 1.7195481E-01 3.9322062E-01 -1.0685457E-02 9.7747020E-03 1.0442900E-02 1.0085583E-02 6.4012739E-04 5.4136298E-04 5.3038778E-03 1.2015506E-04 5.3050651E-03 6.3526160E-02 2.9185410E-02 9.4606829E-05 1.6324715E+00 1.9056905E+01 -5.6318494E-02
2.6764000E+02 2.7427000E+02 8.6700000E+00 1.6200000E+02 9 5.5121794E+01 1.7356607E-01 3.9729746E-01 -1.1226187E-02 9.8893282E-03 1.0516147E-02 1.0165304E-02 6.2852879E-04 5.4655382E-04 5.3553056E-03 1.1797794E-04 5.3509463E-03 6.4224721E-02 2.9527407E-02 8.9372491E-05 1.6326742E+00 1.9032765E+01 -5.6577970E-02
2.6764000E+02 2.7427000E+02 8.6700000E+00 1.6700000E+02 9 5.5118928E+01 1.7479976E-01 4.0041326E-01 -1.1623113E-02 9.9781320E-03 1.0576486E-02 1.0231807E-02 6.1748744E-04 5.4988748E-04 5.3938393E-03 1.1590543E-04 5.3849063E-03 6.4749353E-02 2.9792377E-02 8.4427612E-05 1.6329002E+00 1.9012145E+01 -5.6762267E-02
2.6764000E+02 2.7427000E+02 8.6700000E+00 1.6800000E+02 9 5.5111430E+01 1.8899928E-01 4.3267607E-01 -1.1697144E-02 1.2336023E-02 1.2519685E-02 1.2176226E-02 6.1530102E-04 6.9600723E-04 6.5829137E-03 1.1549503E-04 6.5341347E-03 6.4855186E-02 3.6833048E-02 9.6499838E-05 1.7707860E+00 1.8864275E+01 -4.3339686E-02
2.6764000E+02 2.7427000E+02 8.6700000E+00 1.6900000E+02 9 5.5111175E+01 1.8871918E-01 4.3209968E-01 -1.1766200E-02 1.2266426E-02 1.2476262E-02 1.2134012E-02 6.1313601E-04 6.7272533E-04 6.5466266E-03 1.1508865E-04 6.4981631E-03 6.4948241E-02 3.6625047E-02 9.5961248E-05 1.7648035E+00 1.8865573E+01 -4.3849053E-02
2.6764000E+02 2.7427000E+02 8.6700000E+00 1.7400000E+02 9 5.5125720E+01 1.6649161E-01 3.9403081E-01 -1.6841278E-02 9.8223494E-03 1.0494022E-02 1.0157539E-02 6.0280306E-04 5.2580305E-04 5.3056320E-03 1.1314910E-04 5.2976926E-03 6.3699197E-02 2.9327218E-02 7.7381904E-05 1.6975299E+00 1.8924133E+01 -5.0212199E-02
2.6764000E+02 2.7427000E+02 8.6700000E+00 1.7500000E+02 9 5.5121363E+01 1.7694361E-01 4.2162499E-01 -1.7990637E-02 1.1922501E-02 1.2425633E-02 1.2090293E-02 6.0075582E-04 6.2629323E-04 6.3596283E-03 1.1276482E-04 6.3273605E-03 6.3408031E-02 3.5600480E-02 8.7581408E-05 1.8656439E+00 1.8746703E+01 -3.6014212E-02
2.6764000E+02 2.7427000E+02 8.6700000E+00 1.7600000E+02 9 5.5123733E+01 1.7407498E-01 4.1845286E-01 -1.9206150E-02 1.1774534E-02 1.2379065E-02 1.2044857E-02 5.9872761E-04 6.0151588E-04 6.2821568E-03 1.1238412E-04 6.2553168E-03 6.3084257E-02 3.5159209E-02 8.6745369E-05 1.8820519E+00 1.8726782E+01 -3.4851059E-02
2.6764000E+02 2.7427000E+02 8.6700000E+00 1.8100000E+02 9 5.5061538E+01 1.7411291E-01 4.3711358E-01 -3.0287091E-02 9.3321008E-03 1.0417255E-02 1.0088461E-02 5.8902826E-04 4.6642376E-04 5.0414473E-03 1.1056350E-04 5.0572808E-03 7.5989924E-02 2.7866674E-02 6.9689495E-05 1.6215827E+00 1.8984257E+01 -6.3693652E-02
2.6764000E+02 2.7427000E+02 8.6700000E+00 1.8600000E+02 9 5.4981287E+01 1.9471055E-01 4.9908051E-01 -4.0798796E-02 9.5833710E-03 1.0490150E-02 1.0166541E-02 5.7974084E-04 5.1655805E-04 5.1661806E-03 1.0882021E-04 5.1681367E-03 9.0711145E-02 2.8615348E-02 6.7629056E-05 1.5350891E+00 1.9062801E+01 -8.1689445E-02
2.6764000E+02 2.7427000E+02 8.6700000E+00 1.9100000E+02 9 5.4912600E+01 2.1484916E-01 5.5505153E-01 -4.9206039E-02 1.0115676E-02 1.0573081E-02 1.0254441E-02 5.7083877E-04 5.8842703E-04 5.4393248E-03 1.0714925E-04 5.4088606E-03 1.0309065E-01 3.0200526E-02 6.7839256E-05 1.4818249E+00 1.9109265E+01 -9.5930310E-02
2.6764000E+02 2.7427000E+02 8.6700000E+00 1.9600000E+02 9 5.4859034E+01 2.3193580E-01 6.0046852E-01 -5.5549693E-02 1.0721146E-02 1.0648565E-02 1.0334692E-02 5.6229802E-04 6.6019316E-04 5.7517665E-03 1.0554610E-04 5.6830309E-03 1.1261536E-01 3.2003336E-02 6.8885142E-05 1.4498351E+00 1.9135626E+01 -1.0620587E-01
2.6764000E+02 2.7427000E+02 8.6700000E+00 2.0100000E+02 9 5.4818760E+01 2.4560450E-01 6.3573893E-01 -6.0229182E-02 1.1295835E-02 1.0713885E-02 1.0404590E-02 5.5409657E-04 7.2541439E-04 6.0484855E-03 1.0400665E-04 5.9429370E-03 1.1969797E-01 3.3714434E-02 7.0095211E-05 1.4305210E+00 1.9150335E+01 -1.1336418E-01
2.6764000E+02 2.7427000E+02 8.6700000E+00 2.0600000E+02 9 5.4788925E+01 2.5624933E-01 6.6260579E-01 -6.3657162E-02 1.1798905E-02 1.0770042E-02 1.0465147E-02 5.4621421E-04 7.7970049E-04 6.3077279E-03 1.0252709E-04 6.1699841E-03 1.2489509E-01 3.5212340E-02 7.1185735E-05 1.4187901E+00 1.9158306E+01 -1.1827693E-01
2.6764000E+02 2.7427000E+02 8.6700000E+00 2.1100000E+02 9 5.4766889E+01 2.6444638E-01 6.8295057E-01 -6.6175107E-02 1.2221873E-02 1.0818910E-02 1.0518247E-02 5.3863224E-04 8.2276804E-04 6.5249152E-03 1.0110392E-04 6.3603649E-03 1.2870209E-01 3.6471853E-02 7.2065647E-05 1.4116612E+00 1.9162356E+01 -1.2163245E-01
2.6764000E+02 2.7427000E+02 8.6700000E+00 2.1600000E+02 9 5.4750525E+01 2.7075337E-01 6.9840792E-01 -6.8042774E-02 1.2570737E-02 1.0862379E-02 1.0565791E-02 5.3133336E-04 8.5647454E-04 6.7031605E-03 9.9733885E-05 6.5168745E-03 1.3150915E-01 3.7510836E-02 7.2731496E-05 1.4073544E+00 1.9164129E+01 -1.2393004E-01
2.6764000E+02 2.7427000E+02 8.6700000E+00 2.2100000E+02 9 5.4738230E+01 2.7563568E-01 7.1026874E-01 -6.9449073E-02 1.2856554E-02 1.0902030E-02 1.0609367E-02 5.2430152E-04 8.8284154E-04 6.8483033E-03 9.8413973E-05 6.6445730E-03 1.3360579E-01 3.8362191E-02 7.3213836E-05 1.4047839E+00 1.9164600E+01 -1.2551728E-01
2.6764000E+02 2.7427000E+02 8.6700000E+00 2.2600000E+02 9 5.4728842E+01 2.7945677E-01 7.1950210E-01 -7.0527757E-02 1.3090982E-02 1.0939035E-02 1.0650156E-02 5.1752181E-04 9.0359335E-04 6.9665273E-03 9.7141388E-05 6.7487639E-03 1.3519937E-01 3.9060591E-02 7.3552044E-05 1.4032820E+00 1.9164353E+01 -1.2662965E-01
2.6764000E+02 2.7427000E+02 8.6700000E+00 2.3100000E+02 9 5.4721538E+01 2.8249150E-01 7.2681580E-01 -7.1372115E-02 1.3284497E-02 1.0974183E-02 1.0688956E-02 5.1098039E-04 9.2008013E-04 7.0633561E-03 9.5913533E-05 6.8342507E-03 1.3643532E-01 3.9637208E-02 7.3783245E-05 1.4024387E+00 1.9163734E+01 -1.2742359E-01
2.6764000E+02 2.7427000E+02 8.6700000E+00 2.3600000E+02 9 5.4715738E+01 2.8494095E-01 7.3271704E-01 -7.2046822E-02 1.3445764E-02 1.1007970E-02 1.0726268E-02 5.0466441E-04 9.3334467E-04 7.1433092E-03 9.4727991E-05 6.9050516E-03 1.3741449E-01 4.0117817E-02 7.3938030E-05 1.4020022E+00 1.9162944E+01 -1.2800208E-01
2.6764000E+02 2.7427000E+02 8.6700000E+00 2.4100000E+02 9 5.4711041E+01 2.8695114E-01 7.3756716E-01 -7.2596776E-02 1.3581648E-02 1.1040694E-02 1.0762398E-02 4.9856189E-04 9.4413000E-04 7.2099704E-03 9.3582518E-05 6.9643464E-03 1.3820669E-01 4.0522843E-02 7.4039590E-05 1.4018174E+00 1.9162098E+01 -1.2843287E-01
2.6764000E+02 2.7427000E+02 8.6700000E+00 2.4600000E+02 9 5.4707166E+01 2.8862723E-01 7.4162319E-01 -7.3053366E-02 1.3697435E-02 1.1072527E-02 1.0797524E-02 4.9266170E-04 9.5299177E-04 7.2661234E-03 9.2475024E-05 7.0145589E-03 1.3886041E-01 4.0868020E-02 7.4104522E-05 1.4017880E+00 1.9161256E+01 -1.2876077E-01
2.6764000E+02 2.7427000E+02 8.6700000E+00 2.5100000E+02 9 5.4703912E+01 2.9004490E-01 7.4506888E-01 -7.3438789E-02 1.3797135E-02 1.1103565E-02 1.0831750E-02 4.8695348E-04 9.6036233E-04 7.3139018E-03 9.1403563E-05 7.0575020E-03 1.3940968E-01 4.1165281E-02 7.4144282E-05 1.4018534E+00 1.9160454E+01 -1.2901584E-01
2.6764000E+02 2.7427000E+02 8.6700000E+00 2.5600000E+02 9 5.4701139E+01 2.9125927E-01 7.4803698E-01 -7.3768972E-02 1.3883785E-02 1.1133859E-02 1.0865128E-02 4.8142757E-04 9.6656768E-04 7.3549349E-03 9.0366323E-05 7.0945331E-03 1.3987868E-01 4.1423661E-02 7.4166686E-05 1.4019752E+00 1.9159705E+01 -1.2921856E-01
2.6764000E+02 2.7427000E+02 8.6700000E+00 2.6100000E+02 9 5.4698744E+01 2.9231111E-01 7.5062484E-01 -7.4055526E-02 1.3959706E-02 1.1163428E-02 1.0897684E-02 4.7607499E-04 9.7184748E-04 7.3904728E-03 8.9361617E-05 7.1266837E-03 1.4028484E-01 4.1650072E-02 7.4177111E-05 1.4021283E+00 1.9159018E+01 -1.2938310E-01
2.6764000E+02 2.7427000E+02 8.6700000E+00 2.6400000E+02 9 5.4692795E+01 3.0218205E-01 7.7111332E-01 -7.4213817E-02 1.5454746E-02 1.2059172E-02 1.1795187E-02 4.7292397E-04 1.1034038E-03 8.1529718E-03 8.8770155E-05 7.8422166E-03 1.4051161E-01 4.6110073E-02 8.0999434E-05 1.4382242E+00 1.9117700E+01 -1.2167395E-01
2.6764000E+02 2.7427000E+02 8.6700000E+00 2.6500000E+02 9 5.4687699E+01 3.1173682E-01 7.9090349E-01 -7.4265137E-02 1.6936204E-02 1.2977181E-02 1.2713779E-02 4.7188029E-04 1.2405111E-03 8.9090025E-03 8.8574251E-05 8.5539774E-03 1.4058674E-01 5.0530061E-02 8.7508925E-05 1.4771766E+00 1.9073746E+01 -1.1376729E-01
2.6764000E+02 2.7427000E+02 8.6700000E+00 2.7000000E+02 9 5.4694883E+01 2.9492508E-01 7.5677552E-01 -7.4449833E-02 1.4256228E-02 1.1368429E-02 1.1106833E-02 4.6864445E-04 9.7296370E-04 7.5364280E-03 8.7966868E-05 7.2643517E-03 1.4084119E-01 4.2534822E-02 7.5832509E-05 1.4071585E+00 1.9151811E+01 -1.2849702E-01
2.6764000E+02 2.7427000E+02 8.6700000E+00 2.7500000E+02 9 5.4691955E+01 2.9860863E-01 7.6470434E-01 -7.4618922E-02 1.4785307E-02 1.1698604E-02 1.1439016E-02 4.6504794E-04 1.0273478E-03 7.8042004E-03 8.7291785E-05 7.5161976E-03 1.4107992E-01 4.4113292E-02 7.7647109E-05 1.4193920E+00 1.9138022E+01 -1.2594319E-01
2.6764000E+02 2.7427000E+02 8.6700000E+00 2.8000000E+02 9 5.4689498E+01 3.0150601E-01 7.7106580E-01 -7.4776013E-02 1.5196197E-02 1.1980759E-02 1.1723272E-02 4.6128322E-04 1.0584520E-03 8.0108363E-03 8.6585130E-05 7.7118707E-03 1.4130250E-01 4.5339430E-02 7.9374455E-05 1.4290029E+00 1.9126772E+01 -1.2396734E-01
2.6764000E+02 2.7427000E+02 8.6700000E+00 2.8500000E+02 9 5.4687508E+01 3.0363008E-01 7.7592175E-01 -7.4920712E-02 1.5495011E-02 1.2213613E-02 1.1958196E-02 4.5757562E-04 1.0761706E-03 8.1597044E-03 8.5889194E-05 7.8543433E-03 1.4150767E-01 4.6231393E-02 8.0642632E-05 1.4361042E+00 1.9118332E+01 -1.2253609E-01
2.6764000E+02 2.7427000E+02 8.6700000E+00 2.8900000E+02 9 5.4683993E+01 3.0928604E-01 7.8803735E-01 -7.5029032E-02 1.6361350E-02 1.2802307E-02 1.2548507E-02 4.5467880E-04 1.1432071E-03 8.5990507E-03 8.5345446E-05 8.2703240E-03 1.4166254E-01 4.8816565E-02 8.4578569E-05 1.4583133E+00 1.9092768E+01 -1.1796588E-01
2.6764000E+02 2.7427000E+02 8.6700000E+00 2.9000000E+02 9 5.4676723E+01 3.2353106E-01 8.1781365E-01 -7.5055657E-02 1.8603897E-02 1.4245557E-02 1.3992158E-02 4.5395921E-04 1.3567082E-03 9.7427068E-03 8.5210377E-05 9.3501407E-03 1.4170375E-01 5.5508089E-02 9.3922206E-05 1.5210898E+00 1.9022500E+01 -1.0578398E-01
2.6764000E+02 2.7427000E+02 8.6700000E+00 2.9500000E+02 9 5.4741242E+01 2.9089224E-01 7.3798257E-01 -6.8324981E-02 1.5621838E-02 1.2443083E-02 1.2191628E-02 4.5047687E-04 1.0533885E-03 8.2159570E-03 8.4556724E-05 7.9144483E-03 1.3152820E-01 4.6610979E-02 8.1429486E-05 1.4862698E+00 1.9066243E+01 -1.0790554E-01
2.6764000E+02 2.7427000E+02 8.6700000E+00 3.0000000E+02 9 5.4807567E+01 2.7369124E-01 6.8853233E-01 -6.0265868E-02 1.5535717E-02 1.2575081E-02 1.2325512E-02 4.4709871E-04 1.0475632E-03 8.1642598E-03 8.3922627E-05 7.8772919E-03 1.1935307E-01 4.6356688E-02 8.0567077E-05 1.5508462E+00 1.9001095E+01 -9.1361940E-02
2.6764000E+02 2.7427000E+02 8.6700000E+00 3.0100000E+02 9 5.4813037E+01 2.8605753E-01 7.1299668E-01 -5.8642285E-02 1.8089417E-02 1.4490996E-02 1.4241801E-02 4.4642714E-04 1.2718627E-03 9.4586417E-03 8.3796571E-05 9.1171574E-03 1.1690509E-01 5.3980779E-02 9.1371483E-05 1.6643170E+00 1.8878001E+01 -7.3584218E-02
2.6764000E+02 2.7427000E+02 8.6700000E+00 3.0200000E+02 9 5.4826658E+01 2.8180138E-01 7.0149456E-01 -5.7037559E-02 1.7939777E-02 1.4479151E-02 1.4230330E-02 4.4575953E-04 1.2223390E-03 9.3796974E-03 8.3671255E-05 9.0472247E-03 1.1448146E-01 5.3535271E-02 9.1725303E-05 1.6774032E+00 1.8863759E+01 -7.0960622E-02
2.6764000E+02 2.7427000E+02 8.6700000E+00 3.0300000E+02 9 5.4840782E+01 2.7698423E-01 6.8891251E-01 -5.5401255E-02 1.7721201E-02 1.4430943E-02 1.4182820E-02 4.4450759E-04 1.1818815E-03 9.2649737E-03 8.3436261E-05 8.9439197E-03 1.1201139E-01 5.2884171E-02 9.1002263E-05 1.6888624E+00 1.8852334E+01 -6.8620537E-02
2.6764000E+02 2.7427000E+02 8.6700000E+00 3.0800000E+02 9 5.4904123E+01 2.4356009E-01 6.0788976E-01 -4.8890800E-02 1.4549919E-02 1.2463555E-02 1.2220857E-02 4.3478933E-04 9.1567439E-04 7.6394220E-03 8.1612096E-05 7.4104184E-03 1.0218153E-01 4.3422218E-02 7.5942801E-05 1.6337781E+00 1.8918879E+01 -7.2320131E-02
2.6764000E+02 2.7427000E+02 8.6700000E+00 3.1300000E+02 9 5.4947052E+01 2.2970416E-01 5.7173523E-01 -4.3870498E-02 1.4056356E-02 1.2468447E-02 1.2231799E-02 4.2395057E-04 8.5785458E-04 7.3727291E-03 7.9577608E-05 7.1744099E-03 9.4608329E-02 4.1953851E-02 7.3034115E-05 1.6771813E+00 1.8876169E+01 -6.4073303E-02
2.6764000E+02 2.7427000E+02 8.6700000E+00 3.1800000E+02 9 5.4979951E+01 2.1855951E-01 5.4331141E-01 -4.0062832E-02 1.3594436E-02 1.2485793E-02 1.2255245E-02 4.1302243E-04 7.9017998E-04 7.1230445E-03 7.7526342E-05 6.9524224E-03 8.8866882E-02 4.0579438E-02 7.0852522E-05 1.7108623E+00 1.8842475E+01 -5.8179911E-02
2.6764000E+02 2.7427000E+02 8.6700000E+00 3.2300000E+02 9 5.5005019E+01 2.0954448E-01 5.2094632E-01 -3.7200328E-02 1.3162031E-02 1.2501997E-02 1.2277370E-02 4.0241488E-04 7.2866865E-04 6.8895928E-03 7.5535252E-05 6.7436241E-03 8.4552659E-02 3.9292478E-02 6.8956254E-05 1.7352273E+00 1.8817949E+01 -5.4104740E-02
2.6764000E+02 2.7427000E+02 8.6700000E+00 3.2800000E+02 9 5.5024084E+01 2.0227340E-01 5.0338181E-01 -3.5054549E-02 1.2769919E-02 1.2514412E-02 1.2295442E-02 3.9228148E-04 6.7749177E-04 6.6777871E-03 7.3633163E-05 6.5534887E-03 8.1320534E-02 3.8125090E-02 6.7274784E-05 1.7519634E+00 1.8801042E+01 -5.1333926E-02
2.6764000E+02 2.7427000E+02 8.6700000E+00 3.2900000E+02 9 5.5021675E+01 2.1291280E-01 5.2814242E-01 -3.4652304E-02 1.4738431E-02 1.4392977E-02 1.4175127E-02 3.9027468E-04 7.5439870E-04 7.6660049E-03 7.3256477E-05 7.5184958E-03 8.0719740E-02 4.4005717E-02 7.6161952E-05 1.8943083E+00 1.8649548E+01 -3.8712530E-02
2.6764000E+02 2.7427000E+02 8.6700000E+00 3.3000000E+02 9 5.5025263E+01 2.1116196E-01 5.2409970E-01 -3.4275285E-02 1.4596646E-02 1.4352707E-02 1.4135966E-02 3.8828845E-04 7.3698207E-04 7.5918677E-03 7.2883651E-05 7.4492588E-03 8.0152578E-02 4.3582792E-02 7.6357124E-05 1.8935050E+00 1.8649392E+01 -3.8614710E-02
2.6764000E+02 2.7427000E+02 8.6700000E+00 3.3500000E+02 9 5.5014521E+01 2.0345449E-01 5.0397292E-01 -3.3432517E-02 1.2095115E-02 1.2397737E-02 1.2186235E-02 3.7890187E-04 6.0656008E-04 6.3183870E-03 7.1121744E-05 6.2257942E-03 8.3534448E-02 3.6113868E-02 6.4724680E-05 1.6699600E+00 1.8883285E+01 -6.0471228E-02
2.6764000E+02 2.7427000E+02 8.6700000E+00 3.4000000E+02 9 5.4988360E+01 2.1358554E-01 5.2354370E-01 -3.3026546E-02 1.2122103E-02 1.2404495E-02 1.2197927E-02 3.7006354E-04 6.3554755E-04 6.3270931E-03 6.9462747E-05 6.2309645E-03 8.8344433E-02 3.6193560E-02 6.4394185E-05 1.6008384E+00 1.8952978E+01 -7.0466943E-02
2.6764000E+02 2.7427000E+02 8.6700000E+00 3.4500000E+02 9 5.4963698E+01 2.2447367E-01 5.4425888E-01 -3.2786024E-02 1.2390685E-02 1.2426153E-02 1.2224220E-02 3.6176008E-04 6.8740953E-04 6.4633228E-03 6.7904147E-05 6.3482166E-03 9.2714882E-02 3.6992546E-02 6.5415195E-05 1.5543052E+00 1.8999500E+01 -7.8386251E-02
2.6764000E+02 2.7427000E+02 8.6700000E+00 3.5000000E+02 9 5.4943252E+01 2.3434696E-01 5.6271935E-01 -3.2612990E-02 1.2752916E-02 1.2447596E-02 1.2250013E-02 3.5396670E-04 7.3976251E-04 6.6495190E-03 6.6441290E-05 6.5088310E-03 9.6243101E-02 3.8070399E-02 6.6907481E-05 1.5241211E+00 1.9029545E+01 -8.4157900E-02
2.6764000E+02 2.7427000E+02 8.6700000E+00 3.5500000E+02 9 5.4927150E+01 2.4268997E-01 5.7807471E-01 -3.2470467E-02 1.3126950E-02 1.2465336E-02 1.2271836E-02 3.4665161E-04 7.8613319E-04 6.8426044E-03 6.5068213E-05 6.6749438E-03 9.8961537E-02 3.9183480E-02 6.8458478E-05 1.5045989E+00 1.9048925E+01 -8.8225205E-02
2.6764000E+02 2.7427000E+02 8.6700000E+00 3.6000000E+02 9 5.4914796E+01 2.4947962E-01 5.9039823E-01 -3.2343861E-02 1.3472379E-02 1.2479099E-02 1.2289436E-02 3.3977964E-04 8.2557920E-04 7.0211705E-03 6.3778309E-05 6.8279762E-03 1.0100884E-01 4.0211506E-02 6.9878577E-05 1.4919287E+00 1.9061485E+01 -9.1046483E-02
2.6764000E+02 2.7427000E+02 8.6700000E+00 3.6500000E+02 9 5.4905446E+01 2.5489068E-01 6.0009257E-01 -3.2227624E-02 1.3773220E-02 1.2489478E-02 1.2303422E-02 3.3331479E-04 8.5809000E-04 7.1765601E-03 6.2564826E-05 6.9607337E-03 1.0253287E-01 4.1106891E-02 7.1096742E-05 1.4836612E+00 1.9069676E+01 -9.2989540E-02
2.6764000E+02 2.7427000E+02 8.6700000E+00 3.7000000E+02 9 5.4898413E+01 2.5915780E-01 6.0764148E-01 -3.2119951E-02 1.4026734E-02 1.2497247E-02 1.2314593E-02 3.2722206E-04 8.8402577E-04 7.3071358E-03 6.1421189E-05 7.0720946E-03 1.0366238E-01 4.1861478E-02 7.2103439E-05 1.4782269E+00 1.9075063E+01 -9.4326100E-02
2.6764000E+02 2.7427000E+02 8.6700000E+00 3.7500000E+02 9 5.4893123E+01 2.6251166E-01 6.1350292E-01 -3.2020448E-02 1.4236585E-02 1.2503152E-02 1.2323709E-02 3.2146839E-04 9.0455426E-04 7.4147569E-03 6.0341198E-05 7.1637670E-03 1.0450061E-01 4.2486159E-02 7.2917611E-05 1.4746262E+00 1.9078637E+01 -9.5248444E-02
2.6764000E+02 2.7427000E+02 8.6700000E+00 3.8000000E+02 9 5.4889125E+01 2.6515325E-01 6.1806688E-01 -3.1929083E-02 1.4408907E-02 1.2507813E-02 1.2331410E-02 3.1602328E-04 9.2096434E-04 7.5026739E-03 5.9319125E-05 7.2385133E-03 1.0512656E-01 4.2999179E-02 7.3568516E-05 1.4722187E+00 1.9081033E+01 -9.5889546E-02
2.6764000E+02 2.7427000E+02 8.6700000E+00 3.8500000E+02 9 5.4886076E+01 2.6724864E-01 6.2164609E-01 -3.1845770E-02 1.4550238E-02 1.2511705E-02 1.2338185E-02 3.1085895E-04 9.3363294E-04 7.5743667E-03 5.8349754E-05 7.2992660E-03 1.0559879E-01 4.3419980E-02 7.4086610E-05 1.4705814E+00 1.9082667E+01 -9.6340728E-02
2.6764000E+02 2.7427000E+02 8.6700000E+00 3.9000000E+02 9 5.4883724E+01 2.6892521E-01 6.2448187E-01 -3.1770250E-02 1.4666505E-02 1.2515161E-02 1.2344381E-02 3.0595031E-04 9.4379119E-04 7.6329770E-03 5.7428378E-05 7.3487011E-03 1.0595990E-01 4.3766195E-02 7.4499237E-05 1.4694537E+00 1.9083798E+01 -9.6662878E-02
2.6764000E+02 2.7427000E+02 8.6700000E+00 3.9500000E+02 9 5.4881884E+01 2.7028173E-01 6.2675618E-01 -3.1702098E-02 1.4762708E-02 1.2518395E-02 1.2350224E-02 3.0127486E-04 9.5192911E-04 7.6811423E-03 5.6550773E-05 7.3890840E-03 1.0624044E-01 4.4052694E-02 7.4829262E-05 1.4686602E+00 1.9084597E+01 -9.6897381E-02
2.6764000E+02 2.7427000E+02 8.6700000E+00 4.0000000E+02 9 5.4880422E+01 2.7139289E-01 6.2860473E-01 -3.1640777E-02 1.4842916E-02 1.2521529E-02 1.2355849E-02 2.9681247E-04 9.5843891E-04 7.7209915E-03 5.5713161E-05 7.4222749E-03 1.0646217E-01 4.4291579E-02 7.5095036E-05 1.4680872E+00 1.9085179E+01 -9.7071943E-02
2.6764000E+02 2.7427000E+02 8.6700000E+00 4.0500000E+02 9 5.4879242E+01 2.7231413E-01 6.3012793E-01 -3.1585694E-02 1.4910353E-02 1.2524623E-02 1.2361325E-02 2.9254517E-04 9.6377201E-04 7.7542041E-03 5.4912168E-05 7.4497532E-03 1.0664058E-01 4.4492444E-02 7.5310889E-05 1.4676627E+00 1.9085613E+01 -9.7205045E-02
2.6764000E+02 2.7427000E+02 8.6700000E+00 4.1000000E+02 9 5.4878275E+01 2.7308715E-01 6.3140013E-01 -3.1536244E-02 1.4967549E-02 1.2527696E-02 1.2366680E-02 2.8845693E-04 9.6823585E-04 7.7820969E-03 5.4144785E-05 7.4726788E-03 1.0678673E-01 4.4662818E-02 7.5487824E-05 1.4673391E+00 1.9085946E+01 -9.7309185E-02
2.6764000E+02 2.7427000E+02 8.6700000E+00 4.1200000E+02 9 5.4871280E+01 2.8669478E-01 6.5958494E-01 -3.1517326E-02 1.7090037E-02 1.3873592E-02 1.3713473E-02 2.8684931E-04 1.1482238E-03 8.8660428E-03 5.3843026E-05 8.4917545E-03 1.0684434E-01 5.0995888E-02 8.4813950E-05 1.5355498E+00 1.9010339E+01 -8.5962051E-02
2.6764000E+02 2.7427000E+02 8.6700000E+00 4.1700000E+02 9 5.4877781E+01 2.7276796E-01 6.3043434E-01 -3.1474850E-02 1.4845860E-02 1.2437422E-02 1.2279458E-02 2.8298953E-04 9.4362438E-04 7.7174469E-03 5.3118527E-05 7.4088204E-03 1.0695373E-01 4.4299548E-02 7.5196854E-05 1.4613202E+00 1.9092211E+01 -9.8407679E-02
2.6764000E+02 2.7427000E+02 8.6700000E+00 4.2200000E+02 9 5.4877067E+01 2.7345690E-01 6.3162475E-01 -3.1436660E-02 1.4912173E-02 1.2444736E-02 1.2288845E-02 2.7927685E-04 9.6062452E-04 7.7502225E-03 5.2421638E-05 7.4364168E-03 1.0705009E-01 4.4497085E-02 7.5083717E-05 1.4619711E+00 1.9091868E+01 -9.8341942E-02
2.6764000E+02 2.7427000E+02 8.6700000E+00 4.2700000E+02 9 5.4876374E+01 2.7421385E-01 6.3293234E-01 -3.1402275E-02 1.4990782E-02 1.2462828E-02 1.2308933E-02 2.7570034E-04 9.7048286E-04 7.7892388E-03 5.1750310E-05 7.4701698E-03 1.0713369E-01 4.4731329E-02 7.5321892E-05 1.4630506E+00 1.9090734E+01 -9.8181593E-02
2.6764000E+02 2.7427000E+02 8.6700000E+00 4.2900000E+02 9 5.4869441E+01 2.8788699E-01 6.6122466E-01 -3.1389100E-02 1.7129414E-02 1.3810607E-02 1.3657499E-02 2.7429086E-04 1.1537122E-03 8.8819261E-03 5.1485744E-05 8.4967413E-03 1.0716898E-01 5.1112458E-02 8.4726730E-05 1.5314243E+00 1.9014929E+01 -8.6710796E-02
2.6764000E+02 2.7427000E+02 8.6700000E+00 4.3000000E+02 9 5.4867344E+01 2.9197937E-01 6.6969758E-01 -3.1382654E-02 1.7763404E-02 1.4234626E-02 1.4081908E-02 2.7359132E-04 1.1913407E-03 9.2051367E-03 5.1354436E-05 8.8015009E-03 1.0718567E-01 5.3004363E-02 8.7861454E-05 1.5533060E+00 1.8990292E+01 -8.3291425E-02
2.6764000E+02 2.7427000E+02 8.6700000E+00 4.3500000E+02 9 5.4874668E+01 2.7668386E-01 6.3786853E-01 -3.1364622E-02 1.5327662E-02 1.2673087E-02 1.2523539E-02 2.6791297E-04 9.7743199E-04 7.9569965E-03 5.0288582E-05 7.6255111E-03 1.0726491E-01 4.5736390E-02 7.7095985E-05 1.4715218E+00 1.9080907E+01 -9.6689453E-02
2.6764000E+02 2.7427000E+02 8.6700000E+00 4.3600000E+02 9 5.4865248E+01 2.9546368E-01 6.7705436E-01 -3.1361300E-02 1.8287313E-02 1.4584077E-02 1.4435190E-02 2.6672837E-04 1.2573397E-03 9.4679298E-03 5.0066227E-05 9.0489619E-03 1.0728620E-01 5.4568154E-02 8.8762138E-05 1.5715458E+00 1.8971729E+01 -8.0625552E-02
2.6764000E+02 2.7427000E+02 8.6700000E+00 4.3700000E+02 9 5.4867997E+01 2.9543174E-01 6.7555354E-01 -3.0694144E-02 1.8337429E-02 1.4624007E-02 1.4475800E-02 2.6550966E-04 1.2325722E-03 9.4929666E-03 4.9837469E-05 9.0718475E-03 1.0674185E-01 5.4717555E-02 8.9752199E-05 1.5741875E+00 1.8967991E+01 -7.9934585E-02
2.6764000E+02 2.7427000E+02 8.6700000E+00 4.3800000E+02 9 5.4874540E+01 2.9461020E-01 6.7094569E-01 -2.9218504E-02 1.8358847E-02 1.4650059E-02 1.4502548E-02 2.6426182E-04 1.2180149E-03 9.5030167E-03 4.9603243E-05 9.0812969E-03 1.0551304E-01 5.4781495E-02 9.0266709E-05 1.5778771E+00 1.8963664E+01 -7.8805819E-02
2.6764000E+02 2.7427000E+02 8.6700000E+00 4.4300000E+02 9 5.4942653E+01 2.6935299E-01 5.9272309E-01 -1.5954173E-02 1.5812641E-02 1.3031307E-02 1.2885280E-02 2.6160582E-04 9.9600812E-04 8.2000668E-03 4.9104700E-05 7.8548348E-03 9.4350612E-02 4.7183962E-02 7.9636961E-05 1.5117071E+00 1.9037976E+01 -8.3338767E-02
2.6764000E+02 2.7427000E+02 8.6700000E+00 4.4400000E+02 9 5.4946589E+01 2.8484328E-01 6.2014685E-01 -1.3170329E-02 1.8581310E-02 1.4920668E-02 1.4774916E-02 2.6111132E-04 1.2336870E-03 9.6111077E-03 4.9011880E-05 9.1903957E-03 9.2012101E-02 5.5447231E-02 9.0758911E-05 1.6275769E+00 1.8912716E+01 -6.6174400E-02
2.6764000E+02 2.7427000E+02 8.6700000E+00 4.4500000E+02 9 5.4959454E+01 2.8290163E-01 6.1054919E-01 -1.0329845E-02 1.8574670E-02 1.4942812E-02 1.4797347E-02 2.6059861E-04 1.2013015E-03 9.6071491E-03 4.8915642E-05 9.1870774E-03 8.9621594E-02 5.5427485E-02 9.1600629E-05 1.6348539E+00 1.8904239E+01 -6.4211898E-02
2.6764000E+02 2.7427000E+02 8.6700000E+00 4.5000000E+02 9 5.5019399E+01 2.6027149E-01 5.4097997E-01 1.2876097E-03 1.6267032E-02 1.3474059E-02 1.3329733E-02 2.5855714E-04 1.0023929E-03 8.4269540E-03 4.8532447E-05 8.0752250E-03 7.9836464E-02 4.8541515E-02 8.2016866E-05 1.5650352E+00 1.8981548E+01 -6.8595165E-02
2.6764000E+02 2.7427000E+02 8.6700000E+00 4.5300000E+02 9 5.5043660E+01 2.6485431E-01 5.3908830E-01 7.6254843E-03 1.7708779E-02 1.4600315E-02 1.4456675E-02 2.5732802E-04 1.0779091E-03 9.1579077E-03 4.8301735E-05 8.7739145E-03 7.4504233E-02 5.2846018E-02 8.8188356E-05 1.6499647E+00 1.8890614E+01 -5.6036449E-02
2.6764000E+02 2.7427000E+02 8.6700000E+00 4.5400000E+02 9 5.5049168E+01 2.7099062E-01 5.4864550E-01 9.6710524E-03 1.8922151E-02 1.5581508E-02 1.5438099E-02 2.5691488E-04 1.1145831E-03 9.7724903E-03 4.8224187E-05 9.3635906E-03 7.2784963E-02 5.6469074E-02 9.3368752E-05 1.7253180E+00 1.8810028E+01 -4.7714809E-02
2.6764000E+02 2.7427000E+02 8.6700000E+00 4.5900000E+02 9 5.5102066E+01 2.4638820E-01 4.7858600E-01 1.9379430E-02 1.6092331E-02 1.3733623E-02 1.3591532E-02 2.5455368E-04 9.1209896E-04 8.3268230E-03 4.7780978E-05 7.9982981E-03 6.4615326E-02 4.8023999E-02 8.1419083E-05 1.6077119E+00 1.8937408E+01 -5.6319554E-02
2.6764000E+02 2.7427000E+02 8.6700000E+00 4.6400000E+02 9 5.5138089E+01 2.3911953E-01 4.4943243E-01 2.7124595E-02 1.5824605E-02 1.3762746E-02 1.3621736E-02 2.5261599E-04 8.6314131E-04 8.1838408E-03 4.7417264E-05 7.8738878E-03 5.8105345E-02 4.7226959E-02 7.9894767E-05 1.6202971E+00 1.8925162E+01 -5.2040731E-02
2.6764000E+02 2.7427000E+02 8.6700000E+00 4.6900000E+02 9 5.5166333E+01 2.3324567E-01 4.2642587E-01 3.3181157E-02 1.5592395E-02 1.3807325E-02 1.3667250E-02 2.5094318E-04 8.1672861E-04 8.0589370E-03 4.7103268E-05 7.7668269E-03 5.3019730E-02 4.6535542E-02 7.8850634E-05 1.6303648E+00 1.8914966E+01 -4.8764503E-02
2.6764000E+02 2.7427000E+02 8.6700000E+00 4.7400000E+02 9 5.5188481E+01 2.2836023E-01 4.0805186E-01 3.7902038E-02 1.5370782E-02 1.3851156E-02 1.3711934E-02 2.4941419E-04 7.7559226E-04 7.9392079E-03 4.6816270E-05 7.6651685E-03 4.9061131E-02 4.5875471E-02 7.7953640E-05 1.6371825E+00 1.8907917E+01 -4.6373843E-02
2.6764000E+02 2.7427000E+02 8.6700000E+00 4.7900000E+02 9 5.5205878E+01 2.2426079E-01 3.9329254E-01 4.1584051E-02 1.5159300E-02 1.3889117E-02 1.3750702E-02 2.4796919E-04 7.4104162E-04 7.8246849E-03 4.6545037E-05 7.5683301E-03 4.5979145E-02 4.5245345E-02 7.7132045E-05 1.6411703E+00 1.8903697E+01 -4.4671675E-02
2.6764000E+02 2.7427000E+02 8.6700000E+00 4.8100000E+02 9 5.5207079E+01 2.3292075E-01 4.1043884E-01 4.2908169E-02 1.6748415E-02 1.5240294E-02 1.5102195E-02 2.4740166E-04 7.8877183E-04 8.6278169E-03 4.6438509E-05 8.3422139E-03 4.4875523E-02 4.9990094E-02 8.4347832E-05 1.7585975E+00 1.8778782E+01 -3.4623559E-02
2.6764000E+02 2.7427000E+02 8.6700000E+00 4.8200000E+02 9 5.5208674E+01 2.3496063E-01 4.1426768E-01 4.3535154E-02 1.7173830E-02 1.5671414E-02 1.5533472E-02 2.4712018E-04 7.9338072E-04 8.8409706E-03 4.6385674E-05 8.5512035E-03 4.4352830E-02 5.1260590E-02 8.6623796E-05 1.7996665E+00 1.8734893E+01 -3.1617755E-02
2.6764000E+02 2.7427000E+02 8.6700000E+00 4.8700000E+02 9 5.5228945E+01 2.1597617E-01 3.6869469E-01 4.6136628E-02 1.4406224E-02 1.3661805E-02 1.3524816E-02 2.4541357E-04 6.7484725E-04 7.4295274E-03 4.6065333E-05 7.2130881E-03 4.2180379E-02 4.2998685E-02 7.4335686E-05 1.6185689E+00 1.8927101E+01 -4.5142067E-02
2.6764000E+02 2.7427000E+02 8.6700000E+00 4.9200000E+02 9 5.5238921E+01 2.1295695E-01 3.5883628E-01 4.8180203E-02 1.4165061E-02 1.3564963E-02 1.3428855E-02 2.4383594E-04 6.6090297E-04 7.3037801E-03 4.5769206E-05 7.0973333E-03 4.0482584E-02 4.2278972E-02 7.2816739E-05 1.6128545E+00 1.8933813E+01 -4.4953937E-02
2.6764000E+02 2.7427000E+02 8.6700000E+00 4.9700000E+02 9 5.5246647E+01 2.1088788E-01 3.5160993E-01 4.9799688E-02 1.4018929E-02 1.3504046E-02 1.3368790E-02 2.4230759E-04 6.5223419E-04 7.2283453E-03 4.5482327E-05 7.0255202E-03 3.9142266E-02 4.1842658E-02 7.2085173E-05 1.6104956E+00 1.8936466E+01 -4.4599819E-02
2.6764000E+02 2.7427000E+02 8.6700000E+00 5.0200000E+02 9 5.5252793E+01 2.0932233E-01 3.4596460E-01 5.1101874E-02 1.3912906E-02 1.3459134E-02 1.3324729E-02 2.4078378E-04 6.4412043E-04 7.1741058E-03 4.5196299E-05 6.9723161E-03 3.8069314E-02 4.1526050E-02 7.1632678E-05 1.6090476E+00 1.8937984E+01 -4.4271361E-02
2.6764000E+02 2.7427000E+02 8.6700000E+00 5.0500000E+02 9 5.5252659E+01 2.1524814E-01 3.5785024E-01 5.1787724E-02 1.4966164E-02 1.4291155E-02 1.4157261E-02 2.3986743E-04 6.8398167E-04 7.7091790E-03 4.5024297E-05 7.4813164E-03 3.7508509E-02 4.4670042E-02 7.6614735E-05 1.6798790E+00 1.8862228E+01 -3.7887261E-02
2.6764000E+02 2.7427000E+02 8.6700000E+00 5.0600000E+02 9 5.5250461E+01 2.2145919E-01 3.7133152E-01 5.2006380E-02 1.6014870E-02 1.5163948E-02 1.5030225E-02 2.3956167E-04 7.1080536E-04 8.2404274E-03 4.4966903E-05 7.9908349E-03 3.7331533E-02 4.7801145E-02 8.1330318E-05 1.7622916E+00 1.8774970E+01 -3.1755946E-02
2.6764000E+02 2.7427000E+02 8.6700000E+00 5.1100000E+02 9 5.5262892E+01 2.0432146E-01 3.3226077E-01 5.2956935E-02 1.3327706E-02 1.3126412E-02 1.2993592E-02 2.3794551E-04 6.0690986E-04 6.8749133E-03 4.4663543E-05 6.6866098E-03 3.6550387E-02 3.9779065E-02 6.9443631E-05 1.5826275E+00 1.8965499E+01 -4.6131243E-02
2.6764000E+02 2.7427000E+02 8.6700000E+00 5.1600000E+02 9 5.5266657E+01 2.0321591E-01 3.2817422E-01 5.3745145E-02 1.3221704E-02 1.3000915E-02 1.2868923E-02 2.3646151E-04 6.1018570E-04 6.8232771E-03 4.4384988E-05 6.6307055E-03 3.5909480E-02 3.9462172E-02 6.8500289E-05 1.5780516E+00 1.8971014E+01 -4.6307847E-02
2.6764000E+02 2.7427000E+02 8.6700000E+00 5.2100000E+02 9 5.5269626E+01 2.0264349E-01 3.2539171E-01 5.4406028E-02 1.3182301E-02 1.2916635E-02 1.2785446E-02 2.3502257E-04 6.1305744E-04 6.8058448E-03 4.4114892E-05 6.6067422E-03 3.5375303E-02 3.9344040E-02 6.8214538E-05 1.5765624E+00 1.8972792E+01 -4.6220894E-02
2.6764000E+02 2.7427000E+02 8.6700000E+00 5.2600000E+02 9 5.5272096E+01 2.0225155E-01 3.2319417E-01 5.4968532E-02 1.3160641E-02 1.2852545E-02 1.2722156E-02 2.3358953E-04 6.1329305E-04 6.7969328E-03 4.3845903E-05 6.5919389E-03 3.4923572E-02 3.9278995E-02 6.8107089E-05 1.5758153E+00 1.8973630E+01 -4.6091695E-02
2.6764000E+02 2.7427000E+02 8.6700000E+00 5.3100000E+02 9 5.5274210E+01 2.0192462E-01 3.2132414E-01 5.5453445E-02 1.3142565E-02 1.2800048E-02 1.2670461E-02 2.3215239E-04 6.1209358E-04 6.7892585E-03 4.3576145E-05 6.5795011E-03 3.4536793E-02 3.9224752E-02 6.8040278E-05 1.5751716E+00 1.8974304E+01 -4.5978985E-02
2.6764000E+02 2.7427000E+02 8.6700000E+00 5.3600000E+02 9 5.5276049E+01 2.0163016E-01 3.1968078E-01 5.5876126E-02 1.3124733E-02 1.2754953E-02 1.2626171E-02 2.3070985E-04 6.1026039E-04 6.7812383E-03 4.3305374E-05 6.5676763E-03 3.4202022E-02 3.9171302E-02 6.7975442E-05 1.5744823E+00 1.8975007E+01 -4.5893229E-02
2.6764000E+02 2.7427000E+02 8.6700000E+00 5.4100000E+02 9 5.5277665E+01 2.0136077E-01 3.1821745E-01 5.6248157E-02 1.3106936E-02 1.2714947E-02 1.2586973E-02 2.2926358E-04 6.0831835E-04 6.7729078E-03 4.3033901E-05 6.5562114E-03 3.3909494E-02 3.9117997E-02 6.7905323E-05 1.5737421E+00 1.8975758E+01 -4.5831376E-02
2.6764000E+02 2.7427000E+02 8.6700000E+00 5.4600000E+02 9 5.5279096E+01 2.0111611E-01 3.1690727E-01 5.6578422E-02 1.3089680E-02 1.2678667E-02 1.2551501E-02 2.2781622E-04 6.0644503E-04 6.7646359E-03 4.2762226E-05 6.5452356E-03 3.3651717E-02 3.9066332E-02 6.7831727E-05 1.5729759E+00 1.8976535E+01 -4.5787803E-02
2.6764000E+02 2.7427000E+02 8.6700000E+00 5.5100000E+02 9 5.5280371E+01 2.0089639E-01 3.1573089E-01 5.6873846E-02 1.3073454E-02 1.2645271E-02 1.2518912E-02 2.2637060E-04 6.0477582E-04 6.7567517E-03 4.2490874E-05 6.5349040E-03 3.3422851E-02 3.9017755E-02 6.7757974E-05 1.5722116E+00 1.8977311E+01 -4.5757305E-02
2.6764000E+02 2.7427000E+02 8.6700000E+00 5.5600000E+02 9 5.5281512E+01 2.0070064E-01 3.1467198E-01 5.7139904E-02 1.3058532E-02 1.2614216E-02 1.2488661E-02 2.2492928E-04 6.0341367E-04 6.7494433E-03 4.2220332E-05 6.5253014E-03 3.3218283E-02 3.8973080E-02 6.7686638E-05 1.5714692E+00 1.8978065E+01 -4.5735982E-02
2.6764000E+02 2.7427000E+02 8.6700000E+00 5.6100000E+02 9 5.5282539E+01 2.0052831E-01 3.1371634E-01 5.7380979E-02 1.3045028E-02 1.2585128E-02 1.2460374E-02 2.2349453E-04 6.0207801E-04 6.7427964E-03 4.1951022E-05 6.5164568E-03 3.3034321E-02 3.8932644E-02 6.7619299E-05 1.5707516E+00 1.8978793E+01 -4.5721378E-02
2.6764000E+02 2.7427000E+02 8.6700000E+00 5.6600000E+02 9 5.5283468E+01 2.0037684E-01 3.1285123E-01 5.7600625E-02 1.3032921E-02 1.2557733E-02 1.2433775E-02 2.2206823E-04 6.0094756E-04 6.7368165E-03 4.1683299E-05 6.5083459E-03 3.2867975E-02 3.8896381E-02 6.7556628E-05 1.5700686E+00 1.8979486E+01 -4.5711503E-02
2.6764000E+02 2.7427000E+02 8.6700000E+00 5.7100000E+02 9 5.5284312E+01 2.0024435E-01 3.1206550E-01 5.7801752E-02 1.3022133E-02 1.2531816E-02 1.2408648E-02 2.2065198E-04 5.9991662E-04 6.7314744E-03 4.1417462E-05 6.5009224E-03 3.2716801E-02 3.8864061E-02 6.7498758E-05 1.5694191E+00 1.8980144E+01 -4.5705206E-02
2.6764000E+02 2.7427000E+02 8.6700000E+00 5.7600000E+02 9 5.5285081E+01 2.0012852E-01 3.1134925E-01 5.7986762E-02 1.3012541E-02 1.2507203E-02 1.2384820E-02 2.1924707E-04 5.9900861E-04 6.7267144E-03 4.1153754E-05 6.4941212E-03 3.2578783E-02 3.8835312E-02 6.7445469E-05 1.5688028E+00 1.8980768E+01 -4.5701664E-02
2.6764000E+02 2.7427000E+02 8.6700000E+00 5.8100000E+02 9 5.5285786E+01 2.0002732E-01 3.1069399E-01 5.8157659E-02 1.3004018E-02 1.2483749E-02 1.2362143E-02 2.1785457E-04 5.9821117E-04 6.7224781E-03 4.0892375E-05 6.4878764E-03 3.2452243E-02 3.8809759E-02 6.7396411E-05 1.5682175E+00 1.8981360E+01 -4.5700324E-02
2.6764000E+02 2.7427000E+02 8.6700000E+00 5.8200000E+02 9 5.5278487E+01 2.1492965E-01 3.4276836E-01 5.8191289E-02 1.5416497E-02 1.4261088E-02 1.4139637E-02 2.1757658E-04 6.9430593E-04 7.9506489E-03 4.0840194E-05 7.6537834E-03 3.2432131E-02 4.6011178E-02 7.7690144E-05 1.7293826E+00 1.8810924E+01 -3.2341601E-02
2.6764000E+02 2.7427000E+02 8.6700000E+00 5.8700000E+02 9 5.5286809E+01 1.9947180E-01 3.0917019E-01 5.8360894E-02 1.2932302E-02 1.2434888E-02 1.2315082E-02 2.1463177E-04 5.9261196E-04 6.6843775E-03 4.0287439E-05 6.4502073E-03 3.2312930E-02 3.8595601E-02 6.7204557E-05 1.5643496E+00 1.8985239E+01 -4.6014354E-02
2.6764000E+02 2.7427000E+02 8.6700000E+00 5.9200000E+02 9 5.5287254E+01 1.9978893E-01 3.0934019E-01 5.8527714E-02 1.2983789E-02 1.2438328E-02 1.2320216E-02 2.1159514E-04 5.9798947E-04 6.7098063E-03 3.9717448E-05 6.4715314E-03 3.2201520E-02 3.8749166E-02 6.7050171E-05 1.5666563E+00 1.8983200E+01 -4.5738452E-02
2.6764000E+02 2.7427000E+02 8.6700000E+00 5.9700000E+02 9 5.5287674E+01 2.0010340E-01 3.0950241E-01 5.8688089E-02 1.3032600E-02 1.2441315E-02 1.2324896E-02 2.0856153E-04 6.0115716E-04 6.7339499E-03 3.9148024E-05 6.4914749E-03 3.2095607E-02 3.8894715E-02 6.7168294E-05 1.5687841E+00 1.8981014E+01 -4.5480460E-02
2.6764000E+02 2.7427000E+02 8.6700000E+00 6.0200000E+02 9 5.5288105E+01 2.0032870E-01 3.0951113E-01 5.8839926E-02 1.3067070E-02 1.2439030E-02 1.2324291E-02 2.0555283E-04 6.0208884E-04 6.7505601E-03 3.8583276E-05 6.5047835E-03 3.1996426E-02 3.8997515E-02 6.7289070E-05 1.5701599E+00 1.8979546E+01 -4.5297694E-02
2.6764000E+02 2.7427000E+02 8.6700000E+00 6.0700000E+02 9 5.5288539E+01 2.0047490E-01 3.0939014E-01 5.8982682E-02 1.3089079E-02 1.2431972E-02 1.2318886E-02 2.0259165E-04 6.0172930E-04 6.7606138E-03 3.8027449E-05 6.5123684E-03 3.1904177E-02 3.9063160E-02 6.7370275E-05 1.5708884E+00 1.8978748E+01 -4.5180631E-02
2.6764000E+02 2.7427000E+02 8.6700000E+00 6.1200000E+02 9 5.5288967E+01 2.0056636E-01 3.0918688E-01 5.9116523E-02 1.3102518E-02 1.2421399E-02 1.2309930E-02 1.9969619E-04 6.0102361E-04 6.7661790E-03 3.7483958E-05 6.5160394E-03 3.1818582E-02 3.9103246E-02 6.7416187E-05 1.5711766E+00 1.8978417E+01 -4.5109817E-02
2.6764000E+02 2.7427000E+02 8.6700000E+00 6.1700000E+02 9 5.5289379E+01 2.0062440E-01 3.0893979E-01 5.9241908E-02 1.3110603E-02 1.2408441E-02 1.2298543E-02 1.9688093E-04 6.0028434E-04 6.7689745E-03 3.6955519E-05 6.5172794E-03 3.1739168E-02 3.9127348E-02 6.7438268E-05 1.5711869E+00 1.8978384E+01 -4.5069306E-02
2.6764000E+02 2.7427000E+02 8.6700000E+00 6.2200000E+02 9 5.5289771E+01 2.0066333E-01 3.0867425E-01 5.9359412E-02 1.3115500E-02 1.2393977E-02 1.2285600E-02 1.9415612E-04 5.9964097E-04 6.7701668E-03 3.6444058E-05 6.5170849E-03 3.1665410E-02 3.9141933E-02 6.7446015E-05 1.5710306E+00 1.8978531E+01 -4.5048014E-02
2.6764000E+02 2.7427000E+02 8.6700000E+00 6.2700000E+02 9 5.5290140E+01 2.0069220E-01 3.0840563E-01 5.9469641E-02 1.3118566E-02 1.2378657E-02 1.2271747E-02 1.9152762E-04 5.9906034E-04 6.7704844E-03 3.5950676E-05 6.5160804E-03 3.1596781E-02 3.9151045E-02 6.7445775E-05 1.5707770E+00 1.8978783E+01 -4.5038783E-02
2.6764000E+02 2.7427000E+02 8.6700000E+00 6.3200000E+02 9 5.5290488E+01 2.0071577E-01 3.0814234E-01 5.9573195E-02 1.3120598E-02 1.2362944E-02 1.2257446E-02 1.8899736E-04 5.9861092E-04 6.7703542E-03 3.5475735E-05 6.5146321E-03 3.1532789E-02 3.9157063E-02 6.7441332E-05 1.5704714E+00 1.8979091E+01 -4.5037026E-02
2.6764000E+02 2.7427000E+02 8.6700000E+00 6.3700000E+02 9 5.5290814E+01 2.0073684E-01 3.0788872E-01 5.9670646E-02 1.3122055E-02 1.2347154E-02 1.2243014E-02 1.8656429E-04 5.9826000E-04 6.7700207E-03 3.5019034E-05 6.5129507E-03 3.1472983E-02 3.9161359E-02 6.7434808E-05 1.5701396E+00 1.8979428E+01 -4.5039962E-02
2.6764000E+02 2.7427000E+02 8.6700000E+00 6.4200000E+02 9 5.5291121E+01 2.0075683E-01 3.0764664E-01 5.9762528E-02 1.3123196E-02 1.2331493E-02 1.2228659E-02 1.8422527E-04 5.9798916E-04 6.7696156E-03 3.4579988E-05 6.5111556E-03 3.1416957E-02 3.9164702E-02 6.7427303E-05 1.5697967E+00 1.8979777E+01 -4.5045881E-02
2.6764000E+02 2.7427000E+02 8.6700000E+00 6.4700000E+02 9 5.5291409E+01 2.0077643E-01 3.0741663E-01 5.9849327E-02 1.3124162E-02 1.2316087E-02 1.2214508E-02 1.8197594E-04 5.9779493E-04 6.7692084E-03 3.4157779E-05 6.5093132E-03 3.1364351E-02 3.9167518E-02 6.7419351E-05 1.5694519E+00 1.8980128E+01 -4.5053722E-02
2.6764000E+02 2.7427000E+02 8.6700000E+00 6.5000000E+02 9 5.5288069E+01 2.0782437E-01 3.2242969E-01 5.9899676E-02 1.4262986E-02 1.3133522E-02 1.3032679E-02 1.8065759E-04 6.4556536E-04 7.3494151E-03 3.3910318E-05 7.0573382E-03 3.1336499E-02 4.2566527E-02 7.2710848E-05 1.6388153E+00 1.8905949E+01 -3.8786251E-02
