x y z_datum Time Well_no H2O H O Charge Al C Ca Cl Fe K Mg Na S Si U pH pe Alkalinity
2.6764000E+02 2.7427000E+02 8.6700000E+00 0.0000000E+00 9 9.9704301E-01 7.2098600E-06 6.6484776E-04 -3.2324431E-06 0.0000000E+00 1.0067647E-04 6.3262499E-05 4.3211171E-04 0.0000000E+00 2.8240956E-04 5.5605062E-05 2.2967748E-04 1.4127542E-04 0.0000000E+00 0.0000000E+00 7.0300000E+00 1.1068788E+01 7.1999443E-03
2.6764000E+02 2.7427000E+02 8.6700000E+00 5.0000000E+00 9 5.5326114E+01 2.1097334E-02 6.5867069E-02 -2.9954371E-03 0.0000000E+00 7.0998176E-03 1.3370336E-03 1.0323930E-02 0.0000000E+00 6.1181980E-03 1.9378525E-03 8.4622379E-03 1.1379661E-02 0.0000000E+00 0.0000000E+00 2.2608494E+00 1.8138432E+01 -8.9858814E-03
2.6764000E+02 2.7427000E+02 8.6700000E+00 1.0000000E+01 9 5.5307246E+01 3.5810091E-02 1.0853202E-01 -2.7114249E-03 1.0420813E-03 7.6118881E-03 3.0961900E-03 8.0897969E-03 4.0287596E-05 5.3097681E-03 1.5184947E-03 7.1515891E-03 1.9741865E-02 3.1158710E-03 5.3163550E-06 1.9519557E+00 1.8517565E+01 -2.0065742E-02
2.6764000E+02 2.7427000E+02 8.6700000E+00 1.5000000E+01 9 5.5287223E+01 5.6987424E-02 1.5222469E-01 -2.4785158E-03 2.4287227E-03 7.9868665E-03 4.4938632E-03 6.2576566E-03 1.0049484E-04 4.9174136E-03 1.1745929E-03 6.3342808E-03 2.6600262E-02 7.2580975E-03 1.2853955E-05 1.8470173E+00 1.8655598E+01 -2.7085563E-02
2.6764000E+02 2.7427000E+02 8.6700000E+00 2.0000000E+01 9 5.5270641E+01 7.5959684E-02 1.8876111E-01 -2.3032779E-03 3.7374840E-03 8.2709159E-03 5.5473750E-03 4.8791775E-03 1.5850260E-04 4.7569681E-03 9.1584562E-04 5.8480445E-03 3.1760858E-02 1.1167055E-02 2.0313937E-05 1.8014266E+00 1.8719536E+01 -3.1287587E-02
2.6764000E+02 2.7427000E+02 8.6700000E+00 2.5000000E+01 9 5.5257830E+01 9.1191096E-02 2.1727710E-01 -2.1749524E-03 4.8221353E-03 8.5046982E-03 6.3446294E-03 3.8697267E-03 2.0563012E-04 4.7046537E-03 7.2636673E-04 5.5520076E-03 3.5540302E-02 1.4406266E-02 2.6719449E-05 1.7796964E+00 1.8752147E+01 -3.3802792E-02
2.6764000E+02 2.7427000E+02 8.6700000E+00 3.0000000E+01 9 5.5248264E+01 1.0275238E-01 2.3885056E-01 -2.0814068E-03 5.6704056E-03 8.7071652E-03 6.9578518E-03 3.1338655E-03 2.4109331E-04 4.6962074E-03 5.8824196E-04 5.3635937E-03 3.8295677E-02 1.6939312E-02 3.1864618E-05 1.7688017E+00 1.8769837E+01 -3.5340317E-02
2.6764000E+02 2.7427000E+02 8.6700000E+00 3.5000000E+01 9 5.5241168E+01 1.1139216E-01 2.5506481E-01 -2.0128244E-03 6.3200203E-03 8.8871977E-03 7.4390267E-03 2.5943738E-03 2.6724242E-04 4.7042556E-03 4.8697673E-04 5.2386825E-03 4.0315938E-02 1.8879031E-02 3.5869348E-05 1.7633708E+00 1.8779690E+01 -3.6293051E-02
2.6764000E+02 2.7427000E+02 8.6700000E+00 4.0000000E+01 9 5.5235884E+01 1.1784558E-01 2.6729713E-01 -1.9619708E-03 6.8142887E-03 9.0494180E-03 7.8245431E-03 2.1943426E-03 2.8630136E-04 4.7166269E-03 4.1188889E-04 5.1521325E-03 4.1814081E-02 2.0354847E-02 3.8940173E-05 1.7608023E+00 1.8785234E+01 -3.6891851E-02
2.6764000E+02 2.7427000E+02 8.6700000E+00 4.5000000E+01 9 5.5231912E+01 1.2269190E-01 2.7660865E-01 -1.9236999E-03 7.1908118E-03 9.1965729E-03 8.1397443E-03 1.8932906E-03 3.0033744E-04 4.7281824E-03 3.5537996E-04 5.0892714E-03 4.2941632E-02 2.1479085E-02 4.1282983E-05 1.7597562E+00 1.8788338E+01 -3.7274336E-02
2.6764000E+02 2.7427000E+02 8.6700000E+00 5.0000000E+01 9 5.5228890E+01 1.2636591E-01 2.8378494E-01 -1.8944041E-03 7.4794157E-03 9.3305266E-03 8.4023345E-03 1.6628404E-03 3.1070278E-04 4.7371192E-03 3.1212331E-04 5.0414485E-03 4.3804825E-02 2.2340821E-02 4.3073282E-05 1.7595111E+00 1.8790041E+01 -3.7523304E-02
2.6764000E+02 2.7427000E+02 8.6700000E+00 5.5000000E+01 9 5.5226556E+01 1.2918466E-01 2.8939598E-01 -1.8715669E-03 7.7027391E-03 9.4526882E-03 8.6247734E-03 1.4831953E-03 3.1843826E-04 4.7431357E-03 2.7840306E-04 5.0034867E-03 4.4477776E-02 2.3007653E-02 4.4450098E-05 1.7596770E+00 1.8790928E+01 -3.7688859E-02
2.6764000E+02 2.7427000E+02 8.6700000E+00 6.0000000E+01 9 5.5224727E+01 1.3137683E-01 2.9385184E-01 -1.8534312E-03 7.8775736E-03 9.5642032E-03 8.8159217E-03 1.3405336E-03 3.2436881E-04 4.7465301E-03 2.5162475E-04 4.9722383E-03 4.5012235E-02 2.3529716E-02 4.5519184E-05 1.7600433E+00 1.8791337E+01 -3.7801606E-02
2.6764000E+02 2.7427000E+02 8.6700000E+00 6.5000000E+01 9 5.5223268E+01 1.3310735E-01 2.9744727E-01 -1.8387644E-03 8.0162626E-03 9.6660471E-03 8.9821668E-03 1.2251599E-03 3.2893878E-04 4.7478055E-03 2.2996854E-04 4.9457616E-03 4.5444503E-02 2.3943862E-02 4.6359194E-05 1.7604915E+00 1.8791468E+01 -3.7880537E-02
2.6764000E+02 2.7427000E+02 8.6700000E+00 6.6000000E+01 9 5.5217299E+01 1.4485377E-01 3.2579659E-01 -1.8359608E-03 1.0037162E-02 1.1661839E-02 1.0990269E-02 1.2031052E-03 4.0253321E-04 5.7471190E-03 2.2582876E-04 5.9234076E-03 4.5532790E-02 2.9980972E-02 5.6319803E-05 1.9463774E+00 1.8595537E+01 -2.5838115E-02
2.6764000E+02 2.7427000E+02 8.6700000E+00 6.7000000E+01 9 5.5217256E+01 1.4472147E-01 3.2551329E-01 -1.8332784E-03 9.9919786E-03 1.1631673E-02 1.0971882E-02 1.1820045E-03 3.9781729E-04 5.7121414E-03 2.2186806E-04 5.8835795E-03 4.5612605E-02 2.9845773E-02 5.7184915E-05 1.9390987E+00 1.8601657E+01 -2.6239476E-02
2.6764000E+02 2.7427000E+02 8.6700000E+00 7.2000000E+01 9 5.5218531E+01 1.3481862E-01 3.0143843E-01 -1.7861033E-03 7.9392165E-03 9.6396619E-03 9.0287142E-03 1.0945025E-03 3.2094139E-04 4.6310009E-03 2.0544349E-04 4.8015083E-03 4.6560163E-02 2.3713723E-02 4.6516092E-05 1.7315285E+00 1.8922896E+01 -4.0506557E-02
2.6764000E+02 2.7427000E+02 8.6700000E+00 7.7000000E+01 9 5.5212879E+01 1.3802752E-01 3.0833705E-01 -1.7354593E-03 8.1211263E-03 9.7291893E-03 9.1593780E-03 1.0208072E-03 3.4268392E-04 4.6801622E-03 1.9161054E-04 4.8286741E-03 4.7558815E-02 2.4256425E-02 5.2742019E-05 1.7221411E+00 1.8987732E+01 -4.1600816E-02
2.6764000E+02 2.7427000E+02 8.6700000E+00 8.2000000E+01 9 5.5207957E+01 1.4110916E-01 3.1486968E-01 -1.6930240E-03 8.3307408E-03 9.8340543E-03 9.2993706E-03 9.5787676E-04 3.6248198E-04 4.7498725E-03 1.7979818E-04 4.8779538E-03 4.8401435E-02 2.4881752E-02 6.1487383E-05 1.7177744E+00 1.9022313E+01 -4.2231161E-02
2.6764000E+02 2.7427000E+02 8.6700000E+00 8.7000000E+01 9 5.5204084E+01 1.4366495E-01 3.2027261E-01 -1.6600299E-03 8.5157742E-03 9.9320547E-03 9.4277369E-03 9.0347678E-04 3.7787363E-04 4.8119331E-03 1.6958703E-04 4.9225736E-03 4.9067299E-02 2.5433785E-02 6.9956590E-05 1.7156429E+00 1.9042254E+01 -4.2616107E-02
2.6764000E+02 2.7427000E+02 8.6700000E+00 9.1000000E+01 9 5.5200225E+01 1.4812027E-01 3.3038556E-01 -1.6388859E-03 9.1177439E-03 1.0439920E-02 9.9573474E-03 8.6452044E-04 4.0969676E-04 5.0922818E-03 1.6227474E-04 5.1849541E-03 4.9505586E-02 2.7231234E-02 8.0983450E-05 1.7481291E+00 1.9018369E+01 -4.0016396E-02
2.6764000E+02 2.7427000E+02 8.6700000E+00 9.2000000E+01 9 5.5195189E+01 1.5746006E-01 3.5245373E-01 -1.6339125E-03 1.0686153E-02 1.1912942E-02 1.1435654E-02 8.5505348E-04 4.7536217E-04 5.8741040E-03 1.6049774E-04 5.9479373E-03 4.9620428E-02 3.1915991E-02 9.6973998E-05 1.8753447E+00 1.8890627E+01 -3.0893330E-02
2.6764000E+02 2.7427000E+02 8.6700000E+00 9.7000000E+01 9 5.5194252E+01 1.4720658E-01 3.2906197E-01 -2.2040443E-03 8.5693562E-03 9.9454094E-03 9.4914373E-03 8.1328339E-04 3.8270946E-04 4.7861159E-03 1.5265729E-04 4.8739137E-03 5.0944895E-02 2.5593136E-02 8.1931054E-05 1.6896660E+00 1.9095061E+01 -4.5552573E-02
2.6764000E+02 2.7427000E+02 8.6700000E+00 1.0200000E+02 9 5.5186209E+01 1.5058083E-01 3.3740617E-01 -2.8638039E-03 8.7589632E-03 1.0025819E-02 9.5925869E-03 7.7612767E-04 4.0700195E-04 4.8611689E-03 1.4568298E-04 4.9343407E-03 5.2340402E-02 2.6158636E-02 8.7427665E-05 1.6825619E+00 1.9114775E+01 -4.6732147E-02
2.6764000E+02 2.7427000E+02 8.6700000E+00 1.0700000E+02 9 5.5179433E+01 1.5367168E-01 3.4486937E-01 -3.4148689E-03 8.9591032E-03 1.0114254E-02 9.6995996E-03 7.4284618E-04 4.2656298E-04 4.9439524E-03 1.3943588E-04 5.0029537E-03 5.3498709E-02 2.6755559E-02 9.3437266E-05 1.6790649E+00 1.9127121E+01 -4.7489660E-02
2.6764000E+02 2.7427000E+02 8.6700000E+00 1.1200000E+02 9 5.5174193E+01 1.5618773E-01 3.5087122E-01 -3.8316260E-03 9.1318420E-03 1.0194575E-02 9.7966619E-03 7.1285402E-04 4.4164979E-04 5.0145689E-03 1.3380621E-04 5.0612358E-03 5.4394441E-02 2.7270796E-02 9.8765679E-05 1.6772909E+00 1.9134989E+01 -4.7986109E-02
2.6764000E+02 2.7427000E+02 8.6700000E+00 1.1700000E+02 9 5.5170238E+01 1.5816712E-01 3.5555671E-01 -4.1367022E-03 9.2724685E-03 1.0264268E-02 9.8815228E-03 6.8568244E-04 4.5307749E-04 5.0703294E-03 1.2870597E-04 5.1065377E-03 5.5075272E-02 2.7690281E-02 1.0318322E-04 1.6763935E+00 1.9140120E+01 -4.8318230E-02
2.6764000E+02 2.7427000E+02 8.6700000E+00 1.2200000E+02 9 5.5167256E+01 1.5971690E-01 3.5920766E-01 -4.3583818E-03 9.3852460E-03 1.0324481E-02 9.9555407E-03 6.6095080E-04 4.6180458E-04 5.1132144E-03 1.2406372E-04 5.1405616E-03 5.5594788E-02 2.8026719E-02 1.0674763E-04 1.6759661E+00 1.9143541E+01 -4.8544986E-02
2.6764000E+02 2.7427000E+02 8.6700000E+00 1.2400000E+02 9 5.5161390E+01 1.6993600E-01 3.8276806E-01 -4.4354540E-03 1.1058352E-02 1.1764835E-02 1.1401211E-02 6.5142619E-04 5.5032780E-04 5.9506828E-03 1.2227590E-04 5.9512552E-03 5.5796229E-02 3.3023047E-02 1.2639087E-04 1.7843233E+00 1.9034079E+01 -3.9124824E-02
2.6764000E+02 2.7427000E+02 8.6700000E+00 1.2500000E+02 9 5.5159563E+01 1.7287284E-01 3.8969536E-01 -4.4713000E-03 1.1532791E-02 1.2216169E-02 1.1855154E-02 6.4675322E-04 5.6056613E-04 6.1862720E-03 1.2139876E-04 6.1803634E-03 5.5889887E-02 3.4440078E-02 1.3316946E-04 1.8197133E+00 1.8998357E+01 -3.6438173E-02
2.6764000E+02 2.7427000E+02 8.6700000E+00 1.3000000E+02 9 5.5164585E+01 1.6010575E-01 3.6064566E-01 -4.5992485E-03 9.3023452E-03 1.0284866E-02 9.9346321E-03 6.2743828E-04 4.4931720E-04 5.0513960E-03 1.1777325E-04 5.0726356E-03 5.6193864E-02 2.7778971E-02 1.0998658E-04 1.6639802E+00 1.9158701E+01 -4.9918418E-02
2.6764000E+02 2.7427000E+02 8.6700000E+00 1.3100000E+02 9 5.5157516E+01 1.7379974E-01 3.9209088E-01 -4.6230823E-03 1.1591234E-02 1.2254632E-02 1.1906481E-02 6.2370616E-04 5.8352678E-04 6.2023512E-03 1.1707271E-04 6.1896964E-03 5.6274569E-02 3.4614432E-02 1.3354313E-04 1.8178398E+00 1.9002653E+01 -3.6717358E-02
2.6764000E+02 2.7427000E+02 8.6700000E+00 1.3200000E+02 9 5.5157322E+01 1.7371820E-01 3.9189591E-01 -4.6453668E-03 1.1558133E-02 1.2231782E-02 1.1885669E-02 6.2005451E-04 5.6919265E-04 6.1838347E-03 1.1638728E-04 6.1700539E-03 5.6335599E-02 3.4515325E-02 1.3583422E-04 1.8138520E+00 1.9006600E+01 -3.7005635E-02
2.6764000E+02 2.7427000E+02 8.6700000E+00 1.3700000E+02 9 5.5155304E+01 1.6257722E-01 3.6790737E-01 -6.0039202E-03 9.3346615E-03 1.0313769E-02 9.9769537E-03 6.0339911E-04 4.5543138E-04 5.0537584E-03 1.1326098E-04 5.0682537E-03 5.8045728E-02 2.7875136E-02 1.1195662E-04 1.6504027E+00 1.9154025E+01 -5.2034574E-02
2.6764000E+02 2.7427000E+02 8.6700000E+00 1.4200000E+02 9 5.5144921E+01 1.6641038E-01 3.7796023E-01 -7.5528069E-03 9.5683926E-03 1.0439581E-02 1.0111310E-02 5.8809103E-04 4.8274406E-04 5.1641223E-03 1.1038758E-04 5.1680453E-03 5.9978763E-02 2.8572409E-02 1.1113444E-04 1.6473709E+00 1.9129916E+01 -5.3153494E-02
2.6764000E+02 2.7427000E+02 8.6700000E+00 1.4700000E+02 9 5.5136024E+01 1.6992224E-01 3.8694231E-01 -8.8593324E-03 9.8034554E-03 1.0566876E-02 1.0246524E-02 5.7390536E-04 5.0074994E-04 5.2759491E-03 1.0772486E-04 5.2692652E-03 6.1610639E-02 2.9273626E-02 1.0869573E-04 1.6464634E+00 1.9101402E+01 -5.3913666E-02
2.6764000E+02 2.7427000E+02 8.6700000E+00 1.5200000E+02 9 5.5129106E+01 1.7273727E-01 3.9407575E-01 -9.8622329E-03 9.9980825E-03 1.0675696E-02 1.0362731E-02 5.6067120E-04 5.1234538E-04 5.3676461E-03 1.0524074E-04 5.3518779E-03 6.2872646E-02 2.9854246E-02 1.0459090E-04 1.6462526E+00 1.9072986E+01 -5.4442845E-02
2.6764000E+02 2.7427000E+02 8.6700000E+00 1.5700000E+02 9 5.5123882E+01 1.7490840E-01 3.9955014E-01 -1.0608735E-02 1.0150767E-02 1.0764477E-02 1.0458436E-02 5.4826747E-04 5.1983784E-04 5.4383652E-03 1.0291250E-04 5.4150598E-03 6.3823524E-02 3.0309760E-02 9.9645644E-05 1.6462836E+00 1.9046598E+01 -5.4817092E-02
2.6764000E+02 2.7427000E+02 8.6700000E+00 1.6200000E+02 9 5.5119954E+01 1.7657375E-01 4.0373398E-01 -1.1160862E-02 1.0269314E-02 1.0836382E-02 1.0536850E-02 5.3660667E-04 5.2477317E-04 5.4920477E-03 1.0072371E-04 5.4624817E-03 6.4538552E-02 3.0663445E-02 9.4537264E-05 1.6464044E+00 1.9023113E+01 -5.5085193E-02
2.6764000E+02 2.7427000E+02 8.6700000E+00 1.6700000E+02 9 5.5116977E+01 1.7786151E-01 4.0695909E-01 -1.1571128E-02 1.0361925E-02 1.0895072E-02 1.0601672E-02 5.2562152E-04 5.2812250E-04 5.5328447E-03 9.8661743E-05 5.4980260E-03 6.5081097E-02 3.0939761E-02 8.9682946E-05 1.6465570E+00 1.9002863E+01 -5.5280019E-02
2.6764000E+02 2.7427000E+02 8.6700000E+00 1.6800000E+02 9 5.5109478E+01 1.9202858E-01 4.3908044E-01 -1.1647907E-02 1.2701873E-02 1.2844365E-02 1.2552177E-02 5.2345100E-04 6.6515467E-04 6.7122431E-03 9.8254327E-05 6.6392913E-03 6.5191155E-02 3.7927165E-02 1.0234250E-04 1.7873492E+00 1.8851974E+01 -4.1930161E-02
2.6764000E+02 2.7427000E+02 8.6700000E+00 1.6900000E+02 9 5.5109136E+01 1.9188942E-01 4.3876879E-01 -1.1719790E-02 1.2651798E-02 1.2809674E-02 1.2518682E-02 5.2130651E-04 6.4219392E-04 6.6860486E-03 9.7851796E-05 6.6126116E-03 6.5288114E-02 3.7777398E-02 1.0209353E-04 1.7822656E+00 1.8852265E+01 -4.2347651E-02
2.6764000E+02 2.7427000E+02 8.6700000E+00 1.7400000E+02 9 5.5123023E+01 1.7019937E-01 4.0127684E-01 -1.6516679E-02 1.0223519E-02 1.0816142E-02 1.0530801E-02 5.1118360E-04 5.0525276E-04 5.4542694E-03 9.5951675E-05 5.4187535E-03 6.4154010E-02 3.0526430E-02 8.2649317E-05 1.7082952E+00 1.8917645E+01 -4.9174797E-02
2.6764000E+02 2.7427000E+02 8.6700000E+00 1.7500000E+02 9 5.5118565E+01 1.8071918E-01 4.2882809E-01 -1.7620211E-02 1.2309076E-02 1.2751125E-02 1.2466901E-02 5.0918260E-04 6.0080292E-04 6.5005492E-03 9.5576078E-05 6.4418061E-03 6.3883236E-02 3.6756303E-02 9.3249339E-05 1.8781057E+00 1.8738301E+01 -3.5119261E-02
2.6764000E+02 2.7427000E+02 8.6700000E+00 1.7600000E+02 9 5.5120827E+01 1.7797788E-01 4.2586319E-01 -1.8811748E-02 1.2173227E-02 1.2710960E-02 1.2427840E-02 5.0720480E-04 5.7781823E-04 6.4293941E-03 9.5204835E-05 6.3755373E-03 6.3572287E-02 3.6351191E-02 9.2561488E-05 1.8951253E+00 1.8717553E+01 -3.3942426E-02
2.6764000E+02 2.7427000E+02 8.6700000E+00 1.8100000E+02 9 5.5063391E+01 1.7648951E-01 4.4098698E-01 -2.9594806E-02 9.7326764E-03 1.0736204E-02 1.0458304E-02 4.9785313E-04 4.5267694E-04 5.1905950E-03 9.3449482E-05 5.1778563E-03 7.5607547E-02 2.9064088E-02 7.4555626E-05 1.6389630E+00 1.8970523E+01 -6.1336219E-02
2.6764000E+02 2.7427000E+02 8.6700000E+00 1.8600000E+02 9 5.4983873E+01 1.9679215E-01 5.0231476E-01 -4.0103705E-02 9.9759340E-03 1.0801725E-02 1.0528766E-02 4.8900028E-04 4.9968395E-04 5.3115443E-03 9.1787758E-05 5.2851784E-03 9.0197014E-02 2.9788888E-02 7.2322762E-05 1.5499631E+00 1.9051014E+01 -7.9114554E-02
2.6764000E+02 2.7427000E+02 8.6700000E+00 1.9100000E+02 9 5.4914600E+01 2.1714852E-01 5.5880008E-01 -4.8583567E-02 1.0518621E-02 1.0881224E-02 1.0612949E-02 4.8061119E-04 5.7278042E-04 5.5901377E-03 9.0213085E-05 5.5314549E-03 1.0267606E-01 3.1405004E-02 7.2509967E-05 1.4943892E+00 1.9099175E+01 -9.3444406E-02
2.6764000E+02 2.7427000E+02 8.6700000E+00 1.9600000E+02 9 5.4860512E+01 2.3443233E-01 6.0469583E-01 -5.4995600E-02 1.1135508E-02 1.0952907E-02 1.0689073E-02 4.7265382E-04 6.4984965E-04 5.9080663E-03 8.8719447E-05 5.8122727E-03 1.1228797E-01 3.3241854E-02 7.3493134E-05 1.4612300E+00 1.9126154E+01 -1.0378198E-01
2.6764000E+02 2.7427000E+02 8.6700000E+00 2.0100000E+02 9 5.4819816E+01 2.4825121E-01 6.4035503E-01 -5.9746299E-02 1.1719870E-02 1.1013318E-02 1.0753701E-02 4.6509877E-04 7.2117251E-04 6.2090964E-03 8.7301327E-05 6.0783780E-03 1.1944031E-01 3.4981821E-02 7.4602292E-05 1.4413445E+00 1.9140959E+01 -1.1097333E-01
2.6764000E+02 2.7427000E+02 8.6700000E+00 2.0600000E+02 9 5.4789488E+01 2.5906191E-01 6.6766274E-01 -6.3259406E-02 1.2232894E-02 1.1064011E-02 1.0808402E-02 4.5791903E-04 7.8097314E-04 6.4728311E-03 8.5953654E-05 6.3118014E-03 1.2471953E-01 3.6509435E-02 7.5585075E-05 1.4292568E+00 1.9148879E+01 -1.1593149E-01
2.6764000E+02 2.7427000E+02 8.6700000E+00 2.1100000E+02 9 5.4766835E+01 2.6746798E-01 6.8855523E-01 -6.5875394E-02 1.2667534E-02 1.1107393E-02 1.0855596E-02 4.5108972E-04 8.2893194E-04 6.6956886E-03 8.4671759E-05 6.5091404E-03 1.2863059E-01 3.7803752E-02 7.6369307E-05 1.4218348E+00 1.9152869E+01 -1.1935833E-01
2.6764000E+02 2.7427000E+02 8.6700000E+00 2.1600000E+02 9 5.4749762E+01 2.7402198E-01 7.0464275E-01 -6.7846604E-02 1.3029928E-02 1.1145596E-02 1.0897429E-02 4.4458789E-04 8.6680546E-04 6.8809842E-03 8.3451334E-05 6.6731148E-03 1.3155708E-01 3.8883045E-02 7.6957656E-05 1.4172598E+00 1.9154600E+01 -1.2174616E-01
2.6764000E+02 2.7427000E+02 8.6700000E+00 2.2100000E+02 9 5.4736731E+01 2.7917164E-01 7.1716525E-01 -6.9354229E-02 1.3330553E-02 1.1180254E-02 1.0935544E-02 4.3839236E-04 8.9666201E-04 7.0342230E-03 8.2288401E-05 6.8085398E-03 1.3377727E-01 3.9778492E-02 7.7379814E-05 1.4144496E+00 1.9155039E+01 -1.2342951E-01
2.6764000E+02 2.7427000E+02 8.6700000E+00 2.2600000E+02 9 5.4726632E+01 2.8326149E-01 7.2704520E-01 -7.0526689E-02 1.3580266E-02 1.1212527E-02 1.0971116E-02 4.3248351E-04 9.2030641E-04 7.1610581E-03 8.1179282E-05 6.9204591E-03 1.3548911E-01 4.0522399E-02 7.7671023E-05 1.4127459E+00 1.9154755E+01 -1.2463314E-01
2.6764000E+02 2.7427000E+02 8.6700000E+00 2.3100000E+02 9 5.4718676E+01 2.8655058E-01 7.3495774E-01 -7.1454634E-02 1.3788732E-02 1.1243199E-02 1.1004937E-02 4.2684320E-04 9.3916993E-04 7.2665054E-03 8.0120568E-05 7.0133760E-03 1.3683234E-01 4.1143520E-02 7.7863327E-05 1.4117413E+00 1.9154085E+01 -1.2550778E-01
2.6764000E+02 2.7427000E+02 8.6700000E+00 2.3600000E+02 9 5.4712301E+01 2.8923105E-01 7.4139355E-01 -7.2202136E-02 1.3963996E-02 1.1272768E-02 1.1037513E-02 4.2145459E-04 9.5435165E-04 7.3547449E-03 7.9109099E-05 7.0910327E-03 1.3790553E-01 4.1665792E-02 7.7982902E-05 1.4111802E+00 1.9153228E+01 -1.2615471E-01
2.6764000E+02 2.7427000E+02 8.6700000E+00 2.4100000E+02 9 5.4707106E+01 2.9144483E-01 7.4670895E-01 -7.2814696E-02 1.4112538E-02 1.1301519E-02 1.1069141E-02 4.1630206E-04 9.6668840E-04 7.4291527E-03 7.8141943E-05 7.1564309E-03 1.3877839E-01 4.2108495E-02 7.8049999E-05 1.4109006E+00 1.9152304E+01 -1.2664232E-01
2.6764000E+02 2.7427000E+02 8.6700000E+00 2.4600000E+02 9 5.4702804E+01 2.9329692E-01 7.5116367E-01 -7.3324869E-02 1.4239490E-02 1.1329596E-02 1.1099970E-02 4.1137108E-04 9.7681732E-04 7.4924103E-03 7.7216375E-05 7.2119391E-03 1.3950054E-01 4.2486902E-02 7.8079844E-05 1.4107988E+00 1.9151381E+01 -1.2701714E-01
2.6764000E+02 2.7427000E+02 8.6700000E+00 2.5100000E+02 9 5.4699187E+01 2.9486538E-01 7.5494820E-01 -7.3756159E-02 1.4348891E-02 1.1357042E-02 1.1130053E-02 4.0664816E-04 9.8522421E-04 7.5466286E-03 7.6329859E-05 7.2594158E-03 1.4010759E-01 4.2813028E-02 7.8083720E-05 1.4108079E+00 1.9150497E+01 -1.2731108E-01
2.6764000E+02 2.7427000E+02 8.6700000E+00 2.5600000E+02 9 5.4696104E+01 2.9620864E-01 7.5820339E-01 -7.4125717E-02 1.4443910E-02 1.1383840E-02 1.1159377E-02 4.0212072E-04 9.9227991E-04 7.5934640E-03 7.5480037E-05 7.3003204E-03 1.4062536E-01 4.3096311E-02 7.8069933E-05 1.4108848E+00 1.9149673E+01 -1.2754626E-01
2.6764000E+02 2.7427000E+02 8.6700000E+00 2.6100000E+02 9 5.4693444E+01 2.9737086E-01 7.6103451E-01 -7.4446207E-02 1.4527046E-02 1.1409937E-02 1.1187899E-02 3.9777707E-04 9.9826761E-04 7.6342168E-03 7.4664713E-05 7.3358048E-03 1.4107276E-01 4.3344186E-02 7.8044589E-05 1.4110011E+00 1.9148919E+01 -1.2773816E-01
2.6764000E+02 2.7427000E+02 8.6700000E+00 2.6400000E+02 9 5.4687319E+01 3.0736556E-01 7.8176409E-01 -7.4623104E-02 1.6033011E-02 1.2311910E-02 1.2091292E-02 3.9523462E-04 1.1277493E-03 8.4030498E-03 7.4187482E-05 8.0567411E-03 1.4132205E-01 4.7836869E-02 8.5148081E-05 1.4477044E+00 1.9106525E+01 -1.2000007E-01
2.6764000E+02 2.7427000E+02 8.6700000E+00 2.6500000E+02 9 5.4682174E+01 3.1694513E-01 8.0160804E-01 -7.4680437E-02 1.7515116E-02 1.3234940E-02 1.3014790E-02 3.9439413E-04 1.2622091E-03 9.1594710E-03 7.4029718E-05 8.7691069E-03 1.4140454E-01 5.2258921E-02 9.1887542E-05 1.4871791E+00 1.9061636E+01 -1.1209080E-01
2.6764000E+02 2.7427000E+02 8.6700000E+00 2.7000000E+02 9 5.4689172E+01 3.0024018E-01 7.6769180E-01 -7.4887162E-02 1.4847625E-02 1.1614648E-02 1.1395667E-02 3.9230058E-04 1.0016153E-03 7.7953611E-03 7.3636748E-05 7.4848625E-03 1.4168331E-01 4.4300634E-02 7.9704904E-05 1.4163658E+00 1.9141163E+01 -1.2681705E-01
2.6764000E+02 2.7427000E+02 8.6700000E+00 2.7500000E+02 9 5.4686124E+01 3.0395335E-01 7.7570838E-01 -7.5073952E-02 1.5377914E-02 1.1944274E-02 1.1726666E-02 3.8984127E-04 1.0557215E-03 8.0650573E-03 7.3175124E-05 7.7376172E-03 1.4194100E-01 4.5882769E-02 8.1514255E-05 1.4287077E+00 1.9127140E+01 -1.2428053E-01
2.6764000E+02 2.7427000E+02 8.6700000E+00 2.8000000E+02 9 5.4683520E+01 3.0694302E-01 7.8226956E-01 -7.5247869E-02 1.5799008E-02 1.2229134E-02 1.2013121E-02 3.8698392E-04 1.0869290E-03 8.2781145E-03 7.2638784E-05 7.9382829E-03 1.4218225E-01 4.7139377E-02 8.3306577E-05 1.4385940E+00 1.9115435E+01 -1.2227876E-01
2.6764000E+02 2.7427000E+02 8.6700000E+00 2.8500000E+02 9 5.4681391E+01 3.0916453E-01 7.8732908E-01 -7.5407899E-02 1.6108929E-02 1.2464576E-02 1.2250159E-02 3.8412349E-04 1.1050682E-03 8.4337554E-03 7.2101868E-05 8.0862111E-03 1.4240430E-01 4.8064513E-02 8.4607414E-05 1.4459684E+00 1.9106590E+01 -1.2081581E-01
2.6764000E+02 2.7427000E+02 8.6700000E+00 2.8900000E+02 9 5.4677759E+01 3.1492404E-01 7.9964756E-01 -7.5527289E-02 1.6986956E-02 1.3059180E-02 1.2845997E-02 3.8191357E-04 1.1713902E-03 8.8797594E-03 7.1687056E-05 8.5081479E-03 1.4257113E-01 5.0684662E-02 8.8688330E-05 1.4687140E+00 1.9080195E+01 -1.1619953E-01
2.6764000E+02 2.7427000E+02 8.6700000E+00 2.9000000E+02 9 5.4670497E+01 3.2911840E-01 8.2933580E-01 -7.5556604E-02 1.9219221E-02 1.4507368E-02 1.4294490E-02 3.8136677E-04 1.3805393E-03 1.0017864E-02 7.1584419E-05 9.5836972E-03 1.4261543E-01 5.7345777E-02 9.8274360E-05 1.5321854E+00 1.9008663E+01 -1.0405497E-01
2.6764000E+02 2.7427000E+02 8.6700000E+00 2.9500000E+02 9 5.4730835E+01 2.9766830E-01 7.5284647E-01 -6.9329721E-02 1.6266394E-02 1.2701474E-02 1.2490047E-02 3.7876798E-04 1.0841193E-03 8.5072993E-03 7.1096613E-05 8.1619184E-03 1.3319428E-01 4.8535603E-02 8.5403509E-05 1.4941365E+00 1.9056389E+01 -1.0708902E-01
2.6764000E+02 2.7427000E+02 8.6700000E+00 3.0000000E+02 9 5.4796161E+01 2.8070623E-01 7.0411303E-01 -6.1395481E-02 1.6179734E-02 1.2830414E-02 1.2620377E-02 3.7627848E-04 1.0780667E-03 8.4553657E-03 7.0629322E-05 8.1257441E-03 1.2120216E-01 4.8279755E-02 8.4406574E-05 1.5585413E+00 1.8991447E+01 -9.0798350E-02
2.6764000E+02 2.7427000E+02 8.6700000E+00 3.0100000E+02 9 5.4801599E+01 2.9302780E-01 7.2849367E-01 -5.9779919E-02 1.8720250E-02 1.4750593E-02 1.4540831E-02 3.7578474E-04 1.2976759E-03 9.7425268E-03 7.0536643E-05 9.3601166E-03 1.1876551E-01 5.5864733E-02 9.5460717E-05 1.6724318E+00 1.8867218E+01 -7.3080679E-02
2.6764000E+02 2.7427000E+02 8.6700000E+00 3.0200000E+02 9 5.4815228E+01 2.8884670E-01 7.1712026E-01 -5.8169218E-02 1.8583544E-02 1.4745972E-02 1.4536484E-02 3.7529493E-04 1.2478057E-03 9.6701561E-03 7.0444704E-05 9.2966947E-03 1.1633197E-01 5.5457825E-02 9.6011207E-05 1.6862889E+00 1.8851853E+01 -7.0375722E-02
2.6764000E+02 2.7427000E+02 8.6700000E+00 3.0300000E+02 9 5.4828843E+01 2.8439894E-01 7.0538651E-01 -5.6578278E-02 1.8407719E-02 1.4728072E-02 1.4519442E-02 3.7375824E-04 1.2081305E-03 9.5767852E-03 7.0156260E-05 9.2140579E-03 1.1393131E-01 5.4934322E-02 9.5581056E-05 1.6992156E+00 1.8838617E+01 -6.7894913E-02
2.6764000E+02 2.7427000E+02 8.6700000E+00 3.0800000E+02 9 5.4892624E+01 2.5088154E-01 6.2410419E-01 -5.0013620E-02 1.5246196E-02 1.2759017E-02 1.2555129E-02 3.6526115E-04 9.4274031E-04 7.9552933E-03 6.8561315E-05 7.6878395E-03 1.0401490E-01 4.5501366E-02 7.9975288E-05 1.6449909E+00 1.8905382E+01 -7.1440103E-02
2.6764000E+02 2.7427000E+02 8.6700000E+00 3.1300000E+02 9 5.4936241E+01 2.3667193E-01 5.8707014E-01 -4.4922917E-02 1.4719322E-02 1.2744553E-02 1.2546232E-02 3.5528900E-04 8.7635129E-04 7.6697013E-03 6.6689493E-05 7.4389379E-03 9.6331401E-02 4.3933656E-02 7.6848933E-05 1.6887546E+00 1.8862427E+01 -6.3222522E-02
2.6764000E+02 2.7427000E+02 8.6700000E+00 3.1800000E+02 9 5.4969671E+01 2.2529406E-01 5.5800924E-01 -4.1058413E-02 1.4236995E-02 1.2745031E-02 1.2552587E-02 3.4476053E-04 8.0076411E-04 7.4074836E-03 6.4713247E-05 7.2098058E-03 9.0501049E-02 4.2498351E-02 7.4605941E-05 1.7228932E+00 1.8828243E+01 -5.7330344E-02
2.6764000E+02 2.7427000E+02 8.6700000E+00 3.2300000E+02 9 5.4995226E+01 2.1608475E-01 5.3510549E-01 -3.8142815E-02 1.3789927E-02 1.2747114E-02 1.2560520E-02 3.3427981E-04 7.3421322E-04 7.1645596E-03 6.2745965E-05 6.9961160E-03 8.6104124E-02 4.1167642E-02 7.2676679E-05 1.7478082E+00 1.8803142E+01 -5.3233750E-02
2.6764000E+02 2.7427000E+02 8.6700000E+00 3.2800000E+02 9 5.5014807E+01 2.0860969E-01 5.1699852E-01 -3.5940492E-02 1.3384026E-02 1.2748090E-02 1.2567133E-02 3.2418124E-04 6.7966555E-04 6.9443472E-03 6.0850412E-05 6.8007712E-03 8.2784348E-02 3.9959136E-02 7.0960604E-05 1.7651296E+00 1.8785645E+01 -5.0424543E-02
2.6764000E+02 2.7427000E+02 8.6700000E+00 3.2900000E+02 9 5.5012516E+01 2.1918105E-01 5.4151761E-01 -3.5526753E-02 1.5334217E-02 1.4630053E-02 1.4450214E-02 3.2217910E-04 7.4758636E-04 7.9224087E-03 6.0474602E-05 7.7578910E-03 8.2166067E-02 4.5785340E-02 8.0081136E-05 1.9094367E+00 1.8631461E+01 -3.7852581E-02
2.6764000E+02 2.7427000E+02 8.6700000E+00 3.3000000E+02 9 5.5016154E+01 2.1750274E-01 5.3759113E-01 -3.5138022E-02 1.5207084E-02 1.4596564E-02 1.4417831E-02 3.2019653E-04 7.3201854E-04 7.8555605E-03 6.0102463E-05 7.6959120E-03 8.1580958E-02 4.5406150E-02 8.0501404E-05 1.9099818E+00 1.8629605E+01 -3.7655349E-02
2.6764000E+02 2.7427000E+02 8.6700000E+00 3.3500000E+02 9 5.5008388E+01 2.0872206E-01 5.1520197E-01 -3.4186580E-02 1.2702721E-02 1.2627193E-02 1.2453655E-02 3.1088971E-04 6.0872058E-04 6.5813943E-03 5.8355528E-05 6.4703374E-03 8.4423950E-02 3.7928578E-02 6.8397408E-05 1.6889999E+00 1.8861971E+01 -5.8568625E-02
2.6764000E+02 2.7427000E+02 8.6700000E+00 3.4000000E+02 9 5.4983336E+01 2.1836353E-01 5.3364643E-01 -3.3707809E-02 1.2700088E-02 1.2622720E-02 1.2454018E-02 3.0222688E-04 6.2952617E-04 6.5757397E-03 5.6729471E-05 6.4608074E-03 8.9046056E-02 3.7920032E-02 6.7968487E-05 1.6182086E+00 1.8933455E+01 -6.8407821E-02
2.6764000E+02 2.7427000E+02 8.6700000E+00 3.4500000E+02 9 5.4958838E+01 2.2919648E-01 5.5412172E-01 -3.3413104E-02 1.2957844E-02 1.2640278E-02 1.2476057E-02 2.9420009E-04 6.7552192E-04 6.7075326E-03 5.5222803E-05 6.5721816E-03 9.3390472E-02 3.8686782E-02 6.9055927E-05 1.5695878E+00 1.8982023E+01 -7.6386620E-02
2.6764000E+02 2.7427000E+02 8.6700000E+00 3.5000000E+02 9 5.4938470E+01 2.3906228E-01 5.7245849E-01 -3.3190622E-02 1.3314013E-02 1.2660296E-02 1.2500218E-02 2.8677703E-04 7.2467708E-04 6.8914704E-03 5.3829459E-05 6.7295812E-03 9.6906040E-02 3.9746579E-02 7.0609395E-05 1.5380543E+00 1.9013368E+01 -8.2212864E-02
2.6764000E+02 2.7427000E+02 8.6700000E+00 3.5500000E+02 9 5.4922535E+01 2.4734723E-01 5.8762071E-01 -3.3001218E-02 1.3680984E-02 1.2676957E-02 1.2520710E-02 2.7991405E-04 7.7157434E-04 7.0811832E-03 5.2541244E-05 6.8927181E-03 9.9597143E-02 4.0838624E-02 7.2185603E-05 1.5177654E+00 1.9033480E+01 -8.6302042E-02
2.6764000E+02 2.7427000E+02 8.6700000E+00 3.6000000E+02 9 5.4910373E+01 2.5405838E-01 5.9972905E-01 -3.2831528E-02 1.4018927E-02 1.2689309E-02 1.2536607E-02 2.7356367E-04 8.1389632E-04 7.2555556E-03 5.1349247E-05 7.0432730E-03 1.0161285E-01 4.1844349E-02 7.3607684E-05 1.5046266E+00 1.9046483E+01 -8.9132786E-02
2.6764000E+02 2.7427000E+02 8.6700000E+00 3.6500000E+02 9 5.4901178E+01 2.5940681E-01 6.0924863E-01 -3.2676883E-02 1.4313639E-02 1.2697840E-02 1.2548423E-02 2.6767874E-04 8.5042254E-04 7.4071356E-03 5.0244616E-05 7.1745900E-03 1.0311161E-01 4.2721468E-02 7.4819472E-05 1.4960255E+00 1.9054986E+01 -9.1087762E-02
2.6764000E+02 2.7427000E+02 8.6700000E+00 3.7000000E+02 9 5.4894236E+01 2.6364427E-01 6.1668946E-01 -3.2535451E-02 1.4563407E-02 1.2703359E-02 1.2556992E-02 2.6221454E-04 8.8062741E-04 7.5351569E-03 4.9218959E-05 7.2856770E-03 1.0422578E-01 4.3464878E-02 7.5819554E-05 1.4903217E+00 1.9060623E+01 -9.2442718E-02
2.6764000E+02 2.7427000E+02 8.6700000E+00 3.7500000E+02 9 5.4888979E+01 2.6700181E-01 6.2250558E-01 -3.2406260E-02 1.4771975E-02 1.2706642E-02 1.2563113E-02 2.5712979E-04 9.0499939E-04 7.6417313E-03 4.8264526E-05 7.3780559E-03 1.0505743E-01 4.4085706E-02 7.6629784E-05 1.4864876E+00 1.9064412E+01 -9.3388420E-02
2.6764000E+02 2.7427000E+02 8.6700000E+00 3.8000000E+02 9 5.4884973E+01 2.6967232E-01 6.2706940E-01 -3.2288540E-02 1.4944980E-02 1.2708343E-02 1.2567461E-02 2.5238693E-04 9.2450870E-04 7.7299206E-03 4.7374268E-05 7.4541777E-03 1.0568258E-01 4.4600723E-02 7.7279660E-05 1.4838739E+00 1.9066996E+01 -9.4054859E-02
2.6764000E+02 2.7427000E+02 8.6700000E+00 3.8500000E+02 9 5.4881896E+01 2.7181033E-01 6.3067414E-01 -3.2181523E-02 1.5088269E-02 1.2708968E-02 1.2570562E-02 2.4795215E-04 9.4000986E-04 7.8028325E-03 4.6541838E-05 7.5166584E-03 1.0615691E-01 4.5027317E-02 7.7798818E-05 1.4820624E+00 1.9068790E+01 -9.4530342E-02
2.6764000E+02 2.7427000E+02 8.6700000E+00 3.9000000E+02 9 5.4879508E+01 2.7353617E-01 6.3354561E-01 -3.2084409E-02 1.5207172E-02 1.2708892E-02 1.2572806E-02 2.4379515E-04 9.5234840E-04 7.8632549E-03 4.5761549E-05 7.5679284E-03 1.0652084E-01 4.5381340E-02 7.8213753E-05 1.4807834E+00 1.9070058E+01 -9.4874623E-02
2.6764000E+02 2.7427000E+02 8.6700000E+00 3.9500000E+02 9 5.4877632E+01 2.7494295E-01 6.3585567E-01 -3.1996380E-02 1.5306262E-02 1.2708377E-02 1.2574472E-02 2.3988891E-04 9.6210686E-04 7.9135456E-03 4.5028327E-05 7.6101063E-03 1.0680360E-01 4.5676394E-02 7.8546726E-05 1.4798594E+00 1.9070979E+01 -9.5128312E-02
2.6764000E+02 2.7427000E+02 8.6700000E+00 4.0000000E+02 9 5.4876141E+01 2.7610164E-01 6.3773437E-01 -3.1916631E-02 1.5389336E-02 1.2707594E-02 1.2575743E-02 2.3620931E-04 9.6985448E-04 7.9556390E-03 4.4337650E-05 7.6449745E-03 1.0702630E-01 4.5923779E-02 7.8815735E-05 1.4791753E+00 1.9071664E+01 -9.5318882E-02
2.6764000E+02 2.7427000E+02 8.6700000E+00 4.0500000E+02 9 5.4874941E+01 2.7706643E-01 6.3927985E-01 -3.1844389E-02 1.5459482E-02 1.2706648E-02 1.2576737E-02 2.3273494E-04 9.7602753E-04 7.9910927E-03 4.3685493E-05 7.6739937E-03 1.0720426E-01 4.6132678E-02 7.9034932E-05 1.4786549E+00 1.9072189E+01 -9.5465081E-02
2.6764000E+02 2.7427000E+02 8.6700000E+00 4.1000000E+02 9 5.4873960E+01 2.7787836E-01 6.4056605E-01 -3.1778928E-02 1.5519166E-02 1.2705597E-02 1.2577521E-02 2.2944670E-04 9.8103666E-04 8.0211426E-03 4.3068274E-05 7.6983375E-03 1.0734858E-01 4.6310432E-02 7.9215248E-05 1.4782484E+00 1.9072603E+01 -9.5579746E-02
2.6764000E+02 2.7427000E+02 8.6700000E+00 4.1200000E+02 9 5.4866936E+01 2.9155185E-01 6.6882326E-01 -3.1753783E-02 1.7644611E-02 1.4059527E-02 1.3932169E-02 2.2816002E-04 1.1587946E-03 9.1065161E-03 4.2826758E-05 8.7194830E-03 1.0740554E-01 5.2652548E-02 8.8929899E-05 1.5478251E+00 1.8994919E+01 -8.4209766E-02
2.6764000E+02 2.7427000E+02 8.6700000E+00 4.1700000E+02 9 5.4873420E+01 2.7768275E-01 6.3974430E-01 -3.1696773E-02 1.5411299E-02 1.2613883E-02 1.2488230E-02 2.2510600E-04 9.5661657E-04 7.9647099E-03 4.2253504E-05 7.6415207E-03 1.0751121E-01 4.5988321E-02 7.8954930E-05 1.4723173E+00 1.9078778E+01 -9.6637819E-02
2.6764000E+02 2.7427000E+02 8.6700000E+00 4.2200000E+02 9 5.4872746E+01 2.7832417E-01 6.4079621E-01 -3.1645024E-02 1.5468836E-02 1.2612785E-02 1.2488754E-02 2.2220025E-04 9.7376990E-04 7.9936340E-03 4.1708080E-05 7.6654054E-03 1.0760327E-01 4.6159678E-02 7.8764192E-05 1.4726384E+00 1.9078845E+01 -9.6629714E-02
2.6764000E+02 2.7427000E+02 8.6700000E+00 4.2700000E+02 9 5.4872066E+01 2.7909111E-01 6.4207234E-01 -3.1598004E-02 1.5547274E-02 1.2625927E-02 1.2503442E-02 2.1942991E-04 9.8422829E-04 8.0333598E-03 4.1188073E-05 7.6994041E-03 1.0768199E-01 4.6393386E-02 7.9022868E-05 1.4736454E+00 1.9077760E+01 -9.6482557E-02
2.6764000E+02 2.7427000E+02 8.6700000E+00 4.2900000E+02 9 5.4865109E+01 2.9282789E-01 6.7043544E-01 -3.1579921E-02 1.7689096E-02 1.3981737E-02 1.3859859E-02 2.1834265E-04 1.1654046E-03 9.1275866E-03 4.0983990E-05 8.7281661E-03 1.0771554E-01 5.2784255E-02 8.8829883E-05 1.5433860E+00 1.8999868E+01 -8.4984209E-02
2.6764000E+02 2.7427000E+02 8.6700000E+00 4.3000000E+02 9 5.4862979E+01 2.9699518E-01 6.7903731E-01 -3.1571056E-02 1.8332824E-02 1.4411932E-02 1.4290355E-02 2.1780415E-04 1.2025673E-03 9.4558582E-03 4.0882910E-05 9.0377749E-03 1.0773133E-01 5.4705264E-02 9.2180238E-05 1.5660226E+00 1.8974117E+01 -8.1513417E-02
2.6764000E+02 2.7427000E+02 8.6700000E+00 4.3500000E+02 9 5.4870231E+01 2.8192229E-01 6.4763718E-01 -3.1543128E-02 1.5935871E-02 1.2864705E-02 1.2745640E-02 2.1330381E-04 9.9144107E-04 8.2288793E-03 4.0038175E-05 7.8806020E-03 1.0779959E-01 4.7552711E-02 8.1240387E-05 1.4837814E+00 1.9065798E+01 -9.4713197E-02
2.6764000E+02 2.7427000E+02 8.6700000E+00 4.3600000E+02 9 5.4860899E+01 3.0054248E-01 6.8655236E-01 -3.1537727E-02 1.8870946E-02 1.4782041E-02 1.4663472E-02 2.1241476E-04 1.2670795E-03 9.7264771E-03 3.9871295E-05 9.2936666E-03 1.0781845E-01 5.6311620E-02 9.3121682E-05 1.5853507E+00 1.8954394E+01 -7.8734829E-02
2.6764000E+02 2.7427000E+02 8.6700000E+00 4.3700000E+02 9 5.4862628E+01 3.0077726E-01 6.8597984E-01 -3.1081786E-02 1.8937985E-02 1.4829791E-02 1.4711707E-02 2.1154530E-04 1.2409281E-03 9.7604355E-03 3.9708093E-05 9.3249023E-03 1.0745186E-01 5.6511502E-02 9.4389499E-05 1.5881609E+00 1.8950111E+01 -7.8108168E-02
2.6764000E+02 2.7427000E+02 8.6700000E+00 4.3800000E+02 9 5.4867357E+01 3.0035183E-01 6.8290125E-01 -2.9990788E-02 1.8977442E-02 1.4864048E-02 1.4746463E-02 2.1065080E-04 1.2245665E-03 9.7800313E-03 3.9540191E-05 9.3431732E-03 1.0654754E-01 5.6629217E-02 9.5102196E-05 1.5917098E+00 1.8945690E+01 -7.7161582E-02
2.6764000E+02 2.7427000E+02 8.6700000E+00 4.4300000E+02 9 5.4932103E+01 2.7542053E-01 6.0674781E-01 -1.7482704E-02 1.6399379E-02 1.3197072E-02 1.3080372E-02 2.0906592E-04 1.0035208E-03 8.4621817E-03 3.9242701E-05 8.1013120E-03 9.6027049E-02 4.8936207E-02 8.3685222E-05 1.5220273E+00 1.9024858E+01 -8.2462492E-02
2.6764000E+02 2.7427000E+02 8.6700000E+00 4.4400000E+02 9 5.4935729E+01 2.9079384E-01 6.3411190E-01 -1.4785483E-02 1.9137075E-02 1.5082185E-02 1.4965669E-02 2.0873510E-04 1.2359861E-03 9.8566543E-03 3.9180604E-05 9.4231454E-03 9.3762640E-02 5.7107449E-02 9.4917051E-05 1.6381119E+00 1.8898817E+01 -6.5495866E-02
2.6764000E+02 2.7427000E+02 8.6700000E+00 4.4500000E+02 9 5.4948410E+01 2.8894238E-01 6.2472603E-01 -1.1976949E-02 1.9138550E-02 1.5106275E-02 1.4989980E-02 2.0834082E-04 1.2014870E-03 9.8568858E-03 3.9106597E-05 9.4238558E-03 9.1399973E-02 5.7111921E-02 9.5937333E-05 1.6457632E+00 1.8889680E+01 -6.3522472E-02
2.6764000E+02 2.7427000E+02 8.6700000E+00 4.5000000E+02 9 5.5009319E+01 2.6624961E-01 5.5456768E-01 -1.3347992E-04 1.6847196E-02 1.3634267E-02 1.3518849E-02 2.0676769E-04 1.0040764E-03 8.6855835E-03 3.8811312E-05 8.3197790E-03 8.1425988E-02 5.0274250E-02 8.6007662E-05 1.5767163E+00 1.8966989E+01 -6.7693607E-02
2.6764000E+02 2.7427000E+02 8.6700000E+00 4.5300000E+02 9 5.5034263E+01 2.7071479E-01 5.5211663E-01 6.3550492E-03 1.8282082E-02 1.4767943E-02 1.4653036E-02 2.0585382E-04 1.0698459E-03 9.4124982E-03 3.8639774E-05 9.0162821E-03 7.5967607E-02 5.4558551E-02 9.2342288E-05 1.6635438E+00 1.8873656E+01 -5.5051894E-02
2.6764000E+02 2.7427000E+02 8.6700000E+00 4.5400000E+02 9 5.5040016E+01 2.7677074E-01 5.6141178E-01 8.4501266E-03 1.9485764E-02 1.5753916E-02 1.5639183E-02 2.0554359E-04 1.0995985E-03 1.0021667E-02 3.8581543E-05 9.6020165E-03 7.4206975E-02 5.8152915E-02 9.7653559E-05 1.7402640E+00 1.8791239E+01 -4.6731224E-02
2.6764000E+02 2.7427000E+02 8.6700000E+00 4.5900000E+02 9 5.5093670E+01 2.5212335E-01 4.9097483E-01 1.8337412E-02 1.6676999E-02 1.3906199E-02 1.3792613E-02 2.0348758E-04 9.0445628E-04 8.5877527E-03 3.8195620E-05 8.2461304E-03 6.5889220E-02 4.9770353E-02 8.5339366E-05 1.6224781E+00 1.8919717E+01 -5.5127990E-02
2.6764000E+02 2.7427000E+02 8.6700000E+00 4.6400000E+02 9 5.5130210E+01 2.4465873E-01 4.6127467E-01 2.6186529E-02 1.6392579E-02 1.3933563E-02 1.3820908E-02 2.0182045E-04 8.5258969E-04 8.4369699E-03 3.7882691E-05 8.1133978E-03 5.9294529E-02 4.8923609E-02 8.3643049E-05 1.6355339E+00 1.8907153E+01 -5.0856853E-02
2.6764000E+02 2.7427000E+02 8.6700000E+00 4.6900000E+02 9 5.5158789E+01 2.3868086E-01 4.3797270E-01 3.2312977E-02 1.6154585E-02 1.3982118E-02 1.3870133E-02 2.0062083E-04 8.0548053E-04 8.3105189E-03 3.7657517E-05 8.0028553E-03 5.4151174E-02 4.8215015E-02 8.2563819E-05 1.6464372E+00 1.8896098E+01 -4.7550713E-02
2.6764000E+02 2.7427000E+02 8.6700000E+00 4.7400000E+02 9 5.5181277E+01 2.3370327E-01 4.1933104E-01 3.7105609E-02 1.5930094E-02 1.4031719E-02 1.3920264E-02 1.9967018E-04 7.6537711E-04 8.1910928E-03 3.7479076E-05 7.8989011E-03 5.0132055E-02 4.7546447E-02 8.1644754E-05 1.6541854E+00 1.8888071E+01 -4.5109457E-02
2.6764000E+02 2.7427000E+02 8.6700000E+00 4.7900000E+02 9 5.5199087E+01 2.2949689E-01 4.0424309E-01 4.0874441E-02 1.5715181E-02 1.4074708E-02 1.3963719E-02 1.9883587E-04 7.3232677E-04 8.0767324E-03 3.7322471E-05 7.7994162E-03 4.6976161E-02 4.6906198E-02 8.0787047E-05 1.6590204E+00 1.8882965E+01 -4.3348177E-02
2.6764000E+02 2.7427000E+02 8.6700000E+00 4.8100000E+02 9 5.5200459E+01 2.3812738E-01 4.2121154E-01 4.2236027E-02 1.7295132E-02 1.5435995E-02 1.5325184E-02 1.9851482E-04 7.7536239E-04 8.8755053E-03 3.7262207E-05 8.5691071E-03 4.5840854E-02 5.1623983E-02 8.8271841E-05 1.7807277E+00 1.8753044E+01 -3.3293193E-02
2.6764000E+02 2.7427000E+02 8.6700000E+00 4.8200000E+02 9 5.5202123E+01 2.4019121E-01 4.2504953E-01 4.2882444E-02 1.7724836E-02 1.5874153E-02 1.5763431E-02 1.9835686E-04 7.8054520E-04 9.0913316E-03 3.7232558E-05 8.7799187E-03 4.5301710E-02 5.2907409E-02 9.0706989E-05 1.8243396E+00 1.8706244E+01 -3.0241183E-02
2.6764000E+02 2.7427000E+02 8.6700000E+00 4.8700000E+02 9 5.5222923E+01 2.2110470E-01 3.7918595E-01 4.5598311E-02 1.4971021E-02 1.3859982E-02 1.3749885E-02 1.9723578E-04 6.7265260E-04 7.6899858E-03 3.7022127E-05 7.4460397E-03 4.3031254E-02 4.4686309E-02 7.7912315E-05 1.6376829E+00 1.8905135E+01 -4.3629725E-02
2.6764000E+02 2.7427000E+02 8.6700000E+00 4.9200000E+02 9 5.5233554E+01 2.1780050E-01 3.6856342E-01 4.7764541E-02 1.4702483E-02 1.3754462E-02 1.3644913E-02 1.9625587E-04 6.5785381E-04 7.5510590E-03 3.6838191E-05 7.3172246E-03 4.1228459E-02 4.3885054E-02 7.6185009E-05 1.6310813E+00 1.8912916E+01 -4.3482219E-02
2.6764000E+02 2.7427000E+02 8.6700000E+00 4.9700000E+02 9 5.5241872E+01 2.1554975E-01 3.6075289E-01 4.9503027E-02 1.4542520E-02 1.3689047E-02 1.3579980E-02 1.9539114E-04 6.4759732E-04 7.4687137E-03 3.6675878E-05 7.2395736E-03 3.9785578E-02 4.3407539E-02 7.5409975E-05 1.6285557E+00 1.8915726E+01 -4.3107656E-02
2.6764000E+02 2.7427000E+02 8.6700000E+00 5.0200000E+02 9 5.5248561E+01 2.1383943E-01 3.5460356E-01 5.0916623E-02 1.4427189E-02 1.3640834E-02 1.3532242E-02 1.9453944E-04 6.3800187E-04 7.4095929E-03 3.6516009E-05 7.1829902E-03 3.8616118E-02 4.3063205E-02 7.4937881E-05 1.6271417E+00 1.8917184E+01 -4.2742616E-02
2.6764000E+02 2.7427000E+02 8.6700000E+00 5.0500000E+02 9 5.5248705E+01 2.1974857E-01 3.6627286E-01 5.1666087E-02 1.5477444E-02 1.4479072E-02 1.4370770E-02 1.9402060E-04 6.7388504E-04 7.9428299E-03 3.6418621E-05 7.6915227E-03 3.8000269E-02 4.6198463E-02 8.0150254E-05 1.7011112E+00 1.8837784E+01 -3.6314230E-02
2.6764000E+02 2.7427000E+02 8.6700000E+00 5.0600000E+02 9 5.5246615E+01 2.2592030E-01 3.7960969E-01 5.1905573E-02 1.6517022E-02 1.5356482E-02 1.5248278E-02 1.9384645E-04 6.9939391E-04 8.4691653E-03 3.6385933E-05 8.1972101E-03 3.7805351E-02 4.9302578E-02 8.5019673E-05 1.7872574E+00 1.8746344E+01 -3.0195468E-02
2.6764000E+02 2.7427000E+02 8.6700000E+00 5.1100000E+02 9 5.5259527E+01 2.0866491E-01 3.4020555E-01 5.2955783E-02 1.3838333E-02 1.3304765E-02 1.3197133E-02 1.9282064E-04 6.0315346E-04 7.1091039E-03 3.6193383E-05 6.8965391E-03 3.6937367E-02 4.1305320E-02 7.2664797E-05 1.6005238E+00 1.8944987E+01 -4.4485623E-02
2.6764000E+02 2.7427000E+02 8.6700000E+00 5.1600000E+02 9 5.5263781E+01 2.0733547E-01 3.3548240E-01 5.3833175E-02 1.3707233E-02 1.3165550E-02 1.3058428E-02 1.9190705E-04 6.0276181E-04 7.0440875E-03 3.6021898E-05 6.8299312E-03 3.6218664E-02 4.0913551E-02 7.1572150E-05 1.5947831E+00 1.8951821E+01 -4.4727602E-02
2.6764000E+02 2.7427000E+02 8.6700000E+00 5.2100000E+02 9 5.5267142E+01 2.0664710E-01 3.3228172E-01 5.4572027E-02 1.3657169E-02 1.3072986E-02 1.2966321E-02 1.9108855E-04 6.0252481E-04 7.0206634E-03 3.5868261E-05 6.8022420E-03 3.5615639E-02 4.0763571E-02 7.1281309E-05 1.5929257E+00 1.8953957E+01 -4.4643161E-02
2.6764000E+02 2.7427000E+02 8.6700000E+00 5.2600000E+02 9 5.5269948E+01 2.0617265E-01 3.2975338E-01 5.5202978E-02 1.3629322E-02 1.3002447E-02 1.2896234E-02 1.9027728E-04 6.0060797E-04 7.0082969E-03 3.5715981E-05 6.7856128E-03 3.5102830E-02 4.0680023E-02 7.1179804E-05 1.5920479E+00 1.8954907E+01 -4.4499950E-02
2.6764000E+02 2.7427000E+02 8.6700000E+00 5.3100000E+02 9 5.5272359E+01 2.0577355E-01 3.2759076E-01 5.5748340E-02 1.3606031E-02 1.2943716E-02 1.2837971E-02 1.8944151E-04 5.9771327E-04 6.9979620E-03 3.5559103E-05 6.7714926E-03 3.4661619E-02 4.0610181E-02 7.1108663E-05 1.5913004E+00 1.8955677E+01 -4.4373797E-02
2.6764000E+02 2.7427000E+02 8.6700000E+00 5.3600000E+02 9 5.5274466E+01 2.0541159E-01 3.2568126E-01 5.6224634E-02 1.3583299E-02 1.2892411E-02 1.2787148E-02 1.8857763E-04 5.9483169E-04 6.9876776E-03 3.5396949E-05 6.7578720E-03 3.4278127E-02 4.0542078E-02 7.1033090E-05 1.5905085E+00 1.8956484E+01 -4.4277258E-02
2.6764000E+02 2.7427000E+02 8.6700000E+00 5.4100000E+02 9 5.5276323E+01 2.0508012E-01 3.2397600E-01 5.6644356E-02 1.3560940E-02 1.2846408E-02 1.2741640E-02 1.8768981E-04 5.9206936E-04 6.9774011E-03 3.5230301E-05 6.7446012E-03 3.3941823E-02 4.0475131E-02 7.0950528E-05 1.5896640E+00 1.8957345E+01 -4.4206610E-02
2.6764000E+02 2.7427000E+02 8.6700000E+00 5.4600000E+02 9 5.5277970E+01 2.0477805E-01 3.2244606E-01 5.7017133E-02 1.3539470E-02 1.2804511E-02 1.2700249E-02 1.8678314E-04 5.8962496E-04 6.9674251E-03 3.5060113E-05 6.7318980E-03 3.3644594E-02 4.0410862E-02 7.0864976E-05 1.5888008E+00 1.8958226E+01 -4.4155326E-02
2.6764000E+02 2.7427000E+02 8.6700000E+00 5.5100000E+02 9 5.5279441E+01 2.0450519E-01 3.2106989E-01 5.7350489E-02 1.3519344E-02 1.2765955E-02 1.2662207E-02 1.8586209E-04 5.8750500E-04 6.9580040E-03 3.4887229E-05 6.7199616E-03 3.3380100E-02 4.0350621E-02 7.0780430E-05 1.5879469E+00 1.8959097E+01 -4.4117905E-02
2.6764000E+02 2.7427000E+02 8.6700000E+00 5.5600000E+02 9 5.5280759E+01 2.0426048E-01 3.1982924E-01 5.7650390E-02 1.3500807E-02 1.2730201E-02 1.2626974E-02 1.8493043E-04 5.8570417E-04 6.9492913E-03 3.4712351E-05 6.7088850E-03 3.3143320E-02 4.0295136E-02 7.0699480E-05 1.5871211E+00 1.8959940E+01 -4.4090334E-02
2.6764000E+02 2.7427000E+02 8.6700000E+00 5.6100000E+02 9 5.5281946E+01 2.0404212E-01 3.1870793E-01 5.7921623E-02 1.3483925E-02 1.2696846E-02 1.2594143E-02 1.8399130E-04 5.8413545E-04 6.9413363E-03 3.4536072E-05 6.6986862E-03 3.2930231E-02 4.0244597E-02 7.0623482E-05 1.5863311E+00 1.8960745E+01 -4.4069960E-02
2.6764000E+02 2.7427000E+02 8.6700000E+00 5.6600000E+02 9 5.5283020E+01 2.0384811E-01 3.1769189E-01 5.8168077E-02 1.3468664E-02 1.2665574E-02 1.2563398E-02 1.8304735E-04 5.8271470E-04 6.9341407E-03 3.4358888E-05 6.6893344E-03 3.2737568E-02 4.0198906E-02 7.0552950E-05 1.5855796E+00 1.8961511E+01 -4.4054967E-02
2.6764000E+02 2.7427000E+02 8.6700000E+00 5.7100000E+02 9 5.5283994E+01 2.0367591E-01 3.1676856E-01 5.8392944E-02 1.3454917E-02 1.2636130E-02 1.2534482E-02 1.8210082E-04 5.8143860E-04 6.9276568E-03 3.4181220E-05 6.6807719E-03 3.2562654E-02 4.0157738E-02 7.0487866E-05 1.5848671E+00 1.8962235E+01 -4.4044125E-02
2.6764000E+02 2.7427000E+02 8.6700000E+00 5.7600000E+02 9 5.5284881E+01 2.0352319E-01 3.1592716E-01 5.8598874E-02 1.3442557E-02 1.2608302E-02 1.2507182E-02 1.8115361E-04 5.8029678E-04 6.9218295E-03 3.4003424E-05 6.6729310E-03 3.2403270E-02 4.0120716E-02 7.0427944E-05 1.5841926E+00 1.8962920E+01 -4.4036571E-02
2.6764000E+02 2.7427000E+02 8.6700000E+00 5.8100000E+02 9 5.5285691E+01 2.0338787E-01 3.1515834E-01 5.8788091E-02 1.3431453E-02 1.2581914E-02 1.2481323E-02 1.8020731E-04 5.7926022E-04 6.9166024E-03 3.3825798E-05 6.6657403E-03 3.2257559E-02 4.0087448E-02 7.0372779E-05 1.5835534E+00 1.8963569E+01 -4.4031706E-02
2.6764000E+02 2.7427000E+02 8.6700000E+00 5.8200000E+02 9 5.5278425E+01 2.1825689E-01 3.4704199E-01 5.8825282E-02 1.5823459E-02 1.4363816E-02 1.4263330E-02 1.8001810E-04 6.6664741E-04 8.1335129E-03 3.3790282E-05 7.8229468E-03 3.2233985E-02 4.7228222E-02 8.0939329E-05 1.7505540E+00 1.8786576E+01 -3.0750194E-02
2.6764000E+02 2.7427000E+02 8.6700000E+00 5.8700000E+02 9 5.5286731E+01 2.0294187E-01 3.1383440E-01 5.9004138E-02 1.3379367E-02 1.2546760E-02 1.2447656E-02 1.7754363E-04 5.7532009E-04 6.8891949E-03 3.3325813E-05 6.6376323E-03 3.2102143E-02 3.9931850E-02 7.0352512E-05 1.5808426E+00 1.8966109E+01 -4.4218266E-02
2.6764000E+02 2.7427000E+02 8.6700000E+00 5.9200000E+02 9 5.5287261E+01 2.0318368E-01 3.1384293E-01 5.9178315E-02 1.3421385E-02 1.2547595E-02 1.2449865E-02 1.7508093E-04 5.7913703E-04 6.9100874E-03 3.2863551E-05 6.6549241E-03 3.1979231E-02 4.0057188E-02 7.0133179E-05 1.5828829E+00 1.8964402E+01 -4.3971655E-02
2.6764000E+02 2.7427000E+02 8.6700000E+00 5.9700000E+02 9 5.5287747E+01 2.0345982E-01 3.1389440E-01 5.9346128E-02 1.3465408E-02 1.2545796E-02 1.2449448E-02 1.7260723E-04 5.8134144E-04 6.9321141E-03 3.2399227E-05 6.6730177E-03 3.1862049E-02 4.0188435E-02 7.0257756E-05 1.5848921E+00 1.8962325E+01 -4.3728405E-02
2.6764000E+02 2.7427000E+02 8.6700000E+00 6.0200000E+02 9 5.5288234E+01 2.0366361E-01 3.1382307E-01 5.9505291E-02 1.3497550E-02 1.2538868E-02 1.2443904E-02 1.7012500E-04 5.8190133E-04 6.9479117E-03 3.1933300E-05 6.6855567E-03 3.1752049E-02 4.0284257E-02 7.0396702E-05 1.5862333E+00 1.8960875E+01 -4.3550420E-02
2.6764000E+02 2.7427000E+02 8.6700000E+00 6.0700000E+02 9 5.5288721E+01 2.0378940E-01 3.1363232E-01 5.9654735E-02 1.3517734E-02 1.2527908E-02 1.2434321E-02 1.6766001E-04 5.8169055E-04 6.9574546E-03 3.1470608E-05 6.6925254E-03 3.1649784E-02 4.0344422E-02 7.0491549E-05 1.5869464E+00 1.8960080E+01 -4.3435086E-02
2.6764000E+02 2.7427000E+02 8.6700000E+00 6.1200000E+02 9 5.5289196E+01 2.0385831E-01 3.1336410E-01 5.9794234E-02 1.3529249E-02 1.2514468E-02 1.2422232E-02 1.6523869E-04 5.8110521E-04 6.9624843E-03 3.1016115E-05 6.6954734E-03 3.1555206E-02 4.0378727E-02 7.0545417E-05 1.5872122E+00 1.8959763E+01 -4.3365404E-02
2.6764000E+02 2.7427000E+02 8.6700000E+00 6.1700000E+02 9 5.5289653E+01 2.0389112E-01 3.1305620E-01 5.9924042E-02 1.3535206E-02 1.2499711E-02 1.2408789E-02 1.6288438E-04 5.8042945E-04 6.9646474E-03 3.0574200E-05 6.6958695E-03 3.1467929E-02 4.0396449E-02 7.0571152E-05 1.5871962E+00 1.8959750E+01 -4.3325754E-02
2.6764000E+02 2.7427000E+02 8.6700000E+00 6.2200000E+02 9 5.5290084E+01 2.0390296E-01 3.1273423E-01 6.0044677E-02 1.3537817E-02 1.2484369E-02 1.2394715E-02 1.6061439E-04 5.7975160E-04 6.9651167E-03 3.0148111E-05 6.6947563E-03 3.1387412E-02 4.0404181E-02 7.0579496E-05 1.5870121E+00 1.8959919E+01 -4.3305142E-02
2.6764000E+02 2.7427000E+02 8.6700000E+00 6.2700000E+02 9 5.5290489E+01 2.0390350E-01 3.1241393E-01 6.0156779E-02 1.3538527E-02 1.2468866E-02 1.2380426E-02 1.5843925E-04 5.7919753E-04 6.9646600E-03 2.9739827E-05 6.6928136E-03 3.1313070E-02 4.0406231E-02 7.0577740E-05 1.5867362E+00 1.8960189E+01 -4.3296255E-02
2.6764000E+02 2.7427000E+02 8.6700000E+00 6.3200000E+02 9 5.5290867E+01 2.0389855E-01 3.1210375E-01 6.0261026E-02 1.3538199E-02 1.2453435E-02 1.2366154E-02 1.5636357E-04 5.7880082E-04 6.9637358E-03 2.9350212E-05 6.6904459E-03 3.1244326E-02 4.0405179E-02 7.0570335E-05 1.5864128E+00 1.8960511E+01 -4.3294650E-02
2.6764000E+02 2.7427000E+02 8.6700000E+00 6.3700000E+02 9 5.5291219E+01 2.0389200E-01 3.1180805E-01 6.0358086E-02 1.3537356E-02 1.2438198E-02 1.2352020E-02 1.5438748E-04 5.7842756E-04 6.9626199E-03 2.8979290E-05 6.6878977E-03 3.1180646E-02 4.0402586E-02 7.0559932E-05 1.5860646E+00 1.8960861E+01 -4.3297708E-02
2.6764000E+02 2.7427000E+02 8.6700000E+00 6.4200000E+02 9 5.5291547E+01 2.0388554E-01 3.1152864E-01 6.0448589E-02 1.3536302E-02 1.2423214E-02 1.2338084E-02 1.5250806E-04 5.7817077E-04 6.9614688E-03 2.8626513E-05 6.6853101E-03 3.1121544E-02 4.0399360E-02 7.0548046E-05 1.5857095E+00 1.8961220E+01 -4.3303653E-02
2.6764000E+02 2.7427000E+02 8.6700000E+00 6.4700000E+02 9 5.5291852E+01 2.0388047E-01 3.1126580E-01 6.0533118E-02 1.3535202E-02 1.2408506E-02 1.2324374E-02 1.5072054E-04 5.7792256E-04 6.9603636E-03 2.8290986E-05 6.6827588E-03 3.1066588E-02 4.0395992E-02 7.0535500E-05 1.5853529E+00 1.8961581E+01 -4.3311599E-02
2.6764000E+02 2.7427000E+02 8.6700000E+00 6.5000000E+02 9 5.5288471E+01 2.1101286E-01 3.2638546E-01 6.0581803E-02 1.4679585E-02 1.3234980E-02 1.3151429E-02 1.4967991E-04 6.2225282E-04 7.5433886E-03 2.8095655E-05 7.2339616E-03 3.1037780E-02 4.3811769E-02 7.6096803E-05 1.6580995E+00 1.8883528E+01 -3.7002968E-02
