x y z_datum Time Well_no H2O H O Charge Al C Ca Cl Fe K Mg Na S Si U pH pe Alkalinity
3.1381000E+02 2.5927000E+02 8.6700000E+00 0.0000000E+00 10 9.9704301E-01 7.2098600E-06 6.6484776E-04 -3.2324431E-06 0.0000000E+00 1.0067647E-04 6.3262499E-05 4.3211171E-04 0.0000000E+00 2.8240956E-04 5.5605061E-05 2.2967748E-04 1.4127542E-04 0.0000000E+00 0.0000000E+00 7.0300000E+00 -2.2001569E+00 7.1999443E-03
3.1381000E+02 2.5927000E+02 8.6700000E+00 5.0000000E+00 10 5.5326853E+01 2.0476069E-02 6.4783764E-02 -3.0059930E-03 0.0000000E+00 7.1569420E-03 1.3477912E-03 1.0406996E-02 0.0000000E+00 6.1674244E-03 1.9534442E-03 8.5303242E-03 1.1068943E-02 0.0000000E+00 0.0000000E+00 4.8897429E+00 1.5037262E+01 4.4819308E-04
3.1381000E+02 2.5927000E+02 8.6700000E+00 1.0000000E+01 10 5.5306643E+01 3.6300498E-02 1.1048120E-01 -2.7024370E-03 1.1598046E-03 7.6048118E-03 3.1285417E-03 8.0191623E-03 1.5860854E-05 5.3257418E-03 1.5052362E-03 7.1530340E-03 2.0014969E-02 3.4677149E-03 1.7279651E-05 2.3899743E+00 1.7808912E+01 -7.5892062E-03
3.1381000E+02 2.5927000E+02 8.6700000E+00 1.5000000E+01 10 5.5283890E+01 6.1182248E-02 1.5895545E-01 -2.4476597E-03 2.7286112E-03 7.8306539E-03 4.4730828E-03 6.0150319E-03 3.7117180E-05 4.9243274E-03 1.1290511E-03 6.2827143E-03 2.7524369E-02 8.1538592E-03 4.0276631E-05 2.1514190E+00 1.8100184E+01 -1.3990677E-02
3.1381000E+02 2.5927000E+02 8.6700000E+00 2.0000000E+01 10 5.5265908E+01 8.2074148E-02 1.9761178E-01 -2.2613941E-03 4.1085685E-03 7.9952272E-03 5.4555277E-03 4.5498288E-03 5.7623567E-05 4.7513780E-03 8.5402525E-04 5.7567595E-03 3.3014977E-02 1.2274586E-02 6.0138172E-05 2.0569445E+00 1.8215813E+01 -1.8093085E-02
3.1381000E+02 2.5927000E+02 8.6700000E+00 2.5000000E+01 10 5.5252911E+01 9.7567683E-02 2.2599722E-01 -2.1315684E-03 5.1775179E-03 8.1488964E-03 6.1792471E-03 3.5285934E-03 7.4956907E-05 4.6864111E-03 6.6233434E-04 5.4406957E-03 3.6842210E-02 1.5466043E-02 7.5141715E-05 2.0122988E+00 1.8269867E+01 -2.0578670E-02
3.1381000E+02 2.5927000E+02 8.6700000E+00 3.0000000E+01 10 5.5243746E+01 1.0863577E-01 2.4636404E-01 -2.0417821E-03 5.9700971E-03 8.2989936E-03 6.7235862E-03 2.8223157E-03 8.8772333E-05 4.6688636E-03 5.2976254E-04 5.2475469E-03 3.9489271E-02 1.7832176E-02 8.5925718E-05 1.9897448E+00 1.8296894E+01 -2.2060584E-02
3.1381000E+02 2.5927000E+02 8.6700000E+00 3.5000000E+01 10 5.5237275E+01 1.1650379E-01 2.6099233E-01 -1.9790489E-03 6.5503015E-03 8.4433650E-03 7.1434120E-03 2.3288439E-03 9.9444928E-05 4.6699740E-03 4.3713545E-04 5.1254487E-03 4.1338859E-02 1.9564264E-02 9.3559251E-05 1.9780042E+00 1.8310900E+01 -2.2946583E-02
3.1381000E+02 2.5927000E+02 8.6700000E+00 4.0000000E+01 10 5.5232656E+01 1.2213283E-01 2.7161145E-01 -1.9344145E-03 6.9749942E-03 8.5795072E-03 7.4755389E-03 1.9777405E-03 1.0757270E-04 4.6766213E-03 3.7123161E-04 5.0445252E-03 4.2654899E-02 2.0832129E-02 9.8963086E-05 1.9718182E+00 1.8318303E+01 -2.3483798E-02
3.1381000E+02 2.5927000E+02 8.6700000E+00 4.5000000E+01 10 5.5229308E+01 1.2620444E-01 2.7943553E-01 -1.9019645E-03 7.2876715E-03 8.7060542E-03 7.7445704E-03 1.7224822E-03 1.1373147E-04 4.6832526E-03 3.2331837E-04 4.9878051E-03 4.3611728E-02 2.1765630E-02 1.0281671E-04 1.9685559E+00 1.8322268E+01 -2.3816943E-02
3.1381000E+02 2.5927000E+02 8.6700000E+00 5.0000000E+01 10 5.5226840E+01 1.2918940E-01 2.8529905E-01 -1.8778254E-03 7.5200218E-03 8.8225720E-03 7.9670800E-03 1.5325995E-03 1.1842253E-04 4.6878981E-03 2.8767646E-04 4.9456762E-03 4.4323532E-02 2.2459354E-02 1.0559604E-04 1.9668516E+00 1.8324395E+01 -2.4029739E-02
3.1381000E+02 2.5927000E+02 8.6700000E+00 5.5000000E+01 10 5.5224986E+01 1.3141076E-01 2.8977349E-01 -1.8594474E-03 7.6946935E-03 8.9291933E-03 8.1543971E-03 1.3880342E-03 1.2203123E-04 4.6901842E-03 2.6054084E-04 4.9126592E-03 4.4865482E-02 2.2980900E-02 1.0762826E-04 1.9659777E+00 1.8325547E+01 -2.4170766E-02
3.1381000E+02 2.5927000E+02 8.6700000E+00 6.0000000E+01 10 5.5223567E+01 1.3309109E-01 2.9325220E-01 -1.8451341E-03 7.8277828E-03 9.0263619E-03 8.3144138E-03 1.2754430E-03 1.2484514E-04 4.6903927E-03 2.3940693E-04 4.8856008E-03 4.5287585E-02 2.3378310E-02 1.0913719E-04 1.9655438E+00 1.8326173E+01 -2.4268261E-02
3.1381000E+02 2.5927000E+02 8.6700000E+00 6.5000000E+01 10 5.5222460E+01 1.3438405E-01 2.9600741E-01 -1.8337428E-03 7.9306926E-03 9.1146799E-03 8.4527495E-03 1.1858370E-03 1.2707099E-04 4.6889842E-03 2.2258744E-04 4.8626610E-03 4.5623533E-02 2.3685620E-02 1.1027616E-04 1.9653367E+00 1.8326521E+01 -2.4338915E-02
3.1381000E+02 2.5927000E+02 8.6700000E+00 6.6000000E+01 10 5.5216102E+01 1.4698504E-01 3.2553260E-01 -1.8315731E-03 1.0053969E-02 1.1118344E-02 1.0465941E-02 1.1687696E-03 1.4689830E-04 5.7442231E-03 2.1938380E-04 5.8928895E-03 4.5705450E-02 3.0028039E-02 1.4537571E-04 1.9643779E+00 1.8359020E+01 -2.4405441E-02
3.1381000E+02 2.5927000E+02 8.6700000E+00 6.7000000E+01 10 5.5216022E+01 1.4697474E-01 3.2549665E-01 -1.8295044E-03 1.0033846E-02 1.1100770E-02 1.0457450E-02 1.1524960E-03 1.4881681E-04 5.7249544E-03 2.1632916E-04 5.8690243E-03 4.5765189E-02 2.9967613E-02 1.4286986E-04 1.9602838E+00 1.8378078E+01 -2.4633971E-02
3.1381000E+02 2.5927000E+02 8.6700000E+00 7.2000000E+01 10 5.5218329E+01 1.3549145E-01 2.9884172E-01 -1.7866488E-03 7.8107346E-03 9.0678039E-03 8.4617040E-03 1.0858179E-03 1.2840511E-04 4.5687401E-03 2.0381335E-04 4.7224897E-03 4.6593174E-02 2.3327338E-02 1.0611455E-04 1.9288543E+00 1.8636026E+01 -2.6516641E-02
3.1381000E+02 2.5927000E+02 8.6700000E+00 7.7000000E+01 10 5.5212677E+01 1.3838723E-01 3.0516769E-01 -1.7353690E-03 7.9484123E-03 9.1328177E-03 8.5577476E-03 1.0302284E-03 1.4209586E-04 4.6063263E-03 1.9337895E-04 4.7428687E-03 4.7595444E-02 2.3737958E-02 1.3505502E-04 1.9128587E+00 1.8732576E+01 -2.7654829E-02
3.1381000E+02 2.5927000E+02 8.6700000E+00 8.2000000E+01 10 5.5207595E+01 1.4139341E-01 3.1161163E-01 -1.6916742E-03 8.1460335E-03 9.2301045E-03 8.6813006E-03 9.8317295E-04 1.6054373E-04 4.6797584E-03 1.8454640E-04 4.7988784E-03 4.8459249E-02 2.4327370E-02 1.6761789E-04 1.9055386E+00 1.8777914E+01 -2.8284411E-02
3.1381000E+02 2.5927000E+02 8.6700000E+00 8.7000000E+01 10 5.5203713E+01 1.4383247E-01 3.1684194E-01 -1.6587882E-03 8.3209083E-03 9.3237360E-03 8.7974632E-03 9.4280880E-04 1.7774727E-04 4.7454502E-03 1.7696985E-04 4.8495562E-03 4.9122311E-02 2.4848990E-02 1.9507120E-04 1.9020066E+00 1.8801443E+01 -2.8651036E-02
3.1381000E+02 2.5927000E+02 8.6700000E+00 9.1000000E+01 10 5.5199828E+01 1.4841035E-01 3.2711228E-01 -1.6386017E-03 8.9436355E-03 9.8317074E-03 9.3214762E-03 9.1407048E-04 2.0106530E-04 5.0431475E-03 1.7157553E-04 5.1295265E-03 4.9553017E-02 2.6708221E-02 2.3095910E-04 1.8935440E+00 1.8821793E+01 -2.9264476E-02
3.1381000E+02 2.5927000E+02 8.6700000E+00 9.2000000E+01 10 5.5194511E+01 1.5838670E-01 3.5017171E-01 -1.6339187E-03 1.0591820E-02 1.1312045E-02 1.0805706E-02 9.0709734E-04 2.4004877E-04 5.8678613E-03 1.7026663E-04 5.9321842E-03 4.9705953E-02 3.1630844E-02 2.9936369E-04 1.8905336E+00 1.8829769E+01 -2.9472105E-02
3.1381000E+02 2.5927000E+02 8.6700000E+00 9.7000000E+01 10 5.5194538E+01 1.4679389E-01 3.2453950E-01 -2.1787610E-03 8.3318622E-03 9.3173896E-03 8.8281171E-03 8.7652341E-04 1.9909912E-04 4.7132358E-03 1.6452776E-04 4.7987025E-03 5.0883074E-02 2.4881024E-02 2.2030169E-04 1.8682120E+00 1.8866652E+01 -3.1209897E-02
3.1381000E+02 2.5927000E+02 8.6700000E+00 1.0200000E+02 10 5.5186343E+01 1.5000164E-01 3.3261548E-01 -2.8887054E-03 8.4918979E-03 9.3826468E-03 8.9084674E-03 8.4948452E-04 2.1060222E-04 4.7798167E-03 1.5945242E-04 4.8525180E-03 5.2316675E-02 2.5358219E-02 2.4001745E-04 1.8555583E+00 1.8893412E+01 -3.2427399E-02
3.1381000E+02 2.5927000E+02 8.6700000E+00 1.0700000E+02 10 5.5179294E+01 1.5307512E-01 3.4013393E-01 -3.4954350E-03 8.6838918E-03 9.4674348E-03 9.0067024E-03 8.2539437E-04 2.2277955E-04 4.8645550E-03 1.5493058E-04 4.9240240E-03 5.3522632E-02 2.5930741E-02 2.5789678E-04 1.8490845E+00 1.8909570E+01 -3.3193462E-02
3.1381000E+02 2.5927000E+02 8.6700000E+00 1.1200000E+02 10 5.5174007E+01 1.5550792E-01 3.4602523E-01 -3.9415166E-03 8.8478448E-03 9.5457561E-03 9.0970824E-03 8.0379122E-04 2.3369701E-04 4.9362830E-03 1.5087556E-04 4.9842850E-03 5.4426199E-02 2.6419685E-02 2.7230982E-04 1.8456342E+00 1.8919201E+01 -3.3678233E-02
3.1381000E+02 2.5927000E+02 8.6700000E+00 1.1700000E+02 10 5.5170216E+01 1.5731948E-01 3.5039534E-01 -4.2523631E-03 8.9745823E-03 9.6119601E-03 9.1741632E-03 7.8430571E-04 2.4276237E-04 4.9900731E-03 1.4721804E-04 5.0286048E-03 5.5079741E-02 2.6797675E-02 2.8324857E-04 1.8436782E+00 1.8925070E+01 -3.3993602E-02
3.1381000E+02 2.5927000E+02 8.6700000E+00 1.2200000E+02 10 5.5167509E+01 1.5865609E-01 3.5361873E-01 -4.4666090E-03 9.0703071E-03 9.6674161E-03 9.2394811E-03 7.6663828E-04 2.5006479E-04 5.0289426E-03 1.4390178E-04 5.0596822E-03 5.5553441E-02 2.7083190E-02 2.9137558E-04 1.8425083E+00 1.8928756E+01 -3.4205478E-02
3.1381000E+02 2.5927000E+02 8.6700000E+00 1.2400000E+02 10 5.5161372E+01 1.6962608E-01 3.7827187E-01 -4.5392525E-03 1.0834477E-02 1.1121118E-02 1.0696975E-02 7.5984462E-04 2.9682184E-04 5.9155380E-03 1.4262657E-04 5.9152747E-03 5.5785163E-02 3.2350923E-02 3.6899752E-04 1.8372302E+00 1.8937882E+01 -3.4624811E-02
3.1381000E+02 2.5927000E+02 8.6700000E+00 1.2500000E+02 10 5.5159474E+01 1.7279848E-01 3.8563079E-01 -4.5725978E-03 1.1346524E-02 1.1581562E-02 1.1159278E-02 7.5651401E-04 3.1138106E-04 6.1714390E-03 1.4200140E-04 6.1632300E-03 5.5880812E-02 3.3880089E-02 3.8894855E-04 1.8327605E+00 1.8944370E+01 -3.4966277E-02
3.1381000E+02 2.5927000E+02 8.6700000E+00 1.3000000E+02 10 5.5165264E+01 1.5876302E-01 3.5456975E-01 -4.6864801E-03 8.9760066E-03 9.6276027E-03 9.2142861E-03 7.4044972E-04 2.5489159E-04 4.9663075E-03 1.3898605E-04 4.9915820E-03 5.6071955E-02 2.6801380E-02 2.8672012E-04 1.8287120E+00 1.8946849E+01 -3.5340754E-02
3.1381000E+02 2.5927000E+02 8.6700000E+00 1.3100000E+02 10 5.5157813E+01 1.7337522E-01 3.8724520E-01 -4.7075289E-03 1.1359960E-02 1.1601476E-02 1.1189960E-02 7.3722350E-04 3.1654679E-04 6.1671252E-03 1.3838048E-04 6.1536285E-03 5.6224803E-02 3.3920172E-02 3.9873981E-04 1.8282212E+00 1.8949749E+01 -3.5389103E-02
3.1381000E+02 2.5927000E+02 8.6700000E+00 1.3200000E+02 10 5.5157593E+01 1.7340276E-01 3.8729964E-01 -4.7270568E-03 1.1349938E-02 1.1588712E-02 1.1178963E-02 7.3405752E-04 3.1659175E-04 6.1608008E-03 1.3778621E-04 6.1453641E-03 5.6270214E-02 3.3889913E-02 3.9233131E-04 1.8264114E+00 1.8952903E+01 -3.5535240E-02
3.1381000E+02 2.5927000E+02 8.6700000E+00 1.3700000E+02 10 5.5156733E+01 1.6095283E-01 3.6108322E-01 -5.9954475E-03 8.9925108E-03 9.6446084E-03 9.2430778E-03 7.1933535E-04 2.5925605E-04 4.9629940E-03 1.3502278E-04 4.9813023E-03 5.7786284E-02 2.6850325E-02 2.8983749E-04 1.8107337E+00 1.8939376E+01 -3.7173635E-02
3.1381000E+02 2.5927000E+02 8.6700000E+00 1.4200000E+02 10 5.5145930E+01 1.6486559E-01 3.7125293E-01 -7.6301041E-03 9.2136696E-03 9.7606381E-03 9.3667177E-03 7.0570180E-04 2.5908639E-04 5.0683397E-03 1.3246370E-04 5.0759870E-03 5.9803988E-02 2.7510046E-02 2.9276070E-04 1.8024869E+00 1.8901199E+01 -3.8391672E-02
3.1381000E+02 2.5927000E+02 8.6700000E+00 1.4700000E+02 10 5.5136350E+01 1.6865609E-01 3.8078600E-01 -9.0510427E-03 9.4611563E-03 9.8912030E-03 9.5043172E-03 6.9309930E-04 2.5343958E-04 5.1877979E-03 1.3009815E-04 5.1840920E-03 6.1542928E-02 2.8248248E-02 2.8233029E-04 1.7983850E+00 1.8848309E+01 -3.9210871E-02
3.1381000E+02 2.5927000E+02 8.6700000E+00 1.5200000E+02 10 5.5129052E+01 1.7164740E-01 3.8821622E-01 -1.0118172E-02 9.6647315E-03 1.0003657E-02 9.6232830E-03 6.8143402E-04 2.4446062E-04 5.2851975E-03 1.2790852E-04 5.2720591E-03 6.2848448E-02 2.8855499E-02 2.6400879E-04 1.7960363E+00 1.8788314E+01 -3.9764511E-02
3.1381000E+02 2.5927000E+02 8.6700000E+00 1.5700000E+02 10 5.5123777E+01 1.7385490E-01 3.9366262E-01 -1.0878152E-02 9.8173024E-03 1.0092906E-02 9.7185748E-03 6.7060821E-04 2.3448271E-04 5.3568831E-03 1.2587646E-04 5.3363691E-03 6.3783203E-02 2.9310633E-02 2.4308192E-04 1.7945022E+00 1.8726225E+01 -4.0145559E-02
3.1381000E+02 2.5927000E+02 8.6700000E+00 1.6200000E+02 10 5.5119998E+01 1.7546428E-01 3.9761672E-01 -1.1413427E-02 9.9294228E-03 1.0162873E-02 9.7941659E-03 6.6053212E-04 2.2498286E-04 5.4082556E-03 1.2398513E-04 5.3819504E-03 6.4448833E-02 2.9645115E-02 2.2287863E-04 1.7934310E+00 1.8666528E+01 -4.0412769E-02
3.1381000E+02 2.5927000E+02 8.6700000E+00 1.6700000E+02 10 5.5117261E+01 1.7664999E-01 4.0052437E-01 -1.1793562E-02 1.0012542E-02 1.0218570E-02 9.8551130E-03 6.5112622E-04 2.1663837E-04 5.4451538E-03 1.2221959E-04 5.4141992E-03 6.4929592E-02 2.9893090E-02 2.0499822E-04 1.7926635E+00 1.8613886E+01 -4.0603813E-02
3.1381000E+02 2.5927000E+02 8.6700000E+00 1.6800000E+02 10 5.5109263E+01 1.9192937E-01 4.3393941E-01 -1.1863910E-02 1.2459613E-02 1.2177323E-02 1.1814902E-02 6.4927123E-04 2.4015401E-04 6.6805591E-03 1.2187140E-04 6.6059523E-03 6.5042155E-02 3.7199716E-02 2.4745946E-04 1.7921728E+00 1.8620442E+01 -4.0676178E-02
3.1381000E+02 2.5927000E+02 8.6700000E+00 1.6900000E+02 10 5.5108898E+01 1.9191343E-01 4.3395594E-01 -1.1929068E-02 1.2438708E-02 1.2157325E-02 1.1795925E-02 6.4744183E-04 2.4022728E-04 6.6694723E-03 1.2152801E-04 6.5935283E-03 6.5122988E-02 3.7136955E-02 2.3952392E-04 1.7897203E+00 1.8623073E+01 -4.0908209E-02
3.1381000E+02 2.5927000E+02 8.6700000E+00 1.7400000E+02 10 5.5123194E+01 1.6921114E-01 3.9473522E-01 -1.6415215E-02 9.8600657E-03 1.0135401E-02 9.7787865E-03 6.3886858E-04 2.0624497E-04 5.3605702E-03 1.1991878E-04 5.3300370E-03 6.4004062E-02 2.9437737E-02 1.7775692E-04 1.8584680E+00 1.8508087E+01 -3.5709638E-02
3.1381000E+02 2.5927000E+02 8.6700000E+00 1.7500000E+02 10 5.5118246E+01 1.8076136E-01 4.2354356E-01 -1.7482117E-02 1.2047686E-02 1.2072797E-02 1.1717128E-02 6.3717638E-04 2.2639117E-04 6.4603016E-03 1.1960114E-04 6.4011060E-03 6.3745586E-02 3.5971736E-02 2.1568096E-04 1.8753859E+00 1.8504799E+01 -3.4535538E-02
3.1381000E+02 2.5927000E+02 8.6700000E+00 1.7600000E+02 10 5.5120602E+01 1.7795469E-01 4.2061313E-01 -1.8689253E-02 1.1919663E-02 1.2040797E-02 1.1686059E-02 6.3550611E-04 2.2520629E-04 6.3931992E-03 1.1928762E-04 6.3390158E-03 6.3413153E-02 3.5590045E-02 2.0878672E-04 1.8940032E+00 1.8491401E+01 -3.3283545E-02
3.1381000E+02 2.5927000E+02 8.6700000E+00 1.8100000E+02 10 5.5069673E+01 1.7254841E-01 4.2925572E-01 -2.9662770E-02 9.2965962E-03 1.0036459E-02 9.6861068E-03 6.2764919E-04 1.9091454E-04 5.0607949E-03 1.1781284E-04 5.0563648E-03 7.4375205E-02 2.7759054E-02 1.5512168E-04 1.7862366E+00 1.8558623E+01 -4.5069045E-02
3.1381000E+02 2.5927000E+02 8.6700000E+00 1.8600000E+02 10 5.4985595E+01 1.9370667E-01 4.9363945E-01 -4.0956991E-02 9.5131472E-03 1.0093276E-02 9.7470607E-03 6.2023943E-04 1.8732964E-04 5.1691861E-03 1.1642199E-04 5.1518146E-03 8.9806327E-02 2.8404212E-02 1.5310005E-04 1.6680493E+00 1.8648895E+01 -6.2448474E-02
3.1381000E+02 2.5927000E+02 8.6700000E+00 1.9100000E+02 10 5.4909445E+01 2.1637577E-01 5.5555218E-01 -5.0103843E-02 1.0101187E-02 1.0179191E-02 9.8368852E-03 6.1323553E-04 1.9103260E-04 5.4729877E-03 1.1510733E-04 5.4195593E-03 1.0349679E-01 3.0155122E-02 1.5517708E-04 1.5927145E+00 1.8701988E+01 -7.7370260E-02
3.1381000E+02 2.5927000E+02 8.6700000E+00 1.9600000E+02 10 5.4851127E+01 2.3535434E-01 6.0489640E-01 -5.6806744E-02 1.0761185E-02 1.0258387E-02 9.9197841E-03 6.0660125E-04 1.9797054E-04 5.8151786E-03 1.1386204E-04 5.7204254E-03 1.1383254E-01 3.2119968E-02 1.5799386E-04 1.5487602E+00 1.8730404E+01 -8.8101281E-02
3.1381000E+02 2.5927000E+02 8.6700000E+00 2.0100000E+02 10 5.4809144E+01 2.4986283E-01 6.4154743E-01 -6.1550991E-02 1.1357638E-02 1.0323465E-02 9.9883769E-03 6.0030464E-04 2.0579077E-04 6.1242832E-03 1.1268013E-04 5.9920003E-03 1.2119027E-01 3.3895561E-02 1.6034050E-04 1.5232435E+00 1.8745838E+01 -9.5324674E-02
3.1381000E+02 2.5927000E+02 8.6700000E+00 2.0600000E+02 10 5.4779378E+01 2.6063698E-01 6.6823660E-01 -6.4898041E-02 1.1854925E-02 1.0376661E-02 1.0044915E-02 5.9431744E-04 2.1348386E-04 6.3813865E-03 1.1155631E-04 6.2180198E-03 1.2635739E-01 3.5375999E-02 1.6203069E-04 1.5082124E+00 1.8754393E+01 -1.0009771E-01
3.1381000E+02 2.5927000E+02 8.6700000E+00 2.1100000E+02 10 5.4758153E+01 2.6861648E-01 6.8773053E-01 -6.7286758E-02 1.2257172E-02 1.0421679E-02 1.0093116E-02 5.8861451E-04 2.2067157E-04 6.5886313E-03 1.1048584E-04 6.4004098E-03 1.3001199E-01 3.6573620E-02 1.6317354E-04 1.4991996E+00 1.8759163E+01 -1.0326139E-01
3.1381000E+02 2.5927000E+02 8.6700000E+00 2.1600000E+02 10 5.4742786E+01 2.7458046E-01 7.0215884E-01 -6.9022726E-02 1.2579785E-02 1.0461441E-02 1.0135915E-02 5.8317345E-04 2.2722975E-04 6.7541121E-03 1.0946453E-04 6.5462682E-03 1.3263946E-01 3.7534276E-02 1.6391527E-04 1.4937118E+00 1.8761818E+01 -1.0538546E-01
3.1381000E+02 2.5927000E+02 8.6700000E+00 2.2100000E+02 10 5.4731445E+01 2.7910220E-01 7.1302789E-01 -7.0310975E-02 1.2838954E-02 1.0497863E-02 1.0175239E-02 5.7797421E-04 2.3313801E-04 6.8863351E-03 1.0848860E-04 6.6630523E-03 1.3456738E-01 3.8306140E-02 1.6437601E-04 1.4903332E+00 1.8763265E+01 -1.0683650E-01
3.1381000E+02 2.5927000E+02 8.6700000E+00 2.2600000E+02 10 5.4722899E+01 2.8258706E-01 7.2137558E-01 -7.1288133E-02 1.3048535E-02 1.0532098E-02 1.0212251E-02 5.7299879E-04 2.3841470E-04 6.9925858E-03 1.0755469E-04 6.7571351E-03 1.3601348E-01 3.8930438E-02 1.6464756E-04 1.4882406E+00 1.8764008E+01 -1.0784757E-01
3.1381000E+02 2.5927000E+02 8.6700000E+00 2.3100000E+02 10 5.4716321E+01 2.8531896E-01 7.2791454E-01 -7.2045733E-02 1.3219559E-02 1.0564797E-02 1.0247613E-02 5.6823098E-04 2.4309320E-04 7.0786758E-03 1.0665975E-04 6.8335731E-03 1.3712281E-01 3.9439980E-02 1.6479254E-04 1.4869434E+00 1.8764333E+01 -1.0856738E-01
3.1381000E+02 2.5927000E+02 8.6700000E+00 2.3600000E+02 10 5.4711151E+01 2.8749710E-01 7.3313664E-01 -7.2645727E-02 1.3360542E-02 1.0596305E-02 1.0281674E-02 5.6365617E-04 2.4722308E-04 7.1491030E-03 1.0580103E-04 6.8962563E-03 1.3799286E-01 3.9860102E-02 1.6485429E-04 1.4861435E+00 1.8764443E+01 -1.0909170E-01
3.1381000E+02 2.5927000E+02 8.6700000E+00 2.4100000E+02 10 5.4707006E+01 2.8926224E-01 7.3738452E-01 -7.3130552E-02 1.3477977E-02 1.0626781E-02 1.0314603E-02 5.5926113E-04 2.5086253E-04 7.2073020E-03 1.0497606E-04 6.9481422E-03 1.3868991E-01 4.0210118E-02 1.6486253E-04 1.4856563E+00 1.8764436E+01 -1.0948294E-01
3.1381000E+02 2.5927000E+02 8.6700000E+00 2.4600000E+02 10 5.4703619E+01 2.9071478E-01 7.4089952E-01 -7.3529659E-02 1.3576800E-02 1.0656282E-02 1.0346464E-02 5.5503388E-04 2.5407056E-04 7.2558836E-03 1.0418259E-04 6.9914760E-03 1.3925959E-01 4.0504708E-02 1.6483772E-04 1.4853661E+00 1.8764372E+01 -1.0978224E-01
3.1381000E+02 2.5927000E+02 8.6700000E+00 2.5100000E+02 10 5.4700803E+01 2.9192710E-01 7.4385364E-01 -7.3863768E-02 1.3660765E-02 1.0684811E-02 1.0377265E-02 5.5096354E-04 2.5690322E-04 7.2968313E-03 1.0341857E-04 7.0279684E-03 1.3973373E-01 4.0755047E-02 1.6479356E-04 1.4851995E+00 1.8764289E+01 -1.1001706E-01
3.1381000E+02 2.5927000E+02 8.6700000E+00 2.5600000E+02 10 5.4698427E+01 2.9295198E-01 7.4637109E-01 -7.4147671E-02 1.3732748E-02 1.0712349E-02 1.0406993E-02 5.4704020E-04 2.5941112E-04 7.3316570E-03 1.0268214E-04 7.0589322E-03 1.4013485E-01 4.0969687E-02 1.6473911E-04 1.4851098E+00 1.8764208E+01 -1.1020592E-01
3.1381000E+02 2.5927000E+02 8.6700000E+00 2.6100000E+02 10 5.4696393E+01 2.9382841E-01 7.4854284E-01 -7.4392085E-02 1.3794962E-02 1.0738868E-02 1.0435625E-02 5.4325484E-04 2.6163849E-04 7.3615201E-03 1.0197161E-04 7.0853825E-03 1.4047913E-01 4.1155216E-02 1.6468034E-04 1.4850666E+00 1.8764137E+01 -1.1036147E-01
3.1381000E+02 2.5927000E+02 8.6700000E+00 2.6400000E+02 10 5.4690198E+01 3.0451648E-01 7.6979277E-01 -7.4526417E-02 1.5360140E-02 1.1652792E-02 1.1350790E-02 5.4103145E-04 2.7931430E-04 8.1616194E-03 1.0155426E-04 7.8339840E-03 1.4067530E-01 4.5824074E-02 1.8570071E-04 1.4822634E+00 1.8810904E+01 -1.1102138E-01
3.1381000E+02 2.5927000E+02 8.6700000E+00 2.6500000E+02 10 5.4684769E+01 3.1485617E-01 7.9029330E-01 -7.4569891E-02 1.6900914E-02 1.2584242E-02 1.2282651E-02 5.4029556E-04 2.9423695E-04 8.9489818E-03 1.0141613E-04 8.5735219E-03 1.4074314E-01 5.0420726E-02 2.0585052E-04 1.4809063E+00 1.8836589E+01 -1.1133287E-01
3.1381000E+02 2.5927000E+02 8.6700000E+00 2.7000000E+02 10 5.4692908E+01 2.9647799E-01 7.5465486E-01 -7.4725362E-02 1.4115788E-02 1.0955000E-02 1.0654694E-02 5.3799235E-04 2.7259016E-04 7.5225040E-03 1.0098381E-04 7.2351198E-03 1.4094610E-01 4.2112344E-02 1.6495928E-04 1.4911736E+00 1.8754962E+01 -1.0935208E-01
3.1381000E+02 2.5927000E+02 8.6700000E+00 2.7500000E+02 10 5.4690079E+01 3.0020072E-01 7.6232230E-01 -7.4876005E-02 1.4632704E-02 1.1271780E-02 1.0973505E-02 5.3435527E-04 2.7761392E-04 7.7846375E-03 1.0030111E-04 7.4804738E-03 1.4116247E-01 4.3654504E-02 1.7238498E-04 1.5030225E+00 1.8700487E+01 -1.0710228E-01
3.1381000E+02 2.5927000E+02 8.6700000E+00 2.8000000E+02 10 5.4687651E+01 3.0327406E-01 7.6878266E-01 -7.5014659E-02 1.5060320E-02 1.1552353E-02 1.1256078E-02 5.3077066E-04 2.8307865E-04 8.0007677E-03 9.9628263E-05 7.6834443E-03 1.4136066E-01 4.4930443E-02 1.7616731E-04 1.5130803E+00 1.8664734E+01 -1.0523444E-01
3.1381000E+02 2.5927000E+02 8.6700000E+00 2.8500000E+02 10 5.4685710E+01 3.0552992E-01 7.7372251E-01 -7.5141160E-02 1.5374725E-02 1.1783601E-02 1.1489231E-02 5.2735947E-04 2.8788149E-04 8.1586535E-03 9.8987967E-05 7.8327474E-03 1.4154094E-01 4.5868857E-02 1.7796073E-04 1.5206577E+00 1.8643821E+01 -1.0386070E-01
3.1381000E+02 2.5927000E+02 8.6700000E+00 2.8900000E+02 10 5.4682039E+01 3.1168587E-01 7.8634016E-01 -7.5235070E-02 1.6287630E-02 1.2378847E-02 1.2085933E-02 5.2475032E-04 2.9890362E-04 8.6231319E-03 9.8498216E-05 8.2700821E-03 1.4167776E-01 4.8592755E-02 1.8790826E-04 1.5234777E+00 1.8675859E+01 -1.0338928E-01
3.1381000E+02 2.5927000E+02 8.6700000E+00 2.9000000E+02 10 5.4674241E+01 3.2705242E-01 8.1702155E-01 -7.5258101E-02 1.8603194E-02 1.3832488E-02 1.3539934E-02 5.2410555E-04 3.1854712E-04 9.8052477E-03 9.8377189E-05 9.3837818E-03 1.4171999E-01 5.5501771E-02 2.1693056E-04 1.5240357E+00 1.8720062E+01 -1.0330876E-01
3.1381000E+02 2.5927000E+02 8.6700000E+00 2.9500000E+02 10 5.4730695E+01 2.9501748E-01 7.4240091E-01 -6.9608439E-02 1.5518746E-02 1.2003407E-02 1.1712562E-02 5.2104526E-04 2.9547081E-04 8.2258810E-03 9.7802759E-05 7.9000305E-03 1.3316887E-01 4.6299727E-02 1.7418259E-04 1.5682027E+00 1.8628671E+01 -9.2135737E-02
3.1381000E+02 2.5927000E+02 8.6700000E+00 3.0000000E+02 10 5.4799520E+01 2.7695406E-01 6.9068150E-01 -6.1257918E-02 1.5393244E-02 1.2111259E-02 1.1822044E-02 5.1812299E-04 2.9330771E-04 8.1543703E-03 9.7254234E-05 7.8443802E-03 1.2055701E-01 4.5928154E-02 1.7386273E-04 1.6408138E+00 1.8548820E+01 -7.6285536E-02
3.1381000E+02 2.5927000E+02 8.6700000E+00 3.0100000E+02 10 5.4805314E+01 2.9040423E-01 7.1560098E-01 -5.9514770E-02 1.8040165E-02 1.4035096E-02 1.3746205E-02 5.1754386E-04 3.1563531E-04 9.4977628E-03 9.7145527E-05 9.1275830E-03 1.1793854E-01 5.3829900E-02 2.1049639E-04 1.6571298E+00 1.8587306E+01 -7.3114420E-02
3.1381000E+02 2.5927000E+02 8.6700000E+00 3.0200000E+02 10 5.4820354E+01 2.8576883E-01 7.0331522E-01 -5.7737375E-02 1.7909578E-02 1.4040412E-02 1.3751841E-02 5.1696985E-04 3.1765498E-04 9.4284082E-03 9.7037784E-05 9.0671742E-03 1.1525353E-01 5.3441407E-02 2.0688981E-04 1.6734818E+00 1.8591214E+01 -7.0023770E-02
3.1381000E+02 2.5927000E+02 8.6700000E+00 3.0300000E+02 10 5.4837180E+01 2.7999890E-01 6.8854811E-01 -5.5789131E-02 1.7668825E-02 1.3997206E-02 1.3706791E-02 5.2027269E-04 3.1884816E-04 9.3045870E-03 9.7657743E-05 8.9575187E-03 1.1230093E-01 5.2724379E-02 2.0224545E-04 1.6886613E+00 1.8598666E+01 -6.7108745E-02
3.1381000E+02 2.5927000E+02 8.6700000E+00 3.0800000E+02 10 5.4912759E+01 2.4017840E-01 5.9425261E-01 -4.8005104E-02 1.4066442E-02 1.1889366E-02 1.1595014E-02 5.2732710E-04 2.8278499E-04 7.4648812E-03 9.8981889E-05 7.2348812E-03 1.0050624E-01 4.1977399E-02 1.5497100E-04 1.7500198E+00 1.8515092E+01 -5.6262992E-02
3.1381000E+02 2.5927000E+02 8.6700000E+00 3.1300000E+02 10 5.4961650E+01 2.2327504E-01 5.5147485E-01 -4.2355188E-02 1.3355871E-02 1.1833405E-02 1.1535821E-02 5.3311610E-04 2.7039752E-04 7.0944247E-03 1.0006851E-04 6.9111079E-03 9.1956045E-02 3.9862028E-02 1.5112953E-04 1.8045701E+00 1.8453885E+01 -4.8292795E-02
3.1381000E+02 2.5927000E+02 8.6700000E+00 3.1800000E+02 10 5.4996559E+01 2.1078964E-01 5.2062559E-01 -3.8350715E-02 1.2799685E-02 1.1846723E-02 1.1546161E-02 5.3845265E-04 2.5938440E-04 6.8038563E-03 1.0107021E-04 6.6595389E-03 8.5891707E-02 3.8206505E-02 1.4753398E-04 1.8480831E+00 1.8404886E+01 -4.2782009E-02
3.1381000E+02 2.5927000E+02 8.6700000E+00 3.2300000E+02 10 5.5021617E+01 2.0132035E-01 4.9790543E-01 -3.5512516E-02 1.2331013E-02 1.1878013E-02 1.1574788E-02 5.4322128E-04 2.4871879E-04 6.5590934E-03 1.0196531E-04 6.4477549E-03 8.1589556E-02 3.6811280E-02 1.4406915E-04 1.8796957E+00 1.8370477E+01 -3.9126670E-02
3.1381000E+02 2.5927000E+02 8.6700000E+00 3.2800000E+02 10 5.5039824E+01 1.9401531E-01 4.8085453E-01 -3.3480660E-02 1.1929151E-02 1.1907480E-02 1.1601948E-02 5.4735468E-04 2.3842188E-04 6.3496640E-03 1.0274117E-04 6.2656205E-03 7.8506287E-02 3.5614623E-02 1.4092199E-04 1.9012581E+00 1.8347872E+01 -3.6743911E-02
3.1381000E+02 2.5927000E+02 8.6700000E+00 3.2900000E+02 10 5.5036822E+01 2.0547948E-01 5.0685522E-01 -3.3103868E-02 1.3987252E-02 1.3801359E-02 1.3495380E-02 5.4815558E-04 2.5562639E-04 7.3857168E-03 1.0289150E-04 7.2755624E-03 7.7950700E-02 4.1762453E-02 1.7338712E-04 1.9052179E+00 1.8382099E+01 -3.6323945E-02
3.1381000E+02 2.5927000E+02 8.6700000E+00 3.3000000E+02 10 5.5040083E+01 2.0396585E-01 5.0342011E-01 -3.2754192E-02 1.3880831E-02 1.3782674E-02 1.3476263E-02 5.4893051E-04 2.5517790E-04 7.3311929E-03 1.0303696E-04 7.2256720E-03 7.7418730E-02 4.1445016E-02 1.7037591E-04 1.9069523E+00 1.8397079E+01 -3.6078632E-02
3.1381000E+02 2.5927000E+02 8.6700000E+00 3.3500000E+02 10 5.5031331E+01 1.9450131E-01 4.8070113E-01 -3.1999739E-02 1.1264014E-02 1.1810050E-02 1.1501815E-02 5.5219695E-04 2.2463624E-04 6.0070824E-03 1.0365008E-04 5.9562203E-03 8.0494369E-02 3.3631856E-02 1.3251168E-04 1.8128625E+00 1.8459601E+01 -4.4189462E-02
3.1381000E+02 2.5927000E+02 8.6700000E+00 3.4000000E+02 10 5.5001206E+01 2.0603175E-01 5.0313370E-01 -3.1771238E-02 1.1301571E-02 1.1807740E-02 1.1497985E-02 5.5492124E-04 2.2018994E-04 6.0304742E-03 1.0416145E-04 5.9732906E-03 8.5992817E-02 3.3742647E-02 1.3582347E-04 1.7214230E+00 1.8535240E+01 -5.4288830E-02
3.1381000E+02 2.5927000E+02 8.6700000E+00 3.4500000E+02 10 5.4971591E+01 2.1908970E-01 5.2801537E-01 -3.1705674E-02 1.1640920E-02 1.1836433E-02 1.1525420E-02 5.5717330E-04 2.2183509E-04 6.2123337E-03 1.0458417E-04 6.1296043E-03 9.1189896E-02 3.4751987E-02 1.4089718E-04 1.6595547E+00 1.8583857E+01 -6.2629969E-02
3.1381000E+02 2.5927000E+02 8.6700000E+00 3.5000000E+02 10 5.4948056E+01 2.3040105E-01 5.4915790E-01 -3.1656987E-02 1.2059803E-02 1.1867095E-02 1.1555053E-02 5.5901755E-04 2.2629204E-04 6.4360642E-03 1.0493034E-04 6.3220946E-03 9.5214424E-02 3.5998107E-02 1.4572660E-04 1.6212918E+00 1.8613275E+01 -6.8543553E-02
3.1381000E+02 2.5927000E+02 8.6700000E+00 3.5500000E+02 10 5.4930872E+01 2.3922633E-01 5.6535940E-01 -3.1589803E-02 1.2450203E-02 1.1890555E-02 1.1577681E-02 5.6050970E-04 2.3151816E-04 6.6446259E-03 1.0521043E-04 6.5011409E-03 9.8092085E-02 3.7159512E-02 1.4964636E-04 1.5979938E+00 1.8631314E+01 -7.2483936E-02
3.1381000E+02 2.5927000E+02 8.6700000E+00 3.6000000E+02 10 5.4918722E+01 2.4582897E-01 5.7727483E-01 -3.1505409E-02 1.2777655E-02 1.1906397E-02 1.1592860E-02 5.6169662E-04 2.3658730E-04 6.8196056E-03 1.0543322E-04 6.6511824E-03 1.0008941E-01 3.8133657E-02 1.5264132E-04 1.5836792E+00 1.8642638E+01 -7.5055453E-02
3.1381000E+02 2.5927000E+02 8.6700000E+00 3.6500000E+02 10 5.4910199E+01 2.5070129E-01 5.8592335E-01 -3.1412230E-02 1.3040051E-02 1.1916537E-02 1.1602486E-02 5.6261736E-04 2.4114048E-04 6.9597693E-03 1.0560605E-04 6.7714305E-03 1.0146647E-01 3.8914278E-02 1.5487712E-04 1.5747267E+00 1.8649894E+01 -7.6731946E-02
3.1381000E+02 2.5927000E+02 8.6700000E+00 3.7000000E+02 10 5.4904202E+01 2.5429544E-01 5.9220051E-01 -3.1317408E-02 1.3246233E-02 1.1922933E-02 1.1608498E-02 5.6330459E-04 2.4507711E-04 7.0697815E-03 1.0573504E-04 6.8660016E-03 1.0241975E-01 3.9527688E-02 1.5653378E-04 1.5690096E+00 1.8654645E+01 -7.7834432E-02
3.1381000E+02 2.5927000E+02 8.6700000E+00 3.7500000E+02 10 5.4899945E+01 2.5696304E-01 5.9678561E-01 -3.1225522E-02 1.3407143E-02 1.1927037E-02 1.1612334E-02 5.6378589E-04 2.4840971E-04 7.1554735E-03 1.0582538E-04 6.9399068E-03 1.0308579E-01 4.0006434E-02 1.5776084E-04 1.5652761E+00 1.8657793E+01 -7.8569474E-02
3.1381000E+02 2.5927000E+02 8.6700000E+00 3.8000000E+02 10 5.4896888E+01 2.5896281E-01 6.0016838E-01 -3.1139091E-02 1.3532787E-02 1.1929805E-02 1.1614934E-02 5.6408487E-04 2.5119334E-04 7.2221699E-03 1.0588150E-04 6.9977341E-03 1.0355672E-01 4.0380283E-02 1.5867184E-04 1.5627806E+00 1.8659963E+01 -7.9067717E-02
3.1381000E+02 2.5927000E+02 8.6700000E+00 3.8500000E+02 10 5.4894664E+01 2.6048034E-01 6.0269475E-01 -3.1059283E-02 1.3631388E-02 1.1931822E-02 1.1616875E-02 5.6422202E-04 2.5349848E-04 7.2742438E-03 1.0590725E-04 7.0432568E-03 1.0389426E-01 4.0673691E-02 1.5935253E-04 1.5610709E+00 1.8661479E+01 -7.9411848E-02
3.1381000E+02 2.5927000E+02 8.6700000E+00 3.9000000E+02 10 5.4893022E+01 2.6164739E-01 6.0460728E-01 -3.0986440E-02 1.3709352E-02 1.1933433E-02 1.1618490E-02 5.6421530E-04 2.5539594E-04 7.3151262E-03 1.0590599E-04 7.0793944E-03 1.0413983E-01 4.0905715E-02 1.5986273E-04 1.5598677E+00 1.8662581E+01 -7.9654675E-02
3.1381000E+02 2.5927000E+02 8.6700000E+00 3.9500000E+02 10 5.4891791E+01 2.6255778E-01 6.0607632E-01 -3.0920437E-02 1.3771567E-02 1.1934826E-02 1.1619958E-02 5.6408066E-04 2.5695436E-04 7.3474700E-03 1.0588071E-04 7.1083387E-03 1.0432142E-01 4.1090887E-02 1.6024794E-04 1.5589953E+00 1.8663410E+01 -7.9830194E-02
3.1381000E+02 2.5927000E+02 8.6700000E+00 4.0000000E+02 10 5.4890854E+01 2.6327829E-01 6.0722181E-01 -3.0860896E-02 1.3821706E-02 1.1936095E-02 1.1621365E-02 5.6383230E-04 2.5823456E-04 7.3732908E-03 1.0583410E-04 7.1317208E-03 1.0445804E-01 4.1240134E-02 1.6053885E-04 1.5583415E+00 1.8664060E+01 -7.9960595E-02
3.1381000E+02 2.5927000E+02 8.6700000E+00 4.0500000E+02 10 5.4890127E+01 2.6385663E-01 6.0812855E-01 -3.0807321E-02 1.3862512E-02 1.1937279E-02 1.1622744E-02 5.6348299E-04 2.5929092E-04 7.3941000E-03 1.0576853E-04 7.1507535E-03 1.0456276E-01 4.1361611E-02 1.6075965E-04 1.5578335E+00 1.8664588E+01 -8.0060541E-02
3.1381000E+02 2.5927000E+02 8.6700000E+00 4.1000000E+02 10 5.4889555E+01 2.6432733E-01 6.0885706E-01 -3.0759171E-02 1.3896041E-02 1.1938385E-02 1.1624095E-02 5.6304418E-04 2.6016819E-04 7.4110284E-03 1.0568616E-04 7.1663512E-03 1.0464460E-01 4.1461432E-02 1.6092746E-04 1.5574234E+00 1.8665034E+01 -8.0139781E-02
3.1381000E+02 2.5927000E+02 8.6700000E+00 4.1200000E+02 10 5.4882065E+01 2.7913277E-01 6.3831303E-01 -3.0740745E-02 1.6129954E-02 1.3302185E-02 1.2988001E-02 5.6285505E-04 2.8238504E-04 8.5540864E-03 1.0565066E-04 8.2385074E-03 1.0468503E-01 4.8126307E-02 1.9147584E-04 1.5555842E+00 1.8720190E+01 -8.0444739E-02
3.1381000E+02 2.5927000E+02 8.6700000E+00 4.1700000E+02 10 5.4889603E+01 2.6350224E-01 6.0713467E-01 -3.0699351E-02 1.3738422E-02 1.1843104E-02 1.1529226E-02 5.6230700E-04 2.6167847E-04 7.3295224E-03 1.0554779E-04 7.0904239E-03 1.0473213E-01 4.0991029E-02 1.5674455E-04 1.5511893E+00 1.8694979E+01 -8.1126290E-02
3.1381000E+02 2.5927000E+02 8.6700000E+00 4.2200000E+02 10 5.4889231E+01 2.6386079E-01 6.0764471E-01 -3.0662132E-02 1.3765529E-02 1.1838091E-02 1.1524556E-02 5.6169266E-04 2.6065565E-04 7.3430760E-03 1.0543248E-04 7.1027830E-03 1.0478165E-01 4.1071696E-02 1.5872911E-04 1.5509458E+00 1.8684720E+01 -8.1168536E-02
3.1381000E+02 2.5927000E+02 8.6700000E+00 4.2700000E+02 10 5.4888759E+01 2.6448909E-01 6.0867877E-01 -3.0628627E-02 1.3835360E-02 1.1856562E-02 1.1543403E-02 5.6102006E-04 2.6091673E-04 7.3786943E-03 1.0530622E-04 7.1353323E-03 1.0482293E-01 4.1279762E-02 1.6004612E-04 1.5521079E+00 1.8676886E+01 -8.0992568E-02
3.1381000E+02 2.5927000E+02 8.6700000E+00 4.2900000E+02 10 5.4881257E+01 2.7944582E-01 6.3837511E-01 -3.0615792E-02 1.6093419E-02 1.3224321E-02 1.2911317E-02 5.6074218E-04 2.8313695E-04 8.5346441E-03 1.0525407E-04 8.2183464E-03 1.0484921E-01 4.8016533E-02 1.9116349E-04 1.5509427E+00 1.8728242E+01 -8.1191640E-02
3.1381000E+02 2.5927000E+02 8.6700000E+00 4.3000000E+02 10 5.4878967E+01 2.8398746E-01 6.4747547E-01 -3.0609512E-02 1.6780411E-02 1.3661964E-02 1.3349039E-02 5.6060110E-04 2.9139138E-04 8.8858418E-03 1.0522758E-04 8.5483593E-03 1.0485911E-01 5.0066345E-02 1.9844468E-04 1.5495716E+00 1.8749902E+01 -8.1414955E-02
3.1381000E+02 2.5927000E+02 8.6700000E+00 4.3500000E+02 10 5.4888081E+01 2.6590123E-01 6.1167247E-01 -3.0570008E-02 1.4062310E-02 1.2039643E-02 1.1722873E-02 5.6748727E-04 2.6975942E-04 7.4981275E-03 1.0652015E-04 7.2500188E-03 1.0480632E-01 4.1956697E-02 1.5951216E-04 1.5594455E+00 1.8670562E+01 -7.9861415E-02
3.1381000E+02 2.5927000E+02 8.6700000E+00 4.3600000E+02 10 5.4878091E+01 2.8601052E-01 6.5183318E-01 -3.0562770E-02 1.7113134E-02 1.3942736E-02 1.3625297E-02 5.6868610E-04 2.9539103E-04 9.0590104E-03 1.0674518E-04 8.7169066E-03 1.0481519E-01 5.1059679E-02 2.0298477E-04 1.5618885E+00 1.8703456E+01 -7.9496745E-02
3.1381000E+02 2.5927000E+02 8.6700000E+00 4.3700000E+02 10 5.4879124E+01 2.8612357E-01 6.5158782E-01 -3.0300213E-02 1.7160837E-02 1.3980434E-02 1.3662423E-02 5.6971087E-04 2.9939196E-04 9.0842808E-03 1.0693753E-04 8.7402916E-03 1.0459294E-01 5.1201801E-02 2.0114471E-04 1.5642082E+00 1.8713465E+01 -7.9049555E-02
3.1381000E+02 2.5927000E+02 8.6700000E+00 4.3800000E+02 10 5.4882647E+01 2.8568212E-01 6.4921741E-01 -2.9511800E-02 1.7181465E-02 1.4006921E-02 1.3688366E-02 5.7068605E-04 3.0246355E-04 9.0954764E-03 1.0712058E-04 8.7508738E-03 1.0392571E-01 5.1263231E-02 1.9973172E-04 1.5667804E+00 1.8719548E+01 -7.8362918E-02
3.1381000E+02 2.5927000E+02 8.6700000E+00 4.4300000E+02 10 5.4949624E+01 2.5906546E-01 5.7075476E-01 -1.6701302E-02 1.4495046E-02 1.2390943E-02 1.2073451E-02 5.6878151E-04 2.7854570E-04 7.7189193E-03 1.0676309E-04 7.4603821E-03 9.3112472E-02 4.3248091E-02 1.6304356E-04 1.6036246E+00 1.8605981E+01 -6.8317016E-02
3.1381000E+02 2.5927000E+02 8.6700000E+00 4.4400000E+02 10 5.4953137E+01 2.7607423E-01 5.9953045E-01 -1.3845714E-02 1.7396370E-02 1.4290458E-02 1.3973233E-02 5.6830333E-04 3.0205987E-04 9.1996601E-03 1.0667333E-04 8.8574822E-03 9.0719394E-02 5.1906447E-02 2.0396119E-04 1.6127203E+00 1.8635911E+01 -6.6089787E-02
3.1381000E+02 2.5927000E+02 8.6700000E+00 4.4500000E+02 10 5.4967075E+01 2.7404567E-01 5.8947563E-01 -1.0764773E-02 1.7418411E-02 1.4330786E-02 1.4013783E-02 5.6790578E-04 3.0502350E-04 9.2103417E-03 1.0659871E-04 8.8681727E-03 8.8119716E-02 5.1972355E-02 2.0212695E-04 1.6220907E+00 1.8639685E+01 -6.3790540E-02
3.1381000E+02 2.5927000E+02 8.6700000E+00 4.5000000E+02 10 5.5036487E+01 2.4878545E-01 5.1216114E-01 2.7772308E-03 1.5012938E-02 1.2871977E-02 1.2555645E-02 5.6670317E-04 2.8500697E-04 7.9787538E-03 1.0637297E-04 7.7122056E-03 7.6679617E-02 4.4795166E-02 1.6895726E-04 1.6782793E+00 1.8482501E+01 -5.2620407E-02
3.1381000E+02 2.5927000E+02 8.6700000E+00 4.5300000E+02 10 5.5065247E+01 2.5334716E-01 5.0758890E-01 1.0174173E-02 1.6530534E-02 1.4007778E-02 1.3692123E-02 5.6549070E-04 2.9855557E-04 8.7491892E-03 1.0614539E-04 8.4465813E-03 7.0450147E-02 4.9325808E-02 1.8913595E-04 1.7130480E+00 1.8473530E+01 -4.6748996E-02
3.1381000E+02 2.5927000E+02 8.6700000E+00 4.5400000E+02 10 5.5072021E+01 2.5976901E-01 5.1676046E-01 1.2551671E-02 1.7804852E-02 1.4995893E-02 1.4680478E-02 5.6506154E-04 3.0901648E-04 9.3954297E-03 1.0606483E-04 9.0649815E-03 6.8451426E-02 5.3130619E-02 2.0386145E-04 1.7249467E+00 1.8490744E+01 -4.4902227E-02
3.1381000E+02 2.5927000E+02 8.6700000E+00 4.5900000E+02 10 5.5129711E+01 2.3310692E-01 4.4199291E-01 2.3157659E-02 1.4840658E-02 1.3114310E-02 1.2801167E-02 5.6099041E-04 2.8109283E-04 7.8785215E-03 1.0530066E-04 7.6355313E-03 5.9516565E-02 4.4285200E-02 1.6465779E-04 1.7499476E+00 1.8432085E+01 -3.9534600E-02
3.1381000E+02 2.5927000E+02 8.6700000E+00 4.6400000E+02 10 5.5166464E+01 2.2558355E-01 4.1217011E-01 3.1042936E-02 1.4561686E-02 1.3115013E-02 1.2803366E-02 5.5831092E-04 2.7279089E-04 7.7302904E-03 1.0479771E-04 7.5042496E-03 5.2887752E-02 4.3454767E-02 1.6355755E-04 1.7727588E+00 1.8404464E+01 -3.5465409E-02
3.1381000E+02 2.5927000E+02 8.6700000E+00 4.6900000E+02 10 5.5193398E+01 2.2009184E-01 3.9046316E-01 3.6830717E-02 1.4365001E-02 1.3143628E-02 1.2833267E-02 5.5600680E-04 2.6533680E-04 7.6256912E-03 1.0436521E-04 7.4112170E-03 4.8029443E-02 4.2869324E-02 1.6272540E-04 1.7925324E+00 1.8379174E+01 -3.2437248E-02
3.1381000E+02 2.5927000E+02 8.6700000E+00 4.7400000E+02 10 5.5213377E+01 2.1585776E-01 3.7419420E-01 4.1111411E-02 1.4197175E-02 1.3175428E-02 1.2866236E-02 5.5391134E-04 2.5834152E-04 7.5367074E-03 1.0397188E-04 7.3313250E-03 4.4443138E-02 4.2369662E-02 1.6176175E-04 1.8075887E+00 1.8360990E+01 -3.0284423E-02
3.1381000E+02 2.5927000E+02 8.6700000E+00 4.7900000E+02 10 5.5228406E+01 2.1248437E-01 3.6171206E-01 4.4314426E-02 1.4043220E-02 1.3200276E-02 1.2892170E-02 5.5196693E-04 2.5187417E-04 7.4554644E-03 1.0360691E-04 7.2575299E-03 4.1766015E-02 4.1911120E-02 1.6072644E-04 1.8180629E+00 1.8349265E+01 -2.8790126E-02
3.1381000E+02 2.5927000E+02 8.6700000E+00 4.8100000E+02 10 5.5228135E+01 2.2250118E-01 3.8133842E-01 4.5446878E-02 1.5783773E-02 1.4562801E-02 1.4255117E-02 5.5121100E-04 2.6440064E-04 8.3391589E-03 1.0346502E-04 8.1006943E-03 4.0830817E-02 4.7107525E-02 1.8485523E-04 1.8191421E+00 1.8410494E+01 -2.8442752E-02
3.1381000E+02 2.5927000E+02 8.6700000E+00 4.8200000E+02 10 5.5229034E+01 2.2514117E-01 3.8635509E-01 4.5978648E-02 1.6280277E-02 1.5003340E-02 1.4695863E-02 5.5083828E-04 2.6786855E-04 8.5903558E-03 1.0339505E-04 8.3420193E-03 4.0389521E-02 4.8590125E-02 1.9021835E-04 1.8182498E+00 1.8434483E+01 -2.8367369E-02
3.1381000E+02 2.5927000E+02 8.6700000E+00 4.8700000E+02 10 5.5247858E+01 2.0524870E-01 3.4048104E-01 4.8129283E-02 1.3369529E-02 1.2941027E-02 1.2634750E-02 5.4868937E-04 2.3989195E-04 7.1086336E-03 1.0299169E-04 6.9316638E-03 3.8587520E-02 3.9901288E-02 1.5129544E-04 1.7960082E+00 1.8429031E+01 -2.9205672E-02
3.1381000E+02 2.5927000E+02 8.6700000E+00 4.9200000E+02 10 5.5256032E+01 2.0254512E-01 3.3187959E-01 4.9777013E-02 1.3129032E-02 1.2807997E-02 1.2502560E-02 5.4718448E-04 2.3268719E-04 6.9859055E-03 1.0270922E-04 6.8137037E-03 3.7221154E-02 3.9183664E-02 1.5150716E-04 1.7884172E+00 1.8429348E+01 -2.9255256E-02
3.1381000E+02 2.5927000E+02 8.6700000E+00 4.9700000E+02 10 5.5262067E+01 2.0105807E-01 3.2628197E-01 5.1058412E-02 1.3027353E-02 1.2734694E-02 1.2430028E-02 5.4580333E-04 2.2832803E-04 6.9349795E-03 1.0244997E-04 6.7616691E-03 3.6162420E-02 3.8879963E-02 1.5205910E-04 1.7877577E+00 1.8423334E+01 -2.8959183E-02
3.1381000E+02 2.5927000E+02 8.6700000E+00 5.0200000E+02 10 5.5266743E+01 2.0005976E-01 3.2217099E-01 5.2073116E-02 1.2970818E-02 1.2686394E-02 1.2382476E-02 5.4446413E-04 2.2537753E-04 6.9070772E-03 1.0219860E-04 6.7314654E-03 3.5327726E-02 3.8710997E-02 1.5233820E-04 1.7886970E+00 1.8418445E+01 -2.8634890E-02
3.1381000E+02 2.5927000E+02 8.6700000E+00 5.0500000E+02 10 5.5265403E+01 2.0712573E-01 3.3612464E-01 5.2602905E-02 1.4151758E-02 1.3531319E-02 1.3227845E-02 5.4366867E-04 2.3529872E-04 7.5092301E-03 1.0204928E-04 7.3000838E-03 3.4900282E-02 4.2235726E-02 1.6918103E-04 1.7833358E+00 1.8469318E+01 -2.8843039E-02
3.1381000E+02 2.5927000E+02 8.6700000E+00 5.0600000E+02 10 5.5262614E+01 2.1411674E-01 3.5091048E-01 5.2771298E-02 1.5293878E-02 1.4413341E-02 1.4110014E-02 5.4340424E-04 2.4410777E-04 8.0894739E-03 1.0199965E-04 7.8533017E-03 3.4768690E-02 4.5645515E-02 1.8435486E-04 1.7806645E+00 1.8497386E+01 -2.8973348E-02
3.1381000E+02 2.5927000E+02 8.6700000E+00 5.1100000E+02 10 5.5274730E+01 1.9573747E-01 3.1054939E-01 5.3500900E-02 1.2443411E-02 1.2341671E-02 1.2039512E-02 5.4131148E-04 2.1876086E-04 6.6385926E-03 1.0160683E-04 6.4719878E-03 3.4163003E-02 3.7136566E-02 1.4441293E-04 1.7587397E+00 1.8492793E+01 -3.0201210E-02
3.1381000E+02 2.5927000E+02 8.6700000E+00 5.1600000E+02 10 5.5277651E+01 1.9474532E-01 3.0697402E-01 5.4098121E-02 1.2329729E-02 1.2199899E-02 1.1898598E-02 5.3977656E-04 2.1510585E-04 6.5818117E-03 1.0131872E-04 6.4135997E-03 3.3681484E-02 3.6796880E-02 1.4575760E-04 1.7518637E+00 1.8491563E+01 -3.0493673E-02
3.1381000E+02 2.5927000E+02 8.6700000E+00 5.2100000E+02 10 5.5279780E+01 1.9451218E-01 3.0508083E-01 5.4595590E-02 1.2319169E-02 1.2118013E-02 1.1817523E-02 5.3832428E-04 2.1365346E-04 6.5779107E-03 1.0104611E-04 6.4046927E-03 3.3282778E-02 3.6764804E-02 1.4697493E-04 1.7512868E+00 1.8485856E+01 -3.0393764E-02
3.1381000E+02 2.5927000E+02 8.6700000E+00 5.2600000E+02 10 5.5281509E+01 1.9444170E-01 3.0373180E-01 5.5016563E-02 1.2328369E-02 1.2061187E-02 1.1761493E-02 5.3689648E-04 2.1301608E-04 6.5836962E-03 1.0077811E-04 6.4058100E-03 3.2947705E-02 3.6791841E-02 1.4768568E-04 1.7519826E+00 1.8481643E+01 -3.0231794E-02
3.1381000E+02 2.5927000E+02 8.6700000E+00 5.3100000E+02 10 5.5282992E+01 1.9436558E-01 3.0256219E-01 5.5377509E-02 1.2333992E-02 1.2014658E-02 1.1715750E-02 5.3548896E-04 2.1258191E-04 6.5873048E-03 1.0051391E-04 6.4056504E-03 3.2662514E-02 3.6808335E-02 1.4801591E-04 1.7524667E+00 1.8479532E+01 -3.0102042E-02
3.1381000E+02 2.5927000E+02 8.6700000E+00 5.3600000E+02 10 5.5284288E+01 1.9426438E-01 3.0149025E-01 5.5690510E-02 1.2333526E-02 1.1973300E-02 1.1675163E-02 5.3410699E-04 2.1217725E-04 6.5876076E-03 1.0025451E-04 6.4028317E-03 3.2417070E-02 3.6806740E-02 1.4814241E-04 1.7525356E+00 1.8478772E+01 -3.0013857E-02
3.1381000E+02 2.5927000E+02 8.6700000E+00 5.4100000E+02 10 5.5285431E+01 1.9415044E-01 3.0050606E-01 5.5964645E-02 1.2329021E-02 1.1935456E-02 1.1638074E-02 5.3275467E-04 2.1177577E-04 6.5857506E-03 1.0000067E-04 6.3982267E-03 3.2203745E-02 3.6793128E-02 1.4817258E-04 1.7522958E+00 1.8478735E+01 -2.9957157E-02
3.1381000E+02 2.5927000E+02 8.6700000E+00 5.4600000E+02 10 5.5286442E+01 1.9403624E-01 2.9960956E-01 5.6206870E-02 1.2322549E-02 1.1900510E-02 1.1603866E-02 5.3143327E-04 2.1139020E-04 6.5828441E-03 9.9752638E-05 6.3927728E-03 3.2016704E-02 3.6773666E-02 1.4816034E-04 1.7518724E+00 1.8479063E+01 -2.9921491E-02
3.1381000E+02 2.5927000E+02 8.6700000E+00 5.5100000E+02 10 5.5287340E+01 1.9392906E-01 2.9879771E-01 5.6422591E-02 1.2315441E-02 1.1868108E-02 1.1572184E-02 5.3014208E-04 2.1103170E-04 6.5795908E-03 9.9510275E-05 6.3870826E-03 3.1851420E-02 3.6752317E-02 1.4813089E-04 1.7513528E+00 1.8479560E+01 -2.9899499E-02
3.1381000E+02 2.5927000E+02 8.6700000E+00 5.5600000E+02 10 5.5288143E+01 1.9383232E-01 2.9806440E-01 5.6616068E-02 1.2308430E-02 1.1837961E-02 1.1542742E-02 5.2887949E-04 2.1070945E-04 6.5763649E-03 9.9273281E-05 6.3815037E-03 3.1704339E-02 3.6731260E-02 1.4809550E-04 1.7507890E+00 1.8480129E+01 -2.9886514E-02
3.1381000E+02 2.5927000E+02 8.6700000E+00 5.6100000E+02 10 5.5288862E+01 1.9374712E-01 2.9740208E-01 5.6790699E-02 1.2301875E-02 1.1809808E-02 1.1515279E-02 5.2764359E-04 2.1042788E-04 6.5733492E-03 9.9041297E-05 6.3762073E-03 3.1572632E-02 3.6711570E-02 1.4805896E-04 1.7502103E+00 1.8480727E+01 -2.9879678E-02
3.1381000E+02 2.5927000E+02 8.6700000E+00 5.6600000E+02 10 5.5289511E+01 1.9367322E-01 2.9680290E-01 5.6949226E-02 1.2295921E-02 1.1783411E-02 1.1489558E-02 5.2643250E-04 2.1018502E-04 6.5706204E-03 9.8813970E-05 6.3712582E-03 3.1454023E-02 3.6693680E-02 1.4802308E-04 1.7496321E+00 1.8481334E+01 -2.9877203E-02
3.1381000E+02 2.5927000E+02 8.6700000E+00 5.7100000E+02 10 5.5290097E+01 1.9360982E-01 2.9625939E-01 5.7093883E-02 1.2290603E-02 1.1758560E-02 1.1465370E-02 5.2524450E-04 2.0997792E-04 6.5681968E-03 9.8590975E-05 6.3666680E-03 3.1346659E-02 3.6677688E-02 1.4798919E-04 1.7490621E+00 1.8481935E+01 -2.9877966E-02
3.1381000E+02 2.5927000E+02 8.6700000E+00 5.7600000E+02 10 5.5290631E+01 1.9355584E-01 2.9576476E-01 5.7226514E-02 1.2285893E-02 1.1735074E-02 1.1442535E-02 5.2407802E-04 2.0980237E-04 6.5660674E-03 9.8372022E-05 6.3624196E-03 3.1249015E-02 3.6663516E-02 1.4795697E-04 1.7485036E+00 1.8482528E+01 -2.9881235E-02
3.1381000E+02 2.5927000E+02 8.6700000E+00 5.8100000E+02 10 5.5291117E+01 1.9351033E-01 2.9531315E-01 5.7348652E-02 1.2281748E-02 1.1712795E-02 1.1420896E-02 5.2293170E-04 2.0965349E-04 6.5642051E-03 9.8156853E-05 6.3584950E-03 3.1159827E-02 3.6651034E-02 1.4792671E-04 1.7479576E+00 1.8483108E+01 -2.9886517E-02
3.1381000E+02 2.5927000E+02 8.6700000E+00 5.8200000E+02 10 5.5283134E+01 2.0973546E-01 3.2921321E-01 5.7372672E-02 1.4840454E-02 1.3501586E-02 1.3209815E-02 5.2270324E-04 2.3001990E-04 7.8689363E-03 9.8113968E-05 7.5927796E-03 3.1157398E-02 4.4288416E-02 1.8519822E-04 1.7473629E+00 1.8525666E+01 -2.9926259E-02
3.1381000E+02 2.5927000E+02 8.6700000E+00 5.8700000E+02 10 5.5291999E+01 1.9266413E-01 2.9341612E-01 5.7456328E-02 1.2166197E-02 1.1646346E-02 1.1353332E-02 5.2492984E-04 2.1002114E-04 6.5072846E-03 9.8531913E-05 6.3034993E-03 3.1060718E-02 3.6306011E-02 1.4492759E-04 1.7409976E+00 1.8505565E+01 -3.0323365E-02
3.1381000E+02 2.5927000E+02 8.6700000E+00 5.9200000E+02 10 5.5292386E+01 1.9254305E-01 2.9296359E-01 5.7530243E-02 1.2155061E-02 1.1628654E-02 1.1334534E-02 5.2691068E-04 2.0950355E-04 6.5035662E-03 9.8903727E-05 6.2989228E-03 3.0989948E-02 3.6272694E-02 1.4588594E-04 1.7404564E+00 1.8499755E+01 -3.0335409E-02
3.1381000E+02 2.5927000E+02 8.6700000E+00 5.9700000E+02 10 5.5292607E+01 1.9269182E-01 2.9304420E-01 5.7597221E-02 1.2182582E-02 1.1632365E-02 1.1337296E-02 5.2861173E-04 2.0979255E-04 6.5196161E-03 9.9223021E-05 6.3124892E-03 3.0926356E-02 3.6354647E-02 1.4661059E-04 1.7423642E+00 1.8493363E+01 -3.0186182E-02
3.1381000E+02 2.5927000E+02 8.6700000E+00 6.0200000E+02 10 5.5292810E+01 1.9282874E-01 2.9314026E-01 5.7659676E-02 1.2208742E-02 1.1640541E-02 1.1344692E-02 5.3000742E-04 2.1021921E-04 6.5346172E-03 9.9485000E-05 6.3253535E-03 3.0868249E-02 3.6432598E-02 1.4697881E-04 1.7442664E+00 1.8488953E+01 -3.0040463E-02
3.1381000E+02 2.5927000E+02 8.6700000E+00 6.0700000E+02 10 5.5293030E+01 1.9289395E-01 2.9312311E-01 5.7719108E-02 1.2224355E-02 1.1646087E-02 1.1349634E-02 5.3109036E-04 2.1053525E-04 6.5438709E-03 9.9688273E-05 6.3330869E-03 3.0814557E-02 3.6479128E-02 1.4709855E-04 1.7455091E+00 1.8486532E+01 -2.9940810E-02
3.1381000E+02 2.5927000E+02 8.6700000E+00 6.1200000E+02 10 5.5293265E+01 1.9290281E-01 2.9300707E-01 5.7776261E-02 1.2231156E-02 1.1647475E-02 1.1350574E-02 5.3189323E-04 2.1073148E-04 6.5483578E-03 9.9838976E-05 6.3364606E-03 3.0764532E-02 3.6499385E-02 1.4709483E-04 1.7461434E+00 1.8485363E+01 -2.9882928E-02
3.1381000E+02 2.5927000E+02 8.6700000E+00 6.1700000E+02 10 5.5293503E+01 1.9288037E-01 2.9283094E-01 5.7831509E-02 1.2232526E-02 1.1645103E-02 1.1347885E-02 5.3246136E-04 2.1082172E-04 6.5498877E-03 9.9945617E-05 6.3370711E-03 3.0717608E-02 3.6503432E-02 1.4703883E-04 1.7463562E+00 1.8484942E+01 -2.9853821E-02
3.1381000E+02 2.5927000E+02 8.6700000E+00 6.2200000E+02 10 5.5293737E+01 1.9284432E-01 2.9262502E-01 5.7885056E-02 1.2231016E-02 1.1639781E-02 1.1342353E-02 5.3283863E-04 2.1087144E-04 6.5498176E-03 1.0001643E-04 6.3361521E-03 3.0673347E-02 3.6498880E-02 1.4696834E-04 1.7463063E+00 1.8484919E+01 -2.9842777E-02
3.1381000E+02 2.5927000E+02 8.6700000E+00 6.2700000E+02 10 5.5293963E+01 1.9280499E-01 2.9240808E-01 5.7937026E-02 1.2228186E-02 1.1632264E-02 1.1334710E-02 5.3306265E-04 2.1088569E-04 6.5489763E-03 1.0005848E-04 6.3344746E-03 3.0631405E-02 3.6490380E-02 1.4689647E-04 1.7460997E+00 1.8485105E+01 -2.9842679E-02
3.1381000E+02 2.5927000E+02 8.6700000E+00 6.3200000E+02 10 5.5294181E+01 1.9276757E-01 2.9219055E-01 5.7987507E-02 1.2224897E-02 1.1623147E-02 1.1325537E-02 5.3316397E-04 2.1088900E-04 6.5478284E-03 1.0007750E-04 6.3324709E-03 3.0591512E-02 3.6480502E-02 1.4682939E-04 1.7458014E+00 1.8485421E+01 -2.9849161E-02
3.1381000E+02 2.5927000E+02 8.6700000E+00 6.3700000E+02 10 5.5294388E+01 1.9273444E-01 2.9197786E-01 5.8036568E-02 1.2221595E-02 1.1612883E-02 1.1315271E-02 5.3316672E-04 2.1089217E-04 6.5466152E-03 1.0007801E-04 6.3303789E-03 3.0553449E-02 3.6470583E-02 1.4676888E-04 1.7454507E+00 1.8485802E+01 -2.9859592E-02
3.1381000E+02 2.5927000E+02 8.6700000E+00 6.4200000E+02 10 5.5294586E+01 1.9270618E-01 2.9177234E-01 5.8084268E-02 1.2218483E-02 1.1601804E-02 1.1304235E-02 5.3308969E-04 2.1089996E-04 6.5454554E-03 1.0006356E-04 6.3283068E-03 3.0517041E-02 3.6461225E-02 1.4671494E-04 1.7450701E+00 1.8486216E+01 -2.9872456E-02
3.1381000E+02 2.5927000E+02 8.6700000E+00 6.4700000E+02 10 5.5294775E+01 1.9268271E-01 2.9157484E-01 5.8130665E-02 1.2215637E-02 1.1590157E-02 1.1292667E-02 5.3294746E-04 2.1091364E-04 6.5443966E-03 1.0003686E-04 6.3263039E-03 3.0482140E-02 3.6452657E-02 1.4666651E-04 1.7446721E+00 1.8486653E+01 -2.9886893E-02
3.1381000E+02 2.5927000E+02 8.6700000E+00 6.5000000E+02 10 5.5290970E+01 2.0053783E-01 3.0784293E-01 5.8158045E-02 1.3454753E-02 1.2421596E-02 1.2124165E-02 5.3284131E-04 2.2306171E-04 7.1781663E-03 1.0001693E-04 6.9217726E-03 3.0468903E-02 4.0150549E-02 1.6408200E-04 1.7378915E+00 1.8535939E+01 -3.0341558E-02
