x y z_datum Time Well_no H2O H O Charge Al C Ca Cl Fe K Mg Na S Si U pH pe Alkalinity
3.1381000E+02 2.5927000E+02 8.6700000E+00 0.0000000E+00 10 9.9704301E-01 7.2098600E-06 6.6484776E-04 -3.2324431E-06 0.0000000E+00 1.0067647E-04 6.3262499E-05 4.3211171E-04 0.0000000E+00 2.8240956E-04 5.5605061E-05 2.2967748E-04 1.4127542E-04 0.0000000E+00 0.0000000E+00 7.0300000E+00 -2.2001569E+00 7.1999443E-03
3.1381000E+02 2.5927000E+02 8.6700000E+00 5.0000000E+00 10 5.5328692E+01 1.8930348E-02 6.2088495E-02 -3.0322661E-03 0.0000000E+00 7.2990695E-03 1.3745566E-03 1.0613665E-02 0.0000000E+00 6.2899014E-03 1.9922371E-03 8.6997253E-03 1.0295871E-02 0.0000000E+00 0.0000000E+00 5.3441650E+00 1.0002398E+01 1.2888492E-03
3.1381000E+02 2.5927000E+02 8.6700000E+00 1.0000000E+01 10 5.5310519E+01 3.2640317E-02 1.0409653E-01 -2.7529057E-03 1.0482428E-03 7.8887551E-03 3.1908828E-03 8.4161588E-03 1.4435481E-05 5.5047367E-03 1.5797544E-03 7.4239163E-03 1.8529199E-02 3.1348340E-03 1.5287883E-05 2.5412335E+00 1.7612118E+01 -5.3058854E-03
3.1381000E+02 2.5927000E+02 8.6700000E+00 1.5000000E+01 10 5.5289290E+01 5.5583926E-02 1.5008558E-01 -2.5118586E-03 2.5377858E-03 8.2305032E-03 4.5910419E-03 6.5200335E-03 3.3982021E-05 5.1260374E-03 1.2238424E-03 6.6049063E-03 2.5634198E-02 7.5847809E-03 3.6705973E-05 2.2530478E+00 1.7962015E+01 -1.0972820E-02
3.1381000E+02 2.5927000E+02 8.6700000E+00 2.0000000E+01 10 5.5272013E+01 7.5565962E-02 1.8773720E-01 -2.3317872E-03 3.8885523E-03 8.4747176E-03 5.6259300E-03 5.1035549E-03 5.3207175E-05 4.9656684E-03 9.5796236E-04 6.1064656E-03 3.0942400E-02 1.1618939E-02 5.5742095E-05 2.1448138E+00 1.8094483E+01 -1.4666892E-02
3.1381000E+02 2.5927000E+02 8.6700000E+00 2.5000000E+01 10 5.5259226E+01 9.0807934E-02 2.1595308E-01 -2.2040478E-03 4.9553695E-03 8.6819972E-03 6.3940988E-03 4.0987313E-03 6.9543926E-05 4.9081672E-03 7.6935202E-04 5.8042187E-03 3.4708216E-02 1.4804545E-02 7.0404180E-05 2.0944175E+00 1.8155751E+01 -1.6927053E-02
3.1381000E+02 2.5927000E+02 8.6700000E+00 3.0000000E+01 10 5.5250088E+01 1.0184287E-01 2.3644938E-01 -2.1145175E-03 5.7553129E-03 8.8689816E-03 6.9742008E-03 3.3944678E-03 8.2660467E-05 4.8946604E-03 6.3715829E-04 5.6173437E-03 3.7347775E-02 1.7193061E-02 8.1102761E-05 2.0689972E+00 1.8186344E+01 -1.8285977E-02
3.1381000E+02 2.5927000E+02 8.6700000E+00 3.5000000E+01 10 5.5243586E+01 1.0974523E-01 2.5126817E-01 -2.0514461E-03 6.3435677E-03 9.0397058E-03 7.4218647E-03 2.8983351E-03 9.2860835E-05 4.8976598E-03 5.4403175E-04 5.4976942E-03 3.9207361E-02 1.8949463E-02 8.8746412E-05 2.0557226E+00 1.8202253E+01 -1.9103100E-02
3.1381000E+02 2.5927000E+02 8.6700000E+00 4.0000000E+01 10 5.5238939E+01 1.1540166E-01 2.6203268E-01 -2.0064458E-03 6.7732973E-03 9.1954897E-03 7.7752401E-03 2.5443533E-03 1.0065179E-04 4.9047575E-03 4.7758763E-04 5.4173174E-03 4.0534204E-02 2.0232555E-02 9.4173365E-05 2.0486881E+00 1.8210713E+01 -1.9599782E-02
3.1381000E+02 2.5927000E+02 8.6700000E+00 4.5000000E+01 10 5.5235585E+01 1.1946971E-01 2.6992836E-01 -1.9738007E-03 7.0872459E-03 9.3373486E-03 8.0604397E-03 2.2875607E-03 1.0655305E-04 4.9108846E-03 4.2938639E-04 5.3602314E-03 4.1496795E-02 2.1169975E-02 9.8031353E-05 2.0449542E+00 1.8215242E+01 -1.9907164E-02
3.1381000E+02 2.5927000E+02 8.6700000E+00 5.0000000E+01 10 5.5233133E+01 1.2241991E-01 2.7579664E-01 -1.9496602E-03 7.3176696E-03 9.4663981E-03 8.2954877E-03 2.0976661E-03 1.1101590E-04 4.9144062E-03 3.9374225E-04 5.3173149E-03 4.2208648E-02 2.1858029E-02 1.0078963E-04 2.0429919E+00 1.8217717E+01 -2.0102056E-02
3.1381000E+02 2.5927000E+02 8.6700000E+00 5.5000000E+01 10 5.5231314E+01 1.2458341E-01 2.8022803E-01 -1.9314285E-03 7.4881833E-03 9.5838145E-03 8.4929574E-03 1.9542520E-03 1.1440756E-04 4.9151782E-03 3.6682271E-04 5.2833184E-03 4.2746289E-02 2.2367216E-02 1.0278121E-04 2.0419842E+00 1.8219039E+01 -2.0229498E-02
3.1381000E+02 2.5927000E+02 8.6700000E+00 6.0000000E+01 10 5.5229940E+01 1.2619202E-01 2.8363534E-01 -1.9173484E-03 7.6157946E-03 9.6907524E-03 8.6617194E-03 1.8434953E-03 1.1700899E-04 4.9136261E-03 3.4603313E-04 5.2551762E-03 4.3161521E-02 2.2748309E-02 1.0423596E-04 2.0414876E+00 1.8219760E+01 -2.0316045E-02
3.1381000E+02 2.5927000E+02 8.6700000E+00 6.5000000E+01 10 5.5228883E+01 1.2740774E-01 2.8630730E-01 -1.9062232E-03 7.7126634E-03 9.7882865E-03 8.8081030E-03 1.7559823E-03 1.1903550E-04 4.9103188E-03 3.2960651E-04 5.2310946E-03 4.3489629E-02 2.3037610E-02 1.0531463E-04 2.0412622E+00 1.8220138E+01 -2.0377360E-02
3.1381000E+02 2.5927000E+02 8.6700000E+00 6.6000000E+01 10 5.5223177E+01 1.3870406E-01 3.1406549E-01 -1.9041076E-03 9.6961546E-03 1.1796033E-02 1.0825138E-02 1.7393406E-03 1.3680747E-04 5.8930377E-03 3.2648278E-04 6.1960288E-03 4.3568802E-02 2.8963418E-02 1.3697908E-04 2.0399213E+00 1.8260381E+01 -2.0450971E-02
3.1381000E+02 2.5927000E+02 8.6700000E+00 6.7000000E+01 10 5.5223099E+01 1.3869479E-01 3.1406445E-01 -1.9020935E-03 9.6784172E-03 1.1785214E-02 1.0823164E-02 1.7234966E-03 1.3836608E-04 5.8752730E-03 3.2350879E-04 6.1736071E-03 4.3627043E-02 2.8910064E-02 1.3479909E-04 2.0356018E+00 1.8280968E+01 -2.0653985E-02
3.1381000E+02 2.5927000E+02 8.6700000E+00 7.2000000E+01 10 5.5225182E+01 1.2837063E-01 2.8892002E-01 -1.8633417E-03 7.6015058E-03 9.7627704E-03 8.8368355E-03 1.6587966E-03 1.2014920E-04 4.7963880E-03 3.1136428E-04 5.0972782E-03 4.4381955E-02 2.2705491E-02 1.0167937E-04 2.0023438E+00 1.8544906E+01 -2.2329410E-02
3.1381000E+02 2.5927000E+02 8.6700000E+00 7.7000000E+01 10 5.5219957E+01 1.3105492E-01 2.9481934E-01 -1.8158046E-03 7.7296020E-03 9.8309291E-03 8.9351083E-03 1.6048478E-03 1.3351534E-04 4.8299373E-03 3.0123783E-04 5.1145591E-03 4.5315656E-02 2.3087641E-02 1.2839644E-04 1.9849860E+00 1.8645852E+01 -2.3364095E-02
3.1381000E+02 2.5927000E+02 8.6700000E+00 8.2000000E+01 10 5.5215147E+01 1.3389634E-01 3.0096360E-01 -1.7743402E-03 7.9172611E-03 9.9334027E-03 9.0631702E-03 1.5590067E-03 1.5146242E-04 4.8988330E-03 2.9263323E-04 5.1669840E-03 4.6138211E-02 2.3647432E-02 1.5917479E-04 1.9769329E+00 1.8693641E+01 -2.3941602E-02
3.1381000E+02 2.5927000E+02 8.6700000E+00 8.7000000E+01 10 5.5211404E+01 1.3623606E-01 3.0604447E-01 -1.7425057E-03 8.0858222E-03 1.0035026E-02 9.1869039E-03 1.5193968E-03 1.6839761E-04 4.9615450E-03 2.8519826E-04 5.2154727E-03 4.6781806E-02 2.4150281E-02 1.8563632E-04 1.9730296E+00 1.8718614E+01 -2.4279263E-02
3.1381000E+02 2.5927000E+02 8.6700000E+00 9.1000000E+01 10 5.5207703E+01 1.4050209E-01 3.1593076E-01 -1.7226763E-03 8.6788896E-03 1.0555232E-02 9.7229796E-03 1.4909663E-03 1.9096204E-04 5.2437432E-03 2.7986171E-04 5.4820378E-03 4.7205631E-02 2.5921182E-02 2.1985906E-04 1.9639315E+00 1.8740312E+01 -2.4840868E-02
3.1381000E+02 2.5927000E+02 8.6700000E+00 9.2000000E+01 10 5.5202878E+01 1.4949965E-01 3.3766876E-01 -1.7180565E-03 1.0222886E-02 1.2040584E-02 1.1212191E-02 1.4840517E-03 2.2764059E-04 6.0140847E-03 2.7856379E-04 6.2360204E-03 4.7355420E-02 3.0533358E-02 2.8291500E-04 1.9605696E+00 1.8749060E+01 -2.5037634E-02
3.1381000E+02 2.5927000E+02 8.6700000E+00 9.7000000E+01 10 5.5202816E+01 1.3908093E-01 3.1348156E-01 -2.1999469E-03 8.1089317E-03 1.0056007E-02 9.2447591E-03 1.4533361E-03 1.9003322E-04 4.9354281E-03 2.7279833E-04 5.1708802E-03 4.8435844E-02 2.4218570E-02 2.1138023E-04 1.9369893E+00 1.8786988E+01 -2.6587333E-02
3.1381000E+02 2.5927000E+02 8.6700000E+00 1.0200000E+02 10 5.5195148E+01 1.4212049E-01 3.2112895E-01 -2.8520128E-03 8.2632608E-03 1.0126744E-02 9.3308896E-03 1.4257602E-03 2.0165962E-04 4.9983473E-03 2.6762219E-04 5.2219927E-03 4.9780297E-02 2.4678853E-02 2.3025064E-04 1.9231821E+00 1.8815243E+01 -2.7694096E-02
3.1381000E+02 2.5927000E+02 8.6700000E+00 1.0700000E+02 10 5.5188411E+01 1.4508113E-01 3.2839635E-01 -3.4246461E-03 8.4503783E-03 1.0218899E-02 9.4369868E-03 1.4007822E-03 2.1370288E-04 5.0795320E-03 2.6293371E-04 5.2910099E-03 5.0936423E-02 2.5236924E-02 2.4749452E-04 1.9159965E+00 1.8832493E+01 -2.8396920E-02
3.1381000E+02 2.5927000E+02 8.6700000E+00 1.1200000E+02 10 5.5183263E+01 1.4746278E-01 3.3420417E-01 -3.8549308E-03 8.6126448E-03 1.0306718E-02 9.5375306E-03 1.3779864E-03 2.2453201E-04 5.1491367E-03 2.5865482E-04 5.3500733E-03 5.1820155E-02 2.5720913E-02 2.6155906E-04 1.9121521E+00 1.8842829E+01 -2.8843808E-02
3.1381000E+02 2.5927000E+02 8.6700000E+00 1.1700000E+02 10 5.5179513E+01 1.4926105E-01 3.3858884E-01 -4.1601546E-03 8.7398705E-03 1.0383505E-02 9.6260057E-03 1.3570478E-03 2.3359170E-04 5.2017929E-03 2.5472455E-04 5.3939875E-03 5.2470630E-02 2.6100419E-02 2.7232645E-04 1.9100006E+00 1.8849122E+01 -2.9134475E-02
3.1381000E+02 2.5927000E+02 8.6700000E+00 1.2200000E+02 10 5.5176804E+01 1.5060186E-01 3.4187108E-01 -4.3733745E-03 8.8370371E-03 1.0449825E-02 9.7031200E-03 1.3377087E-03 2.4095223E-04 5.2399449E-03 2.5109450E-04 5.4248755E-03 5.2949054E-02 2.6390286E-02 2.8036049E-04 1.9087531E+00 1.8853043E+01 -2.9328731E-02
3.1381000E+02 2.5927000E+02 8.6700000E+00 1.2400000E+02 10 5.5171129E+01 1.6063276E-01 3.6530923E-01 -4.4460635E-03 1.0504268E-02 1.1914110E-02 1.1171589E-02 1.3302139E-03 2.8532797E-04 6.0751223E-03 2.4968769E-04 6.2350065E-03 5.3181481E-02 3.1369301E-02 3.5258197E-04 1.9031932E+00 1.8862719E+01 -2.9709119E-02
3.1381000E+02 2.5927000E+02 8.6700000E+00 1.2500000E+02 10 5.5169372E+01 1.6351695E-01 3.7231226E-01 -4.4795155E-03 1.0986925E-02 1.2381792E-02 1.1641330E-02 1.3265250E-03 2.9897754E-04 6.3153436E-03 2.4899526E-04 6.4690439E-03 5.3278198E-02 3.2810894E-02 3.7115517E-04 1.8985526E+00 1.8869476E+01 -3.0015474E-02
3.1381000E+02 2.5927000E+02 8.6700000E+00 1.3000000E+02 10 5.5174472E+01 1.5084265E-01 3.4319900E-01 -4.5942097E-03 8.7659164E-03 1.0438636E-02 9.7081621E-03 1.3086314E-03 2.4624784E-04 5.1867661E-03 2.4563655E-04 5.3662154E-03 5.3480590E-02 2.6177608E-02 2.7707108E-04 1.8945690E+00 1.8871655E+01 -3.0343160E-02
3.1381000E+02 2.5927000E+02 8.6700000E+00 1.3100000E+02 10 5.5167670E+01 1.6414178E-01 3.7408433E-01 -4.6154124E-03 1.1008183E-02 1.2415871E-02 1.1687368E-02 1.3051000E-03 3.0495969E-04 6.3130432E-03 2.4497369E-04 6.4622143E-03 5.3631611E-02 3.2874400E-02 3.8067882E-04 1.8938997E+00 1.8875000E+01 -3.0395825E-02
3.1381000E+02 2.5927000E+02 8.6700000E+00 1.3200000E+02 10 5.5167440E+01 1.6418484E-01 3.7419233E-01 -4.6350763E-03 1.1001220E-02 1.2408640E-02 1.1682093E-02 1.3015975E-03 3.0479679E-04 6.3079758E-03 2.4431625E-04 6.4552451E-03 5.3678598E-02 3.2853256E-02 3.7477274E-04 1.8921102E+00 1.8878195E+01 -3.0521297E-02
3.1381000E+02 2.5927000E+02 8.6700000E+00 1.3700000E+02 10 5.5166719E+01 1.5288096E-01 3.4929207E-01 -5.7668210E-03 8.7888897E-03 1.0474552E-02 9.7572125E-03 1.2851020E-03 2.5095745E-04 5.1844140E-03 2.4121996E-04 5.3580167E-03 5.5043306E-02 2.6245929E-02 2.8021642E-04 1.8759311E+00 1.8866139E+01 -3.1948079E-02
3.1381000E+02 2.5927000E+02 8.6700000E+00 1.4200000E+02 10 5.5156721E+01 1.5653017E-01 3.5880973E-01 -7.2710541E-03 8.9981146E-03 1.0595497E-02 9.8867518E-03 1.2697048E-03 2.5126822E-04 5.2820746E-03 2.3832984E-04 5.4461407E-03 5.6914062E-02 2.6870205E-02 2.8305911E-04 1.8669269E+00 1.8829836E+01 -3.3032488E-02
3.1381000E+02 2.5927000E+02 8.6700000E+00 1.4700000E+02 10 5.5147644E+01 1.6013940E-01 3.6793802E-01 -8.6118624E-03 9.2362926E-03 1.0733202E-02 1.0032494E-02 1.2553065E-03 2.4597931E-04 5.3954491E-03 2.3562721E-04 5.5486238E-03 5.8565633E-02 2.7580759E-02 2.7350677E-04 1.8622812E+00 1.8777907E+01 -3.3769934E-02
3.1381000E+02 2.5927000E+02 8.6700000E+00 1.5200000E+02 10 5.5140588E+01 1.6304319E-01 3.7520569E-01 -9.6397642E-03 9.4360572E-03 1.0855030E-02 1.0161867E-02 1.2417903E-03 2.3718037E-04 5.4897451E-03 2.3309015E-04 5.6333439E-03 5.9831858E-02 2.8176725E-02 2.5625203E-04 1.8595815E+00 1.8717549E+01 -3.4272322E-02
3.1381000E+02 2.5927000E+02 8.6700000E+00 1.5700000E+02 10 5.5135399E+01 1.6522442E-01 3.8063767E-01 -1.0384422E-02 9.5886340E-03 1.0954541E-02 1.0268485E-02 1.2290580E-03 2.2715740E-04 5.5603612E-03 2.3070022E-04 5.6960671E-03 6.0755212E-02 2.8631936E-02 2.3608149E-04 1.8578301E+00 1.8653465E+01 -3.4619631E-02
3.1381000E+02 2.5927000E+02 8.6700000E+00 1.6200000E+02 10 5.5131628E+01 1.6683912E-01 3.8464888E-01 -1.0915913E-02 9.7026547E-03 1.1034729E-02 1.0355387E-02 1.2170291E-03 2.1744108E-04 5.6116529E-03 2.2844236E-04 5.7408786E-03 6.1422897E-02 2.8972131E-02 2.1621212E-04 1.8566296E+00 1.8590114E+01 -3.4863377E-02
3.1381000E+02 2.5927000E+02 8.6700000E+00 1.6700000E+02 10 5.5128869E+01 1.6804300E-01 3.8763964E-01 -1.1296651E-02 9.7883191E-03 1.1100171E-02 1.0427189E-02 1.2056357E-03 2.0883361E-04 5.6487945E-03 2.2630376E-04 5.7726196E-03 6.1910994E-02 2.9227733E-02 1.9835908E-04 1.8557919E+00 1.8532757E+01 -3.5037133E-02
3.1381000E+02 2.5927000E+02 8.6700000E+00 1.6800000E+02 10 5.5121537E+01 1.8197762E-01 4.1926640E-01 -1.1367246E-02 1.2094209E-02 1.3062910E-02 1.2391186E-02 1.2033820E-03 2.3033140E-04 6.8098826E-03 2.2588071E-04 6.8984949E-03 6.2024028E-02 3.6113915E-02 2.3696934E-04 1.8551560E+00 1.8541028E+01 -3.5110896E-02
3.1381000E+02 2.5927000E+02 8.6700000E+00 1.6900000E+02 10 5.5121152E+01 1.8199371E-01 4.1936630E-01 -1.1432736E-02 1.2078561E-02 1.3049464E-02 1.2378984E-02 1.2011525E-03 2.2999679E-04 6.8013391E-03 2.2546224E-04 6.8881582E-03 6.2106657E-02 3.6066801E-02 2.2938812E-04 1.8527194E+00 1.8543499E+01 -3.5312292E-02
3.1381000E+02 2.5927000E+02 8.6700000E+00 1.7400000E+02 10 5.5133793E+01 1.6157387E-01 3.8286667E-01 -1.5434796E-02 9.6590859E-03 1.1038986E-02 1.0374420E-02 1.1905586E-03 1.9814161E-04 5.5747916E-03 2.2347370E-04 5.6969154E-03 6.1158619E-02 2.8841661E-02 1.7165635E-04 1.9213513E+00 1.8422055E+01 -3.0784173E-02
3.1381000E+02 2.5927000E+02 8.6700000E+00 1.7500000E+02 10 5.5129234E+01 1.7210218E-01 4.1023933E-01 -1.6389589E-02 1.1722754E-02 1.2979707E-02 1.2316312E-02 1.1884615E-03 2.1634477E-04 6.6094542E-03 2.2308007E-04 6.7098023E-03 6.0937848E-02 3.5006350E-02 2.0601155E-04 1.9380232E+00 1.8422089E+01 -2.9775176E-02
3.1381000E+02 2.5927000E+02 8.6700000E+00 1.7600000E+02 10 5.5131331E+01 1.6956168E-01 4.0759761E-01 -1.7477902E-02 1.1604255E-02 1.2952815E-02 1.2290579E-02 1.1863856E-03 2.1486215E-04 6.5471591E-03 2.2269042E-04 6.6517162E-03 6.0646649E-02 3.4652950E-02 1.9948803E-04 1.9567684E+00 1.8409048E+01 -2.8675288E-02
3.1381000E+02 2.5927000E+02 8.6700000E+00 1.8100000E+02 10 5.5086812E+01 1.6387933E-01 4.1286410E-01 -2.7471120E-02 9.1258024E-03 1.0952479E-02 1.0295766E-02 1.1764902E-03 1.8324959E-04 5.2889073E-03 2.2083300E-04 5.4350758E-03 7.0302468E-02 2.7252655E-02 1.4951806E-04 1.8480187E+00 1.8471008E+01 -3.8779285E-02
3.1381000E+02 2.5927000E+02 8.6700000E+00 1.8600000E+02 10 5.5009863E+01 1.8306321E-01 4.7183560E-01 -3.8004782E-02 9.3249943E-03 1.1007880E-02 1.0356444E-02 1.1670364E-03 1.8011285E-04 5.3866258E-03 2.1905848E-04 5.5212241E-03 8.4432398E-02 2.7846276E-02 1.4687605E-04 1.7240853E+00 1.8564080E+01 -5.4378181E-02
3.1381000E+02 2.5927000E+02 8.6700000E+00 1.9100000E+02 10 5.4938157E+01 2.0442820E-01 5.3036236E-01 -4.6725822E-02 9.8988445E-03 1.1096202E-02 1.0449817E-02 1.1579868E-03 1.8415728E-04 5.6813245E-03 2.1735982E-04 5.7813332E-03 9.7317270E-02 2.9555295E-02 1.4850628E-04 1.6440505E+00 1.8618993E+01 -6.8124720E-02
3.1381000E+02 2.5927000E+02 8.6700000E+00 1.9600000E+02 10 5.4881993E+01 2.2279175E-01 5.7815301E-01 -5.3239182E-02 1.0558610E-02 1.1182601E-02 1.0541061E-02 1.1493082E-03 1.9196137E-04 6.0218029E-03 2.1573079E-04 6.0809906E-03 1.0726180E-01 3.1519837E-02 1.5115116E-04 1.5969336E+00 1.8648182E+01 -7.8206221E-02
3.1381000E+02 2.5927000E+02 8.6700000E+00 2.0100000E+02 10 5.4840797E+01 2.3712153E-01 6.1436507E-01 -5.7922041E-02 1.1165457E-02 1.1258542E-02 1.0621656E-02 1.1409710E-03 2.0112002E-04 6.3349379E-03 2.1416586E-04 6.3560983E-03 1.1447366E-01 3.3326710E-02 1.5351717E-04 1.5693497E+00 1.8663923E+01 -8.5100933E-02
3.1381000E+02 2.5927000E+02 8.6700000E+00 2.0600000E+02 10 5.4811158E+01 2.4792505E-01 6.4115129E-01 -6.1264314E-02 1.1677667E-02 1.1325032E-02 1.0692624E-02 1.1329490E-03 2.1054790E-04 6.5986130E-03 2.1266009E-04 6.5875563E-03 1.1961482E-01 3.4851838E-02 1.5532227E-04 1.5529744E+00 1.8672654E+01 -8.9714334E-02
3.1381000E+02 2.5927000E+02 8.6700000E+00 2.1100000E+02 10 5.4789809E+01 2.5600362E-01 6.6092783E-01 -6.3665908E-02 1.2094543E-02 1.1384806E-02 1.0756713E-02 1.1252185E-03 2.1970769E-04 6.8123679E-03 2.1120905E-04 6.7751267E-03 1.2329001E-01 3.6093192E-02 1.5661526E-04 1.5430946E+00 1.8677557E+01 -9.2799082E-02
3.1381000E+02 2.5927000E+02 8.6700000E+00 2.1600000E+02 10 5.4774278E+01 2.6206293E-01 6.7564378E-01 -6.5414452E-02 1.2428787E-02 1.1440084E-02 1.0816155E-02 1.1177585E-03 2.2822711E-04 6.9828529E-03 2.0980876E-04 6.9246890E-03 1.2594769E-01 3.7088594E-02 1.5750300E-04 1.5370549E+00 1.8680308E+01 -9.4879424E-02
3.1381000E+02 2.5927000E+02 8.6700000E+00 2.2100000E+02 10 5.4762818E+01 2.6664731E-01 6.8673338E-01 -6.6708705E-02 1.2695749E-02 1.1492293E-02 1.0872388E-02 1.1105497E-03 2.3590387E-04 7.1180924E-03 2.0845564E-04 7.0433628E-03 1.2790003E-01 3.7883736E-02 1.5809342E-04 1.5333330E+00 1.8681770E+01 -9.6300423E-02
3.1381000E+02 2.5927000E+02 8.6700000E+00 2.2600000E+02 10 5.4754219E+01 2.7015729E-01 6.9522053E-01 -6.7684707E-02 1.2909546E-02 1.1542274E-02 1.0926262E-02 1.1035748E-03 2.4265943E-04 7.2255111E-03 2.0714643E-04 7.1376465E-03 1.2936070E-01 3.8520632E-02 1.5847141E-04 1.5310346E+00 1.8682528E+01 -9.7286006E-02
3.1381000E+02 2.5927000E+02 8.6700000E+00 2.3100000E+02 10 5.4747645E+01 2.7288201E-01 7.0182911E-01 -6.8435678E-02 1.3081896E-02 1.1590495E-02 1.0978255E-02 1.0968181E-03 2.4850589E-04 7.3112991E-03 2.0587816E-04 7.2129036E-03 1.3047568E-01 3.9034149E-02 1.5870199E-04 1.5296206E+00 1.8682864E+01 -9.7981861E-02
3.1381000E+02 2.5927000E+02 8.6700000E+00 2.3600000E+02 10 5.4742520E+01 2.7502958E-01 7.0707068E-01 -6.9025790E-02 1.3222101E-02 1.1637204E-02 1.1028621E-02 1.0902652E-03 2.5351347E-04 7.3803702E-03 2.0464814E-04 7.2733879E-03 1.3134518E-01 3.9451967E-02 1.5883131E-04 1.5287594E+00 1.8682979E+01 -9.8483393E-02
3.1381000E+02 2.5927000E+02 8.6700000E+00 2.4100000E+02 10 5.4738442E+01 2.7674991E-01 7.1130782E-01 -6.9499481E-02 1.3337400E-02 1.1682514E-02 1.1077483E-02 1.0839029E-03 2.5778456E-04 7.4365348E-03 2.0345390E-04 7.3224205E-03 1.3203831E-01 3.9795623E-02 1.5889605E-04 1.5282450E+00 1.8682942E+01 -9.8853395E-02
3.1381000E+02 2.5927000E+02 8.6700000E+00 2.4600000E+02 10 5.4735130E+01 2.7815127E-01 7.1479873E-01 -6.9887730E-02 1.3433364E-02 1.1726469E-02 1.1124890E-02 1.0777191E-03 2.6142758E-04 7.4827147E-03 2.0229317E-04 7.3625670E-03 1.3260304E-01 4.0081699E-02 1.5891586E-04 1.5279481E+00 1.8682888E+01 -9.9133423E-02
3.1381000E+02 2.5927000E+02 8.6700000E+00 2.5100000E+02 10 5.4732385E+01 2.7931214E-01 7.1772825E-01 -7.0212303E-02 1.3514255E-02 1.1769076E-02 1.1170855E-02 1.0717027E-03 2.6454653E-04 7.5211396E-03 2.0116386E-04 7.3957936E-03 1.3307292E-01 4.0322880E-02 1.5890997E-04 1.5277874E+00 1.8682792E+01 -9.9351109E-02
3.1381000E+02 2.5927000E+02 8.6700000E+00 2.5600000E+02 10 5.4730069E+01 2.8028967E-01 7.2022958E-01 -7.0488626E-02 1.3583323E-02 1.1810330E-02 1.1215380E-02 1.0658434E-03 2.6723252E-04 7.5535045E-03 2.0006405E-04 7.4236016E-03 1.3347159E-01 4.0528836E-02 1.5889065E-04 1.5277116E+00 1.8682698E+01 -9.9524962E-02
3.1381000E+02 2.5927000E+02 8.6700000E+00 2.6100000E+02 10 5.4728080E+01 2.8112567E-01 7.2239933E-01 -7.0727746E-02 1.3643035E-02 1.1850224E-02 1.1258462E-02 1.0601319E-03 2.6956185E-04 7.5810956E-03 1.9899197E-04 7.4471320E-03 1.3381589E-01 4.0706917E-02 1.5886353E-04 1.5276881E+00 1.8682610E+01 -9.9667499E-02
3.1381000E+02 2.5927000E+02 8.6700000E+00 2.6400000E+02 10 5.4722195E+01 2.9121156E-01 7.4292972E-01 -7.0859762E-02 1.5149931E-02 1.2779633E-02 1.2189755E-02 1.0567562E-03 2.8654083E-04 8.3494773E-03 1.9835834E-04 8.1683381E-03 1.3401259E-01 4.5202519E-02 1.7830609E-04 1.5249494E+00 1.8738903E+01 -1.0026278E-01
3.1381000E+02 2.5927000E+02 8.6700000E+00 2.6500000E+02 10 5.4717066E+01 3.0095100E-01 7.6263998E-01 -7.0902561E-02 1.6626780E-02 1.3718042E-02 1.3128789E-02 1.0556366E-03 3.0079121E-04 9.1025969E-03 1.9814818E-04 8.8785008E-03 1.3408036E-01 4.9609094E-02 1.9673148E-04 1.5236234E+00 1.8769333E+01 -1.0054357E-01
3.1381000E+02 2.5927000E+02 8.6700000E+00 2.7000000E+02 10 5.4724647E+01 2.8367902E-01 7.2859471E-01 -7.1058552E-02 1.3964393E-02 1.2101527E-02 1.1514440E-02 1.0517559E-03 2.8028018E-04 7.7408130E-03 1.9741976E-04 7.5942760E-03 1.3429027E-01 4.1665646E-02 1.5945436E-04 1.5345622E+00 1.8670498E+01 -9.8612480E-02
3.1381000E+02 2.5927000E+02 8.6700000E+00 2.7500000E+02 10 5.4721919E+01 2.8721552E-01 7.3604191E-01 -7.1207434E-02 1.4460447E-02 1.2431040E-02 1.1846563E-02 1.0470799E-03 2.8527920E-04 7.9914487E-03 1.9654205E-04 7.8290857E-03 1.3450725E-01 4.3145792E-02 1.6618001E-04 1.5471403E+00 1.8606190E+01 -9.6427711E-02
3.1381000E+02 2.5927000E+02 8.6700000E+00 2.8000000E+02 10 5.4719540E+01 2.9016375E-01 7.4239615E-01 -7.1347571E-02 1.4873526E-02 1.2728298E-02 1.2146718E-02 1.0418897E-03 2.9062287E-04 8.1990272E-03 1.9556781E-04 8.0240082E-03 1.3471253E-01 4.4378526E-02 1.6962785E-04 1.5579094E+00 1.8563209E+01 -9.4602069E-02
3.1381000E+02 2.5927000E+02 8.6700000E+00 2.8500000E+02 10 5.4717616E+01 2.9233572E-01 7.4730750E-01 -7.1477096E-02 1.5178898E-02 1.2978050E-02 1.2399313E-02 1.0367978E-03 2.9520448E-04 8.3512504E-03 1.9461205E-04 8.1676970E-03 1.3490224E-01 4.5290098E-02 1.7125382E-04 1.5661021E+00 1.8536333E+01 -9.3247901E-02
3.1381000E+02 2.5927000E+02 8.6700000E+00 2.8900000E+02 10 5.4714088E+01 2.9815816E-01 7.5957662E-01 -7.1574127E-02 1.6058687E-02 1.3592229E-02 1.3015679E-02 1.0328783E-03 3.0561442E-04 8.7974224E-03 1.9387634E-04 8.5888205E-03 1.3504721E-01 4.7915544E-02 1.8037464E-04 1.5693471E+00 1.8581866E+01 -9.2749583E-02
3.1381000E+02 2.5927000E+02 8.6700000E+00 2.9000000E+02 10 5.4706762E+01 3.1256240E-01 7.8895883E-01 -7.1597980E-02 1.8269022E-02 1.5051852E-02 1.4475844E-02 1.0319088E-03 3.2425312E-04 9.9234305E-03 1.9369435E-04 9.6543032E-03 1.3509077E-01 5.4511597E-02 2.0661506E-04 1.5699992E+00 1.8640668E+01 -9.2661783E-02
3.1381000E+02 2.5927000E+02 8.6700000E+00 2.9500000E+02 10 5.4756753E+01 2.8328782E-01 7.2054659E-01 -6.6659427E-02 1.5332408E-02 1.3241503E-02 1.2668076E-02 1.0272848E-03 3.0210415E-04 8.4218585E-03 1.9282642E-04 8.2364792E-03 1.2761827E-01 4.5749246E-02 1.6796025E-04 1.6136634E+00 1.8531330E+01 -8.2863352E-02
3.1381000E+02 2.5927000E+02 8.6700000E+00 3.0000000E+02 10 5.4819251E+01 2.6683258E-01 6.7361299E-01 -5.9081243E-02 1.5213860E-02 1.3359933E-02 1.2788988E-02 1.0228382E-03 2.9977659E-04 8.3534228E-03 1.9199176E-04 8.1824123E-03 1.1617589E-01 4.5398246E-02 1.6766566E-04 1.6874550E+00 1.8448795E+01 -6.8541795E-02
3.1381000E+02 2.5927000E+02 8.6700000E+00 3.0100000E+02 10 5.4824392E+01 2.7942056E-01 6.9789057E-01 -5.7489284E-02 1.7738223E-02 1.5287000E-02 1.4716548E-02 1.0219556E-03 3.2074488E-04 9.6318549E-03 1.9182609E-04 9.4090264E-03 1.1378518E-01 5.2935192E-02 2.0081025E-04 1.7040724E+00 1.8507340E+01 -6.5671841E-02
3.1381000E+02 2.5927000E+02 8.6700000E+00 3.0200000E+02 10 5.4838245E+01 2.7511314E-01 6.8655306E-01 -5.5854979E-02 1.7613613E-02 1.5297386E-02 1.4727423E-02 1.0210794E-03 3.2232876E-04 9.5656466E-03 1.9166162E-04 9.3509002E-03 1.1131694E-01 5.2564387E-02 1.9753038E-04 1.7209505E+00 1.8514025E+01 -6.2845345E-02
3.1381000E+02 2.5927000E+02 8.6700000E+00 3.0300000E+02 10 5.4853945E+01 2.6967325E-01 6.7277633E-01 -5.4039243E-02 1.7382069E-02 1.5271619E-02 1.4701479E-02 1.0213970E-03 3.2320994E-04 9.4451005E-03 1.9172124E-04 9.2428119E-03 1.0857534E-01 5.1874678E-02 1.9340563E-04 1.7368688E+00 1.8523078E+01 -6.0154619E-02
3.1381000E+02 2.5927000E+02 8.6700000E+00 3.0800000E+02 10 5.4925832E+01 2.3196223E-01 5.8253628E-01 -4.6622979E-02 1.3917107E-02 1.3168993E-02 1.2596887E-02 1.0249191E-03 2.8800427E-04 7.6772485E-03 1.9238236E-04 7.5789609E-03 9.7348586E-02 4.1536369E-02 1.5013226E-04 1.8021014E+00 1.8426731E+01 -5.0031027E-02
3.1381000E+02 2.5927000E+02 8.6700000E+00 3.1300000E+02 10 5.4973416E+01 2.1533825E-01 5.4049783E-01 -4.1137741E-02 1.3189050E-02 1.3081233E-02 1.2507082E-02 1.0285816E-03 2.7451971E-04 7.2979045E-03 1.9306982E-04 7.2435616E-03 8.9049709E-02 3.9368488E-02 1.4611946E-04 1.8605647E+00 1.8361257E+01 -4.2555808E-02
3.1381000E+02 2.5927000E+02 8.6700000E+00 3.1800000E+02 10 5.5007875E+01 2.0289560E-01 5.0971824E-01 -3.7195558E-02 1.2611907E-02 1.3060615E-02 1.2484796E-02 1.0315697E-03 2.6199732E-04 6.9961648E-03 1.9363071E-04 6.9789324E-03 8.3081510E-02 3.7650174E-02 1.4237673E-04 1.9079596E+00 1.8307897E+01 -3.7348032E-02
3.1381000E+02 2.5927000E+02 8.6700000E+00 3.2300000E+02 10 5.5032810E+01 1.9341019E-01 4.8689306E-01 -3.4378095E-02 1.2127042E-02 1.3065800E-02 1.2488763E-02 1.0337527E-03 2.4994735E-04 6.7420158E-03 1.9404047E-04 6.7567235E-03 7.8813411E-02 3.6206433E-02 1.3881776E-04 1.9429516E+00 1.8269868E+01 -3.3875182E-02
3.1381000E+02 2.5927000E+02 8.6700000E+00 3.2800000E+02 10 5.5050966E+01 1.8609831E-01 4.6976137E-01 -3.2356132E-02 1.1714933E-02 1.3077185E-02 1.2499351E-02 1.0351790E-03 2.3871984E-04 6.5256287E-03 1.9430818E-04 6.5674879E-03 7.5748456E-02 3.4979055E-02 1.3561325E-04 1.9670986E+00 1.8244536E+01 -3.1609850E-02
3.1381000E+02 2.5927000E+02 8.6700000E+00 3.2900000E+02 10 5.5048621E+01 1.9622451E-01 4.9404230E-01 -3.1981087E-02 1.3641476E-02 1.4969377E-02 1.4391401E-02 1.0354345E-03 2.5340408E-04 7.4923042E-03 1.9435615E-04 7.5158113E-03 7.5195053E-02 4.0734874E-02 1.6483360E-04 1.9714495E+00 1.8288944E+01 -3.1216451E-02
3.1381000E+02 2.5927000E+02 8.6700000E+00 3.3000000E+02 10 5.5051869E+01 1.9471909E-01 4.9062791E-01 -3.1633089E-02 1.3535567E-02 1.4951433E-02 1.4373331E-02 1.0356609E-03 2.5243816E-04 7.4376815E-03 1.9439865E-04 7.4657182E-03 7.4666436E-02 4.0418895E-02 1.6210221E-04 1.9735989E+00 1.8305364E+01 -3.0974234E-02
3.1381000E+02 2.5927000E+02 8.6700000E+00 3.3500000E+02 10 5.5045468E+01 1.8561309E-01 4.6749715E-01 -3.0831872E-02 1.1058787E-02 1.2971628E-02 1.2393255E-02 1.0361463E-03 2.2423038E-04 6.1846223E-03 1.9448975E-04 6.2598335E-03 7.7186483E-02 3.3022858E-02 1.2770766E-04 1.8781983E+00 1.8360065E+01 -3.8031459E-02
3.1381000E+02 2.5927000E+02 8.6700000E+00 3.4000000E+02 10 5.5018352E+01 1.9604361E-01 4.8763728E-01 -3.0563601E-02 1.1088402E-02 1.2958350E-02 1.2380024E-02 1.0360616E-03 2.1981744E-04 6.2008080E-03 1.9447386E-04 6.2724091E-03 8.2142668E-02 3.3110236E-02 1.3054148E-04 1.7825763E+00 1.8437783E+01 -4.7148650E-02
3.1381000E+02 2.5927000E+02 8.6700000E+00 3.4500000E+02 10 5.4990541E+01 2.0845314E-01 5.1117917E-01 -3.0485163E-02 1.1426065E-02 1.2979522E-02 1.2401520E-02 1.0354802E-03 2.2131979E-04 6.3784737E-03 1.9436473E-04 6.4274546E-03 8.7015161E-02 3.4114965E-02 1.3526512E-04 1.7169016E+00 1.8488156E+01 -5.4862149E-02
3.1381000E+02 2.5927000E+02 8.6700000E+00 3.5000000E+02 10 5.4967757E+01 2.1956013E-01 5.3188676E-01 -3.0445276E-02 1.1856173E-02 1.3007148E-02 1.2429709E-02 1.0344710E-03 2.2596571E-04 6.6048071E-03 1.9417529E-04 6.6246385E-03 9.0900062E-02 3.5394957E-02 1.3995354E-04 1.6759041E+00 1.8518688E+01 -6.0431002E-02
3.1381000E+02 2.5927000E+02 8.6700000E+00 3.5500000E+02 10 5.4950686E+01 2.2846019E-01 5.4821585E-01 -3.0399210E-02 1.2266895E-02 1.3031178E-02 1.2454507E-02 1.0330967E-03 2.3159617E-04 6.8210538E-03 1.9391733E-04 6.8122576E-03 9.3749124E-02 3.6617291E-02 1.4387821E-04 1.6507793E+00 1.8537501E+01 -6.4195365E-02
3.1381000E+02 2.5927000E+02 8.6700000E+00 3.6000000E+02 10 5.4938340E+01 2.3526653E-01 5.6052624E-01 -3.0341107E-02 1.2618268E-02 1.3050164E-02 1.2474432E-02 1.0314133E-03 2.3719751E-04 7.0061063E-03 1.9360135E-04 6.9720050E-03 9.5772457E-02 3.7663017E-02 1.4694921E-04 1.6352853E+00 1.8549330E+01 -6.6679481E-02
3.1381000E+02 2.5927000E+02 8.6700000E+00 3.6500000E+02 10 5.4929511E+01 2.4037738E-01 5.6965107E-01 -3.0275020E-02 1.2904065E-02 1.3065162E-02 1.2490515E-02 1.0294694E-03 2.4240246E-04 7.1565342E-03 1.9323647E-04 7.1012268E-03 9.7196336E-02 3.8513601E-02 1.4928291E-04 1.6255927E+00 1.8556913E+01 -6.8311711E-02
3.1381000E+02 2.5927000E+02 8.6700000E+00 3.7000000E+02 10 5.4923200E+01 2.4419534E-01 5.7638764E-01 -3.0205766E-02 1.3130893E-02 1.3077465E-02 1.2504026E-02 1.0273066E-03 2.4709753E-04 7.2756868E-03 1.9283051E-04 7.2031613E-03 9.8199776E-02 3.9188710E-02 1.5103463E-04 1.6194283E+00 1.8561855E+01 -6.9389590E-02
3.1381000E+02 2.5927000E+02 8.6700000E+00 3.7500000E+02 10 5.4918667E+01 2.4705226E-01 5.8137417E-01 -3.0136883E-02 1.3308917E-02 1.3088043E-02 1.2515914E-02 1.0249601E-03 2.5125625E-04 7.3688490E-03 1.9239005E-04 7.2826147E-03 9.8911632E-02 3.9718589E-02 1.5234549E-04 1.6154389E+00 1.8565082E+01 -7.0108492E-02
3.1381000E+02 2.5927000E+02 8.6700000E+00 3.8000000E+02 10 5.4915384E+01 2.4920271E-01 5.8509035E-01 -3.0070595E-02 1.3448177E-02 1.3097531E-02 1.2526797E-02 1.0224593E-03 2.5489777E-04 7.4412961E-03 1.9192065E-04 7.3442732E-03 9.9421672E-02 4.0133121E-02 1.5332580E-04 1.6128082E+00 1.8567278E+01 -7.0594483E-02
3.1381000E+02 2.5927000E+02 8.6700000E+00 3.8500000E+02 10 5.4912981E+01 2.5083621E-01 5.8788758E-01 -3.0008155E-02 1.3557342E-02 1.3106321E-02 1.2537056E-02 1.0198291E-03 2.5806748E-04 7.4976141E-03 1.9142693E-04 7.3921466E-03 9.9791784E-02 4.0458094E-02 1.5405621E-04 1.6110360E+00 1.8568807E+01 -7.0928666E-02
3.1381000E+02 2.5927000E+02 8.6700000E+00 3.9000000E+02 10 5.4911199E+01 2.5209174E-01 5.9002023E-01 -2.9950173E-02 1.3643439E-02 1.3114656E-02 1.2546920E-02 1.0170899E-03 2.6081751E-04 7.5415439E-03 1.9091278E-04 7.4294651E-03 1.0006456E-01 4.0714421E-02 1.5460314E-04 1.6098116E+00 1.8569900E+01 -7.1163344E-02
3.1381000E+02 2.5927000E+02 8.6700000E+00 3.9500000E+02 10 5.4909856E+01 2.5307051E-01 5.9167145E-01 -2.9896852E-02 1.3711978E-02 1.3122686E-02 1.2556530E-02 1.0142594E-03 2.6320092E-04 7.5760336E-03 1.9038147E-04 7.4587471E-03 1.0026932E-01 4.0918494E-02 1.5501497E-04 1.6089402E+00 1.8570712E+01 -7.1332380E-02
3.1381000E+02 2.5927000E+02 8.6700000E+00 4.0000000E+02 10 5.4908826E+01 2.5384587E-01 5.9297271E-01 -2.9848146E-02 1.3767186E-02 1.3130504E-02 1.2565971E-02 1.0113520E-03 2.6526762E-04 7.6033555E-03 1.8983575E-04 7.4819162E-03 1.0042634E-01 4.1082892E-02 1.5532733E-04 1.6082981E+00 1.8571336E+01 -7.1457809E-02
3.1381000E+02 2.5927000E+02 8.6700000E+00 4.0500000E+02 10 5.4908019E+01 2.5447097E-01 5.9401832E-01 -2.9803867E-02 1.3812266E-02 1.3138170E-02 1.2575296E-02 1.0083804E-03 2.6706323E-04 7.6252378E-03 1.8927795E-04 7.5004256E-03 1.0054964E-01 4.1217144E-02 1.5556615E-04 1.6078067E+00 1.8571842E+01 -7.1554037E-02
3.1381000E+02 2.5927000E+02 8.6700000E+00 4.1000000E+02 10 5.4907374E+01 2.5498417E-01 5.9487592E-01 -2.9763749E-02 1.3849622E-02 1.3145724E-02 1.2584538E-02 1.0053550E-03 2.6862965E-04 7.6429810E-03 1.8871008E-04 7.5153633E-03 1.0064896E-01 4.1328403E-02 1.5575067E-04 1.6074152E+00 1.8572265E+01 -7.1630555E-02
3.1381000E+02 2.5927000E+02 8.6700000E+00 4.1200000E+02 10 5.4900368E+01 2.6877553E-01 6.2306767E-01 -2.9748348E-02 1.5983346E-02 1.4517138E-02 1.3956633E-02 1.0041369E-03 2.8987665E-04 8.7321225E-03 1.8848144E-04 8.5411145E-03 1.0069550E-01 4.7695350E-02 1.8370636E-04 1.6056583E+00 1.8640819E+01 -7.1898170E-02
3.1381000E+02 2.5927000E+02 8.6700000E+00 4.1700000E+02 10 5.4907270E+01 2.5432832E-01 5.9352819E-01 -2.9713583E-02 1.3712776E-02 1.3065938E-02 1.2507155E-02 1.0010505E-03 2.7085503E-04 7.5708351E-03 1.8790210E-04 7.4455873E-03 1.0076023E-01 4.0919864E-02 1.5208800E-04 1.6011140E+00 1.8606231E+01 -7.2541119E-02
3.1381000E+02 2.5927000E+02 8.6700000E+00 4.2200000E+02 10 5.4906842E+01 2.5470411E-01 5.9410873E-01 -2.9682243E-02 1.3739748E-02 1.3063867E-02 1.2506826E-02 9.9793036E-04 2.7061194E-04 7.5830733E-03 1.8731644E-04 7.4556241E-03 1.0082632E-01 4.1000194E-02 1.5385816E-04 1.6007577E+00 1.8594399E+01 -7.2601864E-02
3.1381000E+02 2.5927000E+02 8.6700000E+00 4.2700000E+02 10 5.4906316E+01 2.5534290E-01 5.9520397E-01 -2.9654031E-02 1.3808487E-02 1.3085918E-02 1.2530634E-02 9.9478292E-04 2.7145877E-04 7.6168142E-03 1.8672565E-04 7.4855038E-03 1.0088425E-01 4.1205059E-02 1.5505011E-04 1.6019230E+00 1.8585460E+01 -7.2448692E-02
3.1381000E+02 2.5927000E+02 8.6700000E+00 4.2900000E+02 10 5.4899305E+01 2.6927301E-01 6.2361250E-01 -2.9643227E-02 1.5964652E-02 1.4460421E-02 1.3905842E-02 9.9351996E-04 2.9264942E-04 8.7178722E-03 1.8648858E-04 8.5214719E-03 1.0091646E-01 4.7638843E-02 1.8352597E-04 1.6008470E+00 1.8649405E+01 -7.2619243E-02
3.1381000E+02 2.5927000E+02 8.6700000E+00 4.3000000E+02 10 5.4897150E+01 2.7352345E-01 6.3235234E-01 -2.9637944E-02 1.6621561E-02 1.4903179E-02 1.4348953E-02 9.9288753E-04 3.0041845E-04 9.0527854E-03 1.8636987E-04 8.8373790E-03 1.0092951E-01 4.9599178E-02 1.9018454E-04 1.5995457E+00 1.8674127E+01 -7.2812633E-02
3.1381000E+02 2.5927000E+02 8.6700000E+00 4.3500000E+02 10 5.4905407E+01 2.5681322E-01 5.9853232E-01 -2.9617291E-02 1.4039478E-02 1.3290632E-02 1.2736442E-02 9.9282104E-04 2.8044802E-04 7.7337517E-03 1.8635739E-04 7.5948042E-03 1.0093273E-01 4.1894065E-02 1.5482254E-04 1.6098497E+00 1.8577777E+01 -7.1366012E-02
3.1381000E+02 2.5927000E+02 8.6700000E+00 4.3600000E+02 10 5.4896094E+01 2.7551484E-01 6.3682186E-01 -2.9612499E-02 1.6940964E-02 1.5195415E-02 1.4641098E-02 9.9305003E-04 3.0485123E-04 9.2145054E-03 1.8640038E-04 8.9930476E-03 1.0094784E-01 5.0552899E-02 1.9426545E-04 1.6123930E+00 1.8623110E+01 -7.1025942E-02
3.1381000E+02 2.5927000E+02 8.6700000E+00 4.3700000E+02 10 5.4896823E+01 2.7567177E-01 6.3680670E-01 -2.9414759E-02 1.6987969E-02 1.5234788E-02 1.4680278E-02 9.9339487E-04 3.0862838E-04 9.2391042E-03 1.8646510E-04 9.0154467E-03 1.0078438E-01 5.0692926E-02 1.9260955E-04 1.6148025E+00 1.8634947E+01 -7.0631409E-02
3.1381000E+02 2.5927000E+02 8.6700000E+00 4.3800000E+02 10 5.4899571E+01 2.7536851E-01 6.3504599E-01 -2.8792043E-02 1.7011098E-02 1.5263241E-02 1.4708522E-02 9.9376959E-04 3.1144164E-04 9.2513758E-03 1.8653544E-04 9.0265671E-03 1.0026114E-01 5.0761781E-02 1.9142960E-04 1.6174334E+00 1.8641554E+01 -7.0055234E-02
3.1381000E+02 2.5927000E+02 8.6700000E+00 4.4300000E+02 10 5.4959292E+01 2.5108426E-01 5.6320669E-01 -1.7432508E-02 1.4464930E-02 1.3629739E-02 1.3074892E-02 9.9400061E-04 2.8902179E-04 7.9512425E-03 1.8657880E-04 7.8010927E-03 9.0669393E-02 4.3163747E-02 1.5825504E-04 1.6565088E+00 1.8505195E+01 -6.1087796E-02
3.1381000E+02 2.5927000E+02 8.6700000E+00 4.4400000E+02 10 5.4962125E+01 2.6691747E-01 5.9109428E-01 -1.4878152E-02 1.7216160E-02 1.5526591E-02 1.4971756E-02 9.9397819E-04 3.1121793E-04 9.3524208E-03 1.8657460E-04 9.1301863E-03 8.8528309E-02 5.1375585E-02 1.9515625E-04 1.6661337E+00 1.8549851E+01 -5.9095805E-02
3.1381000E+02 2.5927000E+02 8.6700000E+00 4.4500000E+02 10 5.4974704E+01 2.6508443E-01 5.8203352E-01 -1.2096603E-02 1.7236571E-02 1.5566712E-02 1.5012030E-02 9.9370384E-04 3.1392220E-04 9.3623508E-03 1.8652310E-04 9.1401731E-03 8.6182124E-02 5.1436604E-02 1.9347170E-04 1.6762236E+00 1.8555334E+01 -5.7017536E-02
3.1381000E+02 2.5927000E+02 8.6700000E+00 4.5000000E+02 10 5.5039171E+01 2.4168819E-01 5.0962456E-01 4.9809833E-04 1.4959918E-02 1.4116910E-02 1.3563871E-02 9.9076042E-04 2.9503738E-04 8.1977920E-03 1.8597060E-04 8.0419314E-03 7.5556593E-02 4.4642659E-02 1.6360911E-04 1.7381045E+00 1.8361912E+01 -4.6628035E-02
3.1381000E+02 2.5927000E+02 8.6700000E+00 4.5300000E+02 10 5.5066432E+01 2.4569725E-01 5.0536182E-01 7.4762852E-03 1.6385998E-02 1.5263780E-02 1.4711826E-02 9.8881583E-04 3.0715750E-04 8.9188659E-03 1.8560559E-04 8.7342087E-03 6.9685426E-02 4.8900931E-02 1.8168864E-04 1.7770713E+00 1.8361164E+01 -4.1120960E-02
3.1381000E+02 2.5927000E+02 8.6700000E+00 4.5400000E+02 10 5.5073010E+01 2.5145553E-01 5.1391933E-01 9.7295697E-03 1.7575645E-02 1.6256631E-02 1.5705070E-02 9.8811194E-04 3.1608113E-04 9.5200285E-03 1.8547347E-04 9.3135875E-03 6.7792954E-02 5.2453648E-02 1.9464542E-04 1.7904820E+00 1.8387616E+01 -3.9387518E-02
3.1381000E+02 2.5927000E+02 8.6700000E+00 4.5900000E+02 10 5.5128226E+01 2.2654592E-01 4.4253770E-01 1.9958764E-02 1.4771257E-02 1.4396166E-02 1.3847576E-02 9.8278991E-04 2.8944338E-04 8.0861852E-03 1.8447450E-04 7.9571822E-03 5.9185340E-02 4.4083786E-02 1.5933008E-04 1.8212068E+00 1.8307860E+01 -3.4293781E-02
3.1381000E+02 2.5927000E+02 8.6700000E+00 4.6400000E+02 10 5.5164287E+01 2.1900840E-01 4.1311625E-01 2.7686501E-02 1.4473858E-02 1.4408351E-02 1.3862609E-02 9.7768638E-04 2.8051621E-04 7.9255221E-03 1.8351654E-04 7.8166425E-03 5.2704192E-02 4.3198388E-02 1.5795306E-04 1.8487065E+00 1.8275517E+01 -3.0450574E-02
3.1381000E+02 2.5927000E+02 8.6700000E+00 4.6900000E+02 10 5.5191093E+01 2.1335931E-01 3.9130739E-01 3.3432441E-02 1.4251397E-02 1.4443903E-02 1.3900567E-02 9.7337745E-04 2.7231330E-04 7.8046674E-03 1.8270773E-04 7.7114759E-03 4.7893086E-02 4.2536047E-02 1.5687135E-04 1.8724082E+00 1.8245494E+01 -2.7591413E-02
3.1381000E+02 2.5927000E+02 8.6700000E+00 4.7400000E+02 10 5.5211167E+01 2.0894819E-01 3.7478240E-01 3.7721326E-02 1.4059596E-02 1.4480927E-02 1.3939804E-02 9.6941405E-04 2.6480814E-04 7.7006123E-03 1.8196379E-04 7.6202284E-03 4.4311053E-02 4.1964830E-02 1.5570578E-04 1.8905467E+00 1.8223906E+01 -2.5560566E-02
3.1381000E+02 2.5927000E+02 8.6700000E+00 4.7900000E+02 10 5.5226340E+01 2.0542421E-01 3.6204613E-01 4.0947806E-02 1.3886296E-02 1.4510164E-02 1.3971152E-02 9.6562924E-04 2.5801248E-04 7.6070882E-03 1.8125336E-04 7.5369060E-03 4.1625407E-02 4.1448521E-02 1.5454122E-04 1.9032998E+00 1.8209688E+01 -2.4154610E-02
3.1381000E+02 2.5927000E+02 8.6700000E+00 4.8100000E+02 10 5.5226754E+01 2.1412950E-01 3.7991748E-01 4.2090479E-02 1.5489947E-02 1.5877775E-02 1.5339596E-02 9.6413859E-04 2.6838375E-04 8.4176518E-03 1.8097355E-04 8.3167486E-03 4.0685402E-02 4.6237192E-02 1.7599375E-04 1.9050946E+00 1.8289325E+01 -2.3817150E-02
3.1381000E+02 2.5927000E+02 8.6700000E+00 4.8200000E+02 10 5.5227877E+01 2.1635085E-01 3.8436391E-01 4.2627401E-02 1.5941152E-02 1.6322010E-02 1.5784244E-02 9.6339865E-04 2.7084999E-04 8.6446117E-03 1.8083467E-04 8.5369352E-03 4.0241845E-02 4.7584779E-02 1.8067780E-04 1.9044761E+00 1.8317720E+01 -2.3736038E-02
3.1381000E+02 2.5927000E+02 8.6700000E+00 4.8700000E+02 10 5.5245821E+01 1.9830252E-01 3.4098327E-01 4.4794704E-02 1.3225862E-02 1.4265759E-02 1.3730260E-02 9.5933767E-04 2.4626676E-04 7.2641520E-03 1.8007240E-04 7.2158406E-03 3.8439036E-02 3.9477844E-02 1.4591433E-04 1.8803513E+00 1.8302494E+01 -2.4515981E-02
3.1381000E+02 2.5927000E+02 8.6700000E+00 4.9200000E+02 10 5.5253984E+01 1.9561847E-01 3.3240054E-01 4.6451171E-02 1.2985355E-02 1.4130084E-02 1.3596659E-02 9.5562029E-04 2.3958865E-04 7.1391622E-03 1.7937463E-04 7.0970190E-03 3.7079518E-02 3.8760208E-02 1.4587146E-04 1.8718957E+00 1.8302811E+01 -2.4590510E-02
3.1381000E+02 2.5927000E+02 8.6700000E+00 4.9700000E+02 10 5.5259983E+01 1.9412932E-01 3.2680646E-01 4.7731955E-02 1.2880161E-02 1.4054128E-02 1.3522570E-02 9.5227719E-04 2.3525309E-04 7.0844409E-03 1.7874711E-04 7.0425374E-03 3.6034137E-02 3.8446046E-02 1.4625172E-04 1.8711255E+00 1.8295904E+01 -2.4338730E-02
3.1381000E+02 2.5927000E+02 8.6700000E+00 5.0200000E+02 10 5.5264585E+01 1.9314656E-01 3.2275037E-01 4.8739148E-02 1.2821971E-02 1.4005794E-02 1.3476043E-02 9.4904072E-04 2.3209343E-04 7.0539937E-03 1.7813961E-04 7.0105546E-03 3.5218358E-02 3.8272132E-02 1.4645625E-04 1.8722385E+00 1.8290215E+01 -2.4051944E-02
3.1381000E+02 2.5927000E+02 8.6700000E+00 5.0500000E+02 10 5.5263585E+01 1.9943529E-01 3.3573163E-01 4.9262605E-02 1.3922750E-02 1.4856405E-02 1.4327729E-02 9.4711340E-04 2.4046067E-04 7.6127435E-03 1.7777784E-04 7.5417227E-03 3.4803373E-02 4.1558188E-02 1.6166610E-04 1.8666756E+00 1.8352500E+01 -2.4235404E-02
3.1381000E+02 2.5927000E+02 8.6700000E+00 5.0600000E+02 10 5.5261188E+01 2.0560509E-01 3.4943394E-01 4.9428709E-02 1.4977995E-02 1.5741513E-02 1.5213195E-02 9.4647207E-04 2.4758282E-04 8.1467948E-03 1.7765746E-04 8.0546707E-03 3.4675755E-02 4.4709241E-02 1.7513963E-04 1.8638948E+00 1.8386373E+01 -2.4350417E-02
3.1381000E+02 2.5927000E+02 8.6700000E+00 5.1100000E+02 10 5.5272246E+01 1.8916666E-01 3.1177331E-01 5.0143856E-02 1.2332092E-02 1.3674037E-02 1.3147801E-02 9.4274309E-04 2.2544941E-04 6.8029348E-03 1.7695752E-04 6.7662595E-03 3.4094696E-02 3.6809323E-02 1.3943856E-04 1.8397473E+00 1.8374747E+01 -2.5502688E-02
3.1381000E+02 2.5927000E+02 8.6700000E+00 5.1600000E+02 10 5.5275030E+01 1.8825622E-01 3.0836838E-01 5.0727418E-02 1.2224438E-02 1.3531316E-02 1.3007112E-02 9.3910111E-04 2.2208211E-04 6.7478958E-03 1.7627390E-04 6.7091604E-03 3.3638831E-02 3.6487674E-02 1.4056214E-04 1.8318846E+00 1.8373574E+01 -2.5805458E-02
3.1381000E+02 2.5927000E+02 8.6700000E+00 5.2100000E+02 10 5.5277049E+01 1.8806451E-01 3.0658401E-01 5.1212224E-02 1.2215083E-02 1.3449665E-02 1.2927364E-02 9.3569374E-04 2.2044917E-04 6.7435030E-03 1.7563432E-04 6.6992023E-03 3.3263945E-02 3.6459235E-02 1.4164012E-04 1.8311049E+00 1.8367237E+01 -2.5733004E-02
3.1381000E+02 2.5927000E+02 8.6700000E+00 5.2600000E+02 10 5.5278680E+01 1.8803375E-01 3.0534410E-01 5.1622945E-02 1.2225818E-02 1.3395338E-02 1.2874901E-02 9.3235455E-04 2.1947698E-04 6.7491245E-03 1.7500753E-04 6.6993113E-03 3.2950409E-02 3.6490857E-02 1.4229561E-04 1.8318740E+00 1.8362439E+01 -2.5592509E-02
3.1381000E+02 2.5927000E+02 8.6700000E+00 5.3100000E+02 10 5.5280075E+01 1.8800050E-01 3.0428838E-01 5.1976612E-02 1.2233939E-02 1.3352840E-02 1.2834249E-02 9.2904824E-04 2.1874507E-04 6.7530719E-03 1.7438692E-04 6.6986049E-03 3.2684198E-02 3.6514794E-02 1.4261796E-04 1.8324899E+00 1.8359968E+01 -2.5475990E-02
3.1381000E+02 2.5927000E+02 8.6700000E+00 5.3600000E+02 10 5.5281296E+01 1.8794349E-01 3.0332882E-01 5.2285388E-02 1.2236581E-02 1.3316277E-02 1.2799510E-02 9.2577775E-04 2.1810741E-04 6.7539423E-03 1.7377304E-04 6.6956282E-03 3.2455108E-02 3.6522456E-02 1.4275410E-04 1.8326807E+00 1.8358998E+01 -2.5395049E-02
3.1381000E+02 2.5927000E+02 8.6700000E+00 5.4100000E+02 10 5.5282377E+01 1.8787313E-01 3.0245062E-01 5.2558208E-02 1.2235437E-02 1.3283505E-02 1.2768541E-02 9.2254934E-04 2.1752558E-04 6.7526777E-03 1.7316705E-04 6.6911107E-03 3.2255611E-02 3.6518861E-02 1.4280090E-04 1.8325385E+00 1.8358844E+01 -2.5341852E-02
3.1381000E+02 2.5927000E+02 8.6700000E+00 5.4600000E+02 10 5.5283338E+01 1.8780057E-01 3.0165104E-01 5.2801769E-02 1.2232335E-02 1.3253652E-02 1.2740464E-02 9.1936594E-04 2.1699365E-04 6.7502691E-03 1.7256951E-04 6.6858711E-03 3.2080073E-02 3.6509449E-02 1.4280712E-04 1.8321900E+00 1.8359091E+01 -2.5307430E-02
3.1381000E+02 2.5927000E+02 8.6700000E+00 5.5100000E+02 10 5.5284198E+01 1.8773234E-01 3.0092611E-01 5.3021175E-02 1.2228468E-02 1.3226256E-02 1.2714821E-02 9.1622770E-04 2.1651291E-04 6.7473718E-03 1.7198045E-04 6.6804331E-03 3.1924217E-02 3.6497771E-02 1.4279556E-04 1.8317259E+00 1.8359532E+01 -2.5285365E-02
3.1381000E+02 2.5927000E+02 8.6700000E+00 5.5600000E+02 10 5.5284972E+01 1.8767178E-01 3.0027011E-01 5.3220365E-02 1.2224514E-02 1.3201002E-02 1.2691294E-02 9.1313323E-04 2.1608439E-04 6.7443573E-03 1.7139960E-04 6.6750919E-03 3.1784754E-02 3.6485840E-02 1.4277677E-04 1.8312026E+00 1.8360072E+01 -2.5271497E-02
3.1381000E+02 2.5927000E+02 8.6700000E+00 5.6100000E+02 10 5.5285672E+01 1.8761982E-01 2.9967618E-01 5.3402424E-02 1.2220804E-02 1.3177638E-02 1.2669634E-02 9.1008054E-04 2.1570674E-04 6.7414169E-03 1.7082659E-04 6.6699819E-03 3.1659122E-02 3.6474647E-02 1.4275580E-04 1.8306523E+00 1.8360651E+01 -2.5263272E-02
3.1381000E+02 2.5927000E+02 8.6700000E+00 5.6600000E+02 10 5.5286308E+01 1.8757644E-01 2.9913749E-01 5.3569798E-02 1.2217483E-02 1.3155953E-02 1.2649631E-02 9.0706751E-04 2.1537590E-04 6.7386413E-03 1.7026103E-04 6.6651516E-03 3.1545295E-02 3.6464620E-02 1.4273481E-04 1.8300924E+00 1.8361245E+01 -2.5259107E-02
3.1381000E+02 2.5927000E+02 8.6700000E+00 5.7100000E+02 10 5.5286889E+01 1.8754103E-01 2.9864769E-01 5.3724452E-02 1.2214593E-02 1.3135761E-02 1.2631100E-02 9.0409211E-04 2.1508696E-04 6.7360609E-03 1.6970253E-04 6.6606092E-03 3.1441651E-02 3.6455884E-02 1.4271475E-04 1.8295327E+00 1.8361841E+01 -2.5257983E-02
3.1381000E+02 2.5927000E+02 8.6700000E+00 5.7600000E+02 10 5.5287422E+01 1.8751294E-01 2.9820123E-01 5.3867989E-02 1.2212139E-02 1.3116901E-02 1.2613881E-02 9.0115243E-04 2.1483500E-04 6.7336863E-03 1.6915074E-04 6.6563458E-03 3.1346871E-02 3.6448452E-02 1.4269600E-04 1.8289778E+00 1.8362431E+01 -2.5259246E-02
3.1381000E+02 2.5927000E+02 8.6700000E+00 5.8100000E+02 10 5.5287912E+01 1.8749160E-01 2.9779340E-01 5.4001729E-02 1.2210112E-02 1.3099231E-02 1.2597833E-02 8.9824677E-04 2.1461516E-04 6.7315219E-03 1.6860534E-04 6.6523450E-03 3.1259872E-02 3.6442297E-02 1.4267855E-04 1.8284312E+00 1.8363021E+01 -2.5262370E-02
3.1381000E+02 2.5927000E+02 8.6700000E+00 5.8200000E+02 10 5.5280792E+01 2.0198922E-01 3.2939272E-01 5.4028095E-02 1.4588614E-02 1.4890367E-02 1.4389292E-02 8.9766698E-04 2.3230323E-04 7.9402764E-03 1.6849651E-04 7.8040184E-03 3.1256807E-02 4.3543291E-02 1.7604612E-04 1.8277240E+00 1.8417698E+01 -2.5302135E-02
3.1381000E+02 2.5927000E+02 8.6700000E+00 5.8700000E+02 10 5.5288714E+01 1.8676614E-01 2.9613381E-01 5.4123179E-02 1.2106186E-02 1.3045223E-02 1.2545247E-02 8.9569877E-04 2.1495484E-04 6.6774667E-03 1.6812706E-04 6.5995467E-03 3.1178431E-02 3.6131857E-02 1.4003810E-04 1.8207707E+00 1.8388784E+01 -2.5673238E-02
3.1381000E+02 2.5927000E+02 8.6700000E+00 5.9200000E+02 10 5.5289100E+01 1.8668765E-01 2.9570899E-01 5.4213148E-02 1.2096488E-02 1.3024586E-02 1.2524949E-02 8.9509124E-04 2.1463174E-04 6.6725780E-03 1.6801303E-04 6.5939347E-03 3.1111364E-02 3.6102873E-02 1.4087939E-04 1.8198622E+00 1.8382424E+01 -2.5703395E-02
3.1381000E+02 2.5927000E+02 8.6700000E+00 5.9700000E+02 10 5.5289344E+01 1.8686586E-01 2.9577328E-01 5.4298600E-02 1.2123931E-02 1.3022752E-02 1.2523288E-02 8.9478101E-04 2.1480748E-04 6.6870965E-03 1.6795480E-04 6.6061331E-03 3.1046183E-02 3.6184626E-02 1.4153926E-04 1.8217217E+00 1.8375403E+01 -2.5577260E-02
3.1381000E+02 2.5927000E+02 8.6700000E+00 6.0200000E+02 10 5.5289572E+01 1.8703659E-01 2.9586708E-01 5.4380246E-02 1.2151253E-02 1.3027351E-02 1.2528167E-02 8.9428022E-04 2.1504006E-04 6.7013016E-03 1.6786080E-04 6.6182791E-03 3.0985333E-02 3.6266065E-02 1.4189658E-04 1.8237154E+00 1.8370505E+01 -2.5445925E-02
3.1381000E+02 2.5927000E+02 8.6700000E+00 6.0700000E+02 10 5.5289817E+01 1.8713848E-01 2.9586489E-01 5.4458924E-02 1.2169107E-02 1.3031811E-02 1.2533071E-02 8.9348542E-04 2.1519623E-04 6.7103436E-03 1.6771161E-04 6.6258027E-03 3.0928804E-02 3.6319293E-02 1.4202994E-04 1.8250774E+00 1.8367744E+01 -2.5352186E-02
3.1381000E+02 2.5927000E+02 8.6700000E+00 6.1200000E+02 10 5.5290075E+01 1.8718357E-01 2.9577364E-01 5.4535194E-02 1.2178627E-02 1.3034003E-02 1.2535864E-02 8.9240797E-04 2.1526749E-04 6.7148695E-03 1.6750937E-04 6.6291869E-03 3.0876094E-02 3.6347676E-02 1.4204511E-04 1.8258121E+00 1.8366403E+01 -2.5295034E-02
3.1381000E+02 2.5927000E+02 8.6700000E+00 6.1700000E+02 10 5.5290337E+01 1.8719537E-01 2.9562668E-01 5.4609346E-02 1.2182818E-02 1.3033656E-02 1.2536253E-02 8.9108732E-04 2.1528308E-04 6.7165057E-03 1.6726147E-04 6.6298312E-03 3.0826723E-02 3.6360156E-02 1.4200917E-04 1.8260956E+00 1.8365872E+01 -2.5264119E-02
3.1381000E+02 2.5927000E+02 8.6700000E+00 6.2200000E+02 10 5.5290595E+01 1.8719165E-01 2.9545192E-01 5.4681497E-02 1.2184083E-02 1.3031094E-02 1.2534541E-02 8.8956534E-04 2.1526945E-04 6.7165336E-03 1.6697579E-04 6.6288935E-03 3.0780330E-02 3.6363898E-02 1.4195635E-04 1.8260892E+00 1.8365788E+01 -2.5250193E-02
3.1381000E+02 2.5927000E+02 8.6700000E+00 6.2700000E+02 10 5.5290843E+01 1.8718337E-01 2.9526770E-01 5.4751672E-02 1.2183964E-02 1.3026774E-02 1.2531162E-02 8.8787943E-04 2.1524462E-04 6.7157834E-03 1.6665934E-04 6.6271255E-03 3.0736647E-02 3.6363502E-02 1.4190182E-04 1.8259053E+00 1.8365950E+01 -2.5246858E-02
3.1381000E+02 2.5927000E+02 8.6700000E+00 6.3200000E+02 10 5.5291081E+01 1.8717620E-01 2.9508450E-01 5.4819873E-02 1.2183334E-02 1.3021126E-02 1.2526530E-02 8.8606115E-04 2.1522011E-04 6.7147255E-03 1.6631804E-04 6.6249670E-03 3.0695462E-02 3.6361572E-02 1.4185179E-04 1.8256151E+00 1.8366257E+01 -2.5250086E-02
3.1381000E+02 2.5927000E+02 8.6700000E+00 6.3700000E+02 10 5.5291307E+01 1.8717304E-01 2.9490815E-01 5.4886099E-02 1.2182670E-02 1.3014516E-02 1.2520993E-02 8.8413654E-04 2.1520218E-04 6.7136219E-03 1.6595678E-04 6.6226676E-03 3.0656600E-02 3.6359536E-02 1.4180816E-04 1.8252627E+00 1.8366640E+01 -2.5257379E-02
3.1381000E+02 2.5927000E+02 8.6700000E+00 6.4200000E+02 10 5.5291521E+01 1.8717486E-01 2.9474130E-01 5.4950369E-02 1.2182198E-02 1.3007233E-02 1.2514832E-02 8.8212686E-04 2.1519348E-04 6.7125901E-03 1.6557955E-04 6.6203634E-03 3.0619904E-02 3.6358065E-02 1.4177094E-04 1.8248748E+00 1.8367062E+01 -2.5267220E-02
3.1381000E+02 2.5927000E+02 8.6700000E+00 6.4700000E+02 10 5.5291723E+01 1.8718173E-01 2.9458493E-01 5.5012717E-02 1.2182008E-02 1.2999503E-02 1.2508262E-02 8.8004935E-04 2.1519326E-04 6.7116788E-03 1.6518959E-04 6.6181209E-03 3.0585226E-02 3.6357432E-02 1.4173936E-04 1.8244666E+00 1.8367514E+01 -2.5278735E-02
3.1381000E+02 2.5927000E+02 8.6700000E+00 6.5000000E+02 10 5.5288324E+01 1.9425434E-01 3.0986451E-01 5.5049445E-02 1.3344368E-02 1.3838177E-02 1.3347644E-02 8.7878170E-04 2.2581190E-04 7.3038068E-03 1.6495165E-04 7.1777596E-03 3.0571886E-02 3.9826904E-02 1.5756794E-04 1.8172671E+00 1.8426358E+01 -2.5685331E-02
