x y z_datum Time Well_no H2O H O Charge Al C Ca Cl Fe K Mg Na S Si U pH pe Alkalinity
3.1381000E+02 2.5927000E+02 8.6700000E+00 0.0000000E+00 10 9.9704301E-01 7.2098600E-06 6.6484776E-04 -3.2324431E-06 0.0000000E+00 1.0067647E-04 6.3262499E-05 4.3211171E-04 0.0000000E+00 2.8240956E-04 5.5605061E-05 2.2967748E-04 1.4127542E-04 0.0000000E+00 0.0000000E+00 7.0300000E+00 -2.2001569E+00 7.1999443E-03
3.1381000E+02 2.5927000E+02 8.6700000E+00 5.0000000E+00 10 5.5328257E+01 1.9295895E-02 6.2725898E-02 -3.0260528E-03 0.0000000E+00 7.2654578E-03 1.3682269E-03 1.0564790E-02 0.0000000E+00 6.2609368E-03 1.9830630E-03 8.6596637E-03 1.0478695E-02 0.0000000E+00 0.0000000E+00 5.2663851E+00 1.4392544E+01 1.0883890E-03
3.1381000E+02 2.5927000E+02 8.6700000E+00 1.0000000E+01 10 5.5309813E+01 3.3148305E-02 1.0518879E-01 -2.7417659E-03 1.0483731E-03 7.8357611E-03 3.1868025E-03 8.3285308E-03 1.4713540E-05 5.4529504E-03 1.5633062E-03 7.3520229E-03 1.8857353E-02 3.1349034E-03 1.5664899E-05 2.4988617E+00 1.7662805E+01 -5.8611772E-03
3.1381000E+02 2.5927000E+02 8.6700000E+00 1.5000000E+01 10 5.5288172E+01 5.6658521E-02 1.5196844E-01 -2.4975287E-03 2.5767682E-03 8.1477096E-03 4.5711694E-03 6.4073114E-03 3.4307645E-05 5.0787835E-03 1.2026839E-03 6.5316639E-03 2.6056368E-02 7.7010412E-03 3.7778363E-05 2.2281626E+00 1.7992526E+01 -1.1643026E-02
3.1381000E+02 2.5927000E+02 8.6700000E+00 2.0000000E+01 10 5.5270633E+01 7.7023321E-02 1.9000456E-01 -2.3156831E-03 3.9399570E-03 8.3702608E-03 5.5921843E-03 4.9768772E-03 5.3596498E-05 4.9170339E-03 9.3418433E-04 6.0271480E-03 3.1416857E-02 1.1772166E-02 5.7161530E-05 2.1234118E+00 1.8120701E+01 -1.5434741E-02
3.1381000E+02 2.5927000E+02 8.6700000E+00 2.5000000E+01 10 5.5257795E+01 9.2325234E-02 2.1824710E-01 -2.1874558E-03 5.0060751E-03 8.5637560E-03 6.3487114E-03 3.9682149E-03 6.9993508E-05 4.8572621E-03 7.4485346E-04 5.7209801E-03 3.5197060E-02 1.4955527E-02 7.1946496E-05 2.0743225E+00 1.8180247E+01 -1.7753916E-02
3.1381000E+02 2.5927000E+02 8.6700000E+00 3.0000000E+01 10 5.5248688E+01 1.0332296E-01 2.3864034E-01 -2.0982152E-03 5.8014618E-03 8.7434498E-03 6.9202510E-03 3.2662299E-03 8.3006457E-05 4.8429616E-03 6.1308742E-04 5.5335528E-03 3.7828074E-02 1.7330338E-02 8.2630851E-05 2.0498220E+00 1.8209769E+01 -1.9132451E-02
3.1381000E+02 2.5927000E+02 8.6700000E+00 3.5000000E+01 10 5.5242241E+01 1.1115944E-01 2.5333072E-01 -2.0356700E-03 6.3846914E-03 8.9115735E-03 7.3630035E-03 2.7742371E-03 9.2972568E-05 4.8459189E-03 5.2073795E-04 5.4147919E-03 3.9672142E-02 1.9071693E-02 9.0206175E-05 2.0372720E+00 1.8224889E+01 -1.9948979E-02
3.1381000E+02 2.5927000E+02 8.6700000E+00 4.0000000E+01 10 5.5237638E+01 1.1676034E-01 2.6400107E-01 -1.9910958E-03 6.8108173E-03 9.0676643E-03 7.7148149E-03 2.4236069E-03 1.0052301E-04 4.8531827E-03 4.5492293E-04 5.3354090E-03 4.0986426E-02 2.0344015E-02 9.5565554E-05 2.0307759E+00 1.8232742E+01 -2.0438833E-02
3.1381000E+02 2.5927000E+02 8.6700000E+00 4.5000000E+01 10 5.5234305E+01 1.2080110E-01 2.7185958E-01 -1.9586484E-03 7.1234115E-03 9.2112913E-03 8.0009148E-03 2.1683690E-03 1.0623259E-04 4.8595442E-03 4.0701353E-04 5.2789488E-03 4.1943192E-02 2.1277393E-02 9.9382954E-05 2.0274156E+00 1.8236888E+01 -2.0739679E-02
3.1381000E+02 2.5927000E+02 8.6700000E+00 5.0000000E+01 10 5.5231851E+01 1.2375491E-01 2.7774650E-01 -1.9344763E-03 7.3547848E-03 9.3425581E-03 8.2383182E-03 1.9782270E-03 1.1056115E-04 4.8634101E-03 3.7132294E-04 5.2362903E-03 4.2655978E-02 2.1968285E-02 1.0213580E-04 2.0257018E+00 1.8239070E+01 -2.0930227E-02
3.1381000E+02 2.5927000E+02 8.6700000E+00 5.5000000E+01 10 5.5230009E+01 1.2594813E-01 2.8224029E-01 -1.9160371E-03 7.5281696E-03 9.4620397E-03 8.4387647E-03 1.8331799E-03 1.1386471E-04 4.8646870E-03 3.4409689E-04 5.2023406E-03 4.3199742E-02 2.2486046E-02 1.0415239E-04 2.0248581E+00 1.8240213E+01 -2.1055390E-02
3.1381000E+02 2.5927000E+02 8.6700000E+00 6.0000000E+01 10 5.5228598E+01 1.2760500E-01 2.8573915E-01 -1.9016362E-03 7.6600242E-03 9.5706135E-03 8.6105709E-03 1.7199000E-03 1.1642052E-04 4.8638105E-03 3.2283369E-04 5.1741775E-03 4.3624434E-02 2.2879807E-02 1.0565604E-04 2.0244722E+00 1.8240801E+01 -2.1141112E-02
3.1381000E+02 2.5927000E+02 8.6700000E+00 6.5000000E+01 10 5.5227495E+01 1.2888003E-01 2.8851860E-01 -1.8901307E-03 7.7619488E-03 9.6693029E-03 8.7597798E-03 1.6293952E-03 1.1842813E-04 4.8613180E-03 3.0584549E-04 5.1500790E-03 4.3963756E-02 2.3184198E-02 1.0679875E-04 2.0243248E+00 1.8241092E+01 -2.1202463E-02
3.1381000E+02 2.5927000E+02 8.6700000E+00 6.6000000E+01 10 5.5221626E+01 1.4049851E-01 3.1669527E-01 -1.8879370E-03 9.7770544E-03 1.1676092E-02 1.0776201E-02 1.6121395E-03 1.3611120E-04 5.8600360E-03 3.0260652E-04 6.1294756E-03 4.4045553E-02 2.9204275E-02 1.3936779E-04 2.0231038E+00 1.8277404E+01 -2.1272349E-02
3.1381000E+02 2.5927000E+02 8.6700000E+00 6.7000000E+01 10 5.5221544E+01 1.4048956E-01 3.1668902E-01 -1.8858432E-03 9.7583430E-03 1.1663737E-02 1.0773040E-02 1.5956692E-03 1.3760392E-04 5.8413518E-03 2.9951496E-04 6.1061361E-03 4.4106155E-02 2.9148039E-02 1.3716320E-04 2.0187150E+00 1.8297973E+01 -2.1486500E-02
3.1381000E+02 2.5927000E+02 8.6700000E+00 7.2000000E+01 10 5.5223645E+01 1.2993147E-01 2.9131367E-01 -1.8457635E-03 7.6538170E-03 9.6449429E-03 8.7921407E-03 1.5277807E-03 1.1951900E-04 4.7462561E-03 2.8677195E-04 5.0141553E-03 4.4888665E-02 2.2861121E-02 1.0310156E-04 1.9860115E+00 1.8565208E+01 -2.3203425E-02
3.1381000E+02 2.5927000E+02 8.6700000E+00 7.7000000E+01 10 5.5218297E+01 1.3270989E-01 2.9739245E-01 -1.7971415E-03 7.7878640E-03 9.7140900E-03 8.8931281E-03 1.4707394E-03 1.3304766E-04 4.7811040E-03 2.7606502E-04 5.0316632E-03 4.5846400E-02 2.3260997E-02 1.3064234E-04 1.9690139E+00 1.8664849E+01 -2.4259572E-02
3.1381000E+02 2.5927000E+02 8.6700000E+00 8.2000000E+01 10 5.5213383E+01 1.3564248E-01 3.0370169E-01 -1.7548238E-03 7.9823012E-03 9.8162667E-03 9.0225235E-03 1.4219775E-03 1.5119473E-04 4.8517928E-03 2.6691217E-04 5.0848923E-03 4.6688648E-02 2.3841000E-02 1.6214330E-04 1.9611508E+00 1.8712069E+01 -2.4849068E-02
3.1381000E+02 2.5927000E+02 8.6700000E+00 8.7000000E+01 10 5.5209562E+01 1.3806150E-01 3.0892401E-01 -1.7223676E-03 8.1573547E-03 9.9179432E-03 9.1478311E-03 1.3796427E-03 1.6822474E-04 4.9162334E-03 2.5896572E-04 5.1342474E-03 4.7347398E-02 2.4363218E-02 1.8904279E-04 1.9574065E+00 1.8736699E+01 -2.5190909E-02
3.1381000E+02 2.5927000E+02 8.6700000E+00 9.1000000E+01 10 5.5205790E+01 1.4243404E-01 3.1897344E-01 -1.7021886E-03 8.7605206E-03 1.0437839E-02 9.6847450E-03 1.3491554E-03 1.9091438E-04 5.2024003E-03 2.5324311E-04 5.4039514E-03 4.7780658E-02 2.6164234E-02 2.2382748E-04 1.9485532E+00 1.8757975E+01 -2.5759515E-02
3.1381000E+02 2.5927000E+02 8.6700000E+00 9.2000000E+01 10 5.5200840E+01 1.5167535E-01 3.4102530E-01 -1.6974906E-03 1.0327738E-02 1.1922292E-02 1.1173341E-02 1.3417342E-03 2.2775589E-04 5.9844537E-03 2.5185012E-04 6.1685115E-03 4.7933379E-02 3.0845639E-02 2.8847165E-04 1.9452947E+00 1.8766390E+01 -2.5956892E-02
3.1381000E+02 2.5927000E+02 8.6700000E+00 9.7000000E+01 10 5.5200767E+01 1.4102384E-01 3.1661089E-01 -2.1942072E-03 8.1858807E-03 9.9402934E-03 9.2098100E-03 1.3086488E-03 1.8972250E-04 4.8896363E-03 2.4563981E-04 5.0885606E-03 4.9044466E-02 2.4447689E-02 2.1462487E-04 1.9220498E+00 1.8804264E+01 -2.7546159E-02
3.1381000E+02 2.5927000E+02 8.6700000E+00 1.0200000E+02 10 5.5192976E+01 1.4412476E-01 3.2440537E-01 -2.8573756E-03 8.3437114E-03 1.0012597E-02 9.2987572E-03 1.2788311E-03 2.0135888E-04 4.9530826E-03 2.4004289E-04 5.1394471E-03 5.0413877E-02 2.4918398E-02 2.3365579E-04 1.9085408E+00 1.8832099E+01 -2.8675056E-02
3.1381000E+02 2.5927000E+02 8.6700000E+00 1.0700000E+02 10 5.5186144E+01 1.4714333E-01 3.3180056E-01 -3.4376782E-03 8.5346338E-03 1.0106013E-02 9.4073164E-03 1.2517035E-03 2.1346274E-04 5.0351502E-03 2.3495090E-04 5.2083162E-03 5.1589557E-02 2.5487808E-02 2.5107260E-04 1.9015344E+00 1.8849060E+01 -2.9391794E-02
3.1381000E+02 2.5927000E+02 8.6700000E+00 1.1200000E+02 10 5.5180928E+01 1.4957385E-01 3.3771512E-01 -3.8722243E-03 8.7005730E-03 1.0195745E-02 9.5109401E-03 1.2268168E-03 2.2434700E-04 5.1056479E-03 2.3027954E-04 5.2671752E-03 5.2487886E-02 2.5982744E-02 2.6526550E-04 1.8978317E+00 1.8859175E+01 -2.9845456E-02
3.1381000E+02 2.5927000E+02 8.6700000E+00 1.1700000E+02 10 5.5177139E+01 1.5140756E-01 3.4217979E-01 -4.1785372E-03 8.8307110E-03 1.0275068E-02 9.6031015E-03 1.2038175E-03 2.3342861E-04 5.1588024E-03 2.2596246E-04 5.3105690E-03 5.3148449E-02 2.6370931E-02 2.7611731E-04 1.8957925E+00 1.8865293E+01 -3.0138819E-02
3.1381000E+02 2.5927000E+02 8.6700000E+00 1.2200000E+02 10 5.5174407E+01 1.5277388E-01 3.4552360E-01 -4.3908813E-03 8.9300902E-03 1.0344391E-02 9.6843659E-03 1.1824246E-03 2.4079873E-04 5.1970444E-03 2.2194692E-04 5.3406614E-03 5.3634306E-02 2.6667393E-02 2.8421379E-04 1.8946283E+00 1.8869081E+01 -3.0334134E-02
3.1381000E+02 2.5927000E+02 8.6700000E+00 1.2400000E+02 10 5.5168627E+01 1.6301466E-01 3.6924013E-01 -4.4630012E-03 1.0617909E-02 1.1808117E-02 1.1152733E-02 1.1741082E-03 2.8548813E-04 6.0425179E-03 2.2038588E-04 6.1597226E-03 5.3870270E-02 3.1707767E-02 3.5805749E-04 1.8891355E+00 1.8878531E+01 -3.0722649E-02
3.1381000E+02 2.5927000E+02 8.6700000E+00 1.2500000E+02 10 5.5166832E+01 1.6597304E-01 3.7633342E-01 -4.4961267E-03 1.1106884E-02 1.2275238E-02 1.1622144E-02 1.1700082E-03 2.9912855E-04 6.2858028E-03 2.1961629E-04 6.3963803E-03 5.3968514E-02 3.3168206E-02 3.7707010E-04 1.8845273E+00 1.8885201E+01 -3.1036654E-02
3.1381000E+02 2.5927000E+02 8.6700000E+00 1.3000000E+02 10 5.5172050E+01 1.5304445E-01 3.4693683E-01 -4.6092038E-03 8.8604110E-03 1.0340776E-02 9.6990702E-03 1.1496051E-03 2.4606782E-04 5.1426594E-03 2.1578653E-04 5.2793688E-03 5.4178244E-02 2.6459038E-02 2.8064218E-04 1.8808454E+00 1.8887245E+01 -3.1356307E-02
3.1381000E+02 2.5927000E+02 8.6700000E+00 1.3100000E+02 10 5.5165101E+01 1.6663589E-01 3.7821811E-01 -4.6301173E-03 1.1132426E-02 1.2318575E-02 1.1679167E-02 1.1454888E-03 3.0516425E-04 6.2841624E-03 2.1501388E-04 6.3887655E-03 5.4332594E-02 3.3244476E-02 3.8664629E-04 1.8802683E+00 1.8890319E+01 -3.1404612E-02
3.1381000E+02 2.5927000E+02 8.6700000E+00 1.3200000E+02 10 5.5164868E+01 1.6667697E-01 3.7832084E-01 -4.6495391E-03 1.1124368E-02 1.2310565E-02 1.1673442E-02 1.1413950E-03 3.0492833E-04 6.2782326E-03 2.1424546E-04 6.3807473E-03 5.4381925E-02 3.3220082E-02 3.8076635E-04 1.8783847E+00 1.8893577E+01 -3.1540439E-02
3.1381000E+02 2.5927000E+02 8.6700000E+00 1.3700000E+02 10 5.5164055E+01 1.5517277E-01 3.5326860E-01 -5.8132516E-03 8.8857489E-03 1.0379752E-02 9.7534663E-03 1.1219796E-03 2.5087314E-04 5.1395322E-03 2.1060109E-04 5.2685039E-03 5.5795985E-02 2.6534400E-02 2.8392732E-04 1.8622259E+00 1.8881288E+01 -3.3020974E-02
3.1381000E+02 2.5927000E+02 8.6700000E+00 1.4200000E+02 10 5.5153855E+01 1.5891385E-01 3.6301022E-01 -7.3425112E-03 9.1001457E-03 1.0503483E-02 9.8874074E-03 1.1036886E-03 2.5125518E-04 5.2383137E-03 2.0716778E-04 5.3565329E-03 5.7709079E-02 2.7174067E-02 2.8684693E-04 1.8533287E+00 1.8844628E+01 -3.4138973E-02
3.1381000E+02 2.5927000E+02 8.6700000E+00 1.4700000E+02 10 5.5144611E+01 1.6261153E-01 3.7234357E-01 -8.7021471E-03 9.3440814E-03 1.0644373E-02 1.0037908E-02 1.0864716E-03 2.4597299E-04 5.3529964E-03 2.0393607E-04 5.4594284E-03 5.9395295E-02 2.7901775E-02 2.7704938E-04 1.8487710E+00 1.8792341E+01 -3.4898794E-02
3.1381000E+02 2.5927000E+02 8.6700000E+00 1.5200000E+02 10 5.5137428E+01 1.6559059E-01 3.7978634E-01 -9.7423102E-03 9.5493526E-03 1.0770474E-02 1.0173071E-02 1.0702373E-03 2.3718161E-04 5.4484082E-03 2.0088880E-04 5.5446515E-03 6.0688079E-02 2.8514156E-02 2.5941063E-04 1.8461801E+00 1.8731526E+01 -3.5413372E-02
3.1381000E+02 2.5927000E+02 8.6700000E+00 1.5700000E+02 10 5.5132161E+01 1.6782612E-01 3.8534957E-01 -1.0492283E-02 9.7062242E-03 1.0874921E-02 1.0286086E-02 1.0548880E-03 2.2722985E-04 5.5194857E-03 1.9800766E-04 5.6074768E-03 6.1629604E-02 2.8982175E-02 2.3894096E-04 1.8445396E+00 1.8667019E+01 -3.5766348E-02
3.1381000E+02 2.5927000E+02 8.6700000E+00 1.6200000E+02 10 5.5128347E+01 1.6947767E-01 3.8945641E-01 -1.1024219E-02 9.8233399E-03 1.0960291E-02 1.0379582E-02 1.0403316E-03 2.1765812E-04 5.5706129E-03 1.9527536E-04 5.6519556E-03 6.2309565E-02 2.9331605E-02 2.1897412E-04 1.8434366E+00 1.8603384E+01 -3.6012434E-02
3.1381000E+02 2.5927000E+02 8.6700000E+00 1.6700000E+02 10 5.5125560E+01 1.7070935E-01 3.9252515E-01 -1.1403352E-02 9.9114321E-03 1.1031010E-02 1.0458029E-02 1.0264855E-03 2.0921803E-04 5.6072493E-03 1.9267637E-04 5.6831499E-03 6.2807280E-02 2.9594455E-02 2.0121380E-04 1.8426803E+00 1.8545796E+01 -3.6187078E-02
3.1381000E+02 2.5927000E+02 8.6700000E+00 1.6800000E+02 10 5.5118080E+01 1.8493662E-01 4.2453543E-01 -1.1473566E-02 1.2246249E-02 1.2993688E-02 1.2422237E-02 1.0237440E-03 2.3089312E-04 6.7831196E-03 1.9216178E-04 6.8221864E-03 6.2922262E-02 3.6566826E-02 2.4056413E-04 1.8420944E+00 1.8552874E+01 -3.6259419E-02
3.1381000E+02 2.5927000E+02 8.6700000E+00 1.6900000E+02 10 5.5117697E+01 1.8494602E-01 4.2462247E-01 -1.1538639E-02 1.2229030E-02 1.2979512E-02 1.2409576E-02 1.0210297E-03 2.3051493E-04 6.7734240E-03 1.9165229E-04 6.8107722E-03 6.3006719E-02 3.6515052E-02 2.3296701E-04 1.8395902E+00 1.8555252E+01 -3.6472155E-02
3.1381000E+02 2.5927000E+02 8.6700000E+00 1.7400000E+02 10 5.5130672E+01 1.6406699E-01 3.8767272E-01 -1.5654726E-02 9.7826320E-03 1.0977044E-02 1.0414343E-02 1.0080682E-03 1.9869678E-04 5.5311698E-03 1.8921935E-04 5.6052528E-03 6.2029630E-02 2.9209705E-02 1.7462824E-04 1.9088343E+00 1.8434427E+01 -3.1768044E-02
3.1381000E+02 2.5927000E+02 8.6700000E+00 1.7500000E+02 10 5.5126024E+01 1.7481872E-01 4.1535974E-01 -1.6633141E-02 1.1872082E-02 1.2918466E-02 1.2357200E-02 1.0054998E-03 2.1697714E-04 6.5789342E-03 1.8873725E-04 6.6299133E-03 6.1802971E-02 3.5451257E-02 2.0963849E-04 1.9257198E+00 1.8432707E+01 -3.0715561E-02
3.1381000E+02 2.5927000E+02 8.6700000E+00 1.7600000E+02 10 5.5128158E+01 1.7224022E-01 4.1268633E-01 -1.7742229E-02 1.1752609E-02 1.2891469E-02 1.2331623E-02 1.0029547E-03 2.1540498E-04 6.5157957E-03 1.8825953E-04 6.5710601E-03 6.1506784E-02 3.5094986E-02 2.0313528E-04 1.9443814E+00 1.8419627E+01 -2.9588666E-02
3.1381000E+02 2.5927000E+02 8.6700000E+00 1.8100000E+02 10 5.5082024E+01 1.6672007E-01 4.1894651E-01 -2.7950017E-02 9.2481788E-03 1.0898942E-02 1.0345903E-02 9.9075962E-04 1.8371020E-04 5.2423930E-03 1.8597045E-04 5.3406276E-03 7.1492079E-02 2.7617320E-02 1.5267884E-04 1.8348580E+00 1.8484102E+01 -4.0113829E-02
3.1381000E+02 2.5927000E+02 8.6700000E+00 1.8600000E+02 10 5.5003705E+01 1.8625849E-01 4.7898428E-01 -3.8650386E-02 9.4490242E-03 1.0960431E-02 1.0413929E-02 9.7904884E-04 1.8076321E-04 5.3393554E-03 1.8377228E-04 5.4259734E-03 8.5879530E-02 2.8215848E-02 1.5037712E-04 1.7125437E+00 1.8575491E+01 -5.6048466E-02
3.1381000E+02 2.5927000E+02 8.6700000E+00 1.9100000E+02 10 5.4930937E+01 2.0794052E-01 5.3837401E-01 -4.7483640E-02 1.0027847E-02 1.1053583E-02 1.0513369E-02 9.6778349E-04 1.8479511E-04 5.6349980E-03 1.8165772E-04 5.6869034E-03 9.8962091E-02 2.9939624E-02 1.5230071E-04 1.6334657E+00 1.8629701E+01 -7.0058066E-02
3.1381000E+02 2.5927000E+02 8.6700000E+00 1.9600000E+02 10 5.4874049E+01 2.2655538E-01 5.8678647E-01 -5.4056134E-02 1.0694053E-02 1.1144230E-02 1.0610075E-02 9.5693040E-04 1.9204048E-04 5.9771642E-03 1.7962054E-04 5.9881410E-03 1.0904074E-01 3.1923282E-02 1.5516680E-04 1.5868328E+00 1.8658952E+01 -8.0323376E-02
3.1381000E+02 2.5927000E+02 8.6700000E+00 2.0100000E+02 10 5.4832519E+01 2.4102185E-01 6.2330845E-01 -5.8754848E-02 1.1304961E-02 1.1223583E-02 1.0695272E-02 9.4646103E-04 2.0057679E-04 6.2907004E-03 1.7765539E-04 6.2638268E-03 1.1631632E-01 3.3742194E-02 1.5767771E-04 1.5596040E+00 1.8675004E+01 -8.7314964E-02
3.1381000E+02 2.5927000E+02 8.6700000E+00 2.0600000E+02 10 5.4802832E+01 2.5186310E-01 6.5016344E-01 -6.2088883E-02 1.1818288E-02 1.1292495E-02 1.0769827E-02 9.3635059E-04 2.0952016E-04 6.5531674E-03 1.7575761E-04 6.4946394E-03 1.2147011E-01 3.5270628E-02 1.5957031E-04 1.5435541E+00 1.8684089E+01 -9.1959928E-02
3.1381000E+02 2.5927000E+02 8.6700000E+00 2.1100000E+02 10 5.4781562E+01 2.5993368E-01 6.6990348E-01 -6.4476013E-02 1.2235207E-02 1.1353798E-02 1.0836586E-02 9.2657740E-04 2.1828923E-04 6.7651074E-03 1.7392313E-04 6.6811947E-03 1.2513518E-01 3.6512132E-02 1.6091631E-04 1.5339651E+00 1.8689296E+01 -9.5041947E-02
3.1381000E+02 2.5927000E+02 8.6700000E+00 2.1600000E+02 10 5.4766114E+01 2.6598519E-01 6.8458661E-01 -6.6214603E-02 1.2570484E-02 1.1409891E-02 1.0897956E-02 9.1712224E-04 2.2645427E-04 6.9343198E-03 1.7214835E-04 6.8302646E-03 1.2778125E-01 3.7510670E-02 1.6185081E-04 1.5281664E+00 1.8692271E+01 -9.7108354E-02
3.1381000E+02 2.5927000E+02 8.6700000E+00 2.2100000E+02 10 5.4754680E+01 2.7058649E-01 6.9570132E-01 -6.7507387E-02 1.2840522E-02 1.1462366E-02 1.0955541E-02 9.0796799E-04 2.3375605E-04 7.0694853E-03 1.7043006E-04 6.9493489E-03 1.2973091E-01 3.8315054E-02 1.6249195E-04 1.5246304E+00 1.8693963E+01 -9.8516616E-02
3.1381000E+02 2.5927000E+02 8.6700000E+00 2.2600000E+02 10 5.4746034E+01 2.7414665E-01 7.0428567E-01 -6.8490245E-02 1.3059693E-02 1.1512193E-02 1.1010319E-02 8.9909923E-04 2.4009573E-04 7.1781158E-03 1.6876535E-04 7.0451090E-03 1.3120032E-01 3.8968047E-02 1.6292944E-04 1.5224699E+00 1.8694864E+01 -9.9494861E-02
3.1381000E+02 2.5927000E+02 8.6700000E+00 2.3100000E+02 10 5.4739352E+01 2.7695274E-01 7.1105565E-01 -6.9254451E-02 1.3239510E-02 1.1559968E-02 1.1062893E-02 8.9050198E-04 2.4548626E-04 7.2662299E-03 1.6715160E-04 7.1228773E-03 1.3233397E-01 3.9503903E-02 1.6322640E-04 1.5211590E+00 1.8695314E+01 -1.0018855E-01
3.1381000E+02 2.5927000E+02 8.6700000E+00 2.3600000E+02 10 5.4734074E+01 2.7920555E-01 7.1650597E-01 -6.9861886E-02 1.3388810E-02 1.1606077E-02 1.1113656E-02 8.8216344E-04 2.5000904E-04 7.3384936E-03 1.6558642E-04 7.1866962E-03 1.3322910E-01 3.9948911E-02 1.6342581E-04 1.5203790E+00 1.8695503E+01 -1.0069133E-01
3.1381000E+02 2.5927000E+02 8.6700000E+00 2.4100000E+02 10 5.4729814E+01 2.8104597E-01 7.2098079E-01 -7.0355007E-02 1.3514238E-02 1.1650783E-02 1.1162878E-02 8.7407186E-04 2.5377878E-04 7.3984392E-03 1.6406759E-04 7.2395782E-03 1.3395195E-01 4.0322840E-02 1.6355882E-04 1.5199326E+00 1.8695534E+01 -1.0106436E-01
3.1381000E+02 2.5927000E+02 8.6700000E+00 2.4600000E+02 10 5.4726309E+01 2.8257401E-01 7.2472226E-01 -7.0763331E-02 1.3620783E-02 1.1694262E-02 1.1210743E-02 8.6621636E-04 2.5691687E-04 7.4487120E-03 1.6259307E-04 7.2837886E-03 1.3454819E-01 4.0640531E-02 1.6364613E-04 1.5196957E+00 1.8695494E+01 -1.0134807E-01
3.1381000E+02 2.5927000E+02 8.6700000E+00 2.5100000E+02 10 5.4723371E+01 2.8386171E-01 7.2790314E-01 -7.1107666E-02 1.3712225E-02 1.1736632E-02 1.1257372E-02 8.5858681E-04 2.5953618E-04 7.4913020E-03 1.6116097E-04 7.3210569E-03 1.3504972E-01 4.0913231E-02 1.6370242E-04 1.5195893E+00 1.8695396E+01 -1.0156952E-01
3.1381000E+02 2.5927000E+02 8.6700000E+00 2.5600000E+02 10 5.4720866E+01 2.8496181E-01 7.3064859E-01 -7.1402888E-02 1.3791473E-02 1.1777965E-02 1.1302843E-02 8.5117375E-04 2.6173379E-04 7.5277231E-03 1.5976950E-04 7.3527277E-03 1.3547917E-01 4.1149593E-02 1.6373777E-04 1.5195634E+00 1.8695294E+01 -1.0174692E-01
3.1381000E+02 2.5927000E+02 8.6700000E+00 2.6100000E+02 10 5.4718698E+01 2.8591349E-01 7.3305064E-01 -7.1659795E-02 1.3860788E-02 1.1818302E-02 1.1347201E-02 8.4396829E-04 2.6358985E-04 7.5591469E-03 1.5841700E-04 7.3798532E-03 1.3585280E-01 4.1356350E-02 1.6375958E-04 1.5195862E+00 1.8695205E+01 -1.0189265E-01
3.1381000E+02 2.5927000E+02 8.6700000E+00 2.6400000E+02 10 5.4712647E+01 2.9619069E-01 7.5385711E-01 -7.1802059E-02 1.5383728E-02 1.2746270E-02 1.2277543E-02 8.3971791E-04 2.8044524E-04 8.3352903E-03 1.5761918E-04 8.1079367E-03 1.3606667E-01 4.5899744E-02 1.8369457E-04 1.5168751E+00 1.8748719E+01 -1.0249939E-01
3.1381000E+02 2.5927000E+02 8.6700000E+00 2.6500000E+02 10 5.4707418E+01 3.0608566E-01 7.7376717E-01 -7.1848226E-02 1.6873895E-02 1.3683613E-02 1.3215672E-02 8.3830914E-04 2.9466269E-04 9.0952202E-03 1.5735475E-04 8.8240422E-03 1.3614018E-01 5.0345960E-02 2.0255671E-04 1.5155526E+00 1.8777101E+01 -1.0278642E-01
3.1381000E+02 2.5927000E+02 8.6700000E+00 2.7000000E+02 10 5.4714959E+01 2.8868551E-01 7.3965891E-01 -7.2019064E-02 1.4199816E-02 1.2070571E-02 1.1605695E-02 8.3281905E-04 2.7383105E-04 7.7258005E-03 1.5632423E-04 7.5336982E-03 1.3637577E-01 4.2367854E-02 1.6438516E-04 1.5264559E+00 1.8683227E+01 -1.0083268E-01
3.1381000E+02 2.5927000E+02 8.6700000E+00 2.7500000E+02 10 5.4712061E+01 2.9234585E-01 7.4734897E-01 -7.2183562E-02 1.4706857E-02 1.2401564E-02 1.1940225E-02 8.2648125E-04 2.7829574E-04 7.9809505E-03 1.5513460E-04 7.7725339E-03 1.3661988E-01 4.3880760E-02 1.7136798E-04 1.5388933E+00 1.8619103E+01 -9.8638936E-02
3.1381000E+02 2.5927000E+02 8.6700000E+00 2.8000000E+02 10 5.4709543E+01 2.9538577E-01 7.5388088E-01 -7.2337337E-02 1.5127635E-02 1.2697725E-02 1.2239928E-02 8.2013557E-04 2.8307021E-04 8.1916440E-03 1.5394348E-04 7.9703389E-03 1.3684764E-01 4.5136450E-02 1.7494460E-04 1.5494871E+00 1.8576380E+01 -9.6814460E-02
3.1381000E+02 2.5927000E+02 8.6700000E+00 2.8500000E+02 10 5.4707489E+01 2.9764408E-01 7.5896097E-01 -7.2479806E-02 1.5440322E-02 1.2946861E-02 1.2492496E-02 8.1398603E-04 2.8708520E-04 8.3467597E-03 1.5278918E-04 8.1168915E-03 1.3705844E-01 4.6069836E-02 1.7662947E-04 1.5575552E+00 1.8551770E+01 -9.5460423E-02
3.1381000E+02 2.5927000E+02 8.6700000E+00 2.8900000E+02 10 5.4703830E+01 3.0359303E-01 7.7143047E-01 -7.2586882E-02 1.6330776E-02 1.3560426E-02 1.3108717E-02 8.0922848E-04 2.9704369E-04 8.7977439E-03 1.5189617E-04 8.5425732E-03 1.3721984E-01 4.8727053E-02 1.8600600E-04 1.5607367E+00 1.8593172E+01 -9.4967151E-02
3.1381000E+02 2.5927000E+02 8.6700000E+00 2.9000000E+02 10 5.4696376E+01 3.1821999E-01 8.0109480E-01 -7.2613227E-02 1.8561045E-02 1.5019320E-02 1.4568269E-02 8.0804958E-04 3.1551663E-04 9.9341125E-03 1.5167488E-04 9.6170928E-03 1.3726761E-01 5.5382428E-02 2.1288637E-04 1.5613684E+00 1.8646962E+01 -9.4881568E-02
3.1381000E+02 2.5927000E+02 8.6700000E+00 2.9500000E+02 10 5.4747815E+01 2.8837482E-01 7.3142892E-01 -6.7512938E-02 1.5603701E-02 1.3211676E-02 1.2763778E-02 8.0240110E-04 2.9259233E-04 8.4204858E-03 1.5061463E-04 8.1894240E-03 1.2955218E-01 4.6558440E-02 1.7329553E-04 1.6055064E+00 1.8544454E+01 -8.4740308E-02
3.1381000E+02 2.5927000E+02 8.6700000E+00 3.0000000E+02 10 5.4811363E+01 2.7167367E-01 6.8375705E-01 -5.9805790E-02 1.5487692E-02 1.3333644E-02 1.2888778E-02 7.9696895E-04 2.8913314E-04 8.3523661E-03 1.4959499E-04 8.1361756E-03 1.1791644E-01 4.6215031E-02 1.7297492E-04 1.6789851E+00 1.8462461E+01 -7.0139141E-02
3.1381000E+02 2.5927000E+02 8.6700000E+00 3.0100000E+02 10 5.4816565E+01 2.8447962E-01 7.0820852E-01 -5.8190319E-02 1.8034856E-02 1.5260586E-02 1.4816322E-02 7.9589092E-04 3.0993138E-04 9.6426222E-03 1.4939264E-04 9.3732396E-03 1.1549074E-01 5.3819879E-02 2.0695748E-04 1.6955246E+00 1.8513327E+01 -6.7213665E-02
3.1381000E+02 2.5927000E+02 8.6700000E+00 3.0200000E+02 10 5.4830596E+01 2.8012655E-01 6.9673321E-01 -5.6534587E-02 1.7909594E-02 1.5270062E-02 1.4826395E-02 7.9482105E-04 3.1136253E-04 9.5758394E-03 1.4919182E-04 9.3147816E-03 1.1299044E-01 5.3447155E-02 2.0372390E-04 1.7122178E+00 1.8519991E+01 -6.4346588E-02
3.1381000E+02 2.5927000E+02 8.6700000E+00 3.0300000E+02 10 5.4846727E+01 2.7450745E-01 6.8241434E-01 -5.4672633E-02 1.7661971E-02 1.5218551E-02 1.4774313E-02 7.9584453E-04 3.1184515E-04 9.4475253E-03 1.4938393E-04 9.1994956E-03 1.1017443E-01 5.2709444E-02 1.9945356E-04 1.7274479E+00 1.8531479E+01 -6.1665411E-02
3.1381000E+02 2.5927000E+02 8.6700000E+00 3.0800000E+02 10 5.4919829E+01 2.3616696E-01 5.9097407E-01 -4.7130902E-02 1.4166017E-02 1.3124940E-02 1.2676780E-02 8.0287210E-04 2.7484321E-04 7.6646587E-03 1.5070304E-04 7.5249836E-03 9.8748091E-02 4.2278898E-02 1.5489899E-04 1.7926292E+00 1.8441602E+01 -5.1283934E-02
3.1381000E+02 2.5927000E+02 8.6700000E+00 3.1300000E+02 10 5.4967906E+01 2.1937070E-01 5.4864591E-01 -4.1587392E-02 1.3439564E-02 1.3068389E-02 1.2616610E-02 8.0935551E-04 2.5999398E-04 7.2869896E-03 1.5192001E-04 7.1935348E-03 9.0356485E-02 4.0115909E-02 1.5079146E-04 1.8512056E+00 1.8376054E+01 -4.3615552E-02
3.1381000E+02 2.5927000E+02 8.6700000E+00 3.1800000E+02 10 5.5002488E+01 2.0685032E-01 5.1783846E-01 -3.7631938E-02 1.2863503E-02 1.3075508E-02 1.2620613E-02 8.1493559E-04 2.4678167E-04 6.9870723E-03 1.5296742E-04 6.9318455E-03 8.4364091E-02 3.8400886E-02 1.4698528E-04 1.8983074E+00 1.8322996E+01 -3.8312309E-02
3.1381000E+02 2.5927000E+02 8.6700000E+00 3.2300000E+02 10 5.5027353E+01 1.9734354E-01 4.9511512E-01 -3.4824602E-02 1.2380032E-02 1.3102152E-02 1.2644719E-02 8.1948227E-04 2.3465208E-04 6.7355144E-03 1.5382085E-04 6.7117703E-03 8.0106864E-02 3.6961317E-02 1.4338997E-04 1.9327981E+00 1.8285431E+01 -3.4799772E-02
3.1381000E+02 2.5927000E+02 8.6700000E+00 3.2800000E+02 10 5.5045385E+01 1.9002335E-01 4.7810774E-01 -3.2820063E-02 1.1968502E-02 1.3130043E-02 1.2670674E-02 8.2295016E-04 2.2388904E-04 6.5214266E-03 1.5447179E-04 6.5236793E-03 7.7063705E-02 3.5735643E-02 1.4016712E-04 1.9564251E+00 1.8260633E+01 -3.2521309E-02
3.1381000E+02 2.5927000E+02 8.6700000E+00 3.2900000E+02 10 5.5042888E+01 2.0040103E-01 5.0268676E-01 -3.2448678E-02 1.3913685E-02 1.5024374E-02 1.4564643E-02 8.2360034E-04 2.3896590E-04 7.4982271E-03 1.5459383E-04 7.4808866E-03 7.6515245E-02 4.1547006E-02 1.7014056E-04 1.9606236E+00 1.8300213E+01 -3.2129095E-02
3.1381000E+02 2.5927000E+02 8.6700000E+00 3.3000000E+02 10 5.5046114E+01 1.9888522E-01 4.9927345E-01 -3.2104408E-02 1.3806083E-02 1.5007677E-02 1.4547608E-02 8.2420697E-04 2.3803705E-04 7.4429603E-03 1.5470770E-04 7.4302992E-03 7.5991362E-02 4.1225984E-02 1.6738465E-04 1.9625625E+00 1.8316763E+01 -3.1896049E-02
3.1381000E+02 2.5927000E+02 8.6700000E+00 3.3500000E+02 10 5.5038908E+01 1.8978406E-01 4.7654345E-01 -3.1334303E-02 1.1306777E-02 1.3042095E-02 1.2580910E-02 8.2620606E-04 2.1063315E-04 6.1787158E-03 1.5508294E-04 6.2154050E-03 7.8684431E-02 3.3762760E-02 1.3211602E-04 1.8665311E+00 1.8376917E+01 -3.9235089E-02
3.1381000E+02 2.5927000E+02 8.6700000E+00 3.4000000E+02 10 5.5011109E+01 2.0041585E-01 4.9718966E-01 -3.1088205E-02 1.1333780E-02 1.3040672E-02 1.2578889E-02 8.2727677E-04 2.0755492E-04 6.1945749E-03 1.5528392E-04 6.2272894E-03 8.3766558E-02 3.3842229E-02 1.3508106E-04 1.7716649E+00 1.8453945E+01 -4.8565544E-02
3.1381000E+02 2.5927000E+02 8.6700000E+00 3.4500000E+02 10 5.4982859E+01 2.1295364E-01 5.2105813E-01 -3.1024079E-02 1.1669299E-02 1.3071469E-02 1.2609534E-02 8.2754846E-04 2.1002321E-04 6.3725010E-03 1.5533492E-04 6.3810929E-03 8.8719795E-02 3.4840443E-02 1.3991633E-04 1.7067188E+00 1.8503710E+01 -5.6417890E-02
3.1381000E+02 2.5927000E+02 8.6700000E+00 3.5000000E+02 10 5.4959834E+01 2.2411685E-01 5.4194036E-01 -3.0992947E-02 1.2096745E-02 1.3107910E-02 1.2646196E-02 8.2715270E-04 2.1490706E-04 6.5987207E-03 1.5526063E-04 6.5765634E-03 9.2650285E-02 3.6112388E-02 1.4466302E-04 1.6662491E+00 1.8533869E+01 -6.2066494E-02
3.1381000E+02 2.5927000E+02 8.6700000E+00 3.5500000E+02 10 5.4942704E+01 2.3299113E-01 5.5828759E-01 -3.0951640E-02 1.2502480E-02 1.3140219E-02 1.2679031E-02 8.2621082E-04 2.2034039E-04 6.8131891E-03 1.5508383E-04 6.7615894E-03 9.5514039E-02 3.7319773E-02 1.4859303E-04 1.6415436E+00 1.8552342E+01 -6.5863937E-02
3.1381000E+02 2.5927000E+02 8.6700000E+00 3.6000000E+02 10 5.4930421E+01 2.3971478E-01 5.7050468E-01 -3.0896135E-02 1.2846719E-02 1.3166864E-02 1.2706447E-02 8.2482829E-04 2.2553369E-04 6.9947502E-03 1.5482433E-04 6.9181620E-03 9.7531184E-02 3.8344184E-02 1.5162710E-04 1.6263991E+00 1.8563898E+01 -6.8351317E-02
3.1381000E+02 2.5927000E+02 8.6700000E+00 3.6500000E+02 10 5.4921707E+01 2.4472162E-01 5.7949250E-01 -3.0832228E-02 1.3124793E-02 1.3188900E-02 1.2729452E-02 8.2309368E-04 2.3020592E-04 7.1408986E-03 1.5449873E-04 7.0443036E-03 9.8940152E-02 3.9171736E-02 1.5390375E-04 1.6169896E+00 1.8571250E+01 -6.9972799E-02
3.1381000E+02 2.5927000E+02 8.6700000E+00 3.7000000E+02 10 5.4915506E+01 2.4844319E-01 5.8610273E-01 -3.0765888E-02 1.3344820E-02 1.3207699E-02 1.2749375E-02 8.2107976E-04 2.3427385E-04 7.2559560E-03 1.5412071E-04 7.1438145E-03 9.9928976E-02 3.9826587E-02 1.5559353E-04 1.6110419E+00 1.8576009E+01 -7.1036549E-02
3.1381000E+02 2.5927000E+02 8.6700000E+00 3.7500000E+02 10 5.4911050E+01 2.5122662E-01 5.9100203E-01 -3.0701157E-02 1.3517801E-02 1.3224310E-02 1.2767233E-02 8.1884561E-04 2.3774549E-04 7.3457947E-03 1.5370135E-04 7.2217706E-03 1.0063104E-01 4.0341465E-02 1.5684464E-04 1.6072109E+00 1.8579127E+01 -7.1743123E-02
3.1381000E+02 2.5927000E+02 8.6700000E+00 3.8000000E+02 10 5.4907804E+01 2.5333041E-01 5.9467717E-01 -3.0640287E-02 1.3653969E-02 1.3239409E-02 1.2783675E-02 8.1643893E-04 2.4066728E-04 7.4158949E-03 1.5324960E-04 7.2828655E-03 1.0113725E-01 4.0746819E-02 1.5777251E-04 1.6046932E+00 1.8581234E+01 -7.2220110E-02
3.1381000E+02 2.5927000E+02 8.6700000E+00 3.8500000E+02 10 5.4905402E+01 2.5494126E-01 5.9747430E-01 -3.0584304E-02 1.3761782E-02 1.3253393E-02 1.2799078E-02 8.1389812E-04 2.4310499E-04 7.4708031E-03 1.5277268E-04 7.3309566E-03 1.0150880E-01 4.1067804E-02 1.5846319E-04 1.6030021E+00 1.8582691E+01 -7.2548364E-02
3.1381000E+02 2.5927000E+02 8.6700000E+00 3.9000000E+02 10 5.4903594E+01 2.5619269E-01 5.9963757E-01 -3.0533488E-02 1.3847879E-02 1.3266486E-02 1.2813647E-02 8.1125414E-04 2.4513277E-04 7.5141013E-03 1.5227639E-04 7.3690614E-03 1.0178688E-01 4.1324172E-02 1.5897973E-04 1.6018378E+00 1.8583729E+01 -7.2779361E-02
3.1381000E+02 2.5927000E+02 8.6700000E+00 3.9500000E+02 10 5.4902208E+01 2.5718001E-01 6.0133929E-01 -3.0487701E-02 1.3917348E-02 1.3278811E-02 1.2827491E-02 8.0853201E-04 2.4682261E-04 7.5485459E-03 1.5176543E-04 7.3994815E-03 1.0199938E-01 4.1531056E-02 1.5936788E-04 1.6010131E+00 1.8584495E+01 -7.2946175E-02
3.1381000E+02 2.5927000E+02 8.6700000E+00 4.0000000E+02 10 5.4901125E+01 2.5797158E-01 6.0270158E-01 -3.0446592E-02 1.3974045E-02 1.3290438E-02 1.2840670E-02 8.0575203E-04 2.4823896E-04 7.5762298E-03 1.5124362E-04 7.4239601E-03 1.0216535E-01 4.1699928E-02 1.5966090E-04 1.6004092E+00 1.8585086E+01 -7.3070258E-02
3.1381000E+02 2.5927000E+02 8.6700000E+00 4.0500000E+02 10 5.4900262E+01 2.5861663E-01 6.0381163E-01 -3.0409716E-02 1.4020885E-02 1.3301416E-02 1.2853222E-02 8.0293071E-04 2.4943664E-04 7.5987337E-03 1.5071404E-04 7.4438174E-03 1.0229788E-01 4.1839456E-02 1.5988316E-04 1.5999503E+00 1.8585560E+01 -7.3165617E-02
3.1381000E+02 2.5927000E+02 8.6700000E+00 4.1000000E+02 10 5.4899562E+01 2.5915087E-01 6.0473207E-01 -3.0376605E-02 1.4060066E-02 1.3311781E-02 1.2865178E-02 8.0008159E-04 2.5046033E-04 7.6172465E-03 1.5017925E-04 7.4600538E-03 1.0240610E-01 4.1956179E-02 1.6005238E-04 1.5995870E+00 1.8585957E+01 -7.3241507E-02
3.1381000E+02 2.5927000E+02 8.6700000E+00 4.1200000E+02 10 5.4892469E+01 2.7308271E-01 6.3310762E-01 -3.0363933E-02 1.6206836E-02 1.4682259E-02 1.4236294E-02 7.9893828E-04 2.7149184E-04 8.7132827E-03 1.4996465E-04 8.4918991E-03 1.0245633E-01 4.8361940E-02 1.8866588E-04 1.5977599E+00 1.8650006E+01 -7.3524745E-02
3.1381000E+02 2.5927000E+02 8.6700000E+00 4.1700000E+02 10 5.4899395E+01 2.5850524E-01 6.0343211E-01 -3.0335389E-02 1.3923084E-02 1.3234245E-02 1.2789883E-02 7.9606740E-04 2.5203574E-04 7.5448238E-03 1.4942577E-04 7.3908504E-03 1.0252860E-01 4.1547278E-02 1.5623334E-04 1.5933548E+00 1.8619710E+01 -7.4163335E-02
3.1381000E+02 2.5927000E+02 8.6700000E+00 4.2200000E+02 10 5.4898921E+01 2.5890163E-01 6.0406797E-01 -3.0309577E-02 1.3952017E-02 1.3234564E-02 1.2791806E-02 7.9319234E-04 2.5127833E-04 7.5581395E-03 1.4888610E-04 7.4020988E-03 1.0260144E-01 4.1633456E-02 1.5805371E-04 1.5930375E+00 1.8607860E+01 -7.4221044E-02
3.1381000E+02 2.5927000E+02 8.6700000E+00 4.2700000E+02 10 5.4898357E+01 2.5955865E-01 6.0520837E-01 -3.0286140E-02 1.4022451E-02 1.3257919E-02 1.2816765E-02 7.9032010E-04 2.5173617E-04 7.5929302E-03 1.4834697E-04 7.4329993E-03 1.0266499E-01 4.1843382E-02 1.5927101E-04 1.5942028E+00 1.8598952E+01 -7.4065901E-02
3.1381000E+02 2.5927000E+02 8.6700000E+00 4.2900000E+02 10 5.4891265E+01 2.7362757E-01 6.3379251E-01 -3.0277123E-02 1.6191549E-02 1.4630864E-02 1.4190351E-02 7.8917207E-04 2.7278703E-04 8.7009605E-03 1.4813148E-04 8.4749234E-03 1.0269949E-01 4.8315629E-02 1.8841949E-04 1.5930491E+00 1.8658517E+01 -7.4250956E-02
3.1381000E+02 2.5927000E+02 8.6700000E+00 4.3000000E+02 10 5.4889082E+01 2.7792409E-01 6.4258202E-01 -3.0272702E-02 1.6851833E-02 1.5072363E-02 1.4632170E-02 7.8859831E-04 2.8052356E-04 9.0376992E-03 1.4802378E-04 8.7924211E-03 1.0271358E-01 5.0286006E-02 1.9521265E-04 1.5916968E+00 1.8682426E+01 -7.4455727E-02
3.1381000E+02 2.5927000E+02 8.6700000E+00 4.3500000E+02 10 5.4897568E+01 2.6092515E-01 6.0827694E-01 -3.0244131E-02 1.4242209E-02 1.3450637E-02 1.3008239E-02 7.9254698E-04 2.6001855E-04 7.7065932E-03 1.4876497E-04 7.5403470E-03 1.0268756E-01 4.2498876E-02 1.5885003E-04 1.6017854E+00 1.8592485E+01 -7.2999994E-02
3.1381000E+02 2.5927000E+02 8.6700000E+00 4.3600000E+02 10 5.4888170E+01 2.7982616E-01 6.4681480E-01 -3.0238307E-02 1.7164296E-02 1.5354836E-02 1.4911930E-02 7.9345823E-04 2.8427773E-04 9.1987550E-03 1.4893601E-04 8.9484788E-03 1.0269819E-01 5.1218979E-02 1.9929187E-04 1.6042924E+00 1.8631548E+01 -7.2655461E-02
3.1381000E+02 2.5927000E+02 8.6700000E+00 4.3700000E+02 10 5.4889122E+01 2.7992900E-01 6.4661346E-01 -2.9996504E-02 1.7209435E-02 1.5394875E-02 1.4951416E-02 7.9444832E-04 2.8792207E-04 9.2227142E-03 1.4912186E-04 8.9705875E-03 1.0249342E-01 5.1353459E-02 1.9764394E-04 1.6067593E+00 1.8643025E+01 -7.2228005E-02
3.1381000E+02 2.5927000E+02 8.6700000E+00 4.3800000E+02 10 5.4892314E+01 2.7953139E-01 6.4449648E-01 -2.9281955E-02 1.7229970E-02 1.5424502E-02 1.4980479E-02 7.9546013E-04 2.9068052E-04 9.2339384E-03 1.4931178E-04 8.9810964E-03 1.0188826E-01 5.1414604E-02 1.9637454E-04 1.6095407E+00 1.8649977E+01 -7.1587107E-02
3.1381000E+02 2.5927000E+02 8.6700000E+00 4.4300000E+02 10 5.4953471E+01 2.5493255E-01 5.7163694E-01 -1.7613041E-02 1.4680348E-02 1.3817050E-02 1.3373857E-02 7.9397290E-04 2.6806457E-04 7.9303063E-03 1.4903262E-04 7.7533863E-03 9.2043706E-02 4.3806497E-02 1.6232371E-04 1.6491425E+00 1.8519336E+01 -6.2309906E-02
3.1381000E+02 2.5927000E+02 8.6700000E+00 4.4400000E+02 10 5.4956417E+01 2.7094546E-01 5.9965909E-01 -1.5008806E-02 1.7453601E-02 1.5717241E-02 1.5274341E-02 7.9344682E-04 2.9020233E-04 9.3428515E-03 1.4893387E-04 9.0921634E-03 8.9863819E-02 5.2083881E-02 2.0018344E-04 1.6588036E+00 1.8556644E+01 -6.0267540E-02
3.1381000E+02 2.5927000E+02 8.6700000E+00 4.4500000E+02 10 5.4969172E+01 2.6909285E-01 5.9047561E-01 -1.2186052E-02 1.7474451E-02 1.5757440E-02 1.5314922E-02 7.9276314E-04 2.9282518E-04 9.3527953E-03 1.4880554E-04 9.1019943E-03 8.7485605E-02 5.2146210E-02 1.9856582E-04 1.6687403E+00 1.8561747E+01 -5.8163585E-02
3.1381000E+02 2.5927000E+02 8.6700000E+00 4.5000000E+02 10 5.5034402E+01 2.4542348E-01 5.1730039E-01 5.6285180E-04 1.5178883E-02 1.4298962E-02 1.3858348E-02 7.8935302E-04 2.7377749E-04 8.1785095E-03 1.4816544E-04 7.9941071E-03 7.6735035E-02 4.5295922E-02 1.6788100E-04 1.7293667E+00 1.8378141E+01 -4.7686287E-02
3.1381000E+02 2.5927000E+02 8.6700000E+00 4.5300000E+02 10 5.5062000E+01 2.4949188E-01 5.1287212E-01 7.6307913E-03 1.6615732E-02 1.5439286E-02 1.4999903E-02 7.8714605E-04 2.8607644E-04 8.9056302E-03 1.4775119E-04 8.6905877E-03 7.0791536E-02 4.9586205E-02 1.8643524E-04 1.7674797E+00 1.8373894E+01 -4.2126464E-02
3.1381000E+02 2.5927000E+02 8.6700000E+00 4.5400000E+02 10 5.5068653E+01 2.5534946E-01 5.2146950E-01 9.9145763E-03 1.7816307E-02 1.6429507E-02 1.5990542E-02 7.8639868E-04 2.9531135E-04 9.5127384E-03 1.4761090E-04 9.2747563E-03 6.8874221E-02 5.3171444E-02 1.9979432E-04 1.7805786E+00 1.8396524E+01 -4.0375787E-02
3.1381000E+02 2.5927000E+02 8.6700000E+00 4.5900000E+02 10 5.5124509E+01 2.3013611E-01 4.4939436E-01 2.0263717E-02 1.4990600E-02 1.4563284E-02 1.4127331E-02 7.8100217E-04 2.6910825E-04 8.0684258E-03 1.4659795E-04 7.9076264E-03 6.0168420E-02 4.4738085E-02 1.6359338E-04 1.8105656E+00 1.8325550E+01 -3.5209255E-02
3.1381000E+02 2.5927000E+02 8.6700000E+00 4.6400000E+02 10 5.5160781E+01 2.2256358E-01 4.1980155E-01 2.8039977E-02 1.4693192E-02 1.4571271E-02 1.4138035E-02 7.7613458E-04 2.6116152E-04 7.9082482E-03 1.4568428E-04 7.7668975E-03 5.3647854E-02 4.3852606E-02 1.6224071E-04 1.8371864E+00 1.8293883E+01 -3.1333579E-02
3.1381000E+02 2.5927000E+02 8.6700000E+00 4.6900000E+02 10 5.5187497E+01 2.1694346E-01 3.9807843E-01 3.3771420E-02 1.4472947E-02 1.4605658E-02 1.4174882E-02 7.7172722E-04 2.5432260E-04 7.7882159E-03 1.4485699E-04 7.6629445E-03 4.8852706E-02 4.3196832E-02 1.6118547E-04 1.8599110E+00 1.8264795E+01 -2.8474084E-02
3.1381000E+02 2.5927000E+02 8.6700000E+00 4.7400000E+02 10 5.5207337E+01 2.1258942E-01 3.8175909E-01 3.8015100E-02 1.4284065E-02 1.4643687E-02 1.4215196E-02 7.6763583E-04 2.4822035E-04 7.6849376E-03 1.4408902E-04 7.5736142E-03 4.5312717E-02 4.2634283E-02 1.6006083E-04 1.8771201E+00 1.8243985E+01 -2.6457865E-02
3.1381000E+02 2.5927000E+02 8.6700000E+00 4.7900000E+02 10 5.5222251E+01 2.0912138E-01 3.6924560E-01 4.1189851E-02 1.4113157E-02 1.4675044E-02 1.4248702E-02 7.6378301E-04 2.4283711E-04 7.5919143E-03 1.4336583E-04 7.4920461E-03 4.2674224E-02 4.2125069E-02 1.5891537E-04 1.8890373E+00 1.8230584E+01 -2.5071959E-02
3.1381000E+02 2.5927000E+02 8.6700000E+00 4.8100000E+02 10 5.5222474E+01 2.1802527E-01 3.8741787E-01 4.2312044E-02 1.5733801E-02 1.6042206E-02 1.5616705E-02 7.6227706E-04 2.5359851E-04 8.4110338E-03 1.4308315E-04 8.2801157E-03 4.1753034E-02 4.6964343E-02 1.8097534E-04 1.8903077E+00 1.8304701E+01 -2.4758004E-02
3.1381000E+02 2.5927000E+02 8.6700000E+00 4.8200000E+02 10 5.5223514E+01 2.2032141E-01 3.9197455E-01 4.2838917E-02 1.6190239E-02 1.6485890E-02 1.6060805E-02 7.6153261E-04 2.5621094E-04 8.6405614E-03 1.4294342E-04 8.5029059E-03 4.1318641E-02 4.8327517E-02 1.8579296E-04 1.8893966E+00 1.8332192E+01 -2.4692919E-02
3.1381000E+02 2.5927000E+02 8.6700000E+00 4.8700000E+02 10 5.5241415E+01 2.0200739E-01 3.4837577E-01 4.4966743E-02 1.3446976E-02 1.4433639E-02 1.4010699E-02 7.5769075E-04 2.3295317E-04 7.2459085E-03 1.4222228E-04 7.1685974E-03 3.9550713E-02 4.0137178E-02 1.5006462E-04 1.8658305E+00 1.8322903E+01 -2.5495579E-02
3.1381000E+02 2.5927000E+02 8.6700000E+00 4.9200000E+02 10 5.5249456E+01 1.9933437E-01 3.3988569E-01 4.6597571E-02 1.3206082E-02 1.4300659E-02 1.3879591E-02 7.5433485E-04 2.2718889E-04 7.1215440E-03 1.4159236E-04 7.0492488E-03 3.8213881E-02 3.9418331E-02 1.5009292E-04 1.8574221E+00 1.8322970E+01 -2.5584251E-02
3.1381000E+02 2.5927000E+02 8.6700000E+00 4.9700000E+02 10 5.5255383E+01 1.9786176E-01 3.3435269E-01 4.7865787E-02 1.3101421E-02 1.4225999E-02 1.3806653E-02 7.5125182E-04 2.2365888E-04 7.0677239E-03 1.4101366E-04 6.9947592E-03 3.7180897E-02 3.9105755E-02 1.5051270E-04 1.8565383E+00 1.8316136E+01 -2.5337900E-02
3.1381000E+02 2.5927000E+02 8.6700000E+00 5.0200000E+02 10 5.5259957E+01 1.9689219E-01 3.3032572E-01 4.8870539E-02 1.3044145E-02 1.4178336E-02 1.3760624E-02 7.4832480E-04 2.2123990E-04 7.0382964E-03 1.4046424E-04 6.9631113E-03 3.6368754E-02 3.8934591E-02 1.5072598E-04 1.8575683E+00 1.8310539E+01 -2.5049526E-02
3.1381000E+02 2.5927000E+02 8.6700000E+00 5.0500000E+02 10 5.5258913E+01 2.0326902E-01 3.4342278E-01 4.9395463E-02 1.4154445E-02 1.5027868E-02 1.4611113E-02 7.4661029E-04 2.3002226E-04 7.6022680E-03 1.4014242E-04 7.4987800E-03 3.5953480E-02 4.2249012E-02 1.6630227E-04 1.8518865E+00 1.8369732E+01 -2.5248382E-02
3.1381000E+02 2.5927000E+02 8.6700000E+00 5.0600000E+02 10 5.5256449E+01 2.0957747E-01 3.5728966E-01 4.9562356E-02 1.5222068E-02 1.5912203E-02 1.5495764E-02 7.4604301E-04 2.3717978E-04 8.1428863E-03 1.4003594E-04 8.0175159E-03 3.5825567E-02 4.5436946E-02 1.8012715E-04 1.8490044E+00 1.8401326E+01 -2.5373258E-02
3.1381000E+02 2.5927000E+02 8.6700000E+00 5.1100000E+02 10 5.5267676E+01 1.9285198E-01 3.1923313E-01 5.0286783E-02 1.2546462E-02 1.3847289E-02 1.3432751E-02 7.4263737E-04 2.1554732E-04 6.7842792E-03 1.3939669E-04 6.7149204E-03 3.5238230E-02 3.7448548E-02 1.4343430E-04 1.8256910E+00 1.8394034E+01 -2.6528066E-02
3.1381000E+02 2.5927000E+02 8.6700000E+00 5.1600000E+02 10 5.5270511E+01 1.9193190E-01 3.1578498E-01 5.0883637E-02 1.2438532E-02 1.3704678E-02 1.3291901E-02 7.3948263E-04 2.1260632E-04 6.7299976E-03 1.3880453E-04 6.6574878E-03 3.4772196E-02 3.7126097E-02 1.4459648E-04 1.8181016E+00 1.8392566E+01 -2.6826414E-02
3.1381000E+02 2.5927000E+02 8.6700000E+00 5.2100000E+02 10 5.5272581E+01 1.9173921E-01 3.1396255E-01 5.1383446E-02 1.2429698E-02 1.3622529E-02 1.3211415E-02 7.3650481E-04 2.1139583E-04 6.7264499E-03 1.3824557E-04 6.6478335E-03 3.4386180E-02 3.7099265E-02 1.4569390E-04 1.8173925E+00 1.8386174E+01 -2.6746037E-02
3.1381000E+02 2.5927000E+02 8.6700000E+00 5.2600000E+02 10 5.5274266E+01 1.9170544E-01 3.1268284E-01 5.1809481E-02 1.2440919E-02 1.3568081E-02 1.3158569E-02 7.3363304E-04 2.1081513E-04 6.7327634E-03 1.3770653E-04 6.6484218E-03 3.4061065E-02 3.7132397E-02 1.4634194E-04 1.8182050E+00 1.8381386E+01 -2.6596218E-02
3.1381000E+02 2.5927000E+02 8.6700000E+00 5.3100000E+02 10 5.5275721E+01 1.9166019E-01 3.1157628E-01 5.2178322E-02 1.2448615E-02 1.3525860E-02 1.3117908E-02 7.3084010E-04 2.1042292E-04 6.7369241E-03 1.3718228E-04 6.6478309E-03 3.3783137E-02 3.7155117E-02 1.4664029E-04 1.8188404E+00 1.8378888E+01 -2.6472477E-02
3.1381000E+02 2.5927000E+02 8.6700000E+00 5.3600000E+02 10 5.5277005E+01 1.9158152E-01 3.1055272E-01 5.2502047E-02 1.2449740E-02 1.3489718E-02 1.3083283E-02 7.2812105E-04 2.1007892E-04 6.7375020E-03 1.3667190E-04 6.6444393E-03 3.3542308E-02 3.7158292E-02 1.4674541E-04 1.8190123E+00 1.8377922E+01 -2.6387779E-02
3.1381000E+02 2.5927000E+02 8.6700000E+00 5.4100000E+02 10 5.5278152E+01 1.9148259E-01 3.0960027E-01 5.2789657E-02 1.2446264E-02 1.3457329E-02 1.3052371E-02 7.2547567E-04 2.0975149E-04 6.7355964E-03 1.3617535E-04 6.6390837E-03 3.3331023E-02 3.7147761E-02 1.4675848E-04 1.8188195E+00 1.8377796E+01 -2.6333592E-02
3.1381000E+02 2.5927000E+02 8.6700000E+00 5.4600000E+02 10 5.5279182E+01 1.9137800E-01 3.0872043E-01 5.3047988E-02 1.2440408E-02 1.3427725E-02 1.3024203E-02 7.2290255E-04 2.0943950E-04 6.7324013E-03 1.3569236E-04 6.6327643E-03 3.3143547E-02 3.7130140E-02 1.4673189E-04 1.8184036E+00 1.8378094E+01 -2.6299707E-02
3.1381000E+02 2.5927000E+02 8.6700000E+00 5.5100000E+02 10 5.5280112E+01 1.9127644E-01 3.0791183E-01 5.3282306E-02 1.2433634E-02 1.3400383E-02 1.2998259E-02 7.2039850E-04 2.0915086E-04 6.7286963E-03 1.3522234E-04 6.6261441E-03 3.2975474E-02 3.7109785E-02 1.4669024E-04 1.8178671E+00 1.8378597E+01 -2.6278763E-02
3.1381000E+02 2.5927000E+02 8.6700000E+00 5.5600000E+02 10 5.5280958E+01 1.9118223E-01 3.0716964E-01 5.3496717E-02 1.2426750E-02 1.3374935E-02 1.2974173E-02 7.1795930E-04 2.0888738E-04 6.7249125E-03 1.3476449E-04 6.6195870E-03 3.2823382E-02 3.7089106E-02 1.4664448E-04 1.8172709E+00 1.8379197E+01 -2.6266150E-02
3.1381000E+02 2.5927000E+02 8.6700000E+00 5.6100000E+02 10 5.5281732E+01 1.9109733E-01 3.0648769E-01 5.3694455E-02 1.2420183E-02 1.3351086E-02 1.2951651E-02 7.1558046E-04 2.0864887E-04 6.7212706E-03 1.3431797E-04 6.6132880E-03 3.2684589E-02 3.7069373E-02 1.4659921E-04 1.8166521E+00 1.8379834E+01 -2.6258897E-02
3.1381000E+02 2.5927000E+02 8.6700000E+00 5.6600000E+02 10 5.5282446E+01 1.9102177E-01 3.0585894E-01 5.3878091E-02 1.2414103E-02 1.3328591E-02 1.2930452E-02 7.1325768E-04 2.0843374E-04 6.7178526E-03 1.3388197E-04 6.6073284E-03 3.2556965E-02 3.7051095E-02 1.4655605E-04 1.8160278E+00 1.8380486E+01 -2.6255363E-02
3.1381000E+02 2.5927000E+02 8.6700000E+00 5.7100000E+02 10 5.5283106E+01 1.9095481E-01 3.0527656E-01 5.4049687E-02 1.2408543E-02 1.3307244E-02 1.2910373E-02 7.1098701E-04 2.0823980E-04 6.7146827E-03 1.3345576E-04 6.6017109E-03 3.2438811E-02 3.7034370E-02 1.4651554E-04 1.8154060E+00 1.8381137E+01 -2.6254560E-02
3.1381000E+02 2.5927000E+02 8.6700000E+00 5.7600000E+02 10 5.5283722E+01 1.9089585E-01 3.0473475E-01 5.4210907E-02 1.2403500E-02 1.3286876E-02 1.2891246E-02 7.0876495E-04 2.0806449E-04 6.7117690E-03 1.3303867E-04 6.5964208E-03 3.2328757E-02 3.7019193E-02 1.4647760E-04 1.8147925E+00 1.8381784E+01 -2.6255746E-02
3.1381000E+02 2.5927000E+02 8.6700000E+00 5.8100000E+02 10 5.5284299E+01 1.9084366E-01 3.0422801E-01 5.4363110E-02 1.2398918E-02 1.3267348E-02 1.2872933E-02 7.0658843E-04 2.0790519E-04 6.7090875E-03 1.3263012E-04 6.5914217E-03 3.2225688E-02 3.7005395E-02 1.4644207E-04 1.8141879E+00 1.8382421E+01 -2.6258544E-02
3.1381000E+02 2.5927000E+02 8.6700000E+00 5.8200000E+02 10 5.5277065E+01 2.0559674E-01 3.3615703E-01 5.4393200E-02 1.4804547E-02 1.5057218E-02 1.4663044E-02 7.0615492E-04 2.2560260E-04 7.9323378E-03 1.3254875E-04 7.7556245E-03 3.2219661E-02 4.4187153E-02 1.8068906E-04 1.8134084E+00 1.8431703E+01 -2.6302007E-02
3.1381000E+02 2.5927000E+02 8.6700000E+00 5.8700000E+02 10 5.5285251E+01 1.9000342E-01 3.0229863E-01 5.4499315E-02 1.2283088E-02 1.3204465E-02 1.2809774E-02 7.0708362E-04 2.0817770E-04 6.6513670E-03 1.3272307E-04 6.5347594E-03 3.2116692E-02 3.6659402E-02 1.4365283E-04 1.8063222E+00 1.8408439E+01 -2.6690752E-02
3.1381000E+02 2.5927000E+02 8.6700000E+00 5.9200000E+02 10 5.5285730E+01 1.8985774E-01 3.0175759E-01 5.4596999E-02 1.2269275E-02 1.3187136E-02 1.2791467E-02 7.0883349E-04 2.0782990E-04 6.6461890E-03 1.3305153E-04 6.5286639E-03 3.2031180E-02 3.6618103E-02 1.4447609E-04 1.8056468E+00 1.8401980E+01 -2.6704491E-02
3.1381000E+02 2.5927000E+02 8.6700000E+00 5.9700000E+02 10 5.5286069E+01 1.8996537E-01 3.0169873E-01 5.4692286E-02 1.2291827E-02 1.3188249E-02 1.2791687E-02 7.1043531E-04 2.0800334E-04 6.6595768E-03 1.3335220E-04 6.5398260E-03 3.1948550E-02 3.6685235E-02 1.4511029E-04 1.8075360E+00 1.8395006E+01 -2.6568168E-02
3.1381000E+02 2.5927000E+02 8.6700000E+00 6.0200000E+02 10 5.5286400E+01 1.9006530E-01 3.0165158E-01 5.4786308E-02 1.2313595E-02 1.3193162E-02 1.2795904E-02 7.1168069E-04 2.0824962E-04 6.6721684E-03 1.3358597E-04 6.5505198E-03 3.1869173E-02 3.6750058E-02 1.4543270E-04 1.8094296E+00 1.8390278E+01 -2.6433554E-02
3.1381000E+02 2.5927000E+02 8.6700000E+00 6.0700000E+02 10 5.5286754E+01 1.9009945E-01 3.0149797E-01 5.4879461E-02 1.2325801E-02 1.3195761E-02 1.2798018E-02 7.1255070E-04 2.0841441E-04 6.6795077E-03 1.3374927E-04 6.5564684E-03 3.1792880E-02 3.6786385E-02 1.4553262E-04 1.8106446E+00 1.8387712E+01 -2.6340162E-02
3.1381000E+02 2.5927000E+02 8.6700000E+00 6.1200000E+02 10 5.5287125E+01 1.9008172E-01 3.0125186E-01 5.4971888E-02 1.2329939E-02 1.3194676E-02 1.2796644E-02 7.1306787E-04 2.0847968E-04 6.6824628E-03 1.3384635E-04 6.5583065E-03 3.1719440E-02 3.6798651E-02 1.4551887E-04 1.8112261E+00 1.8386541E+01 -2.6284667E-02
3.1381000E+02 2.5927000E+02 8.6700000E+00 6.1700000E+02 10 5.5287501E+01 1.9003591E-01 3.0095084E-01 5.5063587E-02 1.2329174E-02 1.3190259E-02 1.2792115E-02 7.1326772E-04 2.0846820E-04 6.6827173E-03 1.3388386E-04 6.5575330E-03 3.1648637E-02 3.6796284E-02 1.4545844E-04 1.8113696E+00 1.8386154E+01 -2.6255321E-02
3.1381000E+02 2.5927000E+02 8.6700000E+00 6.2200000E+02 10 5.5287875E+01 1.8997899E-01 3.0062436E-01 5.5154457E-02 1.2325912E-02 1.3183252E-02 1.2785151E-02 7.1319162E-04 2.0841039E-04 6.6815608E-03 1.3386958E-04 6.5553030E-03 3.1580281E-02 3.6786464E-02 1.4538408E-04 1.8112421E+00 1.8386188E+01 -2.6242258E-02
3.1381000E+02 2.5927000E+02 8.6700000E+00 6.2700000E+02 10 5.5288241E+01 1.8992096E-01 3.0029080E-01 5.5244349E-02 1.2321625E-02 1.3174346E-02 1.2776418E-02 7.1288223E-04 2.0832691E-04 6.6797736E-03 1.3381150E-04 6.5523551E-03 3.1514206E-02 3.6773581E-02 1.4530986E-04 1.8109555E+00 1.8386449E+01 -2.6238936E-02
3.1381000E+02 2.5927000E+02 8.6700000E+00 6.3200000E+02 10 5.5288597E+01 1.8986642E-01 2.9995993E-01 5.5333106E-02 1.2317089E-02 1.3164080E-02 1.2766432E-02 7.1238000E-04 2.0823015E-04 6.6777739E-03 1.3371723E-04 6.5490994E-03 3.1450266E-02 3.6759953E-02 1.4524068E-04 1.8105766E+00 1.8386836E+01 -2.6241446E-02
3.1381000E+02 2.5927000E+02 8.6700000E+00 6.3700000E+02 10 5.5288943E+01 1.8981733E-01 2.9963665E-01 5.5420584E-02 1.2312686E-02 1.3152853E-02 1.2755573E-02 7.1172101E-04 2.0812785E-04 6.6757677E-03 1.3359353E-04 6.5457599E-03 3.1388330E-02 3.6746719E-02 1.4517785E-04 1.8101450E+00 1.8387290E+01 -2.6247486E-02
3.1381000E+02 2.5927000E+02 8.6700000E+00 6.4200000E+02 10 5.5289279E+01 1.8977398E-01 2.9932291E-01 5.5506665E-02 1.2308571E-02 1.3140951E-02 1.2744109E-02 7.1093605E-04 2.0802445E-04 6.6738491E-03 1.3344619E-04 6.5424400E-03 3.1328286E-02 3.6734343E-02 1.4512103E-04 1.8096829E+00 1.8387785E+01 -2.6255763E-02
3.1381000E+02 2.5927000E+02 8.6700000E+00 6.4700000E+02 10 5.5289605E+01 1.8973608E-01 2.9901934E-01 5.5591255E-02 1.2304791E-02 1.3128582E-02 1.2732234E-02 7.1005070E-04 2.0792264E-04 6.6720519E-03 1.3328001E-04 6.5391895E-03 3.1270035E-02 3.6722968E-02 1.4506957E-04 1.8092028E+00 1.8388300E+01 -2.6265542E-02
3.1381000E+02 2.5927000E+02 8.6700000E+00 6.5000000E+02 10 5.5286235E+01 1.9687143E-01 3.1433166E-01 5.5641455E-02 1.3475065E-02 1.3963001E-02 1.3566967E-02 7.0948821E-04 2.1863124E-04 7.2689115E-03 1.3317443E-04 7.1028863E-03 3.1242619E-02 4.0215943E-02 1.6127550E-04 1.8018549E+00 1.8444599E+01 -2.6692667E-02
