x y z_datum Time Well_no H2O H O Charge Al C Ca Cl Fe K Mg Na S Si U pH pe Alkalinity
3.1381000E+02 2.5927000E+02 8.6700000E+00 0.0000000E+00 10 9.9704301E-01 7.2098600E-06 6.6484776E-04 -3.2324431E-06 0.0000000E+00 1.0067647E-04 6.3262499E-05 4.3211171E-04 0.0000000E+00 2.8240956E-04 5.5605061E-05 2.2967748E-04 1.4127542E-04 0.0000000E+00 0.0000000E+00 7.0300000E+00 -2.2001569E+00 7.1999443E-03
3.1381000E+02 2.5927000E+02 8.6700000E+00 5.0000000E+00 10 5.5329353E+01 1.8374590E-02 6.1119423E-02 -3.0417125E-03 0.0000000E+00 7.3501708E-03 1.3841800E-03 1.0687972E-02 0.0000000E+00 6.3339374E-03 2.0061849E-03 8.7606327E-03 1.0017917E-02 0.0000000E+00 0.0000000E+00 5.4509050E+00 8.6699642E+00 1.6110249E-03
3.1381000E+02 2.5927000E+02 8.6700000E+00 1.0000000E+01 10 5.5311297E+01 3.1653501E-02 1.0316919E-01 -2.7599245E-03 1.0419831E-03 7.9700172E-03 3.2413258E-03 8.4713707E-03 1.5066171E-05 5.5337289E-03 1.5901180E-03 7.4667394E-03 1.8323106E-02 3.1158587E-03 1.5093698E-05 2.5751252E+00 1.7561169E+01 -4.9040232E-03
3.1381000E+02 2.5927000E+02 8.6700000E+00 1.5000000E+01 10 5.5288755E+01 5.6300032E-02 1.5190425E-01 -2.5074796E-03 2.6529539E-03 8.2789791E-03 4.6587455E-03 6.4855874E-03 3.6238215E-05 5.1623514E-03 1.2173766E-03 6.6345720E-03 2.5764031E-02 7.9289859E-03 3.7855548E-05 2.2638354E+00 1.7941904E+01 -1.0729578E-02
3.1381000E+02 2.5927000E+02 8.6700000E+00 2.0000000E+01 10 5.5270127E+01 7.8006625E-02 1.9213472E-01 -2.3153050E-03 4.0992449E-03 8.4791908E-03 5.7027746E-03 4.9739027E-03 5.7575416E-05 4.9945547E-03 9.3362600E-04 6.1038427E-03 3.1428914E-02 1.2248196E-02 5.8243247E-05 2.1443219E+00 1.8089383E+01 -1.4749948E-02
3.1381000E+02 2.5927000E+02 8.6700000E+00 2.5000000E+01 10 5.5256417E+01 9.4382756E-02 2.2213382E-01 -2.1787840E-03 5.2336009E-03 8.6493525E-03 6.4723849E-03 3.9000006E-03 7.5923467E-05 4.9312403E-03 7.3204929E-04 5.7767352E-03 3.5453519E-02 1.5635079E-02 7.3968724E-05 2.0881308E+00 1.8158334E+01 -1.7271031E-02
3.1381000E+02 2.5927000E+02 8.6700000E+00 3.0000000E+01 10 5.5246724E+01 1.0610440E-01 2.4369354E-01 -2.0840000E-03 6.0743618E-03 8.8104901E-03 7.0497084E-03 3.1544108E-03 9.0494169E-05 4.9148227E-03 5.9209841E-04 5.5747771E-03 3.8247889E-02 1.8145097E-02 8.5337174E-05 2.0597867E+00 1.8192872E+01 -1.8793344E-02
3.1381000E+02 2.5927000E+02 8.6700000E+00 3.5000000E+01 10 5.5239921E+01 1.1437968E-01 2.5908420E-01 -2.0180768E-03 6.6849079E-03 8.9650089E-03 7.4936885E-03 2.6358455E-03 1.0159451E-04 4.9165595E-03 4.9476117E-04 5.4467287E-03 4.0191507E-02 1.9967773E-02 9.3352477E-05 2.0450439E+00 1.8210769E+01 -1.9703235E-02
3.1381000E+02 2.5927000E+02 8.6700000E+00 4.0000000E+01 10 5.5235108E+01 1.2024161E-01 2.7016185E-01 -1.9715279E-03 7.1271651E-03 9.1112520E-03 7.8443228E-03 2.2696822E-03 1.0989008E-04 4.9233136E-03 4.2603052E-04 5.3618592E-03 4.1563978E-02 2.1288077E-02 9.8979448E-05 2.0372801E+00 1.8220250E+01 -2.0250406E-02
3.1381000E+02 2.5927000E+02 8.6700000E+00 4.5000000E+01 10 5.5231648E+01 1.2444279E-01 2.7826259E-01 -1.9379288E-03 7.4497945E-03 9.2476528E-03 8.1282537E-03 2.0053845E-03 1.1606978E-04 4.9297372E-03 3.7642054E-04 5.3024562E-03 4.2554678E-02 2.2251296E-02 1.0295971E-04 2.0331927E+00 1.8225345E+01 -2.0585005E-02
3.1381000E+02 2.5927000E+02 8.6700000E+00 5.0000000E+01 10 5.5229113E+01 1.2750271E-01 2.8430387E-01 -1.9130627E-03 7.6880835E-03 9.3734727E-03 8.3632579E-03 1.8097827E-03 1.2069327E-04 4.9340808E-03 3.3970512E-04 5.2584476E-03 4.3287911E-02 2.2962764E-02 1.0581471E-04 2.0310698E+00 1.8228087E+01 -2.0794712E-02
3.1381000E+02 2.5927000E+02 8.6700000E+00 5.5000000E+01 10 5.5227214E+01 1.2977288E-01 2.8890558E-01 -1.8941803E-03 7.8667893E-03 9.4886631E-03 8.5613587E-03 1.6612500E-03 1.2416538E-04 4.9361076E-03 3.1182480E-04 5.2240950E-03 4.3844727E-02 2.3496373E-02 1.0789878E-04 2.0300011E+00 1.8229558E+01 -2.0930380E-02
3.1381000E+02 2.5927000E+02 8.6700000E+00 6.0000000E+01 10 5.5225761E+01 1.3149062E-01 2.9248669E-01 -1.8794785E-03 8.0031079E-03 9.5936091E-03 8.7308585E-03 1.5456032E-03 1.2682668E-04 4.9361443E-03 2.9011731E-04 5.1961045E-03 4.4278281E-02 2.3903449E-02 1.0944963E-04 2.0294986E+00 1.8230351E+01 -2.1021486E-02
3.1381000E+02 2.5927000E+02 8.6700000E+00 6.5000000E+01 10 5.5224624E+01 1.3281659E-01 2.9533193E-01 -1.8677602E-03 8.1089515E-03 9.6889315E-03 8.8776347E-03 1.4534246E-03 1.2889158E-04 4.9346529E-03 2.7281494E-04 5.1725347E-03 4.4623868E-02 2.4219544E-02 1.1062754E-04 2.0292933E+00 1.8230761E+01 -2.1085396E-02
3.1381000E+02 2.5927000E+02 8.6700000E+00 6.6000000E+01 10 5.5218736E+01 1.4446873E-01 3.2354252E-01 -1.8655272E-03 1.0124966E-02 1.1697854E-02 1.0896363E-02 1.4358591E-03 1.4670689E-04 5.9335346E-03 2.6951781E-04 6.1522764E-03 4.4706836E-02 3.0242422E-02 1.4299545E-04 2.0290424E+00 1.8264636E+01 -2.1111782E-02
3.1381000E+02 2.5927000E+02 8.6700000E+00 6.7000000E+01 10 5.5218596E+01 1.4457408E-01 3.2373788E-01 -1.8633969E-03 1.0121699E-02 1.1691230E-02 1.0899092E-02 1.4191015E-03 1.4865977E-04 5.9226267E-03 2.6637234E-04 6.1360885E-03 4.4768620E-02 3.0232298E-02 1.4093747E-04 2.0261469E+00 1.8283297E+01 -2.1256663E-02
3.1381000E+02 2.5927000E+02 8.6700000E+00 7.2000000E+01 10 5.5220884E+01 1.3402967E-01 2.9831197E-01 -1.8254282E-03 8.0281308E-03 9.6690174E-03 8.9153354E-03 1.3502085E-03 1.3042312E-04 4.8325976E-03 2.5344078E-04 5.0484730E-03 4.5515991E-02 2.3978039E-02 1.0722622E-04 1.9938234E+00 1.8548232E+01 -2.2926456E-02
3.1381000E+02 2.5927000E+02 8.6700000E+00 7.7000000E+01 10 5.5215634E+01 1.3668106E-01 3.0413290E-01 -1.7771573E-03 8.1453434E-03 9.7256265E-03 9.0041384E-03 1.2925338E-03 1.4354266E-04 4.8582768E-03 2.4261494E-04 5.0575610E-03 4.6468331E-02 2.4327696E-02 1.3420534E-04 1.9751996E+00 1.8653461E+01 -2.4050730E-02
3.1381000E+02 2.5927000E+02 8.6700000E+00 8.2000000E+01 10 5.5210609E+01 1.3962997E-01 3.1046424E-01 -1.7336543E-03 8.3347542E-03 9.8192460E-03 9.1251395E-03 1.2434801E-03 1.6208916E-04 4.9261576E-03 2.3340733E-04 5.1081757E-03 4.7332359E-02 2.4892655E-02 1.6630930E-04 1.9660092E+00 1.8704721E+01 -2.4708423E-02
3.1381000E+02 2.5927000E+02 8.6700000E+00 8.7000000E+01 10 5.5206613E+01 1.4213227E-01 3.1583658E-01 -1.6996881E-03 8.5126722E-03 9.9156940E-03 9.2452003E-03 1.2011781E-03 1.7985084E-04 4.9920802E-03 2.2546704E-04 5.1589051E-03 4.8018423E-02 2.5423362E-02 1.9434373E-04 1.9614773E+00 1.8731814E+01 -2.5095302E-02
3.1381000E+02 2.5927000E+02 8.6700000E+00 9.1000000E+01 10 5.5202673E+01 1.4665585E-01 3.2614799E-01 -1.6784789E-03 9.1299483E-03 1.0437018E-02 9.7834156E-03 1.1709177E-03 2.0356236E-04 5.2856464E-03 2.1978702E-04 5.4355114E-03 4.8470348E-02 2.7266455E-02 2.3025681E-04 1.9531839E+00 1.8753296E+01 -2.5635236E-02
3.1381000E+02 2.5927000E+02 8.6700000E+00 9.2000000E+01 10 5.5197676E+01 1.5594523E-01 3.4828127E-01 -1.6735391E-03 1.0701285E-02 1.1924113E-02 1.1274614E-02 1.1635657E-03 2.4092050E-04 6.0697987E-03 2.1840701E-04 6.2021849E-03 4.8627883E-02 3.1960209E-02 2.9521352E-04 1.9506975E+00 1.8760983E+01 -2.5791107E-02
3.1381000E+02 2.5927000E+02 8.6700000E+00 9.7000000E+01 10 5.5197822E+01 1.4528980E-01 3.2373225E-01 -2.1329293E-03 8.5654177E-03 9.9343881E-03 9.3029986E-03 1.1311236E-03 2.0285986E-04 4.9786522E-03 2.1231747E-04 5.1253672E-03 4.9692522E-02 2.5580046E-02 2.2214583E-04 1.9273572E+00 1.8798869E+01 -2.7360737E-02
3.1381000E+02 2.5927000E+02 8.6700000E+00 1.0200000E+02 10 5.5190089E+01 1.4830656E-01 3.3133018E-01 -2.7886633E-03 8.7111614E-03 9.9931889E-03 9.3779264E-03 1.1022325E-03 2.1440003E-04 5.0363395E-03 2.0689445E-04 5.1713220E-03 5.1055900E-02 2.6014675E-02 2.4125734E-04 1.9126588E+00 1.8828127E+01 -2.8548946E-02
3.1381000E+02 2.5927000E+02 8.6700000E+00 1.0700000E+02 10 5.5183073E+01 1.5136017E-01 3.3879966E-01 -3.3875941E-03 8.8992432E-03 1.0075994E-02 9.4752078E-03 1.0762989E-03 2.2670916E-04 5.1174898E-03 2.0202660E-04 5.2399498E-03 5.2262229E-02 2.6575560E-02 2.5895751E-04 1.9046327E+00 1.8846542E+01 -2.9330796E-02
3.1381000E+02 2.5927000E+02 8.6700000E+00 1.1200000E+02 10 5.5177614E+01 1.5387638E-01 3.4488952E-01 -3.8469005E-03 9.0681284E-03 1.0157203E-02 9.5695014E-03 1.0528571E-03 2.3795901E-04 5.1901578E-03 1.9762645E-04 5.3015722E-03 5.3197807E-02 2.7079235E-02 2.7360004E-04 1.9002724E+00 1.8857695E+01 -2.9832509E-02
3.1381000E+02 2.5927000E+02 8.6700000E+00 1.1700000E+02 10 5.5173625E+01 1.5579286E-01 3.4950644E-01 -4.1736032E-03 9.2024758E-03 1.0228124E-02 9.6523240E-03 1.0315362E-03 2.4740412E-04 5.2462719E-03 1.9362442E-04 5.3485306E-03 5.3886419E-02 2.7479944E-02 2.8488402E-04 1.8978333E+00 1.8864479E+01 -3.0157097E-02
3.1381000E+02 2.5927000E+02 8.6700000E+00 1.2200000E+02 10 5.5170759E+01 1.5722236E-01 3.5294370E-01 -4.3998383E-03 9.3054689E-03 1.0288240E-02 9.7233239E-03 1.0120374E-03 2.5505549E-04 5.2873233E-03 1.8996439E-04 5.3820602E-03 5.4388313E-02 2.7787170E-02 2.9331353E-04 1.8964203E+00 1.8868686E+01 -3.0371760E-02
3.1381000E+02 2.5927000E+02 8.6700000E+00 1.2400000E+02 10 5.5164869E+01 1.6761734E-01 3.7690093E-01 -4.4764926E-03 1.1009902E-02 1.1755626E-02 1.1194911E-02 1.0045118E-03 3.0105123E-04 6.1417003E-03 1.8855181E-04 6.2098264E-03 5.4629799E-02 3.2877143E-02 3.6787609E-04 1.8922023E+00 1.8876791E+01 -3.0681381E-02
3.1381000E+02 2.5927000E+02 8.6700000E+00 1.2500000E+02 10 5.5163013E+01 1.7066958E-01 3.8416140E-01 -4.5116394E-03 1.1511351E-02 1.2226884E-02 1.1668232E-02 1.0008155E-03 3.1528782E-04 6.3915992E-03 1.8785798E-04 6.4528194E-03 5.4730295E-02 3.4374815E-02 3.8721626E-04 1.8885628E+00 1.8882449E+01 -3.0933358E-02
3.1381000E+02 2.5927000E+02 8.6700000E+00 1.3000000E+02 10 5.5168197E+01 1.5775020E-01 3.5475079E-01 -4.6303379E-03 9.2662641E-03 1.0282488E-02 9.7337581E-03 9.8304038E-04 2.6128674E-04 5.2507862E-03 1.8452151E-04 5.3385418E-03 5.4937909E-02 2.7669746E-02 2.9063621E-04 1.8842552E+00 1.8885275E+01 -3.1290743E-02
3.1381000E+02 2.5927000E+02 8.6700000E+00 1.3100000E+02 10 5.5161246E+01 1.7133586E-01 3.8600920E-01 -4.6522194E-03 1.1535942E-02 1.2259710E-02 1.1712960E-02 9.7949382E-04 3.2126903E-04 6.3912825E-03 1.8385581E-04 6.4474743E-03 5.5092710E-02 3.4448297E-02 3.9706464E-04 1.8840447E+00 1.8887898E+01 -3.1315925E-02
3.1381000E+02 2.5927000E+02 8.6700000E+00 1.3200000E+02 10 5.5160979E+01 1.7144096E-01 3.8621885E-01 -4.6724885E-03 1.1536798E-02 1.2253600E-02 1.1708797E-02 9.7600465E-04 3.2141482E-04 6.3902872E-03 1.8320087E-04 6.4442202E-03 5.5141085E-02 3.4450508E-02 3.9123999E-04 1.8827908E+00 1.8890509E+01 -3.1410382E-02
3.1381000E+02 2.5927000E+02 8.6700000E+00 1.3700000E+02 10 5.5160673E+01 1.5977613E-01 3.6067961E-01 -5.7561503E-03 9.2921502E-03 1.0307395E-02 9.7717950E-03 9.5951776E-04 2.6602407E-04 5.2502774E-03 1.8010620E-04 5.3314056E-03 5.6449363E-02 2.7746770E-02 2.9398081E-04 1.8665713E+00 1.8880994E+01 -3.2856494E-02
3.1381000E+02 2.5927000E+02 8.6700000E+00 1.4200000E+02 10 5.5150670E+01 1.6335166E-01 3.7003244E-01 -7.2657342E-03 9.4879454E-03 1.0411480E-02 9.8845196E-03 9.4404042E-04 2.6603290E-04 5.3409392E-03 1.7720103E-04 5.4130773E-03 5.8329162E-02 2.8330940E-02 2.9709727E-04 1.8566378E+00 1.8848095E+01 -3.4030038E-02
3.1381000E+02 2.5927000E+02 8.6700000E+00 1.4700000E+02 10 5.5141223E+01 1.6707168E-01 3.7940955E-01 -8.6647768E-03 9.7276540E-03 1.0538332E-02 1.0019434E-02 9.2959566E-04 2.6057462E-04 5.4548433E-03 1.7448968E-04 5.5164520E-03 6.0051062E-02 2.9045998E-02 2.8750778E-04 1.8512053E+00 1.8798596E+01 -3.4857920E-02
3.1381000E+02 2.5927000E+02 8.6700000E+00 1.5200000E+02 10 5.5133710E+01 1.7015367E-01 3.8706864E-01 -9.7611347E-03 9.9366745E-03 1.0654230E-02 1.0142848E-02 9.1613261E-04 2.5148177E-04 5.5536085E-03 1.7196260E-04 5.6059275E-03 6.1398421E-02 2.9669518E-02 2.6957047E-04 1.8480394E+00 1.8739355E+01 -3.5426746E-02
3.1381000E+02 2.5927000E+02 8.6700000E+00 1.5700000E+02 10 5.5128155E+01 1.7249174E-01 3.9283203E-01 -1.0559298E-02 1.0098696E-02 1.0749410E-02 1.0245042E-02 9.0356653E-04 2.4111032E-04 5.6288352E-03 1.6960388E-04 5.6736202E-03 6.2384542E-02 3.0152863E-02 2.4830230E-04 1.8460250E+00 1.8675558E+01 -3.5817887E-02
3.1381000E+02 2.5927000E+02 8.6700000E+00 1.6200000E+02 10 5.5124143E+01 1.7421844E-01 3.9706297E-01 -1.1125084E-02 1.0219772E-02 1.0825079E-02 1.0327275E-02 8.9180724E-04 2.3110953E-04 5.6835986E-03 1.6739661E-04 5.7223259E-03 6.3092085E-02 3.0514084E-02 2.2733735E-04 1.8446656E+00 1.8612228E+01 -3.6089649E-02
3.1381000E+02 2.5927000E+02 8.6700000E+00 1.6700000E+02 10 5.5121237E+01 1.7549760E-01 4.0018366E-01 -1.1525707E-02 1.0310280E-02 1.0885384E-02 1.0393740E-02 8.8077119E-04 2.2234975E-04 5.7231758E-03 1.6532508E-04 5.7569336E-03 6.3602967E-02 3.0784126E-02 2.0866843E-04 1.8437231E+00 1.8554787E+01 -3.6281431E-02
3.1381000E+02 2.5927000E+02 8.6700000E+00 1.6800000E+02 10 5.5113700E+01 1.8980564E-01 4.3228907E-01 -1.1599751E-02 1.2650698E-02 1.2848444E-02 1.2358017E-02 8.7859225E-04 2.4478168E-04 6.9021757E-03 1.6491609E-04 6.8992140E-03 6.3720770E-02 3.7773258E-02 2.4865610E-04 1.8435964E+00 1.8560065E+01 -3.6320652E-02
3.1381000E+02 2.5927000E+02 8.6700000E+00 1.6900000E+02 10 5.5113254E+01 1.8991339E-01 4.3254777E-01 -1.1668217E-02 1.2646797E-02 1.2837970E-02 1.2348744E-02 8.7644095E-04 2.4474472E-04 6.8996568E-03 1.6451228E-04 6.8946247E-03 6.3806745E-02 3.7761215E-02 2.4082270E-04 1.8418932E+00 1.8560905E+01 -3.6474101E-02
3.1381000E+02 2.5927000E+02 8.6700000E+00 1.7400000E+02 10 5.5125645E+01 1.6952922E-01 3.9598158E-01 -1.5500668E-02 1.0203411E-02 1.0825339E-02 1.0341770E-02 8.6630591E-04 2.1205613E-04 5.6609339E-03 1.6260988E-04 5.6925179E-03 6.2926257E-02 3.0464790E-02 1.8127609E-04 1.9043628E+00 1.8446923E+01 -3.2214814E-02
3.1381000E+02 2.5927000E+02 8.6700000E+00 1.7500000E+02 10 5.5120788E+01 1.8055549E-01 4.2397449E-01 -1.6416690E-02 1.2310240E-02 1.2765815E-02 1.2283364E-02 8.6430322E-04 2.3103757E-04 6.7181223E-03 1.6223397E-04 6.7257625E-03 6.2721105E-02 3.6758139E-02 2.1696094E-04 1.9199391E+00 1.8444543E+01 -3.1232673E-02
3.1381000E+02 2.5927000E+02 8.6700000E+00 1.7600000E+02 10 5.5122768E+01 1.7815764E-01 4.2151142E-01 -1.7468671E-02 1.2201855E-02 1.2740130E-02 1.2258783E-02 8.6232433E-04 2.2978863E-04 6.6611550E-03 1.6186252E-04 6.6725235E-03 6.2443808E-02 3.6434930E-02 2.1036770E-04 1.9375539E+00 1.8431593E+01 -3.0152821E-02
3.1381000E+02 2.5927000E+02 8.6700000E+00 1.8100000E+02 10 5.5081586E+01 1.7092341E-01 4.2377438E-01 -2.7382719E-02 9.6681965E-03 1.0728877E-02 1.0252753E-02 8.5296856E-04 1.9658852E-04 5.3748556E-03 1.6010639E-04 5.4300530E-03 7.1529257E-02 2.8870150E-02 1.5888374E-04 1.8429091E+00 1.8481881E+01 -3.9412602E-02
3.1381000E+02 2.5927000E+02 8.6700000E+00 1.8600000E+02 10 5.5005046E+01 1.8942888E-01 4.8203294E-01 -3.8196783E-02 9.8261026E-03 1.0768611E-02 1.0297435E-02 8.4410271E-04 1.9264227E-04 5.4513381E-03 1.5844223E-04 5.4974067E-03 8.5614117E-02 2.9340763E-02 1.5592315E-04 1.7222054E+00 1.8571244E+01 -5.4868091E-02
3.1381000E+02 2.5927000E+02 8.6700000E+00 1.9100000E+02 10 5.4930526E+01 2.1132076E-01 5.4256420E-01 -4.7395761E-02 1.0394980E-02 1.0846730E-02 1.0380254E-02 8.3568426E-04 1.9678631E-04 5.7434860E-03 1.5686205E-04 5.7559808E-03 9.9023445E-02 3.1034856E-02 1.5761999E-04 1.6397895E+00 1.8627045E+01 -6.9204678E-02
3.1381000E+02 2.5927000E+02 8.6700000E+00 1.9600000E+02 10 5.4870701E+01 2.3074820E-01 5.9326002E-01 -5.4354078E-02 1.1079297E-02 1.0926700E-02 1.0464694E-02 8.2767589E-04 2.0554973E-04 6.0969034E-03 1.5535884E-04 6.0678314E-03 1.0962599E-01 3.3072322E-02 1.6055517E-04 1.5899181E+00 1.8656921E+01 -8.0048398E-02
3.1381000E+02 2.5927000E+02 8.6700000E+00 2.0100000E+02 10 5.4826552E+01 2.4605339E-01 6.3190589E-01 -5.9352148E-02 1.1716345E-02 1.0996490E-02 1.0538743E-02 8.2004465E-04 2.1614919E-04 6.4262076E-03 1.5392641E-04 6.3575293E-03 1.1735959E-01 3.4968922E-02 1.6317474E-04 1.5604671E+00 1.8672579E+01 -8.7548942E-02
3.1381000E+02 2.5927000E+02 8.6700000E+00 2.0600000E+02 10 5.4795007E+01 2.5752529E-01 6.6028254E-01 -6.2886235E-02 1.2251624E-02 1.1055618E-02 1.0601937E-02 8.1276128E-04 2.2696863E-04 6.7025332E-03 1.5255929E-04 6.6000996E-03 1.2283330E-01 3.6562558E-02 1.6510401E-04 1.5430530E+00 1.8680707E+01 -9.2551820E-02
3.1381000E+02 2.5927000E+02 8.6700000E+00 2.1100000E+02 10 5.4772571E+01 2.6599712E-01 6.8095993E-01 -6.5396694E-02 1.2682481E-02 1.1106889E-02 1.0657094E-02 8.0579965E-04 2.3717103E-04 6.9243161E-03 1.5125256E-04 6.7944811E-03 1.2669629E-01 3.7845402E-02 1.6640037E-04 1.5326523E+00 1.8684924E+01 -9.5862310E-02
3.1381000E+02 2.5927000E+02 8.6700000E+00 2.1600000E+02 10 5.4756443E+01 2.7227331E-01 6.9615420E-01 -6.7208432E-02 1.3024312E-02 1.1153098E-02 1.0707023E-02 7.9913634E-04 2.4636956E-04 7.0995685E-03 1.5000182E-04 6.9478489E-03 1.2945562E-01 3.8863288E-02 1.6722195E-04 1.5263603E+00 1.8687013E+01 -9.8070264E-02
3.1381000E+02 2.5927000E+02 8.6700000E+00 2.2100000E+02 10 5.4744632E+01 2.7698263E-01 7.0750884E-01 -6.8544365E-02 1.3295537E-02 1.1196195E-02 1.0753684E-02 7.9275026E-04 2.5443555E-04 7.2379058E-03 1.4880312E-04 7.0687572E-03 1.3146644E-01 3.9671036E-02 1.6771397E-04 1.5225043E+00 1.8687979E+01 -9.9567909E-02
3.1381000E+02 2.5927000E+02 8.6700000E+00 2.2600000E+02 10 5.4735788E+01 2.8057860E-01 7.1617266E-01 -6.9553277E-02 1.3512417E-02 1.1237316E-02 1.0798226E-02 7.8662236E-04 2.6138639E-04 7.3478059E-03 1.4765289E-04 7.1647634E-03 1.3296702E-01 4.0317031E-02 1.6798965E-04 1.5201149E+00 1.8688356E+01 -1.0060610E-01
3.1381000E+02 2.5927000E+02 8.6700000E+00 2.3100000E+02 10 5.4729006E+01 2.8337839E-01 7.2293168E-01 -7.0333914E-02 1.3687883E-02 1.1277030E-02 1.0841226E-02 7.8073534E-04 2.6731632E-04 7.4360214E-03 1.4654786E-04 7.2418664E-03 1.3411513E-01 4.0839757E-02 1.6812762E-04 1.5186231E+00 1.8688416E+01 -1.0134343E-01
3.1381000E+02 2.5927000E+02 8.6700000E+00 2.3600000E+02 10 5.4723684E+01 2.8560192E-01 7.2832184E-01 -7.0952193E-02 1.3831768E-02 1.1315554E-02 1.0882910E-02 7.7507349E-04 2.7235341E-04 7.5077012E-03 1.4548511E-04 7.3046058E-03 1.3501543E-01 4.1268466E-02 1.6818058E-04 1.5176896E+00 1.8688340E+01 -1.0188043E-01
3.1381000E+02 2.5927000E+02 8.6700000E+00 2.4100000E+02 10 5.4719413E+01 2.8740174E-01 7.3271048E-01 -7.1452640E-02 1.3951388E-02 1.1352922E-02 1.0923321E-02 7.6962247E-04 2.7663210E-04 7.5666954E-03 1.4446192E-04 7.3563410E-03 1.3573800E-01 4.1624936E-02 1.6818263E-04 1.5171080E+00 1.8688202E+01 -1.0228163E-01
3.1381000E+02 2.5927000E+02 8.6700000E+00 2.4600000E+02 10 5.4715915E+01 2.8888470E-01 7.3635216E-01 -7.1865784E-02 1.4052156E-02 1.1389082E-02 1.0962414E-02 7.6436917E-04 2.8027802E-04 7.6158638E-03 1.4347585E-04 7.3995388E-03 1.3633044E-01 4.1925269E-02 1.6815566E-04 1.5167505E+00 1.8688052E+01 -1.0258904E-01
3.1381000E+02 2.5927000E+02 8.6700000E+00 2.5100000E+02 10 5.4712997E+01 2.9012651E-01 7.3942572E-01 -7.2212915E-02 1.4138078E-02 1.1423957E-02 1.1000118E-02 7.5930158E-04 2.8340127E-04 7.6573317E-03 1.4252464E-04 7.4360162E-03 1.3682561E-01 4.2181390E-02 1.6811332E-04 1.5165360E+00 1.8687908E+01 -1.0283055E-01
3.1381000E+02 2.5927000E+02 8.6700000E+00 2.5600000E+02 10 5.4710522E+01 2.9118159E-01 7.4205887E-01 -7.2509144E-02 1.4212150E-02 1.1457478E-02 1.1036370E-02 7.5440866E-04 2.8609463E-04 7.6926914E-03 1.4160622E-04 7.4671245E-03 1.3724657E-01 4.2402213E-02 1.6806399E-04 1.5164129E+00 1.8687787E+01 -1.0302493E-01
3.1381000E+02 2.5927000E+02 8.6700000E+00 2.6100000E+02 10 5.4708394E+01 2.9208965E-01 7.4434434E-01 -7.2765388E-02 1.4276637E-02 1.1489595E-02 1.1071126E-02 7.4968027E-04 2.8843456E-04 7.7231495E-03 1.4071867E-04 7.4938811E-03 1.3760980E-01 4.2594479E-02 1.6801282E-04 1.5163474E+00 1.8687690E+01 -1.0318504E-01
3.1381000E+02 2.5927000E+02 8.6700000E+00 2.6400000E+02 10 5.4702264E+01 3.0255591E-01 7.6540183E-01 -7.2906672E-02 1.5820919E-02 1.2419790E-02 1.2002873E-02 7.4690038E-04 3.0627563E-04 8.5112970E-03 1.4019687E-04 8.2331335E-03 1.3781684E-01 4.7201410E-02 1.8804350E-04 1.5140830E+00 1.8740933E+01 -1.0371132E-01
3.1381000E+02 2.5927000E+02 8.6700000E+00 2.6500000E+02 10 5.4696976E+01 3.1257888E-01 7.8548843E-01 -7.2952449E-02 1.7325140E-02 1.3359674E-02 1.2943271E-02 7.4598002E-04 3.2098352E-04 9.2788246E-03 1.4002412E-04 8.9562350E-03 1.3788794E-01 5.1689488E-02 2.0682342E-04 1.5130252E+00 1.8768405E+01 -1.0395027E-01
3.1381000E+02 2.5927000E+02 8.6700000E+00 2.7000000E+02 10 5.4704620E+01 2.9505071E-01 7.5119300E-01 -7.3118993E-02 1.4643122E-02 1.1741058E-02 1.1326461E-02 7.4274390E-04 3.0091661E-04 7.9064914E-03 1.3941668E-04 7.6641094E-03 1.3810957E-01 4.3687689E-02 1.6890704E-04 1.5238789E+00 1.8671576E+01 -1.0198382E-01
3.1381000E+02 2.5927000E+02 8.6700000E+00 2.7500000E+02 10 5.4701790E+01 2.9866639E-01 7.5876156E-01 -7.3277771E-02 1.5146106E-02 1.2065542E-02 1.1653352E-02 7.3843117E-04 3.0611052E-04 8.1606525E-03 1.3860716E-04 7.9027519E-03 1.3833869E-01 4.5188457E-02 1.7574412E-04 1.5361643E+00 1.8603046E+01 -9.9792907E-02
3.1381000E+02 2.5927000E+02 8.6700000E+00 2.8000000E+02 10 5.4699320E+01 3.0171085E-01 7.6525705E-01 -7.3424967E-02 1.5570144E-02 1.2356972E-02 1.1947193E-02 7.3411210E-04 3.1180243E-04 8.3742030E-03 1.3779645E-04 8.1037664E-03 1.3855046E-01 4.6453819E-02 1.7931346E-04 1.5467946E+00 1.8553527E+01 -9.7939699E-02
3.1381000E+02 2.5927000E+02 8.6700000E+00 2.8500000E+02 10 5.4697301E+01 3.0400468E-01 7.7035231E-01 -7.3560570E-02 1.5890257E-02 1.2602304E-02 1.2194863E-02 7.2992433E-04 3.1697001E-04 8.5343157E-03 1.3701039E-04 8.2554279E-03 1.3874522E-01 4.7409303E-02 1.8105919E-04 1.5550226E+00 1.8523616E+01 -9.6539953E-02
3.1381000E+02 2.5927000E+02 8.6700000E+00 2.8900000E+02 10 5.4693617E+01 3.1008808E-01 7.8299620E-01 -7.3661993E-02 1.6798864E-02 1.3216563E-02 1.2810933E-02 7.2668060E-04 3.2837370E-04 8.9955745E-03 1.3640152E-04 8.6909413E-03 1.3889383E-01 5.0120613E-02 1.9049306E-04 1.5586340E+00 1.8570131E+01 -9.5963067E-02
3.1381000E+02 2.5927000E+02 8.6700000E+00 2.9000000E+02 10 5.4686111E+01 3.2484107E-01 8.1281197E-01 -7.3686914E-02 1.9041001E-02 1.4676942E-02 1.4271760E-02 7.2587658E-04 3.4730469E-04 1.0138301E-02 1.3625060E-04 9.7713850E-03 1.3893822E-01 5.6811361E-02 2.1698879E-04 1.5594693E+00 1.8625461E+01 -9.5840214E-02
3.1381000E+02 2.5927000E+02 8.6700000E+00 2.9500000E+02 10 5.4733715E+01 2.9587362E-01 7.4593133E-01 -6.9061486E-02 1.6081873E-02 1.2864048E-02 1.2461013E-02 7.2203046E-04 3.2600107E-04 8.6247772E-03 1.3552867E-04 8.3443897E-03 1.3193497E-01 4.7982053E-02 1.7796665E-04 1.5991597E+00 1.8525079E+01 -8.6603033E-02
3.1381000E+02 2.5927000E+02 8.6700000E+00 3.0000000E+02 10 5.4795391E+01 2.7961418E-01 6.9955700E-01 -6.1585271E-02 1.5961425E-02 1.2973783E-02 1.2572805E-02 7.1834472E-04 3.2354224E-04 8.5556002E-03 1.3483684E-04 8.2902339E-03 1.2064322E-01 4.7625345E-02 1.7760176E-04 1.6684262E+00 1.8447594E+01 -7.2460204E-02
3.1381000E+02 2.5927000E+02 8.6700000E+00 3.0100000E+02 10 5.4800195E+01 2.9278002E-01 7.2457179E-01 -6.0000343E-02 1.8538220E-02 1.4899617E-02 1.4499047E-02 7.1761386E-04 3.4470715E-04 9.8616832E-03 1.3469965E-04 9.5412426E-03 1.1826245E-01 5.5318386E-02 2.1140015E-04 1.6841431E+00 1.8501901E+01 -6.9586446E-02
3.1381000E+02 2.5927000E+02 8.6700000E+00 3.0200000E+02 10 5.4814115E+01 2.8849340E-01 7.1323658E-01 -5.8355315E-02 1.8419359E-02 1.4910314E-02 1.4510149E-02 7.1688915E-04 3.4673815E-04 9.7984164E-03 1.3456362E-04 9.4861019E-03 1.1577753E-01 5.4964756E-02 2.0829169E-04 1.7003617E+00 1.8510383E+01 -6.6709489E-02
3.1381000E+02 2.5927000E+02 8.6700000E+00 3.0300000E+02 10 5.4830492E+01 2.8281660E-01 6.9873993E-01 -5.6463807E-02 1.8173781E-02 1.4858946E-02 1.4457149E-02 7.1981227E-04 3.4772707E-04 9.6723210E-03 1.3511230E-04 9.3733136E-03 1.1291114E-01 5.4233161E-02 2.0411564E-04 1.7155467E+00 1.8523994E+01 -6.3947238E-02
3.1381000E+02 2.5927000E+02 8.6700000E+00 3.0800000E+02 10 5.4907135E+01 2.4304800E-01 6.0380245E-01 -4.8529609E-02 1.4597024E-02 1.2713851E-02 1.2308442E-02 7.2628510E-04 3.0944292E-04 7.8476389E-03 1.3632728E-04 7.6598946E-03 1.0088902E-01 4.3561933E-02 1.5940753E-04 1.7810585E+00 1.8439563E+01 -5.3080124E-02
3.1381000E+02 2.5927000E+02 8.6700000E+00 3.1300000E+02 10 5.4958450E+01 2.2514111E-01 5.5843967E-01 -4.2612846E-02 1.3813312E-02 1.2612247E-02 1.2203328E-02 7.3257070E-04 2.9256126E-04 7.4405613E-03 1.3750712E-04 7.3009473E-03 9.1931151E-02 4.1228431E-02 1.5474926E-04 1.8405007E+00 1.8376234E+01 -4.4983432E-02
3.1381000E+02 2.5927000E+02 8.6700000E+00 3.1800000E+02 10 5.4995379E+01 2.1185868E-01 5.2550415E-01 -3.8383535E-02 1.3203161E-02 1.2591371E-02 1.2178896E-02 7.3894059E-04 2.7732040E-04 7.1235822E-03 1.3870278E-04 7.0237803E-03 8.5521548E-02 3.9412008E-02 1.5061014E-04 1.8891050E+00 1.8322730E+01 -3.9330690E-02
3.1381000E+02 2.5927000E+02 8.6700000E+00 3.2300000E+02 10 5.5021760E+01 2.0191195E-01 5.0146143E-01 -3.5395423E-02 1.2704344E-02 1.2600276E-02 1.2184539E-02 7.4478653E-04 2.6335614E-04 6.8650286E-03 1.3980009E-04 6.7974575E-03 8.0987379E-02 3.7926938E-02 1.4682943E-04 1.9252528E+00 1.8283742E+01 -3.5561222E-02
3.1381000E+02 2.5927000E+02 8.6700000E+00 3.2800000E+02 10 5.5040736E+01 1.9436500E-01 4.8366773E-01 -3.3274739E-02 1.2288849E-02 1.2613886E-02 1.2195353E-02 7.4979474E-04 2.5074406E-04 6.6505825E-03 1.4074016E-04 6.6080956E-03 7.7764986E-02 3.6689692E-02 1.4349726E-04 1.9503741E+00 1.8257514E+01 -3.3102027E-02
3.1381000E+02 2.5927000E+02 8.6700000E+00 3.2900000E+02 10 5.5038317E+01 2.0488404E-01 5.0832335E-01 -3.2882464E-02 1.4248547E-02 1.4507466E-02 1.4088394E-02 7.5076095E-04 2.6586458E-04 7.6353584E-03 1.4092152E-04 7.5721952E-03 7.7184132E-02 4.2544414E-02 1.7336776E-04 1.9552037E+00 1.8295091E+01 -3.2655853E-02
3.1381000E+02 2.5927000E+02 8.6700000E+00 3.3000000E+02 10 5.5041661E+01 2.0340207E-01 5.0491350E-01 -3.2519395E-02 1.4150571E-02 1.4492898E-02 1.4073307E-02 7.5169039E-04 2.6505817E-04 7.5856824E-03 1.4109598E-04 7.5260578E-03 7.6631212E-02 4.2252188E-02 1.7067420E-04 1.9582252E+00 1.8310383E+01 -3.2342082E-02
3.1381000E+02 2.5927000E+02 8.6700000E+00 3.3500000E+02 10 5.5036941E+01 1.9345960E-01 4.8028407E-01 -3.1647512E-02 1.1650185E-02 1.2514344E-02 1.2092656E-02 7.5544662E-04 2.3538112E-04 6.3241007E-03 1.4180105E-04 6.3100339E-03 7.8865227E-02 3.4785989E-02 1.3556432E-04 1.8711788E+00 1.8363188E+01 -3.8946909E-02
3.1381000E+02 2.5927000E+02 8.6700000E+00 3.4000000E+02 10 5.5010186E+01 2.0368068E-01 4.9992322E-01 -3.1341214E-02 1.1660033E-02 1.2490279E-02 1.2066936E-02 7.5841203E-04 2.2991320E-04 6.3333886E-03 1.4235767E-04 6.3142608E-03 8.3759605E-02 3.4814497E-02 1.3817742E-04 1.7769619E+00 1.8440334E+01 -4.8089511E-02
3.1381000E+02 2.5927000E+02 8.6700000E+00 3.4500000E+02 10 5.4981417E+01 2.1643616E-01 5.2408402E-01 -3.1252626E-02 1.1994437E-02 1.2500643E-02 1.2076023E-02 7.6070005E-04 2.3064894E-04 6.5121020E-03 1.4278714E-04 6.4690091E-03 8.8802466E-02 3.5809368E-02 1.4294833E-04 1.7094066E+00 1.8492319E+01 -5.6168937E-02
3.1381000E+02 2.5927000E+02 8.6700000E+00 3.5000000E+02 10 5.4957301E+01 2.2809646E-01 5.4581281E-01 -3.1210547E-02 1.2434678E-02 1.2519703E-02 1.2094126E-02 7.6241511E-04 2.3461394E-04 6.7455868E-03 1.4310907E-04 6.6727777E-03 9.2918129E-02 3.7119275E-02 1.4785107E-04 1.6662744E+00 1.8524206E+01 -6.2156733E-02
3.1381000E+02 2.5927000E+02 8.6700000E+00 3.5500000E+02 10 5.4939173E+01 2.3746004E-01 5.6297451E-01 -3.1158239E-02 1.2856637E-02 1.2535888E-02 1.2109623E-02 7.6364671E-04 2.3990908E-04 6.9687572E-03 1.4334024E-04 6.8681240E-03 9.5946924E-02 3.8374792E-02 1.5199244E-04 1.6396537E+00 1.8543733E+01 -6.6243080E-02
3.1381000E+02 2.5927000E+02 8.6700000E+00 3.6000000E+02 10 5.4926200E+01 2.4455376E-01 5.7575906E-01 -3.1087400E-02 1.3214565E-02 1.2546550E-02 1.2119825E-02 7.6446975E-04 2.4555424E-04 7.1577271E-03 1.4349473E-04 7.0338611E-03 9.8073655E-02 3.9439812E-02 1.5521044E-04 1.6233051E+00 1.8555864E+01 -6.8929164E-02
3.1381000E+02 2.5927000E+02 8.6700000E+00 3.6500000E+02 10 5.4917089E+01 2.4980194E-01 5.8506105E-01 -3.1004093E-02 1.3502120E-02 1.2552517E-02 1.2125526E-02 7.6494662E-04 2.5107638E-04 7.3093399E-03 1.4358424E-04 7.1669802E-03 9.9540968E-02 4.0295486E-02 1.5761853E-04 1.6131875E+00 1.8563510E+01 -7.0672368E-02
3.1381000E+02 2.5927000E+02 8.6700000E+00 3.7000000E+02 10 5.4910704E+01 2.5366406E-01 5.9179518E-01 -3.0915867E-02 1.3727739E-02 1.2555374E-02 1.2128281E-02 7.6512953E-04 2.5623200E-04 7.4282096E-03 1.4361858E-04 7.2712715E-03 1.0055200E-01 4.0966912E-02 1.5939142E-04 1.6068321E+00 1.8568419E+01 -7.1805926E-02
3.1381000E+02 2.5927000E+02 8.6700000E+00 3.7500000E+02 10 5.4906197E+01 2.5652022E-01 5.9669562E-01 -3.0828288E-02 1.3903360E-02 1.2556497E-02 1.2129441E-02 7.6506241E-04 2.6089691E-04 7.5207280E-03 1.4360598E-04 7.3521915E-03 1.0125414E-01 4.1489600E-02 1.6068994E-04 1.6027604E+00 1.8571641E+01 -7.2551366E-02
3.1381000E+02 2.5927000E+02 8.6700000E+00 3.8000000E+02 10 5.4902975E+01 2.5865428E-01 6.0030001E-01 -3.0744703E-02 1.4040125E-02 1.2556833E-02 1.2129934E-02 7.6478240E-04 2.6501977E-04 7.5927934E-03 1.4355342E-04 7.4148902E-03 1.0174822E-01 4.1896685E-02 1.6164213E-04 1.6000887E+00 1.8573795E+01 -7.3050228E-02
3.1381000E+02 2.5927000E+02 8.6700000E+00 3.8500000E+02 10 5.4900638E+01 2.6026988E-01 6.0298780E-01 -3.0666823E-02 1.4147191E-02 1.2556953E-02 1.2130311E-02 7.6432111E-04 2.6861140E-04 7.6492258E-03 1.4346683E-04 7.4636309E-03 1.0210159E-01 4.2215399E-02 1.6234203E-04 1.5982862E+00 1.8575305E+01 -7.3391548E-02
3.1381000E+02 2.5927000E+02 8.6700000E+00 3.9000000E+02 10 5.4898913E+01 2.6151108E-01 6.0502324E-01 -3.0595311E-02 1.4231681E-02 1.2557154E-02 1.2130856E-02 7.6370551E-04 2.7170405E-04 7.6937617E-03 1.4335128E-04 7.5017486E-03 1.0235898E-01 4.2466936E-02 1.6285955E-04 1.5970311E+00 1.8576398E+01 -7.3631257E-02
3.1381000E+02 2.5927000E+02 8.6700000E+00 3.9500000E+02 10 5.4897617E+01 2.6247939E-01 6.0658993E-01 -3.0530217E-02 1.4299001E-02 1.2557557E-02 1.2131676E-02 7.6295866E-04 2.7434898E-04 7.7292229E-03 1.4321109E-04 7.5317890E-03 1.0255015E-01 4.2667368E-02 1.6324535E-04 1.5961251E+00 1.8577223E+01 -7.3804715E-02
3.1381000E+02 2.5927000E+02 8.6700000E+00 4.0000000E+02 10 5.4896626E+01 2.6324688E-01 6.0781629E-01 -3.0471263E-02 1.4353224E-02 1.2558178E-02 1.2132776E-02 7.6210033E-04 2.7660231E-04 7.7577388E-03 1.4304998E-04 7.5556737E-03 1.0269509E-01 4.2828816E-02 1.6353401E-04 1.5954454E+00 1.8577851E+01 -7.3934371E-02
3.1381000E+02 2.5927000E+02 8.6700000E+00 4.0500000E+02 10 5.4895853E+01 2.6386488E-01 6.0879259E-01 -3.0418005E-02 1.4397398E-02 1.2558976E-02 1.2134106E-02 7.6114749E-04 2.7851896E-04 7.7809002E-03 1.4287113E-04 7.5748462E-03 1.0280731E-01 4.2960349E-02 1.6375173E-04 1.5949147E+00 1.8578385E+01 -7.4034683E-02
3.1381000E+02 2.5927000E+02 8.6700000E+00 4.1000000E+02 10 5.4895239E+01 2.6437042E-01 6.0958303E-01 -3.0369941E-02 1.4433815E-02 1.2559889E-02 1.2135595E-02 7.6011472E-04 2.8014759E-04 7.7999072E-03 1.4267727E-04 7.5903913E-03 1.0289609E-01 4.3068786E-02 1.6391708E-04 1.5944833E+00 1.8578843E+01 -7.4115061E-02
3.1381000E+02 2.5927000E+02 8.6700000E+00 4.1200000E+02 10 5.4888033E+01 2.7858553E-01 6.3828786E-01 -3.0351513E-02 1.6606441E-02 1.3932508E-02 1.3508451E-02 7.5968971E-04 3.0210401E-04 8.9101287E-03 1.4259749E-04 8.6346430E-03 1.0293871E-01 4.9551558E-02 1.9258743E-04 1.5931522E+00 1.8642398E+01 -7.4328306E-02
3.1381000E+02 2.5927000E+02 8.6700000E+00 4.1700000E+02 10 5.4895142E+01 2.6377554E-01 6.0827865E-01 -3.0309922E-02 1.4306323E-02 1.2475716E-02 1.2052288E-02 7.5856452E-04 2.8288451E-04 7.7346976E-03 1.4238629E-04 7.5268255E-03 1.0299283E-01 4.2688120E-02 1.6025533E-04 1.5886326E+00 1.8612846E+01 -7.4983135E-02
3.1381000E+02 2.5927000E+02 8.6700000E+00 4.2200000E+02 10 5.4894790E+01 2.6405449E-01 6.0863544E-01 -3.0272335E-02 1.4319882E-02 1.2462978E-02 1.2040207E-02 7.5738684E-04 2.8201601E-04 7.7416239E-03 1.4216523E-04 7.5316138E-03 1.0304822E-01 4.2728434E-02 1.6192080E-04 1.5878699E+00 1.8601896E+01 -7.5099885E-02
3.1381000E+02 2.5927000E+02 8.6700000E+00 4.2700000E+02 10 5.4894318E+01 2.6464401E-01 6.0958918E-01 -3.0238320E-02 1.4382016E-02 1.2475893E-02 1.2053804E-02 7.5616544E-04 2.8254860E-04 7.7736234E-03 1.4193597E-04 7.5593908E-03 1.0309512E-01 4.2913569E-02 1.6308849E-04 1.5887908E+00 1.8593068E+01 -7.4973068E-02
3.1381000E+02 2.5927000E+02 8.6700000E+00 4.2900000E+02 10 5.4887108E+01 2.7899734E-01 6.3850623E-01 -3.0225258E-02 1.6576843E-02 1.3851015E-02 1.3429202E-02 7.5567041E-04 3.0437807E-04 8.8956334E-03 1.4184305E-04 8.6137064E-03 1.0312310E-01 4.9462445E-02 1.9231026E-04 1.5880950E+00 1.8651885E+01 -7.5092344E-02
3.1381000E+02 2.5927000E+02 8.6700000E+00 4.3000000E+02 10 5.4884873E+01 2.8342103E-01 6.4747770E-01 -3.0218860E-02 1.7252064E-02 1.4295655E-02 1.3873981E-02 7.5542134E-04 3.1266520E-04 9.2403618E-03 1.4179630E-04 8.9384612E-03 1.0313398E-01 5.1477336E-02 1.9914179E-04 1.5871354E+00 1.8674835E+01 -7.5241570E-02
3.1381000E+02 2.5927000E+02 8.6700000E+00 4.3500000E+02 10 5.4893586E+01 2.6613742E-01 6.1269181E-01 -3.0175964E-02 1.4619004E-02 1.2651468E-02 1.2225854E-02 7.6247932E-04 2.9203011E-04 7.8991604E-03 1.4312112E-04 7.6776470E-03 1.0308240E-01 4.3620323E-02 1.6290916E-04 1.5967594E+00 1.8583855E+01 -7.3830907E-02
3.1381000E+02 2.5927000E+02 8.6700000E+00 4.3600000E+02 10 5.4884076E+01 2.8528281E-01 6.5146147E-01 -3.0167904E-02 1.7557630E-02 1.4551702E-02 1.4125382E-02 7.6374486E-04 3.1646747E-04 9.4002832E-03 1.4335867E-04 9.0936614E-03 1.0308998E-01 5.2389651E-02 2.0311905E-04 1.5992455E+00 1.8622128E+01 -7.3485469E-02
3.1381000E+02 2.5927000E+02 8.6700000E+00 4.3700000E+02 10 5.4884695E+01 2.8548545E-01 6.5155720E-01 -2.9992417E-02 1.7609011E-02 1.4589571E-02 1.4162643E-02 7.6483333E-04 3.2051347E-04 9.4275241E-03 1.4356298E-04 9.1188098E-03 1.0294201E-01 5.2542739E-02 2.0153250E-04 1.6016649E+00 1.8633744E+01 -7.3085877E-02
3.1381000E+02 2.5927000E+02 8.6700000E+00 4.3800000E+02 10 5.4887059E+01 2.8529167E-01 6.5015228E-01 -2.9449612E-02 1.7640193E-02 1.4619175E-02 1.4191662E-02 7.6588196E-04 3.2371886E-04 9.4442237E-03 1.4375981E-04 9.1344394E-03 1.0248317E-01 5.2635619E-02 2.0036461E-04 1.6042831E+00 1.8640590E+01 -7.2525491E-02
3.1381000E+02 2.5927000E+02 8.6700000E+00 4.4300000E+02 10 5.4944088E+01 2.6125755E-01 5.8043900E-01 -1.8692676E-02 1.5095600E-02 1.3023590E-02 1.2597461E-02 7.6340334E-04 3.0128217E-04 8.1418240E-03 1.4329456E-04 7.9091306E-03 9.3415714E-02 4.5042606E-02 1.6675059E-04 1.6415112E+00 1.8507211E+01 -6.3770162E-02
3.1381000E+02 2.5927000E+02 8.6700000E+00 4.4400000E+02 10 5.4946135E+01 2.7766706E-01 6.0937445E-01 -1.6255453E-02 1.7893631E-02 1.4927698E-02 1.4501872E-02 7.6286163E-04 3.2354972E-04 9.5671878E-03 1.4319288E-04 9.2595793E-03 9.1376552E-02 5.3393791E-02 2.0433811E-04 1.6506334E+00 1.8544740E+01 -6.1817417E-02
3.1381000E+02 2.5927000E+02 8.6700000E+00 4.4500000E+02 10 5.4958263E+01 2.7595247E-01 6.0074047E-01 -1.3567088E-02 1.7922250E-02 1.4973539E-02 1.4547932E-02 7.6246708E-04 3.2647727E-04 9.5810776E-03 1.4311882E-04 9.2735876E-03 8.9109737E-02 5.3479320E-02 2.0278755E-04 1.6602466E+00 1.8550558E+01 -5.9759531E-02
3.1381000E+02 2.5927000E+02 8.6700000E+00 4.5000000E+02 10 5.5024201E+01 2.5200866E-01 5.2697050E-01 -6.9230296E-04 1.5618708E-02 1.3525606E-02 1.3100817E-02 7.6100375E-04 3.0678320E-04 8.4030351E-03 1.4284415E-04 8.1643711E-03 7.8238628E-02 4.6605391E-02 1.7243056E-04 1.7203016E+00 1.8352736E+01 -4.9086676E-02
3.1381000E+02 2.5927000E+02 8.6700000E+00 4.5300000E+02 10 5.5052863E+01 2.5608271E-01 5.2193469E-01 6.6253020E-03 1.7074060E-02 1.4672651E-02 1.4248636E-02 7.5961502E-04 3.1870730E-04 9.1399314E-03 1.4258348E-04 8.8705826E-03 7.2077640E-02 5.0950879E-02 1.9088290E-04 1.7587957E+00 1.8351537E+01 -4.3297217E-02
3.1381000E+02 2.5927000E+02 8.6700000E+00 4.5400000E+02 10 5.5059918E+01 2.6198488E-01 5.3035186E-01 9.0086775E-03 1.8286945E-02 1.5665657E-02 1.5241920E-02 7.5911877E-04 3.2785754E-04 9.7534955E-03 1.4249033E-04 9.4608582E-03 7.0074008E-02 5.4572845E-02 2.0397544E-04 1.7721604E+00 1.8374948E+01 -4.1458662E-02
3.1381000E+02 2.5927000E+02 8.6700000E+00 4.5900000E+02 10 5.5118904E+01 2.3607894E-01 4.5575286E-01 2.0014645E-02 1.5440998E-02 1.3800026E-02 1.3378832E-02 7.5456212E-04 2.9989545E-04 8.2995226E-03 1.4163502E-04 8.0846096E-03 6.0805809E-02 4.6079318E-02 1.6818026E-04 1.8043319E+00 1.8305097E+01 -3.5846203E-02
3.1381000E+02 2.5927000E+02 8.6700000E+00 4.6400000E+02 10 5.5157826E+01 2.2798178E-01 4.2396391E-01 2.8352421E-02 1.5123637E-02 1.3795765E-02 1.3376548E-02 7.5102013E-04 2.8958697E-04 8.1312874E-03 1.4097017E-04 7.9341186E-03 5.3800601E-02 4.5134502E-02 1.6656696E-04 1.8322702E+00 1.8274957E+01 -3.1677242E-02
3.1381000E+02 2.5927000E+02 8.6700000E+00 4.6900000E+02 10 5.5186444E+01 2.2202919E-01 4.0070297E-01 3.4490967E-02 1.4894722E-02 1.3818119E-02 1.3400680E-02 7.4783623E-04 2.8055766E-04 8.0094743E-03 1.4037254E-04 7.8251665E-03 4.8652220E-02 4.4453045E-02 1.6537349E-04 1.8565111E+00 1.8245350E+01 -2.8591146E-02
3.1381000E+02 2.5927000E+02 8.6700000E+00 4.7400000E+02 10 5.5207551E+01 2.1750627E-01 3.8342284E-01 3.9009983E-02 1.4707923E-02 1.3847099E-02 1.3431272E-02 7.4494641E-04 2.7241456E-04 7.9096982E-03 1.3983010E-04 7.7361828E-03 4.4870487E-02 4.3896884E-02 1.6421379E-04 1.8754739E+00 1.8223097E+01 -2.6394216E-02
3.1381000E+02 2.5927000E+02 8.6700000E+00 4.7900000E+02 10 5.5223287E+01 2.1396453E-01 3.7032763E-01 4.2365284E-02 1.4543826E-02 1.3871593E-02 1.3457239E-02 7.4230847E-04 2.6507461E-04 7.8218187E-03 1.3933495E-04 7.6580343E-03 4.2070138E-02 4.3408178E-02 1.6307668E-04 1.8891046E+00 1.8207940E+01 -2.4869318E-02
3.1381000E+02 2.5927000E+02 8.6700000E+00 4.8100000E+02 10 5.5223682E+01 2.2304592E-01 3.8856733E-01 4.3546935E-02 1.6185267E-02 1.5240644E-02 1.4826858E-02 7.4129073E-04 2.7531321E-04 8.6523072E-03 1.3914392E-04 8.4561215E-03 4.1094876E-02 4.8309643E-02 1.8496753E-04 1.8923378E+00 1.8282387E+01 -2.4437108E-02
3.1381000E+02 2.5927000E+02 8.6700000E+00 4.8200000E+02 10 5.5224802E+01 2.2542058E-01 3.9318457E-01 4.4100642E-02 1.6654418E-02 1.5686858E-02 1.5273351E-02 7.4079086E-04 2.7762197E-04 8.8886659E-03 1.3905009E-04 8.6850810E-03 4.0635911E-02 4.9710842E-02 1.8972302E-04 1.8927767E+00 1.8308571E+01 -2.4294025E-02
3.1381000E+02 2.5927000E+02 8.6700000E+00 4.8700000E+02 10 5.5243204E+01 2.0694460E-01 3.4916453E-01 4.6321650E-02 1.3910233E-02 1.3628182E-02 1.3216132E-02 7.3818054E-04 2.5267908E-04 7.4931709E-03 1.3856012E-04 7.3525018E-03 3.8779626E-02 4.1517878E-02 1.5451682E-04 1.8692660E+00 1.8302446E+01 -2.5048495E-02
3.1381000E+02 2.5927000E+02 8.6700000E+00 4.9200000E+02 10 5.5251659E+01 2.0404624E-01 3.4007999E-01 4.8017063E-02 1.3643773E-02 1.3479345E-02 1.3068444E-02 7.3612231E-04 2.4471624E-04 7.3548337E-03 1.3817378E-04 7.2236805E-03 3.7377742E-02 4.0722911E-02 1.5427908E-04 1.8593854E+00 1.8306117E+01 -2.5193598E-02
3.1381000E+02 2.5927000E+02 8.6700000E+00 4.9700000E+02 10 5.5257889E+01 2.0241611E-01 3.3412538E-01 4.9331320E-02 1.3522195E-02 1.3392638E-02 1.2982797E-02 7.3422353E-04 2.3958439E-04 7.2916823E-03 1.3781737E-04 7.1634399E-03 3.6295922E-02 4.0359910E-02 1.5460279E-04 1.8576487E+00 1.8300692E+01 -2.4980618E-02
3.1381000E+02 2.5927000E+02 8.6700000E+00 5.0200000E+02 10 5.5262688E+01 2.0134866E-01 3.2982446E-01 5.0370569E-02 1.3456339E-02 1.3338042E-02 1.2929208E-02 7.3241940E-04 2.3594930E-04 7.2573868E-03 1.3747872E-04 7.1297320E-03 3.5444880E-02 4.0163140E-02 1.5481851E-04 1.8584381E+00 1.8295197E+01 -2.4696137E-02
3.1381000E+02 2.5927000E+02 8.6700000E+00 5.0500000E+02 10 5.5261642E+01 2.0791383E-01 3.4310752E-01 5.0913128E-02 1.4585967E-02 1.4190603E-02 1.3782358E-02 7.3136256E-04 2.4456551E-04 7.8313206E-03 1.3728035E-04 7.6755426E-03 3.5008912E-02 4.3535241E-02 1.7046249E-04 1.8542707E+00 1.8353425E+01 -2.4803565E-02
3.1381000E+02 2.5927000E+02 8.6700000E+00 5.0600000E+02 10 5.5259159E+01 2.1431908E-01 3.5708798E-01 5.1085594E-02 1.5663757E-02 1.5077398E-02 1.4669349E-02 7.3101287E-04 2.5156422E-04 8.3771547E-03 1.3721471E-04 8.1994818E-03 3.4874290E-02 4.6753565E-02 1.8413982E-04 1.8523467E+00 1.8383305E+01 -2.4872290E-02
3.1381000E+02 2.5927000E+02 8.6700000E+00 5.1100000E+02 10 5.5270646E+01 1.9732120E-01 3.1864508E-01 5.1832097E-02 1.2970215E-02 1.3008779E-02 1.2602107E-02 7.2854556E-04 2.2888650E-04 7.0085388E-03 1.3675158E-04 6.8904106E-03 3.4259051E-02 3.8711614E-02 1.4780015E-04 1.8276810E+00 1.8380016E+01 -2.6072883E-02
3.1381000E+02 2.5927000E+02 8.6700000E+00 5.1600000E+02 10 5.5273722E+01 1.9614107E-01 3.1468469E-01 5.2447250E-02 1.2829986E-02 1.2854771E-02 1.2449210E-02 7.2655675E-04 2.2458087E-04 6.9371609E-03 1.3637828E-04 6.8196748E-03 3.3766583E-02 3.8292771E-02 1.4871381E-04 1.8181651E+00 1.8381869E+01 -2.6469975E-02
3.1381000E+02 2.5927000E+02 8.6700000E+00 5.2100000E+02 10 5.5275975E+01 1.9577596E-01 3.1251291E-01 5.2962076E-02 1.2801046E-02 1.2764543E-02 1.2360038E-02 7.2466395E-04 2.2245359E-04 6.9232495E-03 1.3602299E-04 6.8019270E-03 3.3357397E-02 3.8205857E-02 1.4972730E-04 1.8164028E+00 1.8376816E+01 -2.6444693E-02
3.1381000E+02 2.5927000E+02 8.6700000E+00 5.2600000E+02 10 5.5277795E+01 1.9563941E-01 3.1101923E-01 5.3399745E-02 1.2801922E-02 1.2705851E-02 1.2302370E-02 7.2283062E-04 2.2119389E-04 6.9244645E-03 1.3567886E-04 6.7987621E-03 3.3012196E-02 3.8208008E-02 1.5037723E-04 1.8168265E+00 1.8372256E+01 -2.6312845E-02
3.1381000E+02 2.5927000E+02 8.6700000E+00 5.3100000E+02 10 5.5279351E+01 1.9552606E-01 3.0976852E-01 5.3776902E-02 1.2803843E-02 1.2661261E-02 1.2258772E-02 7.2105245E-04 2.2022481E-04 6.9259720E-03 1.3534509E-04 6.7964831E-03 3.2717052E-02 3.8213406E-02 1.5069564E-04 1.8173681E+00 1.8369668E+01 -2.6190545E-02
3.1381000E+02 2.5927000E+02 8.6700000E+00 5.3600000E+02 10 5.5280717E+01 1.9539561E-01 3.0863493E-01 5.4105759E-02 1.2801029E-02 1.2623221E-02 1.2221694E-02 7.1932829E-04 2.1935539E-04 6.9248657E-03 1.3502146E-04 6.7922396E-03 3.2461743E-02 3.8204760E-02 1.5081833E-04 1.8175421E+00 1.8368583E+01 -2.6102234E-02
3.1381000E+02 2.5927000E+02 8.6700000E+00 5.4100000E+02 10 5.5281928E+01 1.9525410E-01 3.0759269E-01 5.4395457E-02 1.2794414E-02 1.2588836E-02 1.2188242E-02 7.1765672E-04 2.1854178E-04 6.9216923E-03 1.3470770E-04 6.7863919E-03 3.2238618E-02 3.8184822E-02 1.5084403E-04 1.8173710E+00 1.8368380E+01 -2.6043822E-02
3.1381000E+02 2.5927000E+02 8.6700000E+00 5.4600000E+02 10 5.5283006E+01 1.9511310E-01 3.0663820E-01 5.4652972E-02 1.2785856E-02 1.2557034E-02 1.2157346E-02 7.1603540E-04 2.1778264E-04 6.9174516E-03 1.3440337E-04 6.7797676E-03 3.2041844E-02 3.8159111E-02 1.5082684E-04 1.8169735E+00 1.8368638E+01 -2.6006480E-02
3.1381000E+02 2.5927000E+02 8.6700000E+00 5.5100000E+02 10 5.5283970E+01 1.9498030E-01 3.0576851E-01 5.4883717E-02 1.2776709E-02 1.2527371E-02 1.2128561E-02 7.1446139E-04 2.1708350E-04 6.9128685E-03 1.3410792E-04 6.7729750E-03 3.1866904E-02 3.8131656E-02 1.5079279E-04 1.8164488E+00 1.8369127E+01 -2.5983049E-02
3.1381000E+02 2.5927000E+02 8.6700000E+00 5.5600000E+02 10 5.5284837E+01 1.9485933E-01 3.0497805E-01 5.5091952E-02 1.2767743E-02 1.2499590E-02 1.2101634E-02 7.1293144E-04 2.1644746E-04 6.9083576E-03 1.3382074E-04 6.7663568E-03 3.1710253E-02 3.8104751E-02 1.5075355E-04 1.8158610E+00 1.8369721E+01 -2.5968756E-02
3.1381000E+02 2.5927000E+02 8.6700000E+00 5.6100000E+02 10 5.5285619E+01 1.9475120E-01 3.0425952E-01 5.5281073E-02 1.2759329E-02 1.2473491E-02 1.2076366E-02 7.1144233E-04 2.1587387E-04 6.9041200E-03 1.3354122E-04 6.7600744E-03 3.1569071E-02 3.8079501E-02 1.5071393E-04 1.8152470E+00 1.8370362E+01 -2.5960627E-02
3.1381000E+02 2.5927000E+02 8.6700000E+00 5.6600000E+02 10 5.5286329E+01 1.9465560E-01 3.0360523E-01 5.5453817E-02 1.2751614E-02 1.2448891E-02 1.2052576E-02 7.0999098E-04 2.1535943E-04 6.9002398E-03 1.3326880E-04 6.7541836E-03 3.1441094E-02 3.8056341E-02 1.5067583E-04 1.8146268E+00 1.8371020E+01 -2.5956835E-02
3.1381000E+02 2.5927000E+02 8.6700000E+00 5.7100000E+02 10 5.5286976E+01 1.9457160E-01 3.0300777E-01 5.5612417E-02 1.2744624E-02 1.2425627E-02 1.2030103E-02 7.0857453E-04 2.1489932E-04 6.8967343E-03 1.3300292E-04 6.7486881E-03 3.1324480E-02 3.8035347E-02 1.5063983E-04 1.8140107E+00 1.8371680E+01 -2.5956238E-02
3.1381000E+02 2.5927000E+02 8.6700000E+00 5.7600000E+02 10 5.5287568E+01 1.9449807E-01 3.0246041E-01 5.5758707E-02 1.2738325E-02 1.2403548E-02 1.2008797E-02 7.0719035E-04 2.1448832E-04 6.8935874E-03 1.3274311E-04 6.7435688E-03 3.1217719E-02 3.8016425E-02 1.5060606E-04 1.8134034E+00 1.8372328E+01 -2.5958103E-02
3.1381000E+02 2.5927000E+02 8.6700000E+00 5.8100000E+02 10 5.5288112E+01 1.9443385E-01 3.0195723E-01 5.5894212E-02 1.2732665E-02 1.2382525E-02 1.1988529E-02 7.0583607E-04 2.1412096E-04 6.8907698E-03 1.3248890E-04 6.7387970E-03 3.1119559E-02 3.7999409E-02 1.5057420E-04 1.8128072E+00 1.8372968E+01 -2.5961938E-02
3.1381000E+02 2.5927000E+02 8.6700000E+00 5.8200000E+02 10 5.5280745E+01 2.0943834E-01 3.3415941E-01 5.5920893E-02 1.5155625E-02 1.4173862E-02 1.3780017E-02 7.0556639E-04 2.3212090E-04 8.1231576E-03 1.3243828E-04 7.9112927E-03 3.1114479E-02 4.5232897E-02 1.8466636E-04 1.8127780E+00 1.8420313E+01 -2.5962853E-02
3.1381000E+02 2.5927000E+02 8.6700000E+00 5.8700000E+02 10 5.5289051E+01 1.9361888E-01 3.0003452E-01 5.6018838E-02 1.2621461E-02 1.2309808E-02 1.1914411E-02 7.0834717E-04 2.1424318E-04 6.8367217E-03 1.3296025E-04 6.6858979E-03 3.1004370E-02 3.7667223E-02 1.4785888E-04 1.8051566E+00 1.8399409E+01 -2.6375609E-02
3.1381000E+02 2.5927000E+02 8.6700000E+00 5.9200000E+02 10 5.5289553E+01 1.9339788E-01 2.9933588E-01 5.6108005E-02 1.2596340E-02 1.2280406E-02 1.1883715E-02 7.1066460E-04 2.1345477E-04 6.8259746E-03 1.3339524E-04 6.6749612E-03 3.0919782E-02 3.7592193E-02 1.4858124E-04 1.8035431E+00 1.8394488E+01 -2.6443857E-02
3.1381000E+02 2.5927000E+02 8.6700000E+00 5.9700000E+02 10 5.5289867E+01 1.9348150E-01 2.9924034E-01 5.6189563E-02 1.2614982E-02 1.2275712E-02 1.1877886E-02 7.1269779E-04 2.1342503E-04 6.8376596E-03 1.3377688E-04 6.6845600E-03 3.0842937E-02 3.7647664E-02 1.4919166E-04 1.8050893E+00 1.8387891E+01 -2.6330095E-02
3.1381000E+02 2.5927000E+02 8.6700000E+00 6.0200000E+02 10 5.5290143E+01 1.9359052E-01 2.9923752E-01 5.6265951E-02 1.2637860E-02 1.2279395E-02 1.1880618E-02 7.1440255E-04 2.1357950E-04 6.8512307E-03 1.3409687E-04 6.6960315E-03 3.0772214E-02 3.7715815E-02 1.4952676E-04 1.8070573E+00 1.8382898E+01 -2.6194668E-02
3.1381000E+02 2.5927000E+02 8.6700000E+00 6.0700000E+02 10 5.5290425E+01 1.9364425E-01 2.9915912E-01 5.6338923E-02 1.2652705E-02 1.2282789E-02 1.1883270E-02 7.1573173E-04 2.1367977E-04 6.8603622E-03 1.3434637E-04 6.7034691E-03 3.0706593E-02 3.7760047E-02 1.4964159E-04 1.8084812E+00 1.8379955E+01 -2.6093084E-02
3.1381000E+02 2.5927000E+02 8.6700000E+00 6.1200000E+02 10 5.5290717E+01 1.9364550E-01 2.9899390E-01 5.6409294E-02 1.2659331E-02 1.2283069E-02 1.1883005E-02 7.1670904E-04 2.1368719E-04 6.8650249E-03 1.3452981E-04 6.7067363E-03 3.0645330E-02 3.7779775E-02 1.4963655E-04 1.8092669E+00 1.8378478E+01 -2.6029919E-02
3.1381000E+02 2.5927000E+02 8.6700000E+00 6.1700000E+02 10 5.5291011E+01 1.9361467E-01 2.9877099E-01 5.6477402E-02 1.2660420E-02 1.2280037E-02 1.1879594E-02 7.1738635E-04 2.1362600E-04 6.8666646E-03 1.3465695E-04 6.7071110E-03 3.0587847E-02 3.7782981E-02 1.4958006E-04 1.8095701E+00 1.8377875E+01 -2.5995647E-02
3.1381000E+02 2.5927000E+02 8.6700000E+00 6.2200000E+02 10 5.5291299E+01 1.9356881E-01 2.9851871E-01 5.6543408E-02 1.2658398E-02 1.2274315E-02 1.1873632E-02 7.1781684E-04 2.1352535E-04 6.8665758E-03 1.3473775E-04 6.7057774E-03 3.0533684E-02 3.7776900E-02 1.4950709E-04 1.8095589E+00 1.8377774E+01 -2.5980319E-02
3.1381000E+02 2.5927000E+02 8.6700000E+00 6.2700000E+02 10 5.5291577E+01 1.9351839E-01 2.9825603E-01 5.6607409E-02 1.2654861E-02 1.2266622E-02 1.1865811E-02 7.1804553E-04 2.1340759E-04 6.8656086E-03 1.3478068E-04 6.7035282E-03 3.0482472E-02 3.7766284E-02 1.4943349E-04 1.8093551E+00 1.8377944E+01 -2.5976798E-02
3.1381000E+02 2.5927000E+02 8.6700000E+00 6.3200000E+02 10 5.5291845E+01 1.9346913E-01 2.9799405E-01 5.6669487E-02 1.2650735E-02 1.2257546E-02 1.1856700E-02 7.1810829E-04 2.1328634E-04 6.8642577E-03 1.3479246E-04 6.7008406E-03 3.0433914E-02 3.7753904E-02 1.4936490E-04 1.8090371E+00 1.8378271E+01 -2.5980502E-02
3.1381000E+02 2.5927000E+02 8.6700000E+00 6.3700000E+02 10 5.5292100E+01 1.9342374E-01 2.9773864E-01 5.6729713E-02 1.2646521E-02 1.2247523E-02 1.1846719E-02 7.1803329E-04 2.1316944E-04 6.8627911E-03 1.3477838E-04 6.6979836E-03 3.0387764E-02 3.7741255E-02 1.4930305E-04 1.8086523E+00 1.8378678E+01 -2.5988655E-02
3.1381000E+02 2.5927000E+02 8.6700000E+00 6.4200000E+02 10 5.5292344E+01 1.9338332E-01 2.9749265E-01 5.6788154E-02 1.2642470E-02 1.2236858E-02 1.1836160E-02 7.1784297E-04 2.1306035E-04 6.8613455E-03 1.3474266E-04 6.6951022E-03 3.0343818E-02 3.7729088E-02 1.4924756E-04 1.8082289E+00 1.8379137E+01 -2.5999606E-02
3.1381000E+02 2.5927000E+02 8.6700000E+00 6.4700000E+02 10 5.5292576E+01 1.9334813E-01 2.9725721E-01 5.6844869E-02 1.2638699E-02 1.2225766E-02 1.1825229E-02 7.1755555E-04 2.1296068E-04 6.8599857E-03 1.3468871E-04 6.6922735E-03 3.0301904E-02 3.7717751E-02 1.4919792E-04 1.8077836E+00 1.8379620E+01 -2.6012363E-02
3.1381000E+02 2.5927000E+02 8.6700000E+00 6.5000000E+02 10 5.5289008E+01 2.0077116E-01 3.1298119E-01 5.6878290E-02 1.3835079E-02 1.3067063E-02 1.2666640E-02 7.1735163E-04 2.2439450E-04 7.4708588E-03 1.3465043E-04 7.2683534E-03 3.0284411E-02 4.1288613E-02 1.6553125E-04 1.8019765E+00 1.8434245E+01 -2.6349592E-02
