x y z_datum Time Well_no H2O H O Charge Al C Ca Cl Fe K Mg Na S Si U pH pe Alkalinity
3.1381000E+02 2.5927000E+02 8.6700000E+00 0.0000000E+00 10 9.9704301E-01 7.2098600E-06 6.6484776E-04 -3.2324431E-06 0.0000000E+00 1.0067647E-04 6.3262499E-05 4.3211171E-04 0.0000000E+00 2.8240956E-04 5.5605061E-05 2.2967748E-04 1.4127542E-04 0.0000000E+00 0.0000000E+00 7.0300000E+00 -2.2001569E+00 7.1999443E-03
3.1381000E+02 2.5927000E+02 8.6700000E+00 5.0000000E+00 10 5.5328858E+01 1.8790975E-02 6.1845471E-02 -3.0346350E-03 0.0000000E+00 7.3118847E-03 1.3769699E-03 1.0632300E-02 0.0000000E+00 6.3009447E-03 1.9957349E-03 8.7149996E-03 1.0226166E-02 0.0000000E+00 0.0000000E+00 5.3734004E+00 9.8706792E+00 1.3718946E-03
3.1381000E+02 2.5927000E+02 8.6700000E+00 1.0000000E+01 10 5.5310669E+01 3.2271261E-02 1.0407582E-01 -2.7520654E-03 1.0508231E-03 7.9115133E-03 3.2173304E-03 8.4095494E-03 1.4802493E-05 5.5015563E-03 1.5785138E-03 7.4203712E-03 1.8554276E-02 3.1422396E-03 1.5356144E-05 2.5420041E+00 1.7606533E+01 -5.2989421E-03
3.1381000E+02 2.5927000E+02 8.6700000E+00 1.5000000E+01 10 5.5288549E+01 5.6421292E-02 1.5188439E-01 -2.5039021E-03 2.6244427E-03 8.2218760E-03 4.6173505E-03 6.4574464E-03 3.5237237E-05 5.1314823E-03 1.2120944E-03 6.5973240E-03 2.5869021E-02 7.8436985E-03 3.7774975E-05 2.2498406E+00 1.7962771E+01 -1.1077850E-02
3.1381000E+02 2.5927000E+02 8.6700000E+00 2.0000000E+01 10 5.5270400E+01 7.7567505E-02 1.9113057E-01 -2.3166353E-03 4.0353415E-03 8.4282747E-03 5.6460173E-03 4.9843671E-03 5.5750323E-05 4.9685994E-03 9.3559022E-04 6.0810973E-03 3.1389270E-02 1.2057326E-02 5.7703522E-05 2.1369457E+00 1.8101464E+01 -1.4982755E-02
3.1381000E+02 2.5927000E+02 8.6700000E+00 2.5000000E+01 10 5.5257043E+01 9.3524482E-02 2.2041839E-01 -2.1836473E-03 5.1453898E-03 8.6014899E-03 6.4031679E-03 3.9382566E-03 7.3412964E-05 4.9091526E-03 7.3923014E-04 5.7652995E-03 3.5309754E-02 1.5371795E-02 7.3083021E-05 2.0837322E+00 1.8166385E+01 -1.7414094E-02
3.1381000E+02 2.5927000E+02 8.6700000E+00 3.0000000E+01 10 5.5247551E+01 1.0501448E-01 2.4155829E-01 -2.0909945E-03 5.9722494E-03 8.7619573E-03 6.9704634E-03 3.2094310E-03 8.7555187E-05 4.8953881E-03 6.0242598E-04 5.5706120E-03 3.8041313E-02 1.7840447E-02 8.4254493E-05 2.0567707E+00 1.8199009E+01 -1.8883192E-02
3.1381000E+02 2.5927000E+02 8.6700000E+00 3.5000000E+01 10 5.5240865E+01 1.1315746E-01 2.5669330E-01 -2.0263418E-03 6.5744057E-03 8.9135482E-03 7.4059373E-03 2.7008594E-03 9.8450387E-05 4.8986708E-03 5.0696458E-04 5.4468281E-03 3.9947482E-02 1.9638163E-02 9.2168728E-05 2.0426549E+00 1.8216010E+01 -1.9765721E-02
3.1381000E+02 2.5927000E+02 8.6700000E+00 4.0000000E+01 10 5.5236134E+01 1.1892692E-01 2.6758330E-01 -1.9806595E-03 7.0101610E-03 9.0557907E-03 7.7487657E-03 2.3415133E-03 1.0666708E-04 4.9061445E-03 4.3951355E-04 5.3644181E-03 4.1294405E-02 2.0939098E-02 9.7735799E-05 2.0351551E+00 1.8225062E+01 -2.0299993E-02
3.1381000E+02 2.5927000E+02 8.6700000E+00 4.5000000E+01 10 5.5232744E+01 1.2304629E-01 2.7551555E-01 -1.9477752E-03 7.3264986E-03 9.1877161E-03 8.0250825E-03 2.0828385E-03 1.1280862E-04 4.9127453E-03 3.9095903E-04 5.3065275E-03 4.2264032E-02 2.1883545E-02 1.0166534E-04 2.0311595E+00 1.8229951E+01 -2.0628825E-02
3.1381000E+02 2.5927000E+02 8.6700000E+00 5.0000000E+01 10 5.5230276E+01 1.2602535E-01 2.8139070E-01 -1.9235758E-03 7.5582782E-03 9.3088452E-03 8.2524685E-03 1.8924811E-03 1.1739514E-04 4.9169465E-03 3.5522801E-04 5.2635948E-03 4.2977608E-02 2.2575574E-02 1.0446722E-04 2.0290498E+00 1.8232604E+01 -2.0835971E-02
3.1381000E+02 2.5927000E+02 8.6700000E+00 5.5000000E+01 10 5.5228444E+01 1.2821485E-01 2.8582720E-01 -1.9053393E-03 7.7303720E-03 9.4192736E-03 8.4429712E-03 1.7490292E-03 1.2083579E-04 4.9186749E-03 3.2830138E-04 5.2301395E-03 4.3515379E-02 2.3089433E-02 1.0649397E-04 2.0279608E+00 1.8234041E+01 -2.0970420E-02
3.1381000E+02 2.5927000E+02 8.6700000E+00 6.0000000E+01 10 5.5227055E+01 1.2985383E-01 2.8924720E-01 -1.8912600E-03 7.8601963E-03 9.5195127E-03 8.6050311E-03 1.6382784E-03 1.2344049E-04 4.9183564E-03 3.0751291E-04 5.2029596E-03 4.3930579E-02 2.3477106E-02 1.0798559E-04 2.0274226E+00 1.8234824E+01 -2.1060906E-02
3.1381000E+02 2.5927000E+02 8.6700000E+00 6.5000000E+01 10 5.5225980E+01 1.3110472E-01 2.9193903E-01 -1.8801308E-03 7.9598424E-03 9.6103075E-03 8.7446929E-03 1.5507340E-03 1.2543968E-04 4.9165062E-03 2.9108039E-04 5.1801295E-03 4.4258794E-02 2.3774684E-02 1.0910457E-04 2.0271757E+00 1.8235252E+01 -2.1124497E-02
3.1381000E+02 2.5927000E+02 8.6700000E+00 6.6000000E+01 10 5.5220101E+01 1.4274732E-01 3.2013713E-01 -1.8780141E-03 9.9769119E-03 1.1617315E-02 1.0760994E-02 1.5340842E-03 1.4325185E-04 5.9165080E-03 2.8795515E-04 6.1610793E-03 4.4338261E-02 2.9800688E-02 1.4148352E-04 2.0267013E+00 1.8270846E+01 -2.1160377E-02
3.1381000E+02 2.5927000E+02 8.6700000E+00 6.7000000E+01 10 5.5219993E+01 1.4279875E-01 3.2022891E-01 -1.8759988E-03 9.9668228E-03 1.1606835E-02 1.0759364E-02 1.5182305E-03 1.4495722E-04 5.9026464E-03 2.8497934E-04 6.1423496E-03 4.4396608E-02 2.9770199E-02 1.3938054E-04 2.0231919E+00 1.8290161E+01 -2.1332863E-02
3.1381000E+02 2.5927000E+02 8.6700000E+00 7.2000000E+01 10 5.5222254E+01 1.3217373E-01 2.9466533E-01 -1.8375583E-03 7.8610378E-03 9.5787539E-03 8.7674102E-03 1.4535084E-03 1.2661991E-04 4.8090379E-03 2.7283067E-04 5.0520713E-03 4.5145827E-02 2.3479464E-02 1.0553179E-04 1.9902868E+00 1.8555922E+01 -2.3039376E-02
3.1381000E+02 2.5927000E+02 8.6700000E+00 7.7000000E+01 10 5.5216999E+01 1.3484499E-01 3.0050318E-01 -1.7896095E-03 7.9827967E-03 9.6362730E-03 8.8550013E-03 1.3996352E-03 1.3997591E-04 4.8394432E-03 2.6271840E-04 5.0663001E-03 4.6086732E-02 2.3842668E-02 1.3268582E-04 1.9724460E+00 1.8658553E+01 -2.4128019E-02
3.1381000E+02 2.5927000E+02 8.6700000E+00 8.2000000E+01 10 5.5212071E+01 1.3774239E-01 3.0671668E-01 -1.7471481E-03 8.1708854E-03 9.7291162E-03 8.9733081E-03 1.3540175E-03 1.5829031E-04 4.9086948E-03 2.5415574E-04 5.1190894E-03 4.6926869E-02 2.4403695E-02 1.6446366E-04 1.9638734E+00 1.8707912E+01 -2.4751450E-02
3.1381000E+02 2.5927000E+02 8.6700000E+00 8.7000000E+01 10 5.5208194E+01 1.4016549E-01 3.1191849E-01 -1.7142989E-03 8.3438779E-03 9.8228660E-03 9.0889462E-03 1.3148050E-03 1.7564847E-04 4.9738937E-03 2.4679536E-04 5.1700278E-03 4.7588133E-02 2.4919723E-02 1.9201236E-04 1.9596548E+00 1.8733934E+01 -2.5118019E-02
3.1381000E+02 2.5927000E+02 8.6700000E+00 9.1000000E+01 10 5.5204352E+01 1.4459864E-01 3.2204686E-01 -1.6938402E-03 8.9530039E-03 1.0338964E-02 9.6206720E-03 1.2868081E-03 1.9881925E-04 5.2645784E-03 2.4154021E-04 5.4446329E-03 4.8022913E-02 2.6738510E-02 2.2748978E-04 1.9510832E+00 1.8755398E+01 -2.5670304E-02
3.1381000E+02 2.5927000E+02 8.6700000E+00 9.2000000E+01 10 5.5199376E+01 1.5387246E-01 3.4414858E-01 -1.6890769E-03 1.0523922E-02 1.1823850E-02 1.1109353E-02 1.2800091E-03 2.3586822E-04 6.0488405E-03 2.4026401E-04 6.2115558E-03 4.8175935E-02 3.1431002E-02 2.9220318E-04 1.9483692E+00 1.8763382E+01 -2.5837588E-02
3.1381000E+02 2.5927000E+02 8.6700000E+00 9.7000000E+01 10 5.5199459E+01 1.4316671E-01 3.1954736E-01 -2.1654685E-03 8.3801131E-03 9.8318652E-03 9.1340950E-03 1.2500436E-03 1.9780310E-04 4.9550383E-03 2.3463933E-04 5.1330165E-03 4.9252370E-02 2.5027150E-02 2.1913480E-04 1.9248160E+00 1.8801444E+01 -2.7427891E-02
3.1381000E+02 2.5927000E+02 8.6700000E+00 1.0200000E+02 10 5.5191724E+01 1.4620251E-01 3.2716702E-01 -2.8243041E-03 8.5295100E-03 9.8924453E-03 9.2095637E-03 1.2233708E-03 2.0944361E-04 5.0159411E-03 2.2963271E-04 5.1825088E-03 5.0608356E-02 2.5472675E-02 2.3826631E-04 1.9106776E+00 1.8830064E+01 -2.8586172E-02
3.1381000E+02 2.5927000E+02 8.6700000E+00 1.0700000E+02 10 5.5184828E+01 1.4921342E-01 3.3452204E-01 -3.4137304E-03 8.7166480E-03 9.9755571E-03 9.3060413E-03 1.1994262E-03 2.2162607E-04 5.0978258E-03 2.2513821E-04 5.2522831E-03 5.1789063E-02 2.6030762E-02 2.5585610E-04 1.9031325E+00 1.8847804E+01 -2.9335168E-02
3.1381000E+02 2.5927000E+02 8.6700000E+00 1.1200000E+02 10 5.5179513E+01 1.5166270E-01 3.4045093E-01 -3.8615324E-03 8.8817364E-03 1.0055708E-02 9.3982809E-03 1.1777704E-03 2.3263422E-04 5.1696726E-03 2.2107329E-04 5.3134922E-03 5.2696944E-02 2.6523128E-02 2.7028602E-04 1.8990515E+00 1.8858507E+01 -2.9814270E-02
3.1381000E+02 2.5927000E+02 8.6700000E+00 1.1700000E+02 10 5.5175640E+01 1.5351680E-01 3.4492560E-01 -4.1798125E-03 9.0119319E-03 1.0125370E-02 9.4789470E-03 1.1580556E-03 2.4184003E-04 5.2247038E-03 2.1737274E-04 5.3596895E-03 5.3363611E-02 2.6911462E-02 2.8135601E-04 1.8967605E+00 1.8865028E+01 -3.0125193E-02
3.1381000E+02 2.5927000E+02 8.6700000E+00 1.2200000E+02 10 5.5172858E+01 1.5489458E-01 3.4825162E-01 -4.4009868E-03 9.1112194E-03 1.0184587E-02 9.5482407E-03 1.1400034E-03 2.4928662E-04 5.2648262E-03 2.1398425E-04 5.3925171E-03 5.3849642E-02 2.7207635E-02 2.8960510E-04 1.8954273E+00 1.8869083E+01 -3.0331705E-02
3.1381000E+02 2.5927000E+02 8.6700000E+00 1.2400000E+02 10 5.5167021E+01 1.6522206E-01 3.7209639E-01 -4.4760907E-03 1.0809660E-02 1.1648106E-02 1.1015651E-02 1.1330323E-03 2.9460679E-04 6.1164909E-03 2.1267573E-04 6.2178357E-03 5.4084881E-02 3.2279732E-02 3.6374723E-04 1.8907197E+00 1.8877769E+01 -3.0670453E-02
3.1381000E+02 2.5927000E+02 8.6700000E+00 1.2500000E+02 10 5.5165194E+01 1.6823270E-01 3.7927636E-01 -4.5105691E-03 1.1305941E-02 1.2116169E-02 1.1485626E-02 1.1296072E-03 3.0846566E-04 6.3639043E-03 2.1203283E-04 6.4585727E-03 5.4182540E-02 3.3761987E-02 3.8295699E-04 1.8866690E+00 1.8883875E+01 -3.0947920E-02
3.1381000E+02 2.5927000E+02 8.6700000E+00 1.3000000E+02 10 5.5170429E+01 1.5526323E-01 3.4976400E-01 -4.6274723E-03 9.0550556E-03 1.0169682E-02 9.5486276E-03 1.1126079E-03 2.5485588E-04 5.2207374E-03 2.0884198E-04 5.3419869E-03 5.4383583E-02 2.7039603E-02 2.8656291E-04 1.8824041E+00 1.8886502E+01 -3.1302308E-02
3.1381000E+02 2.5927000E+02 8.6700000E+00 1.3100000E+02 10 5.5163469E+01 1.6887479E-01 3.8105837E-01 -4.6490526E-03 1.1328493E-02 1.2146162E-02 1.1527035E-02 1.1091558E-03 3.1440475E-04 6.3633098E-03 2.0819399E-04 6.4526917E-03 5.4536277E-02 3.3829345E-02 3.9256156E-04 1.8821458E+00 1.8889295E+01 -3.1329863E-02
3.1381000E+02 2.5927000E+02 8.6700000E+00 1.3200000E+02 10 5.5163217E+01 1.6895724E-01 3.8122359E-01 -4.6690544E-03 1.1326277E-02 1.2138209E-02 1.1521003E-02 1.1057140E-03 3.1436058E-04 6.3607959E-03 2.0754796E-04 6.4479761E-03 5.4583695E-02 3.3822389E-02 3.8676692E-04 1.8806714E+00 1.8892138E+01 -3.1438380E-02
3.1381000E+02 2.5927000E+02 8.6700000E+00 1.3700000E+02 10 5.5162724E+01 1.5731568E-01 3.5579221E-01 -5.7884010E-03 9.0788285E-03 1.0192746E-02 9.5846022E-03 1.0894785E-03 2.5953394E-04 5.2197791E-03 2.0450047E-04 5.3337443E-03 5.5932156E-02 2.7110292E-02 2.8979421E-04 1.8642283E+00 1.8881572E+01 -3.2915026E-02
3.1381000E+02 2.5927000E+02 8.6700000E+00 1.4200000E+02 10 5.5152662E+01 1.6095253E-01 3.6525686E-01 -7.3056619E-03 9.2813252E-03 1.0300749E-02 9.7010534E-03 1.0743440E-03 2.5973426E-04 5.3144340E-03 2.0165965E-04 5.4185443E-03 5.7817742E-02 2.7714438E-02 2.9269925E-04 1.8547469E+00 1.8847071E+01 -3.4063486E-02
3.1381000E+02 2.5927000E+02 8.6700000E+00 1.4700000E+02 10 5.5143352E+01 1.6463911E-01 3.7453343E-01 -8.6834984E-03 9.5208194E-03 1.0428718E-02 9.8368811E-03 1.0602652E-03 2.5438813E-04 5.4287298E-03 1.9901700E-04 5.5218343E-03 5.9511714E-02 2.8428861E-02 2.8300652E-04 1.8496964E+00 1.8796517E+01 -3.4859854E-02
3.1381000E+02 2.5927000E+02 8.6700000E+00 1.5200000E+02 10 5.5136028E+01 1.6765178E-01 3.8201790E-01 -9.7524173E-03 9.7259533E-03 1.0543683E-02 9.9591714E-03 1.0471429E-03 2.4548189E-04 5.5259249E-03 1.9655387E-04 5.6095117E-03 6.0824332E-02 2.9040796E-02 2.6521521E-04 1.8467452E+00 1.8736802E+01 -3.5406085E-02
3.1381000E+02 2.5927000E+02 8.6700000E+00 1.5700000E+02 10 5.5130624E+01 1.6992739E-01 3.8763083E-01 -1.0529284E-02 9.8839325E-03 1.0637633E-02 1.0059971E-02 1.0348728E-03 2.3533500E-04 5.5994163E-03 1.9425072E-04 5.6753513E-03 6.1783299E-02 2.9512086E-02 2.4421799E-04 1.8448427E+00 1.8672751E+01 -3.5783472E-02
3.1381000E+02 2.5927000E+02 8.6700000E+00 1.6200000E+02 10 5.5126714E+01 1.7160812E-01 3.9175625E-01 -1.1081483E-02 1.0001861E-02 1.0712585E-02 1.0141348E-02 1.0233617E-03 2.2553426E-04 5.6528225E-03 1.9209003E-04 5.7226421E-03 6.2472936E-02 2.9863914E-02 2.2345717E-04 1.8435439E+00 1.8609108E+01 -3.6047295E-02
3.1381000E+02 2.5927000E+02 8.6700000E+00 1.6700000E+02 10 5.5123876E+01 1.7285337E-01 3.9480421E-01 -1.1473783E-02 1.0089941E-02 1.0772796E-02 1.0207605E-02 1.0125298E-03 2.1691052E-04 5.6913466E-03 1.9005683E-04 5.7561806E-03 6.2972229E-02 3.0126706E-02 2.0483729E-04 1.8426359E+00 1.8551369E+01 -3.6234462E-02
3.1381000E+02 2.5927000E+02 8.6700000E+00 1.6800000E+02 10 5.5116357E+01 1.8714376E-01 4.2689846E-01 -1.1546349E-02 1.2431328E-02 1.2734999E-02 1.2171003E-02 1.0103900E-03 2.3917079E-04 6.8709140E-03 1.8965517E-04 6.8989031E-03 6.3087489E-02 3.7118716E-02 2.4440490E-04 1.8424130E+00 1.8557810E+01 -3.6280475E-02
3.1381000E+02 2.5927000E+02 8.6700000E+00 1.6900000E+02 10 5.5115938E+01 1.8721215E-01 4.2708212E-01 -1.1613498E-02 1.2422196E-02 1.2721965E-02 1.2159149E-02 1.0082761E-03 2.3900224E-04 6.8657280E-03 1.8925839E-04 6.8918487E-03 6.3171588E-02 3.7091072E-02 2.3664229E-04 1.8403949E+00 1.8559229E+01 -3.6456984E-02
3.1381000E+02 2.5927000E+02 8.6700000E+00 1.7400000E+02 10 5.5128634E+01 1.6655075E-01 3.9021936E-01 -1.5572049E-02 9.9704138E-03 1.0707917E-02 1.0150673E-02 9.9829246E-04 2.0647638E-04 5.6227404E-03 1.8738440E-04 5.6858948E-03 6.2240992E-02 2.9769598E-02 1.7733043E-04 1.9055869E+00 1.8441951E+01 -3.2019373E-02
3.1381000E+02 2.5927000E+02 8.6700000E+00 1.7500000E+02 10 5.5123866E+01 1.7747026E-01 4.1809529E-01 -1.6516921E-02 1.2071900E-02 1.2648010E-02 1.2091868E-02 9.9631866E-04 2.2531108E-04 6.6771399E-03 1.8701391E-04 6.7166827E-03 6.2024279E-02 3.6047033E-02 2.1256582E-04 1.9218204E+00 1.8440479E+01 -3.1000963E-02
3.1381000E+02 2.5927000E+02 8.6700000E+00 1.7600000E+02 10 5.5125925E+01 1.7498533E-01 4.1552611E-01 -1.7596681E-02 1.1958490E-02 1.2620957E-02 1.2065904E-02 9.9436734E-04 2.2391397E-04 6.6175413E-03 1.8664764E-04 6.6611370E-03 6.1736195E-02 3.5708844E-02 2.0597530E-04 1.9399742E+00 1.8427392E+01 -2.9895371E-02
3.1381000E+02 2.5927000E+02 8.6700000E+00 1.8100000E+02 10 5.5082573E+01 1.6846984E-01 4.1946440E-01 -2.7630947E-02 9.4319890E-03 1.0613650E-02 1.0063758E-02 9.8512142E-04 1.9117831E-04 5.3350505E-03 1.8491214E-04 5.4220700E-03 7.1217038E-02 2.8165336E-02 1.5479439E-04 1.8384538E+00 1.8483867E+01 -3.9740904E-02
3.1381000E+02 2.5927000E+02 8.6700000E+00 1.8600000E+02 10 5.5005281E+01 1.8744663E-01 4.7846573E-01 -3.8375750E-02 9.6090038E-03 1.0660094E-02 1.0115104E-02 9.7634159E-04 1.8773398E-04 5.4217571E-03 1.8326412E-04 5.4982125E-03 8.5424480E-02 2.8692841E-02 1.5200756E-04 1.7171114E+00 1.8574453E+01 -5.5410190E-02
3.1381000E+02 2.5927000E+02 8.6700000E+00 1.9100000E+02 10 5.4931746E+01 2.0918458E-01 5.3829306E-01 -4.7393996E-02 1.0179282E-02 1.0741682E-02 1.0201355E-02 9.6798830E-04 1.9166967E-04 5.7150254E-03 1.8169616E-04 5.7571444E-03 9.8647592E-02 3.0391106E-02 1.5375658E-04 1.6364919E+00 1.8629542E+01 -6.9561038E-02
3.1381000E+02 2.5927000E+02 8.6700000E+00 1.9600000E+02 10 5.4873383E+01 2.2817491E-01 5.8779391E-01 -5.4177565E-02 1.0850454E-02 1.0823046E-02 1.0287162E-02 9.6002626E-04 1.9964400E-04 6.0620346E-03 1.8020165E-04 6.0624748E-03 1.0898747E-01 3.2389439E-02 1.5666016E-04 1.5882059E+00 1.8659130E+01 -8.0122522E-02
3.1381000E+02 2.5927000E+02 8.6700000E+00 2.0100000E+02 10 5.4830413E+01 2.4306318E-01 6.2542373E-01 -5.9052525E-02 1.1471098E-02 1.0894135E-02 1.0362495E-02 9.5242376E-04 2.0939792E-04 6.3831270E-03 1.7877462E-04 6.3441998E-03 1.1651487E-01 3.4237184E-02 1.5927251E-04 1.5596896E+00 1.8674991E+01 -8.7408689E-02
3.1381000E+02 2.5927000E+02 8.6700000E+00 2.0600000E+02 10 5.4799626E+01 2.5423732E-01 6.5311844E-01 -6.2510327E-02 1.1992399E-02 1.0955145E-02 1.0427564E-02 9.4515222E-04 2.1955115E-04 6.6523964E-03 1.7740972E-04 6.5800051E-03 1.2185899E-01 3.5789167E-02 1.6124934E-04 1.5427244E+00 1.8683598E+01 -9.2287494E-02
3.1381000E+02 2.5927000E+02 8.6700000E+00 2.1100000E+02 10 5.4777649E+01 2.6251221E-01 6.7336602E-01 -6.4972880E-02 1.2412624E-02 1.1008626E-02 1.0484934E-02 9.3818583E-04 2.2925890E-04 6.8687308E-03 1.7610210E-04 6.7692917E-03 1.2564561E-01 3.7040304E-02 1.6263222E-04 1.5325067E+00 1.8688296E+01 -9.5535047E-02
3.1381000E+02 2.5927000E+02 8.6700000E+00 2.1600000E+02 10 5.4761819E+01 2.6865705E-01 6.8827413E-01 -6.6750180E-02 1.2746550E-02 1.1056874E-02 1.0536913E-02 9.3150123E-04 2.3805726E-04 7.0397138E-03 1.7484736E-04 6.9190623E-03 1.2835618E-01 3.8034611E-02 1.6355408E-04 1.5262838E+00 1.8690773E+01 -9.7709907E-02
3.1381000E+02 2.5927000E+02 8.6700000E+00 2.2100000E+02 10 5.4750235E+01 2.7327146E-01 6.9941185E-01 -6.8056873E-02 1.3011836E-02 1.1101500E-02 1.0585125E-02 9.2507724E-04 2.4576209E-04 7.1745961E-03 1.7364155E-04 7.0374917E-03 1.3032967E-01 3.8824659E-02 1.6414396E-04 1.5224646E+00 1.8692026E+01 -9.9184671E-02
3.1381000E+02 2.5927000E+02 8.6700000E+00 2.2600000E+02 10 5.4741591E+01 2.7679024E-01 7.0788789E-01 -6.9038291E-02 1.3224016E-02 1.1143565E-02 1.0630641E-02 9.1889469E-04 2.5236970E-04 7.2815917E-03 1.7248105E-04 7.1316826E-03 1.3179667E-01 3.9456668E-02 1.6450382E-04 1.5201117E+00 1.8692565E+01 -1.0020167E-01
3.1381000E+02 2.5927000E+02 8.6700000E+00 2.3100000E+02 10 5.4735002E+01 2.7952037E-01 7.1447023E-01 -6.9792269E-02 1.3395400E-02 1.1183754E-02 1.0674156E-02 9.1293617E-04 2.5797655E-04 7.3672350E-03 1.7136261E-04 7.2072330E-03 1.3291235E-01 3.9967264E-02 1.6470778E-04 1.5186617E+00 1.8692733E+01 -1.0091743E-01
3.1381000E+02 2.5927000E+02 8.6700000E+00 2.3600000E+02 10 5.4729866E+01 2.8167679E-01 7.1968855E-01 -7.0384837E-02 1.3535382E-02 1.1222492E-02 1.0716103E-02 9.0718588E-04 2.6271744E-04 7.4365101E-03 1.7028325E-04 7.2684094E-03 1.3378102E-01 4.0384384E-02 1.6480862E-04 1.5177715E+00 1.8692709E+01 -1.0143312E-01
3.1381000E+02 2.5927000E+02 8.6700000E+00 2.4100000E+02 10 5.4725775E+01 2.8341033E-01 7.2390959E-01 -7.0860891E-02 1.3651041E-02 1.1260026E-02 1.0756740E-02 9.0162946E-04 2.6673353E-04 7.4931661E-03 1.6924028E-04 7.3184330E-03 1.3447324E-01 4.0729091E-02 1.6484454E-04 1.5172301E+00 1.8692586E+01 -1.0181428E-01
3.1381000E+02 2.5927000E+02 8.6700000E+00 2.4600000E+02 10 5.4722448E+01 2.8482748E-01 7.2738928E-01 -7.1251275E-02 1.3747702E-02 1.1296484E-02 1.0796198E-02 8.9625383E-04 2.7015137E-04 7.5400120E-03 1.6823125E-04 7.3597332E-03 1.3503710E-01 4.1017222E-02 1.6483857E-04 1.5169064E+00 1.8692445E+01 -1.0210371E-01
3.1381000E+02 2.5927000E+02 8.6700000E+00 2.5100000E+02 10 5.4719691E+01 2.8600427E-01 7.3030821E-01 -7.1577449E-02 1.3829380E-02 1.1331911E-02 1.0834532E-02 8.9104709E-04 2.7308291E-04 7.5791561E-03 1.6725392E-04 7.3941501E-03 1.3550581E-01 4.1260722E-02 1.6480880E-04 1.5167187E+00 1.8692310E+01 -1.0232960E-01
3.1381000E+02 2.5927000E+02 8.6700000E+00 2.5600000E+02 10 5.4717367E+01 2.8699557E-01 7.3279541E-01 -7.1854562E-02 1.3899115E-02 1.1366305E-02 1.0871744E-02 8.8599837E-04 2.7561879E-04 7.6121920E-03 1.6630625E-04 7.4230799E-03 1.3590261E-01 4.1468644E-02 1.6476658E-04 1.5166152E+00 1.8692174E+01 -1.0251070E-01
3.1381000E+02 2.5927000E+02 8.6700000E+00 2.6100000E+02 10 5.4715376E+01 2.8784164E-01 7.3494450E-01 -7.2093480E-02 1.3959241E-02 1.1399638E-02 1.0907812E-02 8.8109776E-04 2.7782989E-04 7.6403364E-03 1.6538638E-04 7.4475972E-03 1.3624398E-01 4.1647929E-02 1.6471912E-04 1.5165634E+00 1.8692079E+01 -1.0265967E-01
3.1381000E+02 2.5927000E+02 8.6700000E+00 2.6400000E+02 10 5.4709373E+01 2.9817455E-01 7.5579358E-01 -7.2224991E-02 1.5492037E-02 1.2327226E-02 1.1837013E-02 8.7820867E-04 2.9523716E-04 8.4224924E-03 1.6484409E-04 8.1813162E-03 1.3643866E-01 4.6220632E-02 1.8467562E-04 1.5140769E+00 1.8745890E+01 -1.0322095E-01
3.1381000E+02 2.5927000E+02 8.6700000E+00 2.6500000E+02 10 5.4704142E+01 3.0812217E-01 7.7578169E-01 -7.2267579E-02 1.6990973E-02 1.3265480E-02 1.2775801E-02 8.7725127E-04 3.0974802E-04 9.1872705E-03 1.6466438E-04 8.9018804E-03 1.3650574E-01 5.0692955E-02 2.0346825E-04 1.5128993E+00 1.8774190E+01 -1.0348005E-01
3.1381000E+02 2.5927000E+02 8.6700000E+00 2.7000000E+02 10 5.4711866E+01 2.9057658E-01 7.4136773E-01 -7.2422499E-02 1.4301860E-02 1.1645811E-02 1.1158017E-02 8.7387436E-04 2.8940551E-04 7.8111775E-03 1.6403052E-04 7.6062859E-03 1.3671277E-01 4.2670003E-02 1.6547183E-04 1.5237156E+00 1.8677826E+01 -1.0152191E-01
3.1381000E+02 2.5927000E+02 8.6700000E+00 2.7500000E+02 10 5.4709109E+01 2.9416326E-01 7.4887001E-01 -7.2571718E-02 1.4802989E-02 1.1970902E-02 1.1485684E-02 8.6925966E-04 2.9448276E-04 8.0642248E-03 1.6316431E-04 7.8437730E-03 1.3693058E-01 4.4165229E-02 1.7233522E-04 1.5360563E+00 1.8611458E+01 -9.9325173E-02
3.1381000E+02 2.5927000E+02 8.6700000E+00 2.8000000E+02 10 5.4706714E+01 2.9715989E-01 7.5526704E-01 -7.2710397E-02 1.5221847E-02 1.2262376E-02 1.1779782E-02 8.6455971E-04 2.9996658E-04 8.2749528E-03 1.6228211E-04 8.0419390E-03 1.3713269E-01 4.5415144E-02 1.7589580E-04 1.5466547E+00 1.8566234E+01 -9.7481485E-02
3.1381000E+02 2.5927000E+02 8.6700000E+00 2.8500000E+02 10 5.4704775E+01 2.9938764E-01 7.6023313E-01 -7.2838107E-02 1.5534170E-02 1.2506695E-02 1.2026643E-02 8.6000494E-04 3.0481638E-04 8.4310019E-03 1.6142716E-04 8.1894241E-03 1.3731856E-01 4.6347394E-02 1.7759694E-04 1.5547718E+00 1.8537026E+01 -9.6103620E-02
3.1381000E+02 2.5927000E+02 8.6700000E+00 2.8900000E+02 10 5.4701176E+01 3.0537135E-01 7.7270957E-01 -7.2933562E-02 1.6432113E-02 1.3118001E-02 1.2639913E-02 8.5648667E-04 3.1576257E-04 8.8868109E-03 1.6076676E-04 8.6194268E-03 1.3746043E-01 4.9026893E-02 1.8698045E-04 1.5581507E+00 1.8582294E+01 -9.5567317E-02
3.1381000E+02 2.5927000E+02 8.6700000E+00 2.9000000E+02 10 5.4693710E+01 3.2006287E-01 8.0246920E-01 -7.2957013E-02 1.8672200E-02 1.4577187E-02 1.4099586E-02 8.5561523E-04 3.3462274E-04 1.0028527E-02 1.6060319E-04 9.6987483E-03 1.3750322E-01 5.5711515E-02 2.1362388E-04 1.5589032E+00 1.8637925E+01 -9.5458873E-02
3.1381000E+02 2.5927000E+02 8.6700000E+00 2.9500000E+02 10 5.4743114E+01 2.9064675E-01 7.3417814E-01 -6.8110190E-02 1.5703679E-02 1.2762592E-02 1.2287317E-02 8.5144729E-04 3.1289204E-04 8.5103974E-03 1.5982084E-04 8.2665903E-03 1.3016839E-01 4.6854187E-02 1.7440119E-04 1.6004050E+00 1.8535181E+01 -8.5829375E-02
3.1381000E+02 2.5927000E+02 8.6700000E+00 3.0000000E+02 10 5.4805728E+01 2.7414480E-01 6.8710514E-01 -6.0518694E-02 1.5581693E-02 1.2874504E-02 1.2401463E-02 8.4744519E-04 3.1058654E-04 8.4407092E-03 1.5906963E-04 8.2109742E-03 1.1870524E-01 4.6492890E-02 1.7403656E-04 1.6713868E+00 1.8455942E+01 -7.1478358E-02
3.1381000E+02 2.5927000E+02 8.6700000E+00 3.0100000E+02 10 5.4810726E+01 2.8714452E-01 7.1188888E-01 -5.8917961E-02 1.8149613E-02 1.4800454E-02 1.4327856E-02 8.4665120E-04 3.3181334E-04 9.7421874E-03 1.5892059E-04 9.4577309E-03 1.1630120E-01 5.4159522E-02 2.0787370E-04 1.6874345E+00 1.8510255E+01 -6.8580787E-02
3.1381000E+02 2.5927000E+02 8.6700000E+00 3.0200000E+02 10 5.4824705E+01 2.8282322E-01 7.0047880E-01 -5.7266978E-02 1.8027476E-02 1.4810235E-02 1.4338076E-02 8.4586347E-04 3.3368982E-04 9.6773120E-03 1.5877273E-04 9.4008636E-03 1.1380776E-01 5.3796124E-02 2.0472580E-04 1.7038249E+00 1.8517576E+01 -6.5708265E-02
3.1381000E+02 2.5927000E+02 8.6700000E+00 3.0300000E+02 10 5.4841006E+01 2.7714876E-01 6.8600100E-01 -5.5385408E-02 1.7777307E-02 1.4755511E-02 1.4282613E-02 8.4718942E-04 3.3427368E-04 9.5481087E-03 1.5902162E-04 9.2843661E-03 1.1096119E-01 5.3050810E-02 2.0055462E-04 1.7188274E+00 1.8530307E+01 -6.3001085E-02
3.1381000E+02 2.5927000E+02 8.6700000E+00 3.0800000E+02 10 5.4916029E+01 2.3796471E-01 5.9253571E-01 -4.7633453E-02 1.4224590E-02 1.2638104E-02 1.2159488E-02 8.5743174E-04 2.9743555E-04 7.7387545E-03 1.6094415E-04 7.5847115E-03 9.9210064E-02 4.2451166E-02 1.5592244E-04 1.7838594E+00 1.8442555E+01 -5.2367254E-02
3.1381000E+02 2.5927000E+02 8.6700000E+00 3.1300000E+02 10 5.4965935E+01 2.2050534E-01 5.4849301E-01 -4.1879103E-02 1.3465804E-02 1.2565780E-02 1.2081801E-02 8.6703982E-04 2.8262208E-04 7.3471175E-03 1.6274764E-04 7.2396857E-03 9.0494324E-02 4.0191934E-02 1.5146668E-04 1.8430561E+00 1.8377970E+01 -4.4429624E-02
3.1381000E+02 2.5927000E+02 8.6700000E+00 3.1800000E+02 10 5.5001975E+01 2.0748459E-01 5.1637728E-01 -3.7752586E-02 1.2869356E-02 1.2565650E-02 1.2076922E-02 8.7554693E-04 2.6905971E-04 7.0388248E-03 1.6434447E-04 6.9704123E-03 8.4239424E-02 3.8416341E-02 1.4741473E-04 1.8914270E+00 1.8324169E+01 -3.8881628E-02
3.1381000E+02 2.5927000E+02 8.6700000E+00 3.2300000E+02 10 5.5027884E+01 1.9763557E-01 4.9274426E-01 -3.4820927E-02 1.2374291E-02 1.2589171E-02 1.2096322E-02 8.8292918E-04 2.5625770E-04 6.7825836E-03 1.6573015E-04 6.7476567E-03 7.9791084E-02 3.6942445E-02 1.4363689E-04 1.9273537E+00 1.8285315E+01 -3.5178230E-02
3.1381000E+02 2.5927000E+02 8.6700000E+00 3.2800000E+02 10 5.5046618E+01 1.9009537E-01 4.7512919E-01 -3.2731039E-02 1.1956639E-02 1.2614392E-02 1.2117996E-02 8.8928476E-04 2.4441585E-04 6.5661697E-03 1.6692312E-04 6.5600200E-03 7.6615825E-02 3.5698752E-02 1.4027365E-04 1.9522417E+00 1.8259288E+01 -3.2763705E-02
3.1381000E+02 2.5927000E+02 8.6700000E+00 3.2900000E+02 10 5.5044200E+01 2.0052922E-01 4.9973396E-01 -3.2344062E-02 1.3911351E-02 1.4509473E-02 1.4012390E-02 8.9051572E-04 2.5956082E-04 7.5480840E-03 1.6715418E-04 7.5224142E-03 7.6043059E-02 4.1538607E-02 1.7009974E-04 1.9568896E+00 1.8298840E+01 -3.2334359E-02
3.1381000E+02 2.5927000E+02 8.6700000E+00 3.3000000E+02 10 5.5047526E+01 1.9900959E-01 4.9628132E-01 -3.1985588E-02 1.3807491E-02 1.4494829E-02 1.3997081E-02 8.9170753E-04 2.5860282E-04 7.4950207E-03 1.6737789E-04 7.4741947E-03 7.5497139E-02 4.1228818E-02 1.6737733E-04 1.9594643E+00 1.8314512E+01 -3.2053136E-02
3.1381000E+02 2.5927000E+02 8.6700000E+00 3.3500000E+02 10 5.5041772E+01 1.8937195E-01 4.7236025E-01 -3.1147272E-02 1.1299790E-02 1.2523680E-02 1.2023082E-02 8.9681293E-04 2.2936051E-04 6.2285097E-03 1.6833620E-04 6.2577154E-03 7.7922900E-02 3.3740725E-02 1.3220028E-04 1.8681237E+00 1.8369796E+01 -3.8986383E-02
3.1381000E+02 2.5927000E+02 8.6700000E+00 3.4000000E+02 10 5.5014626E+01 1.9974713E-01 4.9238247E-01 -3.0859527E-02 1.1317710E-02 1.2511597E-02 1.2008565E-02 9.0117278E-04 2.2469331E-04 6.2412289E-03 1.6915456E-04 6.2684595E-03 8.2882476E-02 3.3793266E-02 1.3492386E-04 1.7737628E+00 1.8446714E+01 -4.8179465E-02
3.1381000E+02 2.5927000E+02 8.6700000E+00 3.4500000E+02 10 5.4986259E+01 2.1234701E-01 5.1626592E-01 -3.0774127E-02 1.1652309E-02 1.2531200E-02 1.2026102E-02 9.0487499E-04 2.2585690E-04 6.4198629E-03 1.6984949E-04 6.4255094E-03 8.7848380E-02 3.4788783E-02 1.3968682E-04 1.7077299E+00 1.8497332E+01 -5.6097162E-02
3.1381000E+02 2.5927000E+02 8.6700000E+00 3.5000000E+02 10 5.4962794E+01 2.2372936E-01 5.3746136E-01 -3.0730529E-02 1.2085623E-02 1.2556116E-02 1.2049279E-02 9.0799035E-04 2.2987278E-04 6.6502015E-03 1.7043425E-04 6.6276067E-03 9.1845397E-02 3.6078176E-02 1.4448765E-04 1.6660471E+00 1.8528211E+01 -6.1881332E-02
3.1381000E+02 2.5927000E+02 8.6700000E+00 3.5500000E+02 10 5.4945211E+01 2.3284068E-01 5.5414919E-01 -3.0678361E-02 1.2499331E-02 1.2576306E-02 1.2068025E-02 9.1057702E-04 2.3501271E-04 6.8700815E-03 1.7091978E-04 6.8200478E-03 9.4776288E-02 3.7309226E-02 1.4851619E-04 1.6403953E+00 1.8547183E+01 -6.5808579E-02
3.1381000E+02 2.5927000E+02 8.6700000E+00 3.6000000E+02 10 5.4932600E+01 2.3974808E-01 5.6660264E-01 -3.0610529E-02 1.2850146E-02 1.2590245E-02 1.2080787E-02 9.1268460E-04 2.4042292E-04 7.0567648E-03 1.7131539E-04 6.9828808E-03 9.6838998E-02 3.8353125E-02 1.5164756E-04 1.6246045E+00 1.8559028E+01 -6.8393081E-02
3.1381000E+02 2.5927000E+02 8.6700000E+00 3.6500000E+02 10 5.4923711E+01 2.4486358E-01 5.7568573E-01 -3.0532142E-02 1.3131670E-02 1.2599167E-02 1.2088776E-02 9.1435704E-04 2.4568714E-04 7.2069024E-03 1.7162931E-04 7.1132050E-03 9.8267907E-02 3.9190852E-02 1.5399396E-04 1.6147835E+00 1.8566522E+01 -7.0077566E-02
3.1381000E+02 2.5927000E+02 8.6700000E+00 3.7000000E+02 10 5.4917467E+01 2.4862363E-01 5.8226269E-01 -3.0449584E-02 1.3351668E-02 1.2604672E-02 1.2093568E-02 9.1563441E-04 2.5060930E-04 7.3245491E-03 1.7186908E-04 7.2146956E-03 9.9255096E-02 3.9845521E-02 1.5572178E-04 1.6085810E+00 1.8571372E+01 -7.1178132E-02
3.1381000E+02 2.5927000E+02 8.6700000E+00 3.7500000E+02 10 5.4913066E+01 2.5139108E-01 5.8703169E-01 -3.0367657E-02 1.3521615E-02 1.2608031E-02 1.2096413E-02 9.1655391E-04 2.5507913E-04 7.4156885E-03 1.7204168E-04 7.2927540E-03 9.9940292E-02 4.0351268E-02 1.5698296E-04 1.6045884E+00 1.8574564E+01 -7.1904447E-02
3.1381000E+02 2.5927000E+02 8.6700000E+00 3.8000000E+02 10 5.4909937E+01 2.5344189E-01 5.9051313E-01 -3.0289358E-02 1.3652549E-02 1.2610105E-02 1.2098155E-02 9.1715025E-04 2.5905318E-04 7.4860818E-03 1.7215361E-04 7.3525706E-03 1.0042029E-01 4.0740940E-02 1.5790105E-04 1.6019597E+00 1.8576723E+01 -7.2391270E-02
3.1381000E+02 2.5927000E+02 8.6700000E+00 3.8500000E+02 10 5.4907685E+01 2.5497768E-01 5.9308117E-01 -3.0216305E-02 1.3753740E-02 1.2611443E-02 1.2099323E-02 9.1745586E-04 2.6252583E-04 7.5405780E-03 1.7221098E-04 7.3984961E-03 1.0076076E-01 4.1042113E-02 1.5856977E-04 1.6001822E+00 1.8578227E+01 -7.2724196E-02
3.1381000E+02 2.5927000E+02 8.6700000E+00 3.9000000E+02 10 5.4906043E+01 2.5614299E-01 5.9500049E-01 -3.0149192E-02 1.3832499E-02 1.2612380E-02 1.2100234E-02 9.1750085E-04 2.6552453E-04 7.5830166E-03 1.7221942E-04 7.4339534E-03 1.0100595E-01 4.1276538E-02 1.5905797E-04 1.5989430E+00 1.8579317E+01 -7.2957481E-02
3.1381000E+02 2.5927000E+02 8.6700000E+00 3.9500000E+02 10 5.4904825E+01 2.5704058E-01 5.9645699E-01 -3.0088149E-02 1.3894405E-02 1.2613113E-02 1.2101071E-02 9.1731302E-04 2.6809651E-04 7.6163410E-03 1.7218417E-04 7.4615462E-03 1.0118564E-01 4.1460809E-02 1.5941576E-04 1.5980485E+00 1.8580137E+01 -7.3125635E-02
3.1381000E+02 2.5927000E+02 8.6700000E+00 4.0000000E+02 10 5.4903906E+01 2.5774332E-01 5.9758111E-01 -3.0032979E-02 1.3943635E-02 1.2613758E-02 1.2101938E-02 9.1691783E-04 2.7029627E-04 7.6427680E-03 1.7210999E-04 7.4832196E-03 1.0131997E-01 4.1607356E-02 1.5967905E-04 1.5973777E+00 1.8580784E+01 -7.3250758E-02
3.1381000E+02 2.5927000E+02 8.6700000E+00 4.0500000E+02 10 5.4903199E+01 2.5830297E-01 5.9846452E-01 -2.9983313E-02 1.3983291E-02 1.2614381E-02 1.2102884E-02 9.1633847E-04 2.7217837E-04 7.6639533E-03 1.7200124E-04 7.5004145E-03 1.0142259E-01 4.1725409E-02 1.5987364E-04 1.5968544E+00 1.8581313E+01 -7.3347128E-02
3.1381000E+02 2.5927000E+02 8.6700000E+00 4.1000000E+02 10 5.4902644E+01 2.5875649E-01 5.9917200E-01 -2.9938706E-02 1.4015670E-02 1.2615015E-02 1.2103933E-02 9.1559591E-04 2.7379343E-04 7.6811299E-03 1.7186186E-04 7.5141958E-03 1.0150285E-01 4.1821801E-02 1.6001790E-04 1.5964297E+00 1.8581767E+01 -7.3424056E-02
3.1381000E+02 2.5927000E+02 8.6700000E+00 4.1200000E+02 10 5.4895534E+01 2.7280454E-01 6.2767701E-01 -2.9921643E-02 1.6175973E-02 1.3984768E-02 1.3473865E-02 9.1527406E-04 2.9542634E-04 8.7851004E-03 1.7180144E-04 8.5526531E-03 1.0154217E-01 4.8267869E-02 1.8858439E-04 1.5948571E+00 1.8646517E+01 -7.3669003E-02
3.1381000E+02 2.5927000E+02 8.6700000E+00 4.1700000E+02 10 5.4902642E+01 2.5805221E-01 5.9767738E-01 -2.9883391E-02 1.3876208E-02 1.2527011E-02 1.2016634E-02 9.1433229E-04 2.7628233E-04 7.6102166E-03 1.7162467E-04 7.4448790E-03 1.0158938E-01 4.1405447E-02 1.5626917E-04 1.5903234E+00 1.8615745E+01 -7.4319394E-02
3.1381000E+02 2.5927000E+02 8.6700000E+00 4.2200000E+02 10 5.4902308E+01 2.5834201E-01 5.9806469E-01 -2.9849097E-02 1.3893966E-02 1.2516621E-02 1.2006837E-02 9.1326949E-04 2.7576212E-04 7.6194265E-03 1.7142518E-04 7.4517011E-03 1.0163895E-01 4.1458269E-02 1.5797741E-04 1.5897827E+00 1.8604374E+01 -7.4402477E-02
3.1381000E+02 2.5927000E+02 8.6700000E+00 4.2700000E+02 10 5.4901863E+01 2.5891721E-01 5.9900575E-01 -2.9818347E-02 1.3956437E-02 1.2530973E-02 1.2021842E-02 9.1210002E-04 2.7647911E-04 7.6515849E-03 1.7120566E-04 7.4797271E-03 1.0168105E-01 4.1644411E-02 1.5915230E-04 1.5908138E+00 1.8595485E+01 -7.4260077E-02
3.1381000E+02 2.5927000E+02 8.6700000E+00 4.2900000E+02 10 5.4894739E+01 2.7311075E-01 6.2773757E-01 -2.9806589E-02 1.6139586E-02 1.3903680E-02 1.3394818E-02 9.1161604E-04 2.9802853E-04 8.7675603E-03 1.7111481E-04 8.5285432E-03 1.0170722E-01 4.8158509E-02 1.8826622E-04 1.5898953E+00 1.8655599E+01 -7.4409788E-02
3.1381000E+02 2.5927000E+02 8.6700000E+00 4.3000000E+02 10 5.4892546E+01 2.7745846E-01 6.3660146E-01 -2.9800842E-02 1.6807253E-02 1.4346020E-02 1.3837296E-02 9.1137011E-04 3.0606223E-04 9.1084356E-03 1.7106865E-04 8.8496790E-03 1.0171723E-01 5.0150894E-02 1.9507076E-04 1.5887354E+00 1.8679182E+01 -7.4586239E-02
3.1381000E+02 2.5927000E+02 8.6700000E+00 4.3500000E+02 10 5.4901274E+01 2.6021322E-01 6.0180624E-01 -2.9760702E-02 1.4171950E-02 1.2707121E-02 1.2194185E-02 9.1891646E-04 2.8540420E-04 7.7666632E-03 1.7248514E-04 7.5878889E-03 1.0165643E-01 4.2287164E-02 1.5884238E-04 1.5984616E+00 1.8587881E+01 -7.3169017E-02
3.1381000E+02 2.5927000E+02 8.6700000E+00 4.3600000E+02 10 5.4891853E+01 2.7920686E-01 6.4044025E-01 -2.9752613E-02 1.7104038E-02 1.4608839E-02 1.4095002E-02 9.2053022E-04 3.0986343E-04 9.2646208E-03 1.7278805E-04 9.0011009E-03 1.0165996E-01 5.1037036E-02 1.9904183E-04 1.6009747E+00 1.8628020E+01 -7.2821407E-02
3.1381000E+02 2.5927000E+02 8.6700000E+00 4.3700000E+02 10 5.4892623E+01 2.7934382E-01 6.4038231E-01 -2.9553549E-02 1.7150872E-02 1.4648100E-02 1.4133332E-02 9.2219834E-04 3.1375231E-04 9.2899477E-03 1.7310116E-04 9.0244814E-03 1.0148638E-01 5.1176577E-02 1.9743099E-04 1.6034286E+00 1.8639464E+01 -7.2409341E-02
3.1381000E+02 2.5927000E+02 8.6700000E+00 4.3800000E+02 10 5.4895367E+01 2.7903411E-01 6.3863005E-01 -2.8938727E-02 1.7175236E-02 1.4678287E-02 1.4162590E-02 9.2386279E-04 3.1675069E-04 9.3036321E-03 1.7341359E-04 9.0372459E-03 1.0096072E-01 5.1249140E-02 1.9622777E-04 1.6061279E+00 1.8646197E+01 -7.1812717E-02
3.1381000E+02 2.5927000E+02 8.6700000E+00 4.4300000E+02 10 5.4954543E+01 2.5468209E-01 5.6725515E-01 -1.7720698E-02 1.4624824E-02 1.3079599E-02 1.2564398E-02 9.2297492E-04 2.9472166E-04 7.9999646E-03 1.7324693E-04 7.8096645E-03 9.1487811E-02 4.3638737E-02 1.6243979E-04 1.6447745E+00 1.8512506E+01 -6.2765227E-02
3.1381000E+02 2.5927000E+02 8.6700000E+00 4.4400000E+02 10 5.4957069E+01 2.7087692E-01 5.9572797E-01 -1.5196042E-02 1.7412568E-02 1.4982098E-02 1.4467178E-02 9.2247031E-04 3.1711281E-04 9.4201040E-03 1.7315221E-04 9.1552268E-03 8.9373674E-02 5.1959309E-02 2.0000647E-04 1.6542050E+00 1.8551567E+01 -6.0763219E-02
3.1381000E+02 2.5927000E+02 8.6700000E+00 4.4500000E+02 10 5.4969532E+01 2.6909134E-01 5.8680590E-01 -1.2435834E-02 1.7437477E-02 1.5025125E-02 1.4510590E-02 9.2178094E-04 3.1997498E-04 9.4320957E-03 1.7302282E-04 9.1670432E-03 8.7047286E-02 5.2033781E-02 1.9842348E-04 1.6640163E+00 1.8556844E+01 -5.8678291E-02
3.1381000E+02 2.5927000E+02 8.6700000E+00 4.5000000E+02 10 5.5034925E+01 2.4534068E-01 5.1347055E-01 3.3639617E-04 1.5137368E-02 1.3568221E-02 1.3055449E-02 9.1862283E-04 3.0063311E-04 8.2552143E-03 1.7243002E-04 8.0576485E-03 7.6271367E-02 4.5170034E-02 1.6801842E-04 1.7243439E+00 1.8366219E+01 -4.8133016E-02
3.1381000E+02 2.5927000E+02 8.6700000E+00 4.5300000E+02 10 5.5062881E+01 2.4944402E-01 5.0888266E-01 7.4911822E-03 1.6585639E-02 1.4710043E-02 1.4198469E-02 9.1647513E-04 3.1278136E-04 8.9879061E-03 1.7202689E-04 8.7599940E-03 7.0251530E-02 4.9494442E-02 1.8644202E-04 1.7625825E+00 1.8363030E+01 -4.2485602E-02
3.1381000E+02 2.5927000E+02 8.6700000E+00 4.5400000E+02 10 5.5069670E+01 2.5533622E-01 5.1744838E-01 9.8104834E-03 1.7793645E-02 1.5701182E-02 1.5190014E-02 9.1574830E-04 3.2202742E-04 9.5987015E-03 1.7189046E-04 9.3478894E-03 6.8303155E-02 5.3101882E-02 1.9961976E-04 1.7757849E+00 1.8386734E+01 -4.0700930E-02
3.1381000E+02 2.5927000E+02 8.6700000E+00 4.5900000E+02 10 5.5126851E+01 2.2981355E-01 4.4426414E-01 2.0433774E-02 1.4955980E-02 1.3830486E-02 1.3322349E-02 9.1031762E-04 2.9458955E-04 8.1469707E-03 1.7087109E-04 7.9763491E-03 5.9361653E-02 4.4633005E-02 1.6373171E-04 1.8065447E+00 1.8314659E+01 -3.5350542E-02
3.1381000E+02 2.5927000E+02 8.6700000E+00 4.6400000E+02 10 5.5164419E+01 2.2198413E-01 4.1356953E-01 2.8481397E-02 1.4647933E-02 1.3825381E-02 1.3319602E-02 9.0609500E-04 2.8511314E-04 7.9811029E-03 1.7007849E-04 7.8317446E-03 5.2603926E-02 4.3715933E-02 1.6222756E-04 1.8336139E+00 1.8283957E+01 -3.1342709E-02
3.1381000E+02 2.5927000E+02 8.6700000E+00 4.6900000E+02 10 5.5192182E+01 2.1617379E-01 3.9096124E-01 3.4432509E-02 1.4421107E-02 1.3845739E-02 1.3341956E-02 9.0251986E-04 2.7658263E-04 7.8584106E-03 1.6940742E-04 7.7251648E-03 4.7614352E-02 4.3040655E-02 1.6109502E-04 1.8569441E+00 1.8254718E+01 -2.8372972E-02
3.1381000E+02 2.5927000E+02 8.6700000E+00 4.7400000E+02 10 5.5212768E+01 2.1170672E-01 3.7403231E-01 3.8833211E-02 1.4231184E-02 1.3871057E-02 1.3369053E-02 8.9933065E-04 2.6876652E-04 7.7559296E-03 1.6880879E-04 7.6353327E-03 4.3932482E-02 4.2475109E-02 1.5994412E-04 1.8749082E+00 1.8233309E+01 -2.6266354E-02
3.1381000E+02 2.5927000E+02 8.6700000E+00 4.7900000E+02 10 5.5228163E+01 2.0818819E-01 3.6114491E-01 4.2109238E-02 1.4063026E-02 1.3891389E-02 1.3391029E-02 8.9638661E-04 2.6176241E-04 7.6657991E-03 1.6825617E-04 7.5549324E-03 4.1199144E-02 4.1974200E-02 1.5880410E-04 1.8876053E+00 1.8219207E+01 -2.4810279E-02
3.1381000E+02 2.5927000E+02 8.6700000E+00 4.8100000E+02 10 5.5228461E+01 2.1723805E-01 3.7939987E-01 4.3263739E-02 1.5699335E-02 1.5256863E-02 1.4757142E-02 8.9524155E-04 2.7201627E-04 8.4937376E-03 1.6804124E-04 8.3502783E-03 4.0246868E-02 4.6860311E-02 1.8073538E-04 1.8898963E+00 1.8294786E+01 -2.4433021E-02
3.1381000E+02 2.5927000E+02 8.6700000E+00 4.8200000E+02 10 5.5229539E+01 2.1959208E-01 3.8399967E-01 4.3804817E-02 1.6163718E-02 1.5700537E-02 1.5201132E-02 8.9467644E-04 2.7431744E-04 8.7277287E-03 1.6793517E-04 8.5767719E-03 3.9798617E-02 4.8247258E-02 1.8551847E-04 1.8896768E+00 1.8321753E+01 -2.4326646E-02
3.1381000E+02 2.5927000E+02 8.6700000E+00 4.8700000E+02 10 5.5247697E+01 2.0112957E-01 3.4010954E-01 4.5968993E-02 1.3414451E-02 1.3638117E-02 1.3140407E-02 8.9163832E-04 2.4962343E-04 7.3306163E-03 1.6736490E-04 7.2401206E-03 3.7991175E-02 4.0039040E-02 1.5012887E-04 1.8657756E+00 1.8313170E+01 -2.5114709E-02
3.1381000E+02 2.5927000E+02 8.6700000E+00 4.9200000E+02 10 5.5255847E+01 1.9839821E-01 3.3142646E-01 4.7611213E-02 1.3165788E-02 1.3492970E-02 1.2996642E-02 8.8916350E-04 2.4249554E-04 7.2026128E-03 1.6690036E-04 7.1179756E-03 3.6635088E-02 3.9297067E-02 1.5003667E-04 1.8567100E+00 1.8314980E+01 -2.5226107E-02
3.1381000E+02 2.5927000E+02 8.6700000E+00 4.9700000E+02 10 5.5261793E+01 1.9690372E-01 3.2581474E-01 4.8874162E-02 1.3057508E-02 1.3409449E-02 1.2914428E-02 8.8682105E-04 2.3783802E-04 7.1473182E-03 1.6646067E-04 7.0624154E-03 3.5597678E-02 3.8973690E-02 1.5043202E-04 1.8554777E+00 1.8308757E+01 -2.4995451E-02
3.1381000E+02 2.5927000E+02 8.6700000E+00 5.0200000E+02 10 5.5266329E+01 1.9594136E-01 3.2179626E-01 4.9863608E-02 1.3000408E-02 1.3356151E-02 1.2862423E-02 8.8450426E-04 2.3441438E-04 7.1183418E-03 1.6602580E-04 7.0313411E-03 3.4790289E-02 3.8803029E-02 1.5067251E-04 1.8564248E+00 1.8303199E+01 -2.4712177E-02
3.1381000E+02 2.5927000E+02 8.6700000E+00 5.0500000E+02 10 5.5265163E+01 2.0249971E-01 3.3513746E-01 5.0376862E-02 1.4127168E-02 1.4206134E-02 1.3713182E-02 8.8311535E-04 2.4286828E-04 7.6911893E-03 1.6576510E-04 7.5749280E-03 3.4380163E-02 4.2166579E-02 1.6628179E-04 1.8515461E+00 1.8362579E+01 -2.4864384E-02
3.1381000E+02 2.5927000E+02 8.6700000E+00 5.0600000E+02 10 5.5262634E+01 2.0891455E-01 3.4914458E-01 5.0539626E-02 1.5204409E-02 1.5091453E-02 1.4598760E-02 8.8265235E-04 2.4980297E-04 8.2368806E-03 1.6567819E-04 8.0983004E-03 3.4254138E-02 4.5383254E-02 1.8001426E-04 1.8492248E+00 1.8393757E+01 -2.4956982E-02
3.1381000E+02 2.5927000E+02 8.6700000E+00 5.1100000E+02 10 5.5273870E+01 1.9200694E-01 3.1094777E-01 5.1238556E-02 1.2516716E-02 1.3023032E-02 1.2532114E-02 8.7947162E-04 2.2714865E-04 6.8717115E-03 1.6508115E-04 6.7905780E-03 3.3682258E-02 3.7358757E-02 1.4358504E-04 1.8249876E+00 1.8387606E+01 -2.6148239E-02
3.1381000E+02 2.5927000E+02 8.6700000E+00 5.1600000E+02 10 5.5276648E+01 1.9103527E-01 3.0743226E-01 5.1809343E-02 1.2398815E-02 1.2874162E-02 1.2384811E-02 8.7666387E-04 2.2325369E-04 6.8120477E-03 1.6455412E-04 6.7291107E-03 3.3231256E-02 3.7006520E-02 1.4464436E-04 1.8165307E+00 1.8387733E+01 -2.6495220E-02
3.1381000E+02 2.5927000E+02 8.6700000E+00 5.2100000E+02 10 5.5278643E+01 1.9082059E-01 3.0560517E-01 5.2282406E-02 1.2384875E-02 1.2787778E-02 1.2299919E-02 8.7399004E-04 2.2123743E-04 6.8058488E-03 1.6405223E-04 6.7174421E-03 3.2861117E-02 3.6964393E-02 1.4572720E-04 1.8153584E+00 1.8381929E+01 -2.6445097E-02
3.1381000E+02 2.5927000E+02 8.6700000E+00 5.2600000E+02 10 5.5280239E+01 1.9078911E-01 3.0437267E-01 5.2681155E-02 1.2394907E-02 1.2731124E-02 1.2244721E-02 8.7138362E-04 2.1995199E-04 6.8116366E-03 1.6356299E-04 6.7177202E-03 3.2552548E-02 3.6993915E-02 1.4640227E-04 1.8159993E+00 1.8377250E+01 -2.6309537E-02
3.1381000E+02 2.5927000E+02 8.6700000E+00 5.3100000E+02 10 5.5281594E+01 1.9075962E-01 3.0334197E-01 5.3022308E-02 1.2403469E-02 1.2687928E-02 1.2202953E-02 8.6882523E-04 2.1891776E-04 6.8163476E-03 1.6308277E-04 6.7177460E-03 3.2291675E-02 3.7019173E-02 1.4673589E-04 1.8166114E+00 1.8374685E+01 -2.6191476E-02
3.1381000E+02 2.5927000E+02 8.6700000E+00 5.3600000E+02 10 5.5282775E+01 1.9070322E-01 3.0240865E-01 5.3317988E-02 1.2406390E-02 1.2651475E-02 1.2167903E-02 8.6631055E-04 2.1799443E-04 6.8179221E-03 1.6261075E-04 6.7154131E-03 3.2068377E-02 3.7027675E-02 1.4687337E-04 1.8168267E+00 1.8373618E+01 -2.6108574E-02
3.1381000E+02 2.5927000E+02 8.6700000E+00 5.4100000E+02 10 5.5283814E+01 1.9062958E-01 3.0155387E-01 5.3577181E-02 1.2405082E-02 1.2619142E-02 1.2136950E-02 8.6383849E-04 2.1715094E-04 6.8171575E-03 1.6214673E-04 6.7113081E-03 3.1875133E-02 3.7023607E-02 1.4691370E-04 1.8167027E+00 1.8373401E+01 -2.6054760E-02
3.1381000E+02 2.5927000E+02 8.6700000E+00 5.4600000E+02 10 5.5284734E+01 1.9055129E-01 3.0077572E-01 5.3806682E-02 1.2401496E-02 1.2589834E-02 1.2108999E-02 8.6140803E-04 2.1638462E-04 6.8151036E-03 1.6169052E-04 6.7063022E-03 3.1706252E-02 3.7012762E-02 1.4690978E-04 1.8163615E+00 1.8373608E+01 -2.6021041E-02
3.1381000E+02 2.5927000E+02 8.6700000E+00 5.5100000E+02 10 5.5285551E+01 1.9047668E-01 3.0007195E-01 5.4011720E-02 1.2397007E-02 1.2562995E-02 1.2083495E-02 8.5901775E-04 2.1569405E-04 6.8124989E-03 1.6124186E-04 6.7010157E-03 3.1557363E-02 3.6999239E-02 1.4688724E-04 1.8158992E+00 1.8374039E+01 -2.6000457E-02
3.1381000E+02 2.5927000E+02 8.6700000E+00 5.5600000E+02 10 5.5286282E+01 1.9040986E-01 2.9943761E-01 5.4196368E-02 1.2392408E-02 1.2538266E-02 1.2060078E-02 8.5666594E-04 2.1507714E-04 6.8097771E-03 1.6080041E-04 6.6957953E-03 3.1425065E-02 3.6985394E-02 1.4685841E-04 1.8153760E+00 1.8374563E+01 -2.5988487E-02
3.1381000E+02 2.5927000E+02 8.6700000E+00 5.6100000E+02 10 5.5286937E+01 1.9035225E-01 2.9886606E-01 5.4363845E-02 1.2388090E-02 1.2515371E-02 1.2038475E-02 8.5435074E-04 2.1452885E-04 6.8071545E-03 1.6036583E-04 6.6908097E-03 3.1306679E-02 3.6972396E-02 1.4682813E-04 1.8148272E+00 1.8375143E+01 -2.5982265E-02
3.1381000E+02 2.5927000E+02 8.6700000E+00 5.6600000E+02 10 5.5287529E+01 1.9030387E-01 2.9835026E-01 5.4516721E-02 1.2384222E-02 1.2494081E-02 1.2018458E-02 8.5207017E-04 2.1404655E-04 6.8047283E-03 1.5993776E-04 6.6861234E-03 3.1200074E-02 3.6960740E-02 1.4679887E-04 1.8142720E+00 1.8375735E+01 -2.5980056E-02
3.1381000E+02 2.5927000E+02 8.6700000E+00 5.7100000E+02 10 5.5288066E+01 1.9026414E-01 2.9788352E-01 5.4657072E-02 1.2380850E-02 1.2474202E-02 1.1999834E-02 8.4982222E-04 2.1362262E-04 6.8025328E-03 1.5951581E-04 6.6817477E-03 3.1103530E-02 3.6950572E-02 1.4677126E-04 1.8137199E+00 1.8376328E+01 -2.5980774E-02
3.1381000E+02 2.5927000E+02 8.6700000E+00 5.7600000E+02 10 5.5288556E+01 1.9023218E-01 2.9745977E-01 5.4786593E-02 1.2377965E-02 1.2455570E-02 1.1982439E-02 8.4760487E-04 2.1325332E-04 6.8005698E-03 1.5909960E-04 6.6776664E-03 3.1015651E-02 3.6941857E-02 1.4674546E-04 1.8131754E+00 1.8376905E+01 -2.5983733E-02
3.1381000E+02 2.5927000E+02 8.6700000E+00 5.8100000E+02 10 5.5289004E+01 1.9020713E-01 2.9707372E-01 5.4906680E-02 1.2375530E-02 1.2438040E-02 1.1966131E-02 8.4541614E-04 2.1293037E-04 6.7988257E-03 1.5868877E-04 6.6738552E-03 3.0935288E-02 3.6934491E-02 1.4672104E-04 1.8126404E+00 1.8377485E+01 -2.5988473E-02
3.1381000E+02 2.5927000E+02 8.6700000E+00 5.8200000E+02 10 5.5281642E+01 2.0517262E-01 3.2924880E-01 5.4930331E-02 1.4795977E-02 1.4229512E-02 1.3757847E-02 8.4497953E-04 2.3084319E-04 8.0297712E-03 1.5860681E-04 7.8450726E-03 3.0933701E-02 4.4160496E-02 1.8080923E-04 1.8124225E+00 1.8426854E+01 -2.6000931E-02
3.1381000E+02 2.5927000E+02 8.6700000E+00 5.8700000E+02 10 5.5289828E+01 1.8939085E-01 2.9524926E-01 5.5004775E-02 1.2262413E-02 1.2373366E-02 1.1900501E-02 8.4713052E-04 2.1290102E-04 6.7431764E-03 1.5901056E-04 6.6195552E-03 3.0845670E-02 3.6596636E-02 1.4398742E-04 1.8048642E+00 1.8403828E+01 -2.6416769E-02
3.1381000E+02 2.5927000E+02 8.6700000E+00 5.9200000E+02 10 5.5290197E+01 1.8921793E-01 2.9474556E-01 5.5064559E-02 1.2244311E-02 1.2356716E-02 1.1882382E-02 8.4976113E-04 2.1236410E-04 6.7361247E-03 1.5950434E-04 6.6123392E-03 3.0781660E-02 3.6542573E-02 1.4474465E-04 1.8039518E+00 1.8397888E+01 -2.6450592E-02
3.1381000E+02 2.5927000E+02 8.6700000E+00 5.9700000E+02 10 5.5290394E+01 1.8933097E-01 2.9480475E-01 5.5119331E-02 1.2267125E-02 1.2362821E-02 1.1887319E-02 8.5185367E-04 2.1249321E-04 6.7498170E-03 1.5989712E-04 6.6241716E-03 3.0725064E-02 3.6610531E-02 1.4535636E-04 1.8059445E+00 1.8390787E+01 -2.6317060E-02
3.1381000E+02 2.5927000E+02 8.6700000E+00 6.0200000E+02 10 5.5290566E+01 1.8945689E-01 2.9492175E-01 5.5172140E-02 1.2291854E-02 1.2375056E-02 1.1898727E-02 8.5333434E-04 2.1273474E-04 6.7639925E-03 1.6017505E-04 6.6365799E-03 3.0673997E-02 3.6684248E-02 1.4567522E-04 1.8081247E+00 1.8385658E+01 -2.6175268E-02
3.1381000E+02 2.5927000E+02 8.6700000E+00 6.0700000E+02 10 5.5290754E+01 1.8952410E-01 2.9494746E-01 5.5224160E-02 1.2307851E-02 1.2385732E-02 1.1908862E-02 8.5430418E-04 2.1290663E-04 6.7732749E-03 1.6035710E-04 6.6445232E-03 3.0626933E-02 3.6731959E-02 1.4577204E-04 1.8096710E+00 1.8382645E+01 -2.6072108E-02
3.1381000E+02 2.5927000E+02 8.6700000E+00 6.1200000E+02 10 5.5290959E+01 1.8953922E-01 2.9487900E-01 5.5275809E-02 1.2315631E-02 1.2392527E-02 1.1915337E-02 8.5487716E-04 2.1298458E-04 6.7780441E-03 1.6046465E-04 6.6482780E-03 3.0582839E-02 3.6755170E-02 1.4575086E-04 1.8105570E+00 1.8381095E+01 -2.6008123E-02
3.1381000E+02 2.5927000E+02 8.6700000E+00 6.1700000E+02 10 5.5291173E+01 1.8952345E-01 2.9474720E-01 5.5327158E-02 1.2318019E-02 1.2395330E-02 1.1917991E-02 8.5514469E-04 2.1298492E-04 6.7798531E-03 1.6051486E-04 6.6492129E-03 3.0541071E-02 3.6762291E-02 1.4567983E-04 1.8109554E+00 1.8380417E+01 -2.5972824E-02
3.1381000E+02 2.5927000E+02 8.6700000E+00 6.2200000E+02 10 5.5291387E+01 1.8949361E-01 2.9458038E-01 5.5378120E-02 1.2317413E-02 1.2394743E-02 1.1917389E-02 8.5517299E-04 2.1294166E-04 6.7800001E-03 1.6052018E-04 6.6484988E-03 3.0501259E-02 3.6760472E-02 1.4559392E-04 1.8110341E+00 1.8380232E+01 -2.5956312E-02
3.1381000E+02 2.5927000E+02 8.6700000E+00 6.2700000E+02 10 5.5291597E+01 1.8946009E-01 2.9439786E-01 5.5428566E-02 1.2315377E-02 1.2391497E-02 1.1914234E-02 8.5500823E-04 2.1288080E-04 6.7793189E-03 1.6048925E-04 6.6469154E-03 3.0463191E-02 3.6754372E-02 1.4550894E-04 1.8109135E+00 1.8380324E+01 -2.5951601E-02
3.1381000E+02 2.5927000E+02 8.6700000E+00 6.3200000E+02 10 5.5291801E+01 1.8942848E-01 2.9421133E-01 5.5478370E-02 1.2312817E-02 1.2386257E-02 1.1909176E-02 8.5468242E-04 2.1281767E-04 6.7782965E-03 1.6042809E-04 6.6449196E-03 3.0426744E-02 3.6746695E-02 1.4543089E-04 1.8106711E+00 1.8380573E+01 -2.5954215E-02
3.1381000E+02 2.5927000E+02 8.6700000E+00 6.3700000E+02 10 5.5291997E+01 1.8940137E-01 2.9402742E-01 5.5527438E-02 1.2310217E-02 1.2379572E-02 1.1902750E-02 8.5421815E-04 2.1275994E-04 6.7771952E-03 1.6034095E-04 6.6427625E-03 3.0391833E-02 3.6738889E-02 1.4536118E-04 1.8103552E+00 1.8380913E+01 -2.5961388E-02
3.1381000E+02 2.5927000E+02 8.6700000E+00 6.4200000E+02 10 5.5292184E+01 1.8937953E-01 2.9384945E-01 5.5575707E-02 1.2307805E-02 1.2371875E-02 1.1895380E-02 8.5363199E-04 2.1271130E-04 6.7761396E-03 1.6023092E-04 6.6405705E-03 3.0358388E-02 3.6731637E-02 1.4529957E-04 1.8099952E+00 1.8381304E+01 -2.5971444E-02
3.1381000E+02 2.5927000E+02 8.6700000E+00 6.4700000E+02 10 5.5292364E+01 1.8936302E-01 2.9367905E-01 5.5623142E-02 1.2305679E-02 1.2363496E-02 1.1887389E-02 8.5293681E-04 2.1267283E-04 6.7751812E-03 1.6010043E-04 6.6384079E-03 3.0326347E-02 3.6725231E-02 1.4524494E-04 1.8096087E+00 1.8381729E+01 -2.5983366E-02
3.1381000E+02 2.5927000E+02 8.6700000E+00 6.5000000E+02 10 5.5288831E+01 1.9666514E-01 3.0926331E-01 5.5651298E-02 1.3490301E-02 1.3203186E-02 1.2727333E-02 8.5248287E-04 2.2375080E-04 7.3796420E-03 1.6001523E-04 7.2089141E-03 3.0314511E-02 4.0261069E-02 1.6146027E-04 1.8031126E+00 1.8437710E+01 -2.6361435E-02
