5.55 1.55 4.19 5.68 6.26 7.79 6.8 7.88 4.82 5.81 9.45 6.11 8.96 4.26 9.75 4.5 7.57 17.15 15.11 24.42 21.51 9.36 9.63 16.15 13.86 4.16 8.26 5.82 4.19 12.58 3.52 6.65 12.71 15.42 7.54 7.2 10.24 3.73 9.64 10.94 4.33 4.68 8.18 9.44 4.44 4.33 7.84 9.17 8.89 6.97 8.06 12.71 15.04 13.16 21.55 17.05 17.98 9.96 8.83 20.9 7.8 10.01 4.16 2.44
3.95 2.49 6.46 7.8 6.1 8.89 7.61 5.79 5.05 8.39 13.5 11.76 9.57 4.79 6.76 7.67 2.59 5.83 33.98 22.71 18.74 3.97 4.15 6.35 7.61 4.57 7.02 6.22 5.77 14.5 12.03 3.79 3.57 9.03 5.71 9.26 6.88 3.31 9.74 16.95 3.52 4.44 9.99 5.93 3.65 5.58 6.6 10.78 10.03 4.89 6.98 6.28 9.58 22.95 11.31 20.62 10.5 5.23 3.73 4.41 8.87 4.92 3.41 2.43
4.07 6.51 4.87 4.03 4.29 3.34 6.12 6.49 6.9 6.0 6.08 11.54 24.42 7.92 5.2 4.36 5.31 5.69 11.88 8.84 12.76 20.05 8.91 4.63 4.85 3.27 4.79 8.0 9.93 15.63 19.49 8.45 5.9 3.99 4.49 3.09 3.12 5.85 12.01 14.78 4.38 5.11 6.48 6.5 4.3 20.05 10.35 5.71 15.47 3.19 3.91 5.6 9.24 31.39 23.01 13.91 9.95 17.49 11.14 9.57 14.47 6.09 6.93 11.1
9.44 4.78 6.38 3.61 2.98 2.23 4.98 7.3 6.35 10.63 5.42 12.41 15.14 6.46 6.68 7.74 11.28 4.93 18.07 21.58 19.21 18.91 21.85 8.16 8.26 7.17 5.49 5.67 7.69 13.48 11.75 5.64 4.92 5.6 8.66 4.04 5.63 4.73 9.48 10.18 8.45 6.09 11.31 3.58 10.52 25.36 6.74 5.63 5.55 5.31 6.12 3.79 7.33 20.56 24.38 17.93 11.74 11.11 5.65 3.75 4.29 2.64 9.81 3.74
12.03 5.11 7.02 6.62 2.99 3.23 2.6 3.8 4.91 6.05 4.44 11.39 6.73 8.19 5.16 5.77 4.38 5.36 16.94 11.9 7.85 10.34 5.18 4.93 10.29 8.21 6.77 6.02 12.43 6.28 12.31 5.91 2.91 7.49 5.14 10.62 5.94 7.71 7.81 11.36 15.02 6.92 9.96 5.47 3.76 5.43 4.12 6.93 2.89 2.26 4.61 6.33 11.26 13.79 13.33 12.17 12.02 15.57 8.58 4.19 3.27 4.58 22.88 11.9
5.21 4.54 6.34 3.07 2.04 3.87 3.52 4.61 2.93 6.38 8.66 7.74 9.97 4.73 10.04 3.21 2.91 9.11 18.72 23.35 6.23 16.84 12.98 3.35 8.31 8.48 8.55 11.51 6.29 2.43 3.94 4.89 4.61 16.25 5.72 5.2 4.42 3.07 6.76 13.15 11.94 3.98 2.71 4.65 7.4 5.63 5.48 7.87 3.19 7.08 8.28 8.33 14.63 10.68 18.47 10.68 31.16 25.4 13.03 8.81 8.1 10.45 10.72 15.22
5.31 3.8 2.07 6.82 6.59 6.3 3.47 2.81 3.11 8.39 5.35 8.5 8.74 11.78 7.84 3.53 7.15 7.67 9.41 5.66 8.69 8.23 5.43 2.36 4.26 13.93 9.96 5.34 3.19 2.2 4.12 14.18 11.13 7.22 8.11 14.4 8.01 4.1 6.72 15.04 8.08 2.65 5.1 6.31 5.31 5.13 6.49 6.63 4.98 9.83 6.37 6.44 11.19 11.69 22.27 12.24 11.82 11.03 9.33 6.65 10.47 9.66 7.05 10.73
9.97 9.39 6.83 5.68 7.95 3.1 5.45 7.56 2.78 2.66 4.84 4.02 2.34 5.67 3.82 6.98 12.03 4.34 4.34 3.96 4.53 5.53 9.95 9.6 6.98 10.22 15.13 9.46 3.43 1.41 5.37 6.76 19.16 8.02 8.97 21.99 12.46 6.04 7.36 10.97 4.84 1.56 6.08 5.82 5.3 7.73 9.11 4.63 7.13 5.31 2.68 3.74 4.34 8.67 13.57 6.47 5.64 16.19 12.68 11.39 5.52 5.47 9.04 7.73
8.78 21.96 18.02 9.98 5.66 5.72 5.91 11.01 5.53 7.74 14.17 1.77 3.32 2.29 1.92 6.24 4.03 4.55 2.85 2.37 5.2 5.6 9.12 9.39 7.36 8.3 5.46 3.83 3.8 4.22 10.16 7.7 12.87 7.86 21.82 7.4 9.03 10.27 6.32 4.34 6.02 4.04 10.97 19.78 10.76 7.54 4.7 6.33 7.65 4.89 4.84 7.26 8.98 4.81 9.74 10.17 14.12 18.74 11.6 16.77 9.99 6.01 5.75 6.15
3.8 11.67 9.19 11.18 14.11 11.63 14.1 6.98 6.75 7.18 6.89 5.83 6.36 3.8 2.71 3.97 4.92 6.74 3.31 2.61 3.31 3.01 6.07 9.56 3.85 6.04 5.1 3.33 4.35 3.31 7.55 11.47 7.95 9.16 5.74 7.99 11.22 12.75 4.45 2.56 7.07 5.64 8.5 7.27 3.38 5.08 3.89 6.46 8.83 7.16 7.16 12.22 10.28 10.4 7.88 6.27 5.14 7.67 6.92 5.05 3.82 7.11 8.71 5.23
2.68 3.57 8.9 7.82 5.16 7.08 6.07 6.1 18.0 17.22 6.41 7.27 11.32 14.11 6.26 6.38 4.99 19.76 3.84 3.86 2.1 8.43 4.8 9.59 7.1 9.63 13.64 7.9 13.19 5.88 3.24 3.58 14.81 13.63 6.65 8.14 12.18 14.45 3.87 13.35 20.91 8.32 6.07 4.29 3.87 11.11 11.66 4.7 3.85 6.23 10.4 5.37 3.53 3.4 5.34 15.1 4.91 6.19 8.03 13.67 7.84 5.39 6.02 5.15
5.35 9.97 9.72 5.15 5.23 7.37 2.84 5.44 10.92 17.25 15.09 10.46 5.32 7.95 9.62 3.61 3.32 17.18 6.6 3.36 1.92 8.21 4.94 7.74 6.35 10.59 15.55 10.2 5.17 4.06 8.86 9.17 9.58 9.5 4.06 7.05 14.89 14.32 2.83 6.35 15.98 19.38 10.8 5.18 5.25 15.4 10.73 2.51 3.29 6.64 6.36 7.13 5.78 4.87 4.46 5.51 6.94 5.39 8.97 4.7 13.4 20.19 7.36 3.0
5.51 13.38 17.55 7.04 7.58 5.62 3.34 1.45 3.46 9.86 10.44 7.49 2.82 5.84 9.77 8.59 6.63 15.56 9.61 3.8 3.9 8.72 4.48 6.26 9.1 10.85 27.96 10.33 14.13 6.29 6.55 14.03 11.5 18.29 13.8 8.34 7.27 11.52 5.07 2.17 7.21 8.18 4.91 8.96 19.59 13.62 9.47 8.69 2.98 3.92 5.8 1.96 8.32 14.41 8.73 8.51 3.67 4.92 4.39 4.36 9.72 9.55 4.28 6.22
7.69 5.19 10.36 11.08 9.26 4.88 3.81 3.53 16.41 26.99 12.55 2.58 3.21 6.93 12.23 10.71 5.04 6.69 9.06 7.62 8.94 3.93 7.67 10.36 5.48 4.99 8.63 7.78 13.73 20.4 5.22 13.79 8.24 8.33 12.17 9.38 6.65 7.83 7.09 7.6 6.22 3.42 4.19 9.26 25.63 11.26 6.95 7.4 6.01 2.29 6.48 2.69 9.98 13.92 9.2 8.74 8.96 8.74 3.63 6.8 6.85 13.79 13.24 4.0
9.45 4.68 10.64 11.55 7.55 9.16 22.23 9.85 5.97 18.34 8.77 2.28 3.21 3.55 5.81 7.15 4.59 7.79 13.03 7.36 5.29 4.89 12.32 6.78 6.74 7.02 5.43 4.81 5.13 11.6 4.96 5.48 5.31 12.13 6.91 9.8 6.69 5.93 5.72 5.67 8.35 7.2 5.68 7.53 14.49 4.22 12.13 12.89 2.28 4.2 3.33 3.4 10.23 19.61 10.18 13.48 20.53 6.48 1.36 9.06 7.81 11.13 10.09 5.93
9.68 7.89 14.69 20.69 11.01 8.06 7.44 6.6 12.47 17.45 5.57 5.26 4.31 2.9 1.6 4.31 6.89 8.69 11.28 7.24 5.75 6.5 9.02 11.29 6.3 5.63 6.75 5.38 4.35 2.9 2.99 3.23 4.88 12.51 3.72 10.07 4.24 6.89 5.24 4.35 5.35 2.96 7.03 9.66 7.98 8.74 13.94 15.17 3.14 5.23 3.03 7.17 16.27 23.17 4.97 10.63 13.42 7.15 3.28 8.09 4.6 8.92 6.21 4.54
3.86 5.67 5.48 10.23 6.83 4.17 11.25 8.07 11.38 11.04 11.47 8.82 11.2 2.57 3.42 4.71 5.55 9.45 19.85 10.3 9.83 10.43 5.63 10.76 7.63 6.68 3.86 9.27 9.64 5.72 3.05 1.53 3.77 2.25 2.74 8.25 10.18 9.17 3.03 4.58 8.97 8.14 8.56 6.21 8.03 3.61 5.11 7.73 6.45 7.87 7.27 12.51 17.32 34.08 13.6 10.26 15.1 6.55 3.74 3.42 2.29 5.74 6.63 6.9
27.9 7.32 5.88 14.56 13.47 4.84 7.88 7.08 8.75 8.7 7.42 9.93 11.52 5.59 6.18 4.73 4.55 4.79 10.33 11.02 14.52 4.14 6.5 11.15 4.96 4.2 4.16 9.43 6.84 5.56 2.77 1.4 5.9 5.85 5.76 14.44 21.33 9.04 5.18 15.86 10.39 5.11 12.28 3.74 4.78 3.48 6.21 17.74 5.6 4.45 4.23 7.34 10.68 20.27 27.79 14.97 5.7 4.59 5.28 3.87 4.37 4.35 9.29 4.72
10.55 10.52 9.68 12.69 12.13 2.0 4.48 3.53 10.45 8.23 7.79 5.01 8.55 6.22 8.97 8.98 4.14 5.03 7.17 5.84 5.17 4.13 3.2 13.26 7.5 4.15 6.9 9.0 9.93 7.99 9.97 3.31 6.08 4.38 3.78 11.36 5.63 5.13 4.75 3.04 3.56 4.34 4.63 8.94 12.89 5.6 4.72 9.08 9.29 3.16 7.39 5.19 5.62 9.99 10.71 11.31 15.38 10.55 4.55 5.65 3.99 2.69 8.56 11.35
6.24 5.29 6.57 7.31 5.92 6.94 5.14 2.2 8.01 14.59 7.13 5.63 10.03 6.25 5.61 4.66 5.51 10.44 7.46 5.77 7.72 3.3 4.81 6.35 11.55 7.47 10.06 5.25 8.76 12.35 7.82 5.4 9.94 6.88 6.6 4.22 2.24 3.52 7.0 12.02 5.24 4.46 6.5 15.16 16.36 6.32 3.02 11.28 6.35 6.46 7.13 11.09 8.26 6.29 15.21 7.55 16.72 4.23 6.55 12.34 8.21 4.59 11.07 26.35
5.84 4.81 2.62 3.18 4.03 6.82 5.27 2.63 2.58 6.32 9.47 9.49 8.59 7.85 8.08 17.74 6.8 3.56 3.55 4.36 5.52 6.42 9.24 9.1 9.85 9.54 9.44 7.96 10.75 4.96 7.62 9.55 8.83 10.94 9.19 6.82 2.61 9.91 9.63 5.5 3.79 4.43 11.06 19.75 19.07 13.44 5.33 4.6 3.55 2.87 6.47 10.2 5.27 8.1 11.62 5.38 10.79 10.06 6.45 12.62 4.87 8.16 17.49 6.87
11.11 5.9 2.02 2.23 5.24 5.04 6.83 3.66 8.75 10.99 11.61 5.41 7.0 17.28 8.45 10.3 14.25 3.86 3.5 6.7 6.68 10.8 13.32 9.44 7.78 5.75 12.43 6.23 16.73 10.32 14.14 7.98 8.99 13.71 7.3 7.27 3.22 6.33 6.52 8.28 8.58 3.88 9.13 12.26 11.0 4.18 10.74 5.94 4.18 3.66 7.22 4.37 3.58 4.28 6.82 14.42 14.78 6.2 5.46 5.09 7.39 9.93 7.13 8.99
10.48 9.8 2.88 4.36 2.51 10.94 5.33 4.94 8.69 7.99 15.91 10.85 20.69 15.54 7.86 10.92 11.93 4.62 3.6 4.94 7.72 7.51 17.96 5.3 6.61 10.11 7.67 8.1 6.94 5.45 14.69 6.16 6.49 5.69 9.72 10.01 4.48 2.4 4.69 8.87 6.82 10.45 10.61 13.77 21.81 7.55 6.77 4.36 3.54 4.82 6.85 7.32 7.67 2.64 6.31 10.22 8.44 13.78 5.83 9.06 9.36 6.94 6.61 6.71
8.67 9.98 4.46 4.21 3.9 6.39 7.64 11.32 10.65 11.92 16.64 11.98 14.02 9.57 2.85 8.57 10.3 6.41 4.19 3.43 3.12 4.88 9.21 4.02 4.43 3.93 4.67 4.14 5.56 9.04 15.66 10.25 4.3 3.4 9.05 17.87 13.24 3.35 4.15 6.7 4.21 3.79 9.97 15.1 12.64 8.39 8.58 2.27 4.83 4.85 3.55 5.84 3.96 2.94 7.68 7.8 5.0 12.24 7.6 9.58 15.02 8.76 13.97 8.55
9.2 9.52 8.4 6.77 8.2 7.4 4.45 13.94 10.75 14.47 8.42 5.76 8.53 3.16 2.23 7.07 12.53 6.05 6.3 13.98 4.79 3.26 4.02 6.4 5.97 3.21 4.1 5.62 6.75 11.36 9.97 5.92 5.63 5.85 7.65 6.31 8.49 7.94 7.35 9.58 4.86 6.51 8.96 6.16 3.37 8.75 8.25 4.11 6.27 2.43 3.52 7.53 11.0 7.8 11.73 10.28 12.27 7.78 11.44 12.61 7.4 10.93 11.26 8.56
12.49 12.75 8.06 12.82 11.0 5.52 3.81 7.08 9.85 13.39 10.43 6.25 5.99 3.54 2.38 10.3 4.13 6.09 2.87 8.6 12.69 6.33 5.24 8.61 5.51 2.96 3.1 4.14 3.37 10.24 7.67 5.57 6.42 6.95 10.1 9.06 9.77 9.65 6.22 3.3 2.61 3.97 7.77 5.57 6.39 8.61 11.55 10.93 3.95 6.72 9.25 20.81 13.22 20.28 10.02 9.38 6.44 3.71 5.17 2.88 5.34 5.14 7.6 6.29
9.85 14.35 4.46 8.07 10.2 5.08 4.42 8.52 36.7 16.71 9.41 15.34 3.88 4.9 3.15 6.81 6.77 4.0 4.37 5.53 5.43 3.88 3.26 8.24 6.05 5.0 6.38 5.71 8.07 10.26 7.77 10.87 12.37 15.95 15.66 7.27 10.52 13.52 13.48 11.95 3.63 3.01 4.44 5.7 9.79 8.87 6.36 6.05 6.22 6.85 11.7 16.91 12.41 25.16 25.34 6.9 2.83 2.5 4.35 2.92 6.67 6.42 7.08 4.61
13.83 22.01 8.69 10.12 17.89 12.96 7.37 7.91 8.64 15.34 16.42 21.64 5.2 7.75 6.62 5.73 9.52 8.09 5.78 3.96 8.18 13.84 4.85 5.55 3.38 9.46 19.27 12.3 10.53 3.29 5.82 13.22 12.96 15.5 10.48 11.84 6.95 10.47 8.94 4.93 4.58 2.96 2.0 8.36 7.95 5.38 8.27 8.51 9.39 7.62 15.77 21.46 18.81 53.0 14.26 13.17 7.42 5.67 7.41 6.26 12.05 8.48 10.3 4.37
7.35 6.59 12.98 5.01 5.41 16.13 7.57 9.88 5.54 6.55 9.67 16.24 15.93 16.3 8.35 4.67 11.52 7.64 3.84 7.27 5.2 8.18 9.47 5.98 2.88 3.31 7.98 7.28 2.93 5.08 8.58 8.56 15.21 10.13 6.35 6.26 4.93 16.26 12.96 3.31 3.59 6.17 4.9 9.09 9.17 6.81 14.13 13.2 10.25 17.67 9.82 7.32 13.62 15.03 9.58 13.28 9.35 6.04 3.85 5.35 6.02 11.09 15.37 11.56
3.02 4.64 8.18 5.6 8.53 9.98 7.46 6.01 4.4 3.05 2.03 2.87 6.3 4.25 9.02 4.32 9.15 8.03 4.63 13.4 5.3 6.86 4.96 6.73 4.2 6.48 6.21 3.02 4.39 6.09 15.69 22.65 9.0 7.44 10.18 6.93 3.68 5.36 9.56 4.3 9.97 7.12 4.2 6.18 13.36 15.93 13.42 11.96 17.47 12.61 9.28 5.91 20.26 12.11 11.81 12.34 11.7 12.58 4.93 11.62 3.55 10.46 4.63 9.34
3.13 5.14 11.02 4.16 5.28 8.66 9.63 14.42 12.15 3.21 3.96 8.52 8.64 9.26 8.51 3.33 10.68 3.9 5.82 22.68 6.74 5.24 7.64 11.69 4.07 5.05 6.4 5.7 5.59 8.38 9.11 13.28 9.5 5.58 7.69 6.78 7.31 6.02 10.1 13.78 11.67 5.11 3.77 13.87 11.23 20.61 17.63 14.74 36.66 40.91 9.85 13.64 24.52 30.1 23.4 6.49 3.05 7.59 19.63 8.32 3.2 3.84 1.51 6.03
5.99 5.55 8.19 4.39 11.31 16.32 23.14 20.86 13.05 3.27 5.22 5.45 13.51 16.21 15.13 6.86 4.6 9.54 11.02 15.45 3.37 2.57 8.42 15.99 8.1 8.48 6.02 9.74 4.07 8.54 12.98 10.22 11.93 4.88 3.29 5.23 4.34 9.01 5.55 13.98 8.01 6.57 6.8 11.66 31.34 8.09 10.58 25.05 38.24 48.2 8.73 11.53 23.58 25.88 9.42 3.2 6.48 7.74 9.49 18.25 6.08 7.84 4.14 4.2
7.52 4.28 2.47 6.25 21.99 18.54 14.08 9.54 21.88 5.73 10.76 9.39 17.84 28.65 29.16 17.9 9.63 8.87 10.91 19.27 5.14 6.61 5.04 12.56 13.64 7.98 15.82 12.86 15.86 12.43 9.32 5.04 4.93 4.98 4.74 11.16 15.48 8.72 3.68 7.78 9.05 21.5 13.27 19.39 10.48 10.41 5.92 8.31 20.8 8.78 4.19 6.62 8.86 7.56 4.07 5.19 8.0 24.23 9.38 6.02 7.14 4.4 3.19 8.38
14.11 5.33 3.64 3.82 7.8 11.81 11.59 17.22 24.49 4.71 5.6 15.56 20.25 18.68 19.44 9.27 3.04 4.36 7.41 9.61 3.44 12.74 16.8 11.93 11.97 6.53 8.55 17.58 16.83 10.87 11.11 14.68 8.53 7.06 10.93 10.38 15.6 8.8 9.1 12.0 5.92 15.32 7.73 9.76 8.27 4.76 7.44 8.88 25.92 12.05 8.56 13.72 7.13 9.06 8.76 8.08 8.03 11.44 10.42 9.35 12.38 10.13 5.13 7.16
9.72 4.34 3.07 2.09 8.13 15.45 8.82 11.23 9.75 7.58 10.28 7.44 20.08 9.07 17.32 9.29 2.21 3.74 6.34 7.56 13.22 8.33 6.49 8.48 12.42 8.69 18.25 9.57 7.38 7.32 12.57 10.86 15.32 6.8 11.0 12.23 5.76 3.38 3.37 13.33 9.79 13.6 12.09 7.72 11.73 7.29 8.72 4.43 11.67 9.27 22.07 10.71 9.19 7.03 12.33 14.84 7.35 8.94 15.05 12.58 4.83 6.81 4.7 4.52
4.51 5.78 2.81 2.62 4.9 12.52 12.16 9.52 6.47 4.4 5.54 10.02 14.14 7.43 16.59 6.53 7.66 2.47 3.79 3.08 6.78 11.38 12.43 12.81 19.64 4.72 13.94 6.31 7.13 7.88 14.81 8.9 5.28 5.1 5.2 14.17 10.04 4.67 4.65 8.51 8.01 10.06 8.08 10.28 9.4 5.91 8.0 5.87 8.08 5.91 18.4 7.74 9.55 9.29 7.18 6.18 11.93 8.23 10.16 8.86 7.26 9.95 5.84 9.38
6.57 13.86 6.01 3.79 3.38 11.07 12.26 17.56 5.97 4.4 5.69 5.81 8.44 10.0 13.58 5.65 3.84 4.97 5.72 4.96 7.34 5.92 21.83 38.48 12.97 17.25 14.45 6.85 6.84 5.16 11.04 22.66 10.81 4.91 5.28 8.77 9.86 11.44 11.63 16.51 11.21 5.01 6.39 4.31 2.18 3.66 12.32 14.36 11.21 8.06 10.32 8.4 9.68 5.57 6.52 5.62 5.81 25.6 20.38 9.66 6.6 18.35 7.97 7.79
2.84 3.1 4.42 6.22 4.86 11.32 7.62 11.46 8.76 4.84 5.78 4.16 8.37 11.97 9.78 4.36 4.37 4.0 6.08 4.96 3.99 6.33 21.2 12.28 5.98 12.42 12.0 4.03 4.37 13.08 15.43 15.23 11.4 8.82 9.03 5.23 4.47 7.52 7.58 8.03 10.82 14.21 16.09 10.24 4.66 8.76 14.6 9.66 5.73 4.82 13.81 6.32 7.86 9.5 5.06 5.73 8.87 21.04 15.66 11.89 3.86 4.77 8.36 4.37
7.21 3.5 5.6 4.64 4.41 13.51 20.93 20.47 7.38 10.12 5.89 7.55 11.21 7.21 7.66 3.03 5.48 3.6 4.38 7.83 2.47 7.16 10.74 12.16 5.57 7.75 8.59 5.99 5.18 16.12 24.65 9.81 7.99 8.24 7.7 9.85 10.88 5.99 8.93 8.6 12.05 16.37 5.49 6.21 6.99 20.47 14.74 5.12 4.12 5.3 5.14 6.18 9.79 8.92 7.17 13.22 13.56 18.69 15.38 13.78 5.82 6.47 7.38 3.62
5.89 5.0 5.68 4.38 8.1 15.13 25.48 14.6 9.29 6.35 5.74 7.79 6.23 2.47 3.5 4.13 6.4 2.54 5.3 11.55 6.64 10.32 6.36 8.31 9.97 4.89 4.84 4.48 6.06 4.62 19.02 17.8 9.82 8.23 9.49 8.7 9.7 8.04 11.62 13.54 14.75 6.72 14.3 12.59 9.07 13.43 11.64 6.15 8.75 7.5 5.87 5.94 6.35 4.31 5.28 2.92 10.05 21.45 24.05 5.48 9.2 5.71 13.16 15.26
5.47 6.68 2.8 3.39 8.42 21.14 35.32 6.9 6.69 10.58 5.13 6.07 3.69 2.68 9.49 5.49 3.36 2.14 3.97 7.29 4.05 9.01 8.82 10.36 6.27 8.17 5.86 8.98 29.49 9.28 12.65 5.15 8.99 7.62 8.57 10.44 14.29 6.38 6.35 13.58 8.56 17.43 13.72 9.12 8.59 6.19 5.46 4.48 6.8 13.67 3.73 5.27 6.39 4.1 10.59 12.56 13.19 10.58 14.2 3.85 7.52 15.03 9.55 10.35
7.25 12.4 3.64 4.13 10.0 12.55 6.1 7.5 10.69 11.68 4.48 8.55 6.46 9.58 10.86 16.33 8.59 11.22 20.94 25.15 6.6 6.56 2.58 13.2 25.93 15.17 7.15 4.55 14.3 6.25 10.45 5.94 14.27 18.43 8.2 9.94 8.84 11.8 15.66 29.57 15.87 12.25 11.07 3.26 5.21 15.02 14.84 16.06 12.61 16.67 8.56 17.87 5.6 4.98 6.39 9.52 11.25 10.49 12.07 12.67 7.02 3.64 7.16 11.01
8.5 17.57 2.21 9.6 18.62 13.08 6.52 11.33 17.83 4.93 9.07 17.81 16.79 8.77 4.21 7.21 5.18 9.7 11.31 11.1 7.86 5.45 4.33 9.1 10.19 15.19 9.09 5.99 6.44 2.47 11.9 11.92 18.22 14.78 6.54 8.39 11.39 10.89 6.86 14.1 7.66 10.26 8.16 6.22 7.76 5.37 8.8 6.64 13.12 14.17 10.71 8.81 12.8 3.53 4.68 5.09 4.85 6.89 7.08 12.14 7.28 5.55 3.26 15.6
6.04 6.51 3.26 8.04 20.42 19.57 7.22 18.0 15.8 7.93 8.93 22.53 14.22 5.25 3.64 4.38 3.09 8.1 4.98 7.1 14.24 10.41 6.73 8.83 17.36 33.04 8.56 5.15 5.24 3.09 11.0 33.74 15.78 8.58 6.67 4.33 5.77 7.99 3.88 10.1 11.23 12.0 6.88 4.68 8.3 18.17 12.54 13.34 10.51 6.22 7.64 6.26 16.4 11.74 12.29 7.82 4.0 6.48 6.76 10.42 4.83 6.26 3.58 12.74
10.77 6.18 11.56 8.83 8.96 6.19 14.09 27.35 19.11 13.38 11.72 18.82 15.85 9.99 8.29 5.39 7.07 2.85 4.78 7.7 5.73 20.41 15.86 5.99 5.87 4.09 6.84 7.75 3.98 7.24 7.21 19.35 12.12 6.76 4.0 4.41 7.03 4.77 5.1 6.41 8.62 12.66 8.51 9.11 11.41 5.68 7.06 4.52 9.75 9.99 10.37 4.72 12.36 7.16 4.66 5.06 6.55 9.82 15.38 9.81 2.89 3.64 3.77 8.29
7.14 7.28 10.4 6.29 8.64 14.85 19.72 11.66 9.11 8.49 23.48 13.22 8.82 13.35 11.18 15.66 7.85 6.67 4.03 4.62 5.13 9.63 7.44 2.97 2.96 2.91 3.25 6.76 15.4 9.33 13.31 15.29 11.49 7.99 5.7 4.34 6.85 13.85 5.41 11.81 8.11 10.98 17.99 17.2 10.66 3.32 3.45 3.36 5.66 14.99 3.75 6.8 7.19 2.65 3.38 8.67 4.33 5.79 7.49 17.36 11.71 7.85 3.52 7.81
5.1 3.44 8.54 23.38 13.78 14.99 10.1 4.6 5.09 8.05 30.38 8.82 4.56 7.17 10.64 13.98 6.68 8.37 10.6 7.44 2.51 8.3 7.36 6.3 4.58 5.96 3.91 6.21 5.46 6.93 8.78 16.94 15.6 6.25 6.19 4.59 3.68 9.3 8.47 13.21 15.23 7.74 9.77 28.87 4.93 5.24 12.65 5.1 3.04 5.21 4.2 5.5 6.03 5.76 2.62 5.22 7.37 13.91 9.1 9.23 10.01 9.99 6.02 4.62
7.08 5.6 9.58 14.32 11.96 11.11 18.0 6.13 6.34 11.94 8.71 11.78 20.22 8.41 13.58 12.44 5.25 8.79 12.77 8.73 4.37 8.61 10.93 6.61 4.01 7.99 7.2 10.79 16.74 8.76 5.6 13.88 22.92 25.72 19.18 3.31 2.31 4.36 7.22 10.66 8.01 13.36 22.44 14.89 22.84 33.7 24.35 6.37 9.06 8.01 6.53 5.02 1.54 3.85 4.62 14.27 14.64 8.95 6.87 9.46 12.19 11.05 4.26 2.72
7.25 10.4 7.45 11.69 9.48 10.31 13.77 6.87 3.66 7.19 12.32 18.21 18.3 4.91 4.93 5.27 8.45 4.78 7.69 6.6 5.64 12.3 8.78 9.3 8.19 13.34 9.2 11.06 11.81 5.14 9.06 10.06 24.74 15.97 6.76 2.84 4.1 11.02 8.57 11.28 15.12 16.73 12.89 5.62 9.37 35.46 10.33 8.8 4.69 4.98 9.15 3.99 6.19 5.91 3.89 7.47 17.48 12.83 3.94 8.7 10.68 6.98 4.22 6.88
8.58 10.87 13.75 7.35 6.72 8.35 9.5 9.09 6.01 5.03 5.09 9.75 4.28 3.6 9.07 4.57 5.1 4.27 3.91 8.49 7.85 10.47 12.15 4.0 5.42 10.75 18.76 18.28 10.49 6.77 5.05 12.29 13.01 10.67 10.16 4.87 8.11 7.27 15.61 5.14 9.05 9.58 7.41 9.22 6.94 6.34 12.05 7.07 5.61 5.15 5.37 7.91 9.34 5.14 4.74 4.76 10.16 11.03 12.04 8.2 8.12 4.3 4.12 9.21
8.13 8.89 4.66 6.17 8.84 6.5 11.11 12.09 8.17 3.72 4.97 9.7 7.06 6.48 14.2 5.95 4.03 5.05 15.54 11.16 10.22 4.42 7.53 6.05 9.28 26.31 10.85 12.53 11.56 9.86 6.6 10.06 12.64 4.73 5.55 5.7 3.36 9.62 13.14 15.36 7.83 7.65 5.85 6.42 11.15 5.27 11.49 27.57 10.53 12.08 31.84 9.28 6.45 18.91 9.46 3.81 10.33 7.09 14.6 10.04 5.52 11.78 8.75 8.48
10.22 14.89 7.9 12.07 10.78 8.29 12.5 9.22 10.02 5.63 10.26 6.43 6.31 5.17 7.7 7.82 14.52 15.0 17.18 7.47 5.89 5.03 11.3 16.15 9.28 31.59 7.29 6.08 5.9 6.69 5.91 5.01 12.21 5.21 3.31 8.63 4.68 6.58 3.48 7.04 7.35 8.92 10.46 4.84 5.7 3.31 9.56 14.41 7.22 7.39 8.52 9.5 7.6 7.0 6.88 4.51 7.67 17.15 9.8 2.96 2.7 5.94 14.35 12.97
8.16 10.37 10.75 12.38 7.33 6.52 4.17 17.61 14.41 12.53 10.71 5.01 5.85 3.44 14.79 6.18 7.19 16.33 20.33 23.67 19.24 7.58 10.19 17.9 16.03 5.85 2.25 7.05 7.53 4.54 5.41 3.93 5.4 6.72 15.06 11.07 5.79 4.64 3.53 7.75 3.75 4.66 14.01 17.01 11.37 4.1 13.79 16.27 13.14 29.76 16.69 4.48 3.29 6.14 10.3 7.06 17.8 16.31 10.44 4.0 3.73 6.13 6.94 11.54
9.3 7.27 17.84 20.42 5.84 8.38 7.6 4.3 9.09 13.36 10.75 5.54 10.37 5.8 13.29 10.44 7.49 21.42 25.96 17.76 8.55 7.19 9.17 15.89 14.25 6.75 5.01 3.16 8.64 6.37 8.82 4.26 7.14 12.01 8.78 9.41 5.38 5.98 9.26 6.62 3.24 3.39 6.43 15.6 8.16 11.98 7.57 6.83 6.9 11.14 7.79 4.71 6.42 2.63 3.14 4.12 7.65 13.22 7.74 4.86 3.82 7.77 7.74 5.69
3.32 4.26 10.46 5.36 5.98 13.45 3.66 2.84 3.46 13.85 15.98 6.53 7.49 9.58 8.97 18.14 11.49 10.55 18.13 9.05 6.87 16.03 13.01 8.58 6.26 8.22 4.82 6.16 11.92 9.88 5.79 4.11 10.4 11.53 14.96 6.33 5.42 4.66 9.84 5.07 3.5 9.0 12.04 10.71 8.19 8.92 1.52 5.15 13.15 9.78 6.03 5.92 5.77 4.65 6.2 4.42 7.74 7.03 6.02 2.87 1.48 3.63 9.79 4.4
5.08 3.55 6.58 9.95 6.28 2.9 4.67 5.15 7.59 13.68 15.85 3.82 4.6 14.77 8.16 17.88 14.81 11.52 12.48 10.4 11.99 9.26 9.27 6.11 8.11 8.8 13.68 4.14 14.11 51.34 10.64 5.03 10.29 9.29 10.59 13.72 5.24 6.1 8.14 7.05 12.61 6.24 9.48 10.26 8.88 4.95 3.02 3.6 12.78 12.66 8.93 7.89 3.15 2.33 6.96 7.73 9.79 5.97 4.95 3.51 2.05 3.18 3.15 2.29
9.28 9.9 6.32 10.57 4.69 3.81 2.5 2.57 5.44 7.91 9.51 6.45 6.21 12.59 5.61 11.31 6.75 14.96 9.15 5.99 16.36 15.83 9.0 6.1 8.71 10.35 4.82 3.97 10.77 9.31 8.69 4.8 7.42 4.66 5.57 10.5 8.15 6.07 12.46 20.68 19.21 9.84 3.59 13.63 14.78 7.78 5.25 6.3 6.42 10.54 33.63 7.07 3.0 2.66 4.48 4.07 10.85 14.07 9.15 6.19 3.0 1.66 2.53 5.08
7.69 6.2 4.13 17.99 4.84 7.21 7.89 5.16 3.11 6.95 7.02 4.65 6.74 7.4 6.31 11.44 7.8 6.27 12.61 7.01 10.86 6.04 9.77 8.65 12.45 11.58 3.29 3.92 5.25 10.13 6.66 5.26 11.69 4.62 4.27 4.83 4.76 10.92 8.56 11.1 10.2 6.41 6.53 7.73 11.68 19.83 10.29 6.02 7.88 5.0 11.79 3.59 2.83 9.96 10.43 5.49 12.25 13.6 10.11 10.94 7.94 4.04 6.19 3.28
8.41 3.72 3.63 3.39 7.58 12.5 3.64 3.37 2.85 11.05 7.33 7.51 7.01 7.96 10.57 3.88 8.01 5.88 9.35 12.75 10.85 3.75 3.72 9.08 24.58 11.45 4.16 3.37 5.7 11.77 7.27 11.51 7.62 6.99 5.11 3.75 6.98 4.77 7.91 22.74 11.26 8.63 3.26 6.67 15.53 21.37 15.11 5.32 8.81 4.97 5.96 4.32 3.06 7.08 3.91 6.8 9.15 9.75 7.83 8.87 5.02 3.77 6.77 6.45
5.57 4.3 3.49 7.07 6.03 7.43 3.56 5.29 4.29 13.72 11.76 5.55 4.92 6.22 10.76 3.79 3.13 4.22 2.49 4.49 10.03 8.1 3.64 16.86 6.0 4.31 4.3 4.55 4.86 16.95 10.73 7.54 12.31 7.87 4.83 5.06 6.66 5.02 5.02 13.6 8.35 13.39 10.42 10.45 14.02 12.89 7.18 8.33 8.02 8.76 8.77 3.16 4.85 7.19 2.39 4.02 7.1 5.26 5.43 6.56 4.65 12.28 7.54 11.56
5.38 6.72 8.34 7.22 10.12 16.07 11.21 9.99 9.08 12.46 5.74 3.83 4.51 5.66 6.48 3.45 5.71 4.84 5.22 2.66 8.74 10.91 5.55 7.99 4.56 12.66 9.49 5.67 4.03 6.78 12.58 9.44 8.07 5.52 3.42 5.53 16.46 2.87 4.35 4.66 5.45 6.19 8.96 7.08 7.41 10.57 4.29 8.52 5.63 3.31 5.13 4.8 4.41 5.73 3.76 4.56 11.25 14.5 7.79 5.18 6.45 4.45 8.72 6.5
10.17 16.24 17.93 12.86 7.39 6.36 5.34 10.06 5.01 8.55 11.27 9.13 14.88 5.42 5.52 9.15 7.33 3.52 4.19 13.35 7.02 8.29 8.97 4.48 5.57 6.99 16.13 9.47 6.94 6.65 5.37 7.5 17.55 7.62 4.31 2.73 7.19 3.86 4.05 3.65 2.61 10.38 5.95 7.63 12.22 21.02 8.39 7.05 12.75 10.48 4.84 8.44 5.83 8.97 5.82 8.19 11.62 14.85 18.51 7.7 9.4 6.58 6.97 5.02
7.7 9.73 11.71 7.18 6.33 24.19 21.69 10.85 7.1 6.2 13.01 11.36 15.21 6.16 6.0 12.27 5.08 4.92 5.0 5.6 4.51 11.4 2.97 3.22 2.57 8.22 14.35 10.69 4.64 4.57 7.05 5.72 41.99 11.24 8.3 7.39 7.04 5.78 6.37 2.54 4.76 2.77 7.81 7.75 3.73 3.68 4.1 16.34 15.92 9.09 5.11 7.04 12.01 4.69 6.02 5.76 5.07 3.73 4.03 13.5 14.72 5.72 8.95 6.02
8.39 9.87 10.49 6.53 11.22 11.01 11.06 7.88 5.23 4.7 3.14 7.94 5.25 1.85 4.16 10.16 6.03 12.34 23.53 10.48 4.09 6.88 1.57 1.84 1.9 4.91 16.48 13.48 5.21 3.15 3.58 6.48 12.53 11.04 5.96 6.62 4.56 4.21 9.96 4.84 5.31 6.57 7.48 4.58 2.77 7.4 7.03 13.15 7.16 6.61 12.93 8.31 5.77 12.24 15.27 12.7 4.29 4.84 8.54 11.73 6.99 3.35 10.56 7.77
