9.04 10.57 9.16 6.05 4.44 10.14 9.8 7.72 3.08 4.58 5.68 7.04 16.43 5.35 4.31 3.21 2.99 8.53 10.94 8.78 5.82 8.27 9.5 10.04 21.72 10.37 7.63 3.88 7.55 4.49 4.09 6.26 4.33 16.13 9.97 8.47 4.69 10.67 12.91 5.16 3.78 5.48 11.45 20.95 8.96 2.64 5.08 20.46 9.54 2.97 3.97 5.49 9.47 3.34 4.71 3.12 9.76 9.48 14.42 8.11 4.11 2.42 6.37 5.07
6.14 6.54 4.9 2.91 2.21 3.12 8.05 12.88 6.49 5.47 11.14 10.61 5.6 10.16 7.43 9.34 8.64 15.38 7.52 11.81 7.57 2.33 12.39 9.97 14.53 14.53 8.38 4.81 11.56 5.85 5.55 6.16 3.32 8.98 5.58 9.31 5.46 14.63 7.23 5.55 3.16 3.06 6.8 8.23 20.11 5.29 3.83 13.94 12.16 4.67 5.14 6.78 9.37 9.16 3.38 4.9 9.7 3.01 17.37 4.3 4.32 6.44 8.44 11.66
12.93 17.95 11.72 13.65 3.87 2.38 6.77 15.15 3.08 8.37 6.03 7.88 9.51 8.29 5.15 13.27 7.37 15.82 23.7 7.79 3.6 3.93 3.61 5.94 5.81 5.81 4.51 5.83 9.33 4.33 7.99 17.12 12.93 5.21 21.24 19.68 11.37 9.31 5.81 3.9 2.6 2.8 12.47 13.49 18.02 4.24 7.31 17.2 7.73 1.2 3.39 6.23 3.32 5.01 3.81 10.15 8.43 7.81 11.89 4.13 4.48 4.57 7.34 9.44
7.8 9.74 11.97 18.69 6.92 11.93 2.43 1.11 4.32 9.37 3.78 6.62 11.88 7.77 11.8 11.19 8.1 12.64 21.63 6.61 7.64 13.06 8.94 5.15 4.83 6.17 3.18 2.93 4.2 4.57 8.09 5.71 3.51 4.11 6.62 17.72 12.07 10.31 3.61 5.34 9.97 7.41 43.65 9.32 4.31 7.01 14.87 10.2 12.98 3.91 2.44 8.72 4.66 7.42 8.79 5.24 12.04 10.8 4.98 5.52 10.34 5.14 7.37 4.78
10.55 9.86 11.13 20.68 8.73 20.25 2.47 1.66 11.84 5.28 4.39 5.1 5.23 3.86 6.75 4.9 15.27 9.4 19.12 14.24 9.55 18.24 12.95 11.17 12.76 15.37 6.03 6.27 4.6 10.21 10.75 7.12 3.92 7.82 5.91 12.62 12.64 5.69 5.13 5.9 16.41 29.68 28.36 9.05 5.77 4.32 11.71 13.44 4.66 7.26 6.58 4.3 10.07 11.11 3.69 5.36 5.33 7.13 11.44 5.97 8.84 7.82 4.64 6.56
19.87 12.21 8.51 9.83 4.64 6.06 9.27 4.47 7.95 4.32 5.83 3.86 2.45 3.61 5.28 11.69 9.46 4.56 7.53 13.22 17.71 9.4 19.71 11.99 16.0 19.04 7.71 6.89 13.27 22.9 17.42 10.12 3.23 10.25 24.26 6.83 4.11 4.85 6.37 4.37 18.45 23.96 31.44 12.66 7.65 11.48 8.65 12.88 8.05 4.59 4.69 7.3 9.43 8.73 17.2 10.63 6.15 9.25 8.79 12.3 10.15 9.36 6.29 6.64
7.16 20.83 11.28 23.7 16.26 3.98 22.31 4.11 5.35 4.76 7.16 7.06 6.94 8.43 5.09 11.5 6.59 5.74 9.01 4.76 11.68 9.82 17.62 5.02 21.95 7.69 4.58 5.86 4.17 31.25 23.67 12.35 16.82 9.88 24.42 21.78 6.36 6.6 21.22 4.68 10.85 9.97 14.82 16.28 12.03 6.2 2.89 11.98 13.83 13.93 8.94 8.6 16.68 23.62 11.71 17.06 8.75 3.46 16.11 16.35 14.22 8.91 6.76 19.82
12.9 6.67 8.45 14.91 9.44 20.43 8.58 9.33 16.83 9.59 5.83 8.11 4.63 16.04 12.9 11.33 12.33 5.33 10.94 10.17 18.96 12.94 41.52 19.71 5.81 7.82 3.33 3.92 5.42 12.21 16.76 25.37 18.22 13.6 10.68 8.96 14.53 3.67 5.97 4.26 13.93 20.32 15.21 8.96 10.1 8.49 9.81 16.42 14.6 9.27 10.07 5.84 7.48 9.1 24.8 11.02 9.94 8.21 13.82 17.24 8.33 8.92 6.2 11.59
5.33 2.72 5.77 8.31 14.23 12.26 7.06 7.02 10.06 6.04 9.1 4.41 8.08 6.85 8.11 7.22 5.82 2.25 13.67 12.1 4.3 8.82 6.92 18.32 12.96 7.81 4.28 5.44 4.71 7.34 31.2 13.46 26.12 31.66 11.23 3.62 7.99 8.9 6.98 4.83 11.39 14.58 8.57 14.14 5.02 10.51 14.85 5.88 7.48 5.57 3.69 7.32 5.09 6.01 17.35 21.08 10.88 12.56 8.79 10.08 16.34 19.07 1.3 4.78
7.54 2.77 4.88 13.39 10.79 6.33 7.34 6.94 10.74 3.67 11.89 14.18 6.27 4.11 21.02 11.39 18.95 6.81 9.05 13.68 3.85 3.12 6.53 11.6 14.29 4.98 1.86 2.33 1.94 5.53 6.11 13.09 9.25 15.46 16.65 5.36 5.29 6.32 8.76 8.55 6.66 4.12 6.25 19.43 8.3 16.8 3.97 10.73 10.87 6.68 3.81 7.59 3.58 4.11 21.36 15.43 3.37 5.55 3.98 5.47 13.51 4.79 9.41 9.06
3.62 4.38 5.71 22.41 7.72 7.35 13.44 10.93 5.68 4.82 4.67 16.93 3.33 6.78 18.88 16.14 12.75 9.94 14.86 9.51 5.0 9.47 10.06 5.4 9.87 7.99 4.27 7.45 5.17 5.79 5.38 4.71 6.46 10.07 14.37 6.42 5.6 3.83 17.0 7.21 4.85 8.36 8.4 8.83 10.72 7.47 2.41 3.94 5.35 7.29 6.6 1.59 2.45 6.07 13.16 23.02 5.9 3.32 5.01 10.82 12.33 11.94 9.35 13.66
3.02 5.84 8.67 5.25 7.13 3.74 15.06 15.44 12.43 4.74 5.81 11.7 3.19 8.82 7.49 8.69 2.87 10.62 13.57 6.05 12.83 7.99 7.43 6.46 4.66 12.58 7.03 9.54 13.11 4.48 1.9 3.41 6.12 9.3 10.71 5.76 4.34 4.35 10.22 7.8 5.46 8.17 8.78 17.56 5.92 7.35 7.99 2.41 3.48 4.38 2.64 3.09 1.89 3.7 6.37 3.21 3.53 4.98 9.27 14.53 9.79 8.48 7.21 7.72
5.69 4.53 5.92 4.4 7.56 4.03 15.05 8.74 16.16 10.03 7.76 8.24 3.76 5.44 5.9 3.8 4.72 11.22 12.84 6.58 7.41 14.12 3.34 9.56 4.39 6.41 12.58 12.74 5.15 4.66 6.09 4.46 8.15 5.11 11.52 9.28 5.56 3.61 2.94 4.98 3.93 6.4 4.5 7.63 6.52 14.49 8.54 10.68 4.11 7.37 4.34 11.74 7.0 4.76 2.74 0.94 2.73 4.9 7.06 5.47 11.28 15.7 9.47 8.73
11.23 7.17 8.05 10.32 4.45 7.06 6.1 9.19 21.84 12.5 4.04 1.78 6.27 8.51 9.04 5.79 4.88 10.01 6.37 7.98 4.61 5.23 4.32 4.89 5.99 8.17 5.19 9.91 56.46 8.19 3.29 2.56 3.75 1.78 3.95 7.51 5.48 5.52 1.18 9.58 5.26 17.32 6.96 4.12 7.21 9.36 4.52 4.94 5.3 3.26 7.66 11.63 10.78 9.23 12.59 5.79 4.52 2.5 3.63 8.8 8.9 7.93 12.98 7.04
12.57 7.57 9.21 14.98 6.89 9.75 5.51 20.86 18.21 9.38 4.1 3.98 7.83 7.07 4.09 3.04 9.34 10.0 4.39 14.67 6.2 10.87 5.77 4.17 22.09 7.26 6.11 9.09 23.92 13.0 4.9 5.42 8.85 10.94 6.79 3.26 6.65 11.1 2.91 3.17 5.52 4.32 6.04 5.93 5.48 10.14 12.52 8.52 8.22 3.9 3.37 4.17 8.35 6.41 8.17 6.51 4.18 3.28 9.28 6.84 8.94 11.64 8.03 4.98
4.39 7.47 3.96 5.93 7.08 4.28 7.2 18.48 11.94 10.41 5.87 7.04 4.96 8.34 7.44 6.01 7.98 6.9 6.32 10.87 14.1 10.82 5.13 6.39 8.14 11.15 4.84 4.22 7.57 11.81 5.87 4.96 5.04 6.47 2.61 4.03 6.6 8.9 5.71 2.84 3.03 2.25 4.44 4.29 8.07 5.58 22.9 8.23 8.78 9.76 3.82 3.37 4.09 5.49 3.83 1.87 2.91 2.63 4.48 5.75 6.09 9.01 9.4 4.91
4.73 6.35 5.12 6.52 7.75 4.16 8.06 6.91 8.89 9.28 1.62 10.74 8.87 2.99 11.31 9.64 9.35 5.7 8.8 12.53 11.54 8.46 11.71 10.5 8.52 17.24 12.08 16.73 7.04 7.58 10.41 7.24 7.94 3.87 4.43 4.91 5.17 4.12 3.56 14.38 4.37 5.56 9.9 5.89 2.34 4.65 10.63 7.59 4.92 4.55 8.13 5.84 3.6 8.47 4.74 6.74 4.39 2.25 5.41 4.39 3.53 5.21 8.69 6.24
10.56 8.91 18.29 10.81 11.25 9.5 7.68 9.13 7.35 6.79 3.89 3.48 5.41 3.27 6.06 7.46 3.7 4.44 10.76 13.45 12.08 12.55 11.65 17.43 8.1 5.78 7.21 8.51 6.11 4.96 13.52 16.03 10.95 8.16 13.71 12.43 1.46 10.36 6.5 4.31 7.38 10.54 7.2 11.37 2.87 3.84 7.86 7.05 5.54 4.47 5.72 4.45 3.21 4.86 8.55 6.99 3.99 3.36 4.22 7.05 4.29 2.08 6.97 7.87
10.68 9.61 5.59 23.48 8.87 13.41 3.65 16.77 8.22 3.1 3.55 3.53 8.94 5.57 1.57 2.51 3.0 3.61 2.86 11.03 9.93 16.42 12.04 11.42 14.72 7.42 6.89 12.59 17.93 4.59 19.53 10.0 7.05 8.14 8.74 3.4 3.38 5.73 6.4 4.66 11.75 10.74 9.18 12.55 6.47 2.18 11.92 8.34 13.79 4.72 3.47 4.47 7.02 3.14 6.29 8.23 5.58 6.23 5.57 14.74 2.82 4.45 4.76 11.13
17.79 16.55 5.78 16.39 14.86 5.83 4.91 16.1 7.32 5.39 6.06 4.15 13.93 5.81 3.88 5.79 4.67 4.56 4.3 8.86 12.67 9.33 25.07 10.68 20.25 10.17 7.14 15.05 18.15 9.57 7.14 16.49 9.96 14.13 10.04 5.58 7.21 13.0 8.98 5.48 6.99 10.54 7.41 9.51 7.65 6.97 10.38 7.25 12.29 18.21 9.19 2.36 9.73 5.05 5.84 4.6 7.14 8.26 6.44 5.87 3.02 7.8 5.47 3.99
3.68 9.37 9.53 6.12 16.7 9.85 5.42 10.73 5.59 3.42 3.04 7.11 9.82 3.27 3.38 5.86 5.13 6.17 3.87 8.19 12.1 8.81 11.29 5.04 11.81 8.04 6.02 10.04 13.69 11.2 4.44 10.33 19.85 11.35 11.62 8.3 5.69 9.6 8.69 7.23 5.71 6.75 7.67 12.23 10.32 4.75 7.95 8.67 6.53 8.78 8.76 4.38 3.34 7.49 6.05 5.16 6.38 4.76 9.16 8.95 5.16 7.55 3.68 3.18
9.58 11.62 35.75 12.81 17.3 6.71 8.57 9.76 5.51 10.79 9.51 5.74 10.6 8.5 6.74 10.98 8.85 6.34 8.09 4.47 12.35 32.68 21.26 5.59 9.41 5.82 9.87 22.12 10.64 8.41 11.41 9.86 6.07 9.54 13.31 12.98 7.82 9.03 9.4 5.98 12.06 8.35 5.5 12.96 8.7 3.98 6.88 4.15 16.09 28.69 21.95 8.69 2.03 10.36 6.42 9.66 6.31 12.96 10.54 12.95 12.7 9.42 4.89 6.47
13.77 15.59 16.05 6.46 7.48 5.94 9.29 18.46 8.49 5.09 4.79 3.48 13.31 11.15 12.01 3.0 4.47 7.48 7.5 5.57 7.74 23.04 9.31 13.59 6.17 8.87 11.5 14.9 24.44 5.81 6.22 11.49 10.24 13.99 6.83 5.46 23.64 5.41 7.77 11.89 13.86 4.79 2.22 3.72 3.8 5.7 4.79 3.18 14.86 21.87 9.99 15.53 10.19 8.49 6.71 6.41 6.14 3.24 3.35 25.41 23.72 13.78 4.79 3.48
5.82 13.43 3.62 3.26 5.26 4.14 9.94 21.69 11.2 4.73 5.19 5.06 6.76 5.52 8.58 13.97 5.08 8.72 9.33 9.47 3.54 10.14 16.14 7.96 8.03 7.43 4.43 5.81 15.23 8.73 4.93 20.81 16.08 17.25 13.72 9.84 6.67 4.59 8.75 7.63 10.23 7.42 20.81 18.02 6.09 7.74 8.66 8.87 9.81 8.54 5.89 10.22 16.08 8.47 5.04 9.44 11.1 4.73 2.31 7.68 11.51 6.52 9.44 3.06
9.54 8.04 11.11 6.07 5.93 4.69 9.37 6.82 4.27 3.73 3.47 5.43 4.29 11.24 11.52 13.42 4.52 5.1 5.54 6.08 6.15 7.59 14.03 7.23 20.01 11.21 4.09 3.41 3.32 5.92 5.49 12.79 6.67 12.46 16.28 10.95 6.32 2.48 2.42 7.19 13.78 10.12 12.19 16.84 6.07 8.86 8.82 15.49 4.44 4.48 4.81 5.81 9.16 7.9 3.59 8.32 8.75 5.91 3.45 6.65 7.47 10.63 3.67 2.22
6.36 8.88 21.36 4.69 5.57 8.37 18.74 9.46 13.52 6.23 10.43 4.13 3.0 6.15 8.93 10.54 4.48 2.46 4.1 4.7 9.75 3.04 5.33 16.07 16.17 10.17 3.76 5.12 3.13 5.24 3.61 8.93 3.93 5.65 12.59 14.27 8.19 7.44 2.65 9.05 7.16 8.73 3.82 15.71 7.6 5.12 9.07 12.88 5.83 5.64 8.54 9.28 7.42 7.5 4.93 14.46 8.3 4.22 8.44 11.48 4.96 11.9 3.48 4.11
10.11 5.55 7.29 3.84 7.24 17.31 18.78 20.23 14.52 18.65 5.28 8.62 5.17 3.09 9.88 8.12 3.99 8.66 3.76 12.98 8.91 2.33 5.37 8.81 17.57 12.29 11.12 3.39 2.49 8.75 18.05 18.63 12.46 10.86 8.34 14.48 10.33 5.1 9.54 6.67 4.68 3.84 6.23 4.98 13.18 10.2 10.47 5.96 6.76 4.69 4.07 12.46 2.3 7.78 8.01 6.57 14.92 6.17 8.9 9.68 6.96 4.68 2.84 2.94
16.07 11.57 5.61 5.55 8.06 6.56 2.37 8.21 16.18 12.91 3.39 3.41 4.56 5.93 12.04 5.25 10.3 7.72 6.43 10.08 3.83 4.88 8.27 8.58 10.53 7.29 4.17 7.03 6.56 5.66 10.47 10.44 7.93 12.76 16.29 10.71 12.23 5.45 3.13 9.94 6.22 6.35 15.24 13.18 13.05 9.81 9.47 7.76 7.34 8.65 8.4 9.85 9.45 6.09 3.94 7.71 7.29 2.99 9.27 8.17 9.23 2.29 1.33 3.05
10.64 14.21 4.94 6.94 8.4 15.04 3.61 9.37 14.14 15.69 7.81 2.2 5.85 7.05 7.07 5.34 5.65 10.77 10.26 11.01 10.94 13.39 10.78 17.71 13.79 17.21 9.33 11.27 10.0 6.79 4.74 12.63 10.5 29.82 28.43 5.62 15.98 7.16 7.01 6.43 7.25 13.1 11.95 13.09 7.5 23.33 29.96 7.11 9.06 6.81 4.94 17.08 19.52 9.53 4.66 3.42 7.18 10.57 7.49 6.84 11.93 6.22 2.77 1.26
4.32 4.13 8.28 5.02 6.13 8.74 9.31 10.1 33.6 19.81 10.43 7.54 4.01 8.81 8.1 5.89 8.58 5.46 8.51 10.05 13.11 7.4 4.89 12.94 26.72 18.32 6.21 10.18 20.49 22.18 10.22 6.06 8.66 24.53 16.29 11.38 8.65 10.54 5.16 4.54 18.14 18.86 9.42 13.36 25.76 22.38 19.13 16.21 8.94 6.78 3.25 4.84 10.35 13.2 2.76 3.91 8.36 6.28 5.03 7.42 8.57 5.31 7.55 1.92
3.29 1.79 4.28 6.77 6.09 6.51 15.76 13.42 11.53 10.05 6.25 18.87 2.17 3.35 7.49 4.79 5.73 12.24 8.47 13.34 11.87 5.24 9.92 17.32 13.94 25.98 8.5 12.34 9.51 7.88 16.13 6.18 14.14 9.65 37.04 15.3 7.85 18.54 8.32 10.83 5.29 10.19 6.11 4.15 13.3 11.55 15.95 10.03 15.14 23.78 7.42 4.81 27.96 22.72 16.36 10.27 6.62 5.12 9.19 8.86 17.87 4.52 6.37 2.9
4.5 3.48 3.39 10.6 11.11 23.68 8.23 13.69 7.65 22.49 16.51 9.21 6.7 7.1 6.96 7.97 2.81 11.77 11.52 8.82 9.72 5.56 5.25 10.66 9.07 5.71 9.65 8.21 10.99 6.3 5.91 2.99 6.95 9.13 11.94 9.93 12.15 14.78 7.7 6.14 4.31 7.92 9.77 6.29 15.35 5.93 16.31 19.97 21.41 10.28 3.99 3.03 15.45 11.61 12.95 16.73 5.95 5.37 10.37 19.64 12.46 3.26 7.16 7.05
3.78 4.56 3.14 9.21 12.74 29.2 8.31 8.28 4.56 9.4 19.51 8.05 13.39 5.97 5.65 7.77 6.29 9.86 12.33 15.85 6.55 7.93 4.92 7.95 7.56 5.42 8.01 6.31 13.98 11.73 7.09 8.41 3.55 4.76 6.62 3.08 6.67 11.56 7.11 6.7 5.07 3.41 13.79 25.62 7.74 6.29 15.19 18.18 7.86 8.67 4.31 8.85 7.51 7.19 19.57 8.48 18.66 9.63 5.64 12.81 5.48 4.52 7.87 11.41
6.05 8.06 10.44 4.08 5.82 8.06 10.25 13.61 10.98 3.38 14.75 9.0 10.07 5.85 5.42 3.58 8.06 6.58 12.58 7.66 2.15 13.4 7.46 7.87 6.09 3.9 3.49 4.56 3.87 14.9 8.04 5.29 5.37 7.01 9.69 7.67 10.57 5.51 4.85 6.19 5.06 4.78 6.92 15.96 7.39 6.33 11.59 24.67 9.48 12.57 9.58 7.45 8.1 4.32 5.12 13.88 10.37 5.58 3.73 3.68 4.29 5.3 4.83 2.81
7.33 14.24 6.71 5.25 10.59 10.04 16.26 11.67 3.91 5.86 5.96 17.35 13.89 8.16 6.18 2.58 9.52 9.99 9.85 5.55 4.54 6.28 11.1 7.46 5.81 3.71 7.43 8.06 9.05 7.58 4.52 5.24 18.68 3.54 4.33 7.95 9.06 5.44 5.85 3.24 5.1 3.44 3.55 2.37 8.9 15.55 14.32 15.07 10.96 7.22 9.27 9.75 8.12 7.23 9.09 11.06 8.91 11.44 3.97 8.34 10.05 3.36 15.1 4.55
3.41 10.14 7.53 10.99 14.92 9.67 17.89 22.05 23.8 14.94 8.06 10.3 11.01 4.1 8.1 12.09 11.99 5.36 6.79 4.1 10.98 9.96 5.92 4.69 7.89 5.73 8.02 10.24 21.63 5.25 5.04 3.64 8.13 6.05 4.63 8.79 9.21 17.53 6.66 7.63 14.26 7.03 3.11 2.48 3.53 6.06 14.88 6.09 4.71 5.72 7.12 5.14 11.14 6.03 4.8 10.77 8.14 6.96 5.18 2.21 4.29 4.29 13.99 3.95
5.47 2.12 5.89 4.96 11.27 14.35 8.31 8.89 21.99 21.84 5.86 6.01 9.16 7.65 6.2 9.82 11.29 13.58 7.51 7.47 13.21 15.13 6.61 5.62 3.97 6.09 16.43 14.68 22.22 8.43 10.7 12.44 4.57 8.22 4.36 3.66 6.7 7.91 5.19 7.11 14.14 3.27 1.92 2.99 5.49 11.66 8.37 9.16 8.79 8.75 6.91 7.73 11.37 4.5 7.4 8.93 10.03 5.41 5.1 4.49 2.33 8.03 9.79 2.19
10.64 7.6 8.68 7.42 13.01 18.32 18.81 7.02 10.74 13.11 11.87 5.46 4.11 3.14 4.46 9.35 8.92 4.79 11.74 12.6 10.53 12.76 7.43 3.15 4.46 2.99 9.69 15.32 7.9 8.23 9.58 4.7 7.52 16.45 5.82 8.37 7.51 11.92 13.78 8.28 8.96 5.35 3.9 3.51 1.78 7.33 7.24 19.25 8.77 11.15 14.15 7.21 10.15 7.08 12.35 8.75 13.16 15.36 4.54 6.63 4.55 26.16 6.86 5.47
6.8 11.21 6.35 4.92 12.7 29.55 14.46 4.07 8.01 5.75 12.57 9.74 5.13 6.41 5.33 8.62 14.65 5.32 4.64 7.18 14.15 14.69 17.35 9.49 24.23 7.96 7.84 5.69 5.42 10.97 8.65 5.61 2.39 9.07 13.82 16.65 12.35 13.36 15.05 14.05 9.68 6.85 4.28 4.57 2.41 8.15 8.06 15.19 10.09 11.84 15.58 10.88 14.14 5.01 13.51 9.04 11.99 10.23 4.03 5.08 7.68 8.04 10.49 11.12
4.73 14.53 5.69 5.47 9.99 10.42 5.23 6.81 5.74 3.38 3.69 13.43 5.49 4.82 5.99 4.74 6.73 4.28 2.54 5.95 13.63 5.14 8.2 19.01 5.76 4.67 6.99 10.8 9.73 13.04 22.4 6.95 7.19 13.32 14.76 32.04 16.77 4.72 13.97 5.55 8.56 11.42 21.23 10.3 4.8 9.17 17.72 4.55 4.2 9.63 14.21 4.77 3.71 4.65 3.3 5.09 3.38 3.52 9.93 7.06 6.36 12.31 10.35 11.62
5.19 3.0 9.88 7.75 8.59 5.33 4.55 5.3 6.97 6.81 8.56 9.07 5.62 5.24 5.94 5.0 2.2 2.43 4.08 9.62 5.34 7.51 6.95 11.89 13.28 5.67 3.56 5.21 6.7 10.33 23.0 7.76 2.78 11.66 6.09 15.34 14.86 7.3 4.45 4.14 8.44 16.29 19.36 8.65 8.81 12.3 12.48 5.18 8.99 6.84 7.17 10.47 6.04 6.26 3.17 6.36 4.4 5.89 3.55 3.84 14.07 8.44 9.61 15.41
9.58 4.77 19.19 15.12 17.46 5.5 9.37 6.12 15.24 5.85 6.69 10.71 12.58 7.06 16.56 5.95 2.07 1.95 2.75 6.96 5.84 7.93 8.53 21.75 34.62 14.38 3.9 5.72 7.94 4.8 6.74 5.21 3.21 18.77 5.41 12.72 8.45 8.41 8.85 11.79 9.64 6.59 13.9 10.47 3.45 9.26 6.62 5.02 9.08 8.12 5.92 7.35 10.77 11.54 7.34 7.32 4.68 3.09 3.95 4.47 8.85 7.92 14.69 10.91
11.88 6.24 6.39 12.77 12.07 6.63 3.8 6.5 8.71 3.32 4.13 3.81 4.89 9.37 9.79 8.62 4.5 1.96 3.38 3.42 11.27 8.99 7.52 13.24 27.66 20.87 6.28 7.17 5.4 5.92 4.08 5.29 8.39 9.17 7.7 1.5 4.84 1.79 4.66 5.91 6.78 5.53 6.55 7.3 4.91 11.02 5.76 10.49 12.24 4.75 3.81 7.05 16.33 9.52 8.75 6.34 3.76 5.28 4.47 5.79 6.96 7.59 7.4 6.18
16.11 14.98 8.68 5.99 10.64 9.49 10.06 7.39 20.7 13.52 8.81 4.93 2.79 8.69 7.61 9.28 3.5 5.44 3.03 6.76 12.41 12.72 6.35 13.06 23.19 14.31 6.92 10.64 15.64 9.03 5.57 3.64 12.96 22.25 10.41 4.63 10.91 7.23 9.44 4.61 5.41 2.27 2.54 5.51 11.91 9.09 7.58 5.17 17.18 3.55 4.13 8.02 13.4 5.89 5.78 7.46 6.21 14.04 7.73 9.25 14.61 13.13 8.74 4.25
8.3 9.63 11.05 2.82 3.76 9.31 17.67 9.22 13.71 18.61 6.55 10.97 4.15 12.88 15.77 18.34 6.49 11.25 12.55 6.83 9.13 8.76 5.62 6.63 8.16 10.43 12.27 11.52 4.44 14.47 6.12 0.96 5.87 7.51 5.25 10.89 9.1 15.76 7.94 8.29 4.19 2.83 3.1 3.08 7.2 10.36 17.1 6.4 11.81 9.97 8.7 6.81 6.84 5.23 3.61 5.31 9.5 10.91 12.89 7.23 26.35 25.42 15.57 15.97
21.23 17.66 5.66 7.28 6.32 8.14 12.24 8.57 7.44 7.3 7.91 8.81 13.24 6.11 15.08 11.61 14.58 18.37 11.02 7.0 5.55 4.5 12.72 11.05 9.2 21.05 29.65 15.17 11.99 20.96 7.3 4.31 8.23 7.02 6.95 12.56 4.75 5.99 5.14 12.27 6.19 7.12 10.91 3.85 3.11 11.71 8.53 5.21 10.88 5.84 8.63 17.55 3.23 5.87 4.27 7.56 17.0 27.65 16.14 11.23 20.66 21.26 19.19 10.39
57.2 12.3 6.49 6.1 9.06 7.53 8.7 27.24 10.79 10.89 21.35 4.97 11.6 5.02 7.22 11.2 7.71 8.92 9.0 8.98 5.58 6.38 11.05 15.67 15.83 16.04 11.23 14.12 23.46 6.09 12.29 13.03 4.44 5.77 9.34 16.0 9.72 5.46 9.43 8.59 7.28 5.6 11.47 6.37 4.13 8.76 12.34 7.18 7.99 7.05 6.02 44.42 8.02 4.54 8.31 4.4 4.04 17.3 14.63 9.4 10.97 13.07 13.59 4.69
25.23 27.19 5.4 2.27 4.8 9.46 7.32 14.95 5.76 22.24 12.1 9.53 3.89 8.83 9.7 9.13 14.79 16.06 4.16 3.36 8.8 3.1 2.46 10.82 14.69 10.09 7.8 9.14 17.73 28.55 21.64 4.46 19.37 6.17 14.54 9.06 28.43 9.36 13.76 5.53 9.79 6.44 8.94 6.48 5.5 11.08 10.49 26.63 33.46 7.52 8.72 16.87 16.91 5.54 4.69 3.98 7.33 3.93 7.47 18.98 11.22 13.98 18.94 25.84
21.77 13.51 9.74 4.27 12.2 9.27 9.89 5.2 4.92 20.11 8.75 8.37 7.31 26.39 9.17 9.81 16.22 6.58 9.72 5.92 7.53 2.39 3.68 9.72 13.04 5.97 16.89 9.91 7.64 16.66 14.6 6.41 7.92 4.46 10.34 18.9 15.37 14.65 10.8 25.32 9.09 16.28 12.89 9.44 4.84 6.16 14.91 29.92 13.39 5.87 7.67 9.77 15.84 6.07 8.32 5.7 7.31 5.98 4.48 11.39 9.78 5.53 19.48 13.22
16.96 13.44 13.01 8.2 10.45 6.01 9.11 1.77 4.85 10.57 8.64 13.55 8.16 11.0 12.05 4.96 6.3 4.64 6.62 6.65 4.78 1.58 6.34 6.63 3.47 10.73 7.42 9.82 13.95 9.99 15.73 9.04 5.79 8.74 7.77 18.54 7.23 16.34 9.68 11.56 12.57 10.49 6.57 4.49 5.65 11.87 26.32 12.75 14.65 7.58 3.77 15.08 12.2 7.9 9.24 8.29 11.08 8.06 6.46 3.73 13.2 13.25 8.54 9.44
16.59 13.33 6.94 18.01 5.81 7.2 5.93 8.57 8.63 7.37 17.74 37.82 32.69 19.03 9.15 6.13 7.37 8.38 6.28 3.16 12.49 4.8 7.25 8.69 7.18 3.08 8.73 9.86 13.85 4.55 12.04 9.6 7.94 6.59 4.52 10.93 14.19 7.71 9.7 13.18 9.55 3.55 3.01 4.25 15.86 15.55 14.57 27.59 19.96 7.47 5.77 15.72 11.65 8.0 9.88 20.07 9.85 11.4 5.76 4.58 7.11 20.8 5.48 12.85
6.08 11.17 2.27 6.23 8.0 6.71 3.73 8.55 6.18 12.52 25.75 8.13 8.67 13.47 4.65 6.67 6.44 8.59 11.9 6.3 5.56 6.31 8.4 8.38 3.42 6.72 16.04 5.38 9.29 7.72 5.44 5.88 9.18 4.47 1.48 5.57 12.26 3.92 2.85 2.19 5.3 5.84 7.44 3.42 3.46 6.3 4.48 11.07 6.71 4.53 4.11 9.01 24.01 4.51 10.51 5.54 19.73 7.42 4.59 7.08 5.39 7.72 7.58 17.09
3.29 6.84 3.88 6.62 10.61 6.64 3.88 5.16 14.03 11.1 18.92 9.03 4.55 16.3 10.52 3.19 9.29 8.32 18.19 30.45 8.09 3.26 7.8 6.07 6.06 22.33 4.59 8.6 6.49 11.38 3.45 3.29 3.58 6.31 4.37 7.31 7.45 4.61 4.82 3.0 3.24 6.77 6.79 2.94 7.66 13.15 10.41 14.58 4.6 7.66 3.73 4.95 11.32 8.06 5.19 5.75 14.8 5.16 4.85 7.77 7.58 6.93 8.38 12.29
4.41 3.27 2.92 7.52 5.54 1.5 9.1 10.69 10.67 12.16 20.88 14.0 7.52 10.86 10.83 3.39 6.47 4.66 15.18 6.34 5.08 6.85 10.0 15.5 8.66 35.29 8.47 10.61 4.86 4.62 4.09 5.3 1.91 4.19 6.03 8.05 7.51 9.34 9.63 3.07 1.87 4.9 2.99 2.56 6.72 7.8 7.08 11.89 10.8 9.42 2.36 3.08 4.03 6.8 4.65 5.85 1.54 7.58 6.19 5.57 5.15 6.87 3.97 9.61
3.51 2.75 3.14 2.32 2.17 2.84 12.13 8.45 9.5 18.92 12.15 3.8 3.04 5.69 7.61 9.11 9.68 10.57 13.77 2.06 3.1 7.62 8.46 8.13 8.59 10.39 10.98 11.42 10.58 5.42 12.25 14.86 7.68 11.08 4.4 8.81 9.71 4.96 3.68 6.56 3.55 3.45 4.45 6.75 4.96 4.07 3.08 5.81 7.85 9.64 4.24 6.72 3.27 2.73 4.14 6.8 3.42 3.31 10.53 6.32 4.83 4.71 4.55 6.1
2.01 6.96 2.92 5.17 2.53 5.83 13.76 7.95 7.95 19.46 23.13 7.3 4.01 3.09 5.44 5.41 6.27 10.79 5.86 7.39 3.07 10.12 8.33 11.1 6.31 7.4 16.83 5.81 10.03 4.83 10.55 9.51 8.43 12.84 9.39 11.37 13.81 9.05 5.64 4.44 3.75 1.19 4.84 7.04 2.97 1.35 4.07 6.98 7.01 8.05 9.29 4.55 6.23 1.57 3.63 3.61 1.4 5.2 14.29 5.6 6.44 11.35 9.75 3.62
5.39 6.44 4.33 3.29 3.66 7.17 13.7 7.3 7.84 14.41 44.5 21.39 9.25 12.62 4.32 6.02 5.09 4.54 7.89 3.89 4.03 5.19 10.62 7.54 11.33 14.48 5.6 5.78 3.97 4.75 3.74 4.12 4.12 14.57 4.79 5.24 9.72 9.09 7.87 7.41 5.07 5.28 5.4 2.82 3.01 5.23 3.54 3.54 6.09 10.07 21.16 7.41 6.59 4.6 4.02 3.05 8.06 15.55 7.76 8.02 3.62 8.18 8.22 8.33
13.8 7.84 5.87 9.36 6.33 3.46 5.54 13.82 12.96 17.77 25.05 9.14 15.95 11.75 4.81 14.24 9.18 8.48 6.8 5.51 5.34 2.99 5.35 15.93 11.7 8.78 2.44 3.4 6.2 9.29 3.11 11.74 12.21 8.12 9.71 5.1 3.72 3.5 10.05 4.62 6.25 13.83 4.39 9.09 1.93 2.05 4.13 4.36 2.12 5.89 11.49 10.9 11.47 5.22 6.04 4.7 5.57 7.45 10.32 8.39 5.55 4.46 13.37 7.22
13.94 19.91 8.75 6.04 2.97 5.2 4.34 7.34 7.5 18.91 17.37 13.98 10.8 5.49 7.45 3.22 7.64 11.4 10.32 9.49 6.13 5.37 5.04 9.13 8.27 4.96 2.42 2.83 5.33 4.88 6.64 6.14 16.17 9.34 11.07 4.25 5.7 3.14 4.01 4.87 3.22 6.5 6.48 3.04 4.49 3.39 2.95 4.97 5.03 12.71 5.07 12.4 11.29 11.33 2.53 2.64 2.66 5.16 9.43 10.8 7.81 6.81 10.4 10.51
9.55 16.52 10.29 8.23 6.66 3.57 5.92 11.76 3.88 19.65 18.61 9.33 19.82 8.41 5.08 5.9 6.37 9.29 3.02 6.59 4.77 16.26 8.84 9.9 10.06 15.99 5.23 4.2 3.95 7.16 7.76 6.02 4.05 4.23 11.42 3.29 7.51 4.65 2.59 5.82 5.35 5.14 8.35 2.09 3.64 3.92 7.98 4.63 15.28 7.01 3.13 4.9 6.96 8.45 13.18 6.13 5.86 13.34 28.87 10.22 12.0 5.26 10.1 20.25
8.02 4.52 12.79 13.94 8.63 12.2 5.4 8.19 4.86 6.46 13.7 10.42 22.11 19.66 7.76 8.5 11.58 15.31 4.07 8.91 2.45 5.88 6.07 5.19 12.47 8.61 11.16 4.86 6.0 3.98 11.94 5.6 1.79 4.64 8.79 5.16 5.13 6.63 4.29 5.51 5.12 8.77 2.77 2.52 2.14 7.8 12.61 3.75 15.75 17.26 6.21 3.41 8.67 8.06 8.89 5.02 4.22 7.37 11.88 10.82 4.33 4.38 6.62 10.56
8.97 6.09 16.37 6.91 7.88 11.36 9.65 5.69 7.1 10.99 4.74 10.18 10.28 6.38 5.41 14.49 17.54 9.04 8.51 11.53 9.44 2.02 3.14 7.41 7.0 4.84 3.59 3.23 7.92 6.23 7.78 8.99 3.01 4.25 7.84 7.24 5.18 3.07 9.58 13.82 4.04 8.05 1.62 3.67 3.41 5.26 10.38 15.32 7.0 10.82 8.36 8.6 5.27 5.91 10.25 7.8 8.03 7.39 14.38 31.51 9.56 7.14 7.21 6.14
11.26 7.99 4.75 6.46 10.46 8.04 13.43 11.87 5.6 6.6 6.48 14.11 10.41 7.95 7.56 5.24 19.93 7.62 9.06 6.91 9.5 3.34 6.29 9.4 7.34 6.01 1.8 2.5 2.0 10.77 4.75 4.47 3.05 1.74 12.08 5.07 7.83 7.58 6.37 9.47 3.41 5.17 4.77 2.81 3.6 3.75 4.99 9.6 18.57 10.64 8.6 3.78 7.42 9.75 8.98 10.29 5.64 10.83 15.88 11.51 3.79 8.52 5.81 9.87
6.73 5.25 7.32 12.58 11.34 22.44 11.72 11.33 4.8 3.17 11.12 5.47 7.63 9.22 8.91 5.12 9.55 13.49 10.63 6.59 2.82 5.56 4.84 5.79 9.5 11.35 4.04 2.77 3.8 11.25 11.64 4.01 9.84 5.12 9.38 4.21 8.12 7.31 5.95 6.06 5.77 8.0 7.88 1.65 3.53 2.33 4.24 3.69 11.86 6.46 3.51 5.69 14.13 13.34 9.26 3.29 4.43 17.01 8.54 7.22 8.36 9.91 4.79 13.33
