7.24 14.28 18.31 12.03 17.37 6.1 6.14 10.47 3.84 11.28 8.69 13.31 6.72 7.8 6.83 12.29 18.23 4.58 4.32 10.41 6.53 4.9 8.01 7.19 4.44 5.07 4.12 6.01 9.44 8.16 6.58 4.5 1.6 3.45 6.02 8.58 5.62 12.5 5.77 4.55 4.67 6.02 6.54 7.23 4.67 5.82 6.98 12.7 9.06 6.62 5.82 8.35 6.04 3.42 9.06 10.7 14.47 2.66 2.85 5.95 9.47 9.9 8.46 8.32
9.12 11.89 18.41 15.5 12.14 3.13 30.74 12.5 13.37 11.24 9.84 15.43 10.77 10.91 4.56 6.11 11.78 3.91 4.33 8.56 5.26 7.55 5.05 6.19 5.67 4.14 13.47 10.68 7.67 6.82 3.15 2.54 1.88 6.53 8.27 4.16 8.45 4.94 10.11 5.45 7.85 6.31 5.7 6.24 5.12 8.39 6.07 11.0 9.8 6.31 7.95 4.32 9.62 3.11 14.57 5.57 4.34 2.67 3.7 4.84 7.69 14.18 10.27 12.22
10.37 7.71 22.19 13.54 6.33 9.24 6.23 9.23 7.39 17.29 36.51 8.3 8.03 13.26 15.79 8.44 6.86 3.23 2.49 11.07 5.2 4.24 4.4 4.55 5.21 4.03 11.07 6.32 5.8 6.37 8.49 6.5 2.18 2.48 4.9 3.89 7.01 5.2 12.84 3.2 11.31 8.3 11.07 5.89 10.3 7.95 2.92 8.5 7.57 5.69 5.31 6.73 7.61 5.08 2.74 4.2 8.05 5.95 3.85 7.79 7.34 6.81 15.85 10.49
12.41 21.0 19.66 23.11 6.0 3.22 6.91 11.18 3.45 11.61 10.38 7.45 10.84 7.08 8.61 4.32 5.63 3.5 3.71 6.3 9.31 8.6 4.81 3.66 10.07 5.14 4.68 17.84 7.52 7.37 14.17 6.88 7.92 2.96 13.8 6.16 4.45 4.6 2.84 2.61 5.15 4.58 7.45 7.79 8.81 3.45 3.48 3.16 4.54 7.72 8.18 10.94 20.05 5.68 3.36 7.89 6.68 7.36 4.1 4.92 16.27 8.28 13.45 9.59
8.33 7.17 13.59 22.61 11.6 6.17 9.53 16.29 9.49 15.78 23.58 9.18 8.47 5.46 6.04 7.13 9.58 3.58 1.72 5.93 9.82 9.33 9.69 4.24 8.65 7.92 6.78 4.18 7.57 8.72 10.54 8.08 19.18 9.54 18.23 5.35 7.17 3.12 4.73 2.91 2.6 8.73 12.25 11.06 9.66 3.54 3.96 2.55 8.44 10.89 19.53 15.26 4.5 9.58 17.2 12.5 10.15 20.88 2.93 20.4 8.1 6.56 13.46 13.59
3.76 6.17 6.97 11.98 5.07 5.17 15.04 15.7 12.61 17.61 7.0 6.83 10.3 6.22 6.12 5.55 11.97 8.49 6.62 10.72 10.83 11.93 7.1 6.71 7.09 3.6 5.73 5.02 10.35 8.02 5.38 8.56 9.2 7.71 8.41 9.18 6.04 3.93 5.61 4.42 5.31 4.27 8.29 9.81 7.0 9.22 6.68 10.66 8.73 11.27 5.21 6.42 6.23 11.63 23.68 20.51 11.77 5.37 8.54 4.93 9.17 2.1 2.27 10.79
8.22 9.34 7.09 4.76 4.8 5.53 18.76 12.7 21.92 14.76 7.68 12.68 7.76 3.62 3.06 3.6 6.2 14.11 10.77 22.29 20.5 17.37 7.69 12.98 5.75 3.72 2.96 12.35 13.41 17.6 6.94 8.41 6.3 9.33 14.86 5.21 9.32 11.95 6.96 7.13 3.28 3.65 17.73 7.18 8.95 8.97 11.42 16.2 13.14 6.13 7.4 6.67 5.31 8.55 19.75 14.32 8.96 7.3 7.86 8.09 6.05 2.49 2.34 7.76
9.67 15.08 9.14 5.34 3.33 6.58 12.57 13.81 9.3 6.82 20.51 10.87 3.54 5.81 5.46 5.19 3.3 7.67 16.69 19.43 25.39 28.48 13.96 11.09 8.22 4.05 4.11 6.55 24.48 10.61 11.33 10.21 11.31 13.28 9.57 9.41 11.56 4.85 8.57 6.04 6.47 4.6 4.32 6.42 9.37 7.72 12.92 15.78 14.97 14.34 5.71 4.1 4.29 17.11 11.58 7.99 6.52 7.4 4.82 7.18 6.61 4.76 2.12 2.19
16.22 19.63 5.79 5.35 4.82 5.17 14.72 11.92 9.59 7.76 6.59 7.03 3.8 5.28 8.97 5.03 4.06 4.24 6.88 17.76 16.86 17.91 7.49 7.73 8.55 15.95 9.3 13.31 10.66 14.15 7.02 6.89 10.96 12.19 18.42 10.0 12.62 7.26 6.42 6.18 4.84 5.27 4.13 5.69 4.96 6.41 4.88 9.52 10.54 7.46 4.14 2.5 5.1 18.26 15.43 9.17 9.14 3.27 4.69 7.29 3.35 8.77 7.42 10.23
8.93 10.9 10.82 8.97 14.87 4.02 9.03 6.45 5.5 7.3 10.27 6.18 4.95 5.92 5.71 4.6 4.51 6.14 19.35 14.97 50.98 10.25 2.9 14.44 9.28 10.44 14.09 8.13 15.07 10.88 4.4 3.31 7.32 6.53 12.58 14.09 10.53 6.89 16.79 6.9 4.19 3.64 5.34 4.61 6.18 10.64 6.03 5.6 6.66 13.63 3.75 5.07 7.59 7.86 12.92 14.17 4.07 5.98 3.19 14.88 9.97 11.58 7.04 17.54
27.49 17.56 6.82 11.38 9.62 5.21 11.37 9.66 7.62 4.69 10.28 9.1 6.8 5.77 3.99 6.24 9.07 12.94 23.99 29.7 22.17 10.73 13.88 3.4 7.74 10.26 14.3 10.86 8.75 7.41 3.8 5.52 5.88 5.12 8.29 6.3 12.35 8.06 7.54 5.8 3.68 4.37 5.02 3.91 8.53 6.58 3.43 9.68 17.09 8.13 6.72 9.53 6.9 9.42 6.6 9.22 5.25 8.37 4.49 5.57 7.2 13.54 17.95 8.27
14.59 41.43 11.29 6.67 7.74 6.15 10.64 8.44 10.06 15.55 13.56 17.71 7.1 9.59 8.88 5.6 10.76 16.36 15.75 9.92 6.38 6.95 4.5 8.57 5.32 3.22 12.33 5.26 6.91 9.28 12.44 6.78 4.41 5.73 7.02 10.24 12.89 9.61 13.24 8.92 2.35 4.0 8.41 7.54 5.03 3.98 3.9 7.64 15.14 6.53 7.36 11.4 4.71 2.76 3.2 6.18 9.58 8.53 1.46 5.04 8.37 22.16 14.15 7.11
14.48 16.91 25.79 7.39 4.28 11.48 12.78 21.12 5.36 5.22 30.65 19.1 25.68 27.8 9.92 9.53 18.18 5.7 5.28 3.36 6.28 2.86 4.58 9.5 8.7 6.29 18.28 7.35 15.08 13.46 14.07 7.9 8.33 12.91 6.28 10.47 15.96 6.64 3.64 4.82 4.78 12.78 4.76 2.32 3.36 5.38 8.39 7.97 8.68 5.17 3.01 7.54 3.46 8.52 4.33 4.86 10.38 5.53 6.82 9.25 9.83 16.34 11.42 8.0
4.67 10.35 25.21 11.0 17.36 13.04 7.34 10.03 5.77 9.32 9.1 15.83 10.18 19.17 12.63 14.13 10.6 5.24 4.69 4.24 4.37 3.44 4.62 11.55 9.38 9.93 19.73 9.38 4.61 18.65 16.18 6.89 11.51 22.83 17.77 21.35 4.29 5.14 6.7 5.67 6.77 12.15 6.97 5.62 3.98 4.41 5.68 4.84 9.09 2.93 1.97 5.16 2.64 4.23 5.13 3.95 12.95 7.4 11.6 7.48 8.6 10.11 10.91 6.57
9.62 13.39 9.94 9.56 20.89 17.78 5.7 8.87 11.5 14.37 9.99 13.55 11.13 17.13 16.19 4.65 6.74 6.21 6.34 9.81 9.17 3.27 3.98 11.04 10.05 10.33 18.52 4.52 5.34 7.93 5.62 6.19 7.34 15.65 7.18 7.89 4.09 7.48 7.08 9.52 3.29 9.35 7.82 9.19 5.93 7.28 9.64 13.15 7.52 7.12 2.78 6.26 6.42 4.85 5.19 3.0 4.14 7.19 5.51 16.99 5.76 6.74 6.55 7.27
7.17 16.35 9.98 10.59 18.55 13.27 13.94 6.01 5.79 21.38 12.81 21.11 17.33 13.65 8.92 4.97 5.84 6.51 7.07 14.37 10.6 6.14 6.67 13.36 4.5 14.08 11.21 7.09 7.46 9.85 8.27 13.41 12.21 20.77 8.62 5.08 3.54 4.08 8.24 5.82 2.9 2.61 9.11 12.48 3.37 11.86 2.84 2.75 10.09 4.95 11.62 7.24 6.63 9.12 6.45 7.8 11.63 8.89 3.48 4.77 5.62 3.77 4.95 13.85
5.98 14.27 15.88 23.13 5.88 10.96 5.99 5.68 6.87 5.22 14.0 16.58 12.44 11.06 6.65 9.09 5.02 8.75 10.36 20.09 10.21 4.88 4.28 2.67 15.86 8.52 7.89 21.06 9.98 15.1 6.38 11.04 30.37 27.35 8.05 3.54 3.2 4.66 3.94 4.61 2.56 5.5 15.31 12.46 12.73 9.32 4.14 8.86 3.25 7.2 5.2 6.78 10.04 11.15 11.42 11.75 13.63 21.16 7.16 5.83 3.75 2.12 3.48 5.47
4.37 20.07 11.44 10.82 11.14 8.1 4.87 4.74 6.17 3.21 6.93 10.17 6.45 10.8 11.71 6.26 8.38 15.23 11.59 7.33 6.83 4.08 3.72 6.5 7.6 9.08 6.68 7.27 11.98 8.64 5.49 9.41 10.52 25.04 3.82 4.42 3.34 2.55 1.65 1.69 4.8 10.78 14.57 8.55 14.49 20.55 9.01 3.05 2.79 5.57 12.68 11.86 6.63 6.93 17.26 21.47 15.3 19.47 4.53 5.17 5.38 3.68 4.58 8.8
4.5 7.15 10.22 5.81 9.5 5.11 4.27 4.45 6.87 9.17 11.04 8.64 2.71 8.36 22.51 15.08 6.04 19.15 26.66 10.04 3.32 7.59 4.59 7.27 17.35 5.81 4.45 10.23 4.12 4.91 12.61 9.55 18.32 14.03 4.57 2.58 8.6 4.5 5.43 5.36 1.97 4.44 11.56 21.33 18.67 14.13 18.48 7.01 6.43 5.52 14.23 7.49 12.22 13.73 7.72 12.76 14.87 19.04 7.51 11.6 9.16 2.73 4.01 10.87
20.56 10.64 3.64 8.79 5.71 5.67 5.65 5.65 22.59 4.98 4.37 8.46 2.88 6.67 14.31 9.84 8.43 8.73 14.14 13.25 6.74 3.52 3.64 5.91 8.0 7.64 10.35 4.89 2.89 5.45 4.53 11.9 13.22 9.51 9.33 4.85 12.1 5.67 4.73 5.9 3.36 3.76 3.82 24.75 11.53 10.44 42.69 11.4 6.78 9.43 15.97 17.63 20.3 10.94 9.72 15.06 39.39 21.43 15.69 12.86 14.84 4.27 5.52 9.38
4.43 4.89 13.11 9.38 10.97 4.08 7.98 7.8 7.31 8.34 11.43 8.69 5.43 5.98 7.21 9.21 6.64 5.22 5.44 8.77 7.28 9.49 13.83 11.47 5.03 17.24 3.08 3.76 3.17 2.42 7.32 21.5 30.05 11.43 9.93 11.4 12.44 4.5 4.31 5.52 5.76 3.38 4.78 7.05 11.32 9.71 15.42 12.29 17.17 18.65 11.8 5.65 8.36 8.58 9.06 16.34 14.22 20.98 15.81 3.63 13.94 11.3 7.17 7.75
4.79 4.01 9.33 11.16 15.69 14.65 9.63 5.05 6.79 9.91 4.48 9.07 3.1 4.82 4.97 4.77 5.99 12.45 7.3 10.13 3.61 8.02 10.11 20.23 15.33 19.36 10.34 2.88 5.33 4.77 11.45 10.0 11.88 19.56 20.26 10.04 7.16 6.37 8.27 5.67 11.74 11.29 7.12 3.47 18.78 24.56 23.88 20.02 13.91 3.75 9.3 16.37 7.63 9.62 15.44 19.92 14.17 7.48 15.74 5.31 10.22 3.24 6.07 6.6
6.81 3.63 7.6 8.21 11.96 12.83 10.94 9.05 5.03 3.27 8.64 9.56 6.22 3.85 3.85 9.43 16.34 17.9 11.09 5.09 4.2 3.91 4.42 17.94 10.6 9.66 7.69 16.68 7.71 6.99 8.5 4.67 9.21 6.18 8.48 6.92 7.51 8.48 5.36 7.27 11.36 7.46 7.45 7.63 12.28 12.4 12.51 13.83 10.93 6.02 3.86 12.26 4.53 3.94 9.59 15.95 16.44 13.06 8.8 14.01 11.65 10.9 2.91 7.42
14.35 5.49 7.1 13.01 4.65 15.01 11.41 8.34 6.18 8.47 6.34 11.15 7.53 5.15 7.89 9.09 11.26 14.78 12.04 18.15 4.92 8.23 2.97 8.13 4.0 6.7 17.73 5.78 7.6 7.52 5.65 4.22 5.07 4.95 7.01 3.87 9.96 8.16 6.79 6.11 11.46 6.32 6.17 4.9 7.06 11.38 12.91 32.62 11.3 8.82 6.12 4.15 8.54 7.06 10.44 6.31 6.83 31.94 18.67 4.76 3.79 6.88 5.33 3.7
6.91 8.07 22.58 7.46 7.01 13.71 11.94 10.84 31.21 17.0 10.34 10.17 9.24 7.27 3.87 6.58 7.86 16.52 14.31 15.67 12.77 4.87 7.73 10.04 3.41 4.79 10.1 12.14 5.08 3.71 5.31 8.6 5.9 4.41 4.33 11.22 7.29 2.83 6.08 3.93 3.23 4.09 4.18 6.79 5.22 7.73 11.08 12.59 11.07 19.66 11.87 11.31 12.72 24.11 23.04 44.1 24.61 8.85 19.3 9.58 3.26 8.76 6.1 10.06
4.49 6.8 4.08 21.69 6.16 10.49 11.96 5.22 15.72 11.05 27.06 17.14 13.8 8.38 4.14 6.04 7.17 10.11 7.66 10.5 8.16 4.91 6.73 5.38 5.87 12.73 11.33 6.75 7.16 4.07 2.83 10.57 10.62 6.35 5.99 3.76 5.04 3.44 7.66 4.59 2.8 3.03 3.06 6.64 4.94 6.2 9.42 4.74 8.55 6.72 8.48 11.77 15.41 15.14 24.9 21.24 15.45 10.93 8.01 3.27 6.72 6.17 5.05 9.42
6.69 7.09 3.84 12.56 4.68 6.07 6.99 4.27 10.7 8.17 11.61 7.54 9.24 9.93 10.86 9.86 5.36 9.96 11.47 9.43 3.22 5.29 7.15 2.97 5.72 6.49 8.67 7.0 8.2 9.86 9.1 3.99 9.06 17.99 13.57 8.59 5.62 5.72 11.88 10.37 2.1 2.05 7.01 6.87 10.17 7.72 4.91 6.32 7.26 7.3 23.92 7.87 7.5 6.92 9.0 11.93 12.25 11.33 7.45 5.36 10.34 5.15 2.72 10.17
10.71 3.79 8.62 7.1 4.11 4.73 4.08 3.85 11.0 7.48 3.45 6.02 9.88 8.32 4.18 7.77 14.06 3.91 13.61 3.59 9.35 8.93 5.96 5.02 5.14 5.99 8.32 6.93 10.78 10.8 6.98 6.11 11.12 19.07 10.08 4.76 10.4 6.41 13.94 9.12 3.86 5.74 5.71 10.04 7.03 5.06 6.74 3.06 6.75 10.84 10.88 12.29 9.59 6.09 4.36 5.07 12.32 18.22 14.45 9.79 8.81 9.45 14.15 16.49
3.94 3.5 7.39 4.11 3.14 4.3 3.47 3.42 8.8 3.44 5.65 5.53 17.31 9.24 3.26 8.59 4.92 4.75 13.62 7.13 9.15 6.28 5.83 4.37 8.3 7.29 7.69 12.97 11.05 7.46 10.93 10.5 25.71 21.61 8.91 6.03 7.63 5.81 5.85 6.5 4.59 8.22 11.04 4.17 3.58 6.37 14.4 7.82 10.18 6.32 10.02 10.43 9.47 9.32 8.19 5.97 11.56 5.9 8.46 6.97 15.97 5.35 9.06 16.7
3.04 1.79 1.56 2.46 5.21 2.27 5.39 6.1 7.2 8.22 4.89 11.93 4.05 3.8 8.7 12.04 7.41 16.91 11.13 5.52 4.62 7.48 6.23 2.24 5.8 5.58 4.83 13.8 7.5 6.95 8.9 12.73 22.88 11.82 14.51 12.1 8.4 8.27 5.06 4.84 12.33 11.1 12.07 6.53 4.12 4.55 24.31 15.99 7.62 7.29 11.32 7.24 5.23 7.32 5.47 18.73 13.06 9.73 10.05 10.34 7.86 4.93 11.2 15.33
3.22 4.56 1.62 3.3 3.29 6.47 3.48 8.44 8.82 6.08 5.77 4.8 2.32 3.6 10.46 10.2 15.15 7.82 16.38 9.31 11.02 8.77 4.93 6.81 3.98 8.0 6.4 6.2 8.07 6.59 11.27 20.46 26.76 20.1 21.6 8.41 8.76 10.87 7.78 9.31 19.11 14.01 10.26 12.06 7.88 10.6 17.98 9.91 7.96 9.47 3.3 5.79 5.27 3.57 3.58 6.05 9.77 7.22 10.42 13.78 11.23 8.27 4.48 13.86
6.71 6.33 6.16 4.56 2.24 3.51 4.94 6.65 4.86 5.7 6.3 5.49 2.48 3.11 2.87 16.76 6.57 3.46 11.08 6.0 5.92 5.13 5.97 11.22 7.78 15.05 4.91 4.34 10.88 4.97 4.91 18.49 12.11 14.32 22.04 10.42 11.95 12.72 4.47 13.15 32.84 19.9 10.31 9.95 13.47 12.5 14.76 5.36 13.46 14.5 3.92 2.91 3.84 10.44 5.01 3.77 4.19 9.37 8.17 17.28 7.16 11.62 6.31 7.99
13.6 17.41 5.12 5.45 3.99 8.53 4.22 6.48 5.14 5.69 6.49 9.06 6.95 5.64 3.07 5.46 5.7 8.17 12.53 8.15 4.94 5.3 11.34 4.03 6.08 14.5 10.19 8.6 3.86 4.51 5.72 13.7 6.92 24.29 16.04 9.31 2.61 6.01 6.81 14.11 19.95 15.82 5.85 11.23 12.34 10.8 10.65 16.11 10.57 8.86 4.48 5.51 5.39 12.86 6.65 8.81 6.25 10.74 10.46 8.0 5.15 7.08 5.7 4.37
7.65 45.63 8.35 3.65 3.49 5.55 4.82 4.55 4.43 6.54 13.17 13.34 11.54 6.01 4.79 5.21 6.27 16.63 9.02 8.09 7.78 9.03 10.57 7.26 8.05 6.44 7.14 6.61 6.84 5.95 9.34 12.32 13.78 7.95 6.85 8.77 3.43 8.3 4.87 10.31 14.59 9.32 9.88 14.41 14.14 10.16 9.52 10.91 16.6 14.93 10.38 14.68 11.11 13.79 12.22 8.74 37.26 10.99 10.18 9.01 11.7 9.48 2.91 5.64
5.16 12.32 13.25 8.64 7.11 3.72 3.09 4.2 4.48 3.35 6.44 16.16 4.95 6.57 5.17 11.7 6.69 2.99 18.24 16.78 10.4 9.24 10.69 10.78 5.69 4.25 5.87 4.54 2.61 6.71 4.47 5.39 9.67 5.04 5.8 8.6 6.08 12.79 3.84 7.75 15.41 7.79 8.14 8.17 19.08 10.32 14.32 13.28 8.7 24.13 20.56 17.86 18.29 10.34 13.62 11.44 4.95 12.73 12.86 9.69 7.97 4.79 6.07 9.18
5.54 9.51 18.43 11.22 6.42 10.38 6.86 8.51 10.55 4.01 3.93 6.84 10.06 7.87 7.6 6.23 7.29 4.85 8.03 11.48 13.12 10.27 15.13 10.01 7.77 10.74 4.7 5.71 5.78 4.77 3.76 2.66 3.45 7.82 9.07 12.2 19.07 8.53 6.51 7.95 17.74 16.24 14.11 11.12 6.66 8.48 21.95 21.93 19.46 20.76 8.1 9.58 17.17 10.96 14.41 7.73 8.56 8.29 9.41 6.16 8.08 6.11 5.66 4.09
10.82 7.41 12.97 8.25 12.13 9.0 5.24 3.78 6.91 6.47 5.7 1.62 6.15 15.27 3.94 4.8 6.48 9.12 10.26 5.63 5.79 11.74 16.76 6.1 3.62 11.19 14.51 9.02 20.35 8.24 9.66 4.92 5.99 5.73 15.94 10.15 9.36 7.89 13.69 6.83 14.76 19.99 23.34 11.25 10.02 7.92 14.25 9.6 15.26 8.83 9.84 7.32 9.95 6.99 28.69 15.29 8.21 11.3 8.55 17.84 6.42 9.13 6.41 5.23
8.67 6.8 8.79 8.92 3.93 4.7 6.16 3.77 5.37 3.98 4.71 3.04 7.05 5.95 3.24 2.33 4.74 7.9 17.92 17.19 5.56 15.33 6.9 4.9 3.99 7.44 7.68 17.92 13.96 12.05 7.85 8.73 7.05 8.4 8.73 8.78 7.68 7.11 11.9 7.14 7.55 6.64 16.8 9.3 6.01 11.94 10.25 11.92 14.76 3.12 4.25 5.84 11.85 14.61 7.76 14.59 7.73 9.27 16.89 9.21 9.35 8.47 6.95 6.97
5.86 7.29 12.92 7.85 4.59 4.17 7.64 9.78 3.6 1.76 5.89 3.25 5.09 5.6 3.65 7.92 5.94 12.18 18.02 16.37 13.57 10.52 13.72 8.74 7.57 11.14 4.88 7.53 13.47 19.1 7.33 2.57 13.17 8.19 11.27 8.99 8.34 4.92 15.78 9.93 13.4 14.16 10.86 14.16 13.16 12.29 17.87 5.79 5.35 3.1 4.62 10.87 9.85 4.75 8.6 10.76 7.51 19.13 15.37 6.08 5.84 7.81 7.53 12.44
3.43 6.59 7.73 9.81 15.09 4.81 7.81 4.67 3.13 2.17 2.1 5.25 4.58 5.92 6.24 4.94 3.78 9.96 15.25 20.21 14.4 9.16 6.92 5.93 8.74 13.17 8.24 9.03 12.65 11.96 8.83 8.9 4.27 9.08 11.38 16.4 5.62 11.53 9.2 10.15 7.62 6.81 12.3 9.5 15.32 22.98 13.17 8.56 10.09 3.31 4.34 4.85 6.38 5.92 9.4 10.21 6.1 10.73 17.5 7.99 4.92 9.52 11.49 9.52
10.35 9.42 5.26 18.99 10.94 4.39 11.45 3.53 4.03 3.59 2.03 2.81 4.77 4.17 5.54 4.75 3.94 24.22 15.63 16.09 9.57 7.28 4.04 9.85 15.66 11.66 7.19 6.46 6.81 5.88 9.32 11.27 8.0 7.27 19.44 17.79 12.78 17.37 5.39 4.83 9.21 12.47 7.88 7.83 9.25 9.49 10.14 5.89 6.35 5.69 2.39 10.94 7.84 8.63 9.4 9.57 4.53 5.45 9.05 5.47 6.53 8.66 10.76 8.37
16.88 6.14 5.16 7.18 3.09 13.17 10.03 5.71 6.77 5.11 9.67 6.9 4.16 14.77 7.53 6.25 6.27 8.16 11.36 12.93 9.1 3.73 13.08 8.38 7.5 19.8 10.07 9.67 7.57 3.26 8.55 8.02 17.05 12.59 15.26 6.76 6.77 8.18 4.9 14.59 7.34 11.89 8.7 16.72 11.89 8.51 6.66 4.98 4.55 7.93 10.71 11.18 13.04 7.44 7.82 15.58 5.86 3.05 5.04 7.46 12.57 17.67 4.38 6.61
9.02 7.85 6.31 6.95 5.18 3.28 15.57 9.63 9.09 7.0 13.95 6.88 8.84 6.66 7.05 22.57 12.37 4.49 9.03 6.41 7.73 5.29 7.51 5.76 5.99 16.85 14.65 13.8 9.62 7.86 4.55 7.15 8.71 14.98 25.22 15.48 9.63 9.03 2.8 5.53 5.08 4.28 6.76 7.93 11.75 6.96 3.47 5.66 4.25 12.0 8.81 8.5 15.83 7.27 10.67 12.18 7.73 5.78 9.67 3.74 4.19 21.97 11.29 5.41
8.76 8.5 8.43 3.46 8.85 7.4 10.65 8.74 14.48 11.71 4.65 5.87 6.57 4.38 4.95 7.13 7.71 5.67 4.71 10.2 9.71 8.0 9.74 21.13 8.45 6.52 12.73 10.18 6.29 4.26 9.73 7.2 14.69 32.47 39.4 13.59 5.67 2.21 7.79 5.31 3.48 5.27 2.49 3.97 15.53 16.18 3.77 3.59 8.92 11.84 12.18 25.75 6.68 4.37 4.56 7.8 15.3 6.31 21.85 14.29 7.73 18.35 6.18 9.65
15.18 8.85 3.62 8.5 4.17 5.8 12.11 7.52 7.54 6.34 10.53 2.92 7.76 5.22 7.36 2.7 3.82 5.65 11.49 9.69 11.75 8.65 7.94 13.54 8.73 8.09 8.41 7.71 4.4 3.22 6.53 10.71 13.85 16.61 24.75 23.54 5.43 7.05 9.34 5.77 4.5 4.71 8.52 6.75 8.56 6.22 17.12 8.77 16.41 16.5 15.12 10.69 8.39 11.81 8.55 8.37 7.65 5.81 9.44 9.65 7.66 6.82 7.23 8.51
7.13 7.37 7.91 8.94 5.49 5.05 7.84 7.31 5.62 2.72 2.95 10.17 6.88 8.17 6.87 3.67 8.29 7.18 19.52 10.85 6.85 5.12 3.96 20.64 9.18 5.18 8.12 4.23 4.75 5.84 4.75 9.61 8.0 11.41 8.87 12.59 29.59 9.21 8.49 10.31 5.61 7.12 15.79 4.97 6.94 7.98 14.2 14.32 12.11 12.94 13.26 15.19 24.12 18.39 6.58 6.12 7.94 6.25 3.7 6.73 6.5 5.36 9.97 8.76
3.39 4.78 8.16 4.55 10.08 8.61 5.69 3.51 5.15 5.44 4.33 9.34 14.62 6.47 6.04 4.77 9.01 10.85 8.9 3.62 9.01 4.97 12.86 5.11 6.0 6.41 5.95 4.84 5.38 4.89 4.9 11.51 18.99 8.16 4.8 18.31 18.46 12.1 9.11 10.74 3.79 10.03 10.35 6.02 4.5 8.41 5.03 6.91 12.43 14.55 8.79 4.8 15.71 19.24 6.52 5.37 10.67 5.14 2.58 8.07 7.29 6.31 7.28 4.17
4.09 6.66 7.59 9.72 7.33 5.29 3.53 3.59 3.78 2.39 8.27 10.04 14.25 12.6 6.51 14.9 6.47 9.9 10.61 8.16 6.46 11.99 10.35 8.01 6.01 7.14 5.19 4.98 2.47 4.93 5.36 15.78 13.16 9.63 7.63 24.38 14.45 10.91 8.98 6.79 4.06 8.38 15.38 8.49 7.24 7.19 11.08 11.52 8.02 6.49 3.72 8.33 10.82 8.89 15.73 6.09 6.52 2.57 5.52 10.14 13.6 7.11 8.95 6.0
14.47 13.42 5.08 22.34 12.32 6.91 7.62 3.14 1.87 1.56 3.93 7.36 12.21 8.95 6.72 4.12 5.59 12.96 10.18 6.99 10.75 10.78 11.0 17.47 7.75 3.82 5.5 6.19 3.17 3.07 4.59 7.18 13.76 7.57 7.91 11.46 6.2 8.61 9.08 10.7 9.21 7.1 17.87 5.71 4.61 8.43 6.27 15.76 6.09 7.66 4.33 7.4 11.96 15.39 10.46 4.08 4.43 6.15 4.2 10.56 12.57 16.37 7.18 8.05
16.92 16.29 7.28 20.16 11.67 9.97 2.26 4.81 2.47 2.87 4.22 4.3 8.58 8.97 3.79 3.82 12.78 19.34 8.35 11.39 8.12 9.3 6.9 9.99 6.52 6.97 5.33 2.41 4.36 7.76 3.77 4.25 5.54 19.32 16.09 12.82 10.87 5.32 8.76 5.41 5.97 16.43 8.94 8.11 9.22 4.66 7.98 7.4 8.99 6.94 5.08 9.42 5.07 17.82 8.27 5.52 5.29 5.46 6.44 7.52 6.72 8.55 8.43 5.84
23.47 14.56 17.26 16.89 5.71 5.41 5.5 2.96 4.27 4.55 5.42 8.1 5.82 7.8 5.88 8.86 5.6 9.75 14.82 7.25 9.6 7.1 11.48 6.63 3.44 7.03 4.25 7.98 3.32 5.08 5.43 5.25 11.03 11.09 13.81 11.36 23.71 13.32 11.78 8.27 3.76 5.02 8.13 17.49 9.66 7.37 6.5 12.42 23.22 8.74 4.57 9.63 5.57 14.39 11.43 12.13 6.41 5.5 9.2 5.94 7.33 6.13 5.3 8.27
16.2 15.47 9.82 12.4 7.46 2.23 3.99 2.68 5.08 9.61 6.29 4.71 7.18 9.83 13.71 5.05 6.31 9.09 4.94 7.68 16.03 9.45 8.19 5.65 5.88 10.84 5.74 4.14 2.93 16.86 9.61 5.96 4.35 7.59 18.44 21.18 20.34 10.46 6.98 4.08 5.44 8.43 5.24 4.07 14.29 6.79 4.9 14.77 15.59 5.65 6.92 6.54 6.1 6.6 6.38 9.85 10.51 6.85 5.76 9.82 10.11 12.98 9.57 7.91
12.46 7.43 10.39 7.59 9.73 6.8 3.11 3.75 2.83 7.01 5.99 8.07 5.69 6.96 2.4 4.85 8.55 5.99 4.08 7.38 11.89 7.92 5.67 10.85 11.97 18.36 8.61 16.42 9.57 7.83 8.63 4.11 6.9 11.74 16.37 6.7 3.49 13.3 8.42 9.63 11.68 6.08 5.99 5.07 30.31 21.77 9.2 5.43 6.24 5.55 6.03 6.32 6.0 4.18 4.04 8.42 10.1 6.34 10.98 6.82 16.76 9.15 6.51 6.24
9.02 4.13 6.24 9.46 12.31 6.42 7.83 7.7 5.07 7.06 17.04 8.68 4.63 3.94 4.85 9.93 5.63 3.08 5.51 7.33 4.71 3.15 6.36 9.62 7.53 5.92 16.15 22.49 12.66 9.6 12.34 9.8 12.41 8.72 8.86 10.42 8.23 10.53 5.42 8.8 15.08 22.5 8.91 7.46 13.87 11.11 13.64 12.99 13.48 5.83 9.95 9.15 5.82 5.03 8.9 5.56 5.0 4.28 10.38 7.4 8.02 14.45 8.56 4.7
9.84 11.64 6.51 5.46 8.22 15.6 13.27 7.86 7.5 4.86 12.54 7.24 5.48 4.77 2.32 4.83 6.1 4.17 1.95 2.74 4.58 3.15 7.62 13.86 5.87 12.09 8.97 5.41 7.92 8.17 25.72 9.09 8.48 12.07 10.99 16.45 8.43 16.01 8.27 5.77 25.27 21.07 15.72 6.86 7.74 5.83 7.1 14.55 8.03 16.03 14.98 12.14 9.72 3.17 4.06 3.16 2.84 4.17 7.53 8.36 13.86 6.08 4.92 3.29
5.63 14.71 11.21 11.33 20.58 13.23 9.9 17.54 7.93 8.45 6.23 6.84 5.75 6.46 4.73 1.68 3.91 3.82 2.09 2.81 2.4 4.1 5.23 8.58 14.7 12.62 9.15 12.65 6.36 11.92 22.17 12.77 16.7 9.23 7.09 12.79 5.8 23.44 4.32 4.07 19.04 35.3 22.07 9.13 7.7 8.65 8.61 10.64 6.55 9.81 9.99 5.42 8.41 3.91 6.65 4.42 6.82 6.82 10.91 8.62 10.68 5.89 8.71 6.2
7.77 9.47 16.72 4.32 11.22 12.05 11.64 10.92 14.81 3.28 5.18 7.93 3.25 10.86 6.91 2.22 4.75 7.86 6.1 3.04 3.45 6.0 8.06 21.67 6.81 9.01 24.0 7.87 4.74 7.13 16.16 18.02 7.89 7.32 4.86 8.44 4.04 4.51 5.64 8.75 28.46 17.57 20.16 12.35 11.38 12.14 9.88 5.17 7.35 4.99 2.45 3.18 4.12 2.8 5.39 4.04 14.33 10.6 6.31 23.64 8.9 5.58 5.32 9.68
7.11 6.96 12.75 10.25 12.88 10.38 6.13 10.57 4.56 6.96 3.89 2.14 2.38 5.62 7.26 4.9 4.73 13.38 2.52 4.32 4.63 9.87 13.51 8.34 7.91 9.47 10.62 9.67 8.68 9.57 9.97 15.41 10.22 9.38 6.14 5.98 6.77 3.47 13.31 8.16 11.79 15.85 14.85 16.11 7.06 9.67 12.88 7.41 2.95 4.33 4.37 1.87 5.13 5.41 3.87 7.52 15.3 5.87 15.33 9.88 4.38 11.22 4.93 5.32
5.19 8.51 19.07 19.78 10.34 6.53 5.66 13.02 17.69 4.51 3.38 3.55 5.23 4.91 8.21 4.14 12.88 18.23 3.13 2.61 3.23 7.53 5.78 6.23 3.3 1.46 7.85 9.11 5.94 8.17 7.8 10.78 7.15 8.99 15.6 17.17 6.65 17.32 9.46 6.01 8.63 7.15 13.7 15.29 9.02 6.27 5.53 6.17 6.66 4.51 3.94 3.55 8.73 6.76 20.4 17.82 5.5 10.0 7.73 6.6 4.63 6.64 8.37 8.16
14.02 9.15 9.61 12.19 9.57 13.25 35.13 22.64 5.05 3.13 4.05 5.75 2.27 6.99 4.85 4.24 16.15 9.87 6.38 4.22 7.43 9.19 3.8 3.2 8.19 4.66 8.0 7.45 3.32 4.28 6.72 10.85 9.9 11.68 39.13 27.61 13.03 6.19 14.52 16.66 6.37 10.05 3.74 9.96 10.44 5.59 18.24 6.92 6.94 6.72 8.56 7.16 11.81 9.0 6.12 14.84 8.56 7.95 5.54 4.77 4.77 3.47 4.72 4.37
11.17 8.89 7.02 15.08 7.86 15.06 32.28 17.06 13.09 4.84 6.66 4.31 2.0 3.42 5.11 3.8 2.7 7.6 7.59 5.02 9.61 6.31 5.98 3.11 4.5 7.19 9.99 9.0 15.59 9.45 4.81 3.02 8.78 32.24 34.99 14.43 11.84 5.29 15.05 27.99 4.81 5.33 3.76 8.68 8.76 16.4 16.57 6.45 10.71 10.55 12.98 3.78 8.41 4.4 10.0 10.35 6.74 6.68 6.38 6.52 8.97 4.49 5.14 2.8
10.69 14.9 16.15 10.37 6.25 7.85 12.4 7.37 10.66 2.38 5.37 5.41 2.39 2.13 4.54 9.54 3.7 5.92 18.99 19.69 19.9 5.54 4.21 5.28 15.81 11.47 15.83 10.84 9.27 8.61 7.96 6.43 10.19 17.2 12.93 21.38 10.94 5.34 7.46 24.15 11.72 5.37 3.81 5.61 17.96 11.61 3.8 6.11 6.17 14.24 8.47 7.51 8.72 11.39 3.26 2.25 5.2 5.8 9.28 5.27 5.41 3.87 2.61 2.26
10.67 15.68 18.9 11.82 11.67 11.37 6.93 6.04 4.43 5.23 2.85 5.76 7.68 3.82 7.52 6.7 5.85 6.23 12.8 5.93 11.78 5.65 11.55 15.07 9.0 10.3 7.35 6.57 11.79 7.84 7.35 4.01 7.63 35.41 37.44 16.69 7.56 3.4 9.49 9.41 19.89 14.71 8.39 11.27 20.08 7.68 4.73 3.55 6.0 7.92 16.67 9.87 3.44 5.56 10.44 3.84 6.91 4.16 10.4 5.12 4.83 3.41 2.74 2.6
9.22 12.67 12.61 8.05 7.74 9.08 7.09 5.98 6.3 4.33 4.77 6.03 9.76 11.06 10.02 8.14 10.24 7.14 6.88 6.41 5.25 13.61 11.52 7.34 15.99 8.92 6.47 5.65 2.12 3.06 3.44 4.74 11.26 15.06 31.96 18.34 8.99 9.69 4.78 11.43 4.94 9.74 7.93 9.21 19.41 5.22 9.59 8.22 3.32 15.78 13.93 7.06 3.42 7.04 8.31 7.7 3.97 4.74 9.57 4.86 7.05 3.05 1.28 6.35
