x y z_datum Time Well_no H2O H O Charge Al C Ca Cl Fe K Mg Na S Si U pH pe Alkalinity
3.1381000E+02 2.5927000E+02 8.6700000E+00 0.0000000E+00 10 9.9704301E-01 7.2098600E-06 6.6484776E-04 -3.2324431E-06 0.0000000E+00 1.0067647E-04 6.3262499E-05 4.3211171E-04 0.0000000E+00 2.8240956E-04 5.5605062E-05 2.2967748E-04 1.4127542E-04 0.0000000E+00 0.0000000E+00 7.0300000E+00 1.1068788E+01 7.1999443E-03
3.1381000E+02 2.5927000E+02 8.6700000E+00 5.0000000E+00 10 5.5327147E+01 2.0229410E-02 6.4353672E-02 -3.0101892E-03 0.0000000E+00 7.1796223E-03 1.3520624E-03 1.0439975E-02 0.0000000E+00 6.1869689E-03 1.9596347E-03 8.5573568E-03 1.0945581E-02 0.0000000E+00 0.0000000E+00 2.3103599E+00 1.8081925E+01 -7.9781729E-03
3.1381000E+02 2.5927000E+02 8.6700000E+00 1.0000000E+01 10 5.5307271E+01 3.5716319E-02 1.0954350E-01 -2.7107203E-03 1.1582652E-03 7.6402972E-03 3.1276933E-03 8.0842537E-03 1.5720729E-05 5.3631971E-03 1.5174542E-03 7.2060587E-03 1.9771307E-02 3.4633842E-03 1.7024898E-05 1.9615320E+00 1.8473184E+01 -1.9602089E-02
3.1381000E+02 2.5927000E+02 8.6700000E+00 1.5000000E+01 10 5.5284800E+01 6.0339250E-02 1.5740700E-01 -2.4597474E-03 2.7036279E-03 7.8815620E-03 4.4709698E-03 6.1100184E-03 3.6818773E-05 4.9677028E-03 1.1468805E-03 6.3487493E-03 2.7168754E-02 8.0795704E-03 3.9581586E-05 1.8430852E+00 1.8609822E+01 -2.7317817E-02
3.1381000E+02 2.5927000E+02 8.6700000E+00 2.0000000E+01 10 5.5267164E+01 8.0797112E-02 1.9541227E-01 -2.2766495E-03 4.0591385E-03 8.0610069E-03 5.4543905E-03 4.6697092E-03 5.7250944E-05 4.7970366E-03 8.7652739E-04 5.8314146E-03 3.2566126E-02 1.2127356E-02 5.8978345E-05 1.7904250E+00 1.8670838E+01 -3.2020511E-02
3.1381000E+02 2.5927000E+02 8.6700000E+00 2.5000000E+01 10 5.5254353E+01 9.6069974E-02 2.2345218E-01 -2.1487260E-03 5.1171677E-03 8.2220300E-03 6.1771204E-03 3.6634211E-03 7.4589902E-05 4.7350914E-03 6.8764216E-04 5.5226578E-03 3.6337363E-02 1.5286338E-02 7.3657599E-05 1.7652065E+00 1.8700062E+01 -3.4786833E-02
3.1381000E+02 2.5927000E+02 8.6700000E+00 3.0000000E+01 10 5.5245226E+01 1.0711750E-01 2.4375494E-01 -2.0596049E-03 5.9112156E-03 8.3699818E-03 6.7163994E-03 2.9623650E-03 8.8599981E-05 4.7211229E-03 5.5605048E-04 5.3348230E-03 3.8964849E-02 1.7656993E-02 8.4293134E-05 1.7527457E+00 1.8714569E+01 -3.6412254E-02
3.1381000E+02 2.5927000E+02 8.6700000E+00 3.5000000E+01 10 5.5238701E+01 1.1508512E-01 2.5848560E-01 -1.9967581E-03 6.5004319E-03 8.5042628E-03 7.1266383E-03 2.4679911E-03 9.9649620E-05 4.7261313E-03 4.6325406E-04 5.2165379E-03 4.0817800E-02 1.9416084E-02 9.1921339E-05 1.7465598E+00 1.8721865E+01 -3.7380018E-02
3.1381000E+02 2.5927000E+02 8.6700000E+00 4.0000000E+01 10 5.5233992E+01 1.2086137E-01 2.6926150E-01 -1.9517306E-03 6.9367908E-03 8.6250795E-03 7.4451689E-03 2.1137899E-03 1.0825345E-04 4.7368283E-03 3.9676876E-04 5.1387841E-03 4.2145422E-02 2.0718828E-02 9.7401016E-05 1.7435670E+00 1.8725502E+01 -3.7966467E-02
3.1381000E+02 2.5927000E+02 8.6700000E+00 4.5000000E+01 10 5.5230560E+01 1.2507561E-01 2.7721911E-01 -1.9189550E-03 7.2603109E-03 8.7335325E-03 7.6975380E-03 1.8559667E-03 1.1487853E-04 4.7474651E-03 3.4837407E-04 5.0851935E-03 4.3111832E-02 2.1684711E-02 1.0135788E-04 1.7422281E+00 1.8727236E+01 -3.8328290E-02
3.1381000E+02 2.5927000E+02 8.6700000E+00 5.0000000E+01 10 5.5228033E+01 1.2817025E-01 2.8315377E-01 -1.8947279E-03 7.5008106E-03 8.8309488E-03 7.9013345E-03 1.6653884E-03 1.1995194E-04 4.7558712E-03 3.1260159E-04 5.0463943E-03 4.3826209E-02 2.2402753E-02 1.0423259E-04 1.7417460E+00 1.8727972E+01 -3.8555599E-02
3.1381000E+02 2.5927000E+02 8.6700000E+00 5.5000000E+01 10 5.5226153E+01 1.3045913E-01 2.8762718E-01 -1.8765405E-03 7.6803471E-03 8.9185429E-03 8.0687888E-03 1.5223203E-03 1.2383036E-04 4.7615290E-03 2.8574700E-04 5.0169278E-03 4.4362514E-02 2.2938800E-02 1.0633487E-04 1.7416970E+00 1.8728191E+01 -3.8701283E-02
3.1381000E+02 2.5927000E+02 8.6700000E+00 6.0000000E+01 10 5.5224738E+01 1.3216655E-01 2.9103938E-01 -1.8626664E-03 7.8151912E-03 8.9973422E-03 8.2085086E-03 1.4131820E-03 1.2680249E-04 4.7646492E-03 2.6526121E-04 4.9935544E-03 4.4771644E-02 2.3341425E-02 1.0788403E-04 1.7418538E+00 1.8728154E+01 -3.8796930E-02
3.1381000E+02 2.5927000E+02 8.6700000E+00 6.5000000E+01 10 5.5223660E+01 1.3345326E-01 2.9367653E-01 -1.8519042E-03 7.9172844E-03 9.0682150E-03 8.3266379E-03 1.3285228E-03 1.2909425E-04 4.7656964E-03 2.4937027E-04 4.9743146E-03 4.5089021E-02 2.3646275E-02 1.0903607E-04 1.7420941E+00 1.8728000E+01 -3.8861709E-02
3.1381000E+02 2.5927000E+02 8.6700000E+00 6.6000000E+01 10 5.5217436E+01 1.4579741E-01 3.2289339E-01 -1.8498674E-03 1.0020738E-02 1.1068776E-02 1.0336143E-02 1.3125006E-03 1.4883301E-04 5.8111381E-03 2.4636282E-04 5.9962180E-03 4.5166921E-02 2.9929677E-02 1.4364566E-04 1.9246373E+00 1.8440563E+01 -2.6463731E-02
3.1381000E+02 2.5927000E+02 8.6700000E+00 6.7000000E+01 10 5.5217356E+01 1.4579796E-01 3.2285546E-01 -1.8479381E-03 1.0002321E-02 1.1048325E-02 1.0324163E-02 1.2973239E-03 1.5076430E-04 5.7934327E-03 2.4351407E-04 5.9740205E-03 4.5222573E-02 2.9874325E-02 1.4119830E-04 1.9208731E+00 1.8456373E+01 -2.6690786E-02
3.1381000E+02 2.5927000E+02 8.6700000E+00 7.2000000E+01 10 5.5219662E+01 1.3449448E-01 2.9624603E-01 -1.8065137E-03 7.7946246E-03 8.9969877E-03 8.3065318E-03 1.2369400E-03 1.3035784E-04 4.6490214E-03 2.3217972E-04 4.8397660E-03 4.6016071E-02 2.3279867E-02 1.0492334E-04 1.7150039E+00 1.8910757E+01 -4.1386224E-02
3.1381000E+02 2.5927000E+02 8.6700000E+00 7.7000000E+01 10 5.5214132E+01 1.3732274E-01 3.0234363E-01 -1.7566905E-03 7.9282391E-03 9.0467770E-03 8.3836042E-03 1.1880629E-03 1.4400869E-04 4.6883399E-03 2.2300524E-04 4.8638585E-03 4.6982472E-02 2.3678370E-02 1.3337774E-04 1.7036247E+00 1.8984152E+01 -4.2660199E-02
3.1381000E+02 2.5927000E+02 8.6700000E+00 8.2000000E+01 10 5.5209178E+01 1.4024162E-01 3.0854316E-01 -1.7144259E-03 8.1200101E-03 9.1311952E-03 8.4904717E-03 1.1478453E-03 1.6229479E-04 4.7626925E-03 2.1545621E-04 4.9227936E-03 4.7810537E-02 2.4250321E-02 1.6535858E-04 1.6988286E+00 1.9020045E+01 -4.3336322E-02
3.1381000E+02 2.5927000E+02 8.6700000E+00 8.7000000E+01 10 5.5205420E+01 1.4258405E-01 3.1352260E-01 -1.6828570E-03 8.2875840E-03 9.2126486E-03 8.5906830E-03 1.1142408E-03 1.7929678E-04 4.8285389E-03 2.0914848E-04 4.9756093E-03 4.8439860E-02 2.4750144E-02 1.9226462E-04 1.6967370E+00 1.9038897E+01 -4.3717931E-02
3.1381000E+02 2.5927000E+02 8.6700000E+00 9.1000000E+01 10 5.5201642E+01 1.4704473E-01 3.2354740E-01 -1.6635950E-03 8.9002283E-03 9.7109955E-03 9.1021222E-03 1.0907862E-03 2.0242779E-04 5.1240982E-03 2.0474594E-04 5.2551803E-03 4.8845907E-02 2.6579302E-02 2.2755721E-04 1.7292496E+00 1.9010445E+01 -4.0993021E-02
3.1381000E+02 2.5927000E+02 8.6700000E+00 9.2000000E+01 10 5.5196446E+01 1.5680220E-01 3.4634580E-01 -1.6591341E-03 1.0532764E-02 1.1189171E-02 1.0583457E-02 1.0851252E-03 2.4115694E-04 5.9413696E-03 2.0368333E-04 6.0516618E-03 4.8992460E-02 3.1455334E-02 2.9498526E-04 1.8550460E+00 1.8870065E+01 -3.1590820E-02
3.1381000E+02 2.5927000E+02 8.6700000E+00 9.7000000E+01 10 5.5196509E+01 1.4537914E-01 3.2074569E-01 -2.1945633E-03 8.2877615E-03 9.1813928E-03 8.5892499E-03 1.0608140E-03 2.0045198E-04 4.7981997E-03 1.9912000E-04 4.9303173E-03 5.0128294E-02 2.4749975E-02 2.1703102E-04 1.6722467E+00 1.9090336E+01 -4.6580007E-02
3.1381000E+02 2.5927000E+02 8.6700000E+00 1.0200000E+02 10 5.5188458E+01 1.4851086E-01 3.2859486E-01 -2.8953933E-03 8.4434309E-03 9.2356348E-03 8.6552782E-03 1.0396990E-03 2.1196631E-04 4.8658432E-03 1.9515661E-04 4.9871048E-03 5.1524075E-02 2.5214150E-02 2.3665230E-04 1.6638796E+00 1.9111057E+01 -4.7897610E-02
3.1381000E+02 2.5927000E+02 8.6700000E+00 1.0700000E+02 10 5.5181544E+01 1.5150577E-01 3.3589362E-01 -3.4936157E-03 8.6302472E-03 9.3108813E-03 8.7408629E-03 1.0211782E-03 2.2412557E-04 4.9511162E-03 1.9168018E-04 5.0607998E-03 5.2695362E-02 2.5771218E-02 2.5448826E-04 1.6600784E+00 1.9123407E+01 -4.8702658E-02
3.1381000E+02 2.5927000E+02 8.6700000E+00 1.1200000E+02 10 5.5176376E+01 1.5386076E-01 3.4157449E-01 -3.9328385E-03 8.7884358E-03 9.3799647E-03 8.8190936E-03 1.0047911E-03 2.3502653E-04 5.0229461E-03 1.8860423E-04 5.1225981E-03 5.3567989E-02 2.6242950E-02 2.6884768E-04 1.6582996E+00 1.9130675E+01 -4.9201683E-02
3.1381000E+02 2.5927000E+02 8.6700000E+00 1.1700000E+02 10 5.5172678E+01 1.5560576E-01 3.4576182E-01 -4.2397489E-03 8.9099073E-03 9.4369614E-03 8.8842463E-03 9.9017968E-04 2.4408422E-04 5.0769459E-03 1.8586160E-04 5.1683580E-03 5.4195840E-02 2.6605213E-02 2.7973229E-04 1.6574242E+00 1.9135054E+01 -4.9521242E-02
3.1381000E+02 2.5927000E+02 8.6700000E+00 1.2200000E+02 10 5.5170036E+01 1.5688991E-01 3.4883462E-01 -4.4529280E-03 9.0013250E-03 9.4833343E-03 8.9379415E-03 9.7706200E-04 2.5139109E-04 5.1163636E-03 1.8339934E-04 5.2010307E-03 5.4648869E-02 2.6877863E-02 2.8782139E-04 1.6569879E+00 1.9137767E+01 -4.9732346E-02
3.1381000E+02 2.5927000E+02 8.6700000E+00 1.2400000E+02 10 5.5164010E+01 1.6766246E-01 3.7323377E-01 -4.5255612E-03 1.0750149E-02 1.0934114E-02 1.0391526E-02 9.7203758E-04 2.9802743E-04 5.9960334E-03 1.8245623E-04 6.0508734E-03 5.4872730E-02 3.2099905E-02 3.6456435E-04 1.7646671E+00 1.9019192E+01 -3.9966253E-02
3.1381000E+02 2.5927000E+02 8.6700000E+00 1.2500000E+02 10 5.5162160E+01 1.7075082E-01 3.8049639E-01 -4.5589978E-03 1.1257304E-02 1.1393164E-02 1.0851948E-02 9.6957910E-04 3.1261824E-04 6.2499638E-03 1.8199476E-04 6.2971877E-03 5.4964729E-02 3.3614493E-02 3.8427351E-04 1.8012172E+00 1.8979591E+01 -3.7102300E-02
3.1381000E+02 2.5927000E+02 8.6700000E+00 1.3000000E+02 10 5.5167851E+01 1.5695799E-01 3.4962881E-01 -4.6741893E-03 8.9048232E-03 9.4296748E-03 8.8952518E-03 9.5740975E-04 2.5634849E-04 5.0566301E-03 1.7971052E-04 5.1370613E-03 5.5140921E-02 2.6589462E-02 2.8325455E-04 1.6465054E+00 1.9152122E+01 -5.0995355E-02
3.1381000E+02 2.5927000E+02 8.6700000E+00 1.3100000E+02 10 5.5160539E+01 1.7129848E-01 3.8199723E-01 -4.6955428E-03 1.1269237E-02 1.1401917E-02 1.0868890E-02 9.5490920E-04 3.1774575E-04 6.2475609E-03 1.7924115E-04 6.2907246E-03 5.5290383E-02 3.3650126E-02 3.9399033E-04 1.7969322E+00 1.8984771E+01 -3.7526255E-02
3.1381000E+02 2.5927000E+02 8.6700000E+00 1.3200000E+02 10 5.5160318E+01 1.7133348E-01 3.8205470E-01 -4.7154045E-03 1.1260483E-02 1.1387961E-02 1.0856322E-02 9.5242326E-04 3.1790292E-04 6.2423384E-03 1.7877453E-04 6.2835749E-03 5.5333278E-02 3.3623649E-02 3.8766322E-04 1.7952836E+00 1.8987741E+01 -3.7667931E-02
3.1381000E+02 2.5927000E+02 8.6700000E+00 1.3700000E+02 10 5.5159481E+01 1.5910773E-01 3.5596387E-01 -5.9627078E-03 8.9216357E-03 9.4354195E-03 8.9104364E-03 9.4049839E-04 2.6064199E-04 5.0558535E-03 1.7653617E-04 5.1304987E-03 5.6812197E-02 2.6639357E-02 2.8640111E-04 1.6341084E+00 1.9142397E+01 -5.2974841E-02
3.1381000E+02 2.5927000E+02 8.6700000E+00 1.4200000E+02 10 5.5148836E+01 1.6296526E-01 3.6596152E-01 -7.5767857E-03 9.1409380E-03 9.5446168E-03 9.0257833E-03 9.2948144E-04 2.6036413E-04 5.1617049E-03 1.7446824E-04 5.2265473E-03 5.8793244E-02 2.7293572E-02 2.8944185E-04 1.6297909E+00 1.9107113E+01 -5.4237976E-02
3.1381000E+02 2.5927000E+02 8.6700000E+00 1.4700000E+02 10 5.5139423E+01 1.6668356E-01 3.7529829E-01 -8.9777713E-03 9.3841763E-03 9.6690725E-03 9.1558318E-03 9.1946201E-04 2.5473403E-04 5.2806134E-03 1.7258754E-04 5.3346362E-03 6.0496215E-02 2.8019101E-02 2.7930466E-04 1.6284750E+00 1.9061990E+01 -5.5060408E-02
3.1381000E+02 2.5927000E+02 8.6700000E+00 1.5200000E+02 10 5.5132284E+01 1.6959581E-01 3.8252405E-01 -1.0027321E-02 9.5821278E-03 9.7750003E-03 9.2668409E-03 9.1035880E-04 2.4589595E-04 5.3768633E-03 1.7087882E-04 5.4217847E-03 6.1768490E-02 2.8609558E-02 2.6142185E-04 1.6280683E+00 1.9014976E+01 -5.5605815E-02
3.1381000E+02 2.5927000E+02 8.6700000E+00 1.5700000E+02 10 5.5127135E+01 1.7173521E-01 3.8779242E-01 -1.0775273E-02 9.7294387E-03 9.8572972E-03 9.3537745E-03 9.0205255E-04 2.3614431E-04 5.4476148E-03 1.6931970E-04 5.4853581E-03 6.2676571E-02 2.9048976E-02 2.4103098E-04 1.6279024E+00 1.8970805E+01 -5.5976943E-02
3.1381000E+02 2.5927000E+02 8.6700000E+00 1.6200000E+02 10 5.5123441E+01 1.7329434E-01 3.9160827E-01 -1.1304699E-02 9.8374569E-03 9.9202359E-03 9.4209669E-03 8.9443196E-04 2.2688171E-04 5.4986196E-03 1.6788928E-04 5.5306932E-03 6.3322895E-02 2.9371195E-02 2.2132233E-04 1.6278136E+00 1.8932522E+01 -5.6234811E-02
3.1381000E+02 2.5927000E+02 8.6700000E+00 1.6700000E+02 10 5.5120758E+01 1.7444481E-01 3.9441015E-01 -1.1683415E-02 9.9175566E-03 9.9690518E-03 9.4737065E-03 8.8740261E-04 2.1872828E-04 5.5356516E-03 1.6656984E-04 5.5631570E-03 6.3789718E-02 2.9610138E-02 2.0374015E-04 1.6277640E+00 1.8902019E+01 -5.6417381E-02
3.1381000E+02 2.5927000E+02 8.6700000E+00 1.6800000E+02 10 5.5112908E+01 1.8944148E-01 4.2751615E-01 -1.1753638E-02 1.2344844E-02 1.1926913E-02 1.1432340E-02 8.8601967E-04 2.4247904E-04 6.7609713E-03 1.6631025E-04 6.7461223E-03 6.3900049E-02 3.6857901E-02 2.4635523E-04 1.7647462E+00 1.8682095E+01 -4.2761827E-02
3.1381000E+02 2.5927000E+02 8.6700000E+00 1.6900000E+02 10 5.5112547E+01 1.8942850E-01 4.2753118E-01 -1.1818811E-02 1.2324726E-02 1.1906385E-02 1.1412571E-02 8.8465895E-04 2.4262173E-04 6.7507402E-03 1.6605484E-04 6.7342727E-03 6.3978411E-02 3.6797464E-02 2.3841790E-04 1.7624376E+00 1.8684345E+01 -4.2992148E-02
3.1381000E+02 2.5927000E+02 8.6700000E+00 1.7400000E+02 10 5.5126584E+01 1.6712407E-01 3.8862926E-01 -1.6225921E-02 9.7638259E-03 9.8756548E-03 9.3853692E-03 8.7833826E-04 2.0850727E-04 5.4529325E-03 1.6486841E-04 5.4803692E-03 6.2875061E-02 2.9150991E-02 1.7647248E-04 1.6820934E+00 1.8825822E+01 -5.0864084E-02
3.1381000E+02 2.5927000E+02 8.6700000E+00 1.7500000E+02 10 5.5121745E+01 1.7843011E-01 4.1716782E-01 -1.7275648E-02 1.1933188E-02 1.1811565E-02 1.1321975E-02 8.7709287E-04 2.2884308E-04 6.5433956E-03 1.6463465E-04 6.5432872E-03 6.2620503E-02 3.5630632E-02 2.1431981E-04 1.8444217E+00 1.8573433E+01 -3.6579266E-02
3.1381000E+02 2.5927000E+02 8.6700000E+00 1.7600000E+02 10 5.5124070E+01 1.7565883E-01 4.1426255E-01 -1.8466527E-02 1.1806341E-02 1.1778417E-02 1.1289511E-02 8.7586571E-04 2.2774784E-04 6.4772787E-03 1.6440430E-04 6.4819932E-03 6.2291437E-02 3.5252429E-02 2.0735060E-04 1.8623303E+00 1.8559491E+01 -3.5307097E-02
3.1381000E+02 2.5927000E+02 8.6700000E+00 1.8100000E+02 10 5.5074184E+01 1.7028118E-01 4.2229520E-01 -2.9272521E-02 9.2042561E-03 9.7654071E-03 9.2797039E-03 8.7012901E-04 1.9334343E-04 5.1568652E-03 1.6332749E-04 5.2110844E-03 7.3027061E-02 2.7483900E-02 1.5346245E-04 1.6333522E+00 1.8863948E+01 -6.0758017E-02
3.1381000E+02 2.5927000E+02 8.6700000E+00 1.8600000E+02 10 5.4991240E+01 1.9119391E-01 4.8582043E-01 -4.0402477E-02 9.4228051E-03 9.8159298E-03 9.3332326E-03 8.6474388E-04 1.8970143E-04 5.2672057E-03 1.6231668E-04 5.3094366E-03 8.8242152E-02 2.8135042E-02 1.5108765E-04 1.5408666E+00 1.8945335E+01 -7.9355362E-02
3.1381000E+02 2.5927000E+02 8.6700000E+00 1.9100000E+02 10 5.4916229E+01 2.1352384E-01 5.4679525E-01 -4.9404882E-02 1.0003861E-02 9.8974704E-03 9.4176054E-03 8.5967010E-04 1.9390604E-04 5.5682978E-03 1.6136430E-04 5.5756975E-03 1.0172400E-01 2.9865132E-02 1.5277055E-04 1.4799695E+00 1.8998406E+01 -9.5101405E-02
3.1381000E+02 2.5927000E+02 8.6700000E+00 1.9600000E+02 10 5.4858961E+01 2.3211343E-01 5.9520786E-01 -5.6000494E-02 1.0649575E-02 9.9728764E-03 9.4956889E-03 8.5487340E-04 2.0248922E-04 5.9039978E-03 1.6046394E-04 5.8715010E-03 1.1187346E-01 3.1787398E-02 1.5517152E-04 1.4441083E+00 1.9029266E+01 -1.0629228E-01
3.1381000E+02 2.5927000E+02 8.6700000E+00 2.0100000E+02 10 5.4817727E+01 2.4629380E-01 6.3114665E-01 -6.0684817E-02 1.1231000E-02 1.0034593E-02 9.5599445E-03 8.5032446E-04 2.1283626E-04 6.2063280E-03 1.5961008E-04 6.1374348E-03 1.1910100E-01 3.3518197E-02 1.5714598E-04 1.4232948E+00 1.9047013E+01 -1.1377674E-01
3.1381000E+02 2.5927000E+02 8.6700000E+00 2.0600000E+02 10 5.4788351E+01 2.5685104E-01 6.5742134E-01 -6.4012317E-02 1.1716360E-02 1.0085226E-02 9.6129922E-03 8.4599801E-04 2.2336021E-04 6.4584290E-03 1.5879799E-04 6.3589726E-03 1.2420264E-01 3.4963052E-02 1.5854971E-04 1.4110559E+00 1.9057343E+01 -1.1872495E-01
3.1381000E+02 2.5927000E+02 8.6700000E+00 2.1100000E+02 10 5.4767241E+01 2.6471434E-01 6.7673563E-01 -6.6405077E-02 1.2109832E-02 1.0128717E-02 9.6587872E-03 8.4187209E-04 2.3318292E-04 6.6625170E-03 1.5802353E-04 6.5380087E-03 1.2783996E-01 3.6134422E-02 1.5949266E-04 1.4037154E+00 1.9063451E+01 -1.2202655E-01
3.1381000E+02 2.5927000E+02 8.6700000E+00 2.1600000E+02 10 5.4751857E+01 2.7061377E-01 6.9109871E-01 -6.8152148E-02 1.2425114E-02 1.0167937E-02 9.7002086E-03 8.3792754E-04 2.4190443E-04 6.8258190E-03 1.5728312E-04 6.6808232E-03 1.3047387E-01 3.7073076E-02 1.6010358E-04 1.3992360E+00 1.9067107E+01 -1.2426437E-01
3.1381000E+02 2.5927000E+02 8.6700000E+00 2.2100000E+02 10 5.4740480E+01 2.7507955E-01 7.0191384E-01 -6.9447323E-02 1.2676564E-02 1.0204538E-02 9.7389193E-03 8.3414751E-04 2.4941638E-04 6.9558090E-03 1.5657359E-04 6.7941015E-03 1.3241182E-01 3.7821737E-02 1.6048487E-04 1.3964726E+00 1.9069303E+01 -1.2580618E-01
3.1381000E+02 2.5927000E+02 8.6700000E+00 2.2600000E+02 10 5.4731950E+01 2.7849068E-01 7.1015743E-01 -7.0421793E-02 1.2876923E-02 1.0239331E-02 9.7757390E-03 8.3051709E-04 2.5577567E-04 7.0590850E-03 1.5589214E-04 6.8838121E-03 1.3385964E-01 3.8418319E-02 1.6070774E-04 1.3947630E+00 1.9070614E+01 -1.2688496E-01
3.1381000E+02 2.5927000E+02 8.6700000E+00 2.3100000E+02 10 5.4725465E+01 2.8112071E-01 7.1651869E-01 -7.1165909E-02 1.3036896E-02 1.0272642E-02 9.8110005E-03 8.2702302E-04 2.6111862E-04 7.1412017E-03 1.5523629E-04 6.9549618E-03 1.3495761E-01 3.8894691E-02 1.6082305E-04 1.3937124E+00 1.9071379E+01 -1.2765095E-01
3.1381000E+02 2.5927000E+02 8.6700000E+00 2.3600000E+02 10 5.4720466E+01 2.8316931E-01 7.2149108E-01 -7.1742842E-02 1.3165215E-02 1.0304554E-02 9.8447930E-03 8.2365346E-04 2.6560131E-04 7.2067103E-03 1.5460381E-04 7.0116114E-03 1.3580313E-01 3.9276841E-02 1.6086698E-04 1.3930785E+00 1.9071809E+01 -1.2820300E-01
3.1381000E+02 2.5927000E+02 8.6700000E+00 2.4100000E+02 10 5.4716554E+01 2.8478322E-01 7.2543136E-01 -7.2197251E-02 1.3268847E-02 1.0335048E-02 9.8771043E-03 8.2039778E-04 2.6937148E-04 7.2592613E-03 1.5399270E-04 7.0569808E-03 1.3646468E-01 3.9585507E-02 1.6086461E-04 1.3927095E+00 1.9072031E+01 -1.2860724E-01
3.1381000E+02 2.5927000E+02 8.6700000E+00 2.4600000E+02 10 5.4713447E+01 2.8607056E-01 7.2859885E-01 -7.2560956E-02 1.3353258E-02 1.0364080E-02 9.9078960E-03 8.1724641E-04 2.7255519E-04 7.3017282E-03 1.5340117E-04 7.0935827E-03 1.3699087E-01 3.9836954E-02 1.6083335E-04 1.3925085E+00 1.9072129E+01 -1.2890844E-01
3.1381000E+02 2.5927000E+02 8.6700000E+00 2.5100000E+02 10 5.4710939E+01 2.8711105E-01 7.3118272E-01 -7.2856765E-02 1.3422680E-02 1.0391616E-02 9.9371373E-03 8.1419068E-04 2.7525740E-04 7.3363412E-03 1.5282760E-04 7.1233575E-03 1.3741642E-01 4.0043780E-02 1.6078590E-04 1.3924131E+00 1.9072152E+01 -1.2913720E-01
3.1381000E+02 2.5927000E+02 8.6700000E+00 2.5600000E+02 10 5.4708883E+01 2.8796354E-01 7.3332144E-01 -7.3101131E-02 1.3480369E-02 1.0417640E-02 9.9648184E-03 8.1122276E-04 2.7756198E-04 7.3648149E-03 1.5227050E-04 7.1477948E-03 1.3776631E-01 4.0215670E-02 1.6073016E-04 1.3923831E+00 1.9072132E+01 -1.2931455E-01
3.1381000E+02 2.5927000E+02 8.6700000E+00 2.6100000E+02 10 5.4707172E+01 2.8867149E-01 7.3511676E-01 -7.3306001E-02 1.3528812E-02 1.0442161E-02 9.9909510E-03 8.0833550E-04 2.7953645E-04 7.3884604E-03 1.5172855E-04 7.1680320E-03 1.3805857E-01 4.0360031E-02 1.6067178E-04 1.3923922E+00 1.9072089E+01 -1.2945507E-01
3.1381000E+02 2.5927000E+02 8.6700000E+00 2.6400000E+02 10 5.4701224E+01 2.9915297E-01 7.5603148E-01 -7.3416816E-02 1.5078269E-02 1.1355739E-02 1.0905480E-02 8.0663073E-04 2.9720349E-04 8.1808229E-03 1.5140855E-04 7.9095296E-03 1.3822354E-01 4.4982021E-02 1.8148250E-04 1.4281438E+00 1.8995852E+01 -1.2150113E-01
3.1381000E+02 2.5927000E+02 8.6700000E+00 2.6500000E+02 10 5.4695906E+01 3.0936327E-01 7.7634930E-01 -7.3452482E-02 1.6608586E-02 1.2287378E-02 1.1837435E-02 8.0606548E-04 3.1211388E-04 8.9628124E-03 1.5130246E-04 8.6443487E-03 1.3828097E-01 4.9547551E-02 2.0142779E-04 1.4662521E+00 1.8897627E+01 -1.1344758E-01
3.1381000E+02 2.5927000E+02 8.6700000E+00 2.7000000E+02 10 5.4704241E+01 2.9100455E-01 7.4056458E-01 -7.3575047E-02 1.3824710E-02 1.0653577E-02 1.0204318E-02 8.0484070E-04 2.9087155E-04 7.5382061E-03 1.5107256E-04 7.3067103E-03 1.3843853E-01 4.1242644E-02 1.6091971E-04 1.3981928E+00 1.9065171E+01 -1.2831956E-01
3.1381000E+02 2.5927000E+02 8.6700000E+00 2.7500000E+02 10 5.4701664E+01 2.9459564E-01 7.4793362E-01 -7.3695295E-02 1.4330660E-02 1.0967637E-02 1.0520097E-02 8.0175971E-04 2.9592603E-04 7.7952032E-03 1.5049424E-04 7.5471056E-03 1.3861432E-01 4.2752078E-02 1.6827038E-04 1.4094096E+00 1.9041228E+01 -1.2585258E-01
3.1381000E+02 2.5927000E+02 8.6700000E+00 2.8000000E+02 10 5.4699458E+01 2.9756083E-01 7.5414357E-01 -7.3806620E-02 1.4749311E-02 1.1246523E-02 1.0800881E-02 7.9836051E-04 3.0142491E-04 8.0070084E-03 1.4985619E-04 7.7457623E-03 1.3877712E-01 4.4001248E-02 1.7203526E-04 1.4189465E+00 1.9024795E+01 -1.2379885E-01
3.1381000E+02 2.5927000E+02 8.6700000E+00 2.8500000E+02 10 5.4697726E+01 2.9971236E-01 7.5884176E-01 -7.3907553E-02 1.5054763E-02 1.1475466E-02 1.1031683E-02 7.9502996E-04 3.0633268E-04 8.1605149E-03 1.4923103E-04 7.8906681E-03 1.3892454E-01 4.4912928E-02 1.7383094E-04 1.4261211E+00 1.9014197E+01 -1.2228763E-01
3.1381000E+02 2.5927000E+02 8.6700000E+00 2.8900000E+02 10 5.4694243E+01 3.0573532E-01 7.7121367E-01 -7.3981616E-02 1.5956840E-02 1.2068684E-02 1.1626304E-02 7.9251641E-04 3.1757018E-04 8.6195371E-03 1.4875923E-04 8.3228633E-03 1.3903564E-01 4.7604536E-02 1.8364873E-04 1.4483068E+00 1.8970111E+01 -1.1755508E-01
3.1381000E+02 2.5927000E+02 8.6700000E+00 2.9000000E+02 10 5.4686556E+01 3.2094106E-01 8.0168580E-01 -7.3999717E-02 1.8259086E-02 1.3522094E-02 1.3080059E-02 7.9189865E-04 3.3716594E-04 9.7945850E-03 1.4864327E-04 9.4305318E-03 1.3907140E-01 5.4473959E-02 2.1234725E-04 1.5091278E+00 1.8799245E+01 -1.0526900E-01
3.1381000E+02 2.5927000E+02 8.6700000E+00 2.9500000E+02 10 5.4742141E+01 2.8924625E-01 7.2777082E-01 -6.8444649E-02 1.5182239E-02 1.1687784E-02 1.1247335E-02 7.8905594E-04 3.1460500E-04 8.2197929E-03 1.4810968E-04 7.9499302E-03 1.3066782E-01 4.5294350E-02 1.7005153E-04 1.4673960E+00 1.8979498E+01 -1.1003371E-01
3.1381000E+02 2.5927000E+02 8.6700000E+00 3.0000000E+02 10 5.4810212E+01 2.7135187E-01 6.7654668E-01 -6.0184580E-02 1.5051930E-02 1.1789562E-02 1.1350595E-02 7.8640281E-04 3.1234365E-04 8.1462069E-03 1.4761168E-04 7.8919460E-03 1.1819669E-01 4.4908390E-02 1.6977089E-04 1.5294273E+00 1.8913374E+01 -9.3324038E-02
3.1381000E+02 2.5927000E+02 8.6700000E+00 3.0100000E+02 10 5.4815961E+01 2.8463763E-01 7.0133884E-01 -5.8458602E-02 1.7682438E-02 1.3712600E-02 1.3273925E-02 7.8587929E-04 3.3443690E-04 9.4809516E-03 1.4751341E-04 9.1676639E-03 1.1560486E-01 5.2761302E-02 2.0602791E-04 1.6380499E+00 1.8668564E+01 -7.5187523E-02
3.1381000E+02 2.5927000E+02 8.6700000E+00 3.0200000E+02 10 5.4830871E+01 2.8002508E-01 6.8913472E-01 -5.6697314E-02 1.7550318E-02 1.3717606E-02 1.3279219E-02 7.8536241E-04 3.3642592E-04 9.4109055E-03 1.4741639E-04 9.1064926E-03 1.1294500E-01 5.2368205E-02 2.0245777E-04 1.6538622E+00 1.8667189E+01 -7.2093036E-02
3.1381000E+02 2.5927000E+02 8.6700000E+00 3.0300000E+02 10 5.4847704E+01 2.7420055E-01 6.7424293E-01 -5.4751342E-02 1.7298142E-02 1.3664155E-02 1.3224726E-02 7.8722941E-04 3.3739038E-04 9.2807097E-03 1.4776683E-04 8.9898087E-03 1.1000019E-01 5.1617000E-02 1.9785301E-04 1.6681332E+00 1.8670102E+01 -6.9215146E-02
3.1381000E+02 2.5927000E+02 8.6700000E+00 3.0800000E+02 10 5.4922471E+01 2.3474853E-01 5.8053079E-01 -4.7052471E-02 1.3701827E-02 1.1537274E-02 1.1091665E-02 7.9830112E-04 3.0001219E-04 7.4485477E-03 1.4984505E-04 7.2711637E-03 9.8328177E-02 4.0887821E-02 1.5097201E-04 1.6169741E+00 1.8846699E+01 -7.2252475E-02
3.1381000E+02 2.5927000E+02 8.6700000E+00 3.1300000E+02 10 5.4970810E+01 2.1801538E-01 5.3802945E-01 -4.1465499E-02 1.2989731E-02 1.1458295E-02 1.1005877E-02 8.1049905E-04 2.8486920E-04 7.0829401E-03 1.5213466E-04 6.9500274E-03 8.9860090E-02 3.8767806E-02 1.4716928E-04 1.6590310E+00 1.8801224E+01 -6.3783539E-02
3.1381000E+02 2.5927000E+02 8.6700000E+00 3.1800000E+02 10 5.5005527E+01 2.0561258E-01 5.0718833E-01 -3.7480251E-02 1.2432498E-02 1.1446205E-02 1.0987317E-02 8.2209055E-04 2.7057620E-04 6.7974811E-03 1.5431044E-04 6.7011242E-03 8.3811657E-02 3.7109130E-02 1.4361948E-04 1.6919970E+00 1.8765549E+01 -5.7850255E-02
3.1381000E+02 2.5927000E+02 8.6700000E+00 3.2300000E+02 10 5.5030679E+01 1.9616353E-01 4.8427829E-01 -3.4625776E-02 1.1963521E-02 1.1451646E-02 1.0987157E-02 8.3212390E-04 2.5675644E-04 6.5574354E-03 1.5619375E-04 6.4917863E-03 7.9473994E-02 3.5713065E-02 1.4017807E-04 1.7155837E+00 1.8740474E+01 -5.3852489E-02
3.1381000E+02 2.5927000E+02 8.6700000E+00 3.2800000E+02 10 5.5049133E+01 1.8884368E-01 4.6694333E-01 -3.2559001E-02 1.1562116E-02 1.1455847E-02 1.0986752E-02 8.4037601E-04 2.4380442E-04 6.3517948E-03 1.5774271E-04 6.3122075E-03 7.6329808E-02 3.4517929E-02 1.3703506E-04 1.7314342E+00 1.8723924E+01 -5.1205793E-02
3.1381000E+02 2.5927000E+02 8.6700000E+00 3.2900000E+02 10 5.5046308E+01 2.0005732E-01 4.9267991E-01 -3.2174623E-02 1.3610101E-02 1.3344939E-02 1.2874962E-02 8.4195443E-04 2.6057337E-04 7.3831545E-03 1.5803899E-04 7.3179668E-03 7.5761115E-02 4.0635696E-02 1.6915121E-04 1.8734710E+00 1.8463572E+01 -3.8311102E-02
3.1381000E+02 2.5927000E+02 8.6700000E+00 3.3000000E+02 10 5.5049628E+01 1.9853728E-01 4.8918402E-01 -3.1816902E-02 1.3503869E-02 1.3321645E-02 1.2850828E-02 8.4346094E-04 2.5977273E-04 7.3293849E-03 1.5832177E-04 7.2685562E-03 7.5215619E-02 4.0318851E-02 1.6616627E-04 1.8751534E+00 1.8474777E+01 -3.8051256E-02
3.1381000E+02 2.5927000E+02 8.6700000E+00 3.3500000E+02 10 5.5041522E+01 1.8912378E-01 4.6601702E-01 -3.1014501E-02 1.0898333E-02 1.1323383E-02 1.0849244E-02 8.4941062E-04 2.2716101E-04 6.0123766E-03 1.5943855E-04 6.0070397E-03 7.8138057E-02 3.2539472E-02 1.2865171E-04 1.6588303E+00 1.8805806E+01 -5.9392381E-02
3.1381000E+02 2.5927000E+02 8.6700000E+00 3.4000000E+02 10 5.5012090E+01 2.0049388E-01 4.8790310E-01 -3.0746677E-02 1.0940684E-02 1.1298976E-02 1.0822256E-02 8.5403732E-04 2.2100321E-04 6.0382556E-03 1.6030701E-04 6.0292033E-03 8.3497741E-02 3.2664849E-02 1.3192889E-04 1.5833483E+00 1.8876973E+01 -7.0390423E-02
3.1381000E+02 2.5927000E+02 8.6700000E+00 3.4500000E+02 10 5.4983084E+01 2.1339750E-01 5.1230471E-01 -3.0652803E-02 1.1283563E-02 1.1309505E-02 1.0830804E-02 8.5758419E-04 2.2132749E-04 6.2214635E-03 1.6097277E-04 6.1896295E-03 8.8574592E-02 3.3684984E-02 1.3696584E-04 1.5317446E+00 1.8925271E+01 -7.9361863E-02
3.1381000E+02 2.5927000E+02 8.6700000E+00 3.5000000E+02 10 5.4960044E+01 2.2456616E-01 5.3304395E-01 -3.0587067E-02 1.1703740E-02 1.1324717E-02 1.0844523E-02 8.6025796E-04 2.2540879E-04 6.4450875E-03 1.6147465E-04 6.3848002E-03 9.2503416E-02 3.4935204E-02 1.4174619E-04 1.4997045E+00 1.8955330E+01 -8.5661504E-02
3.1381000E+02 2.5927000E+02 8.6700000E+00 3.5500000E+02 10 5.4943161E+01 2.3330845E-01 5.4900060E-01 -3.0513902E-02 1.2096071E-02 1.1334812E-02 1.0853520E-02 8.6222678E-04 2.3144058E-04 6.6537833E-03 1.6184421E-04 6.5663970E-03 9.5322035E-02 3.6102563E-02 1.4562888E-04 1.4801499E+00 1.8973836E+01 -8.9842580E-02
3.1381000E+02 2.5927000E+02 8.6700000E+00 3.6000000E+02 10 5.4931094E+01 2.3991623E-01 5.6086800E-01 -3.0433045E-02 1.2428552E-02 1.1339179E-02 1.0857107E-02 8.6362443E-04 2.3829074E-04 6.8305546E-03 1.6210655E-04 6.7199995E-03 9.7299053E-02 3.7091847E-02 1.4862040E-04 1.4680942E+00 1.8985354E+01 -9.2578439E-02
3.1381000E+02 2.5927000E+02 8.6700000E+00 3.6500000E+02 10 5.4922481E+01 2.4487403E-01 5.6963700E-01 -3.0350377E-02 1.2699522E-02 1.1339614E-02 1.0857022E-02 8.6455633E-04 2.4518715E-04 6.9744548E-03 1.6228148E-04 6.8450674E-03 9.8685949E-02 3.7898123E-02 1.5088872E-04 1.4605257E+00 1.8992652E+01 -9.4375635E-02
3.1381000E+02 2.5927000E+02 8.6700000E+00 3.7000000E+02 10 5.4916288E+01 2.4860274E-01 5.7613834E-01 -3.0270376E-02 1.2916624E-02 1.1337925E-02 1.0855026E-02 8.6510527E-04 2.5163305E-04 7.0896137E-03 1.6238451E-04 6.9451379E-03 9.9666835E-02 3.8544134E-02 1.5260326E-04 1.4556839E+00 1.8997348E+01 -9.5568559E-02
3.1381000E+02 2.5927000E+02 8.6700000E+00 3.7500000E+02 10 5.4911799E+01 2.5141998E-01 5.8098560E-01 -3.0195434E-02 1.3089019E-02 1.1335386E-02 1.0852358E-02 8.6533639E-04 2.5736191E-04 7.1809769E-03 1.6242790E-04 7.0244042E-03 1.0036739E-01 3.9057137E-02 1.5389727E-04 1.4525303E+00 1.9000428E+01 -9.6370288E-02
3.1381000E+02 2.5927000E+02 8.6700000E+00 3.8000000E+02 10 5.4908517E+01 2.5355921E-01 5.8462059E-01 -3.0126547E-02 1.3225206E-02 1.1332766E-02 1.0849757E-02 8.6530123E-04 2.6228433E-04 7.2530950E-03 1.6242130E-04 7.0867769E-03 1.0087251E-01 3.9462405E-02 1.5487427E-04 1.4504398E+00 1.9002480E+01 -9.6916243E-02
3.1381000E+02 2.5927000E+02 8.6700000E+00 3.8500000E+02 10 5.4906098E+01 2.5519229E-01 5.8736267E-01 -3.0063948E-02 1.3332507E-02 1.1330463E-02 1.0847600E-02 8.6504083E-04 2.6642153E-04 7.3098671E-03 1.6237242E-04 7.1356440E-03 1.0124009E-01 3.9781719E-02 1.5561124E-04 1.4490281E+00 1.9003875E+01 -9.7293312E-02
3.1381000E+02 2.5927000E+02 8.6700000E+00 3.9000000E+02 10 5.4904302E+01 2.5644675E-01 5.8944501E-01 -3.0007483E-02 1.3417030E-02 1.1328646E-02 1.0846035E-02 8.6458817E-04 2.6985424E-04 7.3545296E-03 1.6228745E-04 7.1738494E-03 1.0151019E-01 4.0033257E-02 1.5616729E-04 1.4480552E+00 1.9004841E+01 -9.7557873E-02
3.1381000E+02 2.5927000E+02 8.6700000E+00 3.9500000E+02 10 5.4902955E+01 2.5741742E-01 5.9103871E-01 -2.9956810E-02 1.3483740E-02 1.1327343E-02 1.0845078E-02 8.6397002E-04 2.7268491E-04 7.3897124E-03 1.6217142E-04 7.2037022E-03 1.0171084E-01 4.0231783E-02 1.5658665E-04 1.4473684E+00 1.9005531E+01 -9.7746962E-02
3.1381000E+02 2.5927000E+02 8.6700000E+00 4.0000000E+02 10 5.4901934E+01 2.5817528E-01 5.9227003E-01 -2.9911502E-02 1.3536613E-02 1.1326516E-02 1.0844676E-02 8.6320835E-04 2.7501743E-04 7.4175241E-03 1.6202845E-04 7.2270527E-03 1.0186178E-01 4.0389131E-02 1.5690347E-04 1.4468699E+00 1.9006035E+01 -9.7885041E-02
3.1381000E+02 2.5927000E+02 8.6700000E+00 4.0500000E+02 10 5.4901152E+01 2.5877302E-01 5.9323182E-01 -2.9871099E-02 1.3578768E-02 1.1326092E-02 1.0844747E-02 8.6232134E-04 2.7694549E-04 7.4396143E-03 1.6186196E-04 7.2453581E-03 1.0197701E-01 4.0514581E-02 1.5714309E-04 1.4464965E+00 1.9006416E+01 -9.7988440E-02
3.1381000E+02 2.5927000E+02 8.6700000E+00 4.1000000E+02 10 5.4900544E+01 2.5924996E-01 5.9399252E-01 -2.9835145E-02 1.3612631E-02 1.1325991E-02 1.0845203E-02 8.6132424E-04 2.7854831E-04 7.4572725E-03 1.6167480E-04 7.2597457E-03 1.0206645E-01 4.0615350E-02 1.5732441E-04 1.4462068E+00 1.9006715E+01 -9.8068094E-02
3.1381000E+02 2.5927000E+02 8.6700000E+00 4.1200000E+02 10 5.4893135E+01 2.7386870E-01 6.2327479E-01 -2.9821446E-02 1.5835056E-02 1.2690090E-02 1.2209534E-02 8.6090869E-04 3.0096604E-04 8.5944305E-03 1.6159679E-04 8.3261372E-03 1.0210944E-01 4.7246047E-02 1.8757862E-04 1.5131793E+00 1.8863060E+01 -8.6369097E-02
3.1381000E+02 2.5927000E+02 8.6700000E+00 4.1700000E+02 10 5.4900568E+01 2.5841111E-01 5.9227721E-01 -2.9791032E-02 1.3453473E-02 1.1228903E-02 1.0748978E-02 8.5977744E-04 2.8108104E-04 7.3759336E-03 1.6138445E-04 7.1809369E-03 1.0216140E-01 4.0140264E-02 1.5318053E-04 1.4405833E+00 1.9019791E+01 -9.9148725E-02
3.1381000E+02 2.5927000E+02 8.6700000E+00 4.2200000E+02 10 5.4900178E+01 2.5877953E-01 5.9281678E-01 -2.9764053E-02 1.3482044E-02 1.1222744E-02 1.0743496E-02 8.5856418E-04 2.8045006E-04 7.3907152E-03 1.6115672E-04 7.1926681E-03 1.0221445E-01 4.0225285E-02 1.5516952E-04 1.4404843E+00 1.9016553E+01 -9.9177443E-02
3.1381000E+02 2.5927000E+02 8.6700000E+00 4.2700000E+02 10 5.4899698E+01 2.5940595E-01 5.9386571E-01 -2.9740143E-02 1.3552177E-02 1.1241166E-02 1.0762636E-02 8.5727786E-04 2.8103725E-04 7.4267830E-03 1.6091527E-04 7.2241954E-03 1.0225845E-01 4.0434240E-02 1.5649496E-04 1.4416578E+00 1.9013286E+01 -9.8967600E-02
3.1381000E+02 2.5927000E+02 8.6700000E+00 4.2900000E+02 10 5.4892289E+01 2.7416868E-01 6.2337747E-01 -2.9731047E-02 1.5798354E-02 1.2609735E-02 1.2131499E-02 8.5675218E-04 3.0332028E-04 8.5765003E-03 1.6081660E-04 8.3013641E-03 1.0228564E-01 4.7135673E-02 1.8731228E-04 1.5088632E+00 1.8869401E+01 -8.7126053E-02
3.1381000E+02 2.5927000E+02 8.6700000E+00 4.3000000E+02 10 5.4890031E+01 2.7864230E-01 6.3240978E-01 -2.9726614E-02 1.6480560E-02 1.3047943E-02 1.2569855E-02 8.5648662E-04 3.1167582E-04 8.9252524E-03 1.6076675E-04 8.6289110E-03 1.0229600E-01 4.9171227E-02 1.9451576E-04 1.5312086E+00 1.8817538E+01 -8.3491835E-02
3.1381000E+02 2.5927000E+02 8.6700000E+00 4.3500000E+02 10 5.4899150E+01 2.6065581E-01 5.9657117E-01 -2.9688976E-02 1.3762230E-02 1.1413899E-02 1.0931054E-02 8.6500792E-04 2.9043025E-04 7.5398029E-03 1.6236624E-04 7.3302694E-03 1.0222666E-01 4.1060661E-02 1.5589773E-04 1.4481777E+00 1.9006980E+01 -9.7753447E-02
3.1381000E+02 2.5927000E+02 8.6700000E+00 4.3600000E+02 10 5.4889304E+01 2.8050867E-01 6.3644855E-01 -2.9681708E-02 1.6796110E-02 1.3315405E-02 1.2831617E-02 8.6669753E-04 3.1588326E-04 9.0921208E-03 1.6268339E-04 8.7896979E-03 1.0223056E-01 5.0113265E-02 1.9893099E-04 1.5431546E+00 1.8780194E+01 -8.1581217E-02
3.1381000E+02 2.5927000E+02 8.6700000E+00 4.3700000E+02 10 5.4890297E+01 2.8060404E-01 6.3620677E-01 -2.9435860E-02 1.6841678E-02 1.3352752E-02 1.2867961E-02 8.6849554E-04 3.1992710E-04 9.1169418E-03 1.6302088E-04 8.8125028E-03 1.0201573E-01 5.0249010E-02 1.9710216E-04 1.5454262E+00 1.8786852E+01 -8.1134708E-02
3.1381000E+02 2.5927000E+02 8.6700000E+00 4.3800000E+02 10 5.4893687E+01 2.8015457E-01 6.3390591E-01 -2.8685725E-02 1.6859872E-02 1.3379257E-02 1.2893399E-02 8.7040703E-04 3.2306917E-04 9.1276528E-03 1.6337968E-04 8.8224671E-03 1.0137313E-01 5.0303159E-02 1.9569566E-04 1.5478699E+00 1.8790736E+01 -8.0461991E-02
3.1381000E+02 2.5927000E+02 8.6700000E+00 4.4300000E+02 10 5.4959750E+01 2.5383771E-01 5.5626490E-01 -1.6077512E-02 1.4189163E-02 1.1767316E-02 1.1280902E-02 8.7140283E-04 2.9967862E-04 7.7617469E-03 1.6356660E-04 7.5409285E-03 9.0704281E-02 4.2334750E-02 1.5932587E-04 1.4823800E+00 1.8965198E+01 -8.5669179E-02
3.1381000E+02 2.5927000E+02 8.6700000E+00 4.4400000E+02 10 5.4963227E+01 2.7062644E-01 5.8489089E-01 -1.3259888E-02 1.7072514E-02 1.3667089E-02 1.3180738E-02 8.7128952E-04 3.2298448E-04 9.2331797E-03 1.6354533E-04 8.9301301E-03 8.8339288E-02 5.0939690E-02 1.9974683E-04 1.5919267E+00 1.8718102E+01 -6.8165653E-02
3.1381000E+02 2.5927000E+02 8.6700000E+00 4.4500000E+02 10 5.4977035E+01 2.6860141E-01 5.7491290E-01 -1.0211484E-02 1.7092600E-02 1.3707217E-02 1.3220998E-02 8.7105437E-04 3.2590831E-04 9.2430562E-03 1.6350119E-04 8.9399198E-03 8.5764647E-02 5.0999772E-02 1.9792907E-04 1.6007925E+00 1.8718439E+01 -6.5865989E-02
3.1381000E+02 2.5927000E+02 8.6700000E+00 4.5000000E+02 10 5.5045682E+01 2.4366319E-01 4.9830788E-01 3.1843556E-03 1.4700684E-02 1.2246649E-02 1.1761714E-02 8.6875298E-04 3.0545863E-04 8.0184237E-03 1.6306921E-04 7.7888119E-03 7.4448879E-02 4.3862872E-02 1.6512771E-04 1.5374845E+00 1.8895014E+01 -6.9130470E-02
3.1381000E+02 2.5927000E+02 8.6700000E+00 4.5300000E+02 10 5.5074035E+01 2.4818120E-01 4.9395713E-01 1.0479413E-02 1.6208758E-02 1.3383406E-02 1.2899727E-02 8.6650251E-04 3.1834231E-04 8.7833341E-03 1.6264678E-04 8.5178670E-03 6.8308171E-02 4.8365228E-02 1.8504992E-04 1.6224798E+00 1.8747963E+01 -5.5655483E-02
3.1381000E+02 2.5927000E+02 8.6700000E+00 4.5400000E+02 10 5.5080711E+01 2.5449206E-01 5.0311136E-01 1.2820245E-02 1.7473332E-02 1.4372158E-02 1.3888923E-02 8.6570871E-04 3.2852727E-04 9.4242397E-03 1.6249778E-04 9.1314774E-03 6.6341423E-02 5.2141076E-02 1.9959501E-04 1.6982644E+00 1.8586257E+01 -4.6922745E-02
3.1381000E+02 2.5927000E+02 8.6700000E+00 4.5900000E+02 10 5.5137111E+01 2.2842134E-01 4.2965070E-01 2.3192991E-02 1.4541453E-02 1.2495299E-02 1.2015950E-02 8.5874521E-04 2.9915142E-04 7.9224701E-03 1.6119070E-04 7.7147986E-03 5.7614632E-02 4.3391957E-02 1.6089001E-04 1.5829290E+00 1.8852969E+01 -5.5413054E-02
3.1381000E+02 2.5927000E+02 8.6700000E+00 4.6400000E+02 10 5.5172932E+01 2.2119439E-01 4.0069348E-01 3.0896178E-02 1.4278876E-02 1.2496104E-02 1.2019900E-02 8.5311096E-04 2.8896789E-04 7.7799361E-03 1.6013312E-04 7.5899747E-03 5.1151570E-02 4.2610567E-02 1.5984954E-04 1.5943708E+00 1.8839689E+01 -5.1184854E-02
3.1381000E+02 2.5927000E+02 8.6700000E+00 4.6900000E+02 10 5.5199306E+01 2.1591000E-01 3.7953497E-01 3.6578583E-02 1.4095393E-02 1.2522345E-02 1.2048850E-02 8.4825901E-04 2.7964657E-04 7.6789561E-03 1.5922239E-04 7.5028899E-03 4.6391889E-02 4.2064651E-02 1.5910635E-04 1.6043976E+00 1.8827724E+01 -4.7994290E-02
3.1381000E+02 2.5927000E+02 8.6700000E+00 4.7400000E+02 10 5.5219041E+01 2.1180063E-01 3.6353130E-01 4.0817733E-02 1.3936329E-02 1.2549978E-02 1.2078835E-02 8.4404390E-04 2.7081163E-04 7.5911625E-03 1.5843119E-04 7.4275727E-03 4.2847837E-02 4.1591265E-02 1.5822204E-04 1.6116298E+00 1.8819335E+01 -4.5704701E-02
3.1381000E+02 2.5927000E+02 8.6700000E+00 4.7900000E+02 10 5.5234034E+01 2.0848922E-01 3.5111884E-01 4.4020586E-02 1.3787338E-02 1.2569554E-02 1.2100506E-02 8.4029286E-04 2.6260370E-04 7.5091744E-03 1.5772710E-04 7.3569581E-03 4.0176290E-02 4.1147657E-02 1.5724768E-04 1.6161085E+00 1.8814292E+01 -4.4108317E-02
3.1381000E+02 2.5927000E+02 8.6700000E+00 4.8100000E+02 10 5.5233871E+01 2.1833177E-01 3.7056383E-01 4.5158023E-02 1.5518218E-02 1.3929848E-02 1.3461601E-02 8.3885820E-04 2.7433059E-04 8.3863537E-03 1.5745781E-04 8.1961792E-03 3.9238769E-02 4.6315387E-02 1.8111609E-04 1.7367540E+00 1.8608265E+01 -3.3627879E-02
3.1381000E+02 2.5927000E+02 8.6700000E+00 4.8200000E+02 10 5.5234820E+01 2.2090001E-01 3.7550779E-01 4.5693348E-02 1.6011653E-02 1.4369202E-02 1.3901346E-02 8.3815646E-04 2.7724496E-04 8.6352771E-03 1.5732609E-04 8.4363009E-03 3.8795374E-02 4.7788893E-02 1.8639937E-04 1.7810595E+00 1.8529242E+01 -3.0397280E-02
3.1381000E+02 2.5927000E+02 8.6700000E+00 4.8700000E+02 10 5.5253610E+01 2.0129179E-01 3.2982904E-01 4.7869306E-02 1.3118176E-02 1.2300837E-02 1.1835055E-02 8.3444019E-04 2.4788173E-04 7.1595913E-03 1.5662853E-04 7.0347609E-03 3.6975925E-02 3.9151455E-02 1.4799941E-04 1.5946729E+00 1.8852398E+01 -4.4783531E-02
3.1381000E+02 2.5927000E+02 8.6700000E+00 4.9200000E+02 10 5.5261859E+01 1.9861308E-01 3.2120322E-01 4.9536752E-02 1.2881171E-02 1.2164546E-02 1.1700296E-02 8.3169557E-04 2.3953446E-04 7.0353923E-03 1.5611335E-04 6.9200336E-03 3.5594919E-02 3.8444345E-02 1.4827408E-04 1.5870595E+00 1.8857821E+01 -4.4908402E-02
3.1381000E+02 2.5927000E+02 8.6700000E+00 4.9700000E+02 10 5.5267920E+01 1.9714667E-01 3.1562140E-01 5.0824722E-02 1.2782570E-02 1.2091298E-02 1.1628371E-02 8.2932647E-04 2.3412254E-04 6.9830253E-03 1.5566866E-04 6.8711364E-03 3.4531225E-02 3.8149903E-02 1.4889880E-04 1.5852263E+00 1.8857576E+01 -4.4606382E-02
3.1381000E+02 2.5927000E+02 8.6700000E+00 5.0200000E+02 10 5.5272566E+01 1.9616412E-01 3.1156185E-01 5.1831739E-02 1.2727893E-02 1.2045293E-02 1.1583585E-02 8.2714243E-04 2.3017093E-04 6.9533927E-03 1.5525870E-04 6.8433383E-03 3.3702894E-02 3.7986531E-02 1.4924020E-04 1.5848890E+00 1.8856685E+01 -4.4264502E-02
3.1381000E+02 2.5927000E+02 8.6700000E+00 5.0500000E+02 10 5.5271233E+01 2.0314804E-01 3.2546239E-01 5.2352028E-02 1.3903216E-02 1.2891973E-02 1.2430976E-02 8.2586860E-04 2.3949152E-04 7.5510571E-03 1.5501960E-04 7.4102504E-03 3.3283246E-02 4.1494603E-02 1.6593206E-04 1.6583121E+00 1.8738304E+01 -3.7489104E-02
3.1381000E+02 2.5927000E+02 8.6700000E+00 5.0600000E+02 10 5.5268504E+01 2.0999306E-01 3.4012815E-01 5.2516724E-02 1.5037906E-02 1.3774587E-02 1.3313825E-02 8.2544716E-04 2.4793583E-04 8.1268327E-03 1.5494049E-04 7.9603951E-03 3.3154668E-02 4.4882323E-02 1.8091456E-04 1.7433694E+00 1.8586362E+01 -3.1036515E-02
3.1381000E+02 2.5927000E+02 8.6700000E+00 5.1100000E+02 10 5.5280360E+01 1.9187863E-01 3.0015100E-01 5.3214080E-02 1.2204395E-02 1.1708472E-02 1.1249426E-02 8.2237279E-04 2.2183364E-04 6.6827761E-03 1.5436342E-04 6.5875883E-03 3.2577079E-02 3.6423763E-02 1.4148223E-04 1.5605154E+00 1.8895647E+01 -4.6182855E-02
3.1381000E+02 2.5927000E+02 8.6700000E+00 5.1600000E+02 10 5.5283094E+01 1.9094427E-01 2.9678767E-01 5.3772034E-02 1.2095479E-02 1.1574470E-02 1.1116834E-02 8.1984678E-04 2.1757182E-04 6.6264296E-03 1.5388927E-04 6.5321019E-03 3.2129806E-02 3.6098312E-02 1.4288906E-04 1.5548070E+00 1.8898669E+01 -4.6549099E-02
3.1381000E+02 2.5927000E+02 8.6700000E+00 5.2100000E+02 10 5.5285014E+01 1.9076333E-01 2.9512447E-01 5.4224186E-02 1.2089378E-02 1.1502387E-02 1.1046064E-02 8.1749454E-04 2.1558374E-04 6.6232543E-03 1.5344775E-04 6.5256240E-03 3.1770029E-02 3.6079545E-02 1.4416761E-04 1.5540760E+00 1.8897290E+01 -4.6447142E-02
3.1381000E+02 2.5927000E+02 8.6700000E+00 5.2600000E+02 10 5.5286525E+01 1.9073404E-01 2.9400119E-01 5.4596250E-02 1.2101685E-02 1.1456025E-02 1.1000962E-02 8.1523812E-04 2.1445770E-04 6.6294317E-03 1.5302421E-04 6.5282575E-03 3.1476631E-02 3.6115844E-02 1.4492157E-04 1.5543707E+00 1.8895834E+01 -4.6273141E-02
3.1381000E+02 2.5927000E+02 8.6700000E+00 5.3100000E+02 10 5.5287785E+01 1.9069399E-01 2.9305445E-01 5.4906634E-02 1.2109745E-02 1.1419961E-02 1.0966127E-02 8.1303646E-04 2.1364038E-04 6.6333144E-03 1.5261094E-04 6.5291145E-03 3.1234469E-02 3.6139598E-02 1.4528798E-04 1.5545470E+00 1.8895124E+01 -4.6137075E-02
3.1381000E+02 2.5927000E+02 8.6700000E+00 5.3600000E+02 10 5.5288858E+01 1.9062852E-01 2.9220614E-01 5.5168714E-02 1.2111696E-02 1.1389001E-02 1.0936369E-02 8.1088320E-04 2.1295359E-04 6.6340082E-03 1.5220677E-04 6.5272072E-03 3.1032385E-02 3.6145200E-02 1.4544810E-04 1.5544608E+00 1.8894984E+01 -4.6047643E-02
3.1381000E+02 2.5927000E+02 8.6700000E+00 5.4100000E+02 10 5.5289777E+01 1.9055110E-01 2.9144606E-01 5.5392443E-02 1.2109787E-02 1.1361545E-02 1.0910088E-02 8.0877914E-04 2.1234779E-04 6.6327055E-03 1.5181182E-04 6.5235576E-03 3.0862028E-02 3.6139327E-02 1.4551070E-04 1.5541938E+00 1.8895161E+01 -4.5992085E-02
3.1381000E+02 2.5927000E+02 8.6700000E+00 5.4600000E+02 10 5.5290569E+01 1.9047354E-01 2.9077159E-01 5.5585365E-02 1.2106035E-02 1.1336975E-02 1.0886666E-02 8.0672255E-04 2.1181279E-04 6.6304523E-03 1.5142579E-04 6.5191085E-03 3.0717079E-02 3.6127976E-02 1.4552936E-04 1.5538329E+00 1.8895489E+01 -4.5958337E-02
3.1381000E+02 2.5927000E+02 8.6700000E+00 5.5100000E+02 10 5.5291255E+01 1.9040220E-01 2.9017700E-01 5.5753268E-02 1.2101654E-02 1.1314886E-02 1.0865700E-02 8.0470912E-04 2.1134321E-04 6.6278702E-03 1.5104786E-04 6.5144317E-03 3.0592710E-02 3.6114761E-02 1.4552831E-04 1.5534331E+00 1.8895879E+01 -4.5938404E-02
3.1381000E+02 2.5927000E+02 8.6700000E+00 5.5600000E+02 10 5.5291853E+01 1.9033985E-01 2.8965429E-01 5.5900640E-02 1.2097285E-02 1.1294924E-02 1.0846841E-02 8.0273378E-04 2.1093419E-04 6.6252856E-03 1.5067708E-04 6.5098285E-03 3.0485190E-02 3.6101592E-02 1.4551849E-04 1.5530245E+00 1.8896288E+01 -4.5927409E-02
3.1381000E+02 2.5927000E+02 8.6700000E+00 5.6100000E+02 10 5.5292375E+01 1.9028731E-01 2.8919495E-01 5.6030991E-02 1.2093244E-02 1.1276773E-02 1.0829773E-02 8.0079179E-04 2.1058110E-04 6.6228577E-03 1.5031256E-04 6.5054445E-03 3.0391611E-02 3.6089410E-02 1.4550510E-04 1.5526225E+00 1.8896695E+01 -4.5922386E-02
3.1381000E+02 2.5927000E+02 8.6700000E+00 5.6600000E+02 10 5.5292834E+01 1.9024432E-01 2.8879080E-01 5.6147097E-02 1.2089664E-02 1.1260160E-02 1.0814228E-02 7.9887924E-04 2.1027939E-04 6.6206529E-03 1.4995356E-04 6.5013393E-03 3.0309674E-02 3.6078608E-02 1.4549052E-04 1.5522343E+00 1.8897090E+01 -4.5921512E-02
3.1381000E+02 2.5927000E+02 8.6700000E+00 5.7100000E+02 10 5.5293239E+01 1.9021017E-01 2.8843448E-01 5.6251173E-02 1.2086580E-02 1.1244857E-02 1.0799978E-02 7.9699308E-04 2.1002407E-04 6.6186922E-03 1.4959952E-04 6.4975226E-03 3.0237546E-02 3.6069295E-02 1.4547570E-04 1.5518624E+00 1.8897470E+01 -4.5923639E-02
3.1381000E+02 2.5927000E+02 8.6700000E+00 5.7600000E+02 10 5.5293599E+01 1.9018388E-01 2.8811946E-01 5.6345008E-02 1.2083976E-02 1.1230677E-02 1.0786837E-02 7.9513097E-04 2.0981064E-04 6.6169653E-03 1.4924999E-04 6.4939833E-03 3.0173749E-02 3.6061415E-02 1.4546141E-04 1.5515072E+00 1.8897834E+01 -4.5928040E-02
3.1381000E+02 2.5927000E+02 8.6700000E+00 5.8100000E+02 10 5.5293919E+01 1.9016474E-01 2.8784037E-01 5.6430061E-02 1.2081828E-02 1.1217462E-02 1.0774650E-02 7.9329115E-04 2.0963503E-04 6.6154614E-03 1.4890465E-04 6.4907062E-03 3.0117079E-02 3.6054898E-02 1.4544777E-04 1.5511685E+00 1.8898181E+01 -4.5934165E-02
3.1381000E+02 2.5927000E+02 8.6700000E+00 5.8200000E+02 10 5.5286045E+01 2.0610948E-01 3.2147764E-01 5.6446732E-02 1.4621601E-02 1.3008142E-02 1.2565535E-02 7.9292406E-04 2.2993226E-04 7.9098856E-03 1.4883575E-04 7.7164425E-03 3.0121009E-02 4.3636029E-02 1.8225509E-04 1.7123987E+00 1.8613897E+01 -3.2095010E-02
3.1381000E+02 2.5927000E+02 8.6700000E+00 5.8700000E+02 10 5.5294624E+01 1.8931465E-01 2.8608075E-01 5.6489281E-02 1.1965278E-02 1.1157662E-02 1.0713526E-02 7.9566247E-04 2.0984664E-04 6.5581047E-03 1.4934976E-04 6.4356705E-03 3.0052435E-02 3.5706871E-02 1.4248252E-04 1.5458470E+00 1.8908718E+01 -4.6456992E-02
3.1381000E+02 2.5927000E+02 8.6700000E+00 5.9200000E+02 10 5.5294872E+01 1.8918242E-01 2.8572833E-01 5.6518397E-02 1.1953249E-02 1.1146106E-02 1.0699993E-02 7.9920386E-04 2.0929120E-04 6.5546214E-03 1.5001449E-04 6.4321815E-03 3.0005774E-02 3.5670901E-02 1.4342337E-04 1.5455802E+00 1.8906845E+01 -4.6463613E-02
3.1381000E+02 2.5927000E+02 8.6700000E+00 5.9700000E+02 10 5.5294965E+01 1.8931789E-01 2.8589786E-01 5.6543464E-02 1.1979718E-02 1.1155364E-02 1.0707457E-02 8.0241866E-04 2.0949452E-04 6.5708564E-03 1.5061793E-04 6.4466598E-03 2.9964433E-02 3.5749723E-02 1.4413612E-04 1.5471776E+00 1.8903713E+01 -4.6280552E-02
3.1381000E+02 2.5927000E+02 8.6700000E+00 6.0200000E+02 10 5.5295048E+01 1.8944290E-01 2.8607777E-01 5.6568408E-02 1.2004650E-02 1.1168863E-02 1.0719579E-02 8.0488507E-04 2.0979119E-04 6.5857653E-03 1.5108089E-04 6.4599099E-03 2.9928080E-02 3.5824011E-02 1.4449542E-04 1.5487305E+00 1.8901302E+01 -4.6105379E-02
3.1381000E+02 2.5927000E+02 8.6700000E+00 6.0700000E+02 10 5.5295153E+01 1.8950292E-01 2.8615009E-01 5.6594421E-02 1.2019502E-02 1.1179911E-02 1.0729694E-02 8.0655508E-04 2.0998636E-04 6.5949533E-03 1.5139436E-04 6.4677833E-03 2.9896121E-02 3.5868273E-02 1.4461094E-04 1.5497665E+00 1.8899855E+01 -4.5985696E-02
3.1381000E+02 2.5927000E+02 8.6700000E+00 6.1200000E+02 10 5.5295274E+01 1.8951483E-01 2.8613305E-01 5.6621492E-02 1.2026279E-02 1.1187122E-02 1.0736358E-02 8.0753782E-04 2.1007125E-04 6.5995723E-03 1.5157882E-04 6.4712558E-03 2.9867881E-02 3.5888459E-02 1.4460668E-04 1.5503422E+00 1.8899094E+01 -4.5914706E-02
3.1381000E+02 2.5927000E+02 8.6700000E+00 6.1700000E+02 10 5.5295399E+01 1.8950236E-01 2.8606446E-01 5.6649249E-02 1.2028291E-02 1.1190875E-02 1.0739866E-02 8.0797385E-04 2.1008628E-04 6.6014366E-03 1.5166067E-04 6.4719853E-03 2.9842752E-02 3.5894428E-02 1.4455520E-04 1.5506063E+00 1.8898748E+01 -4.5876670E-02
3.1381000E+02 2.5927000E+02 8.6700000E+00 6.2200000E+02 10 5.5295522E+01 1.8948153E-01 2.8597212E-01 5.6677288E-02 1.2027914E-02 1.1191882E-02 1.0740865E-02 8.0798965E-04 2.1006390E-04 6.6018504E-03 1.5166363E-04 6.4712008E-03 2.9820229E-02 3.5893266E-02 1.4449070E-04 1.5506774E+00 1.8898644E+01 -4.5859160E-02
3.1381000E+02 2.5927000E+02 8.6700000E+00 6.2700000E+02 10 5.5295638E+01 1.8946105E-01 2.8587246E-01 5.6705283E-02 1.2026548E-02 1.1190791E-02 1.0739943E-02 8.0768693E-04 2.1003038E-04 6.6015885E-03 1.5160681E-04 6.4696571E-03 2.9799907E-02 3.5889143E-02 1.4442776E-04 1.5506330E+00 1.8898676E+01 -4.5854116E-02
3.1381000E+02 2.5927000E+02 8.6700000E+00 6.3200000E+02 10 5.5295747E+01 1.8944491E-01 2.8577407E-01 5.6732995E-02 1.2024932E-02 1.1188116E-02 1.0737571E-02 8.0714392E-04 2.1000164E-04 6.6010723E-03 1.5150488E-04 6.4677784E-03 2.9781465E-02 3.5884271E-02 1.4437120E-04 1.5505203E+00 1.8898785E+01 -4.5856649E-02
3.1381000E+02 2.5927000E+02 8.6700000E+00 6.3700000E+02 10 5.5295847E+01 1.8943462E-01 2.8568112E-01 5.6760259E-02 1.2023434E-02 1.1184254E-02 1.0734113E-02 8.0641963E-04 2.0998540E-04 6.6005182E-03 1.5136893E-04 6.4657946E-03 2.9764641E-02 3.5879741E-02 1.4432199E-04 1.5503674E+00 1.8898940E+01 -4.5863821E-02
3.1381000E+02 2.5927000E+02 8.6700000E+00 6.4200000E+02 10 5.5295940E+01 1.8943034E-01 2.8559529E-01 5.6786974E-02 1.2022210E-02 1.1179512E-02 1.0729852E-02 8.0555822E-04 2.0998456E-04 6.6000272E-03 1.5120724E-04 6.4638247E-03 2.9749225E-02 3.5876028E-02 1.4427982E-04 1.5501910E+00 1.8899123E+01 -4.5873867E-02
3.1381000E+02 2.5927000E+02 8.6700000E+00 6.4700000E+02 10 5.5296025E+01 1.8943165E-01 2.8551698E-01 5.6813082E-02 1.2021313E-02 1.1174125E-02 1.0725004E-02 8.0459267E-04 2.0999982E-04 6.5996400E-03 1.5102600E-04 6.4619257E-03 2.9735043E-02 3.5873284E-02 1.4424396E-04 1.5500015E+00 1.8899318E+01 -4.5885712E-02
3.1381000E+02 2.5927000E+02 8.6700000E+00 6.5000000E+02 10 5.5292221E+01 1.9717534E-01 3.0171014E-01 5.6828521E-02 1.3251365E-02 1.2008942E-02 1.1560162E-02 8.0398176E-04 2.2214153E-04 7.2284079E-03 1.5091133E-04 7.0527476E-03 2.9734097E-02 3.9544240E-02 1.6145120E-04 1.6201853E+00 1.8787036E+01 -3.9249893E-02
