x y z_datum Time Well_no H2O H O Charge Al C Ca Cl Fe K Mg Na S Si U pH pe Alkalinity
3.1381000E+02 2.5927000E+02 8.6700000E+00 0.0000000E+00 10 9.9704301E-01 7.2098600E-06 6.6484776E-04 -3.2324431E-06 0.0000000E+00 1.0067647E-04 6.3262499E-05 4.3211171E-04 0.0000000E+00 2.8240956E-04 5.5605062E-05 2.2967748E-04 1.4127542E-04 0.0000000E+00 0.0000000E+00 7.0300000E+00 1.1068788E+01 7.1999443E-03
3.1381000E+02 2.5927000E+02 8.6700000E+00 5.0000000E+00 10 5.5326608E+01 2.0682277E-02 6.5143336E-02 -3.0024918E-03 0.0000000E+00 7.1379816E-03 1.3442206E-03 1.0379425E-02 0.0000000E+00 6.1510855E-03 1.9482691E-03 8.5077254E-03 1.1172076E-02 0.0000000E+00 0.0000000E+00 2.2837720E+00 1.8112220E+01 -8.5039723E-03
3.1381000E+02 2.5927000E+02 8.6700000E+00 1.0000000E+01 10 5.5306194E+01 3.6701757E-02 1.1129575E-01 -2.6963128E-03 1.1842344E-03 7.5614424E-03 3.1121009E-03 7.9709201E-03 1.5876616E-05 5.3091993E-03 1.4961809E-03 7.1257688E-03 2.0195453E-02 3.5408181E-03 1.7595337E-05 1.9436032E+00 1.8494649E+01 -2.0483856E-02
3.1381000E+02 2.5927000E+02 8.6700000E+00 1.5000000E+01 10 5.5283464E+01 6.1680740E-02 1.5950275E-01 -2.4433231E-03 2.7404253E-03 7.7688180E-03 4.4303445E-03 5.9808188E-03 3.6830392E-05 4.9100628E-03 1.1226291E-03 6.2603903E-03 2.7652271E-02 8.1892790E-03 4.0558163E-05 1.8280042E+00 1.8628144E+01 -2.8340265E-02
3.1381000E+02 2.5927000E+02 8.6700000E+00 2.0000000E+01 10 5.5265936E+01 8.2034902E-02 1.9714179E-01 -2.2616124E-03 4.0804507E-03 7.9262959E-03 5.3857067E-03 4.5514227E-03 5.6644769E-05 4.7385127E-03 8.5432442E-04 5.7439013E-03 3.3008702E-02 1.2190713E-02 5.9971866E-05 1.7768883E+00 1.8687364E+01 -3.3070185E-02
3.1381000E+02 2.5927000E+02 8.6700000E+00 2.5000000E+01 10 5.5253458E+01 9.6898216E-02 2.2437734E-01 -2.1368545E-03 5.1040813E-03 8.0738248E-03 6.0810424E-03 3.5700359E-03 7.3121830E-05 4.6743071E-03 6.7011330E-04 5.4383517E-03 3.6686604E-02 1.5246875E-02 7.4384621E-05 1.7525328E+00 1.8715512E+01 -3.5820668E-02
3.1381000E+02 2.5927000E+02 8.6700000E+00 3.0000000E+01 10 5.5244741E+01 1.0742435E-01 2.4373929E-01 -2.0514446E-03 5.8580766E-03 8.2128985E-03 6.5951475E-03 2.8981735E-03 8.6001680E-05 4.6576162E-03 5.4400143E-04 5.2546622E-03 3.9204688E-02 1.7497874E-02 8.4636305E-05 1.7406220E+00 1.8729271E+01 -3.7412555E-02
3.1381000E+02 2.5927000E+02 8.6700000E+00 3.5000000E+01 10 5.5238610E+01 1.1489167E-01 2.5757474E-01 -1.9921518E-03 6.4089480E-03 8.3407995E-03 6.9834010E-03 2.4317564E-03 9.5825904E-05 4.6599056E-03 4.5645263E-04 5.1404921E-03 4.0952878E-02 1.9142452E-02 9.1865287E-05 1.7348013E+00 1.8736034E+01 -3.8344022E-02
3.1381000E+02 2.5927000E+02 8.6700000E+00 4.0000000E+01 10 5.5234244E+01 1.2023174E-01 2.6757282E-01 -1.9502136E-03 6.8117469E-03 8.4570744E-03 7.2838246E-03 2.1018573E-03 1.0322109E-04 4.6680700E-03 3.9452894E-04 5.0662719E-03 4.2189439E-02 2.0344998E-02 9.6983330E-05 1.7320525E+00 1.8739289E+01 -3.8897946E-02
3.1381000E+02 2.5927000E+02 8.6700000E+00 4.5000000E+01 10 5.5231097E+01 1.2408139E-01 2.7488589E-01 -1.9199833E-03 7.1070806E-03 8.5628995E-03 7.5223897E-03 1.8640556E-03 1.0872506E-04 4.6763489E-03 3.4989240E-04 5.0153376E-03 4.3080828E-02 2.1226739E-02 1.0063440E-04 1.7308763E+00 1.8740750E+01 -3.9233012E-02
3.1381000E+02 2.5927000E+02 8.6700000E+00 5.0000000E+01 10 5.5228802E+01 1.2687608E-01 2.8030010E-01 -1.8977848E-03 7.3242551E-03 8.6598750E-03 7.7168382E-03 1.6894345E-03 1.1280298E-04 4.6824710E-03 3.1711517E-04 4.9782083E-03 4.3735414E-02 2.1875155E-02 1.0325933E-04 1.7305034E+00 1.8741291E+01 -3.9439227E-02
3.1381000E+02 2.5927000E+02 8.6700000E+00 5.5000000E+01 10 5.5227109E+01 1.2891896E-01 2.8436026E-01 -1.8811748E-03 7.4845367E-03 8.7494147E-03 7.8793118E-03 1.5587747E-03 1.1582750E-04 4.6858404E-03 2.9258967E-04 4.9494434E-03 4.4225227E-02 2.2353724E-02 1.0516112E-04 1.7305318E+00 1.8741368E+01 -3.9568480E-02
3.1381000E+02 2.5927000E+02 8.6700000E+00 6.0000000E+01 10 5.5225844E+01 1.3042406E-01 2.8744910E-01 -1.8684974E-03 7.6034488E-03 8.8325847E-03 8.0181476E-03 1.4590503E-03 1.1808794E-04 4.6866099E-03 2.7387092E-04 4.9259011E-03 4.4599086E-02 2.2708785E-02 1.0655050E-04 1.7307495E+00 1.8741220E+01 -3.9651233E-02
3.1381000E+02 2.5927000E+02 8.6700000E+00 6.5000000E+01 10 5.5224884E+01 1.3154393E-01 2.8983802E-01 -1.8586141E-03 7.6923429E-03 8.9101428E-03 8.1391030E-03 1.3813048E-03 1.1980198E-04 4.6852298E-03 2.5927770E-04 4.9057489E-03 4.4890563E-02 2.2974224E-02 1.0757544E-04 1.7310454E+00 1.8740971E+01 -3.9705645E-02
3.1381000E+02 2.5927000E+02 8.6700000E+00 6.6000000E+01 10 5.5218556E+01 1.4411067E-01 3.1933098E-01 -1.8567408E-03 9.8177882E-03 1.0911775E-02 1.0148960E-02 1.3665691E-03 1.3976601E-04 5.7430291E-03 2.5651174E-04 5.9388529E-03 4.4963804E-02 2.9323100E-02 1.4271311E-04 1.9106781E+00 1.8457637E+01 -2.7207348E-02
3.1381000E+02 2.5927000E+02 8.6700000E+00 6.7000000E+01 10 5.5218512E+01 1.4405322E-01 3.1920134E-01 -1.8549634E-03 9.7931183E-03 1.0891728E-02 1.0136719E-02 1.3525864E-03 1.4145835E-04 5.7228881E-03 2.5388712E-04 5.9145718E-03 4.5014954E-02 2.9249082E-02 1.4017577E-04 1.9067293E+00 1.8473553E+01 -2.7450275E-02
3.1381000E+02 2.5927000E+02 8.6700000E+00 7.2000000E+01 10 5.5220920E+01 1.3238761E-01 2.9214346E-01 -1.8129448E-03 7.5463098E-03 8.8470206E-03 8.1234653E-03 1.2962371E-03 1.2029798E-04 4.5610988E-03 2.4331008E-04 4.7646612E-03 4.5812384E-02 2.2538043E-02 1.0319242E-04 1.7037474E+00 1.8925102E+01 -4.2300879E-02
3.1381000E+02 2.5927000E+02 8.6700000E+00 7.7000000E+01 10 5.5215336E+01 1.3517662E-01 2.9826926E-01 -1.7624550E-03 7.6766697E-03 8.9090394E-03 8.2114250E-03 1.2497645E-03 1.3395121E-04 4.6005661E-03 2.3458694E-04 4.7887550E-03 4.6787084E-02 2.2926794E-02 1.3219122E-04 1.6926351E+00 1.8997980E+01 -4.3580504E-02
3.1381000E+02 2.5927000E+02 8.6700000E+00 8.2000000E+01 10 5.5210380E+01 1.3804881E-01 3.0447918E-01 -1.7199768E-03 7.8658439E-03 9.0079134E-03 8.3321752E-03 1.2105736E-03 1.5209357E-04 4.6743557E-03 2.2723063E-04 4.8471184E-03 4.7617457E-02 2.3490973E-02 1.6444800E-04 1.6881470E+00 1.9033139E+01 -4.4242846E-02
3.1381000E+02 2.5927000E+02 8.6700000E+00 8.7000000E+01 10 5.5206671E+01 1.4032413E-01 3.0942661E-01 -1.6885709E-03 8.0293468E-03 9.1043701E-03 8.4474670E-03 1.1768309E-03 1.6868845E-04 4.7380234E-03 2.2089696E-04 4.8978802E-03 4.8243965E-02 2.3978643E-02 1.9120595E-04 1.6863300E+00 1.9051273E+01 -4.4605476E-02
3.1381000E+02 2.5927000E+02 8.6700000E+00 9.1000000E+01 10 5.5202942E+01 1.4474306E-01 3.1942955E-01 -1.6695633E-03 8.6399173E-03 9.6129921E-03 8.9696055E-03 1.1526163E-03 1.9130520E-04 5.0320497E-03 2.1635174E-04 5.1758398E-03 4.8646428E-02 2.5801580E-02 2.2632145E-04 1.7184096E+00 1.9022978E+01 -4.1861483E-02
3.1381000E+02 2.5927000E+02 8.6700000E+00 9.2000000E+01 10 5.5197667E+01 1.5467456E-01 3.4244458E-01 -1.6651719E-03 1.0288206E-02 1.1093354E-02 1.0453255E-02 1.1467261E-03 2.3019321E-04 5.8574540E-03 2.1524613E-04 5.9794339E-03 4.8792250E-02 3.0724502E-02 2.9443715E-04 1.8423043E+00 1.8884584E+01 -3.2388873E-02
3.1381000E+02 2.5927000E+02 8.6700000E+00 9.7000000E+01 10 5.5197787E+01 1.4293300E-01 3.1654243E-01 -2.2190109E-03 8.0097104E-03 9.0995710E-03 8.4741398E-03 1.1204493E-03 1.8837065E-04 4.6957415E-03 2.1031385E-04 4.8407110E-03 4.9953547E-02 2.3919353E-02 2.1469622E-04 1.6619496E+00 1.9102026E+01 -4.7520701E-02
3.1381000E+02 2.5927000E+02 8.6700000E+00 1.0200000E+02 10 5.5189641E+01 1.4607235E-01 3.2453139E-01 -2.9359309E-03 8.1656638E-03 9.1707456E-03 8.5585778E-03 1.0966883E-03 1.9949112E-04 4.7618552E-03 2.0585378E-04 4.8955733E-03 5.1374847E-02 2.4384369E-02 2.3396731E-04 1.6539212E+00 1.9122240E+01 -4.8838666E-02
3.1381000E+02 2.5927000E+02 8.6700000E+00 1.0700000E+02 10 5.5182711E+01 1.4906020E-01 3.3192186E-01 -3.5398331E-03 8.3533010E-03 9.2633807E-03 8.6633396E-03 1.0749636E-03 2.1120010E-04 4.8452698E-03 2.0177596E-04 4.9674304E-03 5.2558658E-02 2.4943907E-02 2.5147718E-04 1.6504849E+00 1.9134021E+01 -4.9625069E-02
3.1381000E+02 2.5927000E+02 8.6700000E+00 1.1200000E+02 10 5.5177597E+01 1.5138509E-01 3.3763204E-01 -3.9760221E-03 8.5108468E-03 9.3493308E-03 8.7604766E-03 1.0549222E-03 2.2156726E-04 4.9140662E-03 1.9801409E-04 5.0264874E-03 5.3433267E-02 2.5413762E-02 2.6546163E-04 1.6490223E+00 1.9140758E+01 -5.0099868E-02
3.1381000E+02 2.5927000E+02 8.6700000E+00 1.1700000E+02 10 5.5173984E+01 1.5308812E-01 3.4181542E-01 -4.2751790E-03 8.6305612E-03 9.4226226E-03 8.8441632E-03 1.0363003E-03 2.3005036E-04 4.9641999E-03 1.9451865E-04 5.0687342E-03 5.4058482E-02 2.5770830E-02 2.7593862E-04 1.6484008E+00 1.9144681E+01 -5.0396213E-02
3.1381000E+02 2.5927000E+02 8.6700000E+00 1.2200000E+02 10 5.5171432E+01 1.5432983E-01 3.4487968E-01 -4.4790424E-03 8.7198944E-03 9.4849156E-03 8.9161705E-03 1.0188973E-03 2.3680109E-04 4.9994260E-03 1.9125204E-04 5.0975062E-03 5.4508812E-02 2.6037308E-02 2.8362783E-04 1.6481654E+00 1.9147015E+01 -5.0587469E-02
3.1381000E+02 2.5927000E+02 8.6700000E+00 1.2400000E+02 10 5.5165380E+01 1.6521003E-01 3.6942955E-01 -4.5478649E-03 1.0479949E-02 1.0940170E-02 1.0375208E-02 1.0121198E-03 2.8309569E-04 5.8837182E-03 1.8997986E-04 5.9513440E-03 5.4731619E-02 3.1292764E-02 3.6066044E-04 1.7544509E+00 1.9029826E+01 -4.0768550E-02
3.1381000E+02 2.5927000E+02 8.6700000E+00 1.2500000E+02 10 5.5163523E+01 1.6833741E-01 3.7672394E-01 -4.5793933E-03 1.0988435E-02 1.1400803E-02 1.0837708E-02 1.0087755E-03 2.9741829E-04 6.1376860E-03 1.8935213E-04 6.1976782E-03 5.4823135E-02 3.2811298E-02 3.8037831E-04 1.7903492E+00 1.8990871E+01 -3.7897076E-02
3.1381000E+02 2.5927000E+02 8.6700000E+00 1.3000000E+02 10 5.5169414E+01 1.5423262E-01 3.4548803E-01 -4.6866201E-03 8.6056051E-03 9.4467042E-03 8.8930840E-03 9.9180113E-04 2.4055632E-04 4.9252055E-03 1.8616595E-04 5.0198899E-03 5.5003181E-02 2.5695866E-02 2.7816768E-04 1.6373069E+00 1.9161561E+01 -5.1909638E-02
3.1381000E+02 2.5927000E+02 8.6700000E+00 1.3100000E+02 10 5.5161987E+01 1.6882179E-01 3.7816748E-01 -4.7064375E-03 1.0992416E-02 1.1420619E-02 1.0868949E-02 9.8830747E-04 3.0204303E-04 6.1272484E-03 1.8551017E-04 6.1831672E-03 5.5153478E-02 3.2823184E-02 3.8962679E-04 1.7858162E+00 1.8996148E+01 -3.8349192E-02
3.1381000E+02 2.5927000E+02 8.6700000E+00 1.3200000E+02 10 5.5161785E+01 1.6883374E-01 3.7819334E-01 -4.7248254E-03 1.0980468E-02 1.1407627E-02 1.0857939E-02 9.8475788E-04 3.0190051E-04 6.1195954E-03 1.8484390E-04 6.1737755E-03 5.5197725E-02 3.2787170E-02 3.8313752E-04 1.7840099E+00 1.8999269E+01 -3.8506229E-02
3.1381000E+02 2.5927000E+02 8.6700000E+00 1.3700000E+02 10 5.5160870E+01 1.5639734E-01 3.5198643E-01 -6.0055902E-03 8.6166169E-03 9.4655362E-03 8.9252922E-03 9.6783805E-04 2.4429713E-04 4.9165716E-03 1.8166796E-04 5.0054672E-03 5.6731887E-02 2.5728434E-02 2.8089714E-04 1.6246646E+00 1.9151105E+01 -5.3970345E-02
3.1381000E+02 2.5927000E+02 8.6700000E+00 1.4200000E+02 10 5.5149993E+01 1.6036760E-01 3.6230000E-01 -7.6514939E-03 8.8438514E-03 9.5895336E-03 9.0580270E-03 9.5218500E-04 2.4382142E-04 5.0233916E-03 1.7872981E-04 5.1018721E-03 5.8765173E-02 2.6406320E-02 2.8352856E-04 1.6206083E+00 1.9113974E+01 -5.5244815E-02
3.1381000E+02 2.5927000E+02 8.6700000E+00 1.4700000E+02 10 5.5140471E+01 1.6416184E-01 3.7185834E-01 -9.0636335E-03 9.0944042E-03 9.7291856E-03 9.2057552E-03 9.3771680E-04 2.3780811E-04 5.1429904E-03 1.7601405E-04 5.2102678E-03 6.0495975E-02 2.7153718E-02 2.7269141E-04 1.6196172E+00 1.9066524E+01 -5.6052628E-02
3.1381000E+02 2.5927000E+02 8.6700000E+00 1.5200000E+02 10 5.5133340E+01 1.6710167E-01 3.7918938E-01 -1.0105760E-02 9.2964782E-03 9.8492022E-03 9.3332837E-03 9.2425938E-04 2.2861101E-04 5.2383156E-03 1.7348803E-04 5.2963169E-03 6.1774812E-02 2.7756542E-02 2.5409802E-04 1.6194966E+00 1.9017129E+01 -5.6574210E-02
3.1381000E+02 2.5927000E+02 8.6700000E+00 1.5700000E+02 10 5.5128267E+01 1.6923654E-01 3.8448834E-01 -1.0835715E-02 9.4453399E-03 9.9444242E-03 9.4355392E-03 9.1165892E-04 2.1867793E-04 5.3068769E-03 1.7112286E-04 5.3575930E-03 6.2677821E-02 2.8200660E-02 2.3320273E-04 1.6195590E+00 1.8971009E+01 -5.6920725E-02
3.1381000E+02 2.5927000E+02 8.6700000E+00 1.6200000E+02 10 5.5124673E+01 1.7077754E-01 3.8830447E-01 -1.1343429E-02 9.5535986E-03 1.0019481E-02 9.5172177E-03 8.9979639E-04 2.0941171E-04 5.3551029E-03 1.6889621E-04 5.3999915E-03 6.3315433E-02 2.8523665E-02 2.1328878E-04 1.6196499E+00 1.8931649E+01 -5.7156472E-02
3.1381000E+02 2.5927000E+02 8.6700000E+00 1.6700000E+02 10 5.5122085E+01 1.7190855E-01 3.9110539E-01 -1.1700908E-02 9.6335748E-03 1.0079951E-02 9.5839485E-03 8.8858043E-04 2.0138231E-04 5.3892658E-03 1.6679092E-04 5.4293223E-03 6.3774630E-02 2.8762301E-02 1.9581235E-04 1.6197455E+00 1.8901129E+01 -5.7320278E-02
3.1381000E+02 2.5927000E+02 8.6700000E+00 1.6800000E+02 10 5.5114144E+01 1.8711989E-01 4.2447485E-01 -1.1766932E-02 1.2080717E-02 1.2039684E-02 1.1544919E-02 8.8636241E-04 2.2467704E-04 6.6244661E-03 1.6637458E-04 6.6208469E-03 6.3882339E-02 3.6069156E-02 2.3730804E-04 1.7551970E+00 1.8678512E+01 -4.3583091E-02
3.1381000E+02 2.5927000E+02 8.6700000E+00 1.6900000E+02 10 5.5113814E+01 1.8707886E-01 4.2444816E-01 -1.1827978E-02 1.2057275E-02 1.2020239E-02 1.1526699E-02 8.8416891E-04 2.2469124E-04 6.6118414E-03 1.6596285E-04 6.6069281E-03 6.3959489E-02 3.5998821E-02 2.2955906E-04 1.7527880E+00 1.8681542E+01 -4.3825747E-02
3.1381000E+02 2.5927000E+02 8.6700000E+00 1.7400000E+02 10 5.5128327E+01 1.6424274E-01 3.8500847E-01 -1.6358595E-02 9.4686666E-03 9.9981889E-03 9.5104647E-03 8.7374960E-04 1.9118475E-04 5.2967660E-03 1.6400710E-04 5.3371239E-03 6.2807591E-02 2.8269875E-02 1.6918528E-04 1.6751758E+00 1.8825727E+01 -5.1563409E-02
3.1381000E+02 2.5927000E+02 8.6700000E+00 1.7500000E+02 10 5.5123476E+01 1.7566473E-01 4.1369417E-01 -1.7438143E-02 1.1651115E-02 1.1935692E-02 1.1449119E-02 8.7168717E-04 2.1121611E-04 6.3935769E-03 1.6361997E-04 6.4054750E-03 6.2540760E-02 3.4788471E-02 2.0634802E-04 1.8363656E+00 1.8570953E+01 -3.7169987E-02
3.1381000E+02 2.5927000E+02 8.6700000E+00 1.7600000E+02 10 5.5125903E+01 1.7278744E-01 4.1067461E-01 -1.8661956E-02 1.1518522E-02 1.1903694E-02 1.1418261E-02 8.6964571E-04 2.0998083E-04 6.3238695E-03 1.6323678E-04 6.3409355E-03 6.2199534E-02 3.4393148E-02 1.9959517E-04 1.8545098E+00 1.8557694E+01 -3.5860316E-02
3.1381000E+02 2.5927000E+02 8.6700000E+00 1.8100000E+02 10 5.5074101E+01 1.6765566E-01 4.1998963E-01 -2.9733069E-02 8.8944134E-03 9.9019142E-03 9.4219132E-03 8.5991378E-04 1.7618262E-04 4.9896477E-03 1.6141005E-04 5.0564154E-03 7.3322743E-02 2.6559037E-02 1.4708303E-04 1.6251042E+00 1.8867394E+01 -6.1888311E-02
3.1381000E+02 2.5927000E+02 8.6700000E+00 1.8600000E+02 10 5.4989030E+01 1.8928147E-01 4.8531133E-01 -4.1031400E-02 9.1295631E-03 9.9668467E-03 9.4920353E-03 8.5061665E-04 1.7332377E-04 5.1065311E-03 1.5966493E-04 5.1591329E-03 8.8929096E-02 2.7259641E-02 1.4549220E-04 1.5320250E+00 1.8950501E+01 -8.1010826E-02
3.1381000E+02 2.5927000E+02 8.6700000E+00 1.9100000E+02 10 5.4912966E+01 2.1214281E-01 5.4735808E-01 -5.0053585E-02 9.7352075E-03 1.0061900E-02 9.5920548E-03 8.4171991E-04 1.7797623E-04 5.4183511E-03 1.5799497E-04 5.4336444E-03 1.0259578E-01 2.9063070E-02 1.4791081E-04 1.4716148E+00 1.9004219E+01 -9.6985569E-02
3.1381000E+02 2.5927000E+02 8.6700000E+00 1.9600000E+02 10 5.4855709E+01 2.3095425E-01 5.9599092E-01 -5.6560688E-02 1.0398859E-02 1.0148839E-02 9.6837531E-03 8.3319405E-04 1.8613477E-04 5.7614938E-03 1.5639462E-04 5.7345661E-03 1.1273610E-01 3.1038925E-02 1.5092216E-04 1.4365994E+00 1.9035282E+01 -1.0815219E-01
3.1381000E+02 2.5927000E+02 8.6700000E+00 2.0100000E+02 10 5.4815155E+01 2.4509096E-01 6.3154918E-01 -6.1103602E-02 1.0987112E-02 1.0220497E-02 9.7599770E-03 8.2501348E-04 1.9531817E-04 6.0655997E-03 1.5485909E-04 6.0004401E-03 1.1983895E-01 3.2790237E-02 1.5338958E-04 1.4166501E+00 1.9053045E+01 -1.1547887E-01
3.1381000E+02 2.5927000E+02 8.6700000E+00 2.0600000E+02 10 5.4786746E+01 2.5544721E-01 6.5714405E-01 -6.4277422E-02 1.1470175E-02 1.0280141E-02 9.8240077E-03 8.1715572E-04 2.0423064E-04 6.3147590E-03 1.5338415E-04 6.2177503E-03 1.2476993E-01 3.4228427E-02 1.5519745E-04 1.4051624E+00 1.9063322E+01 -1.2022654E-01
3.1381000E+02 2.5927000E+02 8.6700000E+00 2.1100000E+02 10 5.4766641E+01 2.6304413E-01 6.7569959E-01 -6.6526842E-02 1.1856067E-02 1.0332283E-02 9.8803666E-03 8.0960082E-04 2.1226878E-04 6.5130637E-03 1.5196606E-04 6.3903110E-03 1.2823406E-01 3.5377381E-02 1.5648197E-04 1.3984278E+00 1.9069361E+01 -1.2333377E-01
3.1381000E+02 2.5927000E+02 8.6700000E+00 2.1600000E+02 10 5.4752169E+01 2.6867558E-01 6.8935304E-01 -6.8150549E-02 1.2161688E-02 1.0380206E-02 9.9323473E-03 8.0233087E-04 2.1921598E-04 6.6693407E-03 1.5060145E-04 6.5259723E-03 1.3071368E-01 3.6287406E-02 1.5739002E-04 1.3944187E+00 1.9072948E+01 -1.2540355E-01
3.1381000E+02 2.5927000E+02 8.6700000E+00 2.2100000E+02 10 5.4741562E+01 2.7290207E-01 6.9956430E-01 -6.9344523E-02 1.2403483E-02 1.0425841E-02 9.9818908E-03 7.9532968E-04 2.2505073E-04 6.7921986E-03 1.4928729E-04 6.6323517E-03 1.3252382E-01 3.7007445E-02 1.5803198E-04 1.3920153E+00 1.9075080E+01 -1.2680797E-01
3.1381000E+02 2.5927000E+02 8.6700000E+00 2.2600000E+02 10 5.4733652E+01 2.7611310E-01 7.0732467E-01 -7.0238604E-02 1.2595277E-02 1.0470166E-02 1.0029982E-02 7.8858249E-04 2.2986595E-04 6.8888801E-03 1.4802081E-04 6.7158450E-03 1.3387067E-01 3.7578639E-02 1.5848218E-04 1.3905821E+00 1.9076335E+01 -1.2777750E-01
3.1381000E+02 2.5927000E+02 8.6700000E+00 2.3100000E+02 10 5.4727651E+01 2.7858271E-01 7.1331782E-01 -7.0920514E-02 1.2748188E-02 1.0513582E-02 1.0077030E-02 7.8207575E-04 2.3380110E-04 6.9652179E-03 1.4679946E-04 6.7815915E-03 1.3489185E-01 3.8034092E-02 1.5879468E-04 1.3897465E+00 1.9077049E+01 -1.2845777E-01
3.1381000E+02 2.5927000E+02 8.6700000E+00 2.3600000E+02 10 5.4723017E+01 2.8050699E-01 7.1802405E-01 -7.1450638E-02 1.2871021E-02 1.0556178E-02 1.0123130E-02 7.7579694E-04 2.3700498E-04 7.0258321E-03 1.4562090E-04 6.8336522E-03 1.3568120E-01 3.8400003E-02 1.5900837E-04 1.3892836E+00 1.9077426E+01 -1.2894301E-01
3.1381000E+02 2.5927000E+02 8.6700000E+00 2.4100000E+02 10 5.4719372E+01 2.8202805E-01 7.2178563E-01 -7.1871135E-02 1.2970669E-02 1.0597896E-02 1.0168232E-02 7.6973448E-04 2.3961714E-04 7.0743451E-03 1.4448295E-04 6.8752024E-03 1.3630382E-01 3.8696895E-02 1.5915075E-04 1.3890542E+00 1.9077597E+01 -1.2929531E-01
3.1381000E+02 2.5927000E+02 8.6700000E+00 2.4600000E+02 10 5.4716448E+01 2.8324963E-01 7.2484881E-01 -7.2211723E-02 1.3052485E-02 1.0638620E-02 1.0212226E-02 7.6387757E-04 2.4176119E-04 7.1135706E-03 1.4338358E-04 6.9087027E-03 1.3680539E-01 3.8940700E-02 1.5924305E-04 1.3889710E+00 1.9077638E+01 -1.2955625E-01
3.1381000E+02 2.5927000E+02 8.6700000E+00 2.5100000E+02 10 5.4714054E+01 2.8424772E-01 7.2739169E-01 -7.2493491E-02 1.3120587E-02 1.0678230E-02 1.0254997E-02 7.5821616E-04 2.4354016E-04 7.1456751E-03 1.4232090E-04 6.9360420E-03 1.3721826E-01 3.9143674E-02 1.5929977E-04 1.3889781E+00 1.9077603E+01 -1.2975391E-01
3.1381000E+02 2.5927000E+02 8.6700000E+00 2.5600000E+02 10 5.4712053E+01 2.8507806E-01 7.2954350E-01 -7.2731474E-02 1.3178119E-02 1.0716622E-02 1.0296445E-02 7.5274082E-04 2.4503758E-04 7.1723131E-03 1.4129315E-04 6.9586601E-03 1.3756541E-01 3.9315178E-02 1.5933256E-04 1.3890403E+00 1.9077522E+01 -1.2990738E-01
3.1381000E+02 2.5927000E+02 8.6700000E+00 2.6100000E+02 10 5.4710346E+01 2.8578156E-01 7.3139823E-01 -7.2936440E-02 1.3227469E-02 1.0753717E-02 1.0336497E-02 7.4744270E-04 2.4631758E-04 7.1947407E-03 1.4029867E-04 6.9776464E-03 1.3786330E-01 3.9462315E-02 1.5934897E-04 1.3891346E+00 1.9077418E+01 -1.3002974E-01
3.1381000E+02 2.5927000E+02 8.6700000E+00 2.6400000E+02 10 5.4704400E+01 2.9623627E-01 7.5234350E-01 -7.3049417E-02 1.4778204E-02 1.1672174E-02 1.1256694E-02 7.4432579E-04 2.6337878E-04 7.9868654E-03 1.3971361E-04 7.7186527E-03 1.3803441E-01 4.4088113E-02 1.8037651E-04 1.4247441E+00 1.9001847E+01 -1.2207127E-01
3.1381000E+02 2.5927000E+02 8.6700000E+00 2.6500000E+02 10 5.4699075E+01 3.0645112E-01 7.7269875E-01 -7.3086029E-02 1.6311592E-02 1.2604848E-02 1.2189944E-02 7.4329364E-04 2.7810900E-04 8.7702175E-03 1.3951987E-04 8.4544725E-03 1.3809425E-01 4.8662759E-02 2.0055537E-04 1.4627159E+00 1.8904711E+01 -1.1400722E-01
3.1381000E+02 2.5927000E+02 8.6700000E+00 2.7000000E+02 10 5.4707394E+01 2.8804276E-01 7.3685366E-01 -7.3215221E-02 1.3515119E-02 1.0979049E-02 1.0565882E-02 7.4018255E-04 2.5569307E-04 7.3375425E-03 1.3893590E-04 7.1098504E-03 1.3826467E-01 4.0320476E-02 1.5960769E-04 1.3947676E+00 1.9070920E+01 -1.2893376E-01
3.1381000E+02 2.5927000E+02 8.6700000E+00 2.7500000E+02 10 5.4704720E+01 2.9165923E-01 7.4433613E-01 -7.3349315E-02 1.4021908E-02 1.1299164E-02 1.0888848E-02 7.3507449E-04 2.6016459E-04 7.5936347E-03 1.3797710E-04 7.3491261E-03 1.3846355E-01 4.1832422E-02 1.6711003E-04 1.4058958E+00 1.9047158E+01 -1.2648390E-01
3.1381000E+02 2.5927000E+02 8.6700000E+00 2.8000000E+02 10 5.4702407E+01 2.9464552E-01 7.5065206E-01 -7.3476111E-02 1.4440258E-02 1.1583137E-02 1.1175803E-02 7.2973274E-04 2.6508166E-04 7.8039928E-03 1.3697442E-04 7.5461986E-03 1.3865138E-01 4.3080715E-02 1.7098453E-04 1.4153137E+00 1.9030929E+01 -1.2445625E-01
3.1381000E+02 2.5927000E+02 8.6700000E+00 2.8500000E+02 10 5.4700571E+01 2.9681258E-01 7.5544727E-01 -7.3592676E-02 1.4744927E-02 1.1817180E-02 1.1412627E-02 7.2474880E-04 2.6937798E-04 7.9559679E-03 1.3603891E-04 7.6895391E-03 1.3882308E-01 4.3990086E-02 1.7279613E-04 1.4223753E+00 1.9020597E+01 -1.2297163E-01
3.1381000E+02 2.5927000E+02 8.6700000E+00 2.8900000E+02 10 5.4697007E+01 3.0283933E-01 7.6789139E-01 -7.3679711E-02 1.5646694E-02 1.2412940E-02 1.2010463E-02 7.2103045E-04 2.8000964E-04 8.4140882E-03 1.3534096E-04 8.1206293E-03 1.3895390E-01 4.6680773E-02 1.8276480E-04 1.4443605E+00 1.8977024E+01 -1.1826242E-01
3.1381000E+02 2.5927000E+02 8.6700000E+00 2.9000000E+02 10 5.4689277E+01 3.1809105E-01 7.9846711E-01 -7.3701091E-02 1.7956780E-02 1.3866626E-02 1.3464658E-02 7.2011756E-04 2.9964011E-04 9.5931932E-03 1.3516961E-04 9.2315451E-03 1.3899479E-01 5.3573477E-02 2.1195766E-04 1.5049385E+00 1.8808203E+01 -1.0595085E-01
3.1381000E+02 2.5927000E+02 8.6700000E+00 2.9500000E+02 10 5.4746459E+01 2.8592391E-01 7.2325603E-01 -6.7958137E-02 1.4864530E-02 1.2035919E-02 1.1636321E-02 7.1587282E-04 2.7603030E-04 8.0093156E-03 1.3437285E-04 7.7428792E-03 1.3030693E-01 4.4348125E-02 1.6900176E-04 1.4644121E+00 1.8985205E+01 -1.1038227E-01
3.1381000E+02 2.5927000E+02 8.6700000E+00 3.0000000E+02 10 5.4816309E+01 2.6755689E-01 6.7071780E-01 -5.9485033E-02 1.4731196E-02 1.2144270E-02 1.1746909E-02 7.1186535E-04 2.7347884E-04 7.9332723E-03 1.3362063E-04 7.6824834E-03 1.1751355E-01 4.3953227E-02 1.6869412E-04 1.5278554E+00 1.8917710E+01 -9.3232327E-02
3.1381000E+02 2.5927000E+02 8.6700000E+00 3.0100000E+02 10 5.4822415E+01 2.8073546E-01 6.9526153E-01 -5.7717194E-02 1.7363174E-02 1.4068389E-02 1.3671470E-02 7.1107273E-04 2.9576761E-04 9.2687167E-03 1.3347185E-04 8.9585666E-03 1.1485865E-01 5.1810498E-02 2.0543340E-04 1.6369493E+00 1.8674823E+01 -7.5002662E-02
3.1381000E+02 2.5927000E+02 8.6700000E+00 3.0200000E+02 10 5.4837661E+01 2.7601993E-01 6.8278625E-01 -5.5916514E-02 1.7228224E-02 1.4073957E-02 1.3677477E-02 7.1028843E-04 2.9755482E-04 9.1970289E-03 1.3332463E-04 8.8958743E-03 1.1213915E-01 5.1409002E-02 2.0181631E-04 1.6531299E+00 1.8672738E+01 -7.1837760E-02
3.1381000E+02 2.5927000E+02 8.6700000E+00 3.0300000E+02 10 5.4854785E+01 2.7011783E-01 6.6771683E-01 -5.3934656E-02 1.6975909E-02 1.4028054E-02 1.3631653E-02 7.1014501E-04 2.9866372E-04 9.0654348E-03 1.3329771E-04 8.7776540E-03 1.0914662E-01 5.0657462E-02 1.9715419E-04 1.6678675E+00 1.8674854E+01 -6.8884234E-02
3.1381000E+02 2.5927000E+02 8.6700000E+00 3.0800000E+02 10 5.4929560E+01 2.3073998E-01 5.7433085E-01 -4.6228974E-02 1.3399642E-02 1.1951913E-02 1.1549934E-02 7.2013884E-04 2.6224391E-04 7.2417005E-03 1.3517360E-04 7.0690535E-03 9.7467561E-02 3.9988317E-02 1.4977520E-04 1.6178880E+00 1.8848074E+01 -7.1730386E-02
3.1381000E+02 2.5927000E+02 8.6700000E+00 3.1300000E+02 10 5.4977070E+01 2.1427285E-01 5.3279048E-01 -4.0740668E-02 1.2711685E-02 1.1918283E-02 1.1509992E-02 7.3144585E-04 2.4873708E-04 6.8867584E-03 1.3729598E-04 6.7599427E-03 8.9148771E-02 3.7940340E-02 1.4600115E-04 1.6605123E+00 1.8801893E+01 -6.3274958E-02
3.1381000E+02 2.5927000E+02 8.6700000E+00 3.1800000E+02 10 5.5010567E+01 2.0224614E-01 5.0317105E-01 -3.6901816E-02 1.2177137E-02 1.1942454E-02 1.1528788E-02 7.4107613E-04 2.3642264E-04 6.6101996E-03 1.3910363E-04 6.5218183E-03 8.3322960E-02 3.6349243E-02 1.4253618E-04 1.6931713E+00 1.8766458E+01 -5.7478179E-02
3.1381000E+02 2.5927000E+02 8.6700000E+00 3.2300000E+02 10 5.5034421E+01 1.9318736E-01 4.8148991E-01 -3.4204199E-02 1.1726645E-02 1.1976900E-02 1.1559090E-02 7.4849872E-04 2.2479677E-04 6.3761510E-03 1.4049689E-04 6.3210263E-03 7.9224503E-02 3.5008120E-02 1.3920801E-04 1.7158451E+00 1.8742270E+01 -5.3670400E-02
3.1381000E+02 2.5927000E+02 8.6700000E+00 3.2800000E+02 10 5.5051650E+01 1.8623703E-01 4.6529465E-01 -3.2285878E-02 1.1340804E-02 1.2005671E-02 1.1584815E-02 7.5395702E-04 2.1418640E-04 6.1753112E-03 1.4152144E-04 6.1479984E-03 7.6306774E-02 3.3859138E-02 1.3619185E-04 1.7305665E+00 1.8726842E+01 -5.1216464E-02
3.1381000E+02 2.5927000E+02 8.6700000E+00 3.2900000E+02 10 5.5048567E+01 1.9755746E-01 4.9127886E-01 -3.1930732E-02 1.3392697E-02 1.3899317E-02 1.3477894E-02 7.5497288E-04 2.3143294E-04 7.2081515E-03 1.4171212E-04 7.1552975E-03 7.5782869E-02 3.9988442E-02 1.6861134E-04 1.8720557E+00 1.8468681E+01 -3.8357244E-02
3.1381000E+02 2.5927000E+02 8.6700000E+00 3.3000000E+02 10 5.5051658E+01 1.9609405E-01 4.8797589E-01 -3.1601687E-02 1.3287324E-02 1.3879985E-02 1.3458035E-02 7.5591623E-04 2.3088340E-04 7.1542243E-03 1.4188919E-04 7.1060610E-03 7.5281071E-02 3.9674079E-02 1.6562974E-04 1.8732607E+00 1.8480268E+01 -3.8144916E-02
3.1381000E+02 2.5927000E+02 8.6700000E+00 3.3500000E+02 10 5.5041675E+01 1.8725025E-01 4.6635226E-01 -3.0941742E-02 1.0691096E-02 1.1900926E-02 1.1477123E-02 7.5923461E-04 2.0067325E-04 5.8404136E-03 1.4251207E-04 5.8467384E-03 7.8554063E-02 3.1922220E-02 1.2790088E-04 1.6544952E+00 1.8812240E+01 -5.9971741E-02
3.1381000E+02 2.5927000E+02 8.6700000E+00 3.4000000E+02 10 5.5010484E+01 1.9925943E-01 4.8983607E-01 -3.0798522E-02 1.0758200E-02 1.1896903E-02 1.1471839E-02 7.6149567E-04 1.9732808E-04 5.8779394E-03 1.4293648E-04 5.8783014E-03 8.4231483E-02 3.2121121E-02 1.3142661E-04 1.5778913E+00 1.8884481E+01 -7.1343029E-02
3.1381000E+02 2.5927000E+02 8.6700000E+00 3.4500000E+02 10 5.4980321E+01 2.1261188E-01 5.1539036E-01 -3.0804580E-02 1.1126311E-02 1.1926586E-02 1.1500703E-02 7.6296226E-04 2.0020249E-04 6.0727123E-03 1.4321177E-04 6.0491407E-03 8.9513564E-02 3.3216318E-02 1.3668491E-04 1.5264022E+00 1.8932645E+01 -8.0486473E-02
3.1381000E+02 2.5927000E+02 8.6700000E+00 3.5000000E+02 10 5.4956693E+01 2.2402591E-01 5.3680528E-01 -3.0816688E-02 1.1566189E-02 1.1958275E-02 1.1531907E-02 7.6383208E-04 2.0599018E-04 6.3048742E-03 1.4337504E-04 6.2527360E-03 9.3543962E-02 3.4525256E-02 1.4158927E-04 1.4950200E+00 1.8962057E+01 -8.6799135E-02
3.1381000E+02 2.5927000E+02 8.6700000E+00 3.5500000E+02 10 5.4939601E+01 2.3286516E-01 5.5309166E-01 -3.0804529E-02 1.1971871E-02 1.1981944E-02 1.1555341E-02 7.6425229E-04 2.1269199E-04 6.5190037E-03 1.4345391E-04 6.4399962E-03 9.6396625E-02 3.5732533E-02 1.4551046E-04 1.4762791E+00 1.8979767E+01 -9.0905723E-02
3.1381000E+02 2.5927000E+02 8.6700000E+00 3.6000000E+02 10 5.4927530E+01 2.3947968E-01 5.6507905E-01 -3.0772413E-02 1.2312306E-02 1.1997346E-02 1.1570699E-02 7.6433169E-04 2.1927613E-04 6.6988444E-03 1.4346882E-04 6.5966389E-03 9.8372207E-02 3.6745712E-02 1.4847610E-04 1.4650007E+00 1.8990536E+01 -9.3535244E-02
3.1381000E+02 2.5927000E+02 8.6700000E+00 3.6500000E+02 10 5.4919008E+01 2.4439083E-01 5.7384959E-01 -3.0729361E-02 1.2586843E-02 1.2006776E-02 1.1580229E-02 7.6415041E-04 2.2525283E-04 6.8440485E-03 1.4343479E-04 6.7224661E-03 9.9742639E-02 3.7562826E-02 1.5068123E-04 1.4580872E+00 1.8997195E+01 -9.5227231E-02
3.1381000E+02 2.5927000E+02 8.6700000E+00 3.7000000E+02 10 5.4912942E+01 2.4804496E-01 5.8028974E-01 -3.0681810E-02 1.2804161E-02 1.2012469E-02 1.1586137E-02 7.6376721E-04 2.3041485E-04 6.9591341E-03 1.4336286E-04 6.8216001E-03 1.0070272E-01 3.8209666E-02 1.5231346E-04 1.4537577E+00 1.9001397E+01 -9.6330504E-02
3.1381000E+02 2.5927000E+02 8.6700000E+00 3.7500000E+02 10 5.4908583E+01 2.5077613E-01 5.8504543E-01 -3.0633363E-02 1.2974467E-02 1.2016030E-02 1.1590000E-02 7.6322509E-04 2.3471567E-04 7.0494235E-03 1.4326110E-04 6.8988551E-03 1.0138276E-01 3.8716592E-02 1.5352052E-04 1.4509877E+00 1.9004103E+01 -9.7061236E-02
3.1381000E+02 2.5927000E+02 8.6700000E+00 3.8000000E+02 10 5.4905426E+01 2.5282667E-01 5.8857548E-01 -3.0585829E-02 1.3107102E-02 1.2018475E-02 1.1592819E-02 7.6255551E-04 2.3820694E-04 7.1197917E-03 1.4313542E-04 6.9586242E-03 1.0186915E-01 3.9111393E-02 1.5441196E-04 1.4491769E+00 1.9005883E+01 -9.7553025E-02
3.1381000E+02 2.5927000E+02 8.6700000E+00 3.8500000E+02 10 5.4903124E+01 2.5437292E-01 5.9120793E-01 -3.0540055E-02 1.3210003E-02 1.2020404E-02 1.1595180E-02 7.6178152E-04 2.4099077E-04 7.1743891E-03 1.4299014E-04 7.0046303E-03 1.0221995E-01 3.9417687E-02 1.5506889E-04 1.4479659E+00 1.9007081E+01 -9.7889501E-02
3.1381000E+02 2.5927000E+02 8.6700000E+00 3.9000000E+02 10 5.4901434E+01 2.5554470E-01 5.9318059E-01 -3.0496416E-02 1.3289711E-02 1.2022143E-02 1.1597399E-02 7.6092013E-04 2.4318277E-04 7.2166447E-03 1.4282845E-04 7.0399326E-03 1.0247497E-01 3.9654944E-02 1.5555099E-04 1.4471345E+00 1.9007911E+01 -9.8123886E-02
3.1381000E+02 2.5927000E+02 8.6700000E+00 3.9500000E+02 10 5.4900186E+01 2.5643845E-01 5.9466779E-01 -3.0455057E-02 1.3351522E-02 1.2023850E-02 1.1599629E-02 7.5998397E-04 2.4489988E-04 7.2493422E-03 1.4265273E-04 7.0669969E-03 1.0266193E-01 3.9838923E-02 1.5590367E-04 1.4465461E+00 1.9008502E+01 -9.8290539E-02
3.1381000E+02 2.5927000E+02 8.6700000E+00 4.0000000E+02 10 5.4899256E+01 2.5712608E-01 5.9579811E-01 -3.0416007E-02 1.3399650E-02 1.2025585E-02 1.1601923E-02 7.5898262E-04 2.4624229E-04 7.2747048E-03 1.4246477E-04 7.0877789E-03 1.0280040E-01 3.9982167E-02 1.5615991E-04 1.4461147E+00 1.9008942E+01 -9.8411913E-02
3.1381000E+02 2.5927000E+02 8.6700000E+00 4.0500000E+02 10 5.4898556E+01 2.5766124E-01 5.9666654E-01 -3.0379237E-02 1.3437401E-02 1.2027354E-02 1.1604283E-02 7.5792346E-04 2.4729580E-04 7.2944830E-03 1.4226596E-04 7.1038077E-03 1.0290428E-01 4.0094523E-02 1.5634563E-04 1.4457856E+00 1.9009280E+01 -9.8502807E-02
3.1381000E+02 2.5927000E+02 8.6700000E+00 4.1000000E+02 10 5.4898021E+01 2.5808382E-01 5.9734317E-01 -3.0344684E-02 1.3467334E-02 1.2029135E-02 1.1606685E-02 7.5681231E-04 2.4813014E-04 7.3100349E-03 1.4205739E-04 7.1162625E-03 1.0298347E-01 4.0183608E-02 1.5647892E-04 1.4455240E+00 1.9009552E+01 -9.8573052E-02
3.1381000E+02 2.5927000E+02 8.6700000E+00 4.1200000E+02 10 5.4890656E+01 2.7265121E-01 6.2656165E-01 -3.0331213E-02 1.5686781E-02 1.3392382E-02 1.2970184E-02 7.5635988E-04 2.7020682E-04 8.4457039E-03 1.4197247E-04 8.1811285E-03 1.0302265E-01 4.6805402E-02 1.8694566E-04 1.5121023E+00 1.8867346E+01 -8.6879265E-02
3.1381000E+02 2.5927000E+02 8.6700000E+00 4.1700000E+02 10 5.4898150E+01 2.5715038E-01 5.9546104E-01 -3.0299637E-02 1.3298513E-02 1.1931341E-02 1.1509800E-02 7.5518332E-04 2.4940249E-04 7.2233844E-03 1.4175162E-04 7.0331030E-03 1.0306572E-01 3.9679766E-02 1.5220261E-04 1.4398029E+00 1.9022766E+01 -9.9670717E-02
3.1381000E+02 2.5927000E+02 8.6700000E+00 4.2200000E+02 10 5.4897807E+01 2.5749452E-01 5.9596176E-01 -3.0270066E-02 1.3325983E-02 1.1927478E-02 1.1506617E-02 7.5396503E-04 2.4836449E-04 7.2374391E-03 1.4152294E-04 7.0444650E-03 1.0311116E-01 3.9761510E-02 1.5419349E-04 1.4397521E+00 1.9019445E+01 -9.9686784E-02
3.1381000E+02 2.5927000E+02 8.6700000E+00 4.2700000E+02 10 5.4897362E+01 2.5811105E-01 5.9699497E-01 -3.0242401E-02 1.3396587E-02 1.1948438E-02 1.1528278E-02 7.5270828E-04 2.4859650E-04 7.2736398E-03 1.4128705E-04 7.0763719E-03 1.0314860E-01 3.9971877E-02 1.5551511E-04 1.4409877E+00 1.9016095E+01 -9.9460759E-02
3.1381000E+02 2.5927000E+02 8.6700000E+00 4.2900000E+02 10 5.4889982E+01 2.7283937E-01 6.2646924E-01 -3.0231633E-02 1.5641467E-02 1.3316412E-02 1.2896537E-02 7.5219962E-04 2.7068629E-04 8.4227350E-03 1.4119157E-04 8.1528888E-03 1.0317346E-01 4.6669418E-02 1.8655385E-04 1.5078234E+00 1.8873623E+01 -8.7621918E-02
3.1381000E+02 2.5927000E+02 8.6700000E+00 4.3000000E+02 10 5.4887730E+01 2.7731312E-01 6.3548409E-01 -3.0226324E-02 1.6322332E-02 1.3753735E-02 1.3334002E-02 7.5194383E-04 2.7882681E-04 8.7707772E-03 1.4114356E-04 8.4798300E-03 1.0318265E-01 4.8700972E-02 1.9381755E-04 1.5300001E+00 1.8822581E+01 -8.3993391E-02
3.1381000E+02 2.5927000E+02 8.6700000E+00 4.3500000E+02 10 5.4896766E+01 2.5938210E-01 5.9985248E-01 -3.0195040E-02 1.3611119E-02 1.2140000E-02 1.1717212E-02 7.5741658E-04 2.5739597E-04 7.3863187E-03 1.4217082E-04 7.1830424E-03 1.0313263E-01 4.0611819E-02 1.5487693E-04 1.4476594E+00 1.9009740E+01 -9.8218226E-02
3.1381000E+02 2.5927000E+02 8.6700000E+00 4.3600000E+02 10 5.4886913E+01 2.7924215E-01 6.3977126E-01 -3.0188243E-02 1.6647380E-02 1.4045572E-02 1.3622036E-02 7.5875892E-04 2.8308613E-04 8.9396390E-03 1.4242278E-04 8.6433203E-03 1.0313854E-01 4.9671487E-02 1.9830622E-04 1.5422588E+00 1.8785220E+01 -8.2030019E-02
3.1381000E+02 2.5927000E+02 8.6700000E+00 4.3700000E+02 10 5.4887965E+01 2.7932711E-01 6.3949744E-01 -2.9929260E-02 1.6693243E-02 1.4085649E-02 1.3661234E-02 7.6033251E-04 2.8696897E-04 8.9643419E-03 1.4271815E-04 8.6662268E-03 1.0291350E-01 4.9808127E-02 1.9645271E-04 1.5445752E+00 1.8791748E+01 -8.1569438E-02
3.1381000E+02 2.5927000E+02 8.6700000E+00 4.3800000E+02 10 5.4891521E+01 2.7884799E-01 6.3707409E-01 -2.9142444E-02 1.6710974E-02 1.4113647E-02 1.3688287E-02 7.6202479E-04 2.8988231E-04 8.9745221E-03 1.4303580E-04 8.6759680E-03 1.0224093E-01 4.9860924E-02 1.9502310E-04 1.5470730E+00 1.8795588E+01 -8.0871936E-02
3.1381000E+02 2.5927000E+02 8.6700000E+00 4.4300000E+02 10 5.4959608E+01 2.5210621E-01 5.5764479E-01 -1.6103072E-02 1.4019664E-02 1.2473485E-02 1.2046521E-02 7.6489875E-04 2.6518559E-04 7.5987426E-03 1.4357526E-04 7.3865297E-03 9.1202358E-02 4.1831068E-02 1.5819631E-04 1.4818184E+00 1.8968362E+01 -8.5907249E-02
3.1381000E+02 2.5927000E+02 8.6700000E+00 4.4400000E+02 10 5.4963494E+01 2.6883941E-01 5.8593026E-01 -1.3194312E-02 1.6900860E-02 1.4367004E-02 1.3939944E-02 7.6507090E-04 2.8857226E-04 9.0693108E-03 1.4360757E-04 8.7748158E-03 8.8760274E-02 5.0429486E-02 1.9910847E-04 1.5910379E+00 1.8723825E+01 -6.8359860E-02
3.1381000E+02 2.5927000E+02 8.6700000E+00 4.4500000E+02 10 5.4977730E+01 2.6673386E-01 5.7558023E-01 -1.0051871E-02 1.6916974E-02 1.4400652E-02 1.3973751E-02 7.6478717E-04 2.9125976E-04 9.0769989E-03 1.4355431E-04 8.7827700E-03 8.6107851E-02 5.0477687E-02 1.9727735E-04 1.5998656E+00 1.8724126E+01 -6.6026882E-02
3.1381000E+02 2.5927000E+02 8.6700000E+00 4.5000000E+02 10 5.5047660E+01 2.4149677E-01 4.9782782E-01 3.6233949E-03 1.4509339E-02 1.2920946E-02 1.2495871E-02 7.6151488E-04 2.7056816E-04 7.8426268E-03 1.4294009E-04 7.6244419E-03 7.4566952E-02 4.3293889E-02 1.6405838E-04 1.5365178E+00 1.8898900E+01 -6.9219900E-02
3.1381000E+02 2.5927000E+02 8.6700000E+00 4.5300000E+02 10 5.5076460E+01 2.4591712E-01 4.9305378E-01 1.1017511E-02 1.6009958E-02 1.4047710E-02 1.3624055E-02 7.5897184E-04 2.8371015E-04 8.6028256E-03 1.4246275E-04 8.3503408E-03 6.8347605E-02 4.7773882E-02 1.8427084E-04 1.6210805E+00 1.8753195E+01 -5.5735470E-02
3.1381000E+02 2.5927000E+02 8.6700000E+00 4.5400000E+02 10 5.5083230E+01 2.5224681E-01 5.0212203E-01 1.3384560E-02 1.7273094E-02 1.5033137E-02 1.4609985E-02 7.5806983E-04 2.9398860E-04 9.2427223E-03 1.4229343E-04 8.9633381E-03 6.6360528E-02 5.1545351E-02 1.9908952E-04 1.6965686E+00 1.8593718E+01 -4.7000301E-02
3.1381000E+02 2.5927000E+02 8.6700000E+00 4.5900000E+02 10 5.5139612E+01 2.2597005E-01 4.2840370E-01 2.3733676E-02 1.4316851E-02 1.3141638E-02 1.2722171E-02 7.5146794E-04 2.6551832E-04 7.7274484E-03 1.4105423E-04 7.5364515E-03 5.7657298E-02 4.2723424E-02 1.5981774E-04 1.5804263E+00 1.8858365E+01 -5.5641631E-02
3.1381000E+02 2.5927000E+02 8.6700000E+00 4.6400000E+02 10 5.5174835E+01 2.1875765E-01 3.9978932E-01 3.1298737E-02 1.4044005E-02 1.3140679E-02 1.2723955E-02 7.4655461E-04 2.5698403E-04 7.5797156E-03 1.4013197E-04 7.4075242E-03 5.1311525E-02 4.1911128E-02 1.5881266E-04 1.5910145E+00 1.8845832E+01 -5.1554487E-02
3.1381000E+02 2.5927000E+02 8.6700000E+00 4.6900000E+02 10 5.5200360E+01 2.1356080E-01 3.7923766E-01 3.6790530E-02 1.3857121E-02 1.3171771E-02 1.2757167E-02 7.4275541E-04 2.4947993E-04 7.4779429E-03 1.3941884E-04 7.3192088E-03 4.6711316E-02 4.1354792E-02 1.5809312E-04 1.6003715E+00 1.8834466E+01 -4.8496152E-02
3.1381000E+02 2.5927000E+02 8.6700000E+00 4.7400000E+02 10 5.5219199E+01 2.0957298E-01 3.6391626E-01 4.0832190E-02 1.3698382E-02 1.3206277E-02 1.2793473E-02 7.3953110E-04 2.4256821E-04 7.3918996E-03 1.3881362E-04 7.2437426E-03 4.3333061E-02 4.0882137E-02 1.5721414E-04 1.6070578E+00 1.8826589E+01 -4.6325357E-02
3.1381000E+02 2.5927000E+02 8.6700000E+00 4.7900000E+02 10 5.5233344E+01 2.0639950E-01 3.5217666E-01 4.3851758E-02 1.3552553E-02 1.3232785E-02 1.2821582E-02 7.3666322E-04 2.3633236E-04 7.3136094E-03 1.3827531E-04 7.1737117E-03 4.0816166E-02 4.0447761E-02 1.5624129E-04 1.6111361E+00 1.8821931E+01 -4.4827928E-02
3.1381000E+02 2.5927000E+02 8.6700000E+00 4.8100000E+02 10 5.5232817E+01 2.1637368E-01 3.7198226E-01 4.4919042E-02 1.5292624E-02 1.4595346E-02 1.4184756E-02 7.3556454E-04 2.4912320E-04 8.1967673E-03 1.3806908E-04 8.0164334E-03 3.9938120E-02 4.5642693E-02 1.8047031E-04 1.7297568E+00 1.8619186E+01 -3.4353615E-02
3.1381000E+02 2.5927000E+02 8.6700000E+00 4.8200000E+02 10 5.5233586E+01 2.1900970E-01 3.7708936E-01 4.5420168E-02 1.5788792E-02 1.5035597E-02 1.4625308E-02 7.3502650E-04 2.5261093E-04 8.4477249E-03 1.3796809E-04 8.2574168E-03 3.9523716E-02 4.7124262E-02 1.8585182E-04 1.7730467E+00 1.8542000E+01 -3.1133498E-02
3.1381000E+02 2.5927000E+02 8.6700000E+00 4.8700000E+02 10 5.5251703E+01 1.9942476E-01 3.3183479E-01 4.7442463E-02 1.2886542E-02 1.2970360E-02 1.2561768E-02 7.3198529E-04 2.2475401E-04 6.9696696E-03 1.3739724E-04 6.8505524E-03 3.7835688E-02 3.8460758E-02 1.4682069E-04 1.5894326E+00 1.8860291E+01 -4.5658877E-02
3.1381000E+02 2.5927000E+02 8.6700000E+00 4.9200000E+02 10 5.5259297E+01 1.9693219E-01 3.2383979E-01 4.8980014E-02 1.2664103E-02 1.2840081E-02 1.2432670E-02 7.2987038E-04 2.1855464E-04 6.8555050E-03 1.3700026E-04 6.7410845E-03 3.6566646E-02 3.7797024E-02 1.4713742E-04 1.5822199E+00 1.8865215E+01 -4.5806149E-02
3.1381000E+02 2.5927000E+02 8.6700000E+00 4.9700000E+02 10 5.5264813E+01 1.9563367E-01 3.1880225E-01 5.0162556E-02 1.2579450E-02 1.2772869E-02 1.2366464E-02 7.2806688E-04 2.1508651E-04 6.8127090E-03 1.3666173E-04 6.6972150E-03 3.5594896E-02 3.7544131E-02 1.4778329E-04 1.5807300E+00 1.8864564E+01 -4.5513451E-02
3.1381000E+02 2.5927000E+02 8.6700000E+00 5.0200000E+02 10 5.5269015E+01 1.9478906E-01 3.1518147E-01 5.1085750E-02 1.2535811E-02 1.2731233E-02 1.2325820E-02 7.2629024E-04 2.1287289E-04 6.7907985E-03 1.3632825E-04 6.6731956E-03 3.4841401E-02 3.7413648E-02 1.4811919E-04 1.5806104E+00 1.8863433E+01 -4.5183366E-02
3.1381000E+02 2.5927000E+02 8.6700000E+00 5.0500000E+02 10 5.5267454E+01 2.0183767E-01 3.2930910E-01 5.1562731E-02 1.3717533E-02 1.3578799E-02 1.3173986E-02 7.2521474E-04 2.2319362E-04 7.3930953E-03 1.3612637E-04 7.2420455E-03 3.4461151E-02 4.0940700E-02 1.6498068E-04 1.6526443E+00 1.8747061E+01 -3.8414705E-02
3.1381000E+02 2.5927000E+02 8.6700000E+00 5.0600000E+02 10 5.5264615E+01 2.0877766E-01 3.4412127E-01 5.1713737E-02 1.4858915E-02 1.4461463E-02 1.4056851E-02 7.2485486E-04 2.3224200E-04 7.9729099E-03 1.3605882E-04 7.7948258E-03 3.4345175E-02 4.4348288E-02 1.8019080E-04 1.7358782E+00 1.8598130E+01 -3.1945409E-02
3.1381000E+02 2.5927000E+02 8.6700000E+00 5.1100000E+02 10 5.5276217E+01 1.9068409E-01 3.0427469E-01 5.2359372E-02 1.2020112E-02 1.2391949E-02 1.1988839E-02 7.2216490E-04 2.0717182E-04 6.5274875E-03 1.3555390E-04 6.4187795E-03 3.3815938E-02 3.5874141E-02 1.4020242E-04 1.5564884E+00 1.8902109E+01 -4.7166144E-02
3.1381000E+02 2.5927000E+02 8.6700000E+00 5.1600000E+02 10 5.5278699E+01 1.8986626E-01 3.0120662E-01 5.2877804E-02 1.1923600E-02 1.2257752E-02 1.1855922E-02 7.1987129E-04 2.0434343E-04 6.4786721E-03 1.3512338E-04 6.3683924E-03 3.3407665E-02 3.5585699E-02 1.4164960E-04 1.5511647E+00 1.8904657E+01 -4.7520459E-02
3.1381000E+02 2.5927000E+02 8.6700000E+00 5.2100000E+02 10 5.5280434E+01 1.8977716E-01 2.9976779E-01 5.3303143E-02 1.1927195E-02 1.2186108E-02 1.1785472E-02 7.1773137E-04 2.0356476E-04 6.4812667E-03 1.3472171E-04 6.3660599E-03 3.3076159E-02 3.5595860E-02 1.4294294E-04 1.5506727E+00 1.8902978E+01 -4.7407557E-02
3.1381000E+02 2.5927000E+02 8.6700000E+00 5.2600000E+02 10 5.5281821E+01 1.8981067E-01 2.9878864E-01 5.3659876E-02 1.1945633E-02 1.2139193E-02 1.1739737E-02 7.1561884E-04 2.0340884E-04 6.4910839E-03 1.3432518E-04 6.3713377E-03 3.2801614E-02 3.5650451E-02 1.4368719E-04 1.5510594E+00 1.8901404E+01 -4.7231720E-02
3.1381000E+02 2.5927000E+02 8.6700000E+00 5.3100000E+02 10 5.5283010E+01 1.8981267E-01 2.9792148E-01 5.3964926E-02 1.1957347E-02 1.2101241E-02 1.1702954E-02 7.1352516E-04 2.0337193E-04 6.4971450E-03 1.3393218E-04 6.3737941E-03 3.2569912E-02 3.5685111E-02 1.4403539E-04 1.5512345E+00 1.8900684E+01 -4.7099764E-02
3.1381000E+02 2.5927000E+02 8.6700000E+00 5.3600000E+02 10 5.5284055E+01 1.8977613E-01 2.9710437E-01 5.4230400E-02 1.1961542E-02 1.2067168E-02 1.1670032E-02 7.1146283E-04 2.0331850E-04 6.4991886E-03 1.3354507E-04 6.3728909E-03 3.2370837E-02 3.5697409E-02 1.4417756E-04 1.5510981E+00 1.8900590E+01 -4.7016466E-02
3.1381000E+02 2.5927000E+02 8.6700000E+00 5.4100000E+02 10 5.5284984E+01 1.8971925E-01 2.9633860E-01 5.4465125E-02 1.1961112E-02 1.2035604E-02 1.1639598E-02 7.0943902E-04 2.0323387E-04 6.4987977E-03 1.3316519E-04 6.3699076E-03 3.2196940E-02 3.5695943E-02 1.4422512E-04 1.5507574E+00 1.8900836E+01 -4.6966673E-02
3.1381000E+02 2.5927000E+02 8.6700000E+00 5.4600000E+02 10 5.5285817E+01 1.8965571E-01 2.9562852E-01 5.4675605E-02 1.1958352E-02 1.2006158E-02 1.1611259E-02 7.0745436E-04 2.0312987E-04 6.4972021E-03 1.3279266E-04 6.3658836E-03 3.2042763E-02 3.5687547E-02 1.4423100E-04 1.5503107E+00 1.8901243E+01 -4.6937410E-02
3.1381000E+02 2.5927000E+02 8.6700000E+00 5.5100000E+02 10 5.5286571E+01 1.8959286E-01 2.9497328E-01 5.4866659E-02 1.1954586E-02 1.1978613E-02 1.1584802E-02 7.0550616E-04 2.0301614E-04 6.4950998E-03 1.3242698E-04 6.3614266E-03 3.1904284E-02 3.5676163E-02 1.4421807E-04 1.5498176E+00 1.8901722E+01 -4.6920493E-02
3.1381000E+02 2.5927000E+02 8.6700000E+00 5.5600000E+02 10 5.5287259E+01 1.8953386E-01 2.9436851E-01 5.5041876E-02 1.1950495E-02 1.1952764E-02 1.1560022E-02 7.0359086E-04 2.0290085E-04 6.4928445E-03 1.3206746E-04 6.3568499E-03 3.1778521E-02 3.5663814E-02 1.4419700E-04 1.5493099E+00 1.8902225E+01 -4.6911194E-02
3.1381000E+02 2.5927000E+02 8.6700000E+00 5.6100000E+02 10 5.5287892E+01 1.8947984E-01 2.9380880E-01 5.5203945E-02 1.1946406E-02 1.1928411E-02 1.1536721E-02 7.0170516E-04 2.0278770E-04 6.4906029E-03 1.3171351E-04 6.3523065E-03 3.1663248E-02 3.5651478E-02 1.4417192E-04 1.5488034E+00 1.8902735E+01 -4.6906804E-02
3.1381000E+02 2.5927000E+02 8.6700000E+00 5.6600000E+02 10 5.5288478E+01 1.8943097E-01 2.9328885E-01 5.5354900E-02 1.1942471E-02 1.1905374E-02 1.1514722E-02 6.9984639E-04 2.0268088E-04 6.4884504E-03 1.3136461E-04 6.3478678E-03 3.1556789E-02 3.5639608E-02 1.4414574E-04 1.5483057E+00 1.8903236E+01 -4.6905735E-02
3.1381000E+02 2.5927000E+02 8.6700000E+00 5.7100000E+02 10 5.5289023E+01 1.8938716E-01 2.9280412E-01 5.5496294E-02 1.1938761E-02 1.1883500E-02 1.1493871E-02 6.9801244E-04 2.0258134E-04 6.4864154E-03 1.3102037E-04 6.3435721E-03 3.1457867E-02 3.5628415E-02 1.4411893E-04 1.5478205E+00 1.8903729E+01 -4.6906997E-02
3.1381000E+02 2.5927000E+02 8.6700000E+00 5.7600000E+02 10 5.5289533E+01 1.8934800E-01 2.9235064E-01 5.5629330E-02 1.1935298E-02 1.1862662E-02 1.1474044E-02 6.9620172E-04 2.0248871E-04 6.4845048E-03 1.3068049E-04 6.3394311E-03 3.1365498E-02 3.5617960E-02 1.4409265E-04 1.5473491E+00 1.8904206E+01 -4.6909986E-02
3.1381000E+02 2.5927000E+02 8.6700000E+00 5.8100000E+02 10 5.5290012E+01 1.8931312E-01 2.9192512E-01 5.5754954E-02 1.1932082E-02 1.1842756E-02 1.1455137E-02 6.9441297E-04 2.0240115E-04 6.4827164E-03 1.3034473E-04 6.3354453E-03 3.1278908E-02 3.5608244E-02 1.4406661E-04 1.5468917E+00 1.8904673E+01 -4.6914306E-02
3.1381000E+02 2.5927000E+02 8.6700000E+00 5.8200000E+02 10 5.5282108E+01 2.0537909E-01 3.2568840E-01 5.5779790E-02 1.4483265E-02 1.3632062E-02 1.3244642E-02 6.9405609E-04 2.2296873E-04 7.7834387E-03 1.3027774E-04 7.5661211E-03 3.1276992E-02 4.3223231E-02 1.8131818E-04 1.7050493E+00 1.8625188E+01 -3.3026735E-02
3.1381000E+02 2.5927000E+02 8.6700000E+00 5.8700000E+02 10 5.5290843E+01 1.8848661E-01 2.9011739E-01 5.5858199E-02 1.1817838E-02 1.1786634E-02 1.1398591E-02 6.9517157E-04 2.0280366E-04 6.4257318E-03 1.3048712E-04 6.2800672E-03 3.1191639E-02 3.5267134E-02 1.4107751E-04 1.5417361E+00 1.8914968E+01 -4.7418487E-02
3.1381000E+02 2.5927000E+02 8.6700000E+00 5.9200000E+02 10 5.5291223E+01 1.8836739E-01 2.8972130E-01 5.5925336E-02 1.1810625E-02 1.1778253E-02 1.1388400E-02 6.9841533E-04 2.0247336E-04 6.4246365E-03 1.3109599E-04 6.2785626E-03 3.1118497E-02 3.5245566E-02 1.4203524E-04 1.5417461E+00 1.8912761E+01 -4.7383942E-02
3.1381000E+02 2.5927000E+02 8.6700000E+00 5.9700000E+02 10 5.5291474E+01 1.8849994E-01 2.8979082E-01 5.5992364E-02 1.1839248E-02 1.1786710E-02 1.1395115E-02 7.0153570E-04 2.0281374E-04 6.4419952E-03 1.3168170E-04 6.2939273E-03 3.1046327E-02 3.5330828E-02 1.4274332E-04 1.5434345E+00 1.8909521E+01 -4.7173774E-02
3.1381000E+02 2.5927000E+02 8.6700000E+00 6.0200000E+02 10 5.5291728E+01 1.8861409E-01 2.8983608E-01 5.6061590E-02 1.1864458E-02 1.1796225E-02 1.1403325E-02 7.0387324E-04 2.0321946E-04 6.4569902E-03 1.3212047E-04 6.3071887E-03 3.0977472E-02 3.5405953E-02 1.4309011E-04 1.5449474E+00 1.8907158E+01 -4.6984391E-02
3.1381000E+02 2.5927000E+02 8.6700000E+00 6.0700000E+02 10 5.5292009E+01 1.8865913E-01 2.8975525E-01 5.6132614E-02 1.1878594E-02 1.1801318E-02 1.1407553E-02 7.0542374E-04 2.0350958E-04 6.4657061E-03 1.3241150E-04 6.3146538E-03 3.0912278E-02 3.5448074E-02 1.4319427E-04 1.5458786E+00 1.8905826E+01 -4.6857727E-02
3.1381000E+02 2.5927000E+02 8.6700000E+00 6.1200000E+02 10 5.5292308E+01 1.8865377E-01 2.8957662E-01 5.6204474E-02 1.1884206E-02 1.1801570E-02 1.1407293E-02 7.0634100E-04 2.0368032E-04 6.4696228E-03 1.3258368E-04 6.3175770E-03 3.0850532E-02 3.5464778E-02 1.4318114E-04 1.5463261E+00 1.8905201E+01 -4.6782824E-02
3.1381000E+02 2.5927000E+02 8.6700000E+00 6.1700000E+02 10 5.5292611E+01 1.8862242E-01 2.8934313E-01 5.6276305E-02 1.1884850E-02 1.1797962E-02 1.1403438E-02 7.0678446E-04 2.0376362E-04 6.4707141E-03 1.3266692E-04 6.3177284E-03 3.0791897E-02 3.5466656E-02 1.4312240E-04 1.5464580E+00 1.8904993E+01 -4.6741817E-02
3.1381000E+02 2.5927000E+02 8.6700000E+00 6.2200000E+02 10 5.5292911E+01 1.8858109E-01 2.8908489E-01 5.6347456E-02 1.1882984E-02 1.1791535E-02 1.1396955E-02 7.0688210E-04 2.0379069E-04 6.4703417E-03 1.3268525E-04 6.3163615E-03 3.0736061E-02 3.5461036E-02 1.4305112E-04 1.5464002E+00 1.8905020E+01 -4.6721442E-02
3.1381000E+02 2.5927000E+02 8.6700000E+00 6.2700000E+02 10 5.5293202E+01 1.8853844E-01 2.8881941E-01 5.6417474E-02 1.1880019E-02 1.1783093E-02 1.1388599E-02 7.0672844E-04 2.0378644E-04 6.4692940E-03 1.3265640E-04 6.3142204E-03 3.0682770E-02 3.5452128E-02 1.4298066E-04 1.5462315E+00 1.8905179E+01 -4.6713447E-02
3.1381000E+02 2.5927000E+02 8.6700000E+00 6.3200000E+02 10 5.5293482E+01 1.8849868E-01 2.8855609E-01 5.6486048E-02 1.1876706E-02 1.1773219E-02 1.1378914E-02 7.0639096E-04 2.0376760E-04 6.4679952E-03 1.3259306E-04 6.3117224E-03 3.0631828E-02 3.5442175E-02 1.4291577E-04 1.5459988E+00 1.8905411E+01 -4.6712944E-02
3.1381000E+02 2.5927000E+02 8.6700000E+00 6.3700000E+02 10 5.5293752E+01 1.8846356E-01 2.8829977E-01 5.6552976E-02 1.1873425E-02 1.1762337E-02 1.1368297E-02 7.0591714E-04 2.0374362E-04 6.4666621E-03 1.3250412E-04 6.3090946E-03 3.0583085E-02 3.5432309E-02 1.4285742E-04 1.5457297E+00 1.8905684E+01 -4.6717059E-02
3.1381000E+02 2.5927000E+02 8.6700000E+00 6.4200000E+02 10 5.5294010E+01 1.8843358E-01 2.8805274E-01 5.6618132E-02 1.1870352E-02 1.1750762E-02 1.1357044E-02 7.0534019E-04 2.0371966E-04 6.4653983E-03 1.3239582E-04 6.3064560E-03 3.0536421E-02 3.5423060E-02 1.4280548E-04 1.5454404E+00 1.8905979E+01 -4.6724092E-02
3.1381000E+02 2.5927000E+02 8.6700000E+00 6.4700000E+02 10 5.5294256E+01 1.8840866E-01 2.8781602E-01 5.6681445E-02 1.1867560E-02 1.1738732E-02 1.1345380E-02 7.0468332E-04 2.0369809E-04 6.4642483E-03 1.3227252E-04 6.3038685E-03 3.0491738E-02 3.5414648E-02 1.4275913E-04 1.5451408E+00 1.8906286E+01 -4.6733010E-02
3.1381000E+02 2.5927000E+02 8.6700000E+00 6.5000000E+02 10 5.5290553E+01 1.9612595E-01 3.0390792E-01 5.6718761E-02 1.3096642E-02 1.2568504E-02 1.2175386E-02 7.0426441E-04 2.1570123E-04 7.0928705E-03 1.3219389E-04 6.8940954E-03 3.0472827E-02 3.9082611E-02 1.6010101E-04 1.6139574E+00 1.8795949E+01 -4.0096861E-02
