x y z_datum Time Well_no H2O H O Charge Al C Ca Cl Fe K Mg Na S Si U pH pe Alkalinity
3.1381000E+02 2.5927000E+02 8.6700000E+00 0.0000000E+00 10 9.9704301E-01 7.2098600E-06 6.6484776E-04 -3.2324431E-06 0.0000000E+00 1.0067647E-04 6.3262499E-05 4.3211171E-04 0.0000000E+00 2.8240956E-04 5.5605062E-05 2.2967748E-04 1.4127542E-04 0.0000000E+00 0.0000000E+00 7.0300000E+00 1.1068788E+01 7.1999443E-03
3.1381000E+02 2.5927000E+02 8.6700000E+00 5.0000000E+00 10 5.5328745E+01 1.8885410E-02 6.2010143E-02 -3.0330332E-03 0.0000000E+00 7.3032017E-03 1.3753348E-03 1.0619673E-02 0.0000000E+00 6.2934622E-03 1.9933649E-03 8.7046504E-03 1.0273398E-02 0.0000000E+00 0.0000000E+00 2.4013778E+00 1.7979101E+01 -6.4177932E-03
3.1381000E+02 2.5927000E+02 8.6700000E+00 1.0000000E+01 10 5.5310092E+01 3.2829921E-02 1.0508477E-01 -2.7447341E-03 1.0756370E-03 7.8698988E-03 3.2079415E-03 8.3518179E-03 1.5100711E-05 5.4798688E-03 1.5676773E-03 7.3851777E-03 1.8770444E-02 3.2161777E-03 1.5627366E-05 2.0074657E+00 1.8416484E+01 -1.7520120E-02
3.1381000E+02 2.5927000E+02 8.6700000E+00 1.5000000E+01 10 5.5287467E+01 5.7647645E-02 1.5378511E-01 -2.4923398E-03 2.6897256E-03 8.1319373E-03 4.5782333E-03 6.3664007E-03 3.5828974E-05 5.1107704E-03 1.1950047E-03 6.5542747E-03 2.6209846E-02 8.0385897E-03 3.8565416E-05 1.8800666E+00 1.8563506E+01 -2.4998743E-02
3.1381000E+02 2.5927000E+02 8.6700000E+00 2.0000000E+01 10 5.5269185E+01 7.9028242E-02 1.9305002E-01 -2.3046778E-03 4.0972199E-03 8.3028104E-03 5.5731226E-03 4.8901897E-03 5.6120023E-05 4.9452482E-03 9.1791265E-04 6.0327387E-03 3.1741751E-02 1.2241859E-02 5.8663809E-05 1.8213503E+00 1.8631371E+01 -2.9771170E-02
3.1381000E+02 2.5927000E+02 8.6700000E+00 2.5000000E+01 10 5.5256151E+01 9.4567498E-02 2.2151136E-01 -2.1745231E-03 5.1682778E-03 8.4588364E-03 6.3006526E-03 3.8663498E-03 7.2906648E-05 4.8800297E-03 7.2573288E-04 5.7152938E-03 3.5578743E-02 1.5439639E-02 7.3831970E-05 1.7927304E+00 1.8664307E+01 -3.2623008E-02
3.1381000E+02 2.5927000E+02 8.6700000E+00 3.0000000E+01 10 5.5247166E+01 1.0539525E-01 2.4149566E-01 -2.0862144E-03 5.9420259E-03 8.6160275E-03 6.8456040E-03 3.1716839E-03 8.5698691E-05 4.8600244E-03 5.9534066E-04 5.5222545E-03 3.8182271E-02 1.7749522E-02 8.4574909E-05 1.7787892E+00 1.8680331E+01 -3.4265070E-02
3.1381000E+02 2.5927000E+02 8.6700000E+00 3.5000000E+01 10 5.5240995E+01 1.1286646E-01 2.5549377E-01 -2.0259868E-03 6.4918167E-03 8.7726523E-03 7.2666855E-03 2.6979141E-03 9.5077529E-05 4.8575254E-03 5.0641175E-04 5.4013698E-03 3.9958010E-02 1.9390804E-02 9.2004672E-05 1.7722052E+00 1.8687942E+01 -3.5196740E-02
3.1381000E+02 2.5927000E+02 8.6700000E+00 4.0000000E+01 10 5.5236701E+01 1.1806220E-01 2.6543807E-01 -1.9840321E-03 6.8835565E-03 8.9242556E-03 7.6025103E-03 2.3678845E-03 1.0182839E-04 4.8600087E-03 4.4446356E-04 5.3216561E-03 4.1195065E-02 2.0560319E-02 9.7133511E-05 1.7693253E+00 1.8691355E+01 -3.5725316E-02
3.1381000E+02 2.5927000E+02 8.6700000E+00 4.5000000E+01 10 5.5233643E+01 1.2174313E-01 2.7267007E-01 -1.9539168E-03 7.1665912E-03 9.0675966E-03 7.8780862E-03 2.1309877E-03 1.0673525E-04 4.8624764E-03 3.9999687E-04 5.2656190E-03 4.2083079E-02 2.1405379E-02 1.0071545E-04 1.7682981E+00 1.8692675E+01 -3.6028193E-02
3.1381000E+02 2.5927000E+02 8.6700000E+00 5.0000000E+01 10 5.5231403E+01 1.2441467E-01 2.7807756E-01 -1.9315600E-03 7.3752295E-03 9.2010496E-03 8.1097070E-03 1.9551217E-03 1.1035669E-04 4.8633334E-03 3.6698597E-04 5.2235592E-03 4.2742353E-02 2.2028380E-02 1.0326624E-04 1.7681774E+00 1.8692973E+01 -3.6204901E-02
3.1381000E+02 2.5927000E+02 8.6700000E+00 5.5000000E+01 10 5.5229713E+01 1.2640619E-01 2.8223900E-01 -1.9143950E-03 7.5326226E-03 9.3241611E-03 8.3081894E-03 1.8200961E-03 1.1310054E-04 4.8623946E-03 3.4164099E-04 5.1901155E-03 4.3248554E-02 2.2498414E-02 1.0512697E-04 1.7684830E+00 1.8692781E+01 -3.6310532E-02
3.1381000E+02 2.5927000E+02 8.6700000E+00 6.0000000E+01 10 5.5228401E+01 1.2793126E-01 2.8553094E-01 -1.9007980E-03 7.6542181E-03 9.4371753E-03 8.4809075E-03 1.7131374E-03 1.1524318E-04 4.8599554E-03 3.2156432E-04 5.1622789E-03 4.3649555E-02 2.2861580E-02 1.0651907E-04 1.7689711E+00 1.8692371E+01 -3.6375632E-02
3.1381000E+02 2.5927000E+02 8.6700000E+00 6.5000000E+01 10 5.5227354E+01 1.2912927E-01 2.8820091E-01 -1.8897263E-03 7.7503383E-03 9.5406955E-03 8.6330430E-03 1.6260442E-03 1.1699135E-04 4.8564112E-03 3.0521649E-04 5.1383121E-03 4.3976093E-02 2.3148684E-02 1.0758699E-04 1.7695203E+00 1.8691879E+01 -3.6417270E-02
3.1381000E+02 2.5927000E+02 8.6700000E+00 6.6000000E+01 10 5.5221452E+01 1.4081851E-01 3.1655750E-01 -1.8876055E-03 9.7831958E-03 1.1550441E-02 1.0652101E-02 1.6093611E-03 1.3519807E-04 5.8645946E-03 3.0208498E-04 6.1266679E-03 4.4055788E-02 2.9221744E-02 1.4016887E-04 1.9610027E+00 1.8389077E+01 -2.4293471E-02
3.1381000E+02 2.5927000E+02 8.6700000E+00 6.7000000E+01 10 5.5221335E+01 1.4088669E-01 3.1669024E-01 -1.8855715E-03 9.7757697E-03 1.1543130E-02 1.0653721E-02 1.5933601E-03 1.3706339E-04 5.8519607E-03 2.9908152E-04 6.1091570E-03 4.4114701E-02 2.9199224E-02 1.3802288E-04 1.9581551E+00 1.8403992E+01 -2.4455830E-02
3.1381000E+02 2.5927000E+02 8.6700000E+00 7.2000000E+01 10 5.5223588E+01 1.3019801E-01 2.9100642E-01 -1.8465070E-03 7.6494469E-03 9.5241232E-03 8.6723231E-03 1.5259856E-03 1.1816155E-04 4.7459671E-03 2.8643501E-04 5.0072009E-03 4.4878740E-02 2.2847306E-02 1.0397078E-04 1.7436996E+00 1.8871612E+01 -3.8689065E-02
3.1381000E+02 2.5927000E+02 8.6700000E+00 7.7000000E+01 10 5.5218226E+01 1.3290292E-01 2.9698933E-01 -1.7972826E-03 7.7713739E-03 9.5920884E-03 8.7725275E-03 1.4682295E-03 1.3147822E-04 4.7740631E-03 2.7559391E-04 5.0184378E-03 4.5848112E-02 2.3211033E-02 1.3136647E-04 1.7313033E+00 1.8948413E+01 -3.9977760E-02
3.1381000E+02 2.5927000E+02 8.6700000E+00 8.2000000E+01 10 5.5213179E+01 1.3588060E-01 3.0342978E-01 -1.7536076E-03 7.9659149E-03 9.6987156E-03 8.9072005E-03 1.4179858E-03 1.4990977E-04 4.8438159E-03 2.6616292E-04 5.0706091E-03 4.6716878E-02 2.3791335E-02 1.6345036E-04 1.7259641E+00 1.8986831E+01 -4.0677426E-02
3.1381000E+02 2.5927000E+02 8.6700000E+00 8.7000000E+01 10 5.5209239E+01 1.3836369E-01 3.0881634E-01 -1.7200425E-03 8.1449916E-03 9.8071956E-03 9.0403772E-03 1.3737423E-03 1.6721160E-04 4.9090958E-03 2.5785818E-04 5.1204176E-03 4.7398411E-02 2.4325551E-02 1.9099535E-04 1.7238242E+00 1.9006895E+01 -4.1060297E-02
3.1381000E+02 2.5927000E+02 8.6700000E+00 9.1000000E+01 10 5.5205387E+01 1.4282315E-01 3.1906856E-01 -1.6993324E-03 8.7603309E-03 1.0334147E-02 9.5852773E-03 1.3415873E-03 1.9026135E-04 5.2005347E-03 2.5182254E-04 5.3945658E-03 4.7843772E-02 2.6162883E-02 2.2626818E-04 1.7583360E+00 1.8976754E+01 -3.8344809E-02
3.1381000E+02 2.5927000E+02 8.6700000E+00 9.2000000E+01 10 5.5200399E+01 1.5212635E-01 3.4129335E-01 -1.6945255E-03 1.0342977E-02 1.1821793E-02 1.1077302E-02 1.3337423E-03 2.2761061E-04 5.9903169E-03 2.5035000E-04 6.1661018E-03 4.7999246E-02 3.0890323E-02 2.9114943E-04 1.8902263E+00 1.8829937E+01 -2.9148055E-02
3.1381000E+02 2.5927000E+02 8.6700000E+00 9.7000000E+01 10 5.5200496E+01 1.4138323E-01 3.1660516E-01 -2.1756186E-03 8.1819078E-03 9.8397220E-03 9.1148852E-03 1.2985329E-03 1.8856986E-04 4.8845551E-03 2.4374101E-04 5.0750545E-03 4.9090255E-02 2.4435079E-02 2.1707044E-04 1.7000662E+00 1.9057638E+01 -4.3699079E-02
3.1381000E+02 2.5927000E+02 8.6700000E+00 1.0200000E+02 10 5.5192683E+01 1.4444010E-01 3.2435515E-01 -2.8472627E-03 8.3316046E-03 9.9111461E-03 9.2040785E-03 1.2666995E-03 1.9968410E-04 4.9426028E-03 2.3776573E-04 5.1204297E-03 5.0473642E-02 2.4881529E-02 2.3560955E-04 1.6909878E+00 1.9079044E+01 -4.5008791E-02
3.1381000E+02 2.5927000E+02 8.6700000E+00 1.0700000E+02 10 5.5185709E+01 1.4749631E-01 3.3187926E-01 -3.4468446E-03 8.5227346E-03 1.0006964E-02 9.3160624E-03 1.2377389E-03 2.1148242E-04 5.0235171E-03 2.3232968E-04 5.1880699E-03 5.1679265E-02 2.5451560E-02 2.5275343E-04 1.6868164E+00 1.9091955E+01 -4.5820719E-02
3.1381000E+02 2.5927000E+02 8.6700000E+00 1.1200000E+02 10 5.5180384E+01 1.4996907E-01 3.3791740E-01 -3.8957052E-03 8.6909829E-03 1.0099949E-02 9.4238345E-03 1.2112484E-03 2.2212200E-04 5.0940127E-03 2.2735728E-04 5.2469583E-03 5.2599755E-02 2.5953392E-02 2.6680413E-04 1.6850062E+00 1.9099396E+01 -4.6315181E-02
3.1381000E+02 2.5927000E+02 8.6700000E+00 1.1700000E+02 10 5.5176564E+01 1.5181955E-01 3.4243141E-01 -4.2071046E-03 8.8222895E-03 1.0181467E-02 9.5189423E-03 1.1869012E-03 2.3091592E-04 5.1467156E-03 2.2278719E-04 5.2900662E-03 5.3268277E-02 2.6345081E-02 2.7750291E-04 1.6842614E+00 1.9103675E+01 -4.6620480E-02
3.1381000E+02 2.5927000E+02 8.6700000E+00 1.2200000E+02 10 5.5173862E+01 1.5318099E-01 3.4576118E-01 -4.4175175E-03 8.9214661E-03 1.0251415E-02 9.6014348E-03 1.1644288E-03 2.3793775E-04 5.1839782E-03 2.1856901E-04 5.3194233E-03 5.3751374E-02 2.6640962E-02 2.8540376E-04 1.6840033E+00 1.9106162E+01 -4.6813696E-02
3.1381000E+02 2.5927000E+02 8.6700000E+00 1.2400000E+02 10 5.5168054E+01 1.6351030E-01 3.6969471E-01 -4.4879754E-03 1.0630356E-02 1.1719404E-02 1.1074283E-02 1.1557240E-03 2.8329248E-04 6.0400272E-03 2.1693507E-04 6.1482501E-03 5.3984886E-02 3.1744188E-02 3.5933422E-04 1.7967616E+00 1.8982162E+01 -3.7200787E-02
3.1381000E+02 2.5927000E+02 8.6700000E+00 1.2500000E+02 10 5.5166237E+01 1.6653281E-01 3.7691445E-01 -4.5200800E-03 1.1130573E-02 1.2189739E-02 1.1547009E-02 1.1514407E-03 2.9728095E-04 6.2889520E-03 2.1613108E-04 6.3901614E-03 5.4081673E-02 3.3238173E-02 3.7843367E-04 1.8357134E+00 1.8940013E+01 -3.4354241E-02
3.1381000E+02 2.5927000E+02 8.6700000E+00 1.3000000E+02 10 5.5171568E+01 1.5349423E-01 3.4721652E-01 -4.6265909E-03 8.8606185E-03 1.0249500E-02 9.6182912E-03 1.1307997E-03 2.4305059E-04 5.1335108E-03 2.1225666E-04 5.2618381E-03 5.4280081E-02 2.6458980E-02 2.8191430E-04 1.6746511E+00 1.9119171E+01 -4.7908337E-02
3.1381000E+02 2.5927000E+02 8.6700000E+00 1.3100000E+02 10 5.5164626E+01 1.6709867E-01 3.7859397E-01 -4.6461073E-03 1.1145049E-02 1.2227733E-02 1.1598736E-02 1.1268374E-03 3.0266576E-04 6.2815302E-03 2.1151291E-04 6.3772401E-03 5.4430957E-02 3.3281443E-02 3.8776792E-04 1.8313044E+00 1.8945143E+01 -3.4764347E-02
3.1381000E+02 2.5927000E+02 8.6700000E+00 1.3200000E+02 10 5.5164387E+01 1.6718244E-01 3.7876640E-01 -4.6641042E-03 1.1143713E-02 1.2221998E-02 1.1595155E-02 1.1229801E-03 3.0266161E-04 6.2791603E-03 2.1078889E-04 6.3726715E-03 5.4476598E-02 3.3277124E-02 3.8178595E-04 1.8300742E+00 1.8947694E+01 -3.4866076E-02
3.1381000E+02 2.5927000E+02 8.6700000E+00 1.3700000E+02 10 5.5163910E+01 1.5550340E-01 3.5322908E-01 -5.7847874E-03 8.8801943E-03 1.0284444E-02 9.6679655E-03 1.1044109E-03 2.4738485E-04 5.1281447E-03 2.0730336E-04 5.2492501E-03 5.5833293E-02 2.6517169E-02 2.8482950E-04 1.6625393E+00 1.9110601E+01 -4.9707509E-02
3.1381000E+02 2.5927000E+02 8.6700000E+00 1.4200000E+02 10 5.5153705E+01 1.5918644E-01 3.6286189E-01 -7.3236314E-03 9.0851018E-03 1.0401699E-02 9.7951004E-03 1.0867103E-03 2.4712432E-04 5.2222825E-03 2.0398087E-04 5.3333484E-03 5.7752912E-02 2.7128535E-02 2.8747343E-04 1.6574671E+00 1.9076803E+01 -5.0961705E-02
3.1381000E+02 2.5927000E+02 8.6700000E+00 1.4700000E+02 10 5.5144235E+01 1.6295345E-01 3.7236380E-01 -8.7217411E-03 9.3313497E-03 1.0540404E-02 9.9431207E-03 1.0700238E-03 2.4122276E-04 5.3382632E-03 2.0084874E-04 5.4379869E-03 5.9480501E-02 2.7863142E-02 2.7729439E-04 1.6557731E+00 1.9030727E+01 -5.1793330E-02
3.1381000E+02 2.5927000E+02 8.6700000E+00 1.5200000E+02 10 5.5136851E+01 1.6601292E-01 3.7998354E-01 -9.7941204E-03 9.5414382E-03 1.0665341E-02 1.0076784E-02 1.0543898E-03 2.3174188E-04 5.4362944E-03 1.9791414E-04 5.5262146E-03 6.0807470E-02 2.8489898E-02 2.5891060E-04 1.6553114E+00 1.8980343E+01 -5.2338040E-02
3.1381000E+02 2.5927000E+02 8.6700000E+00 1.5700000E+02 10 5.5131494E+01 1.6828934E-01 3.8561824E-01 -1.0557918E-02 9.7009060E-03 1.0767367E-02 1.0186969E-02 1.0397747E-03 2.2117154E-04 5.5089725E-03 1.9517083E-04 5.5910522E-03 6.1761666E-02 2.8965668E-02 2.3750339E-04 1.6552258E+00 1.8931835E+01 -5.2698086E-02
3.1381000E+02 2.5927000E+02 8.6700000E+00 1.6200000E+02 10 5.5127691E+01 1.6994229E-01 3.8969580E-01 -1.1088121E-02 9.8179427E-03 1.0848634E-02 1.0275863E-02 1.0261105E-03 2.1123057E-04 5.5604914E-03 1.9260599E-04 5.6363238E-03 6.2436230E-02 2.9314872E-02 2.1677045E-04 1.6552503E+00 1.8890247E+01 -5.2939451E-02
3.1381000E+02 2.5927000E+02 8.6700000E+00 1.6700000E+02 10 5.5124973E+01 1.7115152E-01 3.9267591E-01 -1.1456886E-02 9.9042893E-03 1.0913992E-02 1.0348362E-02 1.0133163E-03 2.0272807E-04 5.5968399E-03 1.9020446E-04 5.6675637E-03 6.2918627E-02 2.9572525E-02 1.9869508E-04 1.6553143E+00 1.8858642E+01 -5.3104241E-02
3.1381000E+02 2.5927000E+02 8.6700000E+00 1.6800000E+02 10 5.5117481E+01 1.8542724E-01 4.2483247E-01 -1.1524740E-02 1.2255512E-02 1.2877320E-02 1.2313099E-02 1.0107916E-03 2.2492905E-04 6.7813339E-03 1.8973056E-04 6.8145371E-03 6.3029772E-02 3.6593812E-02 2.3752104E-04 1.7976692E+00 1.8625655E+01 -3.9756422E-02
3.1381000E+02 2.5927000E+02 8.6700000E+00 1.6900000E+02 10 5.5117078E+01 1.8550470E-01 4.2502998E-01 -1.1587226E-02 1.2248234E-02 1.2865751E-02 1.2302921E-02 1.0083004E-03 2.2489203E-04 6.7768235E-03 1.8926294E-04 6.8081188E-03 6.3110715E-02 3.6571711E-02 2.3005320E-04 1.7959436E+00 1.8627710E+01 -3.9923821E-02
3.1381000E+02 2.5927000E+02 8.6700000E+00 1.7400000E+02 10 5.5129939E+01 1.6473318E-01 3.8792911E-01 -1.5558128E-02 9.7792752E-03 1.0853127E-02 1.0296828E-02 9.9660089E-04 1.9256036E-04 5.5237741E-03 1.8706689E-04 5.5928044E-03 6.2158495E-02 2.9199063E-02 1.7267276E-04 1.7067879E+00 1.8786653E+01 -4.8121886E-02
3.1381000E+02 2.5927000E+02 8.6700000E+00 1.7500000E+02 10 5.5125221E+01 1.7560218E-01 4.1582363E-01 -1.6508048E-02 1.1887677E-02 1.2793364E-02 1.2238355E-02 9.9429062E-04 2.1148615E-04 6.5816213E-03 1.8663324E-04 6.6265007E-03 6.1936397E-02 3.5497075E-02 2.0772688E-04 1.8733722E+00 1.8522167E+01 -3.4246407E-02
3.1381000E+02 2.5927000E+02 8.6700000E+00 1.7600000E+02 10 5.5127323E+01 1.7308401E-01 4.1321744E-01 -1.7597409E-02 1.1773080E-02 1.2766669E-02 1.2212933E-02 9.9200935E-04 2.1035187E-04 6.5211767E-03 1.8620503E-04 6.5701633E-03 6.1642165E-02 3.5155356E-02 2.0142665E-04 1.8907414E+00 1.8509539E+01 -3.3083060E-02
3.1381000E+02 2.5927000E+02 8.6700000E+00 1.8100000E+02 10 5.5083758E+01 1.6645656E-01 4.1716776E-01 -2.7776156E-02 9.2263056E-03 1.0759726E-02 1.0211991E-02 9.8125755E-04 1.7816247E-04 5.2272139E-03 1.8418687E-04 5.3203908E-03 7.1172949E-02 2.7551473E-02 1.5165784E-04 1.6641067E+00 1.8820602E+01 -5.6480860E-02
3.1381000E+02 2.5927000E+02 8.6700000E+00 1.8600000E+02 10 5.5005065E+01 1.8580043E-01 4.7728116E-01 -3.8694985E-02 9.4086368E-03 1.0810367E-02 1.0268303E-02 9.7109793E-04 1.7544672E-04 5.3158118E-03 1.8227986E-04 5.3979726E-03 8.5640864E-02 2.8094853E-02 1.4972979E-04 1.5707737E+00 1.8903825E+01 -7.3909851E-02
3.1381000E+02 2.5927000E+02 8.6700000E+00 1.9100000E+02 10 5.4930087E+01 2.0810001E-01 5.3839879E-01 -4.7798259E-02 1.0000401E-02 1.0899968E-02 1.0363275E-02 9.6147579E-04 1.7991277E-04 5.6195083E-03 1.8047373E-04 5.6659568E-03 9.9120016E-02 2.9857150E-02 1.5225410E-04 1.5061227E+00 1.8961155E+01 -8.9473953E-02
3.1381000E+02 2.5927000E+02 8.6700000E+00 1.9600000E+02 10 5.4871229E+01 2.2740667E-01 5.8844535E-01 -5.4536889E-02 1.0688015E-02 1.0990529E-02 1.0458934E-02 9.5234333E-04 1.8722436E-04 5.9744629E-03 1.7875953E-04 5.9779596E-03 1.0954338E-01 3.1904466E-02 1.5571104E-04 1.4671003E+00 1.8995407E+01 -1.0086632E-01
3.1381000E+02 2.5927000E+02 8.6700000E+00 2.0100000E+02 10 5.4828779E+01 2.4223674E-01 6.2572654E-01 -5.9272662E-02 1.1309425E-02 1.1070434E-02 1.0543687E-02 9.4365873E-04 1.9534301E-04 6.2953725E-03 1.7712939E-04 6.2591063E-03 1.1697701E-01 3.3754513E-02 1.5861003E-04 1.4444037E+00 1.9015192E+01 -1.0851322E-01
3.1381000E+02 2.5927000E+02 8.6700000E+00 2.0600000E+02 10 5.4799118E+01 2.5307902E-01 6.5249605E-01 -6.2554171E-02 1.1817437E-02 1.1139621E-02 1.0617492E-02 9.3538536E-04 2.0336501E-04 6.5571215E-03 1.7557643E-04 6.4878934E-03 1.2212530E-01 3.5266959E-02 1.6066151E-04 1.4313205E+00 1.9026512E+01 -1.1347001E-01
3.1381000E+02 2.5927000E+02 8.6700000E+00 2.1100000E+02 10 5.4778436E+01 2.6090484E-01 6.7162360E-01 -6.4847323E-02 1.2216724E-02 1.1200966E-02 1.0683243E-02 9.2749092E-04 2.1091458E-04 6.7619598E-03 1.7409461E-04 6.6666835E-03 1.2569028E-01 3.6455794E-02 1.6198719E-04 1.4237753E+00 1.9032967E+01 -1.1666288E-01
3.1381000E+02 2.5927000E+02 8.6700000E+00 2.1600000E+02 10 5.4763789E+01 2.6659681E-01 6.8547687E-01 -6.6485219E-02 1.2527767E-02 1.1257144E-02 1.0743633E-02 9.1994686E-04 2.1785777E-04 6.9205673E-03 1.7267855E-04 6.8050111E-03 1.2820158E-01 3.7382011E-02 1.6278750E-04 1.4194121E+00 1.9036634E+01 -1.1874211E-01
3.1381000E+02 2.5927000E+02 8.6700000E+00 2.2100000E+02 10 5.4753150E+01 2.7081702E-01 6.9575195E-01 -6.7689496E-02 1.2771825E-02 1.1309960E-02 1.0800479E-02 9.1272776E-04 2.2418176E-04 7.0441006E-03 1.7132349E-04 6.9126887E-03 1.3001907E-01 3.8108875E-02 1.6323634E-04 1.4168892E+00 1.9038705E+01 -1.2012557E-01
3.1381000E+02 2.5927000E+02 8.6700000E+00 2.2600000E+02 10 5.4745185E+01 2.7402510E-01 7.0359367E-01 -6.8603348E-02 1.2966285E-02 1.1360462E-02 1.0854841E-02 9.0581086E-04 2.2990981E-04 7.1417060E-03 1.7002515E-04 6.9977132E-03 1.3137669E-01 3.8688127E-02 1.6346250E-04 1.4154426E+00 1.9039854E+01 -1.2107196E-01
3.1381000E+02 2.5927000E+02 8.6700000E+00 2.3100000E+02 10 5.4739036E+01 2.7653009E-01 7.0975702E-01 -6.9318632E-02 1.3124155E-02 1.1409202E-02 1.0907285E-02 8.9917568E-04 2.3507819E-04 7.2202215E-03 1.6877970E-04 7.0660660E-03 1.3242421E-01 3.9158468E-02 1.6355573E-04 1.4146345E+00 1.9040458E+01 -1.2173951E-01
3.1381000E+02 2.5927000E+02 8.6700000E+00 2.3600000E+02 10 5.4734145E+01 2.7853782E-01 7.1473794E-01 -6.9894628E-02 1.3254812E-02 1.1456450E-02 1.0958090E-02 8.9280369E-04 2.3972963E-04 7.2845595E-03 1.6758364E-04 7.1220713E-03 1.3325758E-01 3.9547805E-02 1.6356918E-04 1.4142113E+00 1.9040749E+01 -1.2222517E-01
3.1381000E+02 2.5927000E+02 8.6700000E+00 2.4100000E+02 10 5.4730151E+01 2.8018586E-01 7.1886468E-01 -7.0370149E-02 1.3364932E-02 1.1502327E-02 1.1007386E-02 8.8667804E-04 2.4391216E-04 7.3381985E-03 1.6643383E-04 7.1688198E-03 1.3393898E-01 3.9875996E-02 1.6354021E-04 1.4140240E+00 1.9040848E+01 -1.2258905E-01
3.1381000E+02 2.5927000E+02 8.6700000E+00 2.4600000E+02 10 5.4726814E+01 2.8156750E-01 7.2235790E-01 -7.0771112E-02 1.3459274E-02 1.1546887E-02 1.1055236E-02 8.8078332E-04 2.4767092E-04 7.3836067E-03 1.6532736E-04 7.2085248E-03 1.3450938E-01 4.0157210E-02 1.6349068E-04 1.4139836E+00 1.9040834E+01 -1.2286902E-01
3.1381000E+02 2.5927000E+02 8.6700000E+00 2.5100000E+02 10 5.4723972E+01 2.8274661E-01 7.2536844E-01 -7.1115231E-02 1.3541244E-02 1.1590156E-02 1.1101675E-02 8.7510543E-04 2.5104924E-04 7.4225539E-03 1.6426159E-04 7.2427610E-03 1.3499640E-01 4.0401578E-02 1.6343376E-04 1.4140355E+00 1.9040747E+01 -1.2308956E-01
3.1381000E+02 2.5927000E+02 8.6700000E+00 2.5600000E+02 10 5.4721512E+01 2.8376763E-01 7.2800142E-01 -7.1414922E-02 1.3613281E-02 1.1632151E-02 1.1146725E-02 8.6963137E-04 2.5408598E-04 7.4563264E-03 1.6323408E-04 7.2726337E-03 1.3541910E-01 4.0616362E-02 1.6337576E-04 1.4141452E+00 1.9040621E+01 -1.2326703E-01
3.1381000E+02 2.5927000E+02 8.6700000E+00 2.6100000E+02 10 5.4719355E+01 2.8466218E-01 7.3033177E-01 -7.1679110E-02 1.3677155E-02 1.1672885E-02 1.1190408E-02 8.6434912E-04 2.5681812E-04 7.4858778E-03 1.6224258E-04 7.2989219E-03 1.3579097E-01 4.0806831E-02 1.6332082E-04 1.4142897E+00 1.9040469E+01 -1.2341269E-01
3.1381000E+02 2.5927000E+02 8.6700000E+00 2.6400000E+02 10 5.4713247E+01 2.9502100E-01 7.5131003E-01 -7.1826421E-02 1.5214491E-02 1.2604957E-02 1.2124212E-02 8.6124636E-04 2.7453107E-04 8.2701603E-03 1.6166018E-04 8.0346922E-03 1.3600513E-01 4.5393034E-02 1.8330780E-04 1.4513178E+00 1.8960108E+01 -1.1553558E-01
3.1381000E+02 2.5927000E+02 8.6700000E+00 2.6500000E+02 10 5.4707979E+01 3.0498290E-01 7.7135597E-01 -7.1874335E-02 1.6716355E-02 1.3544759E-02 1.3064587E-02 8.6021942E-04 2.8924337E-04 9.0364309E-03 1.6146742E-04 8.7565513E-03 1.3607886E-01 4.9874057E-02 2.0214942E-04 1.4905770E+00 1.8855437E+01 -1.0760454E-01
3.1381000E+02 2.5927000E+02 8.6700000E+00 2.7000000E+02 10 5.4715544E+01 2.8745378E-01 7.3701895E-01 -7.2054380E-02 1.4020981E-02 1.1927652E-02 1.1449718E-02 8.5620983E-04 2.6839184E-04 7.6565785E-03 1.6071480E-04 7.4576378E-03 1.3631875E-01 4.1832472E-02 1.6406264E-04 1.4210342E+00 1.9031722E+01 -1.2218641E-01
3.1381000E+02 2.5927000E+02 8.6700000E+00 2.7500000E+02 10 5.4712683E+01 2.9105004E-01 7.4461221E-01 -7.2221041E-02 1.4522435E-02 1.2258433E-02 1.1782803E-02 8.5208311E-04 2.7365488E-04 7.9100048E-03 1.5994019E-04 7.6957559E-03 1.3655578E-01 4.3328667E-02 1.7092340E-04 1.4325718E+00 1.9007019E+01 -1.1978208E-01
3.1381000E+02 2.5927000E+02 8.6700000E+00 2.8000000E+02 10 5.4710151E+01 2.9408555E-01 7.5114242E-01 -7.2379827E-02 1.4943337E-02 1.2554599E-02 1.2081530E-02 8.4749570E-04 2.7936632E-04 8.1217779E-03 1.5907911E-04 7.8950574E-03 1.3678225E-01 4.4584671E-02 1.7450087E-04 1.4424773E+00 1.8989863E+01 -1.1776578E-01
3.1381000E+02 2.5927000E+02 8.6700000E+00 2.8500000E+02 10 5.4708064E+01 2.9635806E-01 7.5624983E-01 -7.2528373E-02 1.5257924E-02 1.2803007E-02 1.2332494E-02 8.4291490E-04 2.8436683E-04 8.2789147E-03 1.5821927E-04 8.0436576E-03 1.3699413E-01 4.5523665E-02 1.7621740E-04 1.4500656E+00 1.8978678E+01 -1.1626102E-01
3.1381000E+02 2.5927000E+02 8.6700000E+00 2.8900000E+02 10 5.4704352E+01 3.0237124E-01 7.6883883E-01 -7.2640340E-02 1.6158272E-02 1.3417025E-02 1.2948496E-02 8.3936222E-04 2.9535919E-04 8.7359783E-03 1.5755242E-04 8.4747266E-03 1.3715677E-01 4.8210309E-02 1.8563886E-04 1.4731953E+00 1.8931882E+01 -1.1156101E-01
3.1381000E+02 2.5927000E+02 8.6700000E+00 2.9000000E+02 10 5.4696857E+01 3.1707094E-01 7.9865351E-01 -7.2667901E-02 1.8402229E-02 1.4876896E-02 1.4408858E-02 8.3848226E-04 3.1450173E-04 9.8797822E-03 1.5738724E-04 9.5557582E-03 1.3720482E-01 5.4906420E-02 2.1241915E-04 1.5356754E+00 1.8748279E+01 -9.9518370E-02
3.1381000E+02 2.5927000E+02 8.6700000E+00 2.9500000E+02 10 5.4746345E+01 2.8761876E-01 7.3024044E-01 -6.7814827E-02 1.5426256E-02 1.3063348E-02 1.2597634E-02 8.3431841E-04 2.9211466E-04 8.3576217E-03 1.5660567E-04 8.1202785E-03 1.2985534E-01 4.6026924E-02 1.7301631E-04 1.4897267E+00 1.8945356E+01 -1.0526889E-01
3.1381000E+02 2.5927000E+02 8.6700000E+00 3.0000000E+02 10 5.4809931E+01 2.7084315E-01 6.8240695E-01 -6.0109579E-02 1.5299291E-02 1.3176209E-02 1.2712696E-02 8.3037424E-04 2.8986799E-04 8.2851593E-03 1.5586533E-04 8.0626008E-03 1.1821548E-01 4.5650815E-02 1.7261942E-04 1.5507288E+00 1.8880512E+01 -8.9659349E-02
3.1381000E+02 2.5927000E+02 8.6700000E+00 3.0100000E+02 10 5.4815187E+01 2.8373117E-01 7.0699509E-01 -5.8481254E-02 1.7867264E-02 1.5102433E-02 1.4639356E-02 8.2959401E-04 3.1145810E-04 9.5866789E-03 1.5571888E-04 9.3093784E-03 1.1576894E-01 5.3317585E-02 2.0660628E-04 1.6609978E+00 1.8621845E+01 -7.1970338E-02
3.1381000E+02 2.5927000E+02 8.6700000E+00 3.0200000E+02 10 5.4829444E+01 2.7932664E-01 6.9536433E-01 -5.6797741E-02 1.7743314E-02 1.5112850E-02 1.4650204E-02 8.2882215E-04 3.1338834E-04 9.5207920E-03 1.5557399E-04 9.2517609E-03 1.1322542E-01 5.2948806E-02 2.0340410E-04 1.6771066E+00 1.8620721E+01 -6.8989595E-02
3.1381000E+02 2.5927000E+02 8.6700000E+00 3.0300000E+02 10 5.4846177E+01 2.7348101E-01 6.8056263E-01 -5.4867083E-02 1.7490294E-02 1.5075985E-02 1.4610776E-02 8.3341418E-04 3.1434920E-04 9.3918189E-03 1.5643594E-04 9.1368551E-03 1.1029743E-01 5.2195066E-02 1.9909350E-04 1.6923661E+00 1.8623593E+01 -6.6101432E-02
3.1381000E+02 2.5927000E+02 8.6700000E+00 3.0800000E+02 10 5.4922643E+01 2.3386104E-01 5.8568085E-01 -4.6949115E-02 1.3903029E-02 1.2916797E-02 1.2450360E-02 8.3561431E-04 2.7695047E-04 7.5594876E-03 1.5684892E-04 7.4145757E-03 9.8307636E-02 4.1492372E-02 1.5408465E-04 1.6424937E+00 1.8811475E+01 -6.8742310E-02
3.1381000E+02 2.5927000E+02 8.6700000E+00 3.1300000E+02 10 5.4972565E+01 2.1646031E-01 5.4155847E-01 -4.1194326E-02 1.3140113E-02 1.2809051E-02 1.2341492E-02 8.3762436E-04 2.6304091E-04 7.1605132E-03 1.5722621E-04 7.0620418E-03 8.9601101E-02 3.9220767E-02 1.4956872E-04 1.6874220E+00 1.8764168E+01 -6.0222402E-02
3.1381000E+02 2.5927000E+02 8.6700000E+00 3.1800000E+02 10 5.5007497E+01 2.0394307E-01 5.1051188E-01 -3.7192929E-02 1.2570753E-02 1.2793682E-02 1.2324281E-02 8.4092430E-04 2.5145807E-04 6.8621509E-03 1.5784563E-04 6.8022932E-03 8.3539787E-02 3.7525873E-02 1.4567655E-04 1.7226941E+00 1.8726470E+01 -5.4332331E-02
3.1381000E+02 2.5927000E+02 8.6700000E+00 3.2300000E+02 10 5.5031767E+01 1.9481409E-01 4.8851053E-01 -3.4444787E-02 1.2118855E-02 1.2815485E-02 1.2344008E-02 8.4464368E-04 2.4114902E-04 6.6254959E-03 1.5854377E-04 6.5975045E-03 7.9370331E-02 3.6180591E-02 1.4216023E-04 1.7476986E+00 1.8699970E+01 -5.0462025E-02
3.1381000E+02 2.5927000E+02 8.6700000E+00 3.2800000E+02 10 5.5048784E+01 1.8802988E-01 4.7263989E-01 -3.2546291E-02 1.1748933E-02 1.2845984E-02 1.2372632E-02 8.4800354E-04 2.3200143E-04 6.4320999E-03 1.5917444E-04 6.4298608E-03 7.6485040E-02 3.5079108E-02 1.3908422E-04 1.7641768E+00 1.8682743E+01 -4.7984975E-02
3.1381000E+02 2.5927000E+02 8.6700000E+00 3.2900000E+02 10 5.5046033E+01 1.9859598E-01 4.9766598E-01 -3.2197541E-02 1.3723258E-02 1.4742510E-02 1.4268793E-02 8.4865535E-04 2.4807895E-04 7.4239745E-03 1.5929678E-04 7.4008795E-03 7.5970396E-02 4.0977379E-02 1.6924233E-04 1.9117730E+00 1.8409309E+01 -3.5448813E-02
3.1381000E+02 2.5927000E+02 8.6700000E+00 3.3000000E+02 10 5.5049005E+01 1.9725445E-01 4.9460868E-01 -3.1876916E-02 1.3632957E-02 1.4729888E-02 1.4255822E-02 8.4928182E-04 2.4795938E-04 7.3776671E-03 1.5941437E-04 7.3585348E-03 7.5481805E-02 4.0708006E-02 1.6654331E-04 1.9140246E+00 1.8420063E+01 -3.5179544E-02
3.1381000E+02 2.5927000E+02 8.6700000E+00 3.3500000E+02 10 5.5041531E+01 1.8836900E-01 4.7229485E-01 -3.1205253E-02 1.1156001E-02 1.2765373E-02 1.2290081E-02 8.5147799E-04 2.2070418E-04 6.1256670E-03 1.5982661E-04 6.1538740E-03 7.8200473E-02 3.3311531E-02 1.3137771E-04 1.6945876E+00 1.8761410E+01 -5.5380272E-02
3.1381000E+02 2.5927000E+02 8.6700000E+00 3.4000000E+02 10 5.5012343E+01 1.9959280E-01 4.9421895E-01 -3.1063769E-02 1.1211861E-02 1.2762167E-02 1.2286212E-02 8.5266591E-04 2.1750070E-04 6.1568312E-03 1.6004959E-04 6.1792199E-03 8.3517592E-02 3.3477060E-02 1.3434879E-04 1.6164020E+00 1.8835582E+01 -6.6061862E-02
3.1381000E+02 2.5927000E+02 8.6700000E+00 3.4500000E+02 10 5.4982165E+01 2.1297473E-01 5.1984814E-01 -3.1095092E-02 1.1584558E-02 1.2794953E-02 1.2318864E-02 8.5290469E-04 2.1980166E-04 6.3538362E-03 1.6009441E-04 6.3506722E-03 8.8800487E-02 3.4585998E-02 1.3938865E-04 1.5610675E+00 1.8887630E+01 -7.5154065E-02
3.1381000E+02 2.5927000E+02 8.6700000E+00 3.5000000E+02 10 5.4957621E+01 2.2481972E-01 5.4214267E-01 -3.1133795E-02 1.2043453E-02 1.2835177E-02 1.2359417E-02 8.5231633E-04 2.2397376E-04 6.5959003E-03 1.5998397E-04 6.5610905E-03 9.2989541E-02 3.5951520E-02 1.4437928E-04 1.5263225E+00 1.8920276E+01 -8.1666324E-02
3.1381000E+02 2.5927000E+02 8.6700000E+00 3.5500000E+02 10 5.4939722E+01 2.3403194E-01 5.5920531E-01 -3.1133470E-02 1.2464692E-02 1.2870642E-02 1.2395592E-02 8.5104394E-04 2.2809000E-04 6.8178982E-03 1.5974513E-04 6.7534040E-03 9.5984961E-02 3.7204974E-02 1.4846112E-04 1.5053422E+00 1.8940095E+01 -8.5964276E-02
3.1381000E+02 2.5927000E+02 8.6700000E+00 3.6000000E+02 10 5.4927319E+01 2.4078053E-01 5.7150968E-01 -3.1095103E-02 1.2808030E-02 1.2898822E-02 1.2424785E-02 8.4922855E-04 2.3152199E-04 6.9985628E-03 1.5940438E-04 6.9093354E-03 9.8025927E-02 3.8226631E-02 1.5153319E-04 1.4927821E+00 1.8952055E+01 -8.8696601E-02
3.1381000E+02 2.5927000E+02 8.6700000E+00 3.6500000E+02 10 5.4918893E+01 2.4560649E-01 5.8017332E-01 -3.1031585E-02 1.3073430E-02 1.2920753E-02 1.2447962E-02 8.4699761E-04 2.3424000E-04 7.1378898E-03 1.5898562E-04 7.0290436E-03 9.9391650E-02 3.9016400E-02 1.5376209E-04 1.4852130E+00 1.8959318E+01 -9.0413055E-02
3.1381000E+02 2.5927000E+02 8.6700000E+00 3.7000000E+02 10 5.4913174E+01 2.4904740E-01 5.8625626E-01 -3.0955033E-02 1.3274510E-02 1.2938165E-02 1.2466790E-02 8.4446040E-04 2.3642045E-04 7.2431149E-03 1.5850937E-04 7.1189022E-03 1.0030581E-01 3.9614811E-02 1.5535770E-04 1.4805775E+00 1.8963797E+01 -9.1495889E-02
3.1381000E+02 2.5927000E+02 8.6700000E+00 3.7500000E+02 10 5.4909251E+01 2.5152606E-01 5.9057198E-01 -3.0873913E-02 1.3426656E-02 1.2952526E-02 1.2482688E-02 8.4170735E-04 2.3824432E-04 7.3224155E-03 1.5799261E-04 7.1860558E-03 1.0092526E-01 4.0067637E-02 1.5649830E-04 1.4776724E+00 1.8966622E+01 -9.2189326E-02
3.1381000E+02 2.5927000E+02 8.6700000E+00 3.8000000E+02 10 5.4906508E+01 2.5334452E-01 5.9369200E-01 -3.0793362E-02 1.3542882E-02 1.2964877E-02 1.2496655E-02 8.3881128E-04 2.3983787E-04 7.3827025E-03 1.5744900E-04 7.2365465E-03 1.0135361E-01 4.0413594E-02 1.5731820E-04 1.4757989E+00 1.8968458E+01 -9.2643629E-02
3.1381000E+02 2.5927000E+02 8.6700000E+00 3.8500000E+02 10 5.4904544E+01 2.5470962E-01 5.9600215E-01 -3.0716188E-02 1.3633081E-02 1.2975896E-02 1.2509339E-02 8.3582948E-04 2.4128055E-04 7.4292174E-03 1.5688930E-04 7.2749816E-03 1.0165755E-01 4.0682111E-02 1.5791466E-04 1.4745501E+00 1.8969690E+01 -9.2949862E-02
3.1381000E+02 2.5927000E+02 8.6700000E+00 3.9000000E+02 10 5.4903099E+01 2.5576059E-01 5.9775879E-01 -3.0643739E-02 1.3704430E-02 1.2986009E-02 1.2521139E-02 8.3280614E-04 2.4261575E-04 7.4657478E-03 1.5632181E-04 7.3047219E-03 1.0187958E-01 4.0894537E-02 1.5835476E-04 1.4736869E+00 1.8970550E+01 -9.3163092E-02
3.1381000E+02 2.5927000E+02 8.6700000E+00 3.9500000E+02 10 5.4902005E+01 2.5659072E-01 5.9913171E-01 -3.0576508E-02 1.3762025E-02 1.2995475E-02 1.2532298E-02 8.2977463E-04 2.4386482E-04 7.4949722E-03 1.5575278E-04 7.3281677E-03 1.0204686E-01 4.1066031E-02 1.5868486E-04 1.4730672E+00 1.8971172E+01 -9.3316838E-02
3.1381000E+02 2.5927000E+02 8.6700000E+00 4.0000000E+02 10 5.4901154E+01 2.5726282E-01 6.0023389E-01 -3.0514518E-02 1.3809460E-02 1.3004447E-02 1.2542952E-02 8.2675960E-04 2.4503738E-04 7.5187751E-03 1.5518684E-04 7.3470183E-03 1.0217689E-01 4.1207285E-02 1.5893662E-04 1.4726049E+00 1.8971641E+01 -9.3431743E-02
3.1381000E+02 2.5927000E+02 8.6700000E+00 4.0500000E+02 10 5.4900472E+01 2.5781961E-01 6.0114123E-01 -3.0457550E-02 1.3849273E-02 1.3013010E-02 1.2553180E-02 8.2377875E-04 2.4613802E-04 7.5384895E-03 1.5462732E-04 7.3624723E-03 1.0228105E-01 4.1325850E-02 1.5913188E-04 1.4722469E+00 1.8972009E+01 -9.3520726E-02
3.1381000E+02 2.5927000E+02 8.6700000E+00 4.1000000E+02 10 5.4899912E+01 2.5829051E-01 6.0190534E-01 -3.0405271E-02 1.3883268E-02 1.3021212E-02 1.2563019E-02 8.2084441E-04 2.4716951E-04 7.5550684E-03 1.5407653E-04 7.3753764E-03 1.0236685E-01 4.1427095E-02 1.5928568E-04 1.4719600E+00 1.8972307E+01 -9.3592015E-02
3.1381000E+02 2.5927000E+02 8.6700000E+00 4.1200000E+02 10 5.4892790E+01 2.7236022E-01 6.3053298E-01 -3.0385086E-02 1.6055397E-02 1.4394390E-02 1.3936848E-02 8.1967878E-04 2.6901717E-04 8.6647755E-03 1.5385774E-04 8.4185785E-03 1.0240909E-01 4.7908333E-02 1.8810593E-04 1.5408040E+00 1.8821832E+01 -8.2084580E-02
3.1381000E+02 2.5927000E+02 8.6700000E+00 4.1700000E+02 10 5.4899883E+01 2.5760817E-01 6.0047875E-01 -3.0338791E-02 1.3744197E-02 1.2941581E-02 1.2485633E-02 8.1682200E-04 2.4877098E-04 7.4825084E-03 1.5332151E-04 7.3042085E-03 1.0246511E-01 4.1011923E-02 1.5552883E-04 1.4665505E+00 1.8985124E+01 -9.4585034E-02
3.1381000E+02 2.5927000E+02 8.6700000E+00 4.2200000E+02 10 5.4899516E+01 2.5792059E-01 6.0092460E-01 -3.0296293E-02 1.3762494E-02 1.2936705E-02 1.2482318E-02 8.1402638E-04 2.4792642E-04 7.4908127E-03 1.5279675E-04 7.3100344E-03 1.0252487E-01 4.1066373E-02 1.5725039E-04 1.4660624E+00 1.8982479E+01 -9.4682002E-02
3.1381000E+02 2.5927000E+02 8.6700000E+00 4.2700000E+02 10 5.4899013E+01 2.5855826E-01 6.0199428E-01 -3.0257246E-02 1.3830895E-02 1.2958332E-02 1.2505471E-02 8.1129370E-04 2.4854543E-04 7.5249519E-03 1.5228382E-04 7.3397595E-03 1.0257773E-01 4.1270218E-02 1.5846393E-04 1.4671014E+00 1.8979353E+01 -9.4505576E-02
3.1381000E+02 2.5927000E+02 8.6700000E+00 4.2900000E+02 10 5.4891858E+01 2.7279361E-01 6.3088151E-01 -3.0242159E-02 1.6028039E-02 1.4334633E-02 1.3882376E-02 8.1021076E-04 2.7049080E-04 8.6479265E-03 1.5208054E-04 8.3945502E-03 1.0260842E-01 4.7825949E-02 1.8784303E-04 1.5361355E+00 1.8828825E+01 -8.2861181E-02
3.1381000E+02 2.5927000E+02 8.6700000E+00 4.3000000E+02 10 5.4889640E+01 2.7718000E-01 6.3982555E-01 -3.0234745E-02 1.6701845E-02 1.4778950E-02 1.4326993E-02 8.0967184E-04 2.7864190E-04 8.9918293E-03 1.5197939E-04 8.7183102E-03 1.0262067E-01 4.9836602E-02 1.9473514E-04 1.5593463E+00 1.8772912E+01 -7.9255797E-02
3.1381000E+02 2.5927000E+02 8.6700000E+00 4.3500000E+02 10 5.4898258E+01 2.5991025E-01 6.0493400E-01 -3.0195247E-02 1.4044221E-02 1.3132750E-02 1.2679089E-02 8.1272518E-04 2.5681283E-04 7.6356610E-03 1.5255251E-04 7.4424849E-03 1.0259853E-01 4.1906373E-02 1.5808751E-04 1.4734170E+00 1.8973068E+01 -9.3391042E-02
3.1381000E+02 2.5927000E+02 8.6700000E+00 4.3600000E+02 10 5.4888770E+01 2.7897574E-01 6.4373331E-01 -3.0187640E-02 1.6989853E-02 1.5031081E-02 1.4577152E-02 8.1320674E-04 2.8173621E-04 9.1402400E-03 1.5264291E-04 8.8608170E-03 1.0261233E-01 5.0696468E-02 1.9876758E-04 1.5702319E+00 1.8735764E+01 -7.7604871E-02
3.1381000E+02 2.5927000E+02 8.6700000E+00 4.3700000E+02 10 5.4889427E+01 2.7916470E-01 6.4376498E-01 -3.0000051E-02 1.7037642E-02 1.5064568E-02 1.4610564E-02 8.1334026E-04 2.8564171E-04 9.1652046E-03 1.5266797E-04 8.8833182E-03 1.0246125E-01 5.0838812E-02 1.9711455E-04 1.5723472E+00 1.8742946E+01 -7.7227009E-02
3.1381000E+02 2.5927000E+02 8.6700000E+00 4.3800000E+02 10 5.4891963E+01 2.7892960E-01 6.4217706E-01 -2.9415352E-02 1.7063707E-02 1.5088232E-02 1.4634223E-02 8.1335009E-04 2.8852783E-04 9.1788295E-03 1.5266981E-04 8.8954672E-03 1.0197491E-01 5.0916398E-02 1.9593575E-04 1.5746025E+00 1.8746979E+01 -7.6677584E-02
3.1381000E+02 2.5927000E+02 8.6700000E+00 4.4300000E+02 10 5.4951565E+01 2.5454853E-01 5.7034509E-01 -1.8071669E-02 1.4499416E-02 1.3472063E-02 1.3020387E-02 8.0917083E-04 2.6482090E-04 7.8654820E-03 1.5188534E-04 7.6591882E-03 9.2430135E-02 4.3264651E-02 1.6198290E-04 1.5074270E+00 1.8930586E+01 -8.2466204E-02
3.1381000E+02 2.5927000E+02 8.6700000E+00 4.4400000E+02 10 5.4954211E+01 2.7081991E-01 5.9890442E-01 -1.5507194E-02 1.7307419E-02 1.5374277E-02 1.4922911E-02 8.0861490E-04 2.8761549E-04 9.2962803E-03 1.5178099E-04 9.0140088E-03 9.0285039E-02 5.1645461E-02 2.0015213E-04 1.6187410E+00 1.8670847E+01 -6.5453294E-02
3.1381000E+02 2.5927000E+02 8.6700000E+00 4.4500000E+02 10 5.4966934E+01 2.6900202E-01 5.8981014E-01 -1.2689071E-02 1.7334265E-02 1.5420010E-02 1.4968791E-02 8.0835008E-04 2.9051009E-04 9.3093978E-03 1.5173129E-04 9.0272168E-03 8.7908495E-02 5.1725705E-02 1.9852291E-04 1.6279769E+00 1.8671078E+01 -6.3283799E-02
3.1381000E+02 2.5927000E+02 8.6700000E+00 4.5000000E+02 10 5.5034482E+01 2.4480146E-01 5.1473490E-01 5.3893927E-04 1.5015770E-02 1.3977912E-02 1.3527250E-02 8.0735425E-04 2.7053852E-04 8.1236545E-03 1.5154436E-04 7.9115868E-03 7.6737937E-02 4.4807275E-02 1.6771065E-04 1.5660913E+00 1.8855520E+01 -6.6340413E-02
3.1381000E+02 2.5927000E+02 8.6700000E+00 4.5300000E+02 10 5.5063689E+01 2.4869905E-01 5.0927562E-01 7.9644277E-03 1.6469653E-02 1.5128108E-02 1.4677912E-02 8.0651834E-04 2.8312938E-04 8.8600887E-03 1.5138746E-04 8.6175675E-03 7.0483697E-02 4.9148349E-02 1.8638752E-04 1.6549625E+00 1.8700123E+01 -5.2959969E-02
3.1381000E+02 2.5927000E+02 8.6700000E+00 4.5400000E+02 10 5.5070876E+01 2.5454506E-01 5.1759836E-01 1.0372354E-02 1.7683389E-02 1.6121786E-02 1.5671779E-02 8.0618042E-04 2.9270009E-04 9.4741995E-03 1.5132403E-04 9.2083467E-03 6.8458949E-02 5.2772818E-02 1.9978521E-04 1.7335092E+00 1.8525876E+01 -4.4373755E-02
3.1381000E+02 2.5927000E+02 8.6700000E+00 4.5900000E+02 10 5.5129187E+01 2.2876457E-01 4.4341092E-01 2.1233690E-02 1.4825226E-02 1.4259574E-02 1.3811687E-02 8.0238224E-04 2.6573186E-04 8.0133954E-03 1.5061109E-04 7.8279239E-03 5.9311438E-02 4.4242924E-02 1.6339569E-04 1.6188446E+00 1.8806216E+01 -5.2179607E-02
3.1381000E+02 2.5927000E+02 8.6700000E+00 4.6400000E+02 10 5.5166636E+01 2.2095760E-01 4.1284292E-01 2.9259852E-02 1.4519491E-02 1.4262140E-02 1.3816262E-02 7.9878285E-04 2.5779598E-04 7.8501032E-03 1.4993547E-04 7.6839063E-03 5.2574046E-02 4.3332730E-02 1.6187327E-04 1.6321995E+00 1.8791513E+01 -4.7893609E-02
3.1381000E+02 2.5927000E+02 8.6700000E+00 4.6900000E+02 10 5.5193450E+01 2.1539382E-01 3.9111414E-01 3.5019961E-02 1.4309119E-02 1.4292029E-02 1.3847972E-02 7.9552098E-04 2.5144921E-04 7.7370162E-03 1.4932320E-04 7.5844612E-03 4.7750417E-02 4.2706502E-02 1.6079831E-04 1.6435784E+00 1.8778335E+01 -4.4752281E-02
3.1381000E+02 2.5927000E+02 8.6700000E+00 4.7400000E+02 10 5.5212735E+01 2.1128396E-01 3.7539112E-01 3.9160374E-02 1.4142562E-02 1.4326477E-02 1.3884191E-02 7.9234896E-04 2.4599805E-04 7.6471001E-03 1.4872780E-04 7.5052382E-03 4.4295215E-02 4.2210620E-02 1.5975642E-04 1.6518576E+00 1.8768872E+01 -4.2557038E-02
3.1381000E+02 2.5927000E+02 8.6700000E+00 4.7900000E+02 10 5.5226801E+01 2.0814161E-01 3.6373419E-01 4.2172813E-02 1.3998659E-02 1.4354086E-02 1.3913531E-02 7.8924647E-04 2.4123928E-04 7.5692578E-03 1.4814544E-04 7.4363622E-03 4.1792543E-02 4.1782040E-02 1.5873109E-04 1.6571033E+00 1.8763014E+01 -4.1070461E-02
3.1381000E+02 2.5927000E+02 8.6700000E+00 4.8100000E+02 10 5.5226579E+01 2.1734497E-01 3.8258187E-01 4.3224670E-02 1.5658000E-02 1.5722343E-02 1.5282474E-02 7.8801813E-04 2.5310129E-04 8.4089800E-03 1.4791488E-04 8.2425907E-03 4.0930482E-02 4.6736749E-02 1.8098366E-04 1.7840374E+00 1.8544172E+01 -3.0928359E-02
3.1381000E+02 2.5927000E+02 8.6700000E+00 4.8200000E+02 10 5.5227385E+01 2.1980576E-01 3.8748868E-01 4.3715483E-02 1.6133737E-02 1.6167397E-02 1.5727868E-02 7.8740742E-04 2.5631033E-04 8.6486685E-03 1.4780025E-04 8.4745646E-03 4.0526442E-02 4.8157535E-02 1.8587492E-04 1.8313434E+00 1.8457575E+01 -2.7791845E-02
3.1381000E+02 2.5927000E+02 8.6700000E+00 4.8700000E+02 10 5.5244459E+01 2.0163294E-01 3.4441326E-01 4.5664423E-02 1.3383115E-02 1.4105161E-02 1.3667433E-02 7.8418273E-04 2.3277515E-04 7.2491521E-03 1.4719495E-04 7.1387607E-03 3.8909012E-02 3.9945376E-02 1.5019537E-04 1.6363374E+00 1.8800718E+01 -4.1764084E-02
3.1381000E+02 2.5927000E+02 8.6700000E+00 4.9200000E+02 10 5.5251811E+01 1.9910197E-01 3.3640146E-01 4.7149971E-02 1.3142902E-02 1.3958691E-02 1.3522594E-02 7.8126178E-04 2.2696252E-04 7.1242624E-03 1.4664668E-04 7.0212488E-03 3.7695293E-02 3.9228605E-02 1.5014048E-04 1.6273273E+00 1.8808116E+01 -4.2074903E-02
3.1381000E+02 2.5927000E+02 8.6700000E+00 4.9700000E+02 10 5.5257189E+01 1.9778878E-01 3.3133139E-01 4.8307146E-02 1.3046921E-02 1.3876978E-02 1.3442302E-02 7.7871432E-04 2.2365114E-04 7.0744939E-03 1.4616851E-04 6.9720709E-03 3.6755388E-02 3.8941923E-02 1.5060616E-04 1.6249132E+00 1.8808606E+01 -4.1895647E-02
3.1381000E+02 2.5927000E+02 8.6700000E+00 5.0200000E+02 10 5.5261367E+01 1.9696049E-01 3.2768618E-01 4.9234068E-02 1.3000625E-02 1.3826480E-02 1.3393116E-02 7.7636492E-04 2.2152039E-04 7.0504793E-03 1.4572751E-04 6.9467101E-03 3.6007492E-02 3.8803509E-02 1.5089941E-04 1.6245599E+00 1.8807708E+01 -4.1609067E-02
3.1381000E+02 2.5927000E+02 8.6700000E+00 5.0500000E+02 10 5.5260059E+01 2.0356913E-01 3.4126265E-01 4.9723492E-02 1.4142617E-02 1.4677770E-02 1.4245163E-02 7.7500718E-04 2.3119358E-04 7.6309445E-03 1.4547266E-04 7.4977920E-03 3.5621146E-02 4.2212428E-02 1.6670117E-04 1.7017143E+00 1.8682520E+01 -3.4993807E-02
3.1381000E+02 2.5927000E+02 8.6700000E+00 5.0600000E+02 10 5.5257482E+01 2.1001577E-01 3.5539947E-01 4.9879761E-02 1.5230917E-02 1.5563459E-02 1.5131103E-02 7.7455985E-04 2.3902601E-04 8.1823280E-03 1.4538869E-04 8.0264306E-03 3.5501848E-02 4.5462035E-02 1.8062210E-04 1.7909728E+00 1.8520327E+01 -2.8732318E-02
3.1381000E+02 2.5927000E+02 8.6700000E+00 5.1100000E+02 10 5.5268664E+01 1.9313649E-01 3.1707561E-01 5.0573543E-02 1.2523514E-02 1.3492252E-02 1.3061404E-02 7.7185793E-04 2.1651362E-04 6.8061349E-03 1.4488153E-04 6.7109500E-03 3.4936951E-02 3.7378912E-02 1.4378825E-04 1.6004173E+00 1.8846543E+01 -4.3400913E-02
3.1381000E+02 2.5927000E+02 8.6700000E+00 5.1600000E+02 10 5.5271523E+01 1.9210856E-01 3.1343469E-01 5.1160831E-02 1.2399386E-02 1.3341591E-02 1.2912047E-02 7.6952045E-04 2.1301479E-04 6.7429234E-03 1.4444277E-04 6.6475434E-03 3.4474414E-02 3.7008146E-02 1.4478927E-04 1.5934014E+00 1.8851296E+01 -4.3860597E-02
3.1381000E+02 2.5927000E+02 8.6700000E+00 5.2100000E+02 10 5.5273658E+01 1.9186131E-01 3.1149088E-01 5.1666349E-02 1.2384446E-02 1.3255571E-02 1.2827205E-02 7.6741041E-04 2.1149269E-04 6.7361002E-03 1.4404671E-04 6.6363235E-03 3.4078299E-02 3.6963077E-02 1.4584762E-04 1.5920960E+00 1.8850562E+01 -4.3802595E-02
3.1381000E+02 2.5927000E+02 8.6700000E+00 5.2600000E+02 10 5.5275446E+01 1.9179419E-01 3.1010538E-01 5.2109451E-02 1.2393924E-02 1.3198862E-02 1.2771636E-02 7.6536849E-04 2.1069570E-04 6.7415114E-03 1.4366343E-04 6.6372464E-03 3.3733399E-02 3.6990987E-02 1.4649721E-04 1.5922512E+00 1.8849176E+01 -4.3628357E-02
3.1381000E+02 2.5927000E+02 8.6700000E+00 5.3100000E+02 10 5.5277036E+01 1.9171462E-01 3.0886926E-01 5.2503048E-02 1.2400215E-02 1.3153575E-02 1.2727465E-02 7.6336885E-04 2.1007791E-04 6.7449337E-03 1.4328809E-04 6.6371181E-03 3.3429106E-02 3.7009512E-02 1.4679366E-04 1.5923784E+00 1.8848441E+01 -4.3476441E-02
3.1381000E+02 2.5927000E+02 8.6700000E+00 5.3600000E+02 10 5.5278481E+01 1.9159637E-01 3.0768789E-01 5.2856230E-02 1.2399205E-02 1.3112659E-02 1.2687639E-02 7.6141681E-04 2.0947150E-04 6.7443686E-03 1.4292168E-04 6.6338392E-03 3.3157808E-02 3.7006325E-02 1.4689034E-04 1.5921811E+00 1.8848361E+01 -4.3371184E-02
3.1381000E+02 2.5927000E+02 8.6700000E+00 5.4100000E+02 10 5.5279799E+01 1.9145501E-01 3.0655902E-01 5.3175678E-02 1.2393010E-02 1.3073890E-02 1.2649928E-02 7.5951967E-04 2.0885170E-04 6.7410119E-03 1.4256558E-04 6.6283028E-03 3.2913880E-02 3.6987699E-02 1.4689241E-04 1.5917193E+00 1.8848707E+01 -4.3303801E-02
3.1381000E+02 2.5927000E+02 8.6700000E+00 5.4600000E+02 10 5.5281004E+01 1.9130744E-01 3.0549444E-01 5.3466491E-02 1.2384159E-02 1.3036773E-02 1.2613838E-02 7.5767999E-04 2.0823663E-04 6.7362307E-03 1.4222026E-04 6.6216444E-03 3.2693050E-02 3.6961162E-02 1.4685666E-04 1.5911039E+00 1.8849272E+01 -4.3261555E-02
3.1381000E+02 2.5927000E+02 8.6700000E+00 5.5100000E+02 10 5.5282108E+01 1.9116429E-01 3.0450109E-01 5.3732676E-02 1.2374359E-02 1.3001291E-02 1.2579352E-02 7.5589565E-04 2.0764509E-04 6.7309349E-03 1.4188533E-04 6.6146401E-03 3.2491993E-02 3.6931799E-02 1.4680787E-04 1.5904183E+00 1.8849941E+01 -4.3234903E-02
3.1381000E+02 2.5927000E+02 8.6700000E+00 5.5600000E+02 10 5.5283121E+01 1.9103064E-01 3.0357963E-01 5.3977448E-02 1.2364553E-02 1.2967486E-02 1.2546515E-02 7.5416156E-04 2.0709102E-04 6.7256217E-03 1.4155983E-04 6.6077183E-03 3.2308067E-02 3.6902419E-02 1.4675748E-04 1.5897126E+00 1.8850639E+01 -4.3217866E-02
3.1381000E+02 2.5927000E+02 8.6700000E+00 5.6100000E+02 10 5.5284052E+01 1.9090848E-01 3.0272703E-01 5.4203435E-02 1.2355205E-02 1.2935355E-02 1.2515328E-02 7.5247133E-04 2.0657955E-04 6.7205399E-03 1.4124257E-04 6.6010820E-03 3.2139135E-02 3.6874406E-02 1.4670868E-04 1.5890138E+00 1.8851341E+01 -4.3206910E-02
3.1381000E+02 2.5927000E+02 8.6700000E+00 5.6600000E+02 10 5.5284911E+01 1.9079799E-01 3.0193838E-01 5.4412811E-02 1.2346505E-02 1.2904847E-02 1.2485742E-02 7.5081840E-04 2.0611317E-04 6.7157904E-03 1.4093231E-04 6.5948094E-03 3.1983442E-02 3.6848328E-02 1.4666350E-04 1.5883349E+00 1.8852022E+01 -4.3200022E-02
3.1381000E+02 2.5927000E+02 8.6700000E+00 5.7100000E+02 10 5.5285706E+01 1.9069868E-01 3.0120831E-01 5.4607398E-02 1.2338506E-02 1.2875877E-02 1.2457678E-02 7.4919669E-04 2.0568957E-04 6.7114002E-03 1.4062790E-04 6.5889174E-03 3.1839522E-02 3.6824343E-02 1.4662115E-04 1.5876812E+00 1.8852683E+01 -4.3196039E-02
3.1381000E+02 2.5927000E+02 8.6700000E+00 5.7600000E+02 10 5.5286442E+01 1.9060962E-01 3.0053145E-01 5.4788741E-02 1.2331190E-02 1.2848349E-02 1.2431041E-02 7.4760087E-04 2.0530717E-04 6.7073601E-03 1.4032836E-04 6.5833909E-03 3.1706141E-02 3.6802399E-02 1.4658225E-04 1.5870539E+00 1.8853314E+01 -4.3194291E-02
3.1381000E+02 2.5927000E+02 8.6700000E+00 5.8100000E+02 10 5.5287125E+01 1.9053013E-01 2.9990312E-01 5.4958159E-02 1.2324534E-02 1.2822162E-02 1.2405732E-02 7.4602643E-04 2.0496198E-04 6.7036600E-03 1.4003283E-04 6.5782098E-03 3.1582242E-02 3.6782425E-02 1.4654563E-04 1.5864533E+00 1.8853923E+01 -4.3194281E-02
3.1381000E+02 2.5927000E+02 8.6700000E+00 5.8200000E+02 10 5.5279816E+01 2.0547320E-01 3.3217176E-01 5.4991575E-02 1.4762466E-02 1.4612007E-02 1.4195753E-02 7.4571237E-04 2.2347215E-04 7.9439686E-03 1.3997388E-04 7.7574970E-03 3.1572222E-02 4.4060435E-02 1.8099763E-04 1.7545311E+00 1.8554503E+01 -2.9757645E-02
3.1381000E+02 2.5927000E+02 8.6700000E+00 5.8700000E+02 10 5.5288229E+01 1.8965414E-01 2.9775726E-01 5.5123480E-02 1.2203239E-02 1.2740012E-02 1.2323206E-02 7.4670039E-04 2.0518839E-04 6.6428364E-03 1.4015934E-04 6.5194899E-03 3.1445687E-02 3.6420140E-02 1.4372931E-04 1.5801782E+00 1.8865679E+01 -4.3742088E-02
3.1381000E+02 2.5927000E+02 8.6700000E+00 5.9200000E+02 10 5.5288858E+01 1.8945298E-01 2.9693895E-01 5.5255784E-02 1.2177085E-02 1.2698508E-02 1.2281564E-02 7.4694846E-04 2.0439272E-04 6.6301409E-03 1.4020590E-04 6.5065423E-03 3.1339792E-02 3.6342001E-02 1.4449887E-04 1.5785586E+00 1.8865504E+01 -4.3849324E-02
3.1381000E+02 2.5927000E+02 8.6700000E+00 5.9700000E+02 10 5.5289289E+01 1.8956777E-01 2.9676502E-01 5.5376930E-02 1.2197694E-02 1.2685433E-02 1.2268229E-02 7.4741442E-04 2.0438057E-04 6.6417328E-03 1.4029336E-04 6.5159617E-03 3.1241262E-02 3.6403317E-02 1.4516075E-04 1.5794628E+00 1.8863165E+01 -4.3715358E-02
3.1381000E+02 2.5927000E+02 8.6700000E+00 6.0200000E+02 10 5.5289675E+01 1.8969147E-01 2.9668658E-01 5.5487502E-02 1.2221774E-02 1.2684197E-02 1.2266669E-02 7.4799439E-04 2.0456519E-04 6.6550322E-03 1.4040223E-04 6.5273058E-03 3.1150214E-02 3.6475048E-02 1.4552315E-04 1.5807577E+00 1.8861004E+01 -4.3548567E-02
3.1381000E+02 2.5927000E+02 8.6700000E+00 6.0700000E+02 10 5.5290064E+01 1.8974379E-01 2.9652852E-01 5.5590307E-02 1.2236578E-02 1.2684944E-02 1.2267154E-02 7.4846507E-04 2.0471154E-04 6.6633631E-03 1.4049057E-04 6.5342899E-03 3.1065931E-02 3.6519153E-02 1.4564519E-04 1.5816879E+00 1.8859637E+01 -4.3421208E-02
3.1381000E+02 2.5927000E+02 8.6700000E+00 6.1200000E+02 10 5.5290458E+01 1.8973464E-01 2.9628363E-01 5.5687552E-02 1.2242410E-02 1.2683970E-02 1.2266054E-02 7.4869080E-04 2.0477902E-04 6.6668739E-03 1.4053295E-04 6.5368620E-03 3.0987614E-02 3.6536515E-02 1.4563688E-04 1.5821725E+00 1.8858951E+01 -4.3339904E-02
3.1381000E+02 2.5927000E+02 8.6700000E+00 6.1700000E+02 10 5.5290847E+01 1.8969054E-01 2.9598554E-01 5.5780671E-02 1.2242466E-02 1.2680504E-02 1.2262631E-02 7.4861374E-04 2.0478517E-04 6.6672231E-03 1.4051848E-04 6.5364400E-03 3.0914552E-02 3.6536643E-02 1.4557335E-04 1.5823210E+00 1.8858713E+01 -4.3293237E-02
3.1381000E+02 2.5927000E+02 8.6700000E+00 6.2200000E+02 10 5.5291225E+01 1.8963245E-01 2.9566543E-01 5.5870501E-02 1.2239507E-02 1.2674831E-02 1.2257173E-02 7.4822727E-04 2.0475746E-04 6.6658528E-03 1.4044594E-04 6.5343067E-03 3.0846151E-02 3.6527768E-02 1.4549326E-04 1.5822543E+00 1.8858744E+01 -4.3269119E-02
3.1381000E+02 2.5927000E+02 8.6700000E+00 6.2700000E+02 10 5.5291586E+01 1.8957277E-01 2.9534351E-01 5.5957485E-02 1.2235295E-02 1.2667481E-02 1.2250199E-02 7.4755421E-04 2.0471662E-04 6.6636882E-03 1.4031960E-04 6.5313160E-03 3.0781925E-02 3.6515145E-02 1.4541424E-04 1.5820600E+00 1.8858925E+01 -4.3258849E-02
3.1381000E+02 2.5927000E+02 8.6700000E+00 6.3200000E+02 10 5.5291930E+01 1.8951775E-01 2.9503086E-01 5.6041826E-02 1.2230806E-02 1.2658947E-02 1.2242179E-02 7.4663180E-04 2.0467804E-04 6.6612548E-03 1.4014646E-04 6.5279637E-03 3.0721475E-02 3.6501689E-02 1.4534238E-04 1.5817938E+00 1.8859189E+01 -4.3256911E-02
3.1381000E+02 2.5927000E+02 8.6700000E+00 6.3700000E+02 10 5.5292257E+01 1.8946995E-01 2.9473275E-01 5.6123600E-02 1.2226525E-02 1.2649613E-02 1.2233477E-02 7.4550210E-04 2.0464306E-04 6.6588236E-03 1.3993441E-04 6.5245195E-03 3.0664467E-02 3.6488846E-02 1.4527916E-04 1.5814889E+00 1.8859497E+01 -4.3260007E-02
3.1381000E+02 2.5927000E+02 8.6700000E+00 6.4200000E+02 10 5.5292566E+01 1.8942998E-01 2.9445109E-01 5.6202822E-02 1.2222656E-02 1.2639760E-02 1.2224347E-02 7.4420651E-04 2.0461525E-04 6.6565162E-03 1.3969122E-04 6.5211243E-03 3.0610616E-02 3.6477230E-02 1.4522419E-04 1.5811644E+00 1.8859827E+01 -4.3266207E-02
3.1381000E+02 2.5927000E+02 8.6700000E+00 6.4700000E+02 10 5.5292859E+01 1.8939742E-01 2.9418596E-01 5.6279485E-02 1.2219257E-02 1.2629583E-02 1.2214964E-02 7.4278275E-04 2.0459608E-04 6.6543791E-03 1.3942398E-04 6.5178420E-03 3.0559679E-02 3.6467011E-02 1.4517639E-04 1.5808312E+00 1.8860167E+01 -4.3274406E-02
3.1381000E+02 2.5927000E+02 8.6700000E+00 6.5000000E+02 10 5.5289372E+01 1.9673079E-01 3.0986065E-01 5.6324559E-02 1.3418731E-02 1.3468107E-02 1.3053987E-02 7.4188991E-04 2.1619216E-04 7.2663675E-03 1.3925638E-04 7.0948590E-03 3.0537118E-02 4.0047016E-02 1.6162472E-04 1.6544114E+00 1.8741904E+01 -3.6741159E-02
