x y z_datum Time Well_no H2O H O Charge Al C Ca Cl Fe K Mg Na S Si U pH pe Alkalinity
3.1381000E+02 2.5927000E+02 8.6700000E+00 0.0000000E+00 10 9.9704301E-01 7.2098600E-06 6.6484776E-04 -3.2324431E-06 0.0000000E+00 1.0067647E-04 6.3262499E-05 4.3211171E-04 0.0000000E+00 2.8240956E-04 5.5605062E-05 2.2967748E-04 1.4127542E-04 0.0000000E+00 0.0000000E+00 7.0300000E+00 1.1068788E+01 7.1999443E-03
3.1381000E+02 2.5927000E+02 8.6700000E+00 5.0000000E+00 10 5.5325959E+01 2.1227481E-02 6.6094007E-02 -2.9932250E-03 0.0000000E+00 7.0878507E-03 1.3347800E-03 1.0306529E-02 0.0000000E+00 6.1078856E-03 1.9345862E-03 8.4479746E-03 1.1444753E-02 0.0000000E+00 0.0000000E+00 2.2539216E+00 1.8146372E+01 -9.1369932E-03
3.1381000E+02 2.5927000E+02 8.6700000E+00 1.0000000E+01 10 5.5305490E+01 3.7697252E-02 1.1181788E-01 -2.6912312E-03 1.1554382E-03 7.4948306E-03 3.0678022E-03 7.9309466E-03 1.5746907E-05 5.2726041E-03 1.4886777E-03 7.0770826E-03 2.0344556E-02 3.4546836E-03 1.7447231E-05 1.9324681E+00 1.8509010E+01 -2.1024929E-02
3.1381000E+02 2.5927000E+02 8.6700000E+00 1.5000000E+01 10 5.5284257E+01 6.0541834E-02 1.5723344E-01 -2.4488723E-03 2.5942657E-03 7.7579236E-03 4.3950836E-03 6.0244710E-03 3.5414886E-05 4.8642246E-03 1.1308228E-03 6.2223472E-03 2.7488073E-02 7.7522213E-03 3.9000517E-05 1.8226597E+00 1.8635706E+01 -2.8631676E-02
3.1381000E+02 2.5927000E+02 8.6700000E+00 2.0000000E+01 10 5.5267834E+01 7.9419150E-02 1.9287039E-01 -2.2762444E-03 3.8548106E-03 7.9776024E-03 5.3727647E-03 4.6665228E-03 5.3206081E-05 4.6934284E-03 8.7592928E-04 5.7272270E-03 3.2576851E-02 1.1516522E-02 5.7237013E-05 1.7758535E+00 1.8689951E+01 -3.3035901E-02
3.1381000E+02 2.5927000E+02 8.6700000E+00 2.5000000E+01 10 5.5255895E+01 9.3599856E-02 2.1927869E-01 -2.1563499E-03 4.8517055E-03 8.1800908E-03 6.1017051E-03 3.7233929E-03 6.7858232E-05 4.6367334E-03 6.9889917E-04 5.4419032E-03 3.6111455E-02 1.4493324E-02 7.0994648E-05 1.7547562E+00 1.8714490E+01 -3.5505526E-02
3.1381000E+02 2.5927000E+02 8.6700000E+00 3.0000000E+01 10 5.5247296E+01 1.0399539E-01 2.3861645E-01 -2.0722528E-03 5.6081070E-03 8.3660461E-03 6.6569271E-03 3.0618578E-03 7.9559496E-05 4.6261795E-03 5.7472576E-04 5.2692737E-03 3.8590892E-02 1.6751937E-02 8.1002668E-05 1.7448944E+00 1.8726042E+01 -3.6919237E-02
3.1381000E+02 2.5927000E+02 8.6700000E+00 3.5000000E+01 10 5.5241072E+01 1.1157934E-01 2.5284063E-01 -2.0121131E-03 6.1759057E-03 8.5339597E-03 7.0889120E-03 2.5887787E-03 8.8806442E-05 4.6323340E-03 4.8592649E-04 5.1588004E-03 4.0364097E-02 1.8447372E-02 8.8238242E-05 1.7403070E+00 1.8731509E+01 -3.7751664E-02
3.1381000E+02 2.5927000E+02 8.6700000E+00 4.0000000E+01 10 5.5236514E+01 1.1714935E-01 2.6341045E-01 -1.9682546E-03 6.6016465E-03 8.6841732E-03 7.4317061E-03 2.2437736E-03 9.6066288E-05 4.6427419E-03 4.2116735E-04 5.0838937E-03 4.1657315E-02 1.9718633E-02 9.3487070E-05 1.7382980E+00 1.8734003E+01 -3.8255958E-02
3.1381000E+02 2.5927000E+02 8.6700000E+00 4.5000000E+01 10 5.5233135E+01 1.2127371E-01 2.7135228E-01 -1.9356881E-03 6.9216994E-03 8.8182289E-03 7.7087602E-03 1.9875945E-03 1.0176066E-04 4.6524320E-03 3.7308126E-04 5.0302138E-03 4.2617617E-02 2.0674326E-02 9.7317849E-05 1.7375767E+00 1.8735015E+01 -3.8569360E-02
3.1381000E+02 2.5927000E+02 8.6700000E+00 5.0000000E+01 10 5.5230600E+01 1.2435434E-01 2.7738913E-01 -1.9110932E-03 7.1634555E-03 8.9380175E-03 7.9365439E-03 1.7941231E-03 1.0623412E-04 4.6597205E-03 3.3676572E-04 4.9897571E-03 4.3342886E-02 2.1396239E-02 1.0013561E-04 1.7374980E+00 1.8735273E+01 -3.8768626E-02
3.1381000E+02 2.5927000E+02 8.6700000E+00 5.5000000E+01 10 5.5228675E+01 1.2667730E-01 2.8203486E-01 -1.8922088E-03 7.3472796E-03 9.0453503E-03 8.1267974E-03 1.6455720E-03 1.0976036E-04 4.6643358E-03 3.0888196E-04 4.9578953E-03 4.3899782E-02 2.1945179E-02 1.0222559E-04 1.7377301E+00 1.8735162E+01 -3.8898071E-02
3.1381000E+02 2.5927000E+02 8.6700000E+00 6.0000000E+01 10 5.5227194E+01 1.2844721E-01 2.8565714E-01 -1.8774678E-03 7.4882066E-03 9.1418118E-03 8.2879862E-03 1.5296141E-03 1.1256080E-04 4.6665641E-03 2.8711609E-04 4.9318598E-03 4.4334507E-02 2.2366037E-02 1.0379111E-04 1.7380993E+00 1.8734881E+01 -3.8984021E-02
3.1381000E+02 2.5927000E+02 8.6700000E+00 6.5000000E+01 10 5.5226038E+01 1.2981110E-01 2.8852039E-01 -1.8657701E-03 7.5972825E-03 9.2287442E-03 8.4262824E-03 1.4375967E-03 1.1480503E-04 4.6668629E-03 2.6984396E-04 4.9099398E-03 4.4679493E-02 2.2691790E-02 1.0497658E-04 1.7385142E+00 1.8734530E+01 -3.9042507E-02
3.1381000E+02 2.5927000E+02 8.6700000E+00 6.6000000E+01 10 5.5219830E+01 1.4210993E-01 3.1765770E-01 -1.8635442E-03 9.6912022E-03 1.1230194E-02 1.0437507E-02 1.4200870E-03 1.3442696E-04 5.7068564E-03 2.6655730E-04 5.9256453E-03 4.4762879E-02 2.8946567E-02 1.3957884E-04 1.9190465E+00 1.8454408E+01 -2.6692487E-02
3.1381000E+02 2.5927000E+02 8.6700000E+00 6.7000000E+01 10 5.5219791E+01 1.4201143E-01 3.1745952E-01 -1.8614245E-03 9.6579754E-03 1.1206848E-02 1.0423468E-02 1.4034121E-03 1.3591540E-04 5.6807762E-03 2.6342735E-04 5.8950057E-03 4.4823966E-02 2.8847002E-02 1.3689228E-04 1.9139915E+00 1.8472060E+01 -2.6996317E-02
3.1381000E+02 2.5927000E+02 8.6700000E+00 7.2000000E+01 10 5.5221731E+01 1.3094071E-01 2.9138146E-01 -1.8166819E-03 7.4667454E-03 9.1698906E-03 8.4243306E-03 1.3356581E-03 1.1594059E-04 4.5402408E-03 2.5070959E-04 4.7629529E-03 4.5686632E-02 2.2301980E-02 1.0069918E-04 1.7099126E+00 1.8922139E+01 -4.1735594E-02
3.1381000E+02 2.5927000E+02 8.6700000E+00 7.7000000E+01 10 5.5216007E+01 1.3399587E-01 2.9798311E-01 -1.7654636E-03 7.6264363E-03 9.2426966E-03 8.5283447E-03 1.2797495E-03 1.2990848E-04 4.5887673E-03 2.4021527E-04 4.7937993E-03 4.6688227E-02 2.2778340E-02 1.2949348E-04 1.6996895E+00 1.8992274E+01 -4.2927599E-02
3.1381000E+02 2.5927000E+02 8.6700000E+00 8.2000000E+01 10 5.5211098E+01 1.3697006E-01 3.0433876E-01 -1.7235631E-03 7.8287677E-03 9.3438101E-03 8.6555838E-03 1.2329458E-03 1.4765967E-04 4.6645222E-03 2.3142999E-04 4.8525432E-03 4.7519252E-02 2.3381874E-02 1.6057619E-04 1.6957231E+00 1.9025410E+01 -4.3533450E-02
3.1381000E+02 2.5927000E+02 8.6700000E+00 8.7000000E+01 10 5.5207455E+01 1.3929460E-01 3.0932451E-01 -1.6927674E-03 7.9982728E-03 9.4368756E-03 8.7708146E-03 1.1932371E-03 1.6389487E-04 4.7275734E-03 2.2397647E-04 4.9014888E-03 4.8143500E-02 2.3887535E-02 1.8620962E-04 1.6940793E+00 1.9042476E+01 -4.3874159E-02
3.1381000E+02 2.5927000E+02 8.6700000E+00 9.1000000E+01 10 5.5203803E+01 1.4364125E-01 3.1918063E-01 -1.6739683E-03 8.5981442E-03 9.9386014E-03 9.2881864E-03 1.1652074E-03 1.8595855E-04 5.0137915E-03 2.1871517E-04 5.1712845E-03 4.8547557E-02 2.5678608E-02 2.2017043E-04 1.7259433E+00 1.9014061E+01 -4.1191498E-02
3.1381000E+02 2.5927000E+02 8.6700000E+00 9.2000000E+01 10 5.5198654E+01 1.5333490E-01 3.4184989E-01 -1.6696085E-03 1.0219598E-02 1.1415687E-02 1.0769060E-02 1.1584218E-03 2.2405531E-04 5.8249166E-03 2.1744148E-04 5.9612681E-03 4.8693174E-02 3.0521446E-02 2.8671719E-04 1.8502257E+00 1.8875293E+01 -3.1836440E-02
3.1381000E+02 2.5927000E+02 8.6700000E+00 9.7000000E+01 10 5.5198372E+01 1.4207333E-01 3.1669731E-01 -2.2440420E-03 7.9870793E-03 9.4205563E-03 8.7903868E-03 1.1289380E-03 1.8391586E-04 4.6847246E-03 2.1190721E-04 4.8421379E-03 4.9898378E-02 2.3853563E-02 2.0902786E-04 1.6688183E+00 1.9093994E+01 -4.6847145E-02
3.1381000E+02 2.5927000E+02 8.6700000E+00 1.0200000E+02 10 5.5190199E+01 1.4534113E-01 3.2487590E-01 -2.9528554E-03 8.1597328E-03 9.4920458E-03 8.8763209E-03 1.1030608E-03 1.9567957E-04 4.7579522E-03 2.0704993E-04 4.9034828E-03 5.1318667E-02 2.4368454E-02 2.2870223E-04 1.6612571E+00 1.9113686E+01 -4.8101285E-02
3.1381000E+02 2.5927000E+02 8.6700000E+00 1.0700000E+02 10 5.5183429E+01 1.4833812E-01 3.3218506E-01 -3.5310522E-03 8.3521441E-03 9.5795888E-03 8.9766549E-03 1.0801460E-03 2.0764279E-04 4.8429641E-03 2.0274871E-04 4.9768174E-03 5.2472456E-02 2.4942283E-02 2.4625825E-04 1.6580432E+00 1.9125068E+01 -4.8843218E-02
3.1381000E+02 2.5927000E+02 8.6700000E+00 1.1200000E+02 10 5.5178463E+01 1.5065006E-01 3.3777248E-01 -3.9444668E-03 8.5104215E-03 9.6574138E-03 9.0658971E-03 1.0596922E-03 2.1816881E-04 4.9118022E-03 1.9890943E-04 5.0359920E-03 5.3319673E-02 2.5414359E-02 2.6022849E-04 1.6566029E+00 1.9131671E+01 -4.9298733E-02
3.1381000E+02 2.5927000E+02 8.6700000E+00 1.1700000E+02 10 5.5174910E+01 1.5236509E-01 3.4190081E-01 -4.2310179E-03 8.6316950E-03 9.7221300E-03 9.1408774E-03 1.0413042E-03 2.2690407E-04 4.9628331E-03 1.9545792E-04 5.0792281E-03 5.3931355E-02 2.5776103E-02 2.7083173E-04 1.6559312E+00 1.9135628E+01 -4.9590973E-02
3.1381000E+02 2.5927000E+02 8.6700000E+00 1.2200000E+02 10 5.5172339E+01 1.5364546E-01 3.4498011E-01 -4.4311176E-03 8.7242515E-03 9.7762898E-03 9.2043238E-03 1.0246674E-03 2.3403336E-04 5.0001677E-03 1.9233511E-04 5.1101755E-03 5.4379855E-02 2.6052215E-02 2.7879713E-04 1.6556373E+00 1.9138068E+01 -4.9785043E-02
3.1381000E+02 2.5927000E+02 8.6700000E+00 1.2400000E+02 10 5.5166409E+01 1.6426316E-01 3.6910783E-01 -4.4996377E-03 1.0451145E-02 1.1223212E-02 1.0654815E-02 1.0182745E-03 2.7919529E-04 5.8676858E-03 1.9113513E-04 5.9484489E-03 5.4602387E-02 3.1208747E-02 3.5415975E-04 1.7618374E+00 1.9021047E+01 -4.0120449E-02
3.1381000E+02 2.5927000E+02 8.6700000E+00 1.2500000E+02 10 5.5164609E+01 1.6726599E-01 3.7619824E-01 -4.5312842E-03 1.0943924E-02 1.1678006E-02 1.1111357E-02 1.0151413E-03 2.9307872E-04 6.1138155E-03 1.9054702E-04 6.1873363E-03 5.4694224E-02 3.2680411E-02 3.7329077E-04 1.7972945E+00 1.8982592E+01 -3.7326033E-02
3.1381000E+02 2.5927000E+02 8.6700000E+00 1.3000000E+02 10 5.5170238E+01 1.5358294E-01 3.4556683E-01 -4.6424990E-03 8.6066300E-03 9.7215606E-03 9.1638184E-03 9.9918573E-04 2.3840142E-04 4.9255917E-03 1.8755208E-04 5.0319104E-03 5.4884225E-02 2.5700880E-02 2.7383974E-04 1.6440418E+00 1.9153506E+01 -5.1169032E-02
3.1381000E+02 2.5927000E+02 8.6700000E+00 1.3100000E+02 10 5.5162929E+01 1.6791178E-01 3.7789497E-01 -4.6632547E-03 1.0965995E-02 1.1694080E-02 1.1138163E-02 9.9591609E-04 2.9894543E-04 6.1136735E-03 1.8693835E-04 6.1822483E-03 5.5035209E-02 3.2746319E-02 3.8341389E-04 1.7933948E+00 1.8987282E+01 -3.7726933E-02
3.1381000E+02 2.5927000E+02 8.6700000E+00 1.3200000E+02 10 5.5162734E+01 1.6788487E-01 3.7784922E-01 -4.6826462E-03 1.0947906E-02 1.1678028E-02 1.1123956E-02 9.9260958E-04 2.9857802E-04 6.1031621E-03 1.8631770E-04 6.1699569E-03 5.5081159E-02 3.2691962E-02 3.7685041E-04 1.7911307E+00 1.8990915E+01 -3.7917669E-02
3.1381000E+02 2.5927000E+02 8.6700000E+00 1.3700000E+02 10 5.5161269E+01 1.5593320E-01 3.5246095E-01 -6.0171821E-03 8.6300880E-03 9.7364233E-03 9.1910254E-03 9.7707115E-04 2.4313260E-04 4.9249274E-03 1.8340106E-04 5.0244888E-03 5.6681992E-02 2.5770620E-02 2.7728760E-04 1.6310650E+00 1.9142059E+01 -5.3269075E-02
3.1381000E+02 2.5927000E+02 8.6700000E+00 1.4200000E+02 10 5.5150358E+01 1.5999208E-01 3.6291150E-01 -7.6566468E-03 8.8707038E-03 9.8604360E-03 9.3229061E-03 9.6297565E-04 2.4336331E-04 5.0396749E-03 1.8075527E-04 5.1284394E-03 5.8708541E-02 2.6488439E-02 2.8037400E-04 1.6274219E+00 1.9103751E+01 -5.4481449E-02
3.1381000E+02 2.5927000E+02 8.6700000E+00 1.4700000E+02 10 5.5141109E+01 1.6371266E-01 3.7222988E-01 -9.0197281E-03 9.1194789E-03 9.9932664E-03 9.4628526E-03 9.5022734E-04 2.3784788E-04 5.1594797E-03 1.7836235E-04 5.2372982E-03 6.0381572E-02 2.7230544E-02 2.7026883E-04 1.6265692E+00 1.9056954E+01 -5.5241396E-02
3.1381000E+02 2.5927000E+02 8.6700000E+00 1.5200000E+02 10 5.5134259E+01 1.6655132E-01 3.7926842E-01 -1.0014969E-02 9.3154684E-03 1.0103656E-02 9.5797159E-03 9.3862969E-04 2.2917379E-04 5.2528998E-03 1.7618541E-04 5.3218457E-03 6.1604203E-02 2.7815222E-02 2.5300230E-04 1.6264191E+00 1.9009750E+01 -5.5737868E-02
3.1381000E+02 2.5927000E+02 8.6700000E+00 1.5700000E+02 10 5.5129345E+01 1.6862583E-01 3.8438207E-01 -1.0718580E-02 9.4603474E-03 1.0189843E-02 9.6718348E-03 9.2800362E-04 2.1965605E-04 5.3207160E-03 1.7419084E-04 5.3827016E-03 6.2473718E-02 2.8247455E-02 2.3370867E-04 1.6264165E+00 1.8966386E+01 -5.6074431E-02
3.1381000E+02 2.5927000E+02 8.6700000E+00 1.6200000E+02 10 5.5125790E+01 1.7015222E-01 3.8812860E-01 -1.1219247E-02 9.5677338E-03 1.0257364E-02 9.7448257E-03 9.1820434E-04 2.1057341E-04 5.3698350E-03 1.7235147E-04 5.4262492E-03 6.3098841E-02 2.8567849E-02 2.1525245E-04 1.6264563E+00 1.8929364E+01 -5.6308275E-02
3.1381000E+02 2.5927000E+02 8.6700000E+00 1.6700000E+02 10 5.5123166E+01 1.7129863E-01 3.9093500E-01 -1.1582091E-02 9.6489784E-03 1.0311489E-02 9.8040231E-03 9.0911639E-04 2.0250193E-04 5.4060034E-03 1.7064562E-04 5.4578300E-03 6.3558542E-02 2.8810257E-02 1.9884175E-04 1.6265199E+00 1.8900200E+01 -5.6473978E-02
3.1381000E+02 2.5927000E+02 8.6700000E+00 1.6800000E+02 10 5.5115354E+01 1.8623676E-01 4.2391308E-01 -1.1649625E-02 1.2064867E-02 1.2268436E-02 1.1761969E-02 9.0732637E-04 2.2545632E-04 6.6253555E-03 1.7030962E-04 6.6348194E-03 6.3667526E-02 3.6023884E-02 2.4085614E-04 1.7626478E+00 1.8680811E+01 -4.2868587E-02
3.1381000E+02 2.5927000E+02 8.6700000E+00 1.6900000E+02 10 5.5115050E+01 1.8612254E-01 4.2375066E-01 -1.1712558E-02 1.2030640E-02 1.2243608E-02 1.1738125E-02 9.0556309E-04 2.2501857E-04 6.6075943E-03 1.6997865E-04 6.6159350E-03 6.3745500E-02 3.5921345E-02 2.3312125E-04 1.7595772E+00 1.8684678E+01 -4.3165757E-02
3.1381000E+02 2.5927000E+02 8.6700000E+00 1.7400000E+02 10 5.5129644E+01 1.6334073E-01 3.8456352E-01 -1.6427395E-02 9.4783604E-03 1.0218001E-02 9.7171136E-03 8.9733038E-04 1.9155805E-04 5.3128014E-03 1.6843333E-04 5.3649718E-03 6.2544844E-02 2.8300803E-02 1.7282315E-04 1.6851267E+00 1.8821760E+01 -5.0481337E-02
3.1381000E+02 2.5927000E+02 8.6700000E+00 1.7500000E+02 10 5.5125006E+01 1.7438127E-01 4.1275788E-01 -1.7546422E-02 1.1624938E-02 1.2154482E-02 1.1654502E-02 8.9570654E-04 2.1125537E-04 6.3913057E-03 1.6812852E-04 6.4167144E-03 6.2268292E-02 3.4712460E-02 2.1021763E-04 1.8490088E+00 1.8568722E+01 -3.6174920E-02
3.1381000E+02 2.5927000E+02 8.6700000E+00 1.7600000E+02 10 5.5127494E+01 1.7141366E-01 4.0962794E-01 -1.8802918E-02 1.1486257E-02 1.2119810E-02 1.1620723E-02 8.9410478E-04 2.0970255E-04 6.3188572E-03 1.6782786E-04 6.3494944E-03 6.1918960E-02 3.4298966E-02 2.0331923E-04 1.8678913E+00 1.8554578E+01 -3.4846680E-02
3.1381000E+02 2.5927000E+02 8.6700000E+00 1.8100000E+02 10 5.5072287E+01 1.6791577E-01 4.2203592E-01 -2.9931642E-02 8.9281365E-03 1.0121079E-02 9.6261909E-03 8.8658437E-04 1.7698254E-04 5.0202513E-03 1.6641625E-04 5.0978645E-03 7.3612774E-02 2.6661612E-02 1.5068696E-04 1.6276033E+00 1.8870053E+01 -6.1697175E-02
3.1381000E+02 2.5927000E+02 8.6700000E+00 1.8600000E+02 10 5.4987305E+01 1.8995787E-01 4.8753738E-01 -4.0960988E-02 9.1932961E-03 1.0187918E-02 9.6969842E-03 8.7949950E-04 1.7440289E-04 5.1538968E-03 1.6508638E-04 5.2166375E-03 8.9173647E-02 2.7451617E-02 1.4906836E-04 1.5333435E+00 1.8953719E+01 -8.0875395E-02
3.1381000E+02 2.5927000E+02 8.6700000E+00 1.9100000E+02 10 5.4914071E+01 2.1205142E-01 5.4732134E-01 -4.9600644E-02 9.7848028E-03 1.0277165E-02 9.7899681E-03 8.7280577E-04 1.7863560E-04 5.4591936E-03 1.6382994E-04 5.4868001E-03 1.0232233E-01 2.9212945E-02 1.5092046E-04 1.4747514E+00 1.9005144E+01 -9.6255995E-02
3.1381000E+02 2.5927000E+02 8.6700000E+00 1.9600000E+02 10 5.4859740E+01 2.2984368E-01 5.9345255E-01 -5.5821955E-02 1.0416567E-02 1.0354714E-02 9.8710553E-03 8.6646546E-04 1.8595101E-04 5.7860940E-03 1.6263983E-04 5.7755559E-03 1.1194169E-01 3.1093927E-02 1.5315413E-04 1.4414213E+00 1.9034092E+01 -1.0680170E-01
3.1381000E+02 2.5927000E+02 8.6700000E+00 2.0100000E+02 10 5.4820986E+01 2.4329752E-01 6.2742608E-01 -6.0229745E-02 1.0982049E-02 1.0416809E-02 9.9365112E-03 8.6044614E-04 1.9404797E-04 6.0785470E-03 1.6150997E-04 6.0336960E-03 1.1872401E-01 3.2777594E-02 1.5490230E-04 1.4224619E+00 1.9050465E+01 -1.1372537E-01
3.1381000E+02 2.5927000E+02 8.6700000E+00 2.0600000E+02 10 5.4793243E+01 2.5338852E-01 6.5243355E-01 -6.3386874E-02 1.1459527E-02 1.0467623E-02 9.9905217E-03 8.5471967E-04 2.0198134E-04 6.3250346E-03 1.6043509E-04 6.2512645E-03 1.2353102E-01 3.4199355E-02 1.5612215E-04 1.4114384E+00 1.9059941E+01 -1.1827920E-01
3.1381000E+02 2.5927000E+02 8.6700000E+00 2.1100000E+02 10 5.4773042E+01 2.6103015E-01 6.7109979E-01 -6.5690246E-02 1.1854366E-02 1.0511394E-02 1.0037339E-02 8.4926142E-04 2.0940679E-04 6.5283316E-03 1.5941055E-04 6.4307501E-03 1.2700112E-01 3.5375174E-02 1.5693592E-04 1.4048831E+00 1.9065539E+01 -1.2132596E-01
3.1381000E+02 2.5927000E+02 8.6700000E+00 2.1600000E+02 10 5.4758058E+01 2.6688647E-01 6.8525556E-01 -6.7402248E-02 1.2178280E-02 1.0550977E-02 1.0079831E-02 8.4404964E-04 2.1620198E-04 6.6945853E-03 1.5843227E-04 6.5775396E-03 1.2955636E-01 3.6339892E-02 1.5746136E-04 1.4009289E+00 1.9068873E+01 -1.2340435E-01
3.1381000E+02 2.5927000E+02 8.6700000E+00 2.2100000E+02 10 5.4746754E+01 2.7142529E-01 6.9615004E-01 -6.8696790E-02 1.2443263E-02 1.0588067E-02 1.0119704E-02 8.3906502E-04 2.2233892E-04 6.8300800E-03 1.5749663E-04 6.6971635E-03 1.3147270E-01 3.7129187E-02 1.5779491E-04 1.3985375E+00 1.9070841E+01 -1.2484766E-01
3.1381000E+02 2.5927000E+02 8.6700000E+00 2.2600000E+02 10 5.4738094E+01 2.7497970E-01 7.0464968E-01 -6.9691663E-02 1.2660049E-02 1.0623607E-02 1.0157909E-02 8.3429034E-04 2.2783266E-04 6.9404399E-03 1.5660040E-04 6.7945773E-03 1.3293442E-01 3.7775004E-02 1.5799421E-04 1.3971071E+00 1.9071970E+01 -1.2586641E-01
3.1381000E+02 2.5927000E+02 8.6700000E+00 2.3100000E+02 10 5.4731360E+01 2.7779137E-01 7.1136885E-01 -7.0468403E-02 1.2837804E-02 1.0658084E-02 1.0194943E-02 8.2971013E-04 2.3271601E-04 7.0304710E-03 1.5574067E-04 6.8740051E-03 1.3406766E-01 3.8304611E-02 1.5808694E-04 1.3962760E+00 1.9072600E+01 -1.2659690E-01
3.1381000E+02 2.5927000E+02 8.6700000E+00 2.3600000E+02 10 5.4726045E+01 2.8003841E-01 7.1675079E-01 -7.1084395E-02 1.2984134E-02 1.0691721E-02 1.0231035E-02 8.2531052E-04 2.3703768E-04 7.1041667E-03 1.5491484E-04 6.9389505E-03 1.3496048E-01 3.8740647E-02 1.5812145E-04 1.3958207E+00 1.9072892E+01 -1.2712921E-01
3.1381000E+02 2.5927000E+02 8.6700000E+00 2.4100000E+02 10 5.4721789E+01 2.8185309E-01 7.2111868E-01 -7.1580527E-02 1.3105235E-02 1.0724587E-02 1.0266263E-02 8.2107895E-04 2.4084400E-04 7.1647762E-03 1.5412056E-04 6.9922661E-03 1.3567526E-01 3.9101547E-02 1.5810433E-04 1.3956005E+00 1.9073004E+01 -1.2752385E-01
3.1381000E+02 2.5927000E+02 8.6700000E+00 2.4600000E+02 10 5.4718331E+01 2.8333435E-01 7.2471019E-01 -7.1986211E-02 1.3206079E-02 1.0756668E-02 1.0300619E-02 8.1700409E-04 2.4418899E-04 7.2149057E-03 1.5335569E-04 7.0362461E-03 1.3625660E-01 3.9402117E-02 1.5805758E-04 1.3955258E+00 1.9073001E+01 -1.2782189E-01
3.1381000E+02 2.5927000E+02 8.6700000E+00 2.5100000E+02 10 5.4715482E+01 2.8455646E-01 7.2770121E-01 -7.2322795E-02 1.3290629E-02 1.0787910E-02 1.0334054E-02 8.1307567E-04 2.4712560E-04 7.2566262E-03 1.5261830E-04 7.0727198E-03 1.3673675E-01 3.9654148E-02 1.5799367E-04 1.3955393E+00 1.9072933E+01 -1.2805145E-01
3.1381000E+02 2.5927000E+02 8.6700000E+00 2.5600000E+02 10 5.4713101E+01 2.8557544E-01 7.3022278E-01 -7.2605908E-02 1.3362024E-02 1.0818244E-02 1.0366504E-02 8.0928433E-04 2.4970239E-04 7.2915761E-03 1.5190665E-04 7.1031389E-03 1.3713915E-01 3.9866987E-02 1.5792182E-04 1.3956043E+00 1.9072828E+01 -1.2823195E-01
3.1381000E+02 2.5927000E+02 8.6700000E+00 2.6100000E+02 10 5.4711087E+01 2.8643383E-01 7.3237328E-01 -7.2847102E-02 1.3422749E-02 1.0847600E-02 1.0397905E-02 8.0562158E-04 2.5196302E-04 7.3210488E-03 1.5121913E-04 7.1286542E-03 1.3748104E-01 4.0048030E-02 1.5784593E-04 1.3956973E+00 1.9072710E+01 -1.2837691E-01
3.1381000E+02 2.5927000E+02 8.6700000E+00 2.6400000E+02 10 5.4705062E+01 2.9680620E-01 7.5316457E-01 -7.2978796E-02 1.4953190E-02 1.1756926E-02 1.1308433E-02 8.0346848E-04 2.6918768E-04 8.1031993E-03 1.5081499E-04 7.8609291E-03 1.3767451E-01 4.4613402E-02 1.7829207E-04 1.4311843E+00 1.8999301E+01 -1.2054689E-01
3.1381000E+02 2.5927000E+02 8.6700000E+00 2.6500000E+02 10 5.4699751E+01 3.0691514E-01 7.7333618E-01 -7.3021319E-02 1.6468749E-02 1.2685433E-02 1.2237338E-02 8.0275567E-04 2.8392699E-04 8.8774253E-03 1.5068119E-04 8.5886926E-03 1.3774137E-01 4.9134953E-02 1.9815946E-04 1.4691736E+00 1.8905851E+01 -1.1257234E-01
3.1381000E+02 2.5927000E+02 8.6700000E+00 2.7000000E+02 10 5.4707816E+01 2.8876061E-01 7.3795330E-01 -7.3170428E-02 1.3705125E-02 1.1056965E-02 1.0609896E-02 8.0091595E-04 2.6192982E-04 7.4628554E-03 1.5033586E-04 7.2602515E-03 1.3793556E-01 4.0890503E-02 1.5766703E-04 1.4009897E+00 1.9067132E+01 -1.2739911E-01
3.1381000E+02 2.5927000E+02 8.6700000E+00 2.7500000E+02 10 5.4705009E+01 2.9244550E-01 7.4556381E-01 -7.3319466E-02 1.4217271E-02 1.1373985E-02 1.0929124E-02 7.9696000E-04 2.6691402E-04 7.7225253E-03 1.4959331E-04 7.5028795E-03 1.3815202E-01 4.2418414E-02 1.6504652E-04 1.4122524E+00 1.9043575E+01 -1.2495473E-01
3.1381000E+02 2.5927000E+02 8.6700000E+00 2.8000000E+02 10 5.4702611E+01 2.9545216E-01 7.5192658E-01 -7.3457687E-02 1.4635712E-02 1.1654902E-02 1.1212425E-02 7.9268906E-04 2.7225466E-04 7.9336311E-03 1.4879164E-04 7.7008075E-03 1.3835293E-01 4.3666981E-02 1.6873805E-04 1.4217066E+00 1.9027689E+01 -1.2294832E-01
3.1381000E+02 2.5927000E+02 8.6700000E+00 2.8500000E+02 10 5.4700728E+01 2.9760522E-01 7.5670409E-01 -7.3582295E-02 1.4936617E-02 1.1885388E-02 1.1445115E-02 7.8874119E-04 2.7679264E-04 8.0842828E-03 1.4805060E-04 7.8432044E-03 1.3853330E-01 4.4565129E-02 1.7039992E-04 1.4287164E+00 1.9017653E+01 -1.2149605E-01
3.1381000E+02 2.5927000E+02 8.6700000E+00 2.8900000E+02 10 5.4697185E+01 3.0352917E-01 7.6896485E-01 -7.3673672E-02 1.5821790E-02 1.2476572E-02 1.2037919E-02 7.8584073E-04 2.8734040E-04 8.5341603E-03 1.4750617E-04 8.2672636E-03 1.3866820E-01 4.7206365E-02 1.8005944E-04 1.4505673E+00 1.8975555E+01 -1.1686805E-01
3.1381000E+02 2.5927000E+02 8.6700000E+00 2.9000000E+02 10 5.4689523E+01 3.1863038E-01 7.9928211E-01 -7.3696008E-02 1.8109199E-02 1.3928405E-02 1.3490147E-02 7.8513174E-04 3.0699361E-04 9.7014560E-03 1.4737309E-04 9.3678413E-03 1.3871000E-01 5.4031522E-02 2.0908181E-04 1.5113215E+00 1.8814189E+01 -1.0465300E-01
3.1381000E+02 2.5927000E+02 8.6700000E+00 2.9500000E+02 10 5.4749092E+01 2.8600234E-01 7.2251619E-01 -6.7651382E-02 1.5041599E-02 1.2098897E-02 1.1662447E-02 7.8189259E-04 2.8325473E-04 8.1308834E-03 1.4676508E-04 7.8916538E-03 1.2956441E-01 4.4879548E-02 1.6631404E-04 1.4732078E+00 1.8979975E+01 -1.0835674E-01
3.1381000E+02 2.5927000E+02 8.6700000E+00 3.0000000E+02 10 5.4819206E+01 2.6761582E-01 6.6987264E-01 -5.9142464E-02 1.4917089E-02 1.2213745E-02 1.1778979E-02 7.7887596E-04 2.8114882E-04 8.0596339E-03 1.4619885E-04 7.8365951E-03 1.1671514E-01 4.4510939E-02 1.6607225E-04 1.5387755E+00 1.8910151E+01 -9.1083762E-02
3.1381000E+02 2.5927000E+02 8.6700000E+00 3.0100000E+02 10 5.4825359E+01 2.8057706E-01 6.9407485E-01 -5.7383023E-02 1.7514527E-02 1.4138420E-02 1.3703986E-02 7.7828092E-04 3.0346611E-04 9.3769154E-03 1.4608716E-04 9.0969682E-03 1.1407258E-01 5.2265367E-02 2.0233567E-04 1.6494627E+00 1.8674213E+01 -7.3011034E-02
3.1381000E+02 2.5927000E+02 8.6700000E+00 3.0200000E+02 10 5.4840388E+01 2.7590006E-01 6.8173283E-01 -5.5609889E-02 1.7377175E-02 1.4142722E-02 1.3708616E-02 7.7769358E-04 3.0521813E-04 9.3040735E-03 1.4597691E-04 9.0333019E-03 1.1139416E-01 5.1856657E-02 1.9851813E-04 1.6657617E+00 1.8672346E+01 -6.9915226E-02
3.1381000E+02 2.5927000E+02 8.6700000E+00 3.0300000E+02 10 5.4857040E+01 2.7010559E-01 6.6697872E-01 -5.3687320E-02 1.7123977E-02 1.4094013E-02 1.3658884E-02 7.7952671E-04 3.0571481E-04 9.1731267E-03 1.4632100E-04 8.9163253E-03 1.0848448E-01 5.1102437E-02 1.9369812E-04 1.6802910E+00 1.8674249E+01 -6.7081553E-02
3.1381000E+02 2.5927000E+02 8.6700000E+00 3.0800000E+02 10 5.4927983E+01 2.3208893E-01 5.7707662E-01 -4.6422916E-02 1.3620885E-02 1.2031899E-02 1.1588274E-02 7.9474761E-04 2.7040849E-04 7.3905184E-03 1.4917804E-04 7.2462742E-03 9.7457629E-02 4.0651064E-02 1.4745994E-04 1.6272746E+00 1.8841309E+01 -7.0482256E-02
3.1381000E+02 2.5927000E+02 8.6700000E+00 3.1300000E+02 10 5.4972747E+01 2.1655586E-01 5.3798346E-01 -4.1252082E-02 1.2976168E-02 1.2018515E-02 1.1566402E-02 8.0995172E-04 2.5908795E-04 7.0603862E-03 1.5203192E-04 6.9605430E-03 8.9610135E-02 3.8731704E-02 1.4429602E-04 1.6688798E+00 1.8795408E+01 -6.2444834E-02
3.1381000E+02 2.5927000E+02 8.6700000E+00 3.1800000E+02 10 5.5004947E+01 2.0492008E-01 5.0944502E-01 -3.7565475E-02 1.2455026E-02 1.2052288E-02 1.1592917E-02 8.2295504E-04 2.4827890E-04 6.7934711E-03 1.5447271E-04 6.7306790E-03 8.4008465E-02 3.7180300E-02 1.4105236E-04 1.7008709E+00 1.8760479E+01 -5.6874099E-02
3.1381000E+02 2.5927000E+02 8.6700000E+00 3.2300000E+02 10 5.5028591E+01 1.9583872E-01 4.8780516E-01 -3.4896730E-02 1.1994422E-02 1.2087257E-02 1.1622008E-02 8.3348468E-04 2.3731276E-04 6.5575722E-03 1.5644917E-04 6.5259913E-03 7.9949035E-02 3.5808802E-02 1.3773585E-04 1.7232483E+00 1.8736577E+01 -5.3156104E-02
3.1381000E+02 2.5927000E+02 8.6700000E+00 3.2800000E+02 10 5.5046261E+01 1.8861732E-01 4.7103806E-01 -3.2933347E-02 1.1585350E-02 1.2111974E-02 1.1642046E-02 8.4186748E-04 2.2679111E-04 6.3483181E-03 1.5802267E-04 6.3424066E-03 7.6959396E-02 3.4590392E-02 1.3462312E-04 1.7380093E+00 1.8721117E+01 -5.0704898E-02
3.1381000E+02 2.5927000E+02 8.6700000E+00 3.2900000E+02 10 5.5043373E+01 1.9970754E-01 4.9661304E-01 -3.2566620E-02 1.3609021E-02 1.4003348E-02 1.3532531E-02 8.4346138E-04 2.4338520E-04 7.3673281E-03 1.5832185E-04 7.3363547E-03 7.6417049E-02 4.0635480E-02 1.6654942E-04 1.8798923E+00 1.8468319E+01 -3.7938768E-02
3.1381000E+02 2.5927000E+02 8.6700000E+00 3.3000000E+02 10 5.5046621E+01 1.9811998E-01 4.9305593E-01 -3.2223794E-02 1.3490411E-02 1.3979294E-02 1.3507631E-02 8.4497618E-04 2.4248178E-04 7.3074312E-03 1.5860619E-04 7.2807460E-03 7.5893564E-02 4.0281583E-02 1.6339503E-04 1.8806266E+00 1.8480945E+01 -3.7760217E-02
3.1381000E+02 2.5927000E+02 8.6700000E+00 3.3500000E+02 10 5.5036241E+01 1.8940989E-01 4.7158300E-01 -3.1492028E-02 1.0883237E-02 1.1994537E-02 1.1519512E-02 8.5099984E-04 2.1244144E-04 5.9908964E-03 1.5973686E-04 6.0171146E-03 7.9241425E-02 3.2497074E-02 1.2600306E-04 1.6576627E+00 1.8810946E+01 -5.9868464E-02
3.1381000E+02 2.5927000E+02 8.6700000E+00 3.4000000E+02 10 5.5006198E+01 2.0094833E-01 4.9396317E-01 -3.1240336E-02 1.0924237E-02 1.1990816E-02 1.1513097E-02 8.5582614E-04 2.0780683E-04 6.0175359E-03 1.6064278E-04 6.0372967E-03 8.4717483E-02 3.2618095E-02 1.2949974E-04 1.5816309E+00 1.8882254E+01 -7.1049136E-02
3.1381000E+02 2.5927000E+02 8.6700000E+00 3.4500000E+02 10 5.4978440E+01 2.1322157E-01 5.1723625E-01 -3.1115845E-02 1.1239598E-02 1.2016006E-02 1.1536107E-02 8.5973001E-04 2.0864254E-04 6.1873219E-03 1.6137555E-04 6.1843272E-03 8.9586740E-02 3.3556071E-02 1.3435748E-04 1.5319861E+00 1.8928579E+01 -7.9713092E-02
3.1381000E+02 2.5927000E+02 8.6700000E+00 3.5000000E+02 10 5.4957269E+01 2.2345284E-01 5.3622076E-01 -3.1001607E-02 1.1615815E-02 1.2039516E-02 1.1557838E-02 8.6291921E-04 2.1228853E-04 6.3883023E-03 1.6197418E-04 6.3593668E-03 9.3203829E-02 3.4675327E-02 1.3874230E-04 1.5019525E+00 1.8956743E+01 -8.5591556E-02
3.1381000E+02 2.5927000E+02 8.6700000E+00 3.5500000E+02 10 5.4942051E+01 2.3135232E-01 5.5057771E-01 -3.0880293E-02 1.1966070E-02 1.2054290E-02 1.1571144E-02 8.6554823E-04 2.1700471E-04 6.5750328E-03 1.6246766E-04 6.5222850E-03 9.5745536E-02 3.5717460E-02 1.4222324E-04 1.4838243E+00 1.8973940E+01 -8.9421664E-02
3.1381000E+02 2.5927000E+02 8.6700000E+00 3.6000000E+02 10 5.4931203E+01 2.3734579E-01 5.6126137E-01 -3.0758023E-02 1.2266877E-02 1.2061448E-02 1.1577083E-02 8.6773119E-04 2.2184185E-04 6.7353697E-03 1.6287741E-04 6.6621718E-03 9.7519644E-02 3.6612554E-02 1.4490487E-04 1.4726561E+00 1.8984656E+01 -9.1912108E-02
3.1381000E+02 2.5927000E+02 8.6700000E+00 3.6500000E+02 10 5.4923398E+01 2.4190383E-01 5.6924095E-01 -3.0641268E-02 1.2517108E-02 1.2063421E-02 1.1578039E-02 8.6955242E-04 2.2637286E-04 6.8688406E-03 1.6321927E-04 6.7784894E-03 9.8770447E-02 3.7357222E-02 1.4696169E-04 1.4656035E+00 1.8991482E+01 -9.3550725E-02
3.1381000E+02 2.5927000E+02 8.6700000E+00 3.7000000E+02 10 5.4917715E+01 2.4539535E-01 5.7524897E-01 -3.0533318E-02 1.2722169E-02 1.2062167E-02 1.1575936E-02 8.7107471E-04 2.3042395E-04 6.9783091E-03 1.6350501E-04 6.8737898E-03 9.9663817E-02 3.7967526E-02 1.4854253E-04 1.4610499E+00 1.8995922E+01 -9.4644606E-02
3.1381000E+02 2.5927000E+02 8.6700000E+00 3.7500000E+02 10 5.4913531E+01 2.4808725E-01 5.7980532E-01 -3.0435196E-02 1.2888759E-02 1.2059023E-02 1.1572083E-02 8.7234544E-04 2.3395417E-04 7.0673503E-03 1.6374353E-04 6.9511720E-03 1.0030928E-01 3.8463377E-02 1.4975080E-04 1.4580527E+00 1.8998859E+01 -9.5385072E-02
3.1381000E+02 2.5927000E+02 8.6700000E+00 3.8000000E+02 10 5.4910423E+01 2.5017321E-01 5.8328040E-01 -3.0346759E-02 1.3023284E-02 1.2054864E-02 1.1567334E-02 8.7340097E-04 2.3698755E-04 7.1393832E-03 1.6394166E-04 7.0135875E-03 1.0078014E-01 3.8863820E-02 1.5067192E-04 1.4560433E+00 1.9000838E+01 -9.5893282E-02
3.1381000E+02 2.5927000E+02 8.6700000E+00 3.8500000E+02 10 5.4908098E+01 2.5179723E-01 5.8594381E-01 -3.0267366E-02 1.3131482E-02 1.2050251E-02 1.1562237E-02 8.7426982E-04 2.3957003E-04 7.1974434E-03 1.6410475E-04 7.0637027E-03 1.0112653E-01 3.9185918E-02 1.5135863E-04 1.4546691E+00 1.9002220E+01 -9.6247317E-02
3.1381000E+02 2.5927000E+02 8.6700000E+00 3.9000000E+02 10 5.4906345E+01 2.5306808E-01 5.8799538E-01 -3.0196196E-02 1.3218340E-02 1.2045533E-02 1.1557125E-02 8.7497489E-04 2.4176243E-04 7.2441518E-03 1.6423709E-04 7.1038528E-03 1.0138344E-01 3.9444504E-02 1.5189962E-04 1.4537079E+00 1.9003166E+01 -9.6498019E-02
3.1381000E+02 2.5927000E+02 8.6700000E+00 3.9500000E+02 10 5.4905014E+01 2.5406828E-01 5.8958422E-01 -3.0132397E-02 1.3288075E-02 1.2040911E-02 1.1552190E-02 8.7553498E-04 2.4361551E-04 7.2817159E-03 1.6434222E-04 7.1360197E-03 1.0157556E-01 3.9652121E-02 1.5227748E-04 1.4530176E+00 1.9003895E+01 -9.6679002E-02
3.1381000E+02 2.5927000E+02 8.6700000E+00 4.0000000E+02 10 5.4903994E+01 2.5486085E-01 5.9082254E-01 -3.0075154E-02 1.3344165E-02 1.2036487E-02 1.1547526E-02 8.7596583E-04 2.4519265E-04 7.3119663E-03 1.6442310E-04 7.1618310E-03 1.0172050E-01 3.9819120E-02 1.5260156E-04 1.4525072E+00 1.9004387E+01 -9.6812404E-02
3.1381000E+02 2.5927000E+02 8.6700000E+00 4.0500000E+02 10 5.4903206E+01 2.5549358E-01 5.9179424E-01 -3.0023718E-02 1.3389427E-02 1.2032303E-02 1.1543166E-02 8.7628094E-04 2.4652980E-04 7.3363901E-03 1.6448224E-04 7.1826015E-03 1.0183090E-01 3.9953883E-02 1.5280978E-04 1.4521165E+00 1.9004818E+01 -9.6913287E-02
3.1381000E+02 2.5927000E+02 8.6700000E+00 4.1000000E+02 10 5.4902592E+01 2.5600314E-01 5.9256292E-01 -2.9977412E-02 1.3426122E-02 1.2028361E-02 1.1539106E-02 8.7649197E-04 2.4767528E-04 7.3561900E-03 1.6452185E-04 7.1993781E-03 1.0191589E-01 4.0063135E-02 1.5300203E-04 1.4518070E+00 1.9005109E+01 -9.6991553E-02
3.1381000E+02 2.5927000E+02 8.6700000E+00 4.1200000E+02 10 5.4895295E+01 2.7040764E-01 6.2145212E-01 -2.9959669E-02 1.5616417E-02 1.3385390E-02 1.2896097E-02 8.7656044E-04 2.6951231E-04 8.4768144E-03 1.6453471E-04 8.2511817E-03 1.0195699E-01 4.6598094E-02 1.8282451E-04 1.5185557E+00 1.8866885E+01 -8.5438461E-02
3.1381000E+02 2.5927000E+02 8.6700000E+00 4.1700000E+02 10 5.4902660E+01 2.5510912E-01 5.9068138E-01 -2.9919615E-02 1.3256979E-02 1.1921069E-02 1.1431730E-02 8.7664171E-04 2.4889514E-04 7.2703449E-03 1.6454996E-04 7.1176142E-03 1.0200432E-01 3.9558354E-02 1.4868441E-04 1.4457491E+00 1.9018709E+01 -9.8135843E-02
3.1381000E+02 2.5927000E+02 8.6700000E+00 4.2200000E+02 10 5.4902225E+01 2.5559243E-01 5.9138613E-01 -2.9883366E-02 1.3300707E-02 1.1917083E-02 1.1427744E-02 8.7664174E-04 2.4848077E-04 7.2936123E-03 1.6454997E-04 7.1375891E-03 1.0205238E-01 3.9688567E-02 1.5083927E-04 1.4459878E+00 1.9014891E+01 -9.8098231E-02
3.1381000E+02 2.5927000E+02 8.6700000E+00 4.2700000E+02 10 5.4901731E+01 2.5627556E-01 5.9249745E-01 -2.9850485E-02 1.3378102E-02 1.1934583E-02 1.1445286E-02 8.7656827E-04 2.4921604E-04 7.3341353E-03 1.6453618E-04 7.1735767E-03 1.0209087E-01 3.9919192E-02 1.5216673E-04 1.4473115E+00 1.9011497E+01 -9.7859155E-02
3.1381000E+02 2.5927000E+02 8.6700000E+00 4.2900000E+02 10 5.4894434E+01 2.7082551E-01 6.2161960E-01 -2.9837845E-02 1.5592423E-02 1.3296605E-02 1.2807330E-02 8.7652760E-04 2.7110695E-04 8.4674705E-03 1.6452854E-04 8.2362790E-03 1.0211567E-01 4.6525703E-02 1.8254434E-04 1.5143412E+00 1.8872874E+01 -8.6159630E-02
3.1381000E+02 2.5927000E+02 8.6700000E+00 4.3000000E+02 10 5.4892236E+01 2.7518535E-01 6.3043673E-01 -2.9831650E-02 1.6257430E-02 1.3729429E-02 1.3240167E-02 8.7650450E-04 2.7903364E-04 8.8073735E-03 1.6452420E-04 8.5559846E-03 1.0212480E-01 4.8509993E-02 1.8961044E-04 1.5363878E+00 1.8824620E+01 -8.2605816E-02
3.1381000E+02 2.5927000E+02 8.6700000E+00 4.3500000E+02 10 5.4901344E+01 2.5734278E-01 5.9490942E-01 -2.9785007E-02 1.3569662E-02 1.2114533E-02 1.1619195E-02 8.8739026E-04 2.5698645E-04 7.4385012E-03 1.6656752E-04 7.2744632E-03 1.0203680E-01 4.0490711E-02 1.5123999E-04 1.4536554E+00 1.9005982E+01 -9.6677406E-02
3.1381000E+02 2.5927000E+02 8.6700000E+00 4.3600000E+02 10 5.4891606E+01 2.7701544E-01 6.3448250E-01 -2.9775296E-02 1.6577947E-02 1.4018774E-02 1.3522092E-02 8.8979663E-04 2.8247874E-04 8.9777250E-03 1.6701920E-04 8.7226661E-03 1.0203509E-01 4.9467057E-02 1.9416935E-04 1.5490297E+00 1.8787723E+01 -8.0594690E-02
3.1381000E+02 2.5927000E+02 8.6700000E+00 4.3700000E+02 10 5.4892905E+01 2.7700270E-01 6.3393895E-01 -2.9470919E-02 1.6615839E-02 1.4056806E-02 1.3558751E-02 8.9225784E-04 2.8612486E-04 8.9988508E-03 1.6748119E-04 8.7424915E-03 1.0176736E-01 4.9579904E-02 1.9211062E-04 1.5512860E+00 1.8795058E+01 -8.0130655E-02
3.1381000E+02 2.5927000E+02 8.6700000E+00 4.3800000E+02 10 5.4897105E+01 2.7635291E-01 6.3093246E-01 -2.8553061E-02 1.6623529E-02 1.4082077E-02 1.3582650E-02 8.9471646E-04 2.8873461E-04 9.0042660E-03 1.6794268E-04 8.7481304E-03 1.0098026E-01 4.9602763E-02 1.9055750E-04 1.5538426E+00 1.8799066E+01 -7.9380118E-02
3.1381000E+02 2.5927000E+02 8.6700000E+00 4.4300000E+02 10 5.4967783E+01 2.4937828E-01 5.4980654E-01 -1.4917290E-02 1.3955968E-02 1.2444959E-02 1.1944650E-02 8.9629517E-04 2.6421233E-04 7.6402466E-03 1.6823901E-04 7.4686101E-03 8.9448045E-02 4.1643667E-02 1.5421724E-04 1.4892873E+00 1.8963859E+01 -8.3914664E-02
3.1381000E+02 2.5927000E+02 8.6700000E+00 4.4400000E+02 10 5.4972232E+01 2.6583580E-01 5.7741436E-01 -1.1905995E-02 1.6807895E-02 1.4338545E-02 1.3838252E-02 8.9626738E-04 2.8749428E-04 9.0952960E-03 1.6823379E-04 8.8431860E-03 8.6920947E-02 5.0154922E-02 1.9472023E-04 1.6004792E+00 1.8725519E+01 -6.6419796E-02
3.1381000E+02 2.5927000E+02 8.6700000E+00 4.4500000E+02 10 5.4986775E+01 2.6365310E-01 5.6679393E-01 -8.6989754E-03 1.6819494E-02 1.4371739E-02 1.3871629E-02 8.9593890E-04 2.8996607E-04 9.1007263E-03 1.6817214E-04 8.8488455E-03 8.4214563E-02 5.0189628E-02 1.9270083E-04 1.6096496E+00 1.8726139E+01 -6.4063287E-02
3.1381000E+02 2.5927000E+02 8.6700000E+00 4.5000000E+02 10 5.5054562E+01 2.3892356E-01 4.9087372E-01 4.5265978E-03 1.4438313E-02 1.2894529E-02 1.2395843E-02 8.9338797E-04 2.6904665E-04 7.8814016E-03 1.6769332E-04 7.7026577E-03 7.3052207E-02 4.3084624E-02 1.5980269E-04 1.5449272E+00 1.8894421E+01 -6.7459207E-02
3.1381000E+02 2.5927000E+02 8.6700000E+00 4.5300000E+02 10 5.5081583E+01 2.4350731E-01 4.8726193E-01 1.1516395E-02 1.5921982E-02 1.4019332E-02 1.3521783E-02 8.9134999E-04 2.8146354E-04 8.6337467E-03 1.6731078E-04 8.4203197E-03 6.7173093E-02 4.7514059E-02 1.7976438E-04 1.6300650E+00 1.8751801E+01 -5.4330936E-02
3.1381000E+02 2.5927000E+02 8.6700000E+00 4.5400000E+02 10 5.5087740E+01 2.4982590E-01 4.9665989E-01 1.3736382E-02 1.7171809E-02 1.5003732E-02 1.4506598E-02 8.9060691E-04 2.9114993E-04 9.2670911E-03 1.6717130E-04 9.0268983E-03 6.5309978E-02 5.1245830E-02 1.9464095E-04 1.7064122E+00 1.8598510E+01 -4.5755017E-02
3.1381000E+02 2.5927000E+02 8.6700000E+00 4.5900000E+02 10 5.5140678E+01 2.2436778E-01 4.2588296E-01 2.3365667E-02 1.4256547E-02 1.3116115E-02 1.2622682E-02 8.8397672E-04 2.6301710E-04 7.7746119E-03 1.6592678E-04 7.6177410E-03 5.7217811E-02 4.2546011E-02 1.5567856E-04 1.5874932E+00 1.8855109E+01 -5.4732563E-02
3.1381000E+02 2.5927000E+02 8.6700000E+00 4.6400000E+02 10 5.5173692E+01 2.1766977E-01 3.9919249E-01 3.0467798E-02 1.4011648E-02 1.3125844E-02 1.2635136E-02 8.7909594E-04 2.5527681E-04 7.6425242E-03 1.6501063E-04 7.5008869E-03 5.1265121E-02 4.1817007E-02 1.5503441E-04 1.5983351E+00 1.8841755E+01 -5.0838090E-02
3.1381000E+02 2.5927000E+02 8.6700000E+00 4.6900000E+02 10 5.5198234E+01 2.1267235E-01 3.7945740E-01 3.5749826E-02 1.3832977E-02 1.3161252E-02 1.2672588E-02 8.7543305E-04 2.4847038E-04 7.5458301E-03 1.6432309E-04 7.4158171E-03 4.6842410E-02 4.1285149E-02 1.5439719E-04 1.6077532E+00 1.8830302E+01 -4.7884457E-02
3.1381000E+02 2.5927000E+02 8.6700000E+00 4.7400000E+02 10 5.5216894E+01 2.0865518E-01 3.6420258E-01 3.9745294E-02 1.3667039E-02 1.3195439E-02 1.2708501E-02 8.7234209E-04 2.4210284E-04 7.4563534E-03 1.6374290E-04 7.3368406E-03 4.3502703E-02 4.0791029E-02 1.5352227E-04 1.6142263E+00 1.8822641E+01 -4.5774017E-02
3.1381000E+02 2.5927000E+02 8.6700000E+00 4.7900000E+02 10 5.5231324E+01 2.0532164E-01 3.5210134E-01 4.2812664E-02 1.3505329E-02 1.3219590E-02 1.2734174E-02 8.6961405E-04 2.3612196E-04 7.3696098E-03 1.6323083E-04 7.2597263E-03 4.0944312E-02 4.0309305E-02 1.5250128E-04 1.6179299E+00 1.8818381E+01 -4.4309391E-02
3.1381000E+02 2.5927000E+02 8.6700000E+00 4.8100000E+02 10 5.5231079E+01 2.1498902E-01 3.7133909E-01 4.3910355E-02 1.5206971E-02 1.4577660E-02 1.4092824E-02 8.6857449E-04 2.4872208E-04 8.2326442E-03 1.6303570E-04 8.0845329E-03 4.0039894E-02 4.5389564E-02 1.7637362E-04 1.7362429E+00 1.8621193E+01 -3.3976196E-02
3.1381000E+02 2.5927000E+02 8.6700000E+00 4.8200000E+02 10 5.5232004E+01 2.1746227E-01 3.7614389E-01 4.4429082E-02 1.5683592E-02 1.5014387E-02 1.4529835E-02 8.6806711E-04 2.5214052E-04 8.4733412E-03 1.6294047E-04 8.3164195E-03 3.9610273E-02 4.6812785E-02 1.8165243E-04 1.7789315E+00 1.8548233E+01 -3.0828794E-02
3.1381000E+02 2.5927000E+02 8.6700000E+00 4.8700000E+02 10 5.5250672E+01 1.9784449E-01 3.3057452E-01 4.6576775E-02 1.2792540E-02 1.2948985E-02 1.2466001E-02 8.6525831E-04 2.2448141E-04 6.9998440E-03 1.6241324E-04 6.9164866E-03 3.7813957E-02 3.8182801E-02 1.4286600E-04 1.5946184E+00 1.8858117E+01 -4.5217409E-02
3.1381000E+02 2.5927000E+02 8.6700000E+00 4.9200000E+02 10 5.5258891E+01 1.9525359E-01 3.2213947E-01 4.8248721E-02 1.2570843E-02 1.2826003E-02 1.2344012E-02 8.6347859E-04 2.1788699E-04 6.8851662E-03 1.6207918E-04 6.8087272E-03 3.6428037E-02 3.7521254E-02 1.4336808E-04 1.5880218E+00 1.8861870E+01 -4.5246932E-02
3.1381000E+02 2.5927000E+02 8.6700000E+00 4.9700000E+02 10 5.5265079E+01 1.9377498E-01 3.1650273E-01 4.9566238E-02 1.2475404E-02 1.2759284E-02 1.2278046E-02 8.6213073E-04 2.1355720E-04 6.8363567E-03 1.6182618E-04 6.7608230E-03 3.5337728E-02 3.7236194E-02 1.4398576E-04 1.5866085E+00 1.8861046E+01 -4.4894469E-02
3.1381000E+02 2.5927000E+02 8.6700000E+00 5.0200000E+02 10 5.5269945E+01 1.9271009E-01 3.1221236E-01 5.0617381E-02 1.2414415E-02 1.2712413E-02 1.2231878E-02 8.6087015E-04 2.1031495E-04 6.8054371E-03 1.6158956E-04 6.7293488E-03 3.4470975E-02 3.7053976E-02 1.4423484E-04 1.5861768E+00 1.8860240E+01 -4.4546340E-02
3.1381000E+02 2.5927000E+02 8.6700000E+00 5.0500000E+02 10 5.5268870E+01 1.9942380E-01 3.2559704E-01 5.1167603E-02 1.3556572E-02 1.3551366E-02 1.3071249E-02 8.6012057E-04 2.1952396E-04 7.3872554E-03 1.6144886E-04 7.2799183E-03 3.4025397E-02 4.0463025E-02 1.6063496E-04 1.6575630E+00 1.8747039E+01 -3.7897818E-02
3.1381000E+02 2.5927000E+02 8.6700000E+00 5.0600000E+02 10 5.5266241E+01 2.0615059E-01 3.4000976E-01 5.1342602E-02 1.4672354E-02 1.4430085E-02 1.3950108E-02 8.5987103E-04 2.2818422E-04 7.9538378E-03 1.6140202E-04 7.8206805E-03 3.3887989E-02 4.3794201E-02 1.7567155E-04 1.7405675E+00 1.8603039E+01 -3.1520938E-02
3.1381000E+02 2.5927000E+02 8.6700000E+00 5.1100000E+02 10 5.5278295E+01 1.8813813E-01 3.0002659E-01 5.2101701E-02 1.1857557E-02 1.2356829E-02 1.1878173E-02 8.5750505E-04 2.0282839E-04 6.5209130E-03 1.6095792E-04 6.4564256E-03 3.3258703E-02 3.5391723E-02 1.3612427E-04 1.5605703E+00 1.8900243E+01 -4.6564733E-02
3.1381000E+02 2.5927000E+02 8.6700000E+00 5.1600000E+02 10 5.5281212E+01 1.8731695E-01 2.9670843E-01 5.2718617E-02 1.1769145E-02 1.2223832E-02 1.1746169E-02 8.5572639E-04 1.9936901E-04 6.4767858E-03 1.6062405E-04 6.4100873E-03 3.2761731E-02 3.5127402E-02 1.3775697E-04 1.5558878E+00 1.8901724E+01 -4.6805031E-02
3.1381000E+02 2.5927000E+02 8.6700000E+00 5.2100000E+02 10 5.5283357E+01 1.8715340E-01 2.9491807E-01 5.3227841E-02 1.1769753E-02 1.2147063E-02 1.1670242E-02 8.5421823E-04 1.9774789E-04 6.4785239E-03 1.6034096E-04 6.4065385E-03 3.2352981E-02 3.5128646E-02 1.3904358E-04 1.5555066E+00 1.8899897E+01 -4.6644253E-02
3.1381000E+02 2.5927000E+02 8.6700000E+00 5.2600000E+02 10 5.5285111E+01 1.8708388E-01 2.9356134E-01 5.3654322E-02 1.1779936E-02 1.2090986E-02 1.1614975E-02 8.5276589E-04 1.9677444E-04 6.4847566E-03 1.6006835E-04 6.4081527E-03 3.2012921E-02 3.5158623E-02 1.3974062E-04 1.5556944E+00 1.8898566E+01 -4.6459215E-02
3.1381000E+02 2.5927000E+02 8.6700000E+00 5.3100000E+02 10 5.5286608E+01 1.8698904E-01 2.9235561E-01 5.4015980E-02 1.1783161E-02 1.2043157E-02 1.1567941E-02 8.5134181E-04 1.9603622E-04 6.4870144E-03 1.5980104E-04 6.4069407E-03 3.1726745E-02 3.5167960E-02 1.4005324E-04 1.5556073E+00 1.8898156E+01 -4.6329327E-02
3.1381000E+02 2.5927000E+02 8.6700000E+00 5.3600000E+02 10 5.5287902E+01 1.8687215E-01 2.9125901E-01 5.4326119E-02 1.1780317E-02 1.2000190E-02 1.1525747E-02 8.4995704E-04 1.9541529E-04 6.4858709E-03 1.5954112E-04 6.4032001E-03 3.1483248E-02 3.5159257E-02 1.4017949E-04 1.5552469E+00 1.8898312E+01 -4.6248381E-02
3.1381000E+02 2.5927000E+02 8.6700000E+00 5.4100000E+02 10 5.5289028E+01 1.8675057E-01 2.9027018E-01 5.4594866E-02 1.1774352E-02 1.1961144E-02 1.1487448E-02 8.4861864E-04 1.9487518E-04 6.4829367E-03 1.5928989E-04 6.3982369E-03 3.1273893E-02 3.5141276E-02 1.4022231E-04 1.5547365E+00 1.8898742E+01 -4.6199298E-02
3.1381000E+02 2.5927000E+02 8.6700000E+00 5.4600000E+02 10 5.5290013E+01 1.8663529E-01 2.8938538E-01 5.4830039E-02 1.1767254E-02 1.1925523E-02 1.1452548E-02 8.4732597E-04 1.9440178E-04 6.4793038E-03 1.5904725E-04 6.3929230E-03 3.1092124E-02 3.5119933E-02 1.4022850E-04 1.5541651E+00 1.8899282E+01 -4.6169694E-02
3.1381000E+02 2.5927000E+02 8.6700000E+00 5.5100000E+02 10 5.5290879E+01 1.8653114E-01 2.8859571E-01 5.5037729E-02 1.1760067E-02 1.1892876E-02 1.1420600E-02 8.4607440E-04 1.9398708E-04 6.4755596E-03 1.5881233E-04 6.3876987E-03 3.0932859E-02 3.5098343E-02 1.4021826E-04 1.5535809E+00 1.8899857E+01 -4.6152144E-02
3.1381000E+02 2.5927000E+02 8.6700000E+00 5.5600000E+02 10 5.5291646E+01 1.8643952E-01 2.8789020E-01 5.5222714E-02 1.1753280E-02 1.1862784E-02 1.1391187E-02 8.4485825E-04 1.9362542E-04 6.4719887E-03 1.5858405E-04 6.3827516E-03 3.0792131E-02 3.5077953E-02 1.4020060E-04 1.5530073E+00 1.8900430E+01 -4.6142341E-02
3.1381000E+02 2.5927000E+02 8.6700000E+00 5.6100000E+02 10 5.5292330E+01 1.8636014E-01 2.8725788E-01 5.5388764E-02 1.1747084E-02 1.1834883E-02 1.1363948E-02 8.4367226E-04 1.9331163E-04 6.4687132E-03 1.5836143E-04 6.3781425E-03 3.0666817E-02 3.5059336E-02 1.4017959E-04 1.5524547E+00 1.8900986E+01 -4.6137742E-02
3.1381000E+02 2.5927000E+02 8.6700000E+00 5.6600000E+02 10 5.5292944E+01 1.8629201E-01 2.8668877E-01 5.5538879E-02 1.1741529E-02 1.1808866E-02 1.1338578E-02 8.4251204E-04 1.9304025E-04 6.4657716E-03 1.5814365E-04 6.3738736E-03 3.0554436E-02 3.5042635E-02 1.4015718E-04 1.5519267E+00 1.8901522E+01 -4.6136790E-02
3.1381000E+02 2.5927000E+02 8.6700000E+00 5.7100000E+02 10 5.5293497E+01 1.8623391E-01 2.8617420E-01 5.5675460E-02 1.1736594E-02 1.1784480E-02 1.1314828E-02 8.4137403E-04 1.9280714E-04 6.4631603E-03 1.5793004E-04 6.3699242E-03 3.0453007E-02 3.5027792E-02 1.4013475E-04 1.5514239E+00 1.8902033E+01 -4.6138493E-02
3.1381000E+02 2.5927000E+02 8.6700000E+00 5.7600000E+02 10 5.5293999E+01 1.8618456E-01 2.8570674E-01 5.5800448E-02 1.1732229E-02 1.1761520E-02 1.1292493E-02 8.4025536E-04 1.9260778E-04 6.4608560E-03 1.5772006E-04 6.3662630E-03 3.0360932E-02 3.5014654E-02 1.4011244E-04 1.5509451E+00 1.8902519E+01 -4.6142203E-02
3.1381000E+02 2.5927000E+02 8.6700000E+00 5.8100000E+02 10 5.5294457E+01 1.8614286E-01 2.8528016E-01 5.5915419E-02 1.1728376E-02 1.1739815E-02 1.1271402E-02 8.3915370E-04 1.9243773E-04 6.4588286E-03 1.5751328E-04 6.3628576E-03 3.0276912E-02 3.5003045E-02 1.4009026E-04 1.5504886E+00 1.8902982E+01 -4.6147476E-02
3.1381000E+02 2.5927000E+02 8.6700000E+00 5.8200000E+02 10 5.5286664E+01 2.0197682E-01 3.1867285E-01 5.5938025E-02 1.4247997E-02 1.3527554E-02 1.3059264E-02 8.3893404E-04 2.1261587E-04 7.7431717E-03 1.5747204E-04 7.5787973E-03 3.0275430E-02 4.2523852E-02 1.7691518E-04 1.7096583E+00 1.8628725E+01 -3.2390406E-02
3.1381000E+02 2.5927000E+02 8.6700000E+00 5.8700000E+02 10 5.5295334E+01 1.8519725E-01 2.8329899E-01 5.6000089E-02 1.1602779E-02 1.1679972E-02 1.1209365E-02 8.4308486E-04 1.9251429E-04 6.3974088E-03 1.5825117E-04 6.3051449E-03 3.0182786E-02 3.4628087E-02 1.3701469E-04 1.5450376E+00 1.8913625E+01 -4.6673684E-02
3.1381000E+02 2.5927000E+02 8.6700000E+00 5.9200000E+02 10 5.5295664E+01 1.8510463E-01 2.8298639E-01 5.6047463E-02 1.1601907E-02 1.1674267E-02 1.1200638E-02 8.4849824E-04 1.9230500E-04 6.4006277E-03 1.5926729E-04 6.3086711E-03 3.0110329E-02 3.4625425E-02 1.3806927E-04 1.5455354E+00 1.8910682E+01 -4.6590355E-02
3.1381000E+02 2.5927000E+02 8.6700000E+00 5.9700000E+02 10 5.5295865E+01 1.8523374E-01 2.8309637E-01 5.6092064E-02 1.1632180E-02 1.1683942E-02 1.1207555E-02 8.5343892E-04 1.9267778E-04 6.4197886E-03 1.6019468E-04 6.3264441E-03 3.0042981E-02 3.4715620E-02 1.3878080E-04 1.5474898E+00 1.8907129E+01 -4.6358916E-02
3.1381000E+02 2.5927000E+02 8.6700000E+00 6.0200000E+02 10 5.5296070E+01 1.8532356E-01 2.8314587E-01 5.6137088E-02 1.1655656E-02 1.1692736E-02 1.1214093E-02 8.5748081E-04 1.9306081E-04 6.4349010E-03 1.6095337E-04 6.3402851E-03 2.9981012E-02 3.4785594E-02 1.3908776E-04 1.5490830E+00 1.8904703E+01 -4.6168175E-02
3.1381000E+02 2.5927000E+02 8.6700000E+00 6.0700000E+02 10 5.5296300E+01 1.8534043E-01 2.8306239E-01 5.6182965E-02 1.1667183E-02 1.1696366E-02 1.1215951E-02 8.6065568E-04 1.9330873E-04 6.4433447E-03 1.6154930E-04 6.3477367E-03 2.9923955E-02 3.4819949E-02 1.3915551E-04 1.5500266E+00 1.8903371E+01 -4.6046696E-02
3.1381000E+02 2.5927000E+02 8.6700000E+00 6.1200000E+02 10 5.5296542E+01 1.8531019E-01 2.8288737E-01 5.6229390E-02 1.1670405E-02 1.1695229E-02 1.1213446E-02 8.6310723E-04 1.9343674E-04 6.4471024E-03 1.6200947E-04 6.3506203E-03 2.9871179E-02 3.4829534E-02 1.3911259E-04 1.5504790E+00 1.8902748E+01 -4.5977296E-02
3.1381000E+02 2.5927000E+02 8.6700000E+00 6.1700000E+02 10 5.5296786E+01 1.8525800E-01 2.8266541E-01 5.6275942E-02 1.1669062E-02 1.1690581E-02 1.1207750E-02 8.6498473E-04 1.9348938E-04 6.4481886E-03 1.6236189E-04 6.3508334E-03 2.9822078E-02 3.4825490E-02 1.3902978E-04 1.5506234E+00 1.8902528E+01 -4.5940714E-02
3.1381000E+02 2.5927000E+02 8.6700000E+00 6.2200000E+02 10 5.5297024E+01 1.8519910E-01 2.8242494E-01 5.6322234E-02 1.1665532E-02 1.1683484E-02 1.1199853E-02 8.6641533E-04 1.9348206E-04 6.4478949E-03 1.6263042E-04 6.3496213E-03 2.9776144E-02 3.4814910E-02 1.3893807E-04 1.5505853E+00 1.8902534E+01 -4.5923850E-02
3.1381000E+02 2.5927000E+02 8.6700000E+00 6.2700000E+02 10 5.5297252E+01 1.8514132E-01 2.8218162E-01 5.6367955E-02 1.1661135E-02 1.1674686E-02 1.1190451E-02 8.6749947E-04 1.9344411E-04 6.4469532E-03 1.6283392E-04 6.3477033E-03 2.9732970E-02 3.4801734E-02 1.3884994E-04 1.5504409E+00 1.8902666E+01 -4.5918761E-02
3.1381000E+02 2.5927000E+02 8.6700000E+00 6.3200000E+02 10 5.5297470E+01 1.8508821E-01 2.8194347E-01 5.6412866E-02 1.1656558E-02 1.1664710E-02 1.1180020E-02 8.6831345E-04 1.9340284E-04 6.4457587E-03 1.6298670E-04 6.3454740E-03 2.9692244E-02 3.4788012E-02 1.3876954E-04 1.5502355E+00 1.8902869E+01 -4.5920777E-02
3.1381000E+02 2.5927000E+02 8.6700000E+00 6.3700000E+02 10 5.5297678E+01 1.8504117E-01 2.8171433E-01 5.6456800E-02 1.1652138E-02 1.1653923E-02 1.1168898E-02 8.6891377E-04 1.9335238E-04 6.4445170E-03 1.6309939E-04 6.3431441E-03 2.9653726E-02 3.4774755E-02 1.3869754E-04 1.5499949E+00 1.8903111E+01 -4.5927170E-02
3.1381000E+02 2.5927000E+02 8.6700000E+00 6.4200000E+02 10 5.5297874E+01 1.8500044E-01 2.8149586E-01 5.6499642E-02 1.1648031E-02 1.1642594E-02 1.1157330E-02 8.6934170E-04 1.9330418E-04 6.4433296E-03 1.6317971E-04 6.3408242E-03 2.9617229E-02 3.4762425E-02 1.3863343E-04 1.5497351E+00 1.8903375E+01 -4.5936297E-02
3.1381000E+02 2.5927000E+02 8.6700000E+00 6.4700000E+02 10 5.5298061E+01 1.8496578E-01 2.8128860E-01 5.6541323E-02 1.1644295E-02 1.1630923E-02 1.1145500E-02 8.6962721E-04 1.9326274E-04 6.4422427E-03 1.6323331E-04 6.3385692E-03 2.9582604E-02 3.4751199E-02 1.3857624E-04 1.5494654E+00 1.8903650E+01 -4.5947160E-02
3.1381000E+02 2.5927000E+02 8.6700000E+00 6.5000000E+02 10 5.5294414E+01 1.9249350E-01 2.9706976E-01 5.6565904E-02 1.2844891E-02 1.2456790E-02 1.1971297E-02 8.6975252E-04 2.0465498E-04 7.0562994E-03 1.6325683E-04 6.9159101E-03 2.9569472E-02 3.8334237E-02 1.5545883E-04 1.6180581E+00 1.8795711E+01 -3.9433849E-02
