x y z_datum Time Well_no H2O H O Charge Al C Ca Cl Fe K Mg Na S Si U pH pe Alkalinity
3.1381000E+02 2.5927000E+02 8.6700000E+00 0.0000000E+00 10 9.9704301E-01 7.2098600E-06 6.6484776E-04 -3.2324431E-06 0.0000000E+00 1.0067647E-04 6.3262499E-05 4.3211171E-04 0.0000000E+00 2.8240956E-04 5.5605062E-05 2.2967748E-04 1.4127542E-04 0.0000000E+00 0.0000000E+00 7.0300000E+00 1.1068788E+01 7.1999443E-03
3.1381000E+02 2.5927000E+02 8.6700000E+00 5.0000000E+00 10 5.5328976E+01 1.8691191E-02 6.1671485E-02 -3.0363343E-03 0.0000000E+00 7.3210599E-03 1.3786978E-03 1.0645641E-02 0.0000000E+00 6.3088514E-03 1.9982392E-03 8.7259355E-03 1.0176262E-02 0.0000000E+00 0.0000000E+00 2.4163854E+00 1.7962276E+01 -6.1923141E-03
3.1381000E+02 2.5927000E+02 8.6700000E+00 1.0000000E+01 10 5.5310964E+01 3.1908916E-02 1.0354086E-01 -2.7548793E-03 1.0251843E-03 7.9455502E-03 3.2390457E-03 8.4316234E-03 1.5169189E-05 5.5020158E-03 1.5826572E-03 7.4255659E-03 1.8471878E-02 3.0653915E-03 1.5105180E-05 2.0199463E+00 1.8400842E+01 -1.6988106E-02
3.1381000E+02 2.5927000E+02 8.6700000E+00 1.5000000E+01 10 5.5288597E+01 5.6323382E-02 1.5209455E-01 -2.5038740E-03 2.6419757E-03 8.2599231E-03 4.6555727E-03 6.4571329E-03 3.6198596E-05 5.1396489E-03 1.2120356E-03 6.6062206E-03 2.5870491E-02 7.8961078E-03 3.7899411E-05 1.8923395E+00 1.8547960E+01 -2.4270516E-02
3.1381000E+02 2.5927000E+02 8.6700000E+00 2.0000000E+01 10 5.5269939E+01 7.8124044E-02 1.9238969E-01 -2.3121317E-03 4.0952352E-03 8.4600382E-03 5.6976206E-03 4.9488244E-03 5.7733255E-05 4.9772347E-03 9.2891868E-04 6.0818655E-03 3.1522721E-02 1.2236302E-02 5.8313046E-05 1.8323272E+00 1.8617514E+01 -2.9033701E-02
3.1381000E+02 2.5927000E+02 8.6700000E+00 2.5000000E+01 10 5.5256200E+01 9.4546534E-02 2.2244731E-01 -2.1754631E-03 5.2342052E-03 8.6250459E-03 6.4627348E-03 3.8737439E-03 7.6326206E-05 4.9153733E-03 7.2712078E-04 5.7562454E-03 3.5551740E-02 1.5637046E-02 7.4082599E-05 1.8022994E+00 1.8652298E+01 -3.1967576E-02
3.1381000E+02 2.5927000E+02 8.6700000E+00 3.0000000E+01 10 5.5246486E+01 1.0630213E-01 2.4403452E-01 -2.0806048E-03 6.0780759E-03 8.7790072E-03 7.0332152E-03 3.1275569E-03 9.1090325E-05 4.8999864E-03 5.8705782E-04 5.5555088E-03 3.8348338E-02 1.8156392E-02 8.5488127E-05 1.7872199E+00 1.8669817E+01 -3.3709309E-02
3.1381000E+02 2.5927000E+02 8.6700000E+00 3.5000000E+01 10 5.5239693E+01 1.1457607E-01 2.5938315E-01 -2.0149210E-03 6.6886943E-03 8.9265887E-03 7.4692116E-03 2.6108666E-03 1.0225518E-04 4.9027207E-03 4.9007250E-04 5.4291880E-03 4.0284916E-02 1.9979313E-02 9.3502182E-05 1.7798111E+00 1.8678515E+01 -3.4726997E-02
3.1381000E+02 2.5927000E+02 8.6700000E+00 4.0000000E+01 10 5.5234924E+01 1.2039260E-01 2.7034940E-01 -1.9688807E-03 7.1276643E-03 9.0671468E-03 7.8119306E-03 2.2486987E-03 1.1054385E-04 4.9100872E-03 4.2209181E-04 5.3460898E-03 4.1642406E-02 2.1289824E-02 9.9085133E-05 1.7763474E+00 1.8682690E+01 -3.5321634E-02
3.1381000E+02 2.5927000E+02 8.6700000E+00 4.5000000E+01 10 5.5231529E+01 1.2451714E-01 2.7829512E-01 -1.9359272E-03 7.4444884E-03 9.1993479E-03 8.0888292E-03 1.9894754E-03 1.1667691E-04 4.9165442E-03 3.7343432E-04 5.2880591E-03 4.2614086E-02 2.2235723E-02 1.0299109E-04 1.7748944E+00 1.8684552E+01 -3.5673300E-02
3.1381000E+02 2.5927000E+02 8.6700000E+00 5.0000000E+01 10 5.5229066E+01 1.2748555E-01 2.8416602E-01 -1.9117252E-03 7.6756734E-03 9.3223555E-03 8.3181069E-03 1.7990944E-03 1.2124227E-04 4.9203896E-03 3.3769887E-04 5.2448692E-03 4.3327754E-02 2.2925984E-02 1.0575830E-04 1.7744498E+00 1.8685243E+01 -3.5885704E-02
3.1381000E+02 2.5927000E+02 8.6700000E+00 5.5000000E+01 10 5.5227238E+01 1.2966272E-01 2.8860347E-01 -1.8934488E-03 7.8470288E-03 9.4359412E-03 8.5119434E-03 1.6553264E-03 1.2467788E-04 4.9215441E-03 3.1071291E-04 5.2108182E-03 4.3866715E-02 2.3437644E-02 1.0775452E-04 1.7744963E+00 1.8685352E+01 -3.6017681E-02
3.1381000E+02 2.5927000E+02 8.6700000E+00 6.0000000E+01 10 5.5225849E+01 1.3129403E-01 2.9203872E-01 -1.8792565E-03 7.9764187E-03 9.5403295E-03 8.6786496E-03 1.5436851E-03 1.2729965E-04 4.9204841E-03 2.8975729E-04 5.1826985E-03 4.4285261E-02 2.3824024E-02 1.0922587E-04 1.7747681E+00 1.8685183E+01 -3.6102597E-02
3.1381000E+02 2.5927000E+02 8.6700000E+00 6.5000000E+01 10 5.5224766E+01 1.3254415E-01 2.9476217E-01 -1.8679387E-03 8.0761151E-03 9.6360222E-03 8.8240382E-03 1.4546556E-03 1.2933903E-04 4.9177980E-03 2.7304601E-04 5.1586624E-03 4.4619052E-02 2.4121754E-02 1.1033614E-04 1.7751305E+00 1.8684892E+01 -3.6159475E-02
3.1381000E+02 2.5927000E+02 8.6700000E+00 6.6000000E+01 10 5.5218825E+01 1.4430949E-01 3.2303806E-01 -1.8657814E-03 1.0094715E-02 1.1643207E-02 1.0840696E-02 1.4376852E-03 1.4693501E-04 5.9184031E-03 2.6986058E-04 6.1400711E-03 4.4699857E-02 3.0152316E-02 1.4293956E-04 1.9671726E+00 1.8378653E+01 -2.4100116E-02
3.1381000E+02 2.5927000E+02 8.6700000E+00 6.7000000E+01 10 5.5218710E+01 1.4436904E-01 3.2314756E-01 -1.8637223E-03 1.0085521E-02 1.1633462E-02 1.0839992E-02 1.4214877E-03 1.4894500E-04 5.9047110E-03 2.6682023E-04 6.1215911E-03 4.4759500E-02 3.0124530E-02 1.4079095E-04 1.9640476E+00 1.8394358E+01 -2.4275756E-02
3.1381000E+02 2.5927000E+02 8.6700000E+00 7.2000000E+01 10 5.5221020E+01 1.3366071E-01 2.9762689E-01 -1.8252123E-03 7.9844889E-03 9.6170699E-03 8.8609472E-03 1.3545810E-03 1.3103832E-04 4.8120629E-03 2.5426152E-04 5.0319962E-03 4.5513181E-02 2.3847997E-02 1.0676370E-04 1.7496779E+00 1.8863993E+01 -3.8380731E-02
3.1381000E+02 2.5927000E+02 8.6700000E+00 7.7000000E+01 10 5.5215784E+01 1.3629758E-01 3.0343818E-01 -1.7771049E-03 8.1013859E-03 9.6784844E-03 8.9538463E-03 1.2981770E-03 1.4406679E-04 4.8386166E-03 2.4367421E-04 5.0416676E-03 4.6460838E-02 2.4196661E-02 1.3399005E-04 1.7371827E+00 1.8940356E+01 -3.9659047E-02
3.1381000E+02 2.5927000E+02 8.6700000E+00 8.2000000E+01 10 5.5210795E+01 1.3921744E-01 3.0972349E-01 -1.7338952E-03 8.2887195E-03 9.7742048E-03 9.0765776E-03 1.2497873E-03 1.6246428E-04 4.9060989E-03 2.3459123E-04 5.0915520E-03 4.7318609E-02 2.4755405E-02 1.6610706E-04 1.7313824E+00 1.8979581E+01 -4.0387559E-02
3.1381000E+02 2.5927000E+02 8.6700000E+00 8.7000000E+01 10 5.5206814E+01 1.4170519E-01 3.1508039E-01 -1.7000292E-03 8.4656488E-03 9.8728724E-03 9.1987680E-03 1.2076465E-03 1.8014203E-04 4.9718416E-03 2.2668119E-04 5.1417099E-03 4.8002531E-02 2.5283161E-02 1.9416220E-04 1.7288239E+00 1.9000741E+01 -4.0803235E-02
3.1381000E+02 2.5927000E+02 8.6700000E+00 9.1000000E+01 10 5.5202868E+01 1.4623723E-01 3.2539630E-01 -1.6787949E-03 9.0822736E-03 1.0395223E-02 9.7380902E-03 1.1772421E-03 2.0380710E-04 5.2651047E-03 2.2097414E-04 5.4177785E-03 4.8455000E-02 2.7124324E-02 2.3017890E-04 1.7633829E+00 1.8971051E+01 -3.8105035E-02
3.1381000E+02 2.5927000E+02 8.6700000E+00 9.2000000E+01 10 5.5197821E+01 1.5562824E-01 3.4759779E-01 -1.6738433E-03 1.0656000E-02 1.1881276E-02 1.1228277E-02 1.1698378E-03 2.4102037E-04 6.0505056E-03 2.1958430E-04 6.1854922E-03 4.8612951E-02 3.1825193E-02 2.9553391E-04 1.8956269E+00 1.8823779E+01 -2.8951258E-02
3.1381000E+02 2.5927000E+02 8.6700000E+00 9.7000000E+01 10 5.5197920E+01 1.4485468E-01 3.2305885E-01 -2.1461320E-03 8.5160567E-03 9.8989094E-03 9.2643488E-03 1.1368047E-03 2.0310073E-04 4.9570663E-03 2.1338383E-04 5.1061034E-03 4.9700329E-02 2.5432890E-02 2.2192239E-04 1.7051180E+00 1.9052570E+01 -4.3419084E-02
3.1381000E+02 2.5927000E+02 8.6700000E+00 1.0200000E+02 10 5.5190180E+01 1.4788319E-01 3.3069960E-01 -2.8017784E-03 8.6631024E-03 9.9642120E-03 9.3462557E-03 1.1070583E-03 2.1452198E-04 5.0151304E-03 2.0780030E-04 5.1517527E-03 5.1066107E-02 2.5871376E-02 2.4111987E-04 1.6958211E+00 1.9074349E+01 -4.4731472E-02
3.1381000E+02 2.5927000E+02 8.6700000E+00 1.0700000E+02 10 5.5183198E+01 1.5092534E-01 3.3816067E-01 -3.3972511E-03 8.8506343E-03 1.0051729E-02 9.4488438E-03 1.0800583E-03 2.2666134E-04 5.0955176E-03 2.0273225E-04 5.2190918E-03 5.2269365E-02 2.6430615E-02 2.5874427E-04 1.6912491E+00 1.9087871E+01 -4.5573298E-02
3.1381000E+02 2.5927000E+02 8.6700000E+00 1.1200000E+02 10 5.5177755E+01 1.5343496E-01 3.4425996E-01 -3.8552084E-03 9.0192792E-03 1.0137827E-02 9.5487167E-03 1.0553814E-03 2.3774531E-04 5.1674300E-03 1.9810027E-04 5.2794909E-03 5.3205501E-02 2.6933576E-02 2.7326971E-04 1.6891001E+00 1.9095919E+01 -4.6101673E-02
3.1381000E+02 2.5927000E+02 8.6700000E+00 1.1700000E+02 10 5.5173768E+01 1.5534793E-01 3.4890143E-01 -4.1819997E-03 9.1535970E-03 1.0214428E-02 9.6379832E-03 1.0326908E-03 2.4701497E-04 5.2227582E-03 1.9384115E-04 5.3252749E-03 5.3897497E-02 2.7334200E-02 2.8444278E-04 1.6881194E+00 1.9100692E+01 -4.6435802E-02
3.1381000E+02 2.5927000E+02 8.6700000E+00 1.2200000E+02 10 5.5170905E+01 1.5677066E-01 3.5236240E-01 -4.4082259E-03 9.2562474E-03 1.0280859E-02 9.7161230E-03 1.0117152E-03 2.5448504E-04 5.2627493E-03 1.8990392E-04 5.3574415E-03 5.4403259E-02 2.7640403E-02 2.9276276E-04 1.6877032E+00 1.9103548E+01 -4.6651199E-02
3.1381000E+02 2.5927000E+02 8.6700000E+00 1.2400000E+02 10 5.5164987E+01 1.6722270E-01 3.7634241E-01 -4.4847810E-03 1.0959699E-02 1.1747382E-02 1.1187185E-02 1.0035834E-03 3.0032479E-04 6.1162292E-03 1.8837754E-04 6.1842794E-03 5.4646291E-02 3.2727455E-02 3.6757684E-04 1.8005851E+00 1.8979448E+01 -3.7073475E-02
3.1381000E+02 2.5927000E+02 8.6700000E+00 1.2500000E+02 10 5.5163125E+01 1.7028961E-01 3.8359207E-01 -4.5198461E-03 1.1459073E-02 1.2217451E-02 1.1659489E-02 9.9958021E-04 3.1438824E-04 6.3648158E-03 1.8762612E-04 6.4261020E-03 5.4747443E-02 3.4218952E-02 3.8693186E-04 1.8396026E+00 1.8937256E+01 -3.4235994E-02
3.1381000E+02 2.5927000E+02 8.6700000E+00 1.3000000E+02 10 5.5168374E+01 1.5725207E-01 3.5415792E-01 -4.6373117E-03 9.2133826E-03 1.0285057E-02 9.7377995E-03 9.8040211E-04 2.6050770E-04 5.2225590E-03 1.8402630E-04 5.3106969E-03 5.4957006E-02 2.7512096E-02 2.8975707E-04 1.6789660E+00 1.9116163E+01 -4.7690686E-02
3.1381000E+02 2.5927000E+02 8.6700000E+00 1.3100000E+02 10 5.5161363E+01 1.7096443E-01 3.8551534E-01 -4.6589121E-03 1.1487043E-02 1.2263376E-02 1.1718217E-02 9.7664395E-04 3.2027756E-04 6.3649946E-03 1.8332087E-04 6.4213203E-03 5.5112181E-02 3.4302488E-02 3.9675351E-04 1.8359722E+00 1.8941738E+01 -3.4593092E-02
3.1381000E+02 2.5927000E+02 8.6700000E+00 1.3200000E+02 10 5.5161113E+01 1.7104049E-01 3.8567906E-01 -4.6788669E-03 1.1484190E-02 1.2256883E-02 1.1713772E-02 9.7297331E-04 3.2034424E-04 6.3618900E-03 1.8263188E-04 6.4162508E-03 5.5160402E-02 3.4293652E-02 3.9085830E-04 1.8345966E+00 1.8944437E+01 -3.4705489E-02
3.1381000E+02 2.5927000E+02 8.6700000E+00 1.3700000E+02 10 5.5160720E+01 1.5927444E-01 3.6019847E-01 -5.7899880E-03 9.2367288E-03 1.0322197E-02 9.7887375E-03 9.5568401E-04 2.6519119E-04 5.2197493E-03 1.7938659E-04 5.3016504E-03 5.6501940E-02 2.7581533E-02 2.9294814E-04 1.6670165E+00 1.9108195E+01 -4.9458911E-02
3.1381000E+02 2.5927000E+02 8.6700000E+00 1.4200000E+02 10 5.5150730E+01 1.6285078E-01 3.6958227E-01 -7.2977210E-03 9.4333268E-03 1.0435331E-02 9.9110248E-03 9.3928494E-04 2.6508252E-04 5.3103544E-03 1.7630840E-04 5.3828569E-03 5.8381594E-02 2.8168063E-02 2.9595361E-04 1.6617823E+00 1.9076503E+01 -5.0705052E-02
3.1381000E+02 2.5927000E+02 8.6700000E+00 1.4700000E+02 10 5.5141353E+01 1.6654443E-01 3.7892287E-01 -8.6859865E-03 9.6716938E-03 1.0568286E-02 1.0052643E-02 9.2376549E-04 2.5955961E-04 5.4230617E-03 1.7339533E-04 5.4845803E-03 6.0093913E-02 2.8879116E-02 2.8629758E-04 1.6597709E+00 1.9033290E+01 -5.1557977E-02
3.1381000E+02 2.5927000E+02 8.6700000E+00 1.5200000E+02 10 5.5133875E+01 1.6961393E-01 3.8657912E-01 -9.7764555E-03 9.8802976E-03 1.0690012E-02 1.0182555E-02 9.0909979E-04 2.5041797E-04 5.5210067E-03 1.7064250E-04 5.5727706E-03 6.1438344E-02 2.9501404E-02 2.6835500E-04 1.6590671E+00 1.8985409E+01 -5.2131262E-02
3.1381000E+02 2.5927000E+02 8.6700000E+00 1.5700000E+02 10 5.5128324E+01 1.7195134E-01 3.9237129E-01 -1.0573095E-02 1.0042725E-02 1.0791564E-02 1.0291847E-02 8.9523348E-04 2.3998087E-04 5.5957109E-03 1.6803973E-04 5.6395593E-03 6.2427320E-02 2.9985972E-02 2.4699665E-04 1.6588373E+00 1.8938118E+01 -5.2517555E-02
3.1381000E+02 2.5927000E+02 8.6700000E+00 1.6200000E+02 10 5.5124310E+01 1.7367826E-01 3.9663700E-01 -1.1138202E-02 1.0164180E-02 1.0873982E-02 1.0381597E-02 8.8209961E-04 2.2991243E-04 5.6498104E-03 1.6557443E-04 5.6873696E-03 6.3139237E-02 3.0348334E-02 2.2580167E-04 1.6587785E+00 1.8895918E+01 -5.2780371E-02
3.1381000E+02 2.5927000E+02 8.6700000E+00 1.6700000E+02 10 5.5121407E+01 1.7495339E-01 3.9978509E-01 -1.1537125E-02 1.0254639E-02 1.0941156E-02 1.0455731E-02 8.6963126E-04 2.2109465E-04 5.6883925E-03 1.6323407E-04 5.7209063E-03 6.3653790E-02 3.0618238E-02 2.0683203E-04 1.6587895E+00 1.8862161E+01 -5.2961780E-02
3.1381000E+02 2.5927000E+02 8.6700000E+00 1.6800000E+02 10 5.5113826E+01 1.8935026E-01 4.3194516E-01 -1.1610776E-02 1.2596320E-02 1.2903853E-02 1.2419805E-02 8.6716369E-04 2.4334408E-04 6.8678917E-03 1.6277089E-04 6.8635194E-03 6.3772061E-02 3.7611111E-02 2.4662847E-04 1.8011775E+00 1.8630985E+01 -3.9659182E-02
3.1381000E+02 2.5927000E+02 8.6700000E+00 1.6900000E+02 10 5.5113397E+01 1.8942497E-01 4.3214533E-01 -1.1678791E-02 1.2587643E-02 1.2891516E-02 1.2408831E-02 8.6472167E-04 2.4333699E-04 6.8626493E-03 1.6231251E-04 6.8565238E-03 6.3858659E-02 3.7584854E-02 2.3869241E-04 1.7992975E+00 1.8632215E+01 -3.9840527E-02
3.1381000E+02 2.5927000E+02 8.6700000E+00 1.7400000E+02 10 5.5126038E+01 1.6877192E-01 3.9543079E-01 -1.5612158E-02 1.0144384E-02 1.0889186E-02 1.0412993E-02 8.5309263E-04 2.1090139E-04 5.6225788E-03 1.6012968E-04 5.6538014E-03 6.2946172E-02 3.0288846E-02 1.7902803E-04 1.7099536E+00 1.8786698E+01 -4.8037958E-02
3.1381000E+02 2.5927000E+02 8.6700000E+00 1.7500000E+02 10 5.5121183E+01 1.7983827E-01 4.2342626E-01 -1.6546801E-02 1.2249846E-02 1.2830588E-02 1.2355680E-02 8.5078961E-04 2.2955492E-04 6.6787704E-03 1.5969739E-04 6.6862679E-03 6.2734839E-02 3.6578127E-02 2.1447153E-04 1.8763995E+00 1.8522248E+01 -3.4207499E-02
3.1381000E+02 2.5927000E+02 8.6700000E+00 1.7600000E+02 10 5.5123195E+01 1.7740354E-01 4.2091907E-01 -1.7609426E-02 1.2139009E-02 1.2804463E-02 1.2330828E-02 8.4850893E-04 2.2826617E-04 6.6202043E-03 1.5926930E-04 6.6317782E-03 6.2454166E-02 3.6247618E-02 2.0782977E-04 1.8932358E+00 1.8509477E+01 -3.3082937E-02
3.1381000E+02 2.5927000E+02 8.6700000E+00 1.8100000E+02 10 5.5080301E+01 1.7065027E-01 4.2450534E-01 -2.7600775E-02 9.6086673E-03 1.0804449E-02 1.0336893E-02 8.3761696E-04 1.9564660E-04 5.3343417E-03 1.5722482E-04 5.3899553E-03 7.1867342E-02 2.8692661E-02 1.5651723E-04 1.6667742E+00 1.8818582E+01 -5.6357202E-02
3.1381000E+02 2.5927000E+02 8.6700000E+00 1.8600000E+02 10 5.5003693E+01 1.8923395E-01 4.8286609E-01 -3.8379935E-02 9.7680292E-03 1.0852847E-02 1.0391109E-02 8.2719534E-04 1.9199403E-04 5.4107350E-03 1.5526863E-04 5.4566035E-03 8.5966064E-02 2.9167533E-02 1.5371464E-04 1.5756395E+00 1.8898539E+01 -7.3279806E-02
3.1381000E+02 2.5927000E+02 8.6700000E+00 1.9100000E+02 10 5.4929681E+01 2.1099131E-01 5.4302665E-01 -4.7531598E-02 1.0333492E-02 1.0936675E-02 1.0480512E-02 8.1720820E-04 1.9607585E-04 5.7005304E-03 1.5339400E-04 5.7119324E-03 9.9285146E-02 3.0851444E-02 1.5549471E-04 1.5115221E+00 1.8954803E+01 -8.8588976E-02
3.1381000E+02 2.5927000E+02 8.6700000E+00 1.9600000E+02 10 5.4870105E+01 2.3035797E-01 5.9356653E-01 -5.4472095E-02 1.1017336E-02 1.1022155E-02 1.0571342E-02 8.0762391E-04 2.0442767E-04 6.0532162E-03 1.5159498E-04 6.0218286E-03 1.0984435E-01 3.2887514E-02 1.5854922E-04 1.4718800E+00 1.8989404E+01 -1.0007752E-01
3.1381000E+02 2.5927000E+02 8.6700000E+00 2.0100000E+02 10 5.4825954E+01 2.4568863E-01 6.3227023E-01 -5.9467628E-02 1.1657134E-02 1.1098057E-02 1.0652384E-02 7.9841435E-04 2.1472532E-04 6.3833494E-03 1.4986630E-04 6.3111882E-03 1.1757973E-01 3.4792303E-02 1.6135226E-04 1.4482241E+00 1.9010008E+01 -1.0800699E-01
3.1381000E+02 2.5927000E+02 8.6700000E+00 2.0600000E+02 10 5.4794360E+01 2.5720382E-01 6.6074326E-01 -6.2996252E-02 1.2195523E-02 1.1163598E-02 1.0722871E-02 7.8955433E-04 2.2551295E-04 6.6605806E-03 1.4820323E-04 6.5536969E-03 1.2306420E-01 3.6395188E-02 1.6349767E-04 1.4342543E+00 1.9022150E+01 -1.1327997E-01
3.1381000E+02 2.5927000E+02 8.6700000E+00 2.1100000E+02 10 5.4771942E+01 2.6569007E-01 6.8145214E-01 -6.5491727E-02 1.2627923E-02 1.1221154E-02 1.0785190E-02 7.8102121E-04 2.3586013E-04 6.8823715E-03 1.4660152E-04 6.7473733E-03 1.2692692E-01 3.7682616E-02 1.6500867E-04 1.4260251E+00 1.9029261E+01 -1.1674559E-01
3.1381000E+02 2.5927000E+02 8.6700000E+00 2.1600000E+02 10 5.4755916E+01 2.7194388E-01 6.9659660E-01 -6.7280526E-02 1.2969271E-02 1.1273276E-02 1.0841904E-02 7.7279451E-04 2.4523560E-04 7.0565122E-03 1.4505733E-04 6.8991700E-03 1.2967212E-01 3.8699068E-02 1.6602221E-04 1.4211810E+00 1.9033402E+01 -1.1903189E-01
3.1381000E+02 2.5927000E+02 8.6700000E+00 2.2100000E+02 10 5.4744263E+01 2.7660473E-01 7.0784541E-01 -6.8589766E-02 1.3238481E-02 1.1321847E-02 1.0894907E-02 7.6485566E-04 2.5340775E-04 7.1928889E-03 1.4356717E-04 7.0178645E-03 1.3165967E-01 3.9500836E-02 1.6667948E-04 1.4183384E+00 1.9035792E+01 -1.2056060E-01
3.1381000E+02 2.5927000E+02 8.6700000E+00 2.2600000E+02 10 5.4735595E+01 2.8014077E-01 7.1638042E-01 -6.9572052E-02 1.3452586E-02 1.1368055E-02 1.0945395E-02 7.5718778E-04 2.6035018E-04 7.3004039E-03 1.4212787E-04 7.1113551E-03 1.3313371E-01 4.0138603E-02 1.6709391E-04 1.4166879E+00 1.9037139E+01 -1.2160285E-01
3.1381000E+02 2.5927000E+02 8.6700000E+00 2.3100000E+02 10 5.4728985E+01 2.8288034E-01 7.2301324E-01 -7.0328653E-02 1.3625151E-02 1.1412582E-02 1.0994060E-02 7.4977545E-04 2.6615772E-04 7.3861827E-03 1.4073654E-04 7.1858943E-03 1.3425646E-01 4.0652733E-02 1.6734660E-04 1.4157538E+00 1.9037866E+01 -1.2233015E-01
3.1381000E+02 2.5927000E+02 8.6700000E+00 2.3600000E+02 10 5.4723811E+01 2.8505009E-01 7.2829531E-01 -7.0926786E-02 1.3766403E-02 1.1455791E-02 1.1041272E-02 7.4260459E-04 2.7097519E-04 7.4556056E-03 1.3939053E-04 7.2461812E-03 1.3513521E-01 4.1073651E-02 1.6749388E-04 1.4152537E+00 1.9038223E+01 -1.2285078E-01
3.1381000E+02 2.5927000E+02 8.6700000E+00 2.4100000E+02 10 5.4719659E+01 2.8680627E-01 7.3260189E-01 -7.1411402E-02 1.3883888E-02 1.1497859E-02 1.1087215E-02 7.3566228E-04 2.7495864E-04 7.5126221E-03 1.3808743E-04 7.2957024E-03 1.3584122E-01 4.1423812E-02 1.6757378E-04 1.4150185E+00 1.9038358E+01 -1.2323346E-01
3.1381000E+02 2.5927000E+02 8.6700000E+00 2.4600000E+02 10 5.4716250E+01 2.8825675E-01 7.3618998E-01 -7.1812933E-02 1.3983117E-02 1.1538861E-02 1.1131971E-02 7.2893663E-04 2.7825508E-04 7.5601099E-03 1.3682499E-04 7.3370069E-03 1.3642236E-01 4.1719617E-02 1.6761169E-04 1.4149456E+00 1.9038363E+01 -1.2352233E-01
3.1381000E+02 2.5927000E+02 8.6700000E+00 2.5100000E+02 10 5.4713391E+01 2.8947685E-01 7.3923770E-01 -7.2152296E-02 1.4068117E-02 1.1578825E-02 1.1175574E-02 7.2241670E-04 2.8099333E-04 7.6001815E-03 1.3560117E-04 7.3719425E-03 1.3691120E-01 4.1973039E-02 1.6762478E-04 1.4149717E+00 1.9038291E+01 -1.2374616E-01
3.1381000E+02 2.5927000E+02 8.6700000E+00 2.5600000E+02 10 5.4710950E+01 2.9051977E-01 7.4187019E-01 -7.2444114E-02 1.4141836E-02 1.1617751E-02 1.1218031E-02 7.1609238E-04 2.8328066E-04 7.6344037E-03 1.3441406E-04 7.4018433E-03 1.3733026E-01 4.2192860E-02 1.6762329E-04 1.4150575E+00 1.9038176E+01 -1.2392402E-01
3.1381000E+02 2.5927000E+02 8.6700000E+00 2.6100000E+02 10 5.4708832E+01 2.9142379E-01 7.4417693E-01 -7.2698802E-02 1.4206468E-02 1.1655631E-02 1.1259337E-02 7.0995430E-04 2.8520453E-04 7.6639515E-03 1.3326191E-04 7.4276878E-03 1.3769541E-01 4.2385608E-02 1.6761400E-04 1.4151778E+00 1.9038038E+01 -1.2406880E-01
3.1381000E+02 2.5927000E+02 8.6700000E+00 2.6400000E+02 10 5.4702712E+01 3.0186611E-01 7.6519899E-01 -7.2840075E-02 1.5746662E-02 1.2586392E-02 1.2192117E-02 7.0633656E-04 3.0291713E-04 8.4493662E-03 1.3258285E-04 8.1644598E-03 1.3790484E-01 4.6980390E-02 1.8772194E-04 1.4521149E+00 1.8956822E+01 -1.1617735E-01
3.1381000E+02 2.5927000E+02 8.6700000E+00 2.6500000E+02 10 5.4697426E+01 3.1188472E-01 7.8526903E-01 -7.2885946E-02 1.7248961E-02 1.3525546E-02 1.3131941E-02 7.0513781E-04 3.1760555E-04 9.2157110E-03 1.3235784E-04 8.8864500E-03 1.3797689E-01 5.1462744E-02 2.0661138E-04 1.4912202E+00 1.8850274E+01 -1.0824291E-01
3.1381000E+02 2.5927000E+02 8.6700000E+00 2.7000000E+02 10 5.4705044E+01 2.9437277E-01 7.5105752E-01 -7.3054847E-02 1.4570825E-02 1.1914766E-02 1.1523683E-02 7.0061836E-04 2.9703961E-04 7.8445032E-03 1.3150951E-04 7.5952649E-03 1.3820546E-01 4.3472582E-02 1.6849674E-04 1.4223484E+00 1.9028621E+01 -1.2273276E-01
3.1381000E+02 2.5927000E+02 8.6700000E+00 2.7500000E+02 10 5.4702201E+01 2.9800321E-01 7.5868200E-01 -7.3214446E-02 1.5076486E-02 1.2245627E-02 1.1857321E-02 6.9564479E-04 3.0156292E-04 8.0996387E-03 1.3057595E-04 7.8346648E-03 1.3843738E-01 4.4981357E-02 1.7543955E-04 1.4339237E+00 1.9003551E+01 -1.2030782E-01
3.1381000E+02 2.5927000E+02 8.6700000E+00 2.8000000E+02 10 5.4699718E+01 3.0104355E-01 7.6520188E-01 -7.3364103E-02 1.5499943E-02 1.2541754E-02 1.2156295E-02 6.9054332E-04 3.0664285E-04 8.3124287E-03 1.2961838E-04 8.0347760E-03 1.3865460E-01 4.6245019E-02 1.7904966E-04 1.4438633E+00 1.8986222E+01 -1.1827168E-01
3.1381000E+02 2.5927000E+02 8.6700000E+00 2.8500000E+02 10 5.4697673E+01 3.0333813E-01 7.7033177E-01 -7.3503344E-02 1.5819742E-02 1.2791719E-02 1.2409062E-02 6.8552337E-04 3.1115222E-04 8.4719892E-03 1.2867611E-04 8.1855231E-03 1.3885661E-01 4.7199607E-02 1.8080550E-04 1.4515658E+00 1.8974819E+01 -1.1673196E-01
3.1381000E+02 2.5927000E+02 8.6700000E+00 2.8900000E+02 10 5.4693968E+01 3.0941723E-01 7.8298892E-01 -7.3608287E-02 1.6726657E-02 1.3408521E-02 1.3028054E-02 6.8159989E-04 3.2197577E-04 8.9321836E-03 1.2793965E-04 8.6194818E-03 1.3901190E-01 4.9905905E-02 1.9027604E-04 1.4748110E+00 1.8927313E+01 -1.1199092E-01
3.1381000E+02 2.5927000E+02 8.6700000E+00 2.9000000E+02 10 5.4686450E+01 3.2418191E-01 8.1281409E-01 -7.3634124E-02 1.8968597E-02 1.4868649E-02 1.4488726E-02 6.8062526E-04 3.4075331E-04 1.0074813E-02 1.2775671E-04 9.6995809E-03 1.3905807E-01 5.6596054E-02 2.1699250E-04 1.5370819E+00 1.8739236E+01 -9.9952024E-02
3.1381000E+02 2.5927000E+02 8.6700000E+00 2.9500000E+02 10 5.4735491E+01 2.9486392E-01 7.4492218E-01 -6.8832677E-02 1.6012468E-02 1.3063121E-02 1.2685824E-02 6.7592093E-04 3.1844384E-04 8.5627867E-03 1.2687368E-04 8.2728844E-03 1.3179069E-01 4.7775761E-02 1.7765581E-04 1.4914117E+00 1.8941325E+01 -1.0572140E-01
3.1381000E+02 2.5927000E+02 8.6700000E+00 3.0000000E+02 10 5.4797298E+01 2.7859994E-01 6.9852444E-01 -6.1338810E-02 1.5897044E-02 1.3181007E-02 1.2806247E-02 6.7137782E-04 3.1475065E-04 8.4963055E-03 1.2602092E-04 8.2198125E-03 1.2047392E-01 4.7434058E-02 1.7733904E-04 1.5507709E+00 1.8877932E+01 -9.0495864E-02
3.1381000E+02 2.5927000E+02 8.6700000E+00 3.0100000E+02 10 5.4802068E+01 2.9176947E-01 7.2355044E-01 -5.9758501E-02 1.8471811E-02 1.5107244E-02 1.4732986E-02 6.7047556E-04 3.3565941E-04 9.8013631E-03 1.2585156E-04 9.4696046E-03 1.1810053E-01 5.5121071E-02 2.1136423E-04 1.6597861E+00 1.8614524E+01 -7.2875875E-02
3.1381000E+02 2.5927000E+02 8.6700000E+00 3.0200000E+02 10 5.4815889E+01 2.8750015E-01 7.1227344E-01 -5.8126212E-02 1.8351455E-02 1.5116900E-02 1.4743143E-02 6.6957956E-04 3.3743695E-04 9.7373797E-03 1.2568338E-04 9.4134605E-03 1.1563511E-01 5.4762990E-02 2.0820759E-04 1.6752175E+00 1.8615385E+01 -6.9988082E-02
3.1381000E+02 2.5927000E+02 8.6700000E+00 3.0300000E+02 10 5.4832080E+01 2.8185298E-01 6.9790909E-01 -5.6257770E-02 1.8104477E-02 1.5069209E-02 1.4693685E-02 6.7274374E-04 3.3836708E-04 9.6108671E-03 1.2627731E-04 9.3000494E-03 1.1280415E-01 5.4027233E-02 2.0392389E-04 1.6895121E+00 1.8620829E+01 -6.7230048E-02
3.1381000E+02 2.5927000E+02 8.6700000E+00 3.0800000E+02 10 5.4908150E+01 2.4227264E-01 6.0350595E-01 -4.8390655E-02 1.4533849E-02 1.2929597E-02 1.2553309E-02 6.7411345E-04 2.9862745E-04 7.7868885E-03 1.2653441E-04 7.5847729E-03 1.0089639E-01 4.3374232E-02 1.5897651E-04 1.6404367E+00 1.8811353E+01 -6.9880311E-02
3.1381000E+02 2.5927000E+02 8.6700000E+00 3.1300000E+02 10 5.4959430E+01 2.2436297E-01 5.5817749E-01 -4.2479710E-02 1.3745726E-02 1.2826503E-02 1.2450376E-02 6.7382575E-04 2.8057420E-04 7.3738520E-03 1.2648041E-04 7.2181086E-03 9.1962881E-02 4.1027521E-02 1.5437644E-04 1.6858066E+00 1.8763556E+01 -6.1150615E-02
3.1381000E+02 2.5927000E+02 8.6700000E+00 3.1800000E+02 10 5.4996462E+01 2.1101257E-01 5.2514099E-01 -3.8241720E-02 1.3127707E-02 1.2804257E-02 1.2428014E-02 6.7403274E-04 2.6487427E-04 7.0488301E-03 1.2651926E-04 6.9324829E-03 8.5554509E-02 3.9187625E-02 1.5023690E-04 1.7219052E+00 1.8725201E+01 -5.5008125E-02
3.1381000E+02 2.5927000E+02 8.6700000E+00 3.2300000E+02 10 5.5022834E+01 2.0103466E-01 5.0112002E-01 -3.5257960E-02 1.2625167E-02 1.2815948E-02 1.2439339E-02 6.7468745E-04 2.5113960E-04 6.7841634E-03 1.2664215E-04 6.7012608E-03 8.1038714E-02 3.7691461E-02 1.4647348E-04 1.7479389E+00 1.8697784E+01 -5.0900875E-02
3.1381000E+02 2.5927000E+02 8.6700000E+00 3.2800000E+02 10 5.5041639E+01 1.9351528E-01 4.8351185E-01 -3.3160266E-02 1.2210357E-02 1.2836527E-02 1.2459485E-02 6.7546491E-04 2.3928470E-04 6.5655792E-03 1.2678809E-04 6.5107458E-03 7.7860282E-02 3.6456260E-02 1.4319303E-04 1.7653651E+00 1.8679641E+01 -4.8234246E-02
3.1381000E+02 2.5927000E+02 8.6700000E+00 3.2900000E+02 10 5.5039119E+01 2.0416433E-01 5.0829563E-01 -3.2773347E-02 1.4173763E-02 1.4730265E-02 1.4353135E-02 6.7562259E-04 2.5460057E-04 7.5513614E-03 1.2681768E-04 7.4763637E-03 7.7289393E-02 4.2322021E-02 1.7337071E-04 1.9123877E+00 1.8402905E+01 -3.5671375E-02
3.1381000E+02 2.5927000E+02 8.6700000E+00 3.3000000E+02 10 5.5042423E+01 2.0267675E-01 5.0489467E-01 -3.2416376E-02 1.4073103E-02 1.4714709E-02 1.4337491E-02 6.7577979E-04 2.5398954E-04 7.4992506E-03 1.2684719E-04 7.4289208E-03 7.6747292E-02 4.2021810E-02 1.7062992E-04 1.9147838E+00 1.8414162E+01 -3.5378583E-02
3.1381000E+02 2.5927000E+02 8.6700000E+00 3.3500000E+02 10 5.5036682E+01 1.9294742E-01 4.8107319E-01 -3.1600659E-02 1.1573439E-02 1.2749545E-02 1.2372001E-02 6.7636379E-04 2.2548328E-04 6.2335060E-03 1.2695681E-04 6.2132904E-03 7.9189693E-02 3.4557750E-02 1.3527882E-04 1.6982304E+00 1.8755884E+01 -5.5261913E-02
3.1381000E+02 2.5927000E+02 8.6700000E+00 3.4000000E+02 10 5.5009365E+01 2.0338454E-01 5.0127983E-01 -3.1343300E-02 1.1593059E-02 1.2739606E-02 1.2361893E-02 6.7666529E-04 2.2123803E-04 6.2443694E-03 1.2701340E-04 6.2218178E-03 8.4188196E-02 3.4615302E-02 1.3810631E-04 1.6218074E+00 1.8828162E+01 -6.5576626E-02
3.1381000E+02 2.5927000E+02 8.6700000E+00 3.4500000E+02 10 5.4980235E+01 2.1630119E-01 5.2585010E-01 -3.1299072E-02 1.1937157E-02 1.2761416E-02 1.2383703E-02 6.7666747E-04 2.2292952E-04 6.4256889E-03 1.2701381E-04 6.3803173E-03 8.9295434E-02 3.5639034E-02 1.4301109E-04 1.5665249E+00 1.8880193E+01 -7.4527404E-02
3.1381000E+02 2.5927000E+02 8.6700000E+00 3.5000000E+02 10 5.4955686E+01 2.2817793E-01 5.4807022E-01 -3.1299581E-02 1.2390811E-02 1.2790967E-02 1.2413411E-02 6.7638454E-04 2.2736243E-04 6.6648621E-03 1.2696071E-04 6.5888548E-03 9.3485189E-02 3.6988910E-02 1.4803046E-04 1.5308639E+00 1.8913774E+01 -8.1122092E-02
3.1381000E+02 2.5927000E+02 8.6700000E+00 3.5500000E+02 10 5.4937103E+01 2.3776882E-01 5.6574424E-01 -3.1286353E-02 1.2827222E-02 1.2817615E-02 1.2440362E-02 6.7584324E-04 2.3260178E-04 6.8951249E-03 1.2685910E-04 6.7889045E-03 9.6591414E-02 3.8287476E-02 1.5227804E-04 1.5087261E+00 1.8934733E+01 -8.5613507E-02
3.1381000E+02 2.5927000E+02 8.6700000E+00 3.6000000E+02 10 5.4923761E+01 2.4503514E-01 5.7894588E-01 -3.1249102E-02 1.3196426E-02 1.2838738E-02 1.2461914E-02 6.7507354E-04 2.3780870E-04 7.0899991E-03 1.2671462E-04 6.9576315E-03 9.8782540E-02 3.9386057E-02 1.5557452E-04 1.4951274E+00 1.8947696E+01 -8.8557917E-02
3.1381000E+02 2.5927000E+02 8.6700000E+00 3.6500000E+02 10 5.4914410E+01 2.5037778E-01 5.8852151E-01 -3.1193347E-02 1.3490152E-02 1.2854919E-02 1.2478636E-02 6.7410458E-04 2.4270141E-04 7.2449799E-03 1.2653275E-04 7.0914210E-03 1.0029439E-01 4.0260061E-02 1.5802570E-04 1.4867537E+00 1.8955736E+01 -9.0458791E-02
3.1381000E+02 2.5927000E+02 8.6700000E+00 3.7000000E+02 10 5.4907900E+01 2.5426577E-01 5.9539872E-01 -3.1127202E-02 1.3717225E-02 1.2867510E-02 1.2491864E-02 6.7296308E-04 2.4717588E-04 7.3646276E-03 1.2631848E-04 7.1944741E-03 1.0133183E-01 4.0935759E-02 1.5981176E-04 1.4815453E+00 1.8960770E+01 -9.1684525E-02
3.1381000E+02 2.5927000E+02 8.6700000E+00 3.7500000E+02 10 5.4903349E+01 2.5710078E-01 6.0034934E-01 -3.1057223E-02 1.3891009E-02 1.2877721E-02 1.2502796E-02 6.7167289E-04 2.5118624E-04 7.4559504E-03 1.2607631E-04 7.2730175E-03 1.0204739E-01 4.1452919E-02 1.6110338E-04 1.4782555E+00 1.8963971E+01 -9.2481313E-02
3.1381000E+02 2.5927000E+02 8.6700000E+00 3.8000000E+02 10 5.4900133E+01 2.5918848E-01 6.0394981E-01 -3.0987756E-02 1.4024176E-02 1.2886408E-02 1.2512274E-02 6.7025513E-04 2.5472041E-04 7.5256348E-03 1.2581018E-04 7.3329106E-03 1.0254700E-01 4.1849245E-02 1.6203775E-04 1.4761371E+00 1.8966047E+01 -9.3006782E-02
3.1381000E+02 2.5927000E+02 8.6700000E+00 3.8500000E+02 10 5.4897824E+01 2.6074917E-01 6.0660933E-01 -3.0921338E-02 1.4127076E-02 1.2894108E-02 1.2520826E-02 6.6872833E-04 2.5777874E-04 7.5791673E-03 1.2552360E-04 7.3789125E-03 1.0290190E-01 4.2155525E-02 1.6271711E-04 1.4747412E+00 1.8967425E+01 -9.3360030E-02
3.1381000E+02 2.5927000E+02 8.6700000E+00 3.9000000E+02 10 5.4896132E+01 2.6193744E-01 6.0861144E-01 -3.0859270E-02 1.4207607E-02 1.2901135E-02 1.2528757E-02 6.6710877E-04 2.6038199E-04 7.6207506E-03 1.2521960E-04 7.4146412E-03 1.0315930E-01 4.2395253E-02 1.6321519E-04 1.4737966E+00 1.8968367E+01 -9.3603058E-02
3.1381000E+02 2.5927000E+02 8.6700000E+00 3.9500000E+02 10 5.4894867E+01 2.6286055E-01 6.1015068E-01 -3.0802070E-02 1.4271595E-02 1.2907664E-02 1.2536234E-02 6.6541068E-04 2.6257413E-04 7.6534957E-03 1.2490086E-04 7.4427596E-03 1.0335044E-01 4.2585763E-02 1.6358402E-04 1.4731376E+00 1.8969031E+01 -9.3774784E-02
3.1381000E+02 2.5927000E+02 8.6700000E+00 4.0000000E+02 10 5.4893897E+01 2.6359274E-01 6.1136039E-01 -3.0749800E-02 1.4323275E-02 1.2913786E-02 1.2543340E-02 6.6364654E-04 2.6440993E-04 7.6796681E-03 1.2456972E-04 7.4651990E-03 1.0349599E-01 4.2739648E-02 1.6386022E-04 1.4726621E+00 1.8969516E+01 -9.3899830E-02
3.1381000E+02 2.5927000E+02 8.6700000E+00 4.0500000E+02 10 5.4893137E+01 2.6418562E-01 6.1233231E-01 -3.0702270E-02 1.4365707E-02 1.2919549E-02 1.2550119E-02 6.6182724E-04 2.6594366E-04 7.7009091E-03 1.2422823E-04 7.4833546E-03 1.0360978E-01 4.2866010E-02 1.6406937E-04 1.4723059E+00 1.8969884E+01 -9.3993925E-02
3.1381000E+02 2.5927000E+02 8.6700000E+00 4.1000000E+02 10 5.4892527E+01 2.6467531E-01 6.1313003E-01 -3.0659158E-02 1.4401106E-02 1.2924980E-02 1.2556591E-02 6.5996233E-04 2.6722685E-04 7.7184062E-03 1.2387818E-04 7.4982391E-03 1.0370110E-01 4.2971437E-02 1.6422958E-04 1.4720285E+00 1.8970174E+01 -9.4067230E-02
3.1381000E+02 2.5927000E+02 8.6700000E+00 4.1200000E+02 10 5.4885301E+01 2.7892747E-01 6.4186544E-01 -3.0642598E-02 1.6575043E-02 1.4296506E-02 1.3928537E-02 6.5920964E-04 2.8916517E-04 8.8290513E-03 1.2373689E-04 8.5428995E-03 1.0374494E-01 4.9458111E-02 1.9312232E-04 1.5406359E+00 1.8817735E+01 -8.2553819E-02
3.1381000E+02 2.5927000E+02 8.6700000E+00 4.1700000E+02 10 5.4892423E+01 2.6407049E-01 6.1184511E-01 -3.0605091E-02 1.4272657E-02 1.2845744E-02 1.2478845E-02 6.5729377E-04 2.6944608E-04 7.6515315E-03 1.2337727E-04 7.4338477E-03 1.0380276E-01 4.2587990E-02 1.6049962E-04 1.4669346E+00 1.8982714E+01 -9.5010916E-02
3.1381000E+02 2.5927000E+02 8.6700000E+00 4.2200000E+02 10 5.4892053E+01 2.6436047E-01 6.1225408E-01 -3.0571098E-02 1.4288223E-02 1.2838265E-02 1.2472450E-02 6.5535060E-04 2.6821444E-04 7.6586700E-03 1.2301253E-04 7.4393331E-03 1.0386264E-01 4.2634291E-02 1.6222239E-04 1.4664041E+00 1.8980043E+01 -9.5116513E-02
3.1381000E+02 2.5927000E+02 8.6700000E+00 4.2700000E+02 10 5.4891569E+01 2.6494508E-01 6.1322681E-01 -3.0540258E-02 1.4349697E-02 1.2854574E-02 1.2489856E-02 6.5338612E-04 2.6855690E-04 7.6895242E-03 1.2264379E-04 7.4665570E-03 1.0391456E-01 4.2817468E-02 1.6339887E-04 1.4672812E+00 1.8977120E+01 -9.4969155E-02
3.1381000E+02 2.5927000E+02 8.6700000E+00 4.2900000E+02 10 5.4884334E+01 2.7933548E-01 6.4217314E-01 -3.0528404E-02 1.6545566E-02 1.4228040E-02 1.3863762E-02 6.5259728E-04 2.9045095E-04 8.8118858E-03 1.2249572E-04 8.5211309E-03 1.0394469E-01 4.9369435E-02 1.9284417E-04 1.5360165E+00 1.8824713E+01 -8.3329702E-02
3.1381000E+02 2.5927000E+02 8.6700000E+00 4.3000000E+02 10 5.4882095E+01 2.8375969E-01 6.5113390E-01 -3.0522595E-02 1.7219538E-02 1.4671105E-02 1.4307048E-02 6.5220214E-04 2.9879066E-04 9.1558822E-03 1.2242155E-04 8.8451795E-03 1.0395663E-01 5.1380613E-02 1.9970839E-04 1.5591339E+00 1.8767787E+01 -7.9723329E-02
3.1381000E+02 2.5927000E+02 8.6700000E+00 4.3500000E+02 10 5.4890724E+01 2.6645943E-01 6.1639875E-01 -3.0489026E-02 1.4581865E-02 1.3028347E-02 1.2662343E-02 6.5568984E-04 2.7787342E-04 7.8101006E-03 1.2307621E-04 7.5793591E-03 1.0393402E-01 4.3509892E-02 1.6310648E-04 1.4740908E+00 1.8970119E+01 -9.3765283E-02
3.1381000E+02 2.5927000E+02 8.6700000E+00 4.3600000E+02 10 5.4881139E+01 2.8571602E-01 6.5531346E-01 -3.0482762E-02 1.7529713E-02 1.4927294E-02 1.4560988E-02 6.5623059E-04 3.0234432E-04 9.3157593E-03 1.2317771E-04 8.9989074E-03 1.0394779E-01 5.2306627E-02 2.0379067E-04 1.5706869E+00 1.8727991E+01 -7.7965850E-02
3.1381000E+02 2.5927000E+02 8.6700000E+00 4.3700000E+02 10 5.4881968E+01 2.8588488E-01 6.5523222E-01 -3.0258041E-02 1.7578983E-02 1.4961872E-02 1.4595418E-02 6.5649659E-04 3.0638440E-04 9.3414935E-03 1.2322764E-04 9.0223113E-03 1.0376349E-01 5.2453423E-02 2.0218101E-04 1.5729561E+00 1.8735378E+01 -7.7549658E-02
3.1381000E+02 2.5927000E+02 8.6700000E+00 4.3800000E+02 10 5.4884813E+01 2.8560881E-01 6.5343234E-01 -2.9606625E-02 1.7606590E-02 1.4986857E-02 1.4620332E-02 6.5662215E-04 3.0960003E-04 9.3559101E-03 1.2325121E-04 9.0353841E-03 1.0321886E-01 5.2535654E-02 2.0095039E-04 1.5754433E+00 1.8739809E+01 -7.6940191E-02
3.1381000E+02 2.5927000E+02 8.6700000E+00 4.4300000E+02 10 5.4943074E+01 2.6134671E-01 5.8272700E-01 -1.8574067E-02 1.5054931E-02 1.3383631E-02 1.3019433E-02 6.5245491E-04 2.8624746E-04 8.0492051E-03 1.2246899E-04 7.8050141E-03 9.3931454E-02 4.4921609E-02 1.6700241E-04 1.5084975E+00 1.8926927E+01 -8.2859640E-02
3.1381000E+02 2.5927000E+02 8.6700000E+00 4.4400000E+02 10 5.4945220E+01 2.7785395E-01 6.1169462E-01 -1.6100757E-02 1.7864611E-02 1.5286272E-02 1.4922450E-02 6.5178144E-04 3.0847066E-04 9.4808080E-03 1.2234258E-04 9.1605370E-03 9.1863198E-02 5.3307442E-02 2.0511104E-04 1.6192474E+00 1.8662156E+01 -6.5900739E-02
3.1381000E+02 2.5927000E+02 8.6700000E+00 4.4500000E+02 10 5.4957397E+01 2.7613569E-01 6.0301953E-01 -1.3400550E-02 1.7893215E-02 1.5330460E-02 1.4966887E-02 6.5133480E-04 3.1131904E-04 9.4948072E-03 1.2225875E-04 9.1743515E-03 8.9586963E-02 5.3392935E-02 2.0355914E-04 1.6281567E+00 1.8663176E+01 -6.3810809E-02
3.1381000E+02 2.5927000E+02 8.6700000E+00 4.5000000E+02 10 5.5022905E+01 2.5219874E-01 5.2955703E-01 -6.2999353E-04 1.5587365E-02 1.3888779E-02 1.3525667E-02 6.5050862E-04 2.9150855E-04 8.3160348E-03 1.2210367E-04 8.0645377E-03 7.8799850E-02 4.6512245E-02 1.7283993E-04 1.5661161E+00 1.8852449E+01 -6.7129968E-02
3.1381000E+02 2.5927000E+02 8.6700000E+00 4.5300000E+02 10 5.5051314E+01 2.5636893E-01 5.2479365E-01 6.6358298E-03 1.7051735E-02 1.5038746E-02 1.4675995E-02 6.4986211E-04 3.0379746E-04 9.0581259E-03 1.2198231E-04 8.7755463E-03 7.2677919E-02 5.0884640E-02 1.9155334E-04 1.6540589E+00 1.8695965E+01 -5.3811370E-02
3.1381000E+02 2.5927000E+02 8.6700000E+00 4.5400000E+02 10 5.5058275E+01 2.6234802E-01 5.3334289E-01 9.0048492E-03 1.8271231E-02 1.6032240E-02 1.5669628E-02 6.4961390E-04 3.1321865E-04 9.6752982E-03 1.2193572E-04 9.3691103E-03 7.0684865E-02 5.4526310E-02 2.0485237E-04 1.7316290E+00 1.8518437E+01 -4.5225513E-02
3.1381000E+02 2.5927000E+02 8.6700000E+00 4.5900000E+02 10 5.5117495E+01 2.3624680E-01 4.5850563E-01 2.0037968E-02 1.5417664E-02 1.4176049E-02 1.3815204E-02 6.4644863E-04 2.8613530E-04 8.2169671E-03 1.2134159E-04 7.9917315E-03 6.1384821E-02 4.6010259E-02 1.6857012E-04 1.6194782E+00 1.8802595E+01 -5.2866689E-02
3.1381000E+02 2.5927000E+02 8.6700000E+00 4.6400000E+02 10 5.5156744E+01 2.2805245E-01 4.2649785E-01 2.8439373E-02 1.5100475E-02 1.4182523E-02 1.3823292E-02 6.4355666E-04 2.7727984E-04 8.0477152E-03 1.2079875E-04 7.8433822E-03 5.4321593E-02 4.5066032E-02 1.6697102E-04 1.6338097E+00 1.8786800E+01 -4.8338938E-02
3.1381000E+02 2.5927000E+02 8.6700000E+00 4.6900000E+02 10 5.5185652E+01 2.2196713E-01 4.0297615E-01 3.4629290E-02 1.4864537E-02 1.4212860E-02 1.3855150E-02 6.4083157E-04 2.6979740E-04 7.9211549E-03 1.2028724E-04 7.7328873E-03 4.9126919E-02 4.4363676E-02 1.6571445E-04 1.6458305E+00 1.8773058E+01 -4.4984370E-02
3.1381000E+02 2.5927000E+02 8.6700000E+00 4.7400000E+02 10 5.5206903E+01 2.1732890E-01 3.8552808E-01 3.9168118E-02 1.4669048E-02 1.4248555E-02 1.3892337E-02 6.3815950E-04 2.6327107E-04 7.8159599E-03 1.1978568E-04 7.6410196E-03 4.5327335E-02 4.3781605E-02 1.6448806E-04 1.6545986E+00 1.8763177E+01 -4.2610446E-02
3.1381000E+02 2.5927000E+02 8.6700000E+00 4.7900000E+02 10 5.5222631E+01 2.1370877E-01 3.7238973E-01 4.2512805E-02 1.4497491E-02 1.4279708E-02 1.3924952E-02 6.3553840E-04 2.5749981E-04 7.7235083E-03 1.1929368E-04 7.5600524E-03 4.2536330E-02 4.3270610E-02 1.6330227E-04 1.6602281E+00 1.8756958E+01 -4.0982073E-02
3.1381000E+02 2.5927000E+02 8.6700000E+00 4.8100000E+02 10 5.5222946E+01 2.2287447E-01 3.9069630E-01 4.3685787E-02 1.6138199E-02 1.5649383E-02 1.5295208E-02 6.3449916E-04 2.6839162E-04 8.5532706E-03 1.1909861E-04 8.3580845E-03 4.1568812E-02 4.8169841E-02 1.8539624E-04 1.7874540E+00 1.8535107E+01 -3.0821782E-02
3.1381000E+02 2.5927000E+02 8.6700000E+00 4.8200000E+02 10 5.5224030E+01 2.2527327E-01 3.9532486E-01 4.4234126E-02 1.6605138E-02 1.6095357E-02 1.5741470E-02 6.3398201E-04 2.7106973E-04 8.7882154E-03 1.1900154E-04 8.5862377E-03 4.1114610E-02 4.9564436E-02 1.9017947E-04 1.8349134E+00 1.8446995E+01 -2.7676094E-02
3.1381000E+02 2.5927000E+02 8.6700000E+00 4.8700000E+02 10 5.5242349E+01 2.0657841E-01 3.5128440E-01 4.6410807E-02 1.3850331E-02 1.4047105E-02 1.3694791E-02 6.3116557E-04 2.4758260E-04 7.3863235E-03 1.1847288E-04 7.2492145E-03 3.9297859E-02 4.1339750E-02 1.5456857E-04 1.6402259E+00 1.8794156E+01 -4.1465324E-02
3.1381000E+02 2.5927000E+02 8.6700000E+00 4.9200000E+02 10 5.5250553E+01 2.0373479E-01 3.4245356E-01 4.8055856E-02 1.3587957E-02 1.3907466E-02 1.3556571E-02 6.2862372E-04 2.4048347E-04 7.2502709E-03 1.1799576E-04 7.1214020E-03 3.7942610E-02 4.0556822E-02 1.5443160E-04 1.6310899E+00 1.8801561E+01 -4.1728171E-02
3.1381000E+02 2.5927000E+02 8.6700000E+00 4.9700000E+02 10 5.5256536E+01 2.0215619E-01 3.3672319E-01 4.9320505E-02 1.3468902E-02 1.3825875E-02 1.3476279E-02 6.2629648E-04 2.3616908E-04 7.1892355E-03 1.1755893E-04 7.0608938E-03 3.6906496E-02 4.0201249E-02 1.5477977E-04 1.6281798E+00 1.8802648E+01 -4.1556779E-02
3.1381000E+02 2.5927000E+02 8.6700000E+00 5.0200000E+02 10 5.5261104E+01 2.0114726E-01 3.3263731E-01 5.0314630E-02 1.3406404E-02 1.3774550E-02 1.3426188E-02 6.2408537E-04 2.3329286E-04 7.1577210E-03 1.1714389E-04 7.0271317E-03 3.6097302E-02 4.0014440E-02 1.5500387E-04 1.6274519E+00 1.8802212E+01 -4.1281879E-02
3.1381000E+02 2.5927000E+02 8.6700000E+00 5.0500000E+02 10 5.5259903E+01 2.0780094E-01 3.4606630E-01 5.0832233E-02 1.4538398E-02 1.4626886E-02 1.4279248E-02 6.2278761E-04 2.4246981E-04 7.7333595E-03 1.1690030E-04 7.5732318E-03 3.5684681E-02 4.3393575E-02 1.7076191E-04 1.7049803E+00 1.8675466E+01 -3.4680535E-02
3.1381000E+02 2.5927000E+02 8.6700000E+00 5.0600000E+02 10 5.5257322E+01 2.1432963E-01 3.6016380E-01 5.0996632E-02 1.5619989E-02 1.5513045E-02 1.5165647E-02 6.2235785E-04 2.4944945E-04 8.2813083E-03 1.1681963E-04 8.0986976E-03 3.5557657E-02 4.6623209E-02 1.8459572E-04 1.7947727E+00 1.8510159E+01 -2.8438587E-02
3.1381000E+02 2.5927000E+02 8.6700000E+00 5.1100000E+02 10 5.5268720E+01 1.9719543E-01 3.2177229E-01 5.1708113E-02 1.2924747E-02 1.3450309E-02 1.3104417E-02 6.1966083E-04 2.2753371E-04 6.9125090E-03 1.1631339E-04 6.7878155E-03 3.4974802E-02 3.8576218E-02 1.4789053E-04 1.6034868E+00 1.8841094E+01 -4.3022400E-02
3.1381000E+02 2.5927000E+02 8.6700000E+00 5.1600000E+02 10 5.5271616E+01 1.9611146E-01 3.1804603E-01 5.2294811E-02 1.2793827E-02 1.3301055E-02 1.2956469E-02 6.1731981E-04 2.2359053E-04 6.8470520E-03 1.1587397E-04 6.7198671E-03 3.4509962E-02 3.8185096E-02 1.4888991E-04 1.5962192E+00 1.8846077E+01 -4.3501748E-02
3.1381000E+02 2.5927000E+02 8.6700000E+00 5.2100000E+02 10 5.5273733E+01 1.9581561E-01 3.1603640E-01 5.2787815E-02 1.2770700E-02 1.3212364E-02 1.2869004E-02 6.1512240E-04 2.2184175E-04 6.8372706E-03 1.1546150E-04 6.7033249E-03 3.4122468E-02 3.8115525E-02 1.4991468E-04 1.5945108E+00 1.8845860E+01 -4.3487009E-02
3.1381000E+02 2.5927000E+02 8.6700000E+00 5.2600000E+02 10 5.5275445E+01 1.9573851E-01 3.1467219E-01 5.3209781E-02 1.2776563E-02 1.3154102E-02 1.2811950E-02 6.1295925E-04 2.2100734E-04 6.8420009E-03 1.1505547E-04 6.7011411E-03 3.3793976E-02 3.8132588E-02 1.5056039E-04 1.5944504E+00 1.8844770E+01 -4.3342212E-02
3.1381000E+02 2.5927000E+02 8.6700000E+00 5.3100000E+02 10 5.5276919E+01 1.9567779E-01 3.1352985E-01 5.3576483E-02 1.2783145E-02 1.3109930E-02 1.2768978E-02 6.1081068E-04 2.2045875E-04 6.8466117E-03 1.1465217E-04 6.6998765E-03 3.3511397E-02 3.8151928E-02 1.5087431E-04 1.5945544E+00 1.8844087E+01 -4.3203464E-02
3.1381000E+02 2.5927000E+02 8.6700000E+00 5.3600000E+02 10 5.5278224E+01 1.9559103E-01 3.1248253E-01 5.3899249E-02 1.2784306E-02 1.3072435E-02 1.2732671E-02 6.0868107E-04 2.1997854E-04 6.8480310E-03 1.1425243E-04 6.6964963E-03 3.3265217E-02 3.8155180E-02 1.5099027E-04 1.5944406E+00 1.8843932E+01 -4.3102446E-02
3.1381000E+02 2.5927000E+02 8.6700000E+00 5.4100000E+02 10 5.5279393E+01 1.9548412E-01 3.1150505E-01 5.4186430E-02 1.2780836E-02 1.3038596E-02 1.2700006E-02 6.0657822E-04 2.1951885E-04 6.8467758E-03 1.1385772E-04 6.6912559E-03 3.3048387E-02 3.8144655E-02 1.5100647E-04 1.5941030E+00 1.8844151E+01 -4.3036139E-02
3.1381000E+02 2.5927000E+02 8.6700000E+00 5.4600000E+02 10 5.5280445E+01 1.9537031E-01 3.1059716E-01 5.4444321E-02 1.2774706E-02 1.3007242E-02 1.2669808E-02 6.0450757E-04 2.1908162E-04 6.8439470E-03 1.1346904E-04 6.6850062E-03 3.2855594E-02 3.8126214E-02 1.5097865E-04 1.5936196E+00 1.8844584E+01 -4.2994522E-02
3.1381000E+02 2.5927000E+02 8.6700000E+00 5.5100000E+02 10 5.5281396E+01 1.9525929E-01 3.0976001E-01 5.4677769E-02 1.2767470E-02 1.2977893E-02 1.2641595E-02 6.0247168E-04 2.1867369E-04 6.8404089E-03 1.1308690E-04 6.6784223E-03 3.2682759E-02 3.8104481E-02 1.5093419E-04 1.5930612E+00 1.8845124E+01 -4.2968941E-02
3.1381000E+02 2.5927000E+02 8.6700000E+00 5.5600000E+02 10 5.5282258E+01 1.9515638E-01 3.0899158E-01 5.4890571E-02 1.2760071E-02 1.2950295E-02 1.2615114E-02 6.0047100E-04 2.1830021E-04 6.8366866E-03 1.1271136E-04 6.6719124E-03 3.2526701E-02 3.8082266E-02 1.5088578E-04 1.5924746E+00 1.8845705E+01 -4.2953509E-02
3.1381000E+02 2.5927000E+02 8.6700000E+00 5.6100000E+02 10 5.5283044E+01 1.9506383E-01 3.0828733E-01 5.5085750E-02 1.2753006E-02 1.2924265E-02 1.2590182E-02 5.9850476E-04 2.1796184E-04 6.8330624E-03 1.1234229E-04 6.6656852E-03 3.2384899E-02 3.8061049E-02 1.5083852E-04 1.5918865E+00 1.8846294E+01 -4.2944556E-02
3.1381000E+02 2.5927000E+02 8.6700000E+00 5.6600000E+02 10 5.5283763E+01 1.9498219E-01 3.0764161E-01 5.5265745E-02 1.2746507E-02 1.2899642E-02 1.2566637E-02 5.9657161E-04 2.1765758E-04 6.8296746E-03 1.1197943E-04 6.6598316E-03 3.2255326E-02 3.8041525E-02 1.5079439E-04 1.5913108E+00 1.8846874E+01 -4.2939842E-02
3.1381000E+02 2.5927000E+02 8.6700000E+00 5.7100000E+02 10 5.5284423E+01 1.9491101E-01 3.0704837E-01 5.5432546E-02 1.2740647E-02 1.2876276E-02 1.2544333E-02 5.9466998E-04 2.1738487E-04 6.8265750E-03 1.1162248E-04 6.6543695E-03 3.2136333E-02 3.8023910E-02 1.5075362E-04 1.5907539E+00 1.8847437E+01 -4.2938056E-02
3.1381000E+02 2.5927000E+02 8.6700000E+00 5.7600000E+02 10 5.5285032E+01 1.9484946E-01 3.0650189E-01 5.5587797E-02 1.2735423E-02 1.2854033E-02 1.2523135E-02 5.9279828E-04 2.1714101E-04 6.8237691E-03 1.1127115E-04 6.6492881E-03 3.2026565E-02 3.8008195E-02 1.5071619E-04 1.5902176E+00 1.8847979E+01 -4.2938406E-02
3.1381000E+02 2.5927000E+02 8.6700000E+00 5.8100000E+02 10 5.5285596E+01 1.9479663E-01 3.0599698E-01 5.5732869E-02 1.2730798E-02 1.2832794E-02 1.2502925E-02 5.9095499E-04 2.1692285E-04 6.8212480E-03 1.1092516E-04 6.6445584E-03 3.1924891E-02 3.7994272E-02 1.5068160E-04 1.5897021E+00 1.8848502E+01 -4.2940384E-02
3.1381000E+02 2.5927000E+02 8.6700000E+00 5.8200000E+02 10 5.5278161E+01 2.0994675E-01 3.3830056E-01 5.5761487E-02 1.5158157E-02 1.4622924E-02 1.4293260E-02 5.9058746E-04 2.3478551E-04 8.0559166E-03 1.1085617E-04 7.8189696E-03 3.1919187E-02 4.5240828E-02 1.8508906E-04 1.7584091E+00 1.8544150E+01 -2.9549629E-02
3.1381000E+02 2.5927000E+02 8.6700000E+00 5.8700000E+02 10 5.5286551E+01 1.9398794E-01 3.0406253E-01 5.5872759E-02 1.2617995E-02 1.2758476E-02 1.2428484E-02 5.9117523E-04 2.1743803E-04 6.7647269E-03 1.1096650E-04 6.5893202E-03 3.1812810E-02 3.7657329E-02 1.4789325E-04 1.5837812E+00 1.8859926E+01 -4.3461682E-02
3.1381000E+02 2.5927000E+02 8.6700000E+00 5.9200000E+02 10 5.5287068E+01 1.9381187E-01 3.0337475E-01 5.5983460E-02 1.2594529E-02 1.2724033E-02 1.2394185E-02 5.9091672E-04 2.1671193E-04 6.7534687E-03 1.1091797E-04 6.5768731E-03 3.1728410E-02 3.7587183E-02 1.4866570E-04 1.5822920E+00 1.8859561E+01 -4.3565309E-02
3.1381000E+02 2.5927000E+02 8.6700000E+00 5.9700000E+02 10 5.5287409E+01 1.9393132E-01 3.0326607E-01 5.6086689E-02 1.2613834E-02 1.2712787E-02 1.2383044E-02 5.9072996E-04 2.1671313E-04 6.7644235E-03 1.1088292E-04 6.5847040E-03 3.1649461E-02 3.7644587E-02 1.4931557E-04 1.5830585E+00 1.8857393E+01 -4.3454097E-02
3.1381000E+02 2.5927000E+02 8.6700000E+00 6.0200000E+02 10 5.5287713E+01 1.9407131E-01 3.0324978E-01 5.6182636E-02 1.2637704E-02 1.2710935E-02 1.2381199E-02 5.9071671E-04 2.1691034E-04 6.7776774E-03 1.1088043E-04 6.5950375E-03 3.1575107E-02 3.7715670E-02 1.4968653E-04 1.5842213E+00 1.8855391E+01 -4.3308066E-02
3.1381000E+02 2.5927000E+02 8.6700000E+00 6.0700000E+02 10 5.5288026E+01 1.9415208E-01 3.0316141E-01 5.6273256E-02 1.2653984E-02 1.2710324E-02 1.2380570E-02 5.9074870E-04 2.1705833E-04 6.7868809E-03 1.1088644E-04 6.6019851E-03 3.1504680E-02 3.7764162E-02 1.4983370E-04 1.5850901E+00 1.8854090E+01 -4.3192981E-02
3.1381000E+02 2.5927000E+02 8.6700000E+00 6.1200000E+02 10 5.5288351E+01 1.9417593E-01 3.0298643E-01 5.6360012E-02 1.2662146E-02 1.2707773E-02 1.2378038E-02 5.9071463E-04 2.1710972E-04 6.7917598E-03 1.1088004E-04 6.6051266E-03 3.1437785E-02 3.7788461E-02 1.4985421E-04 1.5855623E+00 1.8853412E+01 -4.3117842E-02
3.1381000E+02 2.5927000E+02 8.6700000E+00 6.1700000E+02 10 5.5288679E+01 1.9416391E-01 3.0275220E-01 5.6443722E-02 1.2664688E-02 1.2702631E-02 1.2372985E-02 5.9055544E-04 2.1708476E-04 6.7936299E-03 1.1085016E-04 6.6055294E-03 3.1374167E-02 3.7795999E-02 1.4981622E-04 1.5857216E+00 1.8853157E+01 -4.3074097E-02
3.1381000E+02 2.5927000E+02 8.6700000E+00 6.2200000E+02 10 5.5289002E+01 1.9413432E-01 3.0248728E-01 5.6524796E-02 1.2664017E-02 1.2695221E-02 1.2365744E-02 5.9025237E-04 2.1701356E-04 6.7937599E-03 1.1079327E-04 6.6042803E-03 3.1313624E-02 3.7793946E-02 1.4975661E-04 1.5856740E+00 1.8853163E+01 -4.3051359E-02
3.1381000E+02 2.5927000E+02 8.6700000E+00 6.2700000E+02 10 5.5289316E+01 1.9409874E-01 3.0221149E-01 5.6603425E-02 1.2661765E-02 1.2686097E-02 1.2356867E-02 5.8980968E-04 2.1691992E-04 6.7930098E-03 1.1071018E-04 6.6021422E-03 3.1255967E-02 3.7787168E-02 1.4969291E-04 1.5855005E+00 1.8853320E+01 -4.3041736E-02
3.1381000E+02 2.5927000E+02 8.6700000E+00 6.3200000E+02 10 5.5289618E+01 1.9406339E-01 3.0193650E-01 5.6679711E-02 1.2658884E-02 1.2675774E-02 1.2346861E-02 5.8924213E-04 2.1681876E-04 6.7918805E-03 1.1060364E-04 6.5995783E-03 3.1201013E-02 3.7778502E-02 1.4963189E-04 1.5852543E+00 1.8853563E+01 -4.3040090E-02
3.1381000E+02 2.5927000E+02 8.6700000E+00 6.3700000E+02 10 5.5289908E+01 1.9403111E-01 3.0166835E-01 5.6753719E-02 1.2655871E-02 1.2664655E-02 1.2336119E-02 5.8856774E-04 2.1671893E-04 6.7906402E-03 1.1047706E-04 6.5968423E-03 3.1148583E-02 3.7769441E-02 1.4957590E-04 1.5849674E+00 1.8853851E+01 -4.3043313E-02
3.1381000E+02 2.5927000E+02 8.6700000E+00 6.4200000E+02 10 5.5290185E+01 1.9400312E-01 3.0140999E-01 5.6825509E-02 1.2652980E-02 1.2653030E-02 1.2324919E-02 5.8780421E-04 2.1662483E-04 6.7894258E-03 1.1033374E-04 6.5940720E-03 3.1098505E-02 3.7760737E-02 1.4952493E-04 1.5846588E+00 1.8854165E+01 -4.3049535E-02
3.1381000E+02 2.5927000E+02 8.6700000E+00 6.4700000E+02 10 5.5290450E+01 1.9397964E-01 3.0116249E-01 5.6895145E-02 1.2650317E-02 1.2641101E-02 1.2313457E-02 5.8696731E-04 2.1653880E-04 6.7882969E-03 1.1017665E-04 6.5913376E-03 3.1050623E-02 3.7752710E-02 1.4947871E-04 1.5843396E+00 1.8854490E+01 -4.3057664E-02
3.1381000E+02 2.5927000E+02 8.6700000E+00 6.5000000E+02 10 5.5286883E+01 2.0144594E-01 3.1689614E-01 5.6936164E-02 1.3847852E-02 1.3479943E-02 1.3152593E-02 5.8644188E-04 2.2815704E-04 7.3994169E-03 1.1007802E-04 7.1678631E-03 3.1029646E-02 4.1327019E-02 1.6593308E-04 1.6583303E+00 1.8734714E+01 -3.6530387E-02
