4.7 4.8 7.12 6.49 3.78 5.7 9.54 7.26 6.14 7.06 9.11 3.88 4.91 4.02 5.18 6.4 7.93 7.51 6.14 5.76 9.49 11.39 8.97 11.1 12.53 20.49 23.03 12.4 14.99 13.22 13.85 10.04 7.58 10.65 6.79 6.83 5.95 6.03 6.62 4.15 4.24 5.84 6.72 14.42 18.42 11.03 8.79 8.23 9.43 9.12 5.71 5.56 6.96 9.63 11.53 9.98 9.39 8.98 17.91 9.92 13.84 11.4 10.29 7.83
4.43 5.56 7.51 6.98 4.97 6.27 6.06 7.46 11.17 8.07 4.31 3.27 4.58 3.83 3.31 3.41 6.35 6.82 5.05 4.74 7.5 9.95 8.05 10.41 9.69 13.04 10.3 9.47 7.77 11.71 9.09 9.32 8.52 8.57 10.07 6.42 7.19 5.95 5.67 4.86 5.37 5.68 5.54 9.13 9.02 8.16 5.35 6.8 12.6 12.82 6.55 6.47 5.26 6.89 13.44 13.29 6.74 8.63 12.94 13.13 12.5 10.59 15.51 9.23
5.81 5.1 6.97 6.68 6.61 5.84 6.65 7.57 8.16 5.46 6.67 3.92 3.73 3.42 3.9 4.46 4.37 5.13 6.03 5.81 7.3 8.58 15.36 7.44 6.93 10.07 12.69 8.26 7.03 7.77 7.74 9.46 11.4 10.9 6.32 8.96 7.38 4.38 5.1 5.69 5.83 4.54 5.07 7.07 7.33 6.34 5.47 4.69 9.99 9.64 6.17 5.62 5.85 6.33 9.05 10.83 8.79 6.94 7.23 7.69 7.4 9.15 11.74 6.36
5.75 3.12 4.07 5.21 7.36 6.94 8.64 10.03 4.95 4.24 7.22 6.04 5.8 4.25 2.9 4.21 5.07 5.29 5.07 5.28 8.79 17.41 13.09 9.08 5.39 7.88 9.35 9.41 8.5 6.75 5.11 7.09 8.85 9.41 6.43 7.81 8.34 4.45 5.7 10.92 6.59 5.19 3.63 6.38 7.05 7.57 6.07 4.62 6.63 10.85 7.08 4.81 3.5 5.56 10.35 8.58 8.94 5.07 4.71 5.42 6.72 8.06 10.54 7.22
10.02 4.05 5.82 9.55 13.01 9.82 8.89 5.36 6.62 8.11 8.28 9.89 4.96 3.75 2.79 5.83 6.7 6.41 6.61 6.82 11.48 17.07 11.54 5.43 6.14 6.9 9.64 15.01 11.86 10.02 8.58 6.05 10.44 7.81 5.44 6.11 7.81 6.15 8.33 11.45 9.0 6.63 3.72 4.9 7.19 8.66 5.6 4.32 4.3 3.39 4.95 2.97 2.76 5.25 8.46 7.14 8.84 9.49 7.79 7.29 8.24 9.41 7.31 7.3
8.68 5.8 5.63 9.45 9.31 6.94 5.46 3.83 6.74 9.46 10.35 9.48 9.17 3.97 2.71 6.03 5.53 8.77 7.73 9.97 11.98 12.1 10.0 9.06 9.76 8.9 13.79 14.32 14.99 8.32 7.9 8.8 11.84 8.05 4.33 5.06 7.88 9.88 12.6 13.55 11.02 14.24 5.58 5.21 5.43 4.97 3.66 5.06 3.07 3.73 3.25 3.13 3.32 7.34 6.18 2.82 6.15 8.31 9.44 13.59 12.15 7.17 5.81 5.87
7.28 5.74 6.06 7.36 6.04 5.63 3.93 3.2 5.73 11.6 13.15 7.52 6.18 5.16 4.08 4.58 4.48 6.35 10.88 11.53 12.68 10.04 7.68 6.86 7.1 4.67 7.76 6.65 8.69 7.16 9.81 13.34 9.2 6.82 6.16 7.13 6.14 9.12 12.48 12.57 11.07 11.01 6.73 4.8 5.72 4.51 4.21 7.91 7.35 4.12 2.89 4.46 4.81 5.88 3.5 3.08 6.47 6.66 19.35 22.94 16.29 8.64 7.14 7.44
5.74 5.66 6.19 5.66 3.4 4.55 3.58 3.97 7.5 12.6 15.25 9.4 7.13 5.77 6.18 5.58 5.52 4.99 8.74 10.21 8.58 5.98 6.62 8.45 6.48 5.16 7.63 8.08 5.6 6.08 7.67 10.08 9.62 4.2 4.8 8.54 5.86 7.19 10.03 13.45 10.16 9.99 7.44 5.78 4.85 7.67 5.52 7.4 10.86 6.04 3.43 5.72 5.96 4.86 4.58 4.35 5.22 8.25 17.31 16.03 9.47 9.43 10.01 6.03
4.16 3.9 5.37 6.6 4.17 6.11 5.39 6.24 10.3 10.43 12.26 7.38 7.17 8.1 10.94 6.75 6.17 6.77 8.13 8.0 7.64 4.01 6.98 6.83 6.52 5.42 6.11 5.11 6.61 4.86 5.41 7.43 5.93 5.08 4.75 9.19 7.03 7.69 8.7 11.36 9.73 9.1 8.06 5.03 4.41 4.31 5.97 5.22 8.12 5.17 4.85 6.0 7.14 7.09 5.34 5.15 5.83 7.55 7.36 8.69 9.66 8.15 10.26 7.37
8.46 8.93 7.25 6.46 5.54 6.64 6.24 7.05 8.93 8.46 7.36 6.39 8.61 9.63 11.01 6.75 6.01 6.76 9.12 8.8 6.86 4.19 4.82 5.32 7.09 5.07 4.13 5.68 8.48 5.76 5.04 9.47 4.73 4.3 4.78 6.58 5.4 8.69 7.05 12.67 10.78 9.37 6.93 4.72 4.82 4.51 4.86 5.88 7.24 4.28 5.8 8.66 9.07 6.55 4.9 4.87 9.17 9.62 8.95 8.92 12.32 12.9 9.03 8.07
11.28 6.54 5.82 4.67 4.44 7.69 11.43 11.01 12.32 13.6 6.85 5.56 7.16 9.91 7.53 5.65 6.09 6.74 13.03 8.42 8.43 4.09 4.98 5.45 5.03 5.26 4.94 6.53 7.96 8.15 7.11 7.32 6.34 4.18 5.64 7.04 5.9 5.42 6.7 11.25 14.77 9.0 7.72 4.22 4.25 6.87 5.85 6.84 7.35 3.56 11.25 11.83 6.58 5.13 4.72 6.21 8.18 10.75 10.08 9.25 11.2 10.92 8.89 6.56
11.14 8.28 5.8 4.71 6.77 10.11 21.64 12.9 13.63 17.47 13.65 5.96 4.83 5.21 8.03 7.1 4.92 9.74 10.55 9.61 6.86 5.22 5.31 4.69 3.07 4.75 6.83 8.02 9.73 9.55 6.98 5.51 5.68 3.73 5.34 6.58 5.92 5.43 5.46 7.57 5.8 6.3 4.0 8.28 8.61 7.3 5.81 7.05 5.72 4.96 7.78 9.22 6.79 6.38 5.08 5.01 11.4 12.95 6.48 8.06 7.81 9.74 8.55 5.7
7.4 4.74 4.01 5.88 6.51 11.94 22.05 14.3 14.68 13.34 13.52 7.97 6.38 7.04 8.92 7.37 6.52 10.93 12.45 7.11 6.18 6.0 4.98 5.56 4.77 5.9 5.96 6.45 7.12 6.99 4.48 5.42 4.75 3.48 3.93 5.98 7.71 7.63 7.94 6.15 7.81 4.29 8.14 11.62 11.73 6.23 4.43 5.88 4.96 7.85 9.89 8.79 7.31 8.67 6.45 8.11 8.6 9.87 10.08 5.06 4.86 6.37 10.99 5.44
10.12 5.99 3.82 5.39 8.36 13.41 21.73 16.78 11.89 11.64 10.77 11.17 8.79 7.69 11.84 9.4 10.09 11.1 11.56 11.48 12.33 8.71 7.9 8.21 3.92 4.82 5.47 5.55 4.36 5.8 6.48 5.25 6.16 5.12 4.22 8.23 13.92 9.64 9.29 4.87 4.48 4.62 5.84 8.72 7.45 5.64 5.28 7.45 8.38 10.78 8.31 8.53 5.27 6.44 5.05 5.77 8.8 13.63 13.01 6.07 4.55 7.72 8.53 6.27
12.47 11.72 6.23 6.36 4.5 8.94 8.48 12.01 8.61 7.4 8.09 10.96 11.21 8.42 13.71 11.37 11.44 12.81 13.89 11.47 16.59 9.82 11.87 7.46 4.38 5.22 5.87 7.55 11.67 6.51 5.0 3.86 5.39 4.92 4.53 6.93 8.75 8.66 9.02 5.47 3.6 5.86 5.94 11.49 14.92 7.34 6.4 11.69 8.68 7.73 7.95 6.47 4.75 4.82 6.55 6.27 5.57 14.36 12.97 9.28 5.65 5.21 7.14 4.23
6.39 5.05 4.24 4.22 6.14 5.77 7.04 6.68 9.68 8.78 6.16 6.44 13.15 11.55 14.38 11.32 9.12 9.82 8.52 8.19 7.78 11.15 9.06 5.56 4.9 3.84 4.76 5.13 11.01 4.33 3.08 4.56 4.15 5.95 7.34 10.97 7.52 8.86 7.13 7.56 4.95 6.91 7.84 13.07 11.5 8.8 6.52 10.55 10.4 7.48 7.94 6.84 4.54 6.14 7.43 9.4 8.45 8.6 13.19 9.8 7.42 5.98 4.47 4.53
7.26 3.66 7.26 4.73 7.02 9.62 8.15 8.51 6.13 8.0 9.42 6.84 12.54 15.55 13.11 12.4 11.34 7.75 7.36 6.62 8.93 7.12 7.38 5.2 3.79 3.86 3.51 5.02 7.08 3.48 3.16 3.66 6.28 6.76 7.1 10.17 9.04 7.75 6.74 6.44 4.99 5.09 5.93 9.36 8.48 9.55 6.53 7.54 10.28 6.52 5.43 5.77 5.39 7.89 9.71 5.33 11.65 15.29 12.65 8.89 7.16 3.99 5.66 3.52
6.46 4.38 4.23 3.9 6.87 8.11 9.46 8.19 7.9 7.47 9.25 8.49 9.94 18.23 12.72 8.79 9.85 6.11 7.3 10.24 8.7 9.14 7.54 4.19 5.27 5.74 3.72 3.36 3.91 3.09 2.46 3.77 8.53 8.19 9.86 12.1 7.83 7.59 6.12 8.37 4.48 5.73 2.84 7.23 7.39 14.2 9.99 7.46 9.5 5.4 8.13 6.62 8.46 5.94 8.57 7.48 14.05 17.56 10.48 12.92 8.09 4.59 5.05 5.8
10.09 8.75 5.74 4.12 6.94 8.17 8.23 6.73 5.2 5.26 7.82 7.4 9.45 9.62 12.5 12.48 7.92 7.25 6.64 12.48 12.34 11.78 11.73 6.33 5.84 4.48 4.25 4.21 4.16 3.38 5.26 5.32 5.04 6.24 8.33 6.05 4.53 4.68 5.29 6.42 4.92 4.06 3.69 5.04 5.65 15.47 16.93 8.22 6.18 6.54 6.79 5.66 9.27 6.55 8.46 8.76 17.57 15.18 17.67 9.27 5.97 5.35 10.8 7.23
11.72 7.55 8.13 5.65 6.63 4.97 6.31 4.88 5.83 5.61 8.41 13.05 6.69 10.91 11.14 10.61 8.15 10.07 12.19 12.4 16.56 13.25 13.96 12.45 7.96 4.38 4.88 4.19 4.37 5.08 6.75 4.4 3.7 4.96 4.55 2.83 3.14 4.44 4.44 5.11 6.34 6.54 5.92 7.76 8.08 10.97 10.04 7.42 5.11 3.74 3.96 6.06 8.25 9.13 9.0 10.26 13.55 11.78 13.6 9.77 5.62 5.11 8.46 7.51
7.41 9.16 7.48 7.45 6.38 6.44 6.58 5.67 4.79 6.02 7.08 10.23 7.82 6.23 8.58 7.77 9.09 10.16 11.78 13.15 19.45 9.42 12.27 11.56 8.69 5.85 3.71 4.29 3.84 5.08 4.43 6.87 5.34 3.05 7.2 6.92 4.79 3.99 4.27 6.56 7.29 7.57 8.88 12.58 9.77 8.14 7.09 10.9 6.17 3.29 5.55 6.46 10.65 13.87 14.3 10.73 10.74 10.69 8.03 6.36 5.23 8.36 8.05 5.88
7.3 9.49 13.5 11.84 5.46 3.79 6.03 9.36 6.28 4.43 5.23 7.23 9.1 6.23 6.0 9.0 9.62 11.65 10.47 11.12 17.4 10.87 8.41 11.15 14.08 6.5 5.65 3.73 5.25 3.97 3.4 4.86 3.52 5.48 8.5 9.8 4.09 3.71 3.02 7.83 9.89 8.18 9.05 15.22 16.37 12.54 10.29 8.68 6.32 3.97 4.77 5.43 10.09 17.98 13.64 8.71 9.22 7.85 7.03 5.12 4.84 8.78 5.62 8.11
8.44 10.56 12.73 8.91 4.74 4.34 4.62 9.63 8.19 6.34 4.3 6.83 7.52 7.25 6.33 6.7 8.99 9.59 9.84 6.41 9.94 7.8 7.79 10.28 14.07 8.06 7.61 5.3 4.55 3.35 2.55 2.11 3.85 6.74 10.22 9.57 3.87 4.39 3.21 6.43 9.64 7.33 8.39 10.47 9.78 11.84 9.41 7.85 6.65 5.11 6.01 9.03 9.88 16.9 17.62 8.94 9.71 6.8 6.15 4.08 7.94 10.09 9.65 5.89
12.51 15.8 14.91 7.03 4.76 4.27 6.3 7.39 7.25 5.54 5.11 6.78 7.29 5.39 4.2 6.21 11.29 8.06 8.45 8.78 8.33 7.76 10.84 8.48 10.14 12.27 5.95 6.01 6.04 5.65 2.99 2.07 3.78 6.05 7.37 6.05 4.42 4.77 5.73 7.95 5.1 6.19 6.11 11.46 9.14 16.42 10.53 11.08 8.76 8.37 6.03 6.91 9.53 14.12 13.8 12.89 8.09 6.89 6.34 4.87 5.19 7.93 13.48 9.89
13.76 18.43 10.21 8.57 6.77 4.13 8.25 8.55 5.54 7.23 11.4 7.3 15.31 5.09 7.81 7.99 9.23 8.73 8.62 10.35 7.19 7.12 6.54 8.76 10.24 14.79 6.76 6.35 3.32 3.5 5.2 3.6 2.74 5.07 6.5 5.48 6.1 7.51 11.28 12.5 6.98 5.23 8.03 10.18 8.95 14.07 10.55 8.43 7.67 9.79 6.31 5.16 7.38 8.87 10.43 8.43 7.35 4.79 5.98 4.71 5.64 7.25 16.77 12.99
14.51 21.98 17.57 11.72 7.61 5.42 8.38 5.92 5.46 8.21 14.22 13.21 10.02 5.22 6.96 7.98 9.87 6.81 9.59 6.83 9.11 6.12 4.26 8.23 9.59 9.3 6.71 8.43 3.85 3.12 3.92 5.29 3.34 6.24 7.19 8.39 8.37 8.0 9.25 11.27 7.99 4.32 8.03 8.89 10.57 8.85 7.02 8.29 9.07 7.67 6.59 5.42 4.69 10.28 8.0 9.12 6.85 5.36 6.19 5.57 6.31 5.91 11.74 14.94
9.94 14.62 11.84 11.62 9.2 3.13 3.86 4.84 5.26 10.74 17.24 16.26 10.58 4.39 5.67 9.63 9.5 7.26 7.33 9.03 10.84 6.88 7.54 7.27 9.26 12.89 7.8 9.42 3.26 4.05 3.94 4.55 5.07 7.44 15.34 10.52 8.61 10.68 12.04 8.12 5.64 5.35 9.47 12.47 8.67 9.86 7.94 8.06 6.27 10.54 9.89 4.36 4.81 8.62 10.46 6.88 8.71 6.75 4.89 5.22 7.61 7.09 9.05 10.33
8.02 7.69 8.23 8.21 9.0 5.22 5.68 4.89 6.11 10.94 20.63 17.17 10.72 5.6 5.36 7.46 8.44 10.12 8.14 6.97 10.17 9.65 6.7 5.9 7.45 8.23 5.86 4.07 4.11 2.95 3.77 5.15 7.43 19.31 13.96 8.7 11.35 9.93 7.25 4.48 6.06 7.54 9.09 8.43 6.53 8.26 6.83 6.6 8.11 12.88 8.97 5.63 5.02 8.32 9.06 8.6 9.99 8.3 6.05 6.45 8.49 7.93 6.69 9.2
6.34 10.45 11.11 6.74 7.15 4.8 4.15 3.81 10.9 11.99 14.53 18.35 11.14 7.65 6.65 6.22 7.38 7.41 6.6 9.81 8.28 7.7 4.17 5.05 6.77 5.29 5.53 4.14 3.27 4.16 4.15 3.32 8.18 15.06 12.06 7.5 7.08 6.75 5.64 7.77 9.95 10.97 11.5 4.91 6.01 10.6 9.45 6.45 5.35 10.49 6.75 5.44 4.63 4.81 5.44 8.42 9.3 7.86 10.92 8.83 7.61 4.51 5.73 8.7
10.38 10.29 7.75 4.92 5.09 4.39 4.66 4.47 9.48 12.5 10.86 12.61 9.97 9.97 7.19 5.84 5.24 7.9 6.92 7.33 7.43 3.23 5.13 5.72 5.07 5.37 5.74 6.4 5.19 3.37 4.54 4.56 8.18 15.95 8.75 9.07 6.97 5.83 5.88 11.19 14.25 16.71 11.13 7.7 3.31 8.0 12.09 9.45 5.35 6.11 4.69 5.21 6.46 6.06 6.23 14.49 15.21 8.18 10.28 10.12 6.2 3.61 7.34 8.73
10.71 8.95 8.59 6.37 4.43 3.73 5.04 6.98 9.44 12.37 9.22 9.33 9.16 8.06 7.67 4.44 4.88 7.69 7.79 9.95 5.52 6.32 5.55 7.54 7.42 3.62 4.62 5.73 6.28 3.88 4.5 4.89 5.48 10.22 12.98 7.5 7.63 5.84 4.33 6.84 6.82 15.66 10.68 5.05 4.5 8.6 9.65 10.65 8.28 7.56 4.65 3.98 6.35 6.07 13.4 16.97 15.92 8.85 11.46 6.92 7.28 4.87 6.62 7.52
8.9 6.95 6.67 5.05 6.52 7.08 5.53 5.31 9.49 17.11 12.97 7.94 6.55 6.22 5.7 5.28 5.61 6.16 9.2 9.77 10.94 9.13 5.9 6.65 6.78 4.64 4.49 4.78 5.4 4.55 5.7 5.74 8.36 7.45 7.0 10.11 9.25 8.1 4.28 4.66 7.66 10.71 11.5 6.42 5.74 7.81 4.3 8.76 9.17 5.11 4.89 7.51 4.75 6.13 9.41 17.75 11.07 9.9 10.78 8.33 11.5 5.42 7.72 5.27
8.39 7.38 8.5 8.19 7.73 6.47 8.13 7.15 7.33 10.35 11.28 7.36 4.51 4.94 5.15 4.13 4.21 4.39 7.72 11.04 10.15 12.22 10.02 6.17 5.57 3.94 3.75 6.85 6.03 6.23 3.68 4.52 6.31 8.25 4.77 6.28 9.23 9.31 5.55 6.76 6.87 11.15 7.08 6.23 5.5 4.75 5.51 5.49 7.63 7.29 7.13 6.65 5.49 6.61 7.69 9.62 10.15 14.01 9.36 11.35 12.32 6.51 5.92 5.03
11.38 8.1 11.54 11.64 8.07 6.99 7.04 6.63 6.75 11.43 9.13 5.03 5.54 4.93 5.49 4.23 4.46 4.07 7.86 8.09 10.73 11.02 10.71 6.73 7.32 3.74 3.8 8.25 6.48 6.52 2.76 3.71 4.61 6.37 4.2 6.94 8.22 7.3 5.92 10.96 10.26 8.25 9.16 5.72 4.78 4.98 4.81 4.42 5.86 6.1 8.38 6.82 7.93 4.02 4.52 7.99 8.03 12.05 7.12 9.28 13.39 5.23 4.33 6.04
8.19 9.31 10.24 9.34 9.84 7.45 7.36 4.94 4.53 7.94 7.96 9.94 5.57 6.18 5.07 6.11 4.62 4.95 6.3 9.21 7.37 7.69 8.9 12.75 9.04 3.84 6.4 7.18 8.59 9.21 5.24 4.45 6.82 11.93 6.35 7.49 8.32 7.04 5.77 9.57 6.17 7.53 9.3 5.75 3.86 4.34 5.49 5.25 6.65 7.81 9.63 8.59 9.17 7.34 5.88 6.74 12.55 9.84 7.51 7.18 10.11 5.88 4.25 4.85
7.87 10.91 10.18 12.76 15.25 6.88 3.7 4.53 5.25 4.84 7.39 10.82 11.01 7.33 5.6 7.17 6.23 7.38 5.47 7.54 12.03 7.67 5.87 7.8 12.3 8.09 6.68 9.4 11.12 19.16 11.99 5.12 6.42 7.13 5.7 6.05 5.82 8.64 6.95 8.22 6.4 5.23 6.5 8.95 6.82 5.89 8.58 7.99 7.87 11.27 10.06 10.46 10.12 13.06 10.1 11.26 10.01 9.72 7.71 7.43 6.38 4.57 5.95 5.39
7.99 10.1 10.95 13.7 12.97 6.0 5.41 5.44 7.76 6.49 6.78 8.24 9.51 6.16 6.61 7.4 7.59 9.95 7.66 8.71 7.46 7.08 4.15 7.48 11.38 11.06 9.96 9.34 13.91 16.99 10.14 8.52 8.19 6.5 5.78 4.32 6.83 7.34 8.18 7.12 6.29 5.45 5.88 8.05 10.91 7.86 7.36 10.75 13.86 9.49 7.12 15.17 15.79 10.9 11.55 13.77 8.13 8.14 11.53 9.79 7.43 6.29 6.85 5.28
13.13 15.12 15.11 12.51 8.75 6.73 4.94 7.35 8.63 9.02 7.99 5.87 7.65 5.7 7.77 7.95 12.26 7.93 6.99 9.27 9.98 5.98 6.56 7.58 8.56 9.76 10.65 12.83 14.32 14.19 10.36 8.29 9.28 5.65 4.04 6.07 4.39 6.36 8.55 6.42 5.05 3.58 4.94 6.45 6.95 4.57 5.59 14.69 12.6 5.91 6.74 20.08 10.27 8.24 15.54 13.75 8.17 7.56 11.94 10.53 8.53 6.01 6.83 6.46
21.31 28.03 15.44 11.04 6.1 5.77 5.75 8.54 9.07 9.15 11.6 9.6 5.34 5.62 8.5 9.59 9.83 6.33 6.07 6.75 6.35 7.9 10.31 7.22 5.14 9.0 11.08 11.93 11.88 12.38 15.12 10.07 8.43 7.01 4.49 4.36 3.57 6.22 7.11 7.83 2.84 3.26 3.0 5.45 5.85 3.87 4.01 5.57 10.89 6.8 6.54 11.94 10.3 11.28 12.98 10.93 11.81 10.8 10.16 13.12 9.17 4.61 5.97 5.98
21.25 16.25 15.78 9.76 9.05 4.63 6.07 7.61 7.61 7.29 7.14 7.88 10.4 6.87 12.28 12.58 9.02 4.41 3.87 5.31 4.97 5.25 8.12 7.8 8.02 7.72 7.99 10.07 9.59 12.47 13.42 8.11 9.02 6.16 4.05 3.02 4.54 3.99 5.9 9.96 4.12 3.61 4.49 3.79 3.85 5.31 3.13 4.26 7.36 7.96 9.66 8.19 15.01 9.31 9.65 11.33 12.21 10.62 12.33 12.55 6.63 3.57 7.76 7.42
8.08 9.38 13.29 10.95 13.26 8.73 11.76 10.35 7.82 7.09 7.85 13.72 13.8 12.01 9.29 11.98 6.3 3.88 3.61 4.44 4.98 7.22 8.88 8.41 4.41 4.25 7.63 6.81 8.1 11.36 12.36 8.45 6.28 6.65 4.21 4.75 5.09 6.47 7.26 7.98 5.01 5.33 4.99 4.28 3.91 7.35 5.53 5.57 6.79 6.35 8.01 7.82 6.5 7.02 6.35 4.26 14.49 10.09 11.43 11.75 5.45 6.34 8.36 7.51
8.02 9.83 13.64 11.74 14.27 15.26 16.71 10.43 8.69 4.42 8.2 10.63 11.0 9.12 6.53 5.36 4.45 3.31 4.42 4.83 3.61 5.58 5.98 6.77 4.38 3.29 3.76 8.38 10.93 13.76 9.97 8.18 9.88 6.65 8.49 6.49 5.1 7.62 5.12 6.61 3.81 4.82 4.22 4.75 5.23 7.03 6.84 9.24 9.5 10.28 12.52 6.41 5.5 4.35 6.64 5.83 10.03 9.95 9.39 9.74 6.86 6.99 10.18 4.39
10.87 8.73 10.95 10.89 14.68 11.75 16.32 6.73 5.87 7.77 9.67 8.42 5.56 6.52 4.51 4.25 3.66 5.88 3.76 5.11 4.59 6.8 6.1 6.38 3.94 2.71 4.58 9.48 14.75 11.3 9.37 8.47 8.66 7.15 8.41 7.26 5.8 4.46 4.84 5.06 4.22 5.34 3.81 6.57 5.15 6.74 7.34 10.07 14.84 14.64 16.35 8.41 5.87 3.81 8.83 8.15 8.96 6.95 10.24 7.56 7.2 5.72 6.84 4.95
10.6 9.25 11.57 14.05 14.42 13.05 10.19 6.32 7.52 7.4 10.32 9.41 5.34 4.31 3.83 4.14 4.47 5.6 4.51 5.9 4.88 6.3 7.48 9.25 3.84 2.72 5.64 10.55 16.92 8.47 5.62 9.66 11.96 9.5 10.57 5.8 4.68 5.35 6.8 5.81 7.32 5.45 5.07 4.9 9.27 6.35 5.64 17.55 15.26 27.12 19.17 17.56 9.03 7.58 10.18 4.87 6.11 9.52 12.15 8.44 10.78 7.14 5.52 5.9
9.5 8.43 7.28 11.9 11.18 13.7 8.44 6.05 7.12 6.24 6.55 9.99 5.35 4.46 4.38 4.07 5.09 4.74 6.16 5.57 4.88 6.86 7.49 6.57 3.51 4.85 4.33 5.24 10.61 7.15 4.1 6.51 9.35 8.53 6.96 4.49 3.91 5.45 5.37 9.53 10.75 7.93 5.25 5.67 7.25 6.87 8.65 18.44 26.77 23.91 16.05 12.55 9.19 11.19 6.68 7.15 7.52 13.4 14.63 9.98 12.38 6.38 4.74 6.7
8.8 8.05 7.12 5.17 9.74 13.41 9.82 9.86 7.55 8.62 8.72 8.21 9.32 4.35 6.09 4.24 5.34 5.23 5.67 5.31 5.41 4.72 8.41 7.24 5.1 4.75 6.45 6.28 5.39 4.49 5.56 8.0 7.03 5.65 5.97 4.58 6.22 4.58 4.87 11.05 7.35 5.73 7.11 6.05 6.35 8.04 11.92 13.79 20.94 21.62 15.39 7.95 11.97 10.46 8.56 6.73 8.94 14.85 15.67 20.33 9.49 6.64 7.32 7.27
6.28 7.56 8.99 7.21 9.53 16.52 9.43 7.69 7.55 10.15 8.97 8.19 4.96 7.67 5.49 4.83 4.63 3.77 8.05 6.38 5.25 6.13 7.51 8.25 9.08 7.42 9.05 5.16 5.39 6.84 9.04 13.02 6.26 7.19 4.11 4.3 3.65 6.69 5.45 4.96 5.33 7.21 10.63 8.44 7.96 12.2 10.15 16.53 16.97 19.91 18.54 14.81 15.35 16.46 10.71 7.96 10.38 10.39 20.33 18.92 15.25 8.0 9.77 7.93
6.91 7.39 11.78 11.85 15.59 11.21 8.23 9.15 12.79 17.2 13.79 8.63 7.19 6.17 4.91 3.39 4.31 2.77 5.73 8.72 6.82 9.6 12.17 8.32 9.98 7.93 4.77 6.71 5.4 6.81 10.29 13.44 7.95 3.0 3.1 3.45 4.89 6.46 5.79 4.5 4.31 8.03 6.5 7.48 8.95 10.32 15.42 20.91 17.43 17.69 15.19 18.19 18.99 10.95 9.02 5.51 9.8 11.37 16.6 16.15 14.05 10.19 16.62 10.22
11.08 8.93 9.92 18.83 15.16 8.86 10.71 14.47 15.66 15.05 16.8 7.95 5.61 4.73 5.78 4.42 4.6 4.04 6.37 9.79 8.58 6.53 7.94 9.44 10.11 8.37 3.36 6.07 5.74 7.63 9.37 8.94 5.32 4.61 3.38 3.56 5.39 4.86 6.27 2.94 4.22 7.04 5.87 7.84 11.49 14.22 16.91 19.81 20.5 13.62 14.78 11.78 16.85 10.17 8.98 7.08 6.23 11.16 12.1 10.13 12.95 10.79 13.9 8.54
8.42 9.4 7.28 8.33 11.51 8.77 11.01 10.02 13.07 13.98 13.79 7.62 6.13 5.68 8.01 6.66 6.5 4.94 5.16 7.33 7.4 10.33 9.86 9.51 10.29 7.63 4.89 3.66 6.2 9.61 4.78 4.79 3.63 6.58 7.23 5.07 5.76 4.46 6.08 4.53 6.25 6.47 7.16 7.49 14.62 8.85 10.52 16.07 10.96 13.18 8.48 11.32 7.95 6.6 7.69 7.52 8.86 7.62 8.11 6.11 9.73 10.8 9.36 6.68
6.36 8.63 8.55 7.76 7.72 11.84 10.52 8.83 11.02 10.48 7.36 4.4 4.68 5.31 5.29 6.51 5.94 5.59 6.22 7.14 14.0 14.39 16.6 13.14 9.26 8.61 3.17 4.42 6.34 9.85 5.31 6.16 6.33 8.22 6.42 5.7 3.62 4.37 4.08 5.06 7.77 4.05 5.31 9.05 7.09 4.89 7.67 7.65 7.81 13.11 11.42 9.69 5.66 5.71 4.09 5.24 10.63 10.1 8.14 6.04 8.75 7.14 10.15 9.48
9.07 7.09 6.55 4.99 7.22 8.42 6.65 5.95 5.92 4.51 5.62 4.57 3.71 3.11 5.47 4.84 5.09 7.3 9.59 16.21 17.61 18.51 13.86 13.83 9.91 5.77 3.44 4.63 8.14 7.87 8.03 7.55 5.34 4.84 7.19 3.17 3.28 2.96 4.3 5.24 7.29 4.63 4.88 9.89 6.29 3.91 8.7 6.78 10.07 9.13 7.65 9.19 4.85 3.86 3.77 4.76 10.86 11.56 7.62 9.63 8.47 7.08 10.72 9.95
7.67 6.86 7.38 4.38 4.67 8.81 6.81 7.52 5.13 4.01 6.64 7.31 4.14 5.37 4.97 6.78 4.29 5.56 10.0 16.52 12.42 13.85 11.11 11.21 10.85 6.85 4.61 5.81 11.84 9.46 8.26 8.51 4.94 4.37 5.11 5.23 3.25 4.91 3.72 7.04 10.62 4.59 4.3 5.71 7.28 6.19 5.03 5.82 6.27 7.04 5.4 10.28 4.87 4.04 5.65 8.1 8.34 9.24 6.06 5.81 6.27 7.01 14.19 9.69
11.78 7.5 5.75 5.75 6.97 6.11 10.77 6.5 5.25 4.12 6.23 8.65 5.34 5.65 6.41 9.25 6.43 4.0 6.18 10.16 8.15 9.72 13.6 10.86 16.01 10.71 4.96 4.74 7.84 5.81 8.57 6.98 5.37 5.3 5.75 5.39 3.96 4.83 4.26 6.65 9.58 7.29 4.21 5.49 5.15 5.55 6.48 5.84 6.93 5.53 5.65 13.74 5.62 6.01 9.18 8.35 13.32 6.6 4.96 3.81 4.97 10.61 17.06 11.45
11.74 7.89 9.47 7.02 6.03 7.26 9.95 6.51 5.37 8.51 12.38 6.24 6.44 6.68 7.76 9.5 7.03 6.22 6.89 6.83 7.26 13.57 15.52 15.59 10.94 8.98 4.81 4.91 5.36 4.79 5.55 5.44 5.23 5.45 7.63 5.15 6.7 7.7 6.99 8.43 8.73 11.67 6.29 4.36 4.01 5.8 6.05 8.6 6.38 4.27 5.14 8.44 10.36 7.09 9.07 8.26 9.6 10.25 4.41 3.19 5.8 10.31 21.91 13.99
7.3 12.95 8.6 6.1 6.97 6.48 12.23 5.91 7.4 13.63 11.6 6.0 5.59 7.07 7.77 12.99 13.69 9.29 7.75 10.13 10.69 10.98 9.71 16.75 13.01 6.71 6.32 3.22 4.97 6.46 6.48 7.14 6.54 7.57 7.67 6.32 7.48 8.32 6.84 10.76 9.99 7.12 7.68 5.44 4.84 9.39 11.45 12.06 7.24 5.5 6.29 9.01 11.01 9.93 8.58 8.07 9.66 6.48 5.09 5.85 8.59 12.11 15.8 12.59
11.36 10.96 7.5 4.61 4.76 5.71 9.37 8.45 9.24 9.16 15.94 10.37 9.39 12.86 13.71 24.02 13.65 9.51 9.33 6.58 8.54 8.92 10.92 12.87 9.83 6.05 5.8 5.85 4.69 6.78 5.73 8.48 5.79 6.54 5.1 6.49 5.49 7.98 9.25 15.72 17.86 5.68 7.15 6.8 5.76 7.56 19.31 15.28 8.96 7.36 5.42 8.38 11.57 13.95 10.57 8.15 10.39 8.61 5.01 6.66 9.21 11.12 13.27 15.26
9.99 6.45 7.43 6.85 4.08 3.87 6.84 10.55 20.55 18.73 17.49 14.54 10.73 11.85 16.4 15.17 9.58 8.38 10.81 6.24 7.37 13.56 14.05 12.15 10.84 6.37 5.88 5.4 10.47 7.02 4.39 8.93 9.11 7.6 9.69 6.41 7.5 9.72 10.01 11.11 9.56 5.01 4.65 6.4 7.17 7.81 18.01 12.39 10.92 5.26 5.76 6.74 11.74 9.17 12.05 9.02 5.76 7.81 6.33 6.38 6.95 6.45 9.91 18.49
9.6 6.66 5.25 5.25 5.55 4.34 3.76 7.56 13.17 20.0 13.13 10.52 8.25 9.11 10.41 14.11 12.37 12.58 7.08 6.85 8.03 10.88 9.62 7.99 8.92 10.48 4.72 3.08 7.03 7.36 6.27 7.14 6.75 10.64 10.16 8.09 5.8 9.46 5.98 7.26 6.77 4.61 5.16 7.9 7.76 8.12 10.47 11.6 7.62 3.21 2.85 5.46 8.92 7.67 9.87 8.79 4.49 9.98 8.2 7.6 5.81 8.44 12.72 20.59
9.27 7.31 4.48 6.86 6.22 3.3 5.12 7.75 16.43 11.08 10.42 10.46 8.42 11.2 8.38 10.31 8.93 10.86 8.97 7.86 7.97 8.23 6.47 6.95 9.8 7.98 4.91 2.26 6.09 7.66 11.26 9.55 4.74 6.4 7.54 7.3 6.12 6.81 3.86 5.47 6.5 4.99 4.8 5.44 6.67 6.5 8.09 6.17 5.92 2.49 2.68 6.34 4.92 6.97 11.39 6.91 5.76 7.07 13.35 7.69 6.4 6.4 10.33 17.13
9.79 6.96 5.95 5.91 3.79 3.7 4.53 8.49 7.95 10.7 6.88 7.08 9.74 8.46 11.65 8.51 7.64 13.2 12.07 11.57 9.36 9.22 7.21 7.66 8.37 11.89 5.12 3.71 4.89 7.99 18.01 8.69 4.51 3.85 6.26 4.51 5.82 5.75 4.35 5.07 5.05 6.88 5.24 4.02 4.85 8.18 8.25 7.7 4.75 2.78 4.26 6.07 6.0 5.04 5.36 5.21 4.12 4.77 5.38 6.59 5.7 4.28 8.32 8.72
4.68 6.08 5.05 5.13 3.2 3.08 5.87 9.15 6.93 7.18 4.8 5.64 6.86 7.1 9.02 6.18 5.81 6.96 9.08 8.98 10.48 11.36 7.3 10.29 6.66 5.49 5.17 4.35 5.88 7.01 11.62 6.08 4.6 4.67 4.08 3.94 6.56 5.94 5.47 6.66 6.76 5.79 4.93 7.64 4.53 7.95 8.04 6.46 3.81 2.4 3.66 4.24 4.51 6.04 5.8 5.15 5.56 4.79 5.15 6.24 4.98 6.3 11.67 11.96
4.26 4.54 5.19 6.51 3.71 3.58 5.33 5.56 7.18 3.74 3.89 3.77 5.36 4.65 6.24 4.94 4.74 5.65 5.25 7.44 10.48 10.35 7.92 8.22 9.95 8.47 5.32 4.64 5.22 8.55 9.19 6.18 5.48 6.76 5.32 6.7 6.76 5.66 5.34 8.53 6.12 5.66 8.36 8.58 7.53 11.05 6.71 3.39 2.21 4.9 5.45 7.87 5.96 6.87 7.14 4.42 5.79 4.68 4.81 7.22 9.41 12.42 12.46 9.17
5.99 4.47 4.81 5.22 2.82 3.82 5.61 3.69 4.23 3.44 3.59 6.04 13.22 6.95 4.95 4.32 8.79 7.71 6.72 7.88 11.1 8.16 5.87 7.09 8.72 9.68 5.69 6.32 7.56 6.89 6.47 6.38 5.22 6.62 6.11 7.61 7.36 4.6 9.55 10.88 8.31 7.72 8.67 14.03 11.21 10.11 5.39 2.34 3.35 3.53 5.8 7.02 9.56 5.7 5.57 5.09 5.09 4.75 5.84 7.01 13.65 10.07 10.91 12.13
