14.57 10.43 5.52 6.24 8.71 15.05 11.43 9.07 11.21 17.34 14.9 13.79 17.76 6.87 11.65 8.52 8.24 9.26 5.04 5.92 6.7 7.17 9.25 10.93 8.12 12.12 14.93 18.68 9.73 5.53 8.77 6.58 9.09 8.06 6.65 6.06 7.44 8.44 8.42 11.05 11.3 9.62 6.64 4.98 3.33 4.91 6.51 6.35 7.91 8.67 5.13 3.88 4.96 3.99 5.55 7.93 5.3 9.69 6.05 7.65 8.58 14.18 11.65 11.13
15.78 13.05 9.76 7.22 8.85 9.1 10.75 10.17 14.36 13.74 13.47 15.35 13.06 10.56 18.64 14.86 8.5 6.62 4.34 5.29 5.92 7.03 5.18 8.27 7.82 10.77 11.45 12.7 8.48 6.0 6.05 9.41 9.38 6.12 6.57 7.8 12.78 11.99 6.82 9.25 6.75 7.58 6.11 4.68 4.18 6.32 6.49 5.76 5.71 6.72 7.17 5.23 6.71 4.55 5.6 5.69 8.52 9.25 6.4 8.43 10.18 13.93 10.19 9.83
17.4 16.4 12.72 8.04 9.03 14.71 12.87 16.49 18.81 12.68 15.66 8.48 10.22 8.35 9.82 12.89 9.75 7.7 4.58 4.3 5.09 4.55 4.6 4.15 8.08 7.96 6.66 5.34 5.54 5.09 6.65 6.52 11.83 6.53 5.24 10.43 11.21 10.24 6.22 11.36 8.5 5.56 4.9 4.54 5.15 5.71 9.12 7.96 9.41 8.1 5.83 5.61 9.07 9.62 8.94 8.81 7.82 7.23 5.58 6.19 8.63 12.15 13.12 6.06
8.57 12.27 12.08 8.61 9.94 11.1 12.75 17.62 24.83 16.84 15.43 18.82 12.56 8.57 14.07 12.55 8.84 7.71 8.05 5.06 4.99 5.75 4.2 4.98 8.49 6.79 9.78 7.32 5.58 5.75 8.08 6.82 9.43 4.73 4.87 10.48 12.86 6.81 4.79 6.98 6.94 6.25 4.65 4.25 5.03 10.71 7.92 6.43 11.03 8.53 6.83 9.06 10.17 10.38 9.89 9.74 12.01 6.7 5.24 8.08 11.48 14.94 8.83 7.92
6.23 10.2 8.05 6.67 7.78 11.67 16.1 15.33 21.49 19.4 13.08 9.33 11.63 12.54 10.82 11.82 7.9 7.63 7.85 5.25 7.0 5.53 7.02 8.5 8.7 5.72 7.02 8.78 9.82 9.82 10.48 8.78 9.62 4.73 4.43 10.21 9.78 6.69 4.61 8.83 6.4 5.79 6.69 7.15 5.44 11.26 10.26 8.52 9.36 8.48 9.39 14.89 8.25 10.87 8.22 10.41 11.61 10.04 4.59 5.35 8.41 18.47 16.73 9.59
6.97 9.29 6.7 5.31 5.56 9.69 13.24 22.38 14.78 16.85 12.84 10.39 11.0 13.12 10.32 6.92 7.52 6.41 11.47 5.01 5.43 8.31 7.29 8.61 9.67 8.11 9.62 9.22 11.87 15.18 12.74 8.65 6.87 4.61 6.78 8.68 10.39 3.65 4.21 6.69 6.82 5.84 5.97 7.8 8.64 11.25 10.21 9.76 9.04 9.13 9.42 9.88 5.19 8.15 6.97 9.14 9.75 7.92 4.45 5.23 8.53 12.11 12.27 11.94
7.26 6.44 6.2 6.74 7.1 9.32 17.61 14.17 16.41 16.07 12.87 9.68 11.27 10.93 9.17 5.56 6.67 6.11 8.24 5.95 6.81 6.59 7.36 8.3 7.5 6.11 10.95 9.88 16.53 17.76 12.62 8.21 6.61 6.34 7.19 7.52 6.83 4.49 4.09 6.6 8.37 4.34 7.52 9.6 12.26 10.65 10.35 12.79 14.04 9.81 9.35 8.42 6.41 6.42 5.05 7.71 6.79 6.73 6.71 6.1 5.64 7.32 10.5 11.19
4.69 6.99 7.27 6.72 6.87 7.5 11.19 14.98 23.35 18.52 11.17 7.68 13.0 11.55 11.47 7.26 7.29 5.1 4.26 3.59 6.13 8.0 8.85 6.81 7.52 7.19 8.87 5.92 10.68 18.21 16.0 8.4 5.16 6.71 7.69 8.1 5.28 3.87 4.0 5.58 8.64 4.82 5.23 6.37 10.34 11.81 10.78 14.99 11.41 14.89 10.07 8.31 6.45 7.99 5.74 10.97 7.24 5.93 10.14 8.39 6.3 6.05 7.08 15.13
7.95 8.34 6.86 14.32 9.01 8.14 8.64 10.23 18.46 13.09 8.71 8.03 21.24 12.86 9.98 6.22 4.5 5.91 4.14 5.57 4.78 5.36 4.94 8.45 6.43 7.05 10.49 6.41 7.11 8.98 11.95 6.41 6.11 6.55 8.32 7.09 3.31 4.32 4.06 5.59 5.46 6.15 3.81 5.53 6.38 8.51 11.92 9.07 12.31 14.17 12.46 7.7 9.12 5.5 5.11 15.06 10.38 12.51 8.45 10.3 11.51 7.93 8.04 15.45
6.93 8.14 10.57 8.98 11.29 13.91 7.28 9.26 10.92 11.38 8.28 7.02 13.28 12.08 8.07 3.89 4.28 5.39 4.7 3.51 5.12 4.67 4.9 7.34 7.54 8.64 6.51 6.08 8.76 11.14 9.34 4.27 6.44 10.04 12.1 7.04 5.92 4.75 5.47 6.54 5.12 5.51 5.1 6.98 9.16 9.72 8.94 13.28 10.29 14.38 13.06 8.28 11.21 7.71 10.04 13.55 9.5 7.91 9.13 12.42 13.71 9.12 13.19 13.42
8.7 9.04 9.22 16.22 11.76 7.25 8.86 9.31 10.32 9.49 9.06 7.44 13.02 11.24 4.76 6.49 5.47 5.45 4.48 3.71 3.13 4.67 5.86 4.82 6.16 8.22 7.69 5.63 7.53 8.64 11.7 5.03 5.54 10.02 14.35 4.62 3.79 3.91 5.74 10.23 6.89 6.01 7.91 7.32 8.05 11.54 13.18 9.87 13.36 12.44 7.57 8.23 10.51 8.48 9.64 9.79 9.41 13.62 11.28 7.34 7.8 10.31 10.92 12.41
7.39 8.69 10.1 7.91 8.54 6.89 9.07 8.63 6.42 6.72 7.16 7.41 10.79 9.19 4.09 5.15 4.19 7.58 6.88 6.19 3.43 3.38 8.01 5.06 6.55 9.55 6.22 6.1 7.24 14.33 11.29 7.39 7.81 17.61 14.28 5.68 3.37 6.66 8.25 8.52 9.27 6.48 9.09 12.51 19.12 23.44 15.18 12.55 13.19 15.41 9.94 12.15 10.22 9.93 10.0 9.81 10.79 9.11 6.77 6.7 6.74 9.06 10.05 7.97
7.78 11.64 7.48 6.5 6.17 6.15 7.95 6.78 7.78 6.46 6.4 7.52 10.41 8.01 4.72 3.79 3.47 7.05 5.58 7.42 4.61 4.51 5.99 7.58 7.35 7.39 8.8 7.81 12.38 15.08 14.21 7.3 5.82 11.7 11.31 5.93 3.47 7.14 10.6 11.92 5.8 6.36 7.38 8.37 19.66 27.43 25.77 13.33 19.71 15.78 8.67 8.13 9.16 14.56 12.32 11.93 12.06 13.61 9.95 9.17 6.55 8.95 11.26 8.48
8.74 12.63 9.54 5.14 5.15 4.74 8.24 9.78 9.83 6.02 5.22 6.95 10.69 6.72 3.79 2.92 3.87 5.44 4.8 5.18 6.7 6.57 6.39 8.67 7.28 6.39 9.35 13.32 13.09 11.13 15.37 16.03 13.4 13.23 13.8 7.94 4.6 7.33 8.87 15.1 9.38 6.2 7.37 7.21 12.34 15.01 26.87 20.56 24.04 16.93 14.84 8.46 8.13 9.22 13.49 10.31 8.87 12.02 7.49 8.23 10.15 13.1 11.45 7.45
8.75 9.07 8.33 6.63 3.76 4.93 7.42 6.63 8.03 5.86 6.85 7.21 11.4 9.61 7.35 1.74 2.3 3.38 4.65 3.71 3.25 5.46 6.81 9.37 9.81 7.65 8.49 7.73 12.82 14.65 10.51 13.13 12.54 12.31 13.14 9.44 11.49 10.11 6.44 8.71 10.54 9.71 8.2 11.37 9.99 16.93 17.4 15.88 16.09 13.38 10.63 13.0 9.97 9.69 8.25 7.66 11.52 10.91 11.29 10.76 9.54 11.67 9.7 9.39
11.82 16.08 9.84 5.81 7.55 7.98 8.79 10.52 7.53 7.03 7.2 6.14 6.29 7.83 6.57 4.14 5.11 3.61 2.81 3.89 4.11 7.19 6.81 8.52 9.37 6.02 6.38 7.67 10.66 11.39 12.97 15.21 14.55 20.68 13.27 14.37 11.47 12.95 10.41 9.54 10.17 6.25 9.79 13.03 13.12 15.22 15.77 24.62 17.23 13.19 12.43 14.09 7.27 7.93 6.88 8.29 5.72 7.51 6.75 7.64 9.32 13.83 11.9 7.57
5.73 8.38 8.01 6.19 7.75 6.82 7.45 11.34 8.27 10.2 14.4 7.74 7.72 5.74 5.55 2.59 2.57 2.79 3.09 3.03 3.94 8.76 10.1 10.52 6.05 7.18 9.63 8.99 9.25 11.96 10.41 8.98 13.45 17.83 16.31 13.71 13.64 12.91 11.88 11.13 9.43 12.98 12.49 9.7 10.51 15.61 17.23 17.41 20.62 11.02 7.23 11.97 9.77 10.48 7.55 4.79 5.15 7.09 6.9 7.58 8.41 9.57 11.9 6.32
4.1 7.49 10.12 4.94 10.13 10.01 7.99 6.69 5.17 7.68 21.44 10.56 6.95 8.12 4.39 5.14 4.49 2.68 2.95 2.82 5.37 7.44 5.69 4.89 6.89 8.4 10.57 5.82 7.0 9.37 14.32 19.24 14.39 12.08 15.66 10.5 7.93 11.28 13.79 8.17 8.01 8.88 10.31 9.09 13.1 16.08 19.35 16.41 12.22 10.94 15.11 10.4 10.82 11.66 7.01 5.41 3.1 5.78 8.41 8.72 8.4 12.87 16.96 7.84
2.91 4.16 5.67 4.4 6.39 5.93 6.35 6.18 6.29 8.38 17.3 10.86 8.52 5.42 4.54 3.92 3.0 4.68 3.47 2.65 4.98 7.38 7.68 7.53 7.4 8.76 8.1 6.0 5.27 7.58 9.96 17.02 20.33 10.66 8.72 13.04 9.39 9.67 11.38 10.07 8.6 11.43 9.68 7.26 6.59 7.78 16.5 16.61 9.96 11.36 12.22 10.43 8.81 8.44 7.22 6.22 6.22 4.41 6.15 7.69 6.38 8.73 15.23 9.54
4.3 5.84 3.54 5.87 9.39 5.06 4.4 4.32 5.25 7.44 17.2 18.03 8.41 7.67 8.58 5.53 2.21 3.04 3.76 3.25 6.65 6.21 6.2 5.71 5.27 6.9 6.95 5.5 5.11 4.45 6.45 8.53 9.84 11.54 10.14 6.99 4.9 7.7 9.33 13.33 13.25 14.62 10.9 5.84 3.62 7.35 10.77 17.5 13.17 10.18 13.37 15.57 13.4 9.95 6.49 4.83 5.69 7.66 9.18 5.97 5.06 6.5 10.08 7.75
3.89 7.65 4.06 3.47 5.21 5.22 4.69 6.72 9.06 8.96 12.77 13.87 11.0 9.21 7.87 5.04 2.54 3.92 2.75 6.06 8.61 5.88 11.73 5.15 5.83 7.13 6.05 4.47 5.55 4.62 5.38 9.3 8.91 6.22 6.09 5.95 7.91 10.21 8.65 10.54 14.86 12.53 11.25 6.58 6.52 5.56 12.52 12.09 10.32 12.66 8.24 16.78 14.62 9.68 9.24 7.12 6.97 4.12 5.49 6.15 4.99 4.23 12.62 7.7
7.91 12.58 3.75 5.46 6.5 4.1 4.4 5.06 12.79 15.91 13.26 12.98 10.92 7.34 10.19 6.39 4.15 4.19 3.97 6.43 8.39 8.8 7.6 8.4 6.36 4.99 6.71 4.03 6.81 4.11 7.09 7.13 5.14 5.75 9.2 6.88 5.07 9.68 13.3 14.81 11.69 16.17 11.38 7.23 5.83 6.08 10.37 12.58 15.67 18.47 10.15 10.03 17.64 13.88 13.69 14.56 8.44 10.91 4.96 3.82 4.68 4.36 7.59 8.14
6.29 11.34 6.0 3.11 4.99 8.19 7.11 7.55 9.72 17.41 11.0 6.32 3.51 8.87 12.78 5.5 4.32 4.48 3.61 9.6 11.42 9.02 9.25 6.05 6.16 6.38 6.41 6.83 6.89 7.2 6.71 5.71 7.68 6.25 6.09 5.82 6.53 8.96 7.79 9.56 8.64 12.81 13.94 7.31 4.75 5.56 10.92 11.16 8.19 11.05 6.97 10.29 10.11 15.53 15.17 13.83 9.45 6.65 5.51 8.91 5.05 8.67 6.82 8.41
4.68 5.67 4.37 4.85 5.48 5.51 9.05 10.51 15.13 15.85 9.6 6.83 4.6 4.88 9.47 5.8 4.11 5.83 5.16 7.0 8.46 13.94 9.68 9.69 6.73 6.98 8.63 6.5 7.24 9.17 9.79 7.45 6.27 7.49 7.48 8.94 7.5 8.36 8.39 6.68 9.12 12.06 7.5 8.1 4.17 6.67 8.52 8.19 10.77 9.69 8.66 8.22 9.65 11.47 18.66 14.7 9.98 8.78 5.42 7.16 10.99 9.92 11.04 20.79
4.05 4.54 5.92 6.75 5.24 6.26 7.09 8.14 11.88 14.12 9.18 7.37 7.82 6.99 7.76 6.01 4.7 4.99 6.22 7.94 7.27 6.96 9.94 6.12 5.73 5.1 9.37 7.42 8.48 11.91 9.64 8.19 6.68 6.02 4.82 6.09 6.14 7.64 6.34 4.76 6.92 6.27 7.94 7.87 5.5 6.17 11.13 8.89 6.38 8.74 8.05 9.68 5.05 8.84 11.99 10.49 14.48 6.38 4.72 9.42 11.72 16.11 27.57 19.48
3.53 3.46 4.42 7.85 10.04 9.33 6.64 7.32 8.03 7.21 8.25 12.15 9.76 8.4 8.75 8.58 5.48 5.8 11.81 8.91 9.46 10.27 7.92 11.33 6.72 4.76 7.47 6.87 10.44 13.94 10.04 8.8 5.82 6.09 4.67 4.86 6.96 7.87 6.88 5.02 4.47 4.78 5.93 7.45 6.05 8.89 8.67 10.25 13.1 6.03 5.81 9.56 6.57 11.07 9.05 9.54 11.36 9.45 10.09 13.49 16.51 12.56 25.51 24.3
5.09 6.08 7.17 7.19 6.73 7.57 5.8 7.95 10.05 7.09 6.14 8.61 8.64 11.01 7.59 10.97 8.54 7.44 7.85 7.87 8.47 4.94 5.43 9.11 13.05 6.81 7.92 9.59 7.24 11.82 10.12 9.96 6.55 4.9 3.94 4.35 4.28 5.84 4.5 7.36 6.08 4.47 7.78 8.23 5.58 7.56 8.72 8.42 11.27 7.74 7.88 13.94 4.61 8.64 7.36 10.02 12.73 12.02 11.3 16.17 16.63 21.65 28.88 18.31
4.55 7.11 9.95 8.34 9.42 8.63 5.7 6.75 6.14 6.18 8.69 17.03 9.27 9.79 14.62 8.24 5.9 14.39 13.07 10.85 10.78 7.44 7.11 11.05 10.9 10.88 8.44 6.15 9.22 12.23 9.1 9.01 7.1 4.98 5.67 5.8 6.21 4.1 4.02 3.7 7.94 6.36 6.71 7.43 6.77 5.26 3.99 6.31 9.89 6.46 7.7 6.77 5.1 8.13 7.41 7.73 11.06 9.7 17.48 22.11 11.88 13.28 22.84 19.73
5.96 7.73 8.21 9.26 8.92 5.6 7.23 5.79 6.71 4.23 12.35 13.87 11.06 9.93 7.99 13.41 8.82 12.14 8.87 10.97 10.46 6.8 8.63 11.89 10.66 6.94 9.04 6.73 6.29 7.62 6.56 6.7 7.23 5.33 5.41 7.16 7.06 8.2 4.87 6.1 8.57 5.46 8.18 3.94 7.1 5.57 7.13 7.3 5.87 7.19 8.94 8.44 7.24 9.23 9.3 6.63 6.67 6.14 12.19 16.56 13.7 13.75 14.75 11.75
6.83 11.37 9.55 8.14 6.25 5.84 6.65 9.23 13.02 13.06 13.26 12.79 11.97 10.82 16.4 10.34 8.64 14.28 15.24 16.92 11.21 9.44 9.32 14.17 8.34 9.64 11.82 6.79 6.45 6.87 5.33 5.03 5.97 4.32 4.94 5.71 8.16 8.52 6.47 5.67 9.75 17.13 10.32 6.57 5.83 5.75 6.84 6.42 6.03 5.75 7.14 8.27 10.38 10.03 9.3 9.21 9.2 14.18 10.51 10.96 10.92 8.55 10.46 11.15
7.64 6.4 8.01 6.96 4.44 5.32 7.39 6.85 12.42 12.91 14.01 18.06 16.43 12.16 8.02 14.46 14.33 11.54 10.84 13.52 8.73 7.43 7.09 12.86 10.54 7.67 7.9 10.27 7.97 5.89 6.61 5.39 6.7 6.62 6.24 7.29 5.61 6.86 5.32 7.67 9.23 10.88 14.31 10.57 9.01 8.6 8.6 10.68 8.45 9.41 15.05 6.89 11.88 13.59 14.5 8.14 7.62 8.82 9.78 12.45 12.82 15.7 9.52 10.19
5.73 7.9 5.35 4.73 5.76 4.31 5.99 7.93 8.75 16.3 9.74 12.33 16.02 8.81 9.28 8.41 10.36 13.78 14.17 10.27 5.94 5.21 6.76 10.66 12.15 7.78 8.03 8.01 10.79 8.16 7.95 8.38 9.3 9.2 6.55 6.67 6.5 5.94 7.6 7.36 10.78 12.73 10.95 13.22 7.72 7.26 12.51 10.86 8.9 8.29 8.64 9.46 10.43 15.44 20.54 10.54 11.1 6.81 11.01 15.31 16.37 11.56 10.11 10.89
7.67 4.11 4.85 6.39 5.63 4.6 4.27 5.45 7.2 7.3 9.89 11.82 7.56 7.68 5.61 9.7 8.66 10.94 10.43 10.73 9.25 6.09 5.65 8.01 9.45 6.88 10.32 8.9 7.59 8.32 10.79 9.54 10.71 16.77 12.73 9.2 7.39 6.15 7.05 8.12 8.1 8.23 10.68 8.72 6.25 5.65 6.71 10.44 13.37 11.14 8.94 6.3 8.81 9.92 8.55 6.59 7.28 6.29 9.46 19.05 16.23 15.45 9.54 9.57
10.21 6.45 5.56 4.31 5.63 4.59 5.88 5.19 5.15 6.96 4.21 8.21 7.03 7.06 6.27 6.72 6.94 6.85 6.73 9.94 10.76 7.03 5.6 7.62 12.62 9.07 8.75 10.74 12.07 13.06 6.34 11.68 5.88 10.68 11.02 11.04 11.42 7.89 9.08 11.56 11.96 8.41 7.54 9.48 6.75 5.77 5.84 4.97 5.18 6.76 6.79 9.56 5.53 7.17 6.51 6.92 5.41 3.7 11.15 17.41 16.35 12.0 7.4 7.54
10.89 6.92 6.36 11.41 6.31 4.06 6.41 5.83 6.22 4.85 4.35 6.15 7.46 6.41 5.13 9.57 9.36 15.29 10.97 6.59 9.83 8.76 8.16 11.51 9.59 9.45 11.79 8.27 6.3 8.23 8.12 9.36 8.05 8.1 11.5 14.08 8.01 10.37 8.51 7.22 6.99 7.14 10.4 5.2 7.29 7.14 4.49 3.99 6.47 6.36 6.77 6.02 3.85 6.45 4.33 4.94 6.02 6.29 9.6 11.0 12.66 10.16 7.43 5.57
10.58 10.22 8.9 9.28 6.47 5.62 8.07 6.51 5.86 7.34 4.89 3.92 6.52 7.18 7.16 6.25 10.67 10.89 8.26 9.29 12.04 13.31 12.16 10.87 20.19 14.87 8.96 11.43 10.56 7.13 3.89 7.43 8.85 9.61 10.18 11.29 13.72 12.57 13.31 12.16 9.09 6.94 10.21 9.93 11.44 7.54 4.81 3.81 6.48 3.73 5.82 9.38 4.18 6.0 5.79 5.46 7.77 7.6 11.85 8.31 10.61 9.18 6.3 3.9
9.79 9.75 9.02 17.89 8.8 7.29 10.06 7.23 5.78 4.7 5.29 4.62 5.1 4.55 5.76 9.76 8.21 9.82 12.25 7.08 16.84 16.44 13.47 12.42 10.83 9.43 7.86 5.8 7.28 5.93 5.53 8.56 9.06 10.43 10.75 7.88 10.23 11.8 8.78 8.88 8.64 5.0 8.65 10.75 11.37 10.66 3.89 5.35 3.87 5.29 4.64 4.84 4.29 3.98 6.0 8.03 7.46 9.17 10.2 7.85 9.91 10.34 8.47 5.42
9.16 6.29 7.29 13.79 10.08 10.55 7.47 5.87 8.4 8.62 6.36 6.32 4.38 3.57 4.56 8.03 6.4 7.04 9.84 9.61 14.0 16.74 12.99 15.66 13.59 6.88 7.45 5.89 6.92 5.31 5.29 7.33 10.39 11.2 13.31 8.82 11.3 15.74 11.55 13.51 10.05 6.06 11.19 15.1 10.89 5.8 3.64 5.82 6.99 5.7 4.84 4.75 3.61 4.23 3.27 4.9 6.85 7.15 8.58 7.27 6.38 8.13 7.37 5.12
9.12 7.73 8.44 8.68 11.09 11.37 8.62 7.61 5.37 4.92 5.92 4.33 4.4 5.84 6.83 7.93 7.44 5.74 7.92 8.4 19.24 14.54 8.77 7.46 4.96 5.66 7.06 4.07 5.02 3.8 4.91 5.76 12.06 5.93 5.87 8.6 12.23 9.6 9.14 10.28 12.42 8.5 7.76 7.83 8.53 7.44 2.89 3.89 4.99 5.32 4.79 4.1 4.53 2.82 2.74 4.7 7.66 5.1 6.99 7.84 7.35 4.9 5.96 5.88
12.65 8.98 11.51 6.32 9.31 8.83 12.24 10.57 9.29 7.46 4.36 3.41 4.59 5.02 5.9 9.33 7.38 7.88 6.86 7.57 10.25 8.24 8.71 6.74 6.82 4.26 5.98 3.41 5.01 2.87 4.97 5.83 6.68 4.35 4.27 7.19 10.79 10.62 16.12 14.94 9.7 7.36 8.67 4.94 5.57 6.02 5.58 6.01 5.95 2.85 4.16 4.04 3.36 3.35 2.69 2.87 4.63 6.34 4.83 5.67 8.43 13.5 8.67 5.79
15.2 19.63 16.31 8.69 9.37 6.52 8.94 7.36 6.08 4.95 5.47 4.03 4.45 5.96 6.56 9.55 7.68 7.23 8.09 4.38 5.14 5.72 7.26 3.64 3.28 5.63 5.05 3.67 5.98 5.03 4.77 6.0 4.36 3.89 3.18 4.13 10.06 9.77 10.55 13.08 16.72 12.72 6.55 4.68 6.85 7.96 3.84 4.91 5.58 4.21 3.16 3.13 6.02 4.67 3.49 2.68 6.47 6.2 6.73 9.63 9.06 10.93 9.12 7.69
14.3 19.76 16.48 15.39 11.89 8.31 7.79 9.73 8.83 4.06 3.45 4.22 5.87 5.4 5.59 9.69 10.4 9.36 6.91 5.4 4.08 3.56 6.33 2.68 3.53 3.24 5.56 5.56 5.81 3.84 4.81 8.38 5.44 4.5 3.8 4.21 9.01 12.35 10.99 9.52 7.37 8.61 6.22 3.75 7.87 9.05 8.71 6.91 5.98 3.12 3.4 4.14 5.25 6.83 4.88 4.18 3.85 5.77 6.74 6.23 15.05 20.57 16.7 6.59
13.54 16.47 7.47 8.73 9.0 5.0 4.9 7.34 6.63 7.56 3.64 4.54 4.49 3.56 5.58 6.6 10.03 7.01 5.78 6.82 5.02 2.46 4.95 3.37 3.11 5.13 6.41 7.31 9.32 5.35 4.83 6.1 5.01 4.4 4.41 4.47 10.4 12.35 13.39 10.61 12.52 7.87 5.34 3.91 8.04 7.7 8.35 4.19 4.95 4.6 3.73 4.37 7.73 9.32 9.24 9.81 8.88 5.63 6.7 5.49 8.31 10.12 17.07 8.3
13.59 13.27 11.86 9.32 7.34 6.19 5.9 7.03 6.73 5.48 4.0 6.1 5.65 4.33 5.23 8.02 11.81 7.21 3.83 5.11 5.12 3.38 5.24 2.75 3.29 3.55 4.32 8.64 9.13 6.72 7.8 8.27 5.99 4.1 5.06 4.86 8.27 8.46 7.65 5.6 6.02 6.63 6.67 7.8 12.52 7.54 6.12 4.94 6.63 8.59 4.68 3.3 6.15 10.61 11.21 13.38 10.77 7.76 7.74 6.91 9.59 18.64 14.76 7.51
8.75 8.97 7.13 8.05 6.01 5.42 9.36 6.14 5.6 8.19 4.59 4.71 4.79 6.59 6.4 10.13 8.17 5.27 3.13 2.99 4.54 4.41 5.19 4.0 4.06 4.29 3.98 6.98 9.3 8.87 6.46 9.01 7.12 4.58 3.4 5.2 13.27 6.78 8.0 5.6 6.29 4.06 6.02 5.66 7.48 6.98 6.04 4.48 2.83 5.05 5.98 8.24 8.51 9.23 14.59 11.37 8.0 8.46 7.42 7.3 8.43 7.15 9.44 12.39
14.08 10.33 9.62 10.32 6.54 4.81 5.67 7.21 9.21 5.55 7.99 6.22 5.79 5.54 9.02 10.14 10.44 6.87 4.89 3.52 2.31 3.29 3.34 3.43 2.87 5.05 6.05 5.95 6.64 7.24 10.22 8.84 7.14 4.31 4.25 4.97 7.95 6.85 5.96 4.49 4.74 4.97 6.12 5.37 8.13 6.54 3.3 3.53 4.54 3.5 6.9 7.41 10.35 9.87 12.16 8.6 13.99 16.77 10.23 6.55 9.38 11.15 7.65 6.32
10.35 13.76 11.22 7.61 6.32 7.1 12.74 7.23 5.48 8.87 8.43 6.78 7.46 7.93 7.29 8.97 8.96 5.04 8.8 3.95 4.51 3.46 4.19 5.91 5.66 5.23 4.39 4.9 7.99 10.33 11.09 7.12 6.15 5.25 4.89 5.85 7.46 6.68 8.13 5.52 7.87 2.88 4.56 5.15 3.5 3.28 3.2 3.51 2.87 3.0 4.99 6.6 8.04 7.77 8.16 6.53 10.97 10.02 14.33 10.93 10.79 9.82 6.09 6.62
10.03 9.83 9.24 9.19 13.36 10.14 11.09 9.45 7.21 7.11 11.02 8.5 9.39 8.0 8.11 9.12 8.31 8.99 7.23 4.82 4.56 3.7 4.95 6.34 7.03 8.09 7.23 4.27 6.47 5.83 9.19 14.8 8.73 5.98 5.32 5.42 5.0 7.02 9.99 7.84 7.31 4.89 4.64 4.73 3.67 3.65 3.24 3.89 4.68 3.28 3.81 4.7 7.34 7.79 5.65 5.99 13.69 11.15 11.34 8.78 8.45 10.36 6.38 7.73
11.01 7.52 10.0 6.05 11.23 11.84 14.82 9.1 6.24 8.59 11.59 12.23 9.48 9.99 5.32 4.99 7.01 9.38 8.43 5.39 6.98 3.15 4.45 6.71 9.12 8.51 7.33 3.54 7.09 7.06 5.41 8.12 5.76 4.4 5.86 8.71 6.4 5.62 7.33 9.72 7.62 4.23 5.95 5.46 4.21 4.15 3.3 5.6 5.2 4.43 5.28 4.92 5.36 5.35 5.58 6.9 10.05 14.5 10.26 9.05 7.74 6.46 5.2 7.45
10.04 6.69 8.58 5.74 10.85 8.01 10.08 7.33 7.8 6.44 8.36 8.54 9.06 10.31 8.63 6.24 4.35 8.72 6.7 5.48 5.95 5.5 7.2 5.6 7.56 7.8 8.79 5.75 8.32 6.32 5.04 6.71 5.93 4.39 8.6 6.73 6.66 5.85 6.37 8.76 8.69 6.74 7.23 4.93 6.22 5.34 4.53 3.89 6.59 6.25 7.89 8.64 6.67 5.4 8.01 9.44 11.77 10.51 7.66 7.11 9.81 6.64 4.56 8.84
11.33 7.13 6.02 5.18 7.08 6.57 6.75 4.97 7.88 5.96 5.61 5.29 6.0 4.2 5.32 5.03 6.52 9.02 3.38 4.59 5.6 3.54 6.99 6.51 7.51 7.15 6.14 5.58 6.33 5.79 5.41 4.88 5.64 7.28 9.63 6.07 4.53 5.7 5.51 8.26 7.24 4.4 6.27 6.95 8.6 4.5 4.57 4.15 4.9 6.46 8.55 7.69 6.89 7.32 8.91 11.77 15.66 17.34 8.69 7.62 7.29 4.52 5.47 6.37
5.59 7.09 5.02 4.98 5.8 6.14 4.62 6.44 5.02 7.98 5.45 3.2 3.91 4.03 7.59 5.47 8.38 7.76 5.42 5.96 6.67 6.81 10.34 7.96 6.41 8.38 7.39 9.42 7.34 7.34 7.63 7.05 9.61 13.27 15.42 8.66 6.79 4.7 5.52 5.83 7.15 7.87 3.86 4.12 7.19 5.57 3.25 2.18 3.18 6.67 8.66 10.89 7.14 5.43 8.8 12.27 14.68 15.31 10.32 8.27 5.59 3.54 4.1 10.65
8.51 7.39 5.91 3.96 3.45 5.83 6.31 6.87 6.11 7.69 5.28 3.79 2.6 4.61 5.71 5.78 10.66 6.3 5.06 7.38 11.92 4.2 6.95 10.34 8.47 8.05 6.1 8.02 7.44 9.65 8.42 8.28 12.63 18.6 17.03 8.45 6.39 6.53 6.98 6.59 7.23 9.06 6.53 4.06 4.81 3.69 2.94 2.73 2.43 5.03 5.9 5.12 8.4 7.52 14.67 11.15 13.91 15.25 6.8 5.73 6.79 5.01 4.24 4.23
5.74 8.66 8.45 8.39 4.15 5.7 5.84 6.51 5.89 8.78 9.47 7.75 2.77 4.21 5.88 5.19 10.92 7.94 9.16 9.54 9.36 5.43 7.94 6.0 9.37 9.52 8.21 8.22 10.26 10.22 6.93 8.51 15.65 19.06 15.57 10.15 6.85 3.71 6.15 4.85 10.98 13.0 4.09 4.07 4.73 3.46 2.22 1.86 2.26 4.68 5.28 6.82 6.59 8.83 7.5 5.59 8.76 7.13 9.96 6.13 4.34 4.02 4.48 6.0
5.54 9.23 8.47 10.36 5.54 4.07 8.27 11.56 6.62 6.06 6.04 9.52 4.22 3.53 3.64 5.1 6.3 5.37 6.25 10.73 8.17 3.79 4.36 6.34 7.58 9.14 8.19 6.89 8.6 6.99 10.67 9.82 10.31 12.84 13.19 12.96 7.38 5.52 6.25 4.87 9.53 9.58 5.42 4.35 4.61 4.83 2.93 3.38 2.79 4.73 6.12 6.12 6.49 10.91 12.27 6.77 5.76 6.71 6.04 5.44 3.44 4.48 4.27 5.38
5.57 9.22 7.13 6.39 5.87 6.45 9.42 10.22 7.16 5.97 4.66 8.63 5.7 3.8 3.96 3.61 3.55 4.52 7.29 7.26 5.01 3.44 3.55 5.77 7.51 7.41 5.37 6.54 8.69 7.52 6.72 10.19 13.1 13.72 8.92 7.97 7.29 6.82 6.87 5.76 7.8 6.94 4.03 3.54 2.96 4.65 4.14 4.68 5.19 5.0 3.78 6.4 3.61 9.32 9.54 9.6 6.91 4.27 5.22 6.06 4.83 5.36 4.89 4.61
6.25 9.07 7.85 8.44 6.68 4.74 5.31 6.26 5.52 4.85 7.21 7.77 4.15 4.11 3.8 3.18 3.41 4.67 6.22 6.59 5.3 3.93 4.18 4.81 5.3 6.9 5.63 5.43 4.88 5.33 8.05 9.31 11.74 13.59 13.23 9.23 9.89 8.05 7.35 7.9 6.24 4.33 4.69 5.59 4.05 5.29 4.08 5.04 5.86 6.36 5.96 4.01 6.94 7.04 9.47 11.98 4.43 5.85 5.76 8.97 5.89 7.77 6.86 5.72
7.2 9.61 8.6 7.23 6.9 6.04 6.45 4.58 3.63 4.54 6.32 7.21 4.52 4.89 5.1 4.53 4.03 6.21 5.6 5.41 6.15 5.03 6.53 4.65 5.82 5.18 5.4 3.6 4.03 7.95 4.48 11.04 12.16 10.4 10.63 13.85 14.84 13.71 9.98 7.39 4.79 4.08 6.53 5.41 4.91 7.17 5.95 6.69 5.49 5.2 6.71 6.59 4.86 8.75 8.81 8.47 5.05 4.18 8.66 9.87 9.38 10.91 6.44 6.61
7.17 7.58 5.63 8.57 5.68 5.13 4.87 5.16 3.96 5.27 6.96 4.84 3.25 5.53 7.46 6.29 5.37 10.56 10.06 7.92 6.06 5.25 6.81 4.82 3.98 6.85 6.54 3.61 3.15 4.01 5.83 5.88 10.29 11.74 13.15 14.51 9.72 17.3 12.85 9.44 4.28 4.51 4.63 5.98 5.11 7.59 4.56 5.99 8.03 7.0 6.26 5.33 5.42 9.71 10.53 6.88 3.93 6.85 5.97 11.29 7.97 8.08 5.22 7.3
6.72 5.55 7.21 4.85 4.23 6.2 3.28 3.35 2.35 5.17 3.6 3.69 4.37 4.62 5.59 8.74 6.52 10.79 8.93 5.8 5.08 5.51 5.66 4.93 4.33 3.69 6.59 6.57 3.74 7.9 6.07 8.44 12.93 7.43 13.64 18.86 19.32 17.98 11.61 9.15 5.59 7.98 7.05 8.35 6.04 4.38 6.67 8.06 5.2 5.83 6.84 7.69 6.91 7.63 10.02 7.44 4.98 6.76 12.68 14.36 7.98 7.91 3.58 6.21
6.78 5.46 6.41 8.98 6.5 5.39 3.42 3.62 3.36 4.66 2.92 2.76 3.47 5.18 7.16 8.76 7.93 7.64 8.04 5.65 5.83 5.1 4.28 6.2 3.23 3.81 6.7 6.81 5.17 7.13 8.85 8.25 12.3 16.18 20.92 19.09 18.45 13.02 15.29 9.3 6.7 7.64 8.49 6.68 5.27 6.02 4.32 8.46 6.11 4.9 4.95 4.22 7.69 10.49 10.01 4.45 7.12 7.87 8.73 20.74 10.12 7.04 7.68 9.85
4.65 7.36 8.37 5.52 5.39 4.79 3.8 4.24 3.04 4.53 4.36 5.02 5.58 8.69 5.9 6.18 6.15 5.7 5.69 6.68 4.87 4.36 3.95 3.79 4.46 5.34 8.87 9.3 6.91 14.75 9.55 12.13 14.15 15.18 36.43 33.83 20.25 14.08 13.6 13.96 12.74 8.12 11.36 9.56 9.44 5.49 6.68 6.25 6.56 6.42 3.54 5.2 4.95 6.8 8.79 6.97 10.77 11.11 12.54 14.88 7.18 8.67 4.35 9.92
4.56 7.61 5.48 7.15 8.16 6.94 3.55 3.23 5.58 7.06 4.43 5.9 5.36 11.15 14.79 7.82 8.53 6.36 5.07 4.53 5.98 5.88 5.32 5.11 2.39 4.93 5.91 10.63 10.23 9.66 7.6 11.47 18.47 37.31 22.6 24.59 18.2 9.71 11.09 5.96 7.43 8.82 15.04 16.2 7.43 8.07 5.23 5.92 9.42 6.15 3.59 3.94 4.98 5.72 5.58 6.04 10.49 12.66 15.78 18.0 11.46 10.91 9.18 9.89
6.45 9.65 6.8 4.55 5.25 6.07 3.89 5.01 7.3 9.54 6.68 6.84 6.71 9.48 16.22 13.73 10.81 6.29 3.34 5.96 6.57 7.03 8.66 5.89 5.12 6.41 10.17 6.67 6.07 7.84 10.17 18.33 15.86 24.54 29.5 22.53 11.5 10.62 9.24 7.74 5.09 7.41 15.49 9.13 11.14 8.29 6.3 4.2 5.86 5.42 2.89 3.92 4.52 7.04 6.58 6.76 10.29 12.45 9.1 7.18 6.41 9.68 9.08 8.47
