13.04 7.52 5.73 7.0 16.42 12.21 7.01 6.31 6.57 8.12 11.87 13.36 12.67 11.06 12.93 7.79 9.37 8.62 8.22 12.18 14.17 9.37 8.17 9.31 10.09 8.3 7.24 4.66 5.95 7.71 5.97 8.55 4.5 2.18 3.75 5.84 6.43 4.96 5.67 10.13 11.45 11.48 8.76 7.35 13.52 14.39 12.9 13.78 9.77 4.19 4.36 3.89 4.23 3.48 3.94 4.15 4.61 5.88 4.25 5.47 7.72 10.71 10.19 18.31
8.42 6.13 5.83 9.31 12.86 8.98 6.51 5.03 5.28 6.01 10.13 8.72 13.47 13.46 8.39 5.14 5.5 9.57 9.28 9.55 8.36 5.22 5.31 5.47 7.84 6.96 7.45 3.49 5.26 6.54 7.4 4.71 4.22 3.24 4.26 3.36 5.72 6.12 6.33 10.76 9.49 12.72 10.38 12.13 13.72 15.14 13.68 8.47 7.85 6.44 5.09 3.69 3.6 2.93 2.44 2.5 3.12 5.75 3.42 3.81 5.89 8.84 8.07 13.12
7.35 5.58 8.2 7.41 7.3 10.31 7.02 7.03 5.41 9.63 8.75 7.13 6.6 7.3 7.34 4.6 5.68 8.37 4.73 4.76 7.26 5.27 5.16 5.32 4.82 10.76 4.38 3.43 3.38 4.66 6.82 5.59 6.18 6.88 7.66 4.23 4.35 6.15 11.05 8.85 9.13 11.78 14.39 12.73 12.92 13.6 16.61 9.66 5.96 6.57 7.03 5.41 3.44 5.09 4.3 3.33 3.04 4.18 3.24 4.98 5.67 8.99 9.25 10.64
7.44 3.93 5.37 9.06 13.34 9.82 7.01 7.58 5.69 8.51 8.81 6.07 6.95 5.91 4.24 4.85 5.32 5.0 4.71 5.46 4.2 3.78 3.98 6.64 6.48 9.33 4.51 3.25 4.45 7.62 6.72 4.75 6.43 6.36 7.85 8.19 5.82 7.78 6.45 9.61 9.39 11.01 14.45 10.49 6.47 14.39 17.08 10.48 8.8 5.95 5.16 5.18 4.81 4.57 7.57 3.62 2.79 2.62 4.92 5.78 5.22 8.53 8.53 11.56
9.1 5.15 4.91 6.66 11.31 14.4 9.31 7.64 6.32 6.93 8.33 6.61 7.59 4.71 6.1 3.43 2.89 3.28 4.6 6.58 5.17 4.08 4.86 6.24 8.89 7.09 6.67 6.42 6.31 8.33 9.24 7.37 6.11 3.8 7.4 7.02 8.78 7.43 9.62 10.3 18.12 13.3 9.71 11.28 6.06 18.03 10.26 10.09 6.39 6.14 5.38 6.56 6.91 5.19 5.07 3.2 3.73 2.12 3.72 4.07 4.69 4.21 6.51 8.77
5.82 9.42 7.01 8.83 9.24 9.38 8.05 8.79 13.6 12.53 9.59 7.24 7.18 8.35 8.03 4.26 2.76 3.98 5.95 6.62 3.87 4.25 6.47 4.73 7.96 8.37 6.22 5.89 7.54 8.65 11.04 9.84 9.37 5.6 6.48 4.63 11.46 6.08 10.09 13.85 12.88 13.57 8.62 11.2 12.41 11.69 7.08 11.6 5.52 5.13 7.48 6.67 6.85 4.65 5.91 4.09 3.81 3.83 3.49 2.6 3.19 2.91 3.78 5.32
7.56 8.15 4.78 6.9 9.01 8.25 7.08 11.94 14.9 16.51 14.42 8.99 5.88 6.58 6.47 5.16 5.16 6.93 6.51 5.47 3.91 3.54 4.34 7.54 6.39 9.37 5.89 6.61 6.93 11.85 13.46 10.05 5.82 4.93 5.64 3.98 7.91 5.95 6.24 12.29 13.32 12.37 12.34 10.31 8.71 8.45 10.6 9.0 6.54 6.07 7.2 8.29 8.3 6.04 6.78 6.54 3.3 3.32 4.59 3.53 4.1 2.68 3.98 3.6
7.38 5.06 5.65 5.67 9.41 8.83 7.14 7.44 17.31 12.37 10.94 9.02 6.94 5.22 6.02 3.96 4.75 7.56 6.43 6.73 6.22 6.78 7.78 12.8 7.93 6.87 6.01 7.78 9.39 11.39 9.31 9.38 5.95 6.94 5.63 5.35 5.12 7.09 7.19 9.97 9.8 11.69 17.59 10.89 9.75 8.99 7.97 5.81 6.53 6.73 7.96 6.56 8.2 5.49 6.26 4.08 4.6 3.74 3.72 2.5 2.42 2.23 3.14 3.24
5.58 5.03 8.03 5.75 7.04 7.18 6.19 10.86 15.64 24.16 19.71 8.97 8.56 8.57 6.92 3.52 4.06 5.23 6.39 10.03 11.5 9.08 14.32 9.24 7.4 9.46 9.48 8.61 9.79 6.56 7.4 7.78 6.98 7.73 7.36 6.89 6.06 6.04 11.37 7.5 9.4 8.03 10.09 10.77 10.7 11.3 5.43 5.86 5.73 7.25 5.76 8.85 7.81 5.25 5.19 6.65 6.38 7.76 8.7 3.61 3.88 2.01 2.21 2.78
5.35 7.84 8.8 6.33 4.61 5.92 6.49 14.68 22.07 23.32 14.64 12.25 7.51 8.79 6.39 4.97 5.17 8.98 6.77 7.45 8.28 9.63 12.33 12.7 12.9 9.15 8.78 7.34 8.46 6.98 8.23 6.89 6.26 7.1 8.97 8.97 7.51 8.23 10.31 8.38 10.77 7.12 8.94 6.44 5.38 6.6 4.99 7.54 6.18 4.78 5.04 7.32 6.8 6.77 5.13 6.01 6.3 10.87 7.75 4.23 3.74 2.72 2.29 3.98
6.18 8.8 8.71 10.43 5.87 7.8 9.49 9.69 10.56 12.65 11.09 13.08 9.76 8.49 5.75 7.67 8.5 9.35 9.95 11.27 10.22 9.79 8.42 11.17 9.03 9.17 7.26 9.16 11.32 12.71 7.36 6.27 4.45 7.58 10.36 13.57 6.95 11.36 6.84 6.6 8.94 5.1 6.8 7.3 4.82 6.09 6.07 6.59 5.58 3.2 4.95 7.37 6.41 6.97 6.29 5.62 6.62 11.44 11.49 6.49 4.52 4.12 4.27 4.32
9.04 10.04 14.81 17.84 14.2 5.46 7.72 6.4 9.73 11.13 9.79 12.2 7.53 8.87 7.35 7.52 11.21 8.33 10.6 10.37 9.01 7.95 6.97 8.54 8.45 6.94 5.59 4.99 15.91 10.21 6.58 6.15 6.28 9.25 7.96 13.54 5.85 8.99 6.91 11.81 11.73 11.29 6.65 7.75 6.21 5.16 7.19 9.47 6.97 4.41 6.82 5.38 7.14 3.67 4.31 8.48 12.11 17.95 7.56 11.21 5.95 4.78 6.29 5.04
7.38 10.26 10.86 11.96 11.37 9.76 6.5 6.38 8.53 8.73 6.47 10.55 10.56 10.81 10.13 13.31 14.16 10.26 13.36 8.5 8.88 8.35 6.54 8.54 7.88 6.47 5.46 5.19 12.93 7.62 11.99 6.32 5.2 5.22 4.27 6.33 7.11 7.88 9.97 14.17 7.89 9.61 6.1 6.07 7.65 3.84 6.02 8.32 8.02 6.27 4.91 6.78 4.57 2.31 3.07 8.42 12.88 9.59 7.62 12.51 10.16 6.14 6.4 5.42
9.16 14.76 14.97 10.18 6.15 6.4 9.15 8.52 18.32 12.02 10.25 11.16 12.58 17.18 10.9 9.65 9.38 13.66 8.09 9.76 9.56 6.67 6.91 6.64 9.12 9.07 6.45 6.05 8.91 8.23 7.49 7.72 4.68 5.14 4.59 3.24 4.14 6.32 7.45 10.15 7.49 9.32 8.21 8.33 7.85 5.98 9.43 6.58 11.0 8.08 4.24 5.17 5.52 6.49 3.72 4.04 7.43 6.67 7.85 13.91 6.64 6.21 4.33 4.24
6.76 14.57 15.37 9.87 5.52 6.02 10.77 7.42 9.43 8.92 13.43 11.05 12.63 14.78 14.72 8.21 7.38 6.86 6.1 7.62 8.18 5.51 5.66 4.8 6.9 10.74 6.88 7.21 7.33 7.09 5.63 4.06 4.53 6.5 5.02 3.62 5.07 4.89 6.19 9.66 6.92 10.82 6.19 6.6 8.9 8.2 7.27 5.66 6.85 6.2 5.76 5.24 4.52 5.55 4.25 2.88 6.24 6.99 8.57 8.74 5.91 6.95 3.94 6.89
9.08 11.82 12.62 7.85 9.44 8.37 11.51 8.9 9.11 5.18 7.22 10.82 17.63 16.3 15.5 13.45 9.79 5.75 4.97 6.1 4.84 4.72 5.0 5.47 4.95 5.1 5.41 7.64 7.98 5.54 4.99 3.1 6.32 3.29 4.04 2.92 6.28 6.29 6.52 10.11 5.39 8.47 7.57 4.9 5.51 5.29 5.55 5.76 6.42 5.62 6.73 5.99 8.69 5.11 4.39 4.83 4.89 8.07 15.88 9.5 7.27 7.38 6.98 12.78
13.71 14.22 7.91 6.06 5.91 10.97 6.23 7.64 8.73 3.77 4.71 7.2 13.73 10.78 9.15 8.75 7.23 5.7 3.88 4.05 3.0 6.01 6.2 6.79 8.06 5.02 4.42 5.78 8.34 7.45 7.01 4.97 7.45 3.62 6.2 4.68 9.28 6.02 7.44 9.66 7.22 6.16 5.9 5.39 3.7 5.81 6.87 7.57 4.62 4.02 6.33 5.68 6.7 7.79 6.23 4.37 6.56 9.81 14.89 11.8 7.16 4.39 8.04 9.22
10.18 12.09 6.53 7.86 9.48 11.16 9.21 7.76 5.81 4.01 5.17 6.74 13.3 12.11 9.48 10.26 9.27 8.62 4.04 3.72 3.71 7.3 5.79 4.23 7.08 6.46 6.16 8.28 9.57 9.39 6.09 4.66 6.31 6.08 9.27 5.52 6.63 6.96 6.61 7.1 8.64 8.1 4.21 5.53 4.39 6.63 4.78 5.5 6.83 4.94 4.69 7.43 11.62 10.54 8.0 4.11 6.24 11.26 9.84 12.73 11.49 8.47 9.48 8.59
6.62 6.91 5.89 6.0 5.32 9.18 6.97 6.41 4.2 4.9 8.76 8.78 11.84 8.6 12.89 12.83 15.24 9.95 6.58 5.04 5.47 4.85 4.29 5.46 6.68 8.65 9.66 7.9 6.26 7.45 7.27 8.03 5.84 7.68 6.08 5.72 4.39 4.61 6.91 6.69 10.14 8.91 6.33 8.98 6.49 4.38 3.82 3.98 5.34 7.84 7.21 8.14 8.38 7.7 7.01 4.63 9.33 7.62 6.51 7.98 7.22 5.44 7.74 10.93
6.66 5.4 5.75 4.27 4.12 5.97 8.07 6.77 3.09 5.49 5.84 7.22 11.66 13.86 13.87 10.62 12.24 11.59 7.26 9.12 5.42 7.21 9.61 8.62 9.94 9.21 8.07 8.68 9.09 6.12 11.52 12.44 6.95 6.43 3.7 3.93 4.84 5.84 8.81 7.33 8.38 5.7 6.46 10.18 7.02 5.77 5.24 4.13 3.71 4.69 8.88 8.39 6.97 7.09 7.8 4.78 6.65 6.93 8.12 7.39 3.98 3.17 5.77 9.09
6.74 6.94 5.84 5.17 5.2 6.19 4.21 3.99 2.53 5.31 5.37 6.76 10.42 11.35 11.89 5.1 10.79 15.2 10.17 9.6 4.37 5.56 9.89 7.1 7.06 18.76 8.75 6.68 5.49 5.91 5.79 6.49 3.98 4.57 2.94 3.21 6.14 4.94 8.89 7.85 9.34 7.52 7.55 7.43 6.29 9.02 5.27 4.63 3.85 5.55 8.68 9.27 7.52 7.64 6.59 3.69 3.79 5.92 6.83 5.56 2.85 2.08 4.92 5.46
7.74 5.94 7.24 4.69 6.99 6.27 5.06 5.17 3.76 4.08 4.4 9.77 12.62 13.85 8.53 6.72 11.88 17.2 13.44 9.78 5.38 7.19 11.15 7.84 10.1 16.51 13.69 8.25 4.95 4.09 4.65 4.19 4.36 4.68 3.95 3.92 4.29 7.57 7.35 11.5 9.64 8.72 7.93 5.29 10.33 9.32 6.36 6.45 3.84 4.72 6.65 6.23 7.68 8.23 5.35 4.17 3.0 8.13 5.45 3.84 3.1 3.09 4.65 8.62
8.59 6.86 9.56 6.17 6.65 6.02 4.99 4.73 3.87 2.88 7.35 8.19 8.34 14.07 8.44 11.79 11.33 8.07 8.91 7.38 5.47 7.68 10.73 10.7 10.12 12.05 12.07 13.14 7.98 6.11 6.54 7.71 4.63 2.86 5.14 5.15 4.45 6.49 5.79 11.25 9.66 8.02 11.26 5.79 10.55 8.44 7.24 5.87 3.51 5.14 7.47 7.62 8.42 5.13 5.93 4.54 4.33 5.01 6.13 4.42 4.0 4.06 4.35 6.2
9.75 5.8 10.63 8.42 14.87 8.86 6.73 4.94 4.37 4.66 7.0 9.36 7.78 19.53 11.85 13.37 10.26 9.66 8.41 5.69 4.72 3.87 6.43 10.25 11.39 8.6 15.82 14.82 10.57 7.4 9.67 6.97 6.57 3.96 2.11 5.22 5.35 8.8 5.85 13.39 11.66 9.86 8.95 7.17 11.93 11.93 7.8 5.95 6.78 5.79 7.54 9.01 9.25 6.17 5.66 4.6 3.97 4.5 5.85 7.17 5.84 3.87 6.43 4.38
10.95 6.47 4.41 7.11 9.99 8.42 3.47 2.76 4.85 6.45 6.16 7.03 5.93 11.25 10.47 9.46 9.65 11.84 11.98 7.5 6.82 4.85 5.73 8.11 11.43 14.28 16.85 12.24 11.03 5.53 8.48 7.1 7.38 4.2 3.88 4.92 4.59 6.08 5.91 8.72 13.93 10.41 5.95 10.15 9.81 13.41 8.12 4.77 7.76 10.06 6.01 9.47 6.68 6.19 5.24 7.54 5.58 7.27 7.29 7.78 7.09 5.0 7.35 7.45
6.94 5.26 4.98 7.78 7.16 5.18 3.47 3.17 5.15 5.12 4.52 5.52 7.23 10.73 6.91 8.02 10.57 14.05 12.98 9.32 7.68 6.59 11.26 8.48 12.4 11.97 14.76 9.43 6.64 5.92 6.03 4.74 5.94 6.39 5.28 8.93 5.41 6.85 7.56 6.01 7.71 7.72 10.26 18.75 13.23 10.92 9.29 6.6 12.46 7.52 11.47 10.15 7.83 9.81 8.05 6.59 5.07 8.22 10.6 7.91 6.2 7.05 7.46 7.7
6.61 7.94 4.41 6.39 7.68 3.09 5.29 3.94 6.05 4.46 5.24 4.66 5.88 8.32 6.74 6.2 9.6 11.84 9.67 6.44 6.39 8.41 10.48 11.02 8.72 9.64 7.83 6.74 4.38 7.37 7.44 4.08 3.24 5.12 6.2 10.14 11.11 9.84 8.36 5.29 4.39 9.25 13.34 17.58 13.04 11.04 12.67 11.65 12.47 7.65 11.75 7.64 8.46 6.77 8.28 4.09 5.14 5.9 8.94 8.55 6.31 6.18 5.69 6.36
7.11 8.77 5.89 6.64 6.75 5.16 5.71 4.37 7.11 6.35 6.0 7.32 13.92 11.98 7.23 6.31 12.93 18.73 9.09 9.24 7.44 9.89 12.65 12.86 12.98 11.84 8.8 6.78 8.44 4.56 3.88 5.07 4.93 6.4 6.78 8.5 11.94 11.03 6.99 6.72 3.85 9.41 10.39 13.63 16.48 14.28 13.17 13.3 13.27 13.82 12.12 6.4 5.62 5.11 3.79 4.97 6.58 8.71 8.16 9.11 6.24 5.19 5.02 6.27
10.65 7.1 6.13 7.91 6.46 7.0 6.9 6.91 6.86 7.06 8.1 5.28 9.31 10.25 7.61 8.8 14.45 8.45 5.3 5.39 4.57 10.47 7.05 8.51 10.97 7.75 8.45 6.39 9.32 4.96 3.72 4.82 6.86 6.61 9.22 10.68 19.35 8.55 9.04 7.23 6.55 9.69 6.63 8.36 16.51 15.23 11.1 18.67 14.25 14.35 8.47 6.82 3.24 3.52 3.12 3.97 3.57 6.68 5.29 10.1 5.62 4.36 6.76 9.78
6.51 8.87 11.05 7.74 9.15 8.04 7.15 9.72 8.79 4.84 8.61 7.99 8.65 10.3 8.34 15.18 11.28 8.84 6.48 5.34 5.73 8.83 8.63 7.66 7.71 6.07 9.1 8.57 11.34 6.92 4.32 3.68 4.98 6.44 10.08 16.75 26.48 17.37 10.52 4.96 5.64 6.48 6.97 9.18 16.88 8.54 10.82 9.81 14.1 10.27 9.75 6.69 4.03 3.96 4.02 4.41 5.91 5.91 5.65 10.36 7.91 9.66 8.45 10.13
7.05 10.64 11.48 9.27 6.42 7.59 7.88 7.22 7.96 6.07 7.87 5.42 5.5 7.56 8.29 13.06 10.49 8.33 8.84 7.97 8.53 8.67 7.29 7.66 5.15 6.16 7.56 8.99 5.91 6.4 6.76 4.22 4.04 6.04 8.35 11.23 23.84 24.02 15.37 8.75 6.4 6.45 8.4 9.86 8.73 11.36 9.41 9.33 10.18 8.84 8.9 7.62 4.55 3.53 8.41 6.62 11.75 4.9 6.55 7.69 10.57 8.42 9.58 7.96
9.47 11.36 8.17 9.76 7.05 5.27 5.21 5.21 5.3 5.59 5.37 5.39 4.4 6.44 7.18 8.72 10.88 12.37 13.2 11.35 6.88 7.14 13.22 10.55 10.54 8.62 8.37 8.15 9.18 8.23 7.69 5.46 5.94 7.46 9.49 17.1 16.26 24.43 15.1 11.41 11.12 8.59 9.39 8.94 6.69 12.57 8.34 6.34 7.02 7.07 7.18 6.66 3.49 5.66 8.99 12.42 13.93 6.61 5.58 8.09 7.93 6.59 6.14 8.03
7.58 9.76 7.84 9.46 9.71 11.38 6.34 4.62 3.52 5.4 4.46 4.98 7.32 9.12 12.92 9.34 12.88 11.06 11.74 10.0 6.57 10.43 9.44 10.04 9.46 5.57 5.4 6.77 9.36 9.35 7.02 3.85 6.33 4.14 9.4 15.31 19.9 18.41 15.62 10.46 7.83 8.76 7.75 6.14 7.22 13.05 8.38 5.9 7.75 8.28 6.43 6.02 6.98 9.6 10.46 14.35 12.93 7.97 8.94 8.2 5.66 5.5 4.72 5.61
6.89 11.93 13.27 10.18 8.86 5.99 4.04 4.28 3.58 4.65 4.57 5.19 10.35 12.95 10.55 7.02 9.33 12.26 13.36 11.14 10.8 11.01 9.57 7.46 8.83 4.31 3.34 7.81 13.01 9.93 6.62 7.2 6.35 7.97 7.81 12.69 15.79 17.21 11.9 11.05 5.79 6.91 9.91 7.69 13.99 8.54 9.34 4.75 8.93 6.85 7.66 7.21 9.36 10.73 9.9 10.9 12.06 11.05 9.39 5.69 5.78 5.26 4.39 5.26
7.83 8.26 8.27 8.14 9.22 9.32 5.57 4.57 3.08 3.59 4.78 5.47 8.09 11.06 10.34 10.03 9.2 11.47 7.71 11.66 7.3 9.52 6.89 5.12 5.72 5.79 3.9 5.38 6.31 5.92 5.93 7.97 5.49 5.9 5.33 7.97 11.28 12.37 11.73 10.39 6.0 9.0 6.46 7.3 9.85 6.14 7.14 10.12 6.17 5.18 9.8 8.56 7.85 7.3 11.06 10.27 12.66 10.49 9.57 6.4 4.0 4.96 4.25 3.78
7.83 5.63 6.34 5.35 16.69 10.15 9.79 13.02 4.57 4.93 5.24 6.53 8.93 10.57 7.58 11.18 8.8 12.5 11.2 10.12 8.02 6.5 5.03 4.36 4.32 5.4 6.11 7.16 5.14 7.11 8.21 8.38 5.89 6.3 4.62 10.64 12.56 12.45 11.41 8.69 12.23 9.79 8.93 9.13 7.64 7.06 6.04 8.58 6.31 8.7 7.2 12.81 10.99 8.12 6.67 9.51 10.27 10.34 5.84 8.43 4.48 5.51 5.31 5.41
4.2 4.27 5.07 3.22 12.07 14.82 10.89 14.66 8.3 7.77 8.21 7.88 10.02 10.72 9.95 8.08 6.3 8.32 13.09 11.63 12.64 10.22 8.71 3.96 4.63 6.51 8.43 6.62 5.23 6.24 8.26 6.95 7.38 5.24 7.85 7.63 8.19 7.53 5.43 7.86 8.34 7.82 6.59 8.37 8.53 7.61 5.26 6.38 5.51 6.87 8.8 8.12 9.18 8.97 4.67 6.46 9.93 11.74 7.23 6.88 4.66 2.97 4.47 6.33
4.74 3.0 6.86 6.29 8.39 11.16 12.33 14.66 8.68 11.13 12.34 11.22 7.58 7.39 6.34 5.56 5.98 9.56 14.94 11.39 8.58 10.89 11.85 5.56 6.27 6.13 6.36 5.47 5.23 8.35 9.01 6.19 7.56 7.14 9.19 8.32 7.36 7.69 6.5 7.76 6.29 6.45 6.61 3.47 4.17 7.61 8.75 8.86 11.52 7.3 8.83 5.92 7.71 7.42 5.39 5.98 7.58 9.79 8.88 5.86 4.75 3.31 5.31 4.77
4.97 4.32 3.46 4.75 8.24 9.87 12.42 7.74 8.47 8.95 12.16 20.62 10.21 7.34 3.9 4.68 8.76 9.28 11.14 11.18 8.05 8.36 8.37 9.22 8.17 5.03 4.3 3.92 4.66 7.43 7.78 6.49 6.3 7.3 8.36 7.43 5.25 12.47 5.15 5.16 4.97 4.98 6.03 4.43 3.31 6.51 8.85 8.72 7.31 8.15 7.73 5.32 6.92 7.49 10.08 5.19 7.12 10.13 10.32 6.63 4.45 2.87 5.66 6.26
4.82 3.05 3.3 3.98 6.51 6.73 10.84 5.8 12.51 10.57 9.06 13.87 17.94 11.74 4.34 8.89 8.14 6.2 9.55 9.05 13.34 8.96 7.04 8.37 12.05 5.63 5.17 4.59 5.92 3.96 3.37 6.0 7.01 7.5 6.02 6.94 7.4 8.63 6.42 6.06 5.81 3.95 4.26 5.43 5.81 5.95 6.25 8.58 8.02 8.64 9.32 7.8 6.39 7.62 7.37 8.52 11.06 15.29 9.58 7.36 3.11 3.16 5.06 5.33
5.69 7.31 5.86 7.77 9.2 9.16 8.47 5.31 8.0 6.22 8.61 12.7 17.76 14.39 9.46 10.14 8.61 5.62 9.09 8.52 10.48 7.24 9.32 6.43 9.41 10.79 11.14 5.83 5.1 3.67 5.08 5.21 5.05 6.12 4.68 5.47 9.32 6.33 7.74 6.49 5.33 3.57 4.69 5.52 6.73 4.79 5.31 5.94 8.56 10.62 13.84 11.05 10.5 7.65 4.34 5.37 6.35 8.37 10.55 7.31 4.91 3.92 4.6 4.74
9.11 10.06 9.27 7.04 7.42 8.34 10.63 8.5 8.26 8.6 9.89 17.03 18.82 15.25 10.52 15.67 10.45 13.07 14.59 10.59 8.74 7.85 13.01 9.92 11.29 14.11 8.41 5.79 4.84 4.45 7.8 6.09 3.31 5.11 5.3 7.58 7.9 8.13 11.71 6.92 7.27 7.99 4.55 4.22 6.36 5.24 11.86 7.62 8.55 7.97 12.66 11.73 10.03 13.34 7.38 7.21 8.17 6.83 7.15 4.39 4.6 6.48 7.21 6.92
13.46 13.7 9.2 11.31 10.63 6.88 8.17 5.53 5.38 11.47 23.32 17.03 18.38 12.42 10.18 14.67 12.66 15.34 16.55 19.42 13.63 13.68 6.8 10.86 10.37 11.66 7.24 6.3 5.14 5.45 4.69 4.28 3.78 4.4 6.67 10.53 9.0 8.34 7.18 7.07 6.73 5.22 3.92 3.96 3.43 6.26 8.46 7.9 6.3 8.88 13.57 15.81 10.37 10.82 7.83 7.51 8.32 5.35 6.31 4.52 4.6 6.41 6.55 9.47
17.32 16.4 12.8 12.09 9.62 6.27 3.62 6.45 7.06 10.25 18.65 10.75 7.78 14.03 11.16 10.98 15.26 13.99 15.76 16.81 12.58 8.9 6.84 11.3 15.61 9.22 15.45 8.15 7.81 6.06 4.69 4.11 5.2 7.69 10.55 11.58 8.37 6.72 8.86 8.87 10.31 7.26 4.42 3.53 3.61 3.86 3.68 9.85 8.01 11.66 14.5 16.24 9.33 10.51 4.63 8.56 6.41 5.27 5.54 6.02 4.65 6.24 7.34 7.43
16.56 19.33 11.23 17.52 9.32 7.73 4.38 4.57 8.71 17.4 18.87 10.78 13.68 12.41 9.49 11.48 11.97 17.47 17.67 16.35 7.85 12.8 10.77 9.56 13.19 9.46 11.92 4.4 5.72 6.47 6.73 4.86 5.4 8.51 12.43 10.2 9.04 7.67 12.85 8.38 6.75 5.63 5.94 4.19 5.04 4.94 4.07 6.27 10.37 11.51 10.08 6.53 8.87 8.29 11.7 9.55 5.79 5.18 4.41 6.25 6.48 6.92 7.94 7.42
10.23 12.11 17.67 17.74 10.73 7.31 4.31 5.35 8.22 11.01 10.29 11.8 14.66 14.29 9.05 11.66 13.28 18.67 15.82 12.41 14.7 10.76 7.47 11.66 9.77 12.65 9.17 7.22 6.45 8.26 6.14 7.88 6.36 9.05 9.42 11.94 11.69 13.82 9.16 8.15 7.02 7.66 5.32 5.24 6.08 4.83 9.03 9.66 13.96 9.45 7.47 6.05 6.6 6.19 8.35 5.98 8.84 7.11 5.06 6.5 6.84 6.08 10.4 5.83
7.64 9.74 12.6 14.33 13.6 8.06 9.56 8.32 7.51 8.56 10.78 12.01 12.9 7.84 11.75 13.7 13.12 14.54 20.56 14.96 14.65 10.74 8.51 18.19 18.05 13.66 8.27 10.25 8.42 6.29 5.92 6.85 10.36 10.49 10.28 13.61 9.16 12.44 7.1 7.68 6.81 10.67 6.22 6.35 4.98 3.65 5.12 9.5 11.5 11.83 10.19 8.17 4.74 5.77 5.08 7.32 9.33 5.35 4.66 5.04 4.95 6.77 8.13 13.35
8.82 8.35 8.72 10.83 8.26 9.14 15.0 13.75 6.18 12.15 8.66 9.23 7.89 8.61 14.95 12.16 10.78 12.5 21.83 16.79 13.48 7.72 10.59 17.66 17.68 10.27 6.51 5.97 5.32 3.59 6.28 5.35 9.24 11.43 10.55 9.85 11.59 9.7 9.01 6.94 7.07 7.46 10.9 6.31 5.55 6.53 11.25 11.18 10.12 14.89 11.05 8.75 7.38 10.1 6.39 7.59 8.43 4.74 4.61 4.06 4.0 8.28 5.96 13.04
6.07 7.65 8.03 5.59 5.69 4.32 9.01 8.18 6.22 12.23 8.91 8.53 7.39 9.49 12.89 12.82 10.34 19.49 15.13 12.57 10.28 11.79 15.0 13.47 15.09 11.02 7.0 6.82 6.89 7.24 5.72 5.27 6.15 7.28 10.66 7.66 7.13 6.7 8.94 8.54 9.21 8.8 6.71 2.85 3.8 5.58 9.92 11.72 11.23 8.71 12.1 4.84 7.16 10.16 7.94 6.49 6.73 3.88 4.57 3.41 3.7 6.91 7.9 11.92
6.24 6.25 9.02 8.61 10.32 5.13 6.48 7.5 6.21 8.86 8.42 10.88 10.97 9.21 7.49 13.13 11.96 6.67 9.01 9.6 5.89 9.29 13.71 10.5 9.87 9.6 10.87 11.76 7.94 9.0 5.21 7.14 7.94 9.83 10.39 8.1 4.98 7.01 5.01 13.9 9.22 9.37 5.67 4.36 5.54 7.42 10.2 12.45 15.55 10.03 9.6 7.34 9.58 8.73 10.12 9.92 8.21 4.16 3.37 2.5 3.61 8.6 8.93 7.42
6.86 6.98 7.23 4.76 6.38 5.0 5.74 7.62 8.64 9.51 10.35 8.25 6.68 9.77 8.85 9.67 7.81 5.44 6.64 6.98 4.89 4.01 7.35 9.53 17.07 11.26 11.66 14.91 8.47 10.29 9.22 7.64 10.35 8.52 8.91 7.57 4.77 4.88 6.25 11.43 7.82 12.81 7.65 8.53 10.95 8.24 6.45 11.38 9.58 12.8 8.84 7.75 5.28 6.82 7.82 6.83 5.53 4.0 2.54 3.18 4.68 6.57 5.28 6.15
6.47 5.04 5.44 4.77 6.33 6.75 4.72 8.37 4.73 10.75 6.69 6.06 9.67 14.41 7.93 7.1 4.66 4.25 6.1 5.29 4.95 3.67 11.0 9.4 20.95 11.71 8.65 7.69 16.06 13.07 7.34 9.22 7.28 5.82 4.3 4.59 8.19 5.92 8.45 8.7 9.24 9.46 6.6 6.85 10.51 7.5 6.6 8.21 9.38 8.11 7.13 10.2 10.38 11.56 9.71 4.84 2.69 4.32 2.86 5.46 7.82 6.9 6.93 4.96
5.56 4.57 4.92 5.3 9.19 5.62 4.95 7.59 6.25 8.01 6.05 4.87 8.63 8.68 7.38 5.17 4.01 6.05 4.42 4.39 4.76 4.51 7.2 9.79 12.32 10.0 8.18 10.51 15.32 13.69 7.74 8.11 7.49 8.38 6.4 6.7 8.22 7.91 9.5 10.27 15.45 9.99 8.35 8.14 6.53 7.86 6.42 7.39 10.73 9.08 8.31 6.74 13.79 12.84 9.1 3.89 3.73 3.34 4.32 3.54 5.47 5.09 5.94 3.36
5.44 4.95 4.24 6.58 5.21 5.24 9.14 7.33 8.85 5.37 5.55 7.41 10.1 7.28 9.82 5.4 3.36 5.16 7.46 5.92 6.31 6.2 10.6 9.4 8.33 8.77 10.1 11.53 8.97 11.88 7.44 8.6 5.51 7.99 6.75 7.92 4.36 6.76 12.95 11.63 15.21 12.55 10.85 7.89 7.11 6.57 5.65 7.57 6.25 6.71 7.95 9.89 14.41 16.82 9.33 6.21 5.11 7.1 4.68 1.64 4.59 6.44 8.44 6.51
10.03 8.05 4.5 5.67 6.11 6.77 11.4 5.9 6.83 5.82 7.43 5.94 7.0 11.51 12.55 9.04 6.98 6.81 9.25 12.16 8.57 8.51 13.39 14.83 9.04 13.37 15.63 9.53 9.48 10.64 14.0 6.06 5.24 7.56 11.95 6.08 6.3 8.27 13.56 15.01 17.28 11.97 11.04 7.8 6.65 8.59 6.16 8.2 4.58 5.28 6.94 8.06 16.83 12.75 8.33 8.05 2.8 4.29 5.88 3.5 4.72 7.62 6.11 5.63
10.86 8.71 4.75 6.81 8.56 9.21 6.92 6.15 8.42 8.06 7.02 11.75 12.73 16.22 11.81 8.01 7.72 5.9 12.06 10.79 14.75 14.45 7.73 13.47 11.46 10.57 15.03 11.38 11.15 11.21 12.6 10.5 8.62 10.75 10.85 7.11 7.6 8.17 12.43 12.37 21.78 12.05 14.48 6.44 7.34 4.87 4.92 5.96 3.69 5.12 5.37 6.91 11.34 12.68 6.02 5.76 4.15 4.99 6.6 8.17 9.18 5.67 8.13 6.42
8.12 8.51 8.46 9.78 9.37 8.15 8.44 6.72 13.04 12.31 6.53 9.03 15.3 19.34 10.29 12.7 10.12 7.41 7.6 11.17 13.06 13.98 9.51 8.76 10.62 11.93 12.07 6.82 10.81 6.89 7.59 7.85 10.14 11.83 10.98 9.39 4.14 5.31 10.76 11.44 13.02 10.79 7.3 6.4 5.47 5.1 5.01 3.79 3.74 5.04 3.73 5.33 8.1 11.74 9.82 8.09 7.88 6.13 8.44 6.98 6.45 8.91 9.08 8.78
6.23 8.45 11.31 13.18 8.65 6.48 5.59 7.36 7.63 6.6 8.74 11.18 12.22 12.84 10.44 13.6 10.25 8.99 7.98 5.65 10.75 14.45 10.07 7.56 7.82 9.5 6.37 7.55 6.96 9.14 8.56 7.19 6.8 8.14 6.47 8.97 6.0 4.97 11.48 9.19 6.97 8.25 6.91 6.47 4.89 3.02 4.98 4.35 3.36 3.72 2.56 4.79 7.02 10.41 7.43 7.53 8.85 8.02 13.79 10.08 8.73 9.0 8.95 9.17
8.06 8.51 9.01 9.25 7.59 8.5 6.46 9.0 6.86 9.55 6.99 10.32 14.65 9.38 8.11 9.85 7.3 7.42 7.23 5.57 8.67 11.24 9.11 8.88 7.74 7.4 5.21 6.89 8.97 8.04 13.38 9.09 6.9 7.89 9.14 11.52 5.17 6.84 7.68 8.64 8.35 8.64 6.13 6.44 5.3 3.86 4.23 3.59 2.91 1.89 3.73 7.91 10.05 11.11 7.65 6.1 7.87 10.95 17.53 15.6 9.8 9.45 9.76 9.99
8.62 8.26 5.92 10.16 5.67 8.43 8.06 8.13 7.68 12.65 9.14 12.78 9.63 8.27 8.78 6.81 8.26 10.94 6.94 5.42 8.25 7.38 8.61 7.62 6.45 6.24 7.67 9.63 8.11 7.49 8.65 10.05 9.73 9.29 10.09 10.62 5.84 6.48 5.6 8.34 11.31 6.87 5.31 5.56 6.1 5.84 6.31 4.48 3.18 3.83 4.74 8.63 12.78 9.16 5.38 5.47 9.28 12.12 13.88 15.52 8.63 11.9 11.31 7.3
8.09 5.36 5.39 7.83 7.81 9.26 9.82 7.02 7.25 7.07 8.7 10.92 8.95 7.8 12.34 14.3 7.36 9.12 6.86 5.65 6.76 8.94 11.88 7.2 8.75 11.02 12.92 10.87 9.5 16.73 15.45 14.31 9.39 10.74 10.1 10.46 11.4 9.4 7.76 11.26 7.76 10.12 5.54 5.96 7.01 7.71 8.47 6.11 6.86 4.99 6.13 4.8 9.77 6.46 5.09 5.51 7.22 14.94 11.21 10.63 10.25 10.21 7.2 8.88
6.81 4.08 8.65 9.16 8.88 6.12 7.61 6.11 6.01 5.32 6.5 9.26 10.16 8.28 7.87 14.62 10.78 5.33 5.72 5.85 5.71 7.27 7.98 9.64 9.51 9.09 10.21 9.4 11.52 18.19 16.08 25.64 12.99 10.58 11.12 8.64 9.88 8.23 11.45 11.91 6.21 9.38 12.02 8.96 10.28 5.85 5.82 5.2 5.28 7.92 9.7 6.79 9.12 5.76 3.63 7.59 8.19 9.19 12.03 11.28 10.49 10.46 7.09 5.96
7.36 6.52 7.94 11.35 11.3 6.73 5.15 5.17 6.41 6.46 4.71 7.49 8.26 7.98 10.43 13.13 8.12 4.79 4.16 4.49 7.49 7.55 4.91 7.98 11.74 11.19 12.07 14.09 17.44 12.61 17.59 18.45 20.17 15.69 11.87 9.52 9.99 9.78 10.61 12.06 9.91 9.07 7.92 13.1 11.56 6.77 7.78 5.51 4.85 7.14 11.17 11.06 9.04 7.8 5.77 4.77 7.12 6.46 9.45 9.11 9.93 8.92 6.81 7.72
5.68 6.17 9.98 8.53 8.41 4.34 5.28 7.07 4.71 7.93 3.86 6.01 6.21 6.93 6.74 7.1 10.92 7.96 8.22 7.25 7.45 8.63 10.73 9.28 12.45 10.94 14.1 20.78 19.47 14.54 13.08 11.55 14.31 12.4 10.46 9.76 9.82 7.78 9.48 6.76 12.34 9.9 4.86 7.07 7.41 6.81 5.56 7.55 9.28 12.74 8.22 10.93 12.93 10.66 6.03 4.94 5.23 5.29 7.6 7.73 10.81 9.39 7.84 8.96
