5.01 7.1 5.08 5.09 7.93 10.6 9.74 7.1 8.97 5.85 6.38 6.34 17.09 13.66 10.61 8.28 7.6 12.61 9.3 4.73 3.89 4.98 12.47 8.57 6.54 8.1 7.22 11.08 12.68 5.59 10.53 8.68 10.54 5.5 5.83 7.38 4.43 8.49 6.93 5.99 5.08 3.76 8.74 7.17 7.07 7.86 7.96 8.43 6.31 3.98 7.99 7.11 11.8 6.41 5.41 5.74 7.54 7.68 7.38 9.4 7.58 7.34 5.23 7.18
5.31 6.18 4.76 3.7 5.17 7.4 9.11 5.67 5.84 6.32 8.5 9.05 9.8 9.94 10.28 9.38 9.6 7.38 5.56 6.6 6.02 4.76 9.41 8.34 9.56 8.68 8.48 14.76 12.24 7.7 6.75 6.09 7.66 7.12 4.75 4.81 5.08 6.3 8.21 6.75 7.12 4.2 8.59 6.41 5.94 8.57 9.2 11.15 9.78 4.5 6.88 7.8 9.09 6.2 6.77 6.67 8.06 8.74 8.29 9.48 10.25 4.82 3.04 4.15
5.51 3.54 3.42 3.05 6.6 6.83 4.89 7.68 6.37 10.33 7.34 5.75 8.43 6.95 10.8 7.5 6.13 6.63 6.99 8.74 6.92 8.09 7.79 7.74 7.8 8.78 15.44 17.39 6.6 8.04 4.97 3.79 5.36 4.23 4.55 5.49 4.58 6.02 8.88 10.14 6.0 4.64 5.2 6.69 9.35 10.18 11.84 9.92 11.8 6.1 6.66 7.21 10.98 5.86 5.09 6.79 8.93 11.38 8.72 7.42 10.23 5.48 4.63 4.39
3.39 4.62 2.3 3.46 5.26 9.41 6.61 7.81 8.43 9.94 6.18 5.52 6.14 8.05 6.53 6.62 4.9 6.16 6.65 6.65 6.65 7.92 7.54 11.37 11.04 11.49 18.99 12.32 6.88 10.23 6.29 8.49 5.61 4.06 5.84 5.33 4.69 6.34 9.08 8.11 6.78 5.53 6.95 7.11 9.72 11.63 11.05 7.02 6.66 6.79 4.13 5.84 6.49 6.11 5.74 7.68 7.39 6.39 10.88 6.16 7.55 4.62 5.86 5.49
4.75 5.63 2.77 2.55 5.49 5.67 5.57 8.74 10.07 11.35 3.91 4.42 4.81 6.7 7.76 7.68 8.87 6.3 9.57 10.98 8.28 10.76 8.68 12.02 13.32 14.83 11.85 14.04 7.43 9.28 10.99 6.91 5.03 6.25 6.65 5.63 3.81 4.86 7.62 6.88 7.0 11.68 8.7 8.92 9.4 7.84 11.97 9.3 5.32 4.57 4.69 8.27 11.66 8.98 5.98 5.46 6.63 6.64 7.94 6.98 7.38 5.1 8.29 7.78
2.77 4.31 2.89 2.44 2.84 4.06 7.38 8.46 9.59 4.85 4.1 3.59 3.79 5.96 4.62 7.96 8.31 6.07 7.55 10.23 7.64 8.17 5.61 12.29 14.62 10.48 13.17 10.93 10.12 11.09 15.5 11.08 7.47 7.1 5.65 5.57 4.72 7.02 10.93 10.07 9.58 9.9 9.91 9.01 13.46 6.52 4.07 5.25 3.67 5.01 4.26 3.31 6.73 5.7 4.06 6.38 5.08 5.32 9.81 5.85 5.32 7.73 9.99 9.15
2.47 3.3 4.14 2.83 4.2 3.61 7.93 15.92 15.32 7.53 4.6 7.65 7.34 7.36 6.19 8.37 8.96 9.0 7.43 8.25 7.48 6.15 6.01 6.8 10.49 13.13 7.32 11.07 8.66 14.57 11.58 10.09 8.46 11.21 8.34 5.81 4.15 5.6 8.18 11.13 10.19 14.18 9.47 12.32 9.24 5.47 5.34 3.83 4.55 7.79 6.82 8.4 10.19 4.94 5.88 6.07 5.96 8.06 9.08 6.28 4.93 5.87 7.19 9.73
2.9 3.22 2.25 4.69 5.34 4.9 8.41 12.76 15.79 8.45 7.41 6.81 10.28 8.99 6.42 6.36 5.87 9.66 6.72 7.29 7.98 11.84 6.66 3.55 8.16 11.56 10.73 11.49 11.25 17.1 16.79 13.58 10.91 5.98 6.34 5.34 4.65 6.48 5.3 8.97 13.26 14.06 9.95 7.97 9.83 7.77 5.07 4.9 6.95 5.83 11.5 14.51 13.88 9.02 6.45 8.3 10.17 12.35 14.93 11.13 6.45 5.05 6.32 8.07
4.91 2.73 2.46 5.05 6.85 7.14 7.97 9.73 10.87 6.95 5.98 8.8 5.52 7.06 3.88 4.62 8.12 5.85 7.47 9.14 12.19 12.45 6.01 4.08 4.44 6.89 5.52 9.96 7.14 11.62 9.64 9.73 10.12 8.27 5.95 7.35 8.26 10.39 8.98 10.11 12.73 8.41 3.9 4.29 5.62 5.24 3.84 5.87 4.45 5.57 13.68 11.92 10.75 9.91 7.2 12.52 14.66 13.49 14.18 8.71 10.77 5.1 4.17 4.83
4.01 3.2 3.03 3.77 3.71 4.45 5.3 11.87 8.88 7.54 7.6 7.98 9.67 3.76 5.06 5.35 5.94 6.02 6.49 11.36 8.79 8.07 5.65 5.19 2.8 4.21 8.22 9.52 10.45 7.56 9.8 6.39 6.67 5.5 5.25 6.83 9.92 8.01 6.15 7.59 9.08 4.64 4.05 4.42 5.9 4.57 4.57 5.36 5.66 6.94 6.32 5.68 14.86 13.98 13.72 15.44 15.03 14.89 10.43 7.72 9.53 5.04 3.38 2.72
5.85 4.71 7.65 3.58 3.48 4.99 7.72 7.26 7.02 5.9 6.52 5.73 3.69 1.88 4.9 8.15 6.61 4.4 6.08 8.93 7.48 6.48 5.64 4.55 3.77 3.32 5.75 8.28 8.51 8.18 6.41 6.9 7.28 5.74 3.95 4.44 6.47 5.86 6.07 6.36 7.27 3.69 4.73 4.57 3.61 5.92 4.8 5.32 7.61 9.32 6.03 8.35 12.35 14.57 14.3 11.41 14.66 8.77 8.09 4.82 4.89 3.86 3.19 2.58
5.52 5.37 4.42 4.69 6.51 4.32 5.75 7.42 11.07 11.04 9.35 8.76 5.29 3.31 9.68 11.48 6.51 6.58 4.9 6.19 7.95 7.08 5.85 5.93 6.38 8.07 9.24 8.83 10.73 9.3 10.03 7.06 5.75 5.06 5.83 5.48 3.55 4.29 5.53 12.4 7.16 6.78 6.65 4.72 5.74 3.97 3.2 4.84 5.19 7.22 6.42 6.98 9.79 11.4 13.64 9.49 16.68 11.25 9.69 10.25 5.93 6.87 4.85 4.18
4.31 5.56 5.4 7.34 10.22 6.62 7.4 4.89 13.35 13.36 12.79 11.9 4.07 8.78 10.21 8.88 6.32 6.92 6.21 7.74 5.95 4.16 6.97 9.02 7.75 5.46 6.12 6.04 7.25 10.34 11.32 12.57 9.6 9.81 7.35 5.44 5.29 6.83 8.17 10.1 10.54 9.01 6.16 6.18 4.74 3.46 4.13 4.72 6.23 6.2 12.2 9.02 9.54 18.3 14.38 13.33 16.31 8.63 10.09 3.44 3.55 4.25 5.79 4.15
4.37 4.27 3.92 4.51 8.53 9.47 5.68 5.93 6.62 13.76 9.15 10.81 8.38 9.67 12.93 9.77 10.21 9.98 10.13 8.65 4.38 4.35 8.07 7.47 10.88 8.75 7.0 6.38 5.9 6.13 10.09 12.88 10.81 10.14 5.6 3.6 6.2 6.3 6.79 12.74 13.64 12.49 6.73 8.07 4.1 3.45 6.19 4.06 4.37 4.76 8.86 7.85 9.34 14.94 11.37 13.29 13.19 7.48 4.37 3.92 4.36 5.02 6.4 7.31
4.4 4.21 5.77 9.37 8.26 11.72 7.61 4.03 7.34 7.12 5.81 5.59 7.35 5.5 8.93 10.38 7.72 8.69 7.56 7.17 4.83 4.28 10.07 10.28 12.3 12.36 5.37 9.08 8.85 6.27 6.23 10.19 8.52 9.34 5.54 4.44 5.85 8.66 8.7 13.38 11.75 9.12 7.31 7.7 4.58 4.74 2.96 5.23 5.56 4.55 6.13 6.45 8.18 9.78 10.94 13.82 9.59 4.09 2.79 4.89 3.67 7.59 10.53 5.75
4.69 4.14 12.21 13.77 7.29 6.91 4.58 7.67 10.67 8.03 5.5 10.62 11.97 8.38 12.27 6.8 9.51 7.09 4.75 4.51 4.69 5.14 8.37 9.93 11.48 9.29 5.38 9.9 8.77 8.03 5.97 10.81 6.51 5.75 5.74 6.22 6.03 8.9 7.83 10.5 11.82 9.59 6.73 5.71 3.72 7.0 3.46 6.26 6.44 4.89 7.17 11.54 7.72 8.23 10.8 7.18 6.28 6.13 3.8 5.85 5.01 6.28 8.49 6.99
4.32 7.67 14.24 10.06 5.41 4.68 6.53 6.55 6.19 5.45 6.5 8.02 14.16 7.82 8.77 11.02 9.57 8.81 6.95 10.04 11.74 11.38 7.89 10.39 7.65 7.49 8.42 8.22 10.58 13.27 7.0 7.31 5.92 8.41 8.62 13.36 16.42 21.64 11.48 8.28 9.32 9.67 5.99 4.52 5.1 5.49 4.19 6.26 5.57 6.33 11.9 15.22 11.94 9.06 11.58 5.45 4.86 5.75 6.12 8.48 10.6 7.0 8.52 9.0
4.09 6.3 10.21 6.02 4.67 4.01 8.53 5.28 6.08 6.72 7.64 10.78 10.18 7.54 6.56 6.92 10.64 4.51 6.06 6.44 7.88 9.23 9.72 5.67 6.92 6.2 7.47 5.72 11.03 12.78 5.61 2.87 5.37 5.5 8.75 17.13 15.28 23.75 11.6 4.93 12.81 6.99 5.95 6.15 6.12 4.68 6.66 4.12 4.7 8.36 15.92 33.39 10.12 14.57 12.78 10.17 11.45 7.12 9.11 10.33 11.07 7.13 7.95 10.24
6.74 9.11 7.18 5.92 5.77 3.68 8.49 7.7 7.86 6.01 9.67 6.32 8.94 6.97 4.61 6.32 7.71 6.11 6.95 8.81 10.5 14.45 9.38 5.82 5.78 6.47 7.8 7.81 12.17 10.28 6.33 6.33 6.07 7.71 13.49 13.73 11.35 16.43 7.26 8.38 7.46 8.58 9.23 5.49 6.16 5.27 4.31 6.06 6.25 6.22 13.05 25.56 13.06 14.38 8.19 6.95 5.89 8.02 13.94 9.43 6.09 9.06 8.98 8.01
9.11 6.56 6.84 6.36 7.24 4.19 7.35 6.25 8.98 7.96 11.74 11.44 7.29 6.55 4.97 5.23 7.92 6.68 10.11 9.2 19.26 14.55 9.36 7.46 4.99 4.5 6.78 12.75 8.91 7.82 10.01 9.3 9.44 9.01 8.21 7.92 8.62 8.96 6.95 8.15 10.54 9.47 8.66 6.81 7.13 6.79 5.65 8.6 8.41 7.51 13.02 18.8 10.97 9.67 5.88 7.15 4.99 12.87 17.78 6.75 5.47 9.01 11.06 4.29
8.01 6.46 8.44 8.23 8.39 5.73 6.75 6.42 7.99 10.23 11.43 12.83 9.12 6.54 9.49 6.08 10.48 8.81 8.95 14.64 15.68 9.7 7.58 6.69 5.06 4.85 6.08 8.46 7.88 8.45 7.78 12.01 14.08 10.5 10.07 5.09 7.08 4.57 4.47 10.54 8.8 8.38 8.01 10.22 5.84 8.5 10.39 13.11 15.47 7.81 9.54 10.78 12.72 8.34 7.6 5.63 8.9 16.22 16.35 8.69 6.03 6.42 6.28 5.0
7.4 9.5 9.11 8.29 9.52 6.4 7.57 8.55 10.33 10.06 7.61 5.8 7.81 4.7 5.73 4.47 6.06 4.79 9.85 10.91 13.01 11.21 10.81 7.37 7.95 9.16 11.08 8.15 10.47 11.46 9.49 10.89 17.93 6.44 6.24 5.08 6.59 4.0 4.18 8.3 9.88 8.22 10.07 10.24 7.87 11.35 14.16 14.25 13.08 8.11 10.44 10.99 7.2 6.3 6.29 10.02 14.45 11.56 11.23 10.71 7.81 3.94 5.84 8.64
8.31 7.91 5.39 8.28 13.24 9.31 13.01 7.8 11.71 13.0 9.57 7.59 7.28 5.23 6.59 4.1 5.79 9.3 13.9 9.87 13.6 17.54 12.17 8.74 11.66 9.47 8.47 6.49 9.27 7.92 10.48 8.77 9.23 4.5 4.43 7.49 4.6 4.37 5.55 5.51 8.15 6.02 5.97 6.54 6.72 6.48 8.18 10.31 9.26 14.68 10.88 9.26 7.19 3.01 6.42 9.09 14.06 14.34 15.96 15.33 8.95 8.05 7.82 13.75
6.48 6.6 8.19 8.82 10.0 11.15 11.36 9.87 15.6 12.34 18.2 8.6 8.16 7.46 5.6 4.9 3.91 8.27 11.03 11.88 16.2 22.8 13.93 9.13 11.77 8.32 8.57 12.73 9.48 6.79 8.75 7.5 7.98 9.79 5.39 7.79 6.53 7.66 5.83 7.32 11.6 10.29 5.82 6.16 9.69 9.1 7.01 7.88 6.48 16.59 13.0 6.97 5.12 3.74 4.57 10.52 7.85 17.81 13.02 9.72 12.22 7.59 4.41 5.0
6.0 5.52 7.54 8.09 10.64 6.93 5.13 6.03 5.85 7.41 9.19 8.64 7.36 5.8 4.36 5.48 5.68 10.39 9.65 17.64 22.17 25.0 13.31 7.5 15.64 8.99 7.75 10.77 8.18 12.01 7.33 8.79 10.05 11.33 6.44 9.96 6.94 4.66 5.58 4.32 4.38 3.96 3.91 7.85 8.12 5.54 7.97 9.83 13.97 24.61 11.45 8.64 7.37 6.76 5.87 4.8 6.2 8.14 6.43 10.02 11.03 4.76 6.32 9.86
8.65 8.08 6.29 7.15 10.32 9.71 6.0 6.82 7.38 5.03 8.67 7.36 6.78 5.24 4.19 5.04 8.19 7.31 11.92 16.75 16.82 13.14 10.85 9.73 15.85 12.2 10.57 8.99 7.67 5.94 3.8 7.06 15.62 6.8 9.04 9.41 6.85 6.87 10.31 9.01 2.92 4.27 6.18 7.72 4.8 5.68 9.38 11.15 8.02 9.55 8.34 7.89 5.61 6.47 7.91 8.19 4.98 7.06 7.5 18.97 11.47 7.57 6.14 9.96
18.36 12.08 9.62 7.61 10.62 9.63 7.1 7.29 6.4 5.87 6.61 6.21 5.23 6.36 6.28 5.63 8.55 6.32 14.79 14.16 13.26 12.41 7.12 9.73 13.72 13.27 10.58 4.57 4.5 4.32 5.38 7.64 7.22 9.62 13.21 8.48 5.03 5.73 12.86 8.44 4.08 4.45 5.14 7.71 5.78 8.1 14.02 15.59 8.11 7.35 7.9 10.67 6.16 6.48 9.74 10.64 6.78 6.2 4.73 8.61 7.62 8.99 9.44 9.27
13.82 11.5 7.6 6.47 6.52 9.66 11.72 6.23 5.29 9.01 6.94 4.68 7.29 7.7 8.7 6.06 9.18 8.27 14.62 15.06 12.24 11.11 10.01 18.67 19.18 14.96 13.51 7.98 7.26 3.81 7.59 6.53 5.71 7.72 7.79 4.28 4.88 4.95 7.13 6.25 6.97 10.47 3.88 8.63 6.04 7.94 10.24 11.13 8.8 5.63 6.46 8.81 10.86 10.6 14.83 14.08 10.6 13.38 6.04 7.49 4.56 10.26 7.62 6.87
14.43 15.35 8.53 8.22 9.15 12.62 11.38 8.56 5.82 6.01 7.56 7.79 7.25 8.33 6.0 11.63 11.41 9.22 8.84 6.89 8.85 8.07 7.07 12.33 12.68 9.27 12.08 13.56 9.67 7.46 6.72 6.34 6.53 9.31 8.04 8.66 6.17 7.54 6.18 8.71 14.28 10.66 8.99 7.96 9.25 9.79 10.6 13.05 12.24 9.62 7.2 11.74 14.46 13.02 11.46 13.26 18.02 12.38 8.72 5.49 5.43 7.2 7.67 8.31
9.14 10.59 7.3 6.88 9.76 11.72 12.47 6.97 6.71 6.47 7.93 9.21 7.33 6.22 9.12 9.31 7.97 9.72 5.63 3.37 8.93 4.59 7.69 7.69 10.02 7.19 8.77 13.94 15.14 7.71 6.69 7.01 4.89 4.79 6.69 7.36 8.08 5.06 6.82 11.73 9.61 14.14 10.57 6.67 10.06 8.12 6.67 8.87 8.49 6.96 4.75 9.98 13.88 11.03 12.13 14.96 20.07 13.33 10.85 8.04 6.2 9.4 7.39 8.45
14.25 17.7 13.01 10.76 10.44 13.79 15.2 8.23 9.5 7.49 7.74 8.55 5.7 6.28 9.84 8.67 9.47 10.51 8.92 6.97 8.45 4.36 4.51 4.31 7.77 5.45 4.86 8.0 8.68 6.79 6.34 6.01 5.21 5.65 4.83 6.58 3.77 4.59 5.1 6.72 10.33 7.8 9.05 6.89 10.74 6.85 6.45 8.4 6.36 10.54 8.96 10.15 9.41 16.88 10.65 10.17 10.19 7.51 8.2 6.46 8.29 7.54 11.86 10.07
12.07 13.21 13.56 10.19 9.73 14.07 12.98 7.43 9.89 14.82 12.46 8.94 8.1 7.96 8.36 6.08 10.44 7.24 7.03 4.96 3.51 4.12 7.06 5.7 7.76 7.8 7.93 8.74 9.85 7.0 6.62 7.52 6.66 7.03 6.29 5.73 6.17 4.57 4.96 5.19 12.84 12.68 8.32 11.59 8.52 5.8 8.97 10.35 5.7 7.5 8.39 7.75 12.08 14.24 9.72 11.92 8.45 6.26 4.27 5.39 8.23 10.8 8.01 9.87
14.24 17.45 16.81 10.53 7.72 17.01 10.36 9.17 10.52 10.4 10.58 6.34 8.6 5.91 10.08 8.81 6.74 4.55 6.25 9.25 5.27 6.59 8.66 7.92 10.88 19.14 10.65 9.62 6.41 4.67 9.38 9.02 14.69 10.07 8.26 6.2 6.8 4.94 4.07 7.97 8.63 9.34 7.99 6.1 7.44 7.82 13.33 8.0 5.92 6.01 9.02 8.33 9.24 12.63 10.15 10.04 6.42 7.17 6.5 8.95 11.16 7.57 8.89 7.13
15.6 11.18 12.97 10.6 8.11 10.47 11.03 11.76 16.18 7.36 4.31 8.8 6.94 4.95 6.48 6.27 3.97 4.29 8.5 6.03 7.13 9.15 10.97 12.7 10.35 20.07 9.89 6.82 4.22 3.4 6.37 6.82 6.91 6.97 7.06 6.45 6.47 8.06 8.08 8.27 6.9 14.26 14.64 6.63 5.34 8.5 8.46 10.69 7.86 5.07 5.05 7.45 9.84 10.62 9.85 6.8 6.39 8.93 9.04 16.72 10.45 13.97 9.93 6.88
11.16 12.59 10.53 6.87 7.4 8.23 9.31 14.68 13.21 6.09 2.96 5.21 6.81 7.91 8.86 6.26 6.02 5.84 4.76 6.9 5.98 7.5 11.6 10.02 8.41 14.0 7.02 5.12 4.83 3.2 6.41 10.01 9.71 5.49 6.79 6.96 8.81 8.44 7.84 7.81 8.37 11.23 5.64 5.12 7.53 9.1 9.61 5.0 5.4 5.3 5.71 7.04 5.16 7.55 8.91 5.23 6.41 11.93 11.31 9.84 8.27 6.55 7.71 10.11
20.96 13.91 6.4 7.62 9.22 6.47 10.26 14.34 16.85 10.53 5.06 5.63 9.39 14.36 9.03 8.63 8.27 6.27 6.57 11.53 11.27 8.68 12.82 11.14 23.03 11.62 9.34 4.45 4.86 6.31 3.84 10.45 10.22 6.81 4.75 7.28 8.06 5.94 7.56 5.23 6.09 4.8 5.73 7.02 4.72 7.36 5.9 4.95 3.65 5.04 8.16 16.49 3.96 6.48 5.91 6.28 13.33 9.75 6.81 7.83 5.57 4.09 4.72 16.18
18.67 14.44 8.04 8.21 5.39 9.18 9.86 7.46 13.33 15.78 7.98 5.21 8.73 10.42 8.43 9.53 5.75 8.79 8.13 8.01 8.42 9.22 9.57 12.31 8.69 6.36 7.4 4.37 5.57 6.31 4.16 7.65 7.72 5.21 5.38 8.76 10.45 5.72 7.75 9.04 7.12 5.83 6.11 8.5 6.69 6.35 5.16 5.65 5.2 7.78 8.12 6.96 4.8 3.34 4.4 7.5 6.68 7.61 6.7 7.01 6.12 4.46 4.1 9.28
8.52 11.8 8.66 6.12 4.24 6.53 6.65 7.84 9.36 10.36 13.92 8.1 8.38 9.37 7.87 7.75 6.48 7.8 6.87 7.62 8.23 7.96 7.53 5.55 6.56 5.78 5.16 5.46 7.97 4.51 3.56 5.5 6.89 9.6 5.73 6.12 6.89 7.88 9.51 7.79 6.8 5.75 6.97 5.41 5.76 5.75 4.15 4.39 4.78 8.59 5.81 4.38 5.4 3.5 4.38 7.0 7.96 9.54 8.02 7.26 6.91 4.11 4.3 3.4
7.66 11.25 12.37 9.13 6.17 5.62 2.95 7.35 6.78 9.41 11.91 10.27 8.53 10.83 9.31 5.68 7.57 6.14 6.65 12.42 9.19 10.86 5.94 5.58 4.0 4.6 6.07 7.38 8.01 4.77 5.68 6.16 9.47 8.35 7.88 6.65 9.36 6.64 5.15 5.86 5.85 8.63 5.87 5.49 9.45 6.47 3.29 4.35 9.86 6.89 5.68 2.01 5.11 5.11 6.89 7.39 6.95 9.43 8.8 9.54 10.37 10.6 7.38 6.7
6.62 8.98 14.56 11.28 8.04 4.6 3.64 7.46 7.67 9.03 10.97 10.24 9.44 6.5 8.1 5.6 5.37 4.84 7.76 12.8 15.3 8.38 7.04 9.84 5.93 4.39 7.12 6.6 8.7 5.15 5.88 7.41 12.82 9.77 9.5 6.74 8.24 10.33 5.65 8.9 6.75 6.04 8.32 5.6 6.96 5.47 4.76 4.87 7.04 7.62 3.0 2.42 2.7 4.48 7.56 6.98 6.79 13.6 8.9 12.98 9.39 5.5 9.13 13.22
7.84 9.3 11.16 9.67 3.89 3.41 3.84 3.47 5.83 11.89 9.11 14.8 11.32 9.14 5.37 7.82 7.21 7.89 11.45 12.53 13.06 10.33 10.38 8.71 5.37 7.78 8.71 12.83 10.41 9.35 10.18 11.58 10.19 12.37 16.87 9.69 8.07 8.2 6.73 7.45 5.57 5.32 5.97 10.13 7.56 6.78 8.05 8.06 8.83 5.16 3.77 3.61 3.07 4.79 8.02 11.45 9.89 11.41 12.47 22.9 12.43 6.72 8.68 13.31
7.79 14.58 11.37 6.97 3.47 4.32 6.2 4.35 6.25 11.62 11.35 9.29 7.17 7.39 4.51 6.88 7.15 9.33 13.73 12.85 13.58 10.1 7.24 6.62 5.98 6.25 6.86 7.74 7.32 8.21 7.96 10.63 9.56 8.17 9.1 6.54 7.05 9.56 8.54 6.3 6.06 4.93 7.11 13.22 11.05 5.74 9.07 12.33 8.15 7.33 7.17 7.64 7.91 8.41 9.98 23.45 15.46 16.36 18.17 13.59 12.45 5.46 9.63 7.36
8.22 11.27 8.79 4.81 3.15 4.07 7.18 8.42 6.34 8.61 10.56 12.64 8.98 6.54 3.03 7.13 9.29 11.58 12.17 7.35 13.25 8.61 5.17 4.82 6.74 5.38 7.32 5.55 5.08 7.61 8.25 9.5 7.74 8.3 6.82 4.77 6.59 4.43 6.5 4.64 6.91 6.7 8.51 8.59 8.34 7.24 7.98 9.81 8.44 6.46 7.53 7.99 7.53 4.02 8.12 9.95 9.52 11.66 16.48 12.45 17.01 6.99 5.68 7.04
5.28 7.4 9.3 8.14 5.98 6.95 6.3 10.52 11.73 12.82 12.22 8.54 12.71 8.03 5.99 6.36 6.89 9.4 11.5 12.05 14.03 15.08 9.1 6.09 5.21 3.98 6.15 3.39 2.55 4.32 5.15 6.03 7.25 6.49 5.4 3.79 5.15 3.83 4.18 7.19 6.21 8.85 6.2 6.09 9.64 8.95 7.96 9.53 7.09 8.69 6.44 8.27 7.87 6.38 8.31 11.35 19.9 25.65 23.66 14.52 7.11 5.89 4.59 7.53
5.89 8.97 6.22 6.82 8.55 8.52 5.79 5.66 6.46 9.75 8.05 8.98 7.4 6.38 3.49 4.27 7.6 13.53 11.92 12.85 16.77 16.39 14.66 6.86 4.16 7.45 4.59 1.75 3.1 2.87 4.99 9.28 6.42 7.91 5.75 5.93 4.83 4.7 5.11 5.22 7.57 11.87 8.11 5.19 8.41 9.34 9.44 11.89 6.34 8.31 8.74 7.33 5.96 4.64 8.29 15.42 23.04 17.73 12.22 12.58 4.11 2.86 2.37 4.44
5.52 8.14 3.2 5.2 9.35 9.24 4.53 4.3 5.48 8.44 6.48 6.93 4.96 5.52 4.72 3.53 7.43 11.22 11.63 12.99 9.95 19.93 9.35 5.19 3.64 6.14 3.37 3.37 4.42 6.06 6.54 4.42 4.7 9.18 11.19 13.16 6.41 6.28 6.29 11.13 10.73 11.38 5.51 9.75 11.22 9.56 8.3 7.57 8.27 5.21 4.16 5.5 5.69 6.49 8.83 17.87 16.23 16.19 9.56 8.24 6.94 3.6 2.16 3.46
5.75 4.56 4.4 5.87 5.26 8.17 5.62 8.98 5.23 8.36 9.58 7.59 6.48 5.71 6.22 7.54 5.75 11.07 13.21 8.36 12.68 13.32 5.12 4.32 4.02 2.92 2.65 4.0 4.95 6.52 6.72 5.92 6.43 8.78 7.97 5.96 5.48 4.39 3.45 5.63 5.36 4.08 6.1 5.91 14.66 10.32 10.87 6.69 7.71 8.79 6.38 6.94 5.41 4.81 6.51 15.75 12.44 10.72 10.93 6.92 10.19 5.13 5.01 5.24
9.51 6.15 8.2 7.22 7.31 8.0 6.67 7.55 8.66 10.41 10.43 5.56 4.97 4.64 7.82 6.61 7.12 9.99 18.79 14.07 19.65 12.4 8.68 5.73 3.59 4.28 3.84 4.5 5.69 8.25 10.02 8.34 9.72 10.64 9.79 8.43 8.2 5.64 5.72 5.65 5.05 5.42 7.14 10.57 10.47 7.16 5.73 6.82 5.25 7.77 5.86 4.8 6.13 7.13 8.77 9.77 10.27 9.89 8.9 10.41 12.01 8.91 6.77 5.33
6.22 6.83 6.24 6.42 10.32 12.53 7.01 7.67 9.56 10.55 10.21 5.69 4.57 6.8 8.53 10.7 10.88 16.24 21.03 23.79 14.56 11.93 9.19 7.89 6.38 5.25 4.94 5.12 7.0 8.95 6.51 12.02 12.65 10.7 7.94 8.45 9.13 7.28 7.7 4.27 4.0 4.38 7.61 9.96 9.28 7.55 5.29 6.43 4.5 5.37 5.14 5.49 5.13 9.32 10.18 9.83 12.91 15.35 11.59 10.52 7.81 8.29 9.27 11.47
4.54 3.89 4.96 6.77 13.81 10.89 8.41 9.33 12.97 8.83 6.39 5.32 6.35 6.29 2.89 6.4 6.96 11.92 18.18 13.23 8.02 7.17 4.58 9.24 15.99 9.19 6.88 6.36 6.67 5.76 6.08 11.53 8.58 11.23 10.02 8.85 8.44 5.7 9.32 4.27 3.53 5.83 7.72 18.17 10.86 7.53 4.75 8.06 6.61 4.74 7.2 5.63 8.76 11.61 9.94 7.72 8.74 13.76 9.2 4.25 4.38 6.53 6.98 7.13
3.57 4.18 5.63 9.86 7.27 7.44 12.31 9.1 7.41 6.69 5.45 6.41 7.35 5.19 3.08 4.57 5.97 10.74 10.54 11.3 10.6 8.98 5.17 10.54 11.74 9.19 6.98 6.44 9.21 5.41 7.74 10.01 9.79 6.69 7.22 6.47 7.07 10.54 8.05 5.09 7.55 8.94 8.09 11.67 12.41 5.72 7.72 8.0 8.53 5.75 7.37 7.82 10.95 12.73 8.83 9.31 8.95 7.09 7.13 7.89 6.39 12.48 10.04 5.39
4.33 4.43 10.13 7.07 5.08 7.19 9.33 4.27 3.87 4.14 9.75 7.51 10.38 8.39 4.09 6.19 10.87 10.4 9.68 8.73 11.74 6.3 8.39 8.36 11.41 9.87 6.03 5.77 11.79 7.13 8.73 9.56 10.27 6.47 5.46 4.01 5.64 11.55 7.47 8.99 8.28 6.21 6.85 5.57 8.82 6.37 4.63 9.6 7.62 4.81 8.6 11.35 12.44 8.56 4.96 6.5 5.39 5.81 9.33 7.68 6.64 8.67 6.34 10.37
5.3 7.0 12.4 11.41 6.68 7.76 6.36 4.44 3.3 5.03 6.6 7.05 9.45 7.05 8.2 6.72 12.99 7.61 8.29 9.17 7.96 11.28 9.74 6.41 8.24 9.93 12.88 11.98 9.67 8.06 10.5 10.38 15.59 7.35 4.83 4.76 10.17 11.46 9.51 8.34 4.43 6.05 7.07 4.13 6.91 8.63 6.72 7.93 6.3 4.72 10.69 15.75 16.67 8.73 5.23 6.02 6.1 7.78 8.66 6.76 6.88 6.6 6.98 10.63
5.29 3.14 5.65 6.57 5.25 8.98 6.59 3.94 3.33 5.33 5.23 5.31 4.79 5.24 6.15 6.68 9.64 9.92 5.38 6.45 8.99 9.1 10.54 7.83 10.86 11.91 15.91 11.45 10.04 11.4 8.57 11.59 7.61 6.05 7.45 5.62 6.97 10.37 10.16 5.68 4.63 5.11 7.21 3.96 6.23 8.17 5.11 6.04 6.19 8.15 14.06 15.17 12.78 7.42 5.6 5.25 4.94 6.93 11.45 7.53 7.49 5.52 6.43 10.48
4.62 4.01 5.67 9.51 9.35 7.72 6.86 6.6 6.54 9.46 6.06 4.63 6.34 8.56 5.4 4.42 8.01 7.44 6.29 6.56 7.95 5.8 5.77 5.22 6.47 10.74 12.65 9.82 7.15 7.12 6.99 6.09 7.16 4.42 9.69 5.34 5.67 6.42 9.64 7.42 5.72 5.68 7.56 7.9 7.59 5.22 5.55 4.12 6.76 8.23 14.81 20.96 18.13 7.48 6.02 5.27 10.32 13.59 14.74 13.0 11.8 7.67 5.85 5.82
7.39 7.96 8.16 8.86 11.33 7.57 7.01 4.31 8.17 9.42 6.92 6.61 6.78 7.39 5.7 6.23 5.36 6.07 7.16 9.25 10.93 8.23 6.1 5.17 7.18 10.36 9.42 7.32 4.96 5.02 7.59 7.05 7.9 6.23 4.35 8.75 4.25 4.76 6.38 7.38 6.65 4.27 6.31 6.18 6.31 3.5 2.98 3.78 6.4 10.01 9.79 15.09 14.89 7.85 6.63 9.58 7.47 11.51 12.86 9.67 7.53 10.39 8.52 9.8
7.76 9.16 10.9 5.34 9.65 8.77 4.22 6.85 12.55 7.74 9.6 12.5 7.03 10.26 7.82 8.19 7.1 5.79 14.33 8.7 6.7 7.3 4.6 5.94 9.52 7.61 8.05 6.42 4.6 4.14 4.15 5.03 11.23 5.88 6.07 7.93 7.94 4.49 4.24 6.31 6.69 5.57 7.5 6.25 4.21 5.08 4.16 3.79 7.37 8.42 9.05 7.34 9.63 7.08 5.83 6.59 5.0 8.27 9.44 9.23 7.63 9.56 7.54 9.32
7.68 9.97 7.99 5.41 6.53 6.77 4.97 10.52 8.82 6.49 11.68 10.41 10.72 9.61 11.45 10.64 9.06 11.92 11.62 8.3 6.23 5.34 6.39 7.92 10.64 6.93 6.32 4.69 5.53 5.86 3.25 4.24 7.83 10.51 11.21 8.15 9.17 6.18 3.43 3.15 3.43 5.04 3.46 3.18 5.94 6.06 7.51 5.36 9.03 12.32 10.13 10.57 5.67 9.45 7.15 7.23 9.72 8.31 10.07 16.72 9.66 8.66 10.31 5.91
5.59 7.49 8.17 7.67 4.01 5.24 5.27 8.14 10.85 8.87 7.23 9.13 8.29 13.62 4.98 5.49 12.31 8.88 6.48 4.85 4.8 4.69 8.53 12.5 12.09 10.08 5.68 3.04 4.83 7.9 4.63 4.5 6.45 7.89 13.05 5.77 10.04 8.72 4.42 2.55 4.22 3.23 3.62 4.34 3.79 5.83 4.89 5.61 8.77 8.04 10.01 7.44 5.45 6.49 6.98 6.75 10.84 7.51 7.85 12.11 10.72 10.06 7.36 5.36
11.3 11.09 7.64 8.82 4.18 6.37 6.24 7.72 13.44 17.09 14.8 15.97 24.26 12.54 12.17 14.15 21.21 9.46 7.16 5.68 6.36 10.05 7.41 9.59 7.68 6.48 4.91 2.92 7.2 5.77 4.93 5.94 4.99 8.14 11.14 7.62 10.69 9.03 6.3 6.0 5.29 3.0 3.81 2.51 3.22 6.31 5.39 3.98 7.01 8.14 7.45 5.92 5.95 8.32 12.53 8.2 9.14 6.76 9.63 12.06 16.25 6.3 6.52 4.56
11.11 8.72 10.87 7.78 4.36 4.03 5.09 8.14 10.69 13.54 16.72 19.81 19.91 8.15 10.97 19.07 9.92 8.93 6.31 3.71 7.75 12.47 11.89 12.2 14.24 6.99 6.25 4.57 9.92 10.1 6.49 8.01 7.8 8.5 10.29 9.47 8.51 8.62 10.87 6.86 7.58 4.18 3.79 2.31 4.15 8.19 6.82 6.97 7.69 10.89 6.21 3.2 4.86 4.14 8.07 7.44 8.42 9.33 8.87 10.78 11.07 6.32 5.29 5.53
13.13 11.09 12.47 7.75 4.9 3.47 4.89 7.66 8.09 11.12 28.07 17.97 10.2 5.84 10.79 8.88 8.77 5.78 5.45 6.31 9.1 11.09 9.83 11.08 12.68 9.37 8.75 6.5 10.99 10.5 7.87 8.24 10.71 7.16 6.94 7.25 7.32 10.4 9.0 8.07 7.43 4.97 3.22 2.48 5.56 8.64 7.6 7.72 10.34 10.27 5.16 3.0 3.46 4.72 6.1 4.99 6.66 8.62 10.63 14.98 9.89 5.64 4.15 4.92
13.54 13.29 10.08 6.1 4.5 2.68 4.48 5.87 11.81 13.6 15.54 13.92 13.45 14.24 7.61 8.58 7.01 9.04 7.83 9.77 8.01 4.18 12.16 7.02 7.28 7.41 7.89 9.47 9.9 13.32 11.15 6.79 7.57 8.59 6.7 5.63 9.81 9.45 10.6 10.32 6.69 3.49 3.07 2.12 6.35 5.7 10.14 14.4 8.91 5.43 6.17 4.76 4.09 3.98 5.31 5.42 6.85 8.42 9.04 10.7 9.83 6.94 4.98 6.47
16.37 13.91 10.8 6.45 4.33 5.59 4.76 5.18 13.87 17.53 11.56 12.13 9.71 13.98 12.41 7.99 10.65 7.55 13.62 14.54 5.85 5.49 6.03 8.3 6.97 7.88 7.45 9.85 10.15 12.24 13.11 7.37 8.97 6.29 7.06 6.37 10.34 9.86 12.28 6.9 4.73 2.97 2.68 3.7 4.51 6.74 13.12 6.41 7.66 5.62 8.7 4.48 4.0 5.48 7.44 9.04 10.77 9.04 11.13 8.42 7.44 5.75 7.95 5.5
