5.9 6.54 7.61 3.67 2.76 4.46 6.51 5.03 4.96 3.55 3.0 4.12 8.84 6.08 6.83 7.47 7.31 6.47 7.72 4.05 4.71 4.09 6.4 8.07 6.63 4.25 4.0 4.05 4.19 4.82 5.08 6.22 4.23 4.3 4.75 8.99 7.33 6.15 9.1 6.18 8.78 10.13 10.62 10.16 7.87 8.39 15.59 10.92 14.74 7.57 5.17 6.05 12.69 12.63 9.84 5.46 3.77 3.14 2.68 2.9 3.87 5.98 6.28 7.94
6.93 9.02 6.61 5.12 4.38 4.51 5.12 3.48 3.53 4.36 4.61 4.24 6.94 6.22 7.51 7.56 6.63 5.92 5.07 4.09 3.54 4.18 3.28 5.56 6.66 5.25 4.82 4.04 3.09 6.07 3.82 3.95 5.29 4.22 8.66 9.51 8.08 7.81 10.33 5.8 5.36 8.56 11.53 14.44 10.61 9.81 14.41 12.43 12.71 10.01 6.55 4.78 7.2 15.21 11.56 6.3 3.33 3.44 3.44 4.67 4.37 9.02 7.47 8.53
5.98 5.43 10.09 5.33 2.88 6.73 5.55 3.72 3.8 2.91 4.34 5.87 6.29 10.11 8.96 6.66 6.2 7.2 7.03 3.11 2.01 4.06 5.53 7.55 6.31 3.81 6.12 6.71 6.36 5.66 4.22 3.97 5.11 6.08 8.78 7.52 6.88 9.25 10.79 7.88 7.33 9.7 14.55 16.42 14.94 18.07 21.57 15.87 9.96 5.39 6.57 6.1 4.99 7.86 9.17 7.31 4.93 4.86 5.41 7.96 8.42 7.26 7.97 14.96
6.76 4.24 5.59 4.79 4.22 5.05 6.19 4.99 3.71 3.34 4.68 6.64 8.08 7.06 9.16 9.81 7.18 6.74 6.74 3.66 2.68 2.49 6.29 7.86 6.6 6.2 6.61 7.14 5.86 6.64 5.06 6.68 14.87 9.5 11.49 9.25 9.04 8.04 10.67 8.84 12.05 11.28 10.75 17.2 19.43 17.19 17.97 11.77 7.64 7.21 7.42 6.03 6.52 5.33 7.08 8.19 6.8 7.61 8.17 10.12 8.51 10.67 13.98 12.64
4.52 3.21 5.05 6.01 7.1 8.39 6.07 7.36 6.95 5.72 5.5 7.77 5.07 6.41 6.45 6.83 6.15 10.09 5.85 5.34 4.16 2.86 4.32 8.29 6.88 4.57 3.58 3.66 6.46 7.37 5.16 6.45 9.76 9.59 15.97 11.34 11.83 11.01 11.23 12.15 7.69 8.58 10.38 21.2 16.64 14.33 14.8 12.07 13.62 15.41 10.38 8.29 8.72 8.2 9.48 10.88 8.71 9.61 9.31 6.79 4.52 11.03 12.26 12.49
3.83 2.91 4.72 7.0 9.02 5.42 6.29 14.11 8.0 8.13 6.59 7.35 6.72 5.91 5.45 7.37 6.8 8.73 7.04 5.4 9.6 7.01 9.55 7.44 5.37 5.47 5.66 5.78 7.21 8.31 9.9 9.38 14.16 8.59 8.46 13.38 13.41 14.51 15.26 10.19 7.53 8.71 9.19 13.14 17.53 10.54 10.12 13.57 15.27 13.15 10.07 7.94 9.35 9.0 11.93 11.86 6.68 8.55 10.02 4.82 4.98 10.07 13.7 16.07
8.6 4.68 4.54 9.49 7.12 4.18 9.18 6.63 7.1 7.04 6.53 4.23 3.7 5.2 7.5 6.17 5.5 4.14 4.5 6.45 9.39 9.22 9.52 7.71 7.06 6.41 6.96 4.49 4.83 9.27 9.8 8.25 8.16 5.79 13.09 11.96 10.48 10.29 10.84 11.22 8.19 8.05 12.32 13.66 16.11 12.79 8.58 11.05 17.38 11.34 11.11 8.32 10.13 10.42 15.89 13.2 10.75 6.29 4.99 6.05 5.87 8.75 8.61 12.89
7.59 6.12 5.46 7.61 5.2 4.57 6.8 4.65 5.5 7.18 6.87 5.25 3.79 7.4 7.4 8.75 5.95 5.18 7.11 8.37 11.5 19.9 14.89 12.54 6.08 5.97 7.13 7.45 6.81 6.64 9.77 13.81 8.51 7.88 8.82 9.23 10.9 12.17 11.56 11.93 8.52 8.54 9.85 19.51 21.98 9.07 6.74 6.93 11.72 10.67 11.19 9.99 16.23 14.4 11.61 13.86 9.12 6.1 5.05 5.86 9.47 9.37 6.0 10.04
7.83 10.55 8.27 5.03 4.96 4.12 6.59 4.99 2.78 4.07 5.78 5.29 6.26 6.99 6.0 5.62 6.1 8.77 6.17 5.62 14.09 21.14 16.33 9.78 4.4 8.45 4.84 6.13 6.38 9.25 12.4 9.78 7.56 7.49 8.34 9.38 10.31 8.14 7.53 7.85 7.81 8.11 11.33 12.14 12.76 12.58 10.96 5.95 10.09 7.8 9.75 12.84 14.25 10.57 13.3 8.14 5.9 7.09 3.35 4.67 9.26 12.94 13.25 14.5
14.16 11.49 6.23 4.86 6.19 3.87 5.95 3.81 3.11 6.4 8.06 4.86 5.66 8.81 8.6 5.73 5.07 6.17 7.23 10.59 10.74 15.28 16.96 13.59 4.98 6.2 5.77 7.27 6.85 9.3 11.75 5.87 4.69 6.88 9.13 7.82 9.1 6.71 11.09 13.08 11.86 9.82 12.18 5.82 7.71 10.48 15.06 10.76 9.74 6.34 9.32 8.99 10.19 7.9 6.08 6.59 5.53 6.33 5.57 10.17 11.21 6.87 5.41 17.56
10.4 6.71 6.13 4.64 4.95 3.8 4.18 5.31 4.11 6.62 6.75 8.63 10.7 11.62 8.51 8.72 6.92 4.97 5.51 6.62 7.6 12.74 13.15 12.1 7.3 9.38 8.86 7.61 6.24 7.9 6.84 6.26 5.97 5.22 7.87 7.47 9.32 8.03 11.11 13.41 12.93 13.32 14.39 5.79 6.11 8.32 11.1 11.52 8.51 6.92 8.32 10.15 12.5 9.54 6.01 4.53 5.18 10.17 5.76 5.95 11.53 5.12 6.75 8.95
6.26 5.09 5.2 5.74 5.89 4.75 6.3 4.32 4.83 7.15 6.41 10.0 7.74 8.54 14.42 12.1 9.87 5.02 4.07 6.56 8.4 10.86 13.02 8.44 6.35 9.36 10.87 9.81 8.48 9.21 4.23 4.2 4.92 6.17 10.06 8.17 7.78 8.99 12.78 15.82 11.93 9.09 7.93 5.46 5.81 7.9 14.31 9.84 9.26 7.67 7.75 10.16 9.87 6.68 7.86 7.34 9.46 8.35 4.58 5.57 5.88 6.1 7.95 9.82
8.79 4.94 5.38 6.21 5.58 5.94 5.12 7.8 6.6 3.6 6.3 11.11 6.84 9.25 11.6 9.63 9.57 5.14 6.32 7.66 7.57 9.94 10.28 10.54 6.84 6.44 6.87 11.3 10.85 10.96 8.48 6.14 8.45 8.64 8.88 11.41 8.87 8.57 10.5 11.45 18.8 7.43 5.98 7.74 9.27 9.21 11.16 6.17 9.26 9.74 11.22 12.0 5.82 8.74 6.18 7.12 10.24 8.28 6.37 5.64 6.94 5.6 7.12 9.0
8.71 7.5 8.08 8.21 5.97 7.32 4.55 5.28 5.95 6.02 6.33 5.58 5.17 6.87 10.48 12.74 11.04 8.77 5.1 5.6 6.36 7.07 8.59 9.56 6.32 6.11 5.83 7.64 10.97 11.07 14.66 10.72 8.66 6.9 7.16 8.79 8.28 6.85 5.82 8.51 7.66 5.42 5.82 7.8 5.72 9.35 11.45 8.11 7.61 10.08 9.26 14.98 9.77 6.32 5.82 7.56 8.28 9.38 6.16 5.45 9.82 7.79 11.01 7.33
7.19 10.65 11.3 9.59 7.0 6.2 7.37 7.57 8.21 9.88 12.07 8.22 5.75 7.46 11.67 7.18 8.49 6.95 5.81 6.3 5.06 3.87 6.58 6.82 6.76 7.01 8.62 8.16 10.61 13.6 14.13 12.13 11.93 8.6 7.06 12.34 10.3 8.21 5.84 8.87 7.64 6.28 5.42 9.34 8.57 6.1 7.81 8.9 9.54 11.69 13.11 15.1 12.6 7.68 7.04 7.31 6.62 5.34 6.61 8.56 10.13 8.21 8.19 5.72
7.24 8.99 11.74 7.69 7.58 8.75 8.88 6.17 7.82 12.16 12.17 7.2 8.85 6.14 12.71 6.21 4.73 4.92 5.28 3.59 5.54 6.48 7.2 8.75 6.01 7.94 8.21 8.31 13.51 15.86 14.01 10.81 10.35 6.45 12.44 12.7 9.84 9.27 5.15 5.4 5.94 6.51 6.51 8.25 9.37 5.57 7.25 7.83 6.31 6.57 8.92 7.22 10.88 8.65 9.05 6.15 4.4 5.73 8.76 10.11 19.88 7.45 10.16 6.78
9.53 16.59 10.84 5.39 5.69 8.57 9.42 5.67 9.38 15.88 11.2 4.98 6.66 7.85 9.54 6.65 3.93 4.86 5.46 3.52 3.43 8.0 8.75 14.13 8.22 5.53 6.18 7.22 11.65 15.54 16.99 13.62 9.93 12.41 17.12 17.64 13.36 12.47 8.65 8.6 5.66 7.12 9.0 10.83 6.8 5.57 7.98 8.11 4.78 3.65 5.28 5.32 5.47 5.98 7.06 7.8 8.52 5.76 9.26 19.88 16.78 20.47 9.03 4.18
9.17 9.12 7.12 4.46 5.47 7.55 5.48 4.21 7.47 13.09 20.33 12.49 6.51 6.13 5.84 4.27 4.3 5.86 5.09 2.87 4.29 8.37 8.63 16.17 8.2 4.96 3.93 5.66 8.33 13.35 12.74 9.98 9.63 12.19 19.1 18.02 12.61 10.74 8.4 6.55 5.18 4.82 9.87 10.01 5.61 7.81 7.65 6.59 5.23 3.56 3.8 5.14 4.81 9.21 9.08 8.23 7.98 8.22 13.09 17.11 11.81 12.67 8.01 7.16
8.93 4.59 4.8 4.59 9.79 8.5 6.67 6.49 8.53 10.54 17.05 12.62 9.34 7.01 6.48 5.61 6.1 6.93 6.93 6.88 5.94 10.14 13.83 15.28 7.97 3.02 3.42 5.21 10.35 13.68 11.6 5.99 7.78 6.77 26.39 20.56 12.66 10.53 6.39 4.32 4.03 4.86 6.02 4.48 5.9 9.6 5.13 6.63 5.78 2.58 2.97 4.17 5.72 8.89 8.7 5.96 5.73 6.55 9.16 11.73 11.29 10.63 12.04 6.74
6.74 3.47 2.92 7.12 8.44 6.23 5.97 7.07 10.65 12.53 8.12 8.7 7.31 7.14 6.99 4.6 5.12 10.87 7.7 6.48 7.37 9.07 17.23 18.3 9.46 3.5 3.85 5.99 13.93 12.01 13.05 8.31 6.27 9.15 12.78 22.93 14.16 11.38 6.98 4.15 5.17 6.55 5.05 5.73 5.32 6.1 5.14 5.1 5.63 4.53 2.92 4.77 6.2 9.13 10.11 4.6 4.3 7.36 9.21 9.85 14.41 14.14 12.22 9.59
4.51 4.3 4.91 8.5 8.45 8.89 8.07 6.49 7.1 9.83 11.14 9.31 6.41 5.81 7.88 6.45 5.3 6.56 6.56 6.66 12.14 11.58 11.24 10.86 7.46 5.6 7.75 11.69 12.46 9.44 10.14 7.29 5.84 6.92 12.22 13.82 10.59 9.71 8.4 6.51 6.33 4.22 3.83 7.97 9.71 5.21 4.44 5.75 6.01 4.83 4.56 4.26 6.06 7.41 7.74 7.19 6.29 8.69 10.7 12.48 17.78 15.33 13.35 10.15
4.16 3.88 5.37 8.2 10.88 12.27 9.6 9.69 9.2 9.83 9.46 7.91 4.96 4.65 8.01 4.8 3.19 4.4 5.9 10.74 12.98 10.18 15.34 13.56 5.98 4.97 10.2 12.43 23.95 7.44 6.81 7.8 6.58 7.31 8.95 10.48 14.86 8.5 8.25 9.96 6.23 4.68 3.76 6.12 11.23 4.61 3.55 4.78 7.14 10.48 7.62 7.32 9.02 6.55 8.12 12.02 9.3 12.2 8.66 13.17 16.88 12.78 14.17 9.04
4.92 7.22 4.44 8.54 9.49 17.59 10.67 12.09 9.58 7.92 6.49 4.55 3.77 4.3 4.09 3.22 3.5 4.5 5.09 7.97 11.38 14.54 15.6 11.1 7.45 7.02 9.51 12.36 10.87 5.46 6.49 7.18 5.89 9.05 10.98 17.24 14.3 13.73 9.11 8.88 7.22 4.56 4.28 5.48 6.1 6.68 3.67 4.55 6.45 8.18 6.85 7.75 7.67 9.17 8.0 12.05 9.32 6.91 7.04 6.83 8.02 8.35 8.5 10.93
7.65 7.73 4.26 4.62 6.49 9.81 13.18 8.38 10.0 7.77 6.54 3.84 2.85 4.89 6.29 3.23 3.4 4.3 6.65 13.93 13.63 14.4 11.84 5.81 8.61 10.66 8.39 6.88 7.14 9.08 8.66 9.06 8.56 9.61 16.4 11.93 16.35 20.65 16.22 8.23 6.13 5.05 5.1 3.51 4.16 5.49 5.09 4.5 4.78 3.25 10.52 13.72 8.1 6.93 8.81 10.18 6.8 6.7 7.01 7.28 7.23 6.84 6.46 12.27
6.54 4.09 7.92 5.44 4.57 7.01 10.39 9.39 7.06 6.31 6.32 4.35 4.26 6.38 4.58 3.12 3.79 4.16 5.27 7.42 7.04 12.21 13.15 8.6 5.55 7.75 9.75 7.68 10.31 7.77 12.42 13.41 9.64 8.37 10.48 7.38 13.49 19.98 24.78 7.99 6.79 5.29 6.3 4.87 4.6 4.48 6.68 3.38 3.2 4.04 6.02 9.5 6.98 9.43 9.93 10.27 5.21 3.33 4.11 7.03 7.91 7.92 10.61 13.27
5.95 6.53 6.88 4.89 5.31 10.56 11.1 12.63 10.31 8.05 7.07 9.06 6.92 5.95 6.08 7.67 5.89 11.15 5.01 11.09 10.33 8.39 10.39 8.74 7.32 9.58 7.69 8.68 10.62 8.23 14.46 15.03 10.05 7.31 9.22 8.87 12.25 23.43 16.88 7.39 8.5 6.65 7.15 5.96 3.8 5.11 6.64 4.28 3.62 5.6 4.75 7.68 6.27 7.04 6.09 7.24 6.91 7.0 4.29 7.68 10.98 11.9 10.62 7.67
6.52 5.33 7.85 7.2 7.41 7.64 9.11 7.46 10.28 7.95 6.91 9.76 6.12 5.52 3.81 4.85 6.57 13.93 8.08 9.53 9.69 9.36 9.54 7.95 7.85 5.11 6.54 6.09 10.11 11.91 11.17 14.71 12.06 9.7 13.91 10.48 19.43 20.32 15.37 6.72 5.4 5.76 7.89 5.17 4.52 7.93 8.82 3.67 3.8 5.7 5.12 8.84 8.18 6.18 6.21 6.92 4.93 7.89 5.7 8.59 13.27 12.88 7.01 5.16
9.01 10.38 10.22 8.33 6.73 5.62 9.69 13.38 11.3 11.19 14.48 13.17 8.78 7.66 4.41 6.55 7.81 8.9 8.15 8.12 7.52 10.41 9.97 8.32 5.07 5.24 8.82 8.53 9.09 6.52 10.83 10.09 13.46 11.72 16.3 13.8 14.67 15.68 12.27 7.97 6.18 6.06 5.45 5.28 5.48 8.58 12.22 6.35 5.08 3.73 2.89 7.9 11.29 8.12 4.02 4.22 6.98 7.58 7.55 8.09 8.77 5.69 7.26 5.8
11.28 8.57 8.32 6.6 4.58 9.04 8.54 7.51 12.71 15.51 17.19 14.95 8.34 5.29 3.2 5.11 3.69 7.27 7.13 6.1 5.6 10.84 11.68 7.96 7.21 5.84 11.31 11.8 9.54 6.06 7.64 13.26 14.54 10.65 16.97 19.63 9.26 8.48 6.39 8.35 7.33 5.82 4.9 4.55 4.7 6.91 8.19 5.38 5.38 4.67 5.06 7.22 7.82 6.34 4.56 4.98 8.45 6.75 6.86 9.51 9.67 8.17 5.15 6.58
7.53 7.38 12.1 8.76 6.92 10.48 8.77 9.25 14.35 11.55 12.72 11.74 7.7 5.89 3.34 4.23 4.16 6.23 8.98 5.22 5.94 10.0 12.36 9.49 9.51 8.93 12.53 13.44 10.36 4.77 7.23 14.4 18.05 15.19 13.76 14.6 11.34 6.65 6.41 5.28 5.02 5.19 5.59 5.47 4.2 6.22 5.42 5.08 5.84 4.7 4.88 6.49 8.95 5.63 5.1 5.46 6.85 7.24 11.91 12.47 9.98 7.77 7.5 8.94
8.05 6.92 5.86 7.75 11.89 8.84 7.5 7.11 8.85 12.96 10.12 11.65 5.61 3.85 5.7 6.51 6.1 10.15 7.91 4.55 7.31 10.6 12.2 6.75 8.5 11.8 13.9 17.02 13.8 8.9 10.0 12.38 21.82 20.06 18.36 15.91 12.27 13.8 4.64 4.79 3.37 4.24 4.99 5.25 4.61 8.62 7.77 6.44 8.67 6.65 6.99 5.66 7.38 5.59 7.35 5.26 7.67 9.9 15.0 14.59 14.06 10.27 10.78 6.87
3.86 4.61 5.07 9.2 11.11 7.11 5.76 4.64 7.1 12.47 8.34 6.43 5.29 6.64 6.72 5.43 6.7 7.21 7.72 5.42 6.87 16.56 17.4 7.84 10.04 11.07 13.24 12.87 10.4 13.6 8.39 12.17 10.16 23.94 18.69 19.6 14.04 8.81 6.36 6.03 2.64 4.74 8.2 4.74 9.92 10.2 8.1 8.93 9.36 7.91 8.51 6.02 6.64 6.65 9.2 5.81 6.96 8.09 17.52 18.8 13.13 12.74 8.13 5.95
3.35 2.17 4.33 4.65 5.88 5.21 7.64 6.03 7.27 8.21 8.96 5.75 5.12 5.6 5.29 6.59 4.81 6.83 8.84 4.79 9.18 12.35 11.18 14.53 10.84 17.8 13.5 7.59 10.48 13.03 8.63 11.01 16.14 28.39 17.15 18.28 21.55 9.67 12.31 7.57 4.66 5.49 10.81 7.48 8.32 7.92 6.74 7.72 7.66 5.08 8.09 10.13 6.33 5.53 6.31 4.13 6.23 10.92 15.27 14.54 9.83 10.04 7.12 4.1
4.44 3.69 5.01 4.79 4.85 3.71 4.52 5.18 8.64 11.74 6.33 5.18 3.17 4.34 4.88 5.32 3.24 4.47 6.99 11.01 11.77 7.88 7.98 6.88 12.92 13.63 7.38 5.86 8.55 7.69 8.46 9.06 9.81 17.44 20.79 22.87 21.4 10.1 6.75 5.47 5.72 7.06 9.19 7.59 7.44 6.08 5.28 6.19 8.74 7.69 10.73 12.53 6.68 9.47 6.75 4.51 4.61 6.1 8.87 12.14 9.43 6.98 5.05 3.31
6.59 5.87 3.9 4.6 4.9 6.47 4.73 6.8 13.4 11.32 5.58 5.06 3.54 3.56 3.79 4.28 7.43 7.8 8.06 9.48 9.7 8.53 7.6 7.3 11.53 11.05 15.2 8.12 6.5 11.24 9.87 10.92 9.53 10.97 15.18 24.93 17.42 12.45 6.61 6.21 6.98 4.49 7.98 9.41 6.6 6.42 4.46 6.99 11.07 12.39 8.22 9.1 6.82 9.28 6.47 5.93 3.62 5.07 10.33 8.2 8.64 5.71 3.51 3.91
7.59 6.97 5.05 3.8 5.87 5.88 4.86 5.38 7.99 8.86 5.51 3.53 2.59 2.86 3.5 3.29 6.26 11.26 8.4 7.46 7.77 3.95 6.55 8.01 12.06 13.76 12.66 7.83 5.64 8.72 12.54 11.23 10.04 10.85 12.09 15.47 12.64 7.33 5.52 7.64 6.62 7.03 8.65 7.39 5.75 4.88 6.99 11.98 10.7 13.05 11.89 11.59 8.95 5.14 6.9 8.52 3.64 3.23 3.68 6.92 8.96 6.21 6.27 3.21
5.24 6.42 4.91 4.65 4.65 6.02 4.35 5.04 5.24 4.98 3.96 4.21 4.07 3.56 3.55 3.48 9.67 9.23 11.34 10.71 7.28 4.5 9.41 9.47 12.56 14.65 14.87 8.48 7.92 8.49 8.52 10.9 10.73 16.87 23.52 21.12 10.08 4.81 5.13 5.79 6.72 7.43 3.64 4.52 6.61 4.87 7.47 8.97 9.43 10.09 9.13 13.58 7.46 5.39 8.91 7.28 3.9 2.63 4.5 5.9 6.0 4.91 5.71 6.53
4.89 5.13 3.51 3.83 3.92 6.28 5.09 3.52 3.58 5.22 6.16 5.81 8.09 4.35 3.03 3.21 6.82 7.05 8.32 7.57 7.89 5.17 6.71 7.19 7.88 9.15 8.7 9.55 11.96 12.11 12.72 11.71 8.71 17.89 18.0 14.71 9.65 6.89 4.82 4.57 3.99 5.25 4.32 4.77 4.34 5.79 9.35 9.8 5.52 7.41 6.89 10.82 9.3 7.17 6.97 5.46 3.76 3.79 4.61 5.07 5.77 7.53 7.38 7.54
3.33 3.36 3.92 3.44 5.89 8.55 4.8 3.42 5.06 6.31 8.43 8.67 7.82 6.87 4.55 3.68 7.32 8.39 9.45 8.16 8.21 5.84 9.33 6.52 8.38 7.61 7.88 9.74 8.28 13.73 11.23 9.17 9.13 14.49 14.52 8.92 8.23 8.9 5.28 4.52 4.28 5.07 4.35 3.64 3.64 5.74 5.7 6.21 3.56 5.67 7.05 5.63 5.56 7.11 9.59 7.55 4.73 3.35 5.99 10.0 6.54 6.09 8.23 8.73
2.33 2.1 3.62 4.8 4.49 7.42 6.34 4.25 5.8 5.6 10.49 11.56 6.98 5.28 4.58 3.37 6.69 6.79 11.61 12.09 11.02 7.46 7.1 5.23 6.1 9.93 12.96 10.37 10.95 16.51 10.98 7.16 12.19 18.23 14.32 10.98 9.67 13.74 10.03 5.57 4.31 3.99 4.95 4.67 3.33 4.99 3.85 3.48 5.65 6.27 6.01 5.82 7.01 7.93 11.36 8.4 6.39 4.15 9.38 8.8 7.01 6.16 6.48 5.46
2.67 2.05 4.26 4.62 5.84 4.83 3.01 3.03 5.2 4.82 7.14 7.05 4.9 6.28 4.67 4.92 7.46 7.21 6.21 9.45 12.0 11.5 9.76 5.48 4.2 6.52 9.05 12.13 14.23 15.34 12.21 9.4 9.72 16.57 14.08 8.75 9.66 11.67 7.09 5.24 4.38 3.48 5.39 3.46 3.54 6.25 5.23 4.95 6.6 9.26 8.75 9.29 10.16 9.82 10.11 8.49 6.06 4.74 4.44 9.44 6.72 8.39 7.13 3.79
2.7 3.75 4.3 5.27 4.32 3.65 4.44 4.22 5.2 5.9 3.8 6.95 7.98 7.31 6.77 7.19 7.6 11.6 7.32 6.79 9.52 12.21 11.81 8.25 7.74 7.82 10.45 10.99 11.37 13.02 12.55 7.85 12.26 12.78 11.81 7.42 7.25 6.44 11.31 6.22 5.67 4.05 3.75 5.19 5.38 6.65 6.58 7.91 6.47 11.95 11.34 9.32 6.61 7.81 11.77 8.19 7.51 6.07 4.28 8.84 6.69 7.62 7.58 4.27
3.67 5.09 5.1 3.86 3.19 3.61 3.85 4.74 4.71 5.73 4.27 6.95 9.54 8.38 5.75 5.55 4.2 5.63 7.79 7.35 10.1 10.19 12.22 13.71 8.22 5.46 10.11 9.78 10.03 9.1 11.04 9.58 10.87 6.61 6.43 5.5 6.69 7.3 6.87 7.56 6.28 6.71 6.61 5.41 4.66 7.93 7.94 11.27 5.6 4.93 6.18 4.05 7.99 10.14 4.63 8.46 8.43 5.31 5.43 11.95 8.91 6.4 6.4 4.27
2.58 5.63 5.56 4.78 7.33 5.15 3.29 6.5 7.26 7.51 3.74 6.13 10.11 10.25 7.21 5.33 3.6 4.61 7.69 6.93 9.29 12.84 13.47 17.31 10.92 5.3 5.49 6.14 5.41 7.57 11.65 14.66 8.0 6.91 6.41 6.88 13.53 10.04 10.43 8.69 6.75 6.55 6.29 7.22 6.66 8.79 10.9 10.64 5.16 5.19 3.06 3.7 8.69 11.91 6.85 8.4 8.13 7.32 6.05 7.97 5.57 6.79 5.58 4.14
3.92 6.1 5.46 4.39 7.29 6.73 3.13 5.05 4.3 6.37 8.09 6.12 7.51 8.71 3.74 3.14 5.07 5.74 7.62 6.9 7.91 13.11 15.22 10.97 8.77 5.64 4.67 4.59 5.57 4.31 7.75 9.85 7.59 5.46 6.55 5.6 9.77 8.47 11.83 7.5 5.54 4.28 6.34 6.15 4.33 11.52 10.29 10.39 9.24 3.46 3.63 5.09 6.46 11.14 9.96 6.03 9.12 6.81 10.92 10.18 6.02 5.29 4.37 4.68
8.43 7.41 4.95 5.12 6.15 6.64 3.48 4.12 3.6 5.3 6.92 7.89 10.61 14.31 5.7 3.04 5.24 6.8 9.87 8.19 8.26 8.09 13.14 6.48 6.64 4.39 5.27 6.04 3.79 4.94 5.23 6.29 8.04 8.33 7.5 5.79 6.07 9.52 13.23 11.55 8.1 5.81 5.78 5.09 7.0 13.51 10.87 9.76 5.62 2.92 4.92 4.07 5.38 6.05 4.95 6.96 8.77 9.55 7.68 6.84 5.4 3.72 4.75 5.57
3.68 6.28 5.31 5.07 4.18 3.64 3.12 4.24 4.99 7.32 8.86 8.81 11.3 9.15 5.5 3.92 5.6 5.77 8.14 7.19 6.33 7.35 6.29 4.15 5.94 6.88 4.28 6.78 4.96 6.25 5.86 6.52 3.71 6.7 6.89 5.2 6.89 9.74 14.34 11.87 7.4 7.63 7.88 6.49 6.69 8.14 9.13 9.26 7.48 7.23 4.84 4.04 4.62 5.59 5.65 6.99 12.67 14.34 6.79 4.77 3.42 3.62 4.22 6.05
5.66 6.08 5.66 5.94 5.95 3.65 4.21 4.42 5.62 7.55 9.36 8.56 7.37 5.68 6.56 4.51 4.82 4.63 2.76 4.47 5.7 5.55 5.18 3.53 5.78 9.88 5.06 5.25 4.69 6.63 8.13 6.57 5.89 7.78 4.96 3.87 6.07 7.5 7.91 8.21 7.08 10.23 11.49 6.75 7.01 7.55 10.67 8.9 10.35 8.81 7.03 5.49 4.27 3.81 6.42 10.04 11.04 11.04 6.84 4.13 3.14 3.4 5.87 9.15
7.51 5.91 5.39 7.56 7.91 4.39 4.52 6.29 6.84 5.71 8.01 4.93 4.13 4.86 5.05 4.01 3.59 5.19 4.05 4.29 6.04 7.29 5.17 4.94 7.59 11.71 6.75 6.05 5.58 7.37 8.95 9.73 8.39 10.81 4.82 2.64 6.64 5.68 6.58 7.45 6.62 9.02 11.3 7.56 7.03 5.68 8.15 10.07 11.62 12.13 12.28 7.58 5.21 6.17 12.49 15.05 11.7 9.25 5.48 5.77 4.52 3.22 5.65 8.11
13.1 10.86 9.07 8.08 7.44 6.08 4.64 3.3 4.67 5.44 6.27 4.48 4.3 4.37 2.72 3.13 2.33 3.46 4.15 6.29 9.49 9.57 7.72 8.8 8.11 12.5 6.05 4.6 6.56 6.69 11.72 8.49 10.93 7.72 4.91 3.42 4.3 4.58 7.12 7.14 7.86 10.52 9.58 8.45 5.04 5.35 6.45 8.38 9.03 8.55 14.88 10.64 6.47 9.17 14.36 17.31 13.23 7.26 4.38 4.18 5.58 4.62 4.57 6.07
11.74 8.04 8.48 7.84 8.0 6.33 3.98 3.76 3.64 5.36 4.99 5.46 4.96 5.23 3.63 2.78 2.47 3.06 6.21 10.38 10.18 11.64 10.91 7.59 13.14 12.35 6.95 5.58 4.69 7.9 13.8 11.34 14.09 5.43 5.77 8.52 8.4 6.78 3.92 7.34 7.91 10.02 9.4 10.24 6.95 7.71 6.7 10.75 8.94 10.92 22.26 9.21 6.26 10.83 17.03 17.65 9.65 5.41 5.52 5.4 6.19 4.7 4.31 3.91
12.39 11.67 7.65 7.23 6.47 5.68 3.79 3.59 4.3 3.51 3.92 6.09 6.24 4.15 3.18 3.46 4.58 5.61 10.73 11.13 8.68 11.7 9.52 11.67 16.27 12.61 6.08 5.24 5.67 8.53 8.76 9.51 9.09 7.3 6.68 8.38 7.08 6.96 4.17 4.94 7.95 13.67 6.38 9.54 7.6 6.02 7.58 13.06 9.09 11.07 14.9 7.81 8.1 10.53 14.81 7.24 8.87 6.02 6.83 12.61 9.06 7.07 7.73 5.41
13.79 10.38 9.58 5.55 5.44 4.59 3.0 1.87 3.25 3.84 3.84 5.09 5.48 6.23 5.71 7.26 8.06 10.17 16.06 12.63 12.88 9.27 7.73 10.95 15.63 21.72 12.7 7.26 5.8 10.54 12.2 8.24 9.93 9.4 8.73 14.43 11.05 5.86 3.67 4.02 7.17 13.87 6.95 7.43 6.12 5.96 7.73 7.2 5.7 6.2 13.78 9.55 6.85 7.9 10.34 8.1 9.59 6.88 12.72 23.52 20.21 13.96 11.01 7.08
5.2 7.37 8.08 4.26 3.42 4.33 3.34 2.34 2.42 3.25 4.66 4.12 4.03 5.66 5.34 6.28 14.16 10.14 14.35 13.29 12.18 9.91 9.67 12.01 15.9 16.3 13.89 8.69 10.5 16.53 14.35 9.74 7.35 8.87 9.21 13.21 12.13 6.56 5.13 6.86 6.59 9.39 4.93 7.05 6.57 5.18 5.47 4.81 4.95 6.91 12.73 9.58 10.6 8.1 8.34 4.97 7.51 9.02 15.3 17.61 22.05 10.38 10.01 7.79
5.09 7.43 4.85 2.79 4.64 6.29 5.57 3.09 3.01 4.55 6.62 4.39 8.22 6.51 7.74 14.72 16.63 9.88 16.03 11.32 11.2 14.99 22.5 15.14 13.35 16.94 13.6 10.15 8.3 9.06 11.53 11.83 9.15 10.43 5.21 7.11 5.77 9.27 6.97 7.69 8.71 10.39 6.36 5.31 7.14 5.62 5.19 5.64 6.13 5.52 17.54 12.24 12.25 9.57 6.42 5.03 7.77 8.16 11.95 14.74 16.89 13.28 10.8 11.19
4.21 3.97 4.18 2.65 3.87 4.34 3.79 2.69 3.67 4.43 4.36 5.75 7.53 4.79 7.17 10.09 16.07 11.08 9.89 9.89 9.34 12.32 17.97 11.39 12.16 14.35 9.68 15.65 8.08 12.65 11.62 9.02 7.65 10.38 11.17 12.13 7.83 8.87 6.14 8.74 9.93 8.13 6.49 6.51 8.54 8.23 6.76 5.11 6.1 8.12 14.17 7.6 7.66 9.8 4.91 6.19 8.15 6.48 6.17 10.26 10.95 13.59 12.44 9.45
3.89 4.4 4.2 4.75 4.86 5.69 2.63 2.93 6.29 6.81 6.25 9.0 11.32 8.46 8.17 7.4 7.38 6.79 8.98 7.62 11.68 23.64 10.06 11.79 8.24 7.3 11.75 9.56 9.3 11.98 8.59 9.15 8.2 11.27 10.4 7.75 7.62 12.01 8.41 8.58 6.72 7.31 6.89 7.79 7.56 5.65 7.28 5.75 4.63 4.21 6.21 5.85 8.03 9.59 5.13 5.3 5.86 5.53 8.61 7.05 4.97 10.62 9.69 11.52
7.31 4.55 3.35 4.51 6.33 4.96 3.55 4.66 5.7 7.25 7.6 7.75 12.02 8.41 6.62 5.96 5.88 5.2 6.78 6.06 8.49 11.21 17.07 8.56 7.66 12.76 11.53 12.36 12.09 6.27 8.83 13.04 10.51 12.03 11.45 10.34 9.98 7.08 6.67 7.51 7.27 7.26 7.46 5.98 8.34 5.24 6.47 5.59 6.45 5.53 4.42 6.02 6.03 6.93 5.34 5.71 5.92 6.86 7.37 7.58 5.74 9.5 8.5 7.51
9.8 10.16 5.55 6.54 8.23 3.32 3.48 8.38 8.38 9.28 6.61 7.71 16.65 11.33 7.03 7.26 8.15 5.4 7.8 8.72 11.21 12.08 10.95 8.99 10.39 8.47 8.42 13.4 11.68 6.78 6.49 7.32 11.26 14.44 12.35 5.83 5.77 6.09 7.68 7.23 5.51 7.78 6.23 6.02 8.43 8.04 4.56 6.81 7.56 8.88 7.73 6.32 4.09 6.95 4.77 5.17 6.2 8.78 9.64 8.53 7.76 10.6 7.24 7.46
10.99 8.81 6.92 6.65 4.46 4.83 4.16 8.39 8.81 9.82 7.8 8.48 13.25 15.09 11.53 10.85 9.73 8.18 12.06 8.22 6.76 7.42 8.95 12.71 13.84 12.29 7.9 9.42 14.43 5.79 8.38 11.76 11.4 15.42 7.9 6.55 6.01 8.89 7.01 8.29 4.98 5.53 7.79 8.23 9.81 8.21 5.87 8.65 7.91 7.48 9.42 9.55 4.41 6.2 6.4 7.65 10.42 18.47 16.94 10.24 9.31 8.41 10.71 11.67
6.18 6.42 6.26 6.21 5.13 3.96 3.58 7.65 9.77 9.64 10.59 5.19 7.99 11.41 9.37 9.96 10.34 6.01 6.33 7.76 7.48 7.37 10.11 12.54 16.18 11.38 7.21 6.63 7.5 7.78 7.63 11.04 10.93 9.23 7.45 7.71 8.42 7.75 6.76 9.29 9.1 6.33 7.02 6.57 9.85 7.85 6.64 8.43 11.44 18.25 9.61 8.54 6.32 4.31 5.6 9.26 11.76 18.17 20.87 12.36 8.15 8.38 11.31 11.26
7.39 9.0 5.13 4.56 5.69 7.72 8.28 10.58 15.51 10.76 9.12 8.99 9.15 15.39 11.44 6.68 9.46 8.83 7.82 10.2 8.89 15.18 18.38 18.77 17.95 8.81 5.37 5.52 6.31 6.48 6.74 5.79 8.09 9.72 8.59 8.59 7.93 10.41 9.46 9.4 6.7 5.62 8.19 7.2 4.47 6.04 5.88 5.21 10.25 13.13 10.87 10.37 6.77 4.98 7.08 7.42 6.98 13.88 17.81 12.57 8.62 11.24 11.01 11.38
6.82 7.44 6.43 5.15 4.19 5.85 7.43 10.81 11.53 10.94 9.17 6.64 7.84 9.34 11.57 7.45 11.28 9.13 9.06 14.33 15.4 15.36 13.58 13.66 10.28 7.73 5.05 6.79 7.84 8.17 9.16 5.55 6.41 6.72 5.9 10.09 6.18 8.44 11.82 8.97 5.39 5.38 5.36 2.67 4.77 5.13 6.96 6.68 9.23 11.16 13.23 10.47 7.85 6.73 7.08 6.72 4.67 9.32 10.6 7.46 9.32 15.23 14.9 11.61
10.38 9.38 5.07 6.44 5.28 3.98 10.81 10.67 13.17 9.02 9.57 8.26 11.25 9.03 12.21 9.66 11.54 11.82 11.04 24.02 15.27 18.57 10.05 10.63 10.75 11.21 12.25 12.04 11.25 13.79 12.34 7.27 7.38 11.18 8.09 7.11 7.99 6.77 10.5 5.31 6.11 7.58 5.78 3.99 4.29 3.67 5.95 6.28 9.56 14.27 10.74 8.67 6.2 6.2 7.44 5.41 5.33 6.46 6.14 8.92 7.06 14.05 12.65 13.51
