8.29 7.74 3.49 3.72 4.03 6.29 7.33 8.59 7.46 4.45 4.63 6.04 3.98 3.82 4.92 6.91 5.08 5.36 4.9 8.05 6.47 7.66 5.93 8.29 6.2 9.56 8.4 12.25 11.29 7.14 6.2 8.62 18.07 20.2 13.59 10.23 7.98 6.76 5.27 4.38 4.02 5.02 5.47 6.39 9.31 5.06 6.54 3.46 3.45 9.47 6.45 4.32 8.25 10.62 5.27 7.06 4.75 7.26 7.94 8.35 7.42 8.91 12.01 8.97
7.3 4.79 3.65 3.99 5.18 4.28 6.71 6.41 8.7 5.94 5.7 5.87 8.09 3.68 4.88 2.81 5.91 5.74 8.04 7.92 7.1 6.66 5.11 8.04 10.94 7.75 9.2 11.91 12.27 8.58 5.33 13.72 12.32 16.06 10.14 12.74 7.49 4.73 6.72 6.8 5.92 6.1 5.05 9.97 6.02 6.35 7.64 11.27 5.75 7.4 6.38 6.17 9.78 9.18 5.81 5.89 6.94 7.29 7.67 10.2 6.75 7.85 6.88 9.22
5.0 3.71 4.2 5.15 5.67 5.59 7.89 7.99 6.1 4.82 4.62 10.9 6.52 4.78 4.8 3.74 7.74 8.13 8.6 8.73 9.13 9.25 6.13 6.74 10.54 9.3 7.82 11.81 14.77 8.67 5.82 9.6 9.07 7.0 9.12 9.34 5.96 8.19 8.03 6.77 6.64 5.71 4.3 5.34 5.05 7.25 9.33 14.85 10.0 8.36 6.12 8.28 11.65 12.02 8.25 6.47 5.2 6.47 9.71 7.61 8.95 6.42 7.21 6.39
3.96 3.55 3.63 3.73 8.47 5.02 3.67 6.19 4.2 4.75 8.29 8.39 5.52 7.74 6.12 6.29 4.69 15.27 14.64 12.83 8.97 10.74 7.13 6.76 13.41 7.0 10.12 13.52 7.85 10.75 5.63 10.21 6.88 6.65 10.53 8.11 7.71 7.27 7.8 5.88 5.14 4.15 3.84 3.41 7.15 6.88 7.93 9.48 12.43 12.45 7.73 8.1 6.88 10.13 6.94 7.13 3.88 6.2 6.27 12.61 7.87 5.74 6.68 5.13
5.6 5.46 2.85 5.99 11.39 5.29 6.46 6.1 7.65 8.27 6.5 5.33 6.51 5.05 7.41 9.16 7.27 11.03 10.65 7.15 11.39 7.98 6.26 5.93 6.99 6.72 10.56 10.84 8.68 11.13 7.85 6.76 9.01 5.84 10.52 8.89 5.54 12.02 8.59 6.99 3.09 4.82 5.49 4.98 6.22 8.35 10.54 6.03 11.12 7.91 8.72 6.97 6.35 6.47 5.12 4.46 6.2 4.25 6.82 6.64 5.96 6.27 7.91 5.51
4.96 6.19 3.07 8.75 9.22 7.21 7.61 8.1 8.83 8.16 7.05 5.41 9.07 8.79 7.81 15.92 11.66 15.51 7.97 10.46 10.83 7.32 6.94 5.18 8.62 8.4 8.07 11.39 10.58 7.55 4.71 5.52 5.61 6.32 7.59 6.28 5.94 9.71 9.04 7.97 7.9 6.7 8.62 5.06 4.61 6.72 9.34 11.08 9.13 8.39 11.11 4.7 6.58 6.57 7.08 4.84 4.36 4.1 7.92 5.12 5.54 6.8 6.6 3.81
6.6 8.18 6.25 7.21 10.06 9.56 10.99 9.28 6.56 5.68 4.33 5.55 7.12 9.47 15.82 10.37 10.95 13.77 15.61 8.46 13.99 9.22 7.57 6.94 5.99 9.3 10.34 11.7 10.04 8.59 7.39 7.82 6.34 4.15 4.33 5.13 12.75 7.94 7.92 6.83 6.74 4.67 5.15 5.87 5.28 6.42 6.95 10.82 9.59 11.33 7.01 4.41 10.03 5.91 7.41 5.5 4.97 4.65 6.92 8.16 5.16 9.12 7.13 5.16
7.6 5.64 7.99 10.82 7.12 6.36 6.89 8.76 8.35 3.68 3.75 6.97 10.49 11.26 11.11 13.82 19.97 14.86 12.95 9.0 9.51 8.94 7.08 4.35 4.63 9.83 9.13 9.22 13.3 8.05 6.21 4.82 4.93 6.86 5.76 7.26 9.14 10.24 9.69 13.26 5.06 4.92 5.33 9.08 12.09 10.36 7.16 7.64 6.85 10.55 10.41 8.18 5.36 6.98 5.22 4.04 4.02 3.49 7.73 4.82 5.06 3.15 6.95 8.13
9.92 6.41 6.38 8.42 9.83 8.13 5.94 11.04 6.61 8.1 4.89 5.23 6.54 11.36 14.15 11.73 13.98 12.3 13.78 11.25 7.94 12.31 10.41 8.43 5.83 6.62 7.4 10.5 14.29 8.86 5.9 2.93 3.47 4.96 7.29 10.23 6.34 8.37 10.93 6.43 8.02 8.06 5.1 9.17 10.58 6.03 7.37 6.85 5.72 12.26 14.64 9.76 7.77 8.34 9.12 4.95 2.57 4.69 5.7 4.22 3.53 3.02 5.49 6.73
6.93 6.76 5.57 8.64 10.87 10.16 7.48 10.16 6.51 8.44 5.73 4.09 5.66 10.01 14.96 10.37 8.51 13.32 24.39 13.95 9.88 11.33 9.64 11.12 9.15 4.83 7.83 10.1 9.26 6.93 5.59 3.3 5.1 3.33 8.17 8.81 7.69 8.49 10.39 14.04 10.98 10.2 9.36 8.04 4.94 2.73 6.37 4.83 9.11 11.92 10.37 15.34 8.44 9.83 10.52 7.75 4.97 6.23 4.01 2.63 3.7 3.36 5.55 5.23
6.35 6.64 6.08 6.52 7.68 6.97 10.22 10.9 10.08 5.16 4.36 3.91 8.6 14.7 13.01 21.06 8.84 9.92 15.22 10.58 17.87 12.67 6.29 6.21 9.4 6.78 5.33 4.12 6.05 7.7 6.47 6.78 6.29 5.28 7.54 5.12 11.21 12.46 15.65 12.44 15.09 11.62 11.49 5.55 5.69 5.3 9.09 7.94 5.29 9.26 14.52 11.6 11.19 6.09 11.75 7.96 5.19 5.2 4.88 3.18 4.05 5.64 5.15 6.03
6.48 7.85 5.93 7.19 5.99 8.06 11.92 10.8 7.81 5.88 5.17 6.35 6.77 9.85 13.4 11.34 8.51 7.78 9.88 12.04 14.09 11.85 10.61 7.77 6.41 6.1 3.25 4.99 6.85 8.65 13.14 10.95 7.24 5.95 6.38 7.46 9.63 11.05 10.21 10.99 14.45 10.87 9.09 6.43 7.15 7.36 10.28 6.77 6.73 6.97 10.23 8.05 9.35 12.63 9.6 8.69 6.87 9.01 5.48 4.59 4.17 2.75 4.72 7.89
7.42 5.45 4.78 7.33 6.0 8.25 14.54 9.88 11.01 6.26 5.16 5.35 9.86 8.81 9.15 9.64 9.96 9.73 8.33 17.79 12.74 18.26 19.12 11.62 9.34 4.35 4.23 4.11 6.19 7.46 12.41 9.88 5.84 5.98 3.95 12.23 10.77 10.49 9.55 10.77 13.88 11.47 10.11 6.57 7.26 8.79 5.14 7.72 6.36 6.15 5.03 7.74 10.12 13.17 10.17 8.13 12.11 7.39 5.11 3.89 4.48 4.96 5.13 8.19
4.69 7.79 7.41 8.46 5.04 8.81 7.46 8.47 9.26 7.02 4.94 5.56 10.22 9.47 6.26 7.77 6.82 7.41 9.61 18.17 20.98 18.04 14.22 11.85 7.51 9.12 5.0 7.55 7.94 4.65 6.21 8.02 5.57 8.65 6.47 8.17 7.46 6.71 8.19 7.22 13.98 17.26 10.4 5.57 3.43 5.83 7.24 6.46 5.63 6.37 7.99 6.71 10.3 7.55 17.23 14.77 10.98 9.18 9.28 7.51 6.37 5.44 6.82 9.04
5.38 9.21 13.68 9.12 5.49 8.62 6.74 6.58 8.6 11.3 6.83 5.45 4.55 6.01 3.64 7.09 9.72 8.89 9.74 12.12 14.4 12.24 10.3 7.86 11.13 8.59 8.18 7.62 6.17 6.03 7.12 7.44 5.39 8.66 4.69 9.08 6.73 4.88 6.31 9.12 16.63 14.55 7.24 8.07 5.95 6.7 7.97 9.08 7.44 8.1 7.49 9.79 7.97 8.64 13.08 14.87 9.28 7.57 7.42 8.2 8.05 5.95 6.68 8.79
8.8 12.44 11.43 7.46 6.64 6.87 10.6 14.6 13.01 11.38 9.29 4.42 4.43 6.32 3.11 5.86 8.13 10.62 8.55 9.36 13.6 12.93 10.37 5.97 12.87 12.33 8.93 5.13 3.69 6.45 5.92 5.03 4.47 6.48 13.78 6.39 8.55 4.37 7.82 5.8 8.31 16.27 6.0 11.33 6.54 7.22 6.25 5.39 12.04 9.43 9.34 13.02 5.4 7.57 12.88 13.33 7.11 6.04 6.5 5.62 8.36 7.06 6.9 8.6
13.52 16.61 5.08 6.15 8.2 9.02 10.76 17.24 19.0 12.35 5.65 5.99 3.41 4.25 7.18 7.85 8.93 9.62 9.57 9.86 12.06 14.52 11.66 9.92 11.45 11.41 3.44 3.11 4.36 4.2 7.03 5.21 5.11 7.35 14.18 10.28 6.85 6.53 4.75 5.18 8.98 11.11 7.51 6.71 7.53 6.04 10.01 7.58 7.15 10.03 10.05 9.24 5.69 9.95 10.65 7.68 6.12 5.17 4.6 6.39 4.03 10.46 6.61 10.19
12.6 7.39 6.45 8.86 9.77 12.85 13.07 10.64 18.61 10.73 5.87 7.64 7.75 6.39 6.98 5.48 7.67 8.09 8.23 7.6 9.86 10.44 9.49 9.21 13.94 8.67 5.14 5.21 4.84 4.76 4.25 6.51 6.33 7.71 13.13 8.7 13.86 7.25 3.64 5.06 7.01 10.88 7.84 8.84 5.37 6.99 5.24 5.79 5.75 9.34 8.72 7.02 7.13 7.37 10.04 6.4 7.29 11.27 5.5 3.92 5.39 7.89 7.21 6.65
9.76 7.51 8.65 11.51 10.79 12.51 9.81 10.82 13.52 15.59 6.98 10.1 7.86 9.17 8.94 6.81 6.16 6.49 4.36 5.77 9.72 12.23 7.77 11.34 8.48 18.76 5.16 6.9 6.4 4.8 4.73 7.21 9.7 10.0 12.87 9.41 9.34 9.94 5.0 7.12 7.6 7.15 9.42 5.21 5.43 7.36 7.57 6.74 5.95 5.01 6.68 9.98 3.71 3.71 7.99 7.59 12.38 14.1 8.92 7.43 6.73 5.69 6.97 6.51
7.25 10.07 15.88 15.27 15.47 10.58 12.32 7.5 8.79 12.39 10.36 10.37 4.88 8.58 7.41 5.9 6.26 6.91 5.1 7.15 12.73 13.98 18.63 8.81 11.26 14.54 9.86 10.58 6.67 3.88 4.96 6.28 7.67 10.46 10.85 9.55 8.19 9.92 7.38 10.54 9.63 5.1 8.11 5.19 6.49 5.75 6.7 6.9 12.11 5.55 6.39 5.46 4.13 6.08 4.35 9.55 12.53 14.47 11.27 8.63 6.04 3.57 4.55 5.64
7.94 6.74 12.06 12.51 11.38 7.52 11.29 10.88 9.05 11.27 9.19 8.35 10.5 7.23 9.05 5.75 8.53 4.73 7.78 6.19 6.65 14.67 13.29 12.57 12.51 11.3 10.12 6.57 6.2 4.09 9.43 8.81 8.79 6.86 9.12 7.51 7.44 6.98 8.95 13.75 7.21 5.8 6.17 5.29 4.07 6.22 5.43 6.34 9.27 6.95 5.35 4.24 3.61 5.78 5.66 11.56 11.28 11.96 11.64 9.8 7.24 6.23 10.08 6.68
7.37 10.81 10.44 9.55 10.9 12.5 11.6 8.62 8.15 6.72 8.21 7.12 10.28 6.31 4.86 5.77 5.7 6.04 4.74 7.16 7.5 12.76 15.05 8.44 7.75 9.59 11.06 8.89 7.59 7.54 8.43 11.51 6.44 4.39 7.36 6.85 5.29 6.36 7.44 8.86 6.95 7.96 7.86 4.82 4.24 4.73 7.2 6.46 7.23 6.79 6.55 5.59 3.16 6.54 6.89 9.8 8.03 6.39 11.84 8.16 4.43 7.64 4.26 11.72
9.44 9.25 12.26 13.16 18.13 10.91 11.47 6.32 6.65 6.11 8.65 8.89 8.67 5.55 8.47 6.21 9.52 11.2 8.27 6.78 10.89 10.24 12.39 6.91 5.04 5.53 8.96 8.63 6.52 6.16 6.39 6.72 5.01 3.8 5.58 8.02 5.47 4.57 8.03 9.73 7.96 6.65 6.27 5.21 5.43 9.9 9.86 8.95 5.77 6.44 3.99 3.56 5.1 4.4 11.25 7.71 5.48 6.29 7.88 8.37 5.44 9.96 5.76 8.68
10.66 12.91 16.7 8.6 11.36 16.01 8.17 5.37 5.96 5.52 10.8 9.53 9.21 3.94 5.99 7.51 11.57 11.54 8.86 12.04 11.06 11.39 12.07 6.59 6.87 6.27 7.71 7.79 11.33 7.8 5.53 5.61 6.68 7.14 7.29 8.64 5.38 5.42 5.26 4.91 6.44 4.57 7.69 5.48 6.84 10.41 13.0 6.68 5.03 6.1 2.58 5.88 5.36 4.9 9.18 6.62 9.02 10.4 10.64 9.91 6.98 6.16 6.93 5.2
12.77 10.9 13.19 7.35 6.59 8.23 8.16 9.46 7.12 8.23 11.33 9.54 6.3 7.26 4.72 9.05 8.32 7.9 10.5 8.9 7.75 7.47 5.91 6.46 6.36 6.59 10.06 9.93 10.56 8.82 5.73 5.73 8.23 8.34 9.52 6.28 5.19 8.92 7.03 7.07 10.05 4.23 6.64 6.26 8.06 9.2 8.34 5.82 4.23 3.76 4.8 2.08 4.0 4.47 7.46 5.51 7.42 8.54 5.67 7.78 7.73 8.48 9.84 5.72
13.94 6.78 8.0 10.53 8.36 9.47 6.08 9.2 10.63 8.47 9.36 6.81 10.35 6.48 8.94 5.33 8.83 6.92 7.17 5.45 7.21 7.7 6.15 5.72 5.91 6.65 11.51 10.49 8.25 6.81 6.32 4.32 5.27 4.93 5.81 5.17 6.79 8.27 6.94 9.32 7.96 6.28 5.73 6.43 5.63 9.01 8.44 8.86 9.02 9.26 6.81 5.61 4.79 4.16 6.06 5.82 6.82 7.03 5.68 5.88 7.44 5.55 8.22 4.68
8.8 11.59 11.34 10.31 11.14 8.72 7.32 4.17 8.37 7.9 8.15 8.55 8.0 10.73 9.81 10.08 7.17 5.44 6.61 5.55 7.19 8.04 8.56 3.53 4.82 4.25 5.69 8.7 8.37 10.8 7.18 7.16 8.97 4.43 3.96 5.08 8.31 7.17 13.29 8.04 8.64 6.83 3.82 4.88 4.55 9.59 12.69 10.36 10.46 8.7 8.86 6.28 3.51 6.31 7.5 6.8 4.83 6.9 10.13 8.74 8.2 5.34 5.74 4.61
11.38 6.31 12.96 8.1 6.89 6.67 4.1 4.05 6.76 8.05 8.64 10.53 7.56 10.3 9.23 10.54 6.57 5.77 6.03 7.22 5.94 8.33 7.81 5.86 3.4 4.51 3.81 7.82 11.42 13.36 8.48 10.85 11.11 4.85 3.74 5.62 8.38 11.61 9.92 8.3 6.91 7.73 4.91 6.04 8.25 11.41 12.82 14.14 10.3 10.2 10.83 7.24 7.41 8.28 7.3 7.72 4.25 6.84 9.79 8.74 5.05 4.28 3.72 5.51
7.71 7.15 12.97 9.04 4.69 3.94 4.91 6.01 12.65 7.35 7.44 6.12 8.21 7.45 4.91 6.26 8.01 5.01 6.18 5.99 5.15 9.65 8.3 4.43 5.38 4.46 4.14 6.49 8.62 16.34 13.77 11.78 14.14 9.25 3.75 5.62 7.13 11.08 15.57 9.44 4.06 6.64 11.01 7.76 10.06 11.49 13.1 10.37 10.51 11.9 10.5 10.38 9.03 6.28 6.77 11.32 6.71 7.99 8.88 4.68 4.46 5.43 5.8 5.67
5.54 10.2 13.1 10.49 6.12 6.63 4.34 7.84 10.05 8.1 6.41 6.75 5.42 6.99 4.51 7.79 7.32 6.62 6.85 5.6 10.04 11.27 5.83 6.31 3.72 4.65 5.27 7.72 7.23 8.85 9.78 9.97 16.89 6.59 5.62 5.96 5.93 10.5 13.05 8.92 7.12 5.79 7.66 8.31 11.16 10.89 18.19 9.47 12.22 11.52 10.73 10.12 8.3 6.52 9.69 9.18 8.61 9.09 10.86 5.44 2.75 6.15 7.21 11.0
6.87 8.96 9.3 8.47 9.94 5.08 5.19 4.78 6.1 8.74 7.75 4.55 6.88 4.13 5.79 5.76 6.23 10.65 7.28 4.85 6.68 6.43 7.3 8.06 5.49 4.32 5.36 4.99 7.44 9.52 12.48 13.5 9.05 12.61 8.42 10.29 8.75 11.62 13.26 8.94 7.69 5.52 7.6 10.38 11.57 11.91 13.99 11.09 9.71 6.05 5.66 4.48 7.06 11.31 9.69 7.87 13.12 9.16 7.37 7.34 5.88 5.02 8.1 8.78
9.13 10.82 7.23 13.74 8.71 6.56 7.48 3.99 8.88 10.7 7.19 5.71 3.96 3.6 3.24 3.91 5.39 6.19 6.07 4.21 7.38 5.1 6.36 7.25 5.12 4.83 5.85 7.49 7.29 13.77 14.34 11.74 7.42 9.03 10.6 6.31 7.1 12.56 9.23 6.34 3.39 6.92 10.0 16.06 19.0 14.16 13.47 11.17 5.71 4.68 7.81 7.65 6.66 5.7 8.95 8.51 12.06 7.27 8.39 4.94 6.76 5.8 6.59 9.36
11.9 16.48 10.32 9.84 6.7 10.06 4.79 7.81 9.21 9.0 7.03 7.31 3.28 5.54 4.6 5.48 5.89 8.51 5.98 5.37 4.9 8.08 3.45 6.39 4.04 3.9 5.18 8.36 11.22 5.21 8.84 7.69 5.54 10.17 9.54 7.31 5.83 4.73 5.6 5.47 4.91 12.74 12.05 12.15 16.14 21.65 14.52 17.48 7.67 6.81 10.7 6.32 5.61 5.61 5.97 8.92 10.12 6.83 6.38 8.74 5.8 11.28 12.76 15.83
7.2 8.51 8.6 11.32 9.85 8.11 6.07 3.68 4.46 6.12 5.2 9.03 8.29 5.07 4.41 4.77 6.74 6.72 8.11 5.6 6.2 6.06 4.69 4.83 5.58 7.23 8.1 10.6 5.8 7.39 12.14 11.24 8.92 11.59 8.76 12.32 5.95 2.73 3.99 5.87 5.54 11.34 10.82 10.5 9.86 9.97 9.56 15.08 8.49 7.95 7.55 6.9 6.82 5.17 4.14 9.02 12.16 5.64 8.7 5.87 6.95 12.36 13.33 13.5
11.18 11.09 10.98 9.33 5.4 7.24 3.98 5.29 2.89 5.9 4.46 8.03 9.58 8.09 4.68 4.08 8.31 7.9 8.52 6.92 4.12 5.21 3.63 5.33 9.08 8.34 8.45 7.69 7.25 10.45 10.63 20.77 16.64 9.98 7.74 7.8 6.87 4.85 5.0 6.07 8.57 12.21 10.3 8.19 11.44 8.97 6.56 10.16 11.21 10.3 6.51 6.97 5.44 6.61 10.27 9.48 7.78 4.81 6.13 4.5 4.25 6.01 13.65 15.4
9.11 9.68 11.25 6.7 11.65 5.22 6.64 8.01 6.93 7.62 4.97 6.47 7.44 11.42 6.26 6.53 4.62 8.42 9.88 7.3 5.27 5.02 3.49 7.47 6.72 4.83 7.52 6.7 9.64 10.3 11.34 16.75 16.87 9.08 11.22 11.69 8.32 7.2 5.31 4.74 9.04 6.61 10.14 8.18 9.67 7.14 5.74 5.85 8.28 7.32 6.58 8.32 7.96 14.62 11.29 9.1 4.95 4.39 4.62 6.02 3.76 9.6 12.97 10.39
8.79 9.68 9.65 7.35 10.33 7.74 8.23 11.14 9.41 8.02 5.28 3.23 12.15 7.71 12.9 6.3 7.56 10.99 12.22 6.64 6.23 5.3 5.05 6.53 6.32 4.83 5.07 9.79 8.87 9.29 10.61 17.23 13.58 10.85 13.81 9.09 8.22 6.84 5.07 14.71 6.86 8.71 10.23 12.28 7.48 6.85 5.44 5.31 9.9 4.35 5.76 8.9 10.9 12.31 8.33 12.19 5.25 5.83 5.05 6.01 7.22 9.61 7.7 6.54
6.27 11.74 6.23 7.94 9.5 11.29 10.24 12.46 7.22 5.6 7.13 5.85 7.69 11.45 10.08 8.48 3.66 6.91 8.26 7.51 6.52 5.02 4.31 5.83 8.88 8.45 7.41 10.73 15.66 10.42 13.7 12.0 17.49 18.04 18.49 21.21 13.48 9.1 9.43 13.74 10.05 13.76 7.29 6.62 8.82 5.96 6.54 5.85 4.41 6.19 7.65 9.25 9.89 11.2 10.96 6.88 4.89 5.93 7.81 6.44 5.91 6.1 4.55 4.34
10.4 8.11 4.2 10.4 8.96 4.92 8.61 10.78 8.11 8.92 10.79 11.15 7.07 10.67 7.46 8.94 5.87 6.05 4.51 4.73 6.16 6.0 4.62 12.56 13.66 11.74 11.4 15.52 11.9 13.6 13.63 15.03 14.29 15.21 14.55 16.75 9.91 9.52 12.63 11.23 12.21 7.81 7.73 9.54 6.63 8.09 6.41 7.19 6.53 6.51 5.57 5.28 9.13 11.01 9.18 6.72 6.0 7.69 8.46 7.04 7.2 5.8 5.81 5.1
14.29 8.97 4.62 9.23 4.99 4.78 7.22 8.68 10.63 9.63 10.98 10.28 13.61 9.5 12.7 6.57 5.85 7.27 6.61 4.08 4.51 5.15 6.23 8.1 12.27 8.85 14.06 15.65 16.67 15.92 12.16 16.84 9.22 12.01 9.81 12.36 10.79 15.06 10.81 9.35 9.06 8.53 10.6 7.25 8.13 9.96 11.17 6.1 6.49 8.54 5.25 5.7 7.31 7.16 9.33 6.67 6.04 5.09 5.84 7.43 10.32 8.66 8.2 4.85
9.94 8.93 7.89 4.18 3.26 3.63 6.22 8.97 8.98 9.91 8.01 8.83 7.4 9.86 8.78 7.94 6.69 10.94 5.93 5.4 4.68 4.46 8.33 12.16 9.81 8.85 14.98 17.4 19.98 10.95 11.93 11.63 16.29 10.97 12.53 10.59 12.76 13.75 10.57 7.53 11.81 11.69 7.5 4.9 5.71 10.25 12.02 5.27 4.16 8.22 5.61 8.79 5.94 10.49 14.56 5.21 6.13 6.74 5.94 14.03 11.37 8.8 10.7 7.83
7.72 5.54 8.4 4.76 4.27 6.3 8.35 11.05 6.28 7.36 11.24 6.35 10.02 7.65 6.47 4.21 7.49 8.57 7.53 6.05 5.19 4.52 5.64 11.03 10.93 10.07 11.45 14.19 13.32 13.92 10.73 9.42 11.65 13.8 17.7 15.81 15.54 12.65 9.43 10.57 11.66 12.96 9.52 4.68 5.72 10.13 6.62 7.18 7.24 8.11 10.29 10.6 9.59 14.91 13.62 7.88 4.71 5.46 9.68 12.74 11.52 10.29 5.81 4.82
6.4 6.99 6.66 2.38 3.55 4.73 5.15 5.98 5.85 7.57 8.81 7.34 9.66 11.56 7.66 7.61 8.29 8.69 11.87 7.5 5.67 4.67 6.21 5.2 15.07 15.51 12.79 10.17 9.07 10.56 7.15 6.43 7.09 11.33 10.77 10.68 7.58 9.97 10.4 9.35 10.54 11.95 9.83 5.6 7.13 10.31 8.1 9.63 7.24 9.99 9.21 6.19 9.27 6.4 11.65 12.18 6.8 6.71 18.49 12.4 9.98 9.16 6.4 8.39
6.26 5.86 4.51 6.01 6.37 6.03 4.47 3.99 7.49 8.1 6.39 6.72 7.02 13.55 7.81 9.84 6.52 6.01 6.86 4.19 4.82 3.97 4.57 6.0 9.52 14.54 15.12 15.84 12.45 10.86 10.53 5.37 10.14 8.24 11.87 6.4 4.13 4.32 6.4 8.44 15.06 9.19 4.63 5.62 5.42 7.46 8.59 7.89 6.01 9.77 7.95 5.74 7.47 9.96 11.7 14.62 12.28 16.9 23.11 17.52 13.32 8.77 6.53 7.79
4.53 4.98 4.25 5.4 9.08 5.2 4.23 4.3 4.29 6.26 4.77 6.15 10.87 8.26 6.85 9.36 8.96 5.51 4.39 3.31 4.22 2.64 4.54 9.44 10.64 12.44 12.92 14.24 24.44 11.39 10.07 7.69 6.12 7.45 6.69 5.99 4.84 4.27 5.9 9.67 21.11 9.47 7.49 3.68 3.49 4.77 10.38 7.12 9.22 6.79 8.74 5.89 7.33 6.23 16.33 14.82 8.6 15.86 13.5 11.12 13.95 8.36 7.8 7.22
5.55 4.8 4.33 5.14 8.95 9.11 7.0 6.44 4.91 5.83 3.4 7.09 7.64 7.61 9.37 5.06 5.22 4.41 2.4 3.99 6.44 5.12 5.03 7.55 9.06 15.03 11.1 14.63 25.08 14.28 9.87 6.14 8.01 6.27 8.96 4.76 5.68 4.37 4.81 7.81 11.73 8.47 5.54 3.94 3.61 4.59 8.71 10.26 9.18 7.6 12.14 10.91 7.19 9.96 16.06 12.45 8.78 9.3 11.14 12.6 12.75 7.64 6.02 8.48
6.0 3.07 6.47 7.36 9.39 9.89 8.38 6.69 7.82 5.78 8.26 9.07 8.96 6.02 7.58 4.16 4.6 3.06 3.37 5.65 5.56 6.7 5.52 4.44 6.39 9.07 13.51 11.05 17.21 8.73 10.6 9.34 8.85 8.58 6.4 4.11 4.58 4.62 7.34 9.86 11.38 6.79 6.93 6.11 5.12 5.78 6.66 10.75 7.38 5.93 7.89 8.89 10.16 13.28 6.92 9.6 6.68 6.96 6.28 13.19 8.88 6.18 5.41 5.02
4.6 2.85 6.97 9.1 9.63 7.73 10.92 6.84 10.97 11.53 9.95 7.66 9.16 5.15 5.08 5.96 5.09 5.99 5.12 5.9 5.2 5.61 8.23 4.9 4.15 8.15 8.99 11.59 11.63 10.44 9.18 8.78 7.08 9.7 5.43 5.69 5.11 5.31 6.61 8.3 5.34 6.48 6.09 6.02 6.47 5.77 7.71 4.51 6.15 6.29 10.76 10.41 13.95 9.35 6.91 8.92 8.58 8.42 8.65 8.85 8.74 7.63 4.41 5.47
4.56 5.78 5.35 8.56 7.25 11.65 8.05 9.7 17.64 7.4 8.5 6.14 4.34 5.33 5.89 3.75 7.07 11.39 6.04 5.91 4.4 5.13 5.21 4.03 3.49 6.36 9.02 10.91 6.87 6.35 12.33 10.97 8.12 7.07 9.03 8.14 7.31 4.8 6.98 5.77 6.39 11.84 9.06 6.98 7.65 6.8 8.93 6.98 8.64 10.12 10.18 6.82 8.31 9.18 9.09 9.73 5.56 5.99 9.44 7.96 10.6 7.0 5.96 6.4
5.11 8.08 6.46 7.78 9.38 12.83 11.13 12.13 14.6 7.56 5.99 5.37 6.85 9.31 6.3 4.65 6.97 5.62 7.95 5.08 7.9 5.56 4.5 2.72 6.02 5.15 7.61 8.92 9.16 7.31 8.75 9.62 7.37 5.68 6.22 9.1 7.4 7.2 6.62 5.38 7.74 9.04 9.88 7.94 7.54 7.51 8.95 9.66 8.6 11.42 6.25 6.27 7.4 6.3 8.5 8.67 8.48 6.06 9.26 12.48 12.88 8.29 6.37 5.14
5.97 9.95 7.19 7.97 11.39 14.44 10.52 6.52 9.75 12.95 9.58 10.22 9.31 8.45 9.24 5.68 7.29 6.22 5.84 4.99 6.98 7.45 5.49 3.95 5.81 7.52 8.39 6.85 8.89 6.97 9.28 12.67 6.99 6.27 9.4 6.03 7.5 13.04 7.19 5.24 9.84 8.25 8.37 5.8 7.61 8.29 7.7 9.28 5.78 5.15 4.05 6.73 6.99 6.63 7.06 5.28 10.12 10.42 14.23 8.02 9.18 9.13 5.51 5.09
9.16 14.86 9.58 15.13 19.93 11.4 11.17 5.64 7.62 6.93 7.03 11.93 7.27 5.88 5.75 6.96 5.57 8.24 5.06 5.97 10.21 10.28 8.26 10.41 7.57 5.13 7.89 8.87 14.08 9.37 12.25 15.04 6.02 6.96 9.45 9.24 9.52 9.83 7.48 6.06 8.54 8.37 7.82 6.05 9.88 7.74 5.56 9.03 7.58 7.4 5.01 8.07 9.08 10.78 7.35 6.43 6.32 11.76 9.33 7.74 7.89 8.11 6.03 3.6
12.67 9.7 16.17 14.29 17.04 7.64 8.19 5.56 6.74 12.3 6.35 13.63 8.21 4.75 7.62 7.29 10.71 8.02 5.13 9.36 9.71 7.59 7.23 8.11 6.24 9.05 8.48 7.76 8.72 8.05 10.35 13.39 8.23 8.14 11.4 9.48 9.41 12.92 7.37 10.79 9.26 12.67 11.53 13.11 7.01 12.15 10.3 8.92 18.29 15.01 11.1 9.47 6.77 9.13 9.53 12.68 10.99 12.33 10.87 7.31 8.91 14.13 12.51 6.52
8.81 10.37 13.3 17.4 13.42 8.19 6.19 4.34 6.67 9.78 6.08 5.59 4.3 8.63 10.33 8.55 8.58 7.6 5.82 14.28 10.27 13.35 9.3 7.04 5.02 12.24 13.43 17.64 6.91 6.16 9.8 20.6 14.71 9.14 11.33 9.28 9.61 7.92 12.84 14.82 8.4 7.55 10.93 10.01 10.03 9.82 10.41 12.55 11.61 17.66 21.42 9.6 6.27 9.93 10.86 13.3 11.11 10.01 9.65 13.85 7.71 13.65 17.28 9.55
9.86 8.14 17.6 14.74 10.57 5.37 3.84 4.48 4.87 9.88 12.74 6.01 3.35 5.99 9.34 10.33 13.8 9.11 8.36 11.84 14.64 10.06 9.86 9.34 7.49 11.69 15.1 17.28 8.73 7.11 7.76 12.67 14.5 14.53 6.17 9.06 12.59 8.12 11.94 15.49 11.47 9.8 6.75 6.6 6.01 6.85 14.85 13.26 10.43 17.52 13.3 11.56 10.68 11.05 11.96 12.19 10.96 7.17 7.3 10.21 7.21 10.65 14.11 11.48
12.81 14.23 13.78 10.8 5.69 4.48 4.4 6.96 6.72 5.4 14.61 5.49 5.26 3.98 5.22 9.11 10.58 10.53 10.1 6.57 8.04 7.9 7.29 5.68 10.08 8.58 12.9 13.8 9.19 9.39 11.06 10.37 11.73 9.93 6.96 9.97 15.51 21.77 12.71 9.01 6.13 8.3 13.51 8.99 8.41 11.04 13.31 8.59 8.82 14.1 14.27 10.59 12.91 11.7 19.31 12.45 8.51 4.95 7.8 10.92 7.31 13.99 14.01 11.28
10.68 13.26 10.67 8.8 6.25 4.79 4.79 6.66 11.98 8.25 7.39 7.69 6.62 5.04 5.89 9.03 9.83 12.89 8.54 6.44 6.47 9.35 5.65 8.04 7.32 11.16 16.77 13.56 10.48 8.12 5.0 7.47 7.35 6.53 8.65 10.57 8.42 10.55 9.41 10.18 10.59 10.42 13.25 12.09 10.8 11.64 10.23 8.43 8.51 15.83 14.05 11.17 9.28 13.49 15.52 13.51 11.99 15.94 6.7 9.92 5.57 9.63 11.8 13.34
7.02 6.52 10.75 15.24 9.06 5.68 5.02 6.19 6.63 10.8 8.24 7.7 6.95 5.45 5.11 5.29 17.19 9.01 7.75 7.23 6.03 10.94 10.3 16.4 12.75 10.02 10.14 12.91 19.88 7.31 5.79 6.02 7.13 11.74 8.44 11.65 7.7 7.58 6.53 6.66 8.13 7.78 8.66 10.91 6.71 12.87 9.49 10.6 12.18 10.1 10.42 7.9 8.42 7.96 12.57 6.11 11.12 15.89 10.68 8.76 5.72 6.62 13.26 10.12
7.32 10.32 11.24 12.08 9.24 9.39 4.1 7.48 6.55 9.84 10.39 6.28 5.16 6.33 4.27 7.66 6.18 16.81 12.43 8.74 4.99 11.14 16.23 11.9 18.28 9.69 7.72 9.1 9.61 9.63 5.46 10.88 10.34 11.22 8.55 5.83 6.48 4.17 5.01 4.29 5.59 8.54 8.15 5.79 5.85 8.24 11.21 10.22 13.12 10.88 8.28 7.46 7.21 5.62 8.21 12.74 9.61 8.21 8.64 4.85 6.64 4.21 12.52 9.61
6.52 10.01 9.16 6.95 7.58 6.34 5.83 9.6 12.08 8.41 6.89 6.87 4.53 5.77 5.19 7.61 10.9 12.2 11.6 9.15 6.78 8.48 10.59 9.49 10.19 11.12 6.4 8.16 6.18 9.42 10.2 6.92 6.44 6.8 3.57 3.46 3.35 3.1 6.07 6.0 5.76 8.0 9.25 5.44 7.48 10.83 12.89 13.1 9.1 11.25 6.96 7.8 7.86 7.61 6.49 9.4 13.33 7.27 5.41 7.17 8.01 6.72 8.47 14.49
6.84 4.9 6.2 6.46 7.67 8.73 6.82 7.24 12.47 6.74 5.36 2.74 4.34 3.84 3.18 6.08 11.67 9.34 8.31 10.67 8.03 6.34 11.86 7.59 21.06 16.49 11.57 10.15 6.97 15.49 10.96 7.85 7.74 5.64 3.75 4.38 2.63 3.1 5.2 5.04 4.9 7.93 4.77 5.61 3.85 7.71 10.13 6.61 8.18 6.82 7.86 5.71 6.56 5.96 7.47 14.57 13.3 9.69 9.49 5.49 7.89 7.83 9.84 11.64
5.97 6.49 10.17 7.9 15.63 19.89 11.18 9.43 8.03 8.44 3.68 3.58 4.86 6.07 4.58 5.91 9.48 11.22 8.85 6.01 7.59 7.59 10.79 12.42 9.29 13.97 8.06 9.62 10.29 9.56 11.26 7.44 8.53 5.86 6.14 5.38 4.34 4.6 4.7 5.53 6.76 6.2 6.8 4.47 5.43 8.27 11.18 9.15 8.49 7.84 4.34 7.09 5.49 5.43 7.22 7.03 7.27 7.56 6.46 6.34 3.72 7.03 8.83 10.68
6.69 7.36 9.21 15.09 16.51 12.11 8.79 8.94 12.38 7.15 3.89 5.54 6.61 6.25 4.55 5.36 7.58 9.71 7.32 6.36 10.35 9.54 8.28 9.62 11.34 13.62 8.55 11.15 14.22 8.73 8.82 6.03 6.34 8.15 3.8 5.25 6.62 6.25 5.14 5.36 4.89 6.04 4.89 5.55 6.07 8.2 10.28 11.87 10.01 6.91 4.83 5.59 7.02 8.72 8.61 11.61 6.05 5.1 5.33 5.85 3.75 5.84 6.4 7.24
5.41 7.89 10.55 9.0 17.49 15.87 15.85 12.12 10.88 8.18 5.87 6.83 5.84 7.7 5.19 5.29 5.88 5.78 9.07 7.71 5.34 8.2 9.32 8.9 11.39 13.77 11.88 15.8 16.25 10.4 11.89 6.95 5.6 5.9 3.38 4.35 4.92 7.76 8.79 5.87 3.63 5.2 4.97 8.05 6.87 7.84 7.23 5.69 7.12 5.36 6.67 6.55 7.55 8.71 11.99 14.3 5.82 5.27 6.05 4.13 8.85 4.92 6.08 8.91
