x y z_datum Time Well_no H2O H O Charge Al C Ca Cl Fe K Mg Na S Si U pH pe Alkalinity
3.1381000E+02 2.5927000E+02 8.6700000E+00 0.0000000E+00 10 9.9704301E-01 7.2098600E-06 6.6484776E-04 -3.2324431E-06 0.0000000E+00 1.0067647E-04 6.3262499E-05 4.3211171E-04 0.0000000E+00 2.8240956E-04 5.5605062E-05 2.2967748E-04 1.4127542E-04 0.0000000E+00 0.0000000E+00 7.0300000E+00 1.1068788E+01 7.1999443E-03
3.1381000E+02 2.5927000E+02 8.6700000E+00 5.0000000E+00 10 5.5328891E+01 1.8762726E-02 6.1796220E-02 -3.0351184E-03 0.0000000E+00 7.3144823E-03 1.3774591E-03 1.0636077E-02 0.0000000E+00 6.3031832E-03 1.9964439E-03 8.7180958E-03 1.0212039E-02 0.0000000E+00 0.0000000E+00 2.4107936E+00 1.7968541E+01 -6.2753623E-03
3.1381000E+02 2.5927000E+02 8.6700000E+00 1.0000000E+01 10 5.5310483E+01 3.2401762E-02 1.0451653E-01 -2.7490885E-03 1.0687569E-03 7.9000342E-03 3.2189569E-03 8.3860710E-03 1.4920386E-05 5.4965519E-03 1.5741068E-03 7.4100696E-03 1.8642233E-02 3.1957207E-03 1.5433935E-05 2.0141700E+00 1.8408676E+01 -1.7237232E-02
3.1381000E+02 2.5927000E+02 8.6700000E+00 1.5000000E+01 10 5.5287751E+01 5.7361316E-02 1.5344204E-01 -2.4958148E-03 2.6895412E-03 8.1695181E-03 4.6005556E-03 6.3937362E-03 3.5639862E-05 5.1264887E-03 1.2001357E-03 6.5770359E-03 2.6107635E-02 8.0381016E-03 3.8405638E-05 1.8847187E+00 1.8557752E+01 -2.4724650E-02
3.1381000E+02 2.5927000E+02 8.6700000E+00 2.0000000E+01 10 5.5269052E+01 7.9269419E-02 1.9362615E-01 -2.3043592E-03 4.1406847E-03 8.3292355E-03 5.6009468E-03 4.8876831E-03 5.6489969E-05 4.9649014E-03 9.1744216E-04 6.0528356E-03 3.1751370E-02 1.2371784E-02 5.8982650E-05 1.8246745E+00 1.8627157E+01 -2.9561554E-02
3.1381000E+02 2.5927000E+02 8.6700000E+00 2.5000000E+01 10 5.5255383E+01 9.5667479E-02 2.2337600E-01 -2.1691306E-03 5.2719365E-03 8.4596742E-03 6.3251687E-03 3.8239305E-03 7.3987979E-05 4.9064250E-03 7.1777056E-04 5.7320873E-03 3.5737921E-02 1.5749344E-02 7.4873528E-05 1.7948409E+00 1.8661491E+01 -3.2513864E-02
3.1381000E+02 2.5927000E+02 8.6700000E+00 3.0000000E+01 10 5.5245795E+01 1.0731179E-01 2.4456827E-01 -2.0759867E-03 6.1039833E-03 8.5836276E-03 6.8581136E-03 3.0912292E-03 8.7589224E-05 4.8937009E-03 5.8023892E-04 5.5359144E-03 3.8483977E-02 1.8233252E-02 8.6363525E-05 1.7797608E+00 1.8678754E+01 -3.4265617E-02
3.1381000E+02 2.5927000E+02 8.6700000E+00 3.5000000E+01 10 5.5239139E+01 1.1544815E-01 2.5951097E-01 -2.0119781E-03 6.7014278E-03 8.7043136E-03 7.2598583E-03 2.5877172E-03 9.7685515E-05 4.8982266E-03 4.8572724E-04 5.4132515E-03 4.0371163E-02 2.0016699E-02 9.4434989E-05 1.7721948E+00 1.8687403E+01 -3.5294650E-02
3.1381000E+02 2.5927000E+02 8.6700000E+00 4.0000000E+01 10 5.5234501E+01 1.2112917E-01 2.7009190E-01 -1.9675129E-03 7.1277469E-03 8.8200632E-03 7.5708533E-03 2.2379385E-03 1.0504314E-04 4.9071241E-03 4.2007206E-04 5.3334812E-03 4.1682212E-02 2.1289307E-02 1.0005570E-04 1.7685195E+00 1.8691630E+01 -3.5899986E-02
3.1381000E+02 2.5927000E+02 8.6700000E+00 4.5000000E+01 10 5.5231229E+01 1.2512938E-01 2.7768094E-01 -1.9360432E-03 7.4332088E-03 8.9289413E-03 7.8179135E-03 1.9903876E-03 1.1037295E-04 4.9152575E-03 3.7360554E-04 5.2789114E-03 4.2610130E-02 2.2201170E-02 1.0398122E-04 1.7668643E+00 1.8693580E+01 -3.6259321E-02
3.1381000E+02 2.5927000E+02 8.6700000E+00 5.0000000E+01 10 5.5228879E+01 1.2798592E-01 2.8322260E-01 -1.9132503E-03 7.6543888E-03 9.0297986E-03 8.0188533E-03 1.8110914E-03 1.1424324E-04 4.9210321E-03 3.3995077E-04 5.2394599E-03 4.3282233E-02 2.2861471E-02 1.0675137E-04 1.7662501E+00 1.8694362E+01 -3.6475795E-02
3.1381000E+02 2.5927000E+02 8.6700000E+00 5.5000000E+01 10 5.5227156E+01 1.3006203E-01 2.8735445E-01 -1.8963186E-03 7.8169004E-03 9.1222539E-03 8.1856553E-03 1.6779006E-03 1.1707953E-04 4.9243307E-03 3.1495020E-04 5.2093805E-03 4.3781531E-02 2.3346660E-02 1.0873590E-04 1.7661616E+00 1.8694550E+01 -3.6608767E-02
3.1381000E+02 2.5927000E+02 8.6700000E+00 6.0000000E+01 10 5.5225865E+01 1.3160111E-01 2.9050428E-01 -1.8834108E-03 7.9383772E-03 9.2064587E-03 8.3265375E-03 1.5763639E-03 1.1918813E-04 4.9255540E-03 2.9589126E-04 5.1853598E-03 4.4162182E-02 2.3709366E-02 1.1018293E-04 1.7663273E+00 1.8694449E+01 -3.6692429E-02
3.1381000E+02 2.5927000E+02 8.6700000E+00 6.5000000E+01 10 5.5224874E+01 1.3276623E-01 2.9295987E-01 -1.8733187E-03 8.0308949E-03 9.2828724E-03 8.4472650E-03 1.4969764E-03 1.2078749E-04 4.9252136E-03 2.8098983E-04 5.1654440E-03 4.4459810E-02 2.3985627E-02 1.1125907E-04 1.7666049E+00 1.8694218E+01 -3.6746617E-02
3.1381000E+02 2.5927000E+02 8.6700000E+00 6.6000000E+01 10 5.5218915E+01 1.4458662E-01 3.2145642E-01 -1.8714042E-03 1.0077299E-02 1.1287356E-02 1.0460155E-02 1.4819160E-03 1.3934730E-04 5.9414068E-03 2.7816291E-04 6.1615183E-03 4.4533357E-02 3.0099109E-02 1.4390143E-04 1.9572283E+00 1.8391610E+01 -2.4566037E-02
3.1381000E+02 2.5927000E+02 8.6700000E+00 6.7000000E+01 10 5.5218803E+01 1.4466089E-01 3.2156470E-01 -1.8695856E-03 1.0070839E-02 1.1274808E-02 1.0455592E-02 1.4676100E-03 1.4107524E-04 5.9303731E-03 2.7547762E-04 6.1457528E-03 4.4585914E-02 3.0079463E-02 1.4175964E-04 1.9544889E+00 1.8406510E+01 -2.4722758E-02
3.1381000E+02 2.5927000E+02 8.6700000E+00 7.2000000E+01 10 5.5221230E+01 1.3378342E-01 2.9545214E-01 -1.8320670E-03 7.9282059E-03 9.2313341E-03 8.4444456E-03 1.4096976E-03 1.2159091E-04 4.8220467E-03 2.6460717E-04 5.0432666E-03 4.5308595E-02 2.3678796E-02 1.0768519E-04 1.7411436E+00 1.8873095E+01 -3.8990261E-02
3.1381000E+02 2.5927000E+02 8.6700000E+00 7.7000000E+01 10 5.5216006E+01 1.3637205E-01 3.0108879E-01 -1.7844089E-03 8.0397346E-03 9.2752668E-03 8.5151015E-03 1.3618234E-03 1.3454852E-04 4.8510379E-03 2.5562094E-04 5.0572095E-03 4.6235255E-02 2.4011428E-02 1.3498400E-04 1.7286159E+00 1.8950169E+01 -4.0285400E-02
3.1381000E+02 2.5927000E+02 8.6700000E+00 8.2000000E+01 10 5.5211061E+01 1.3922616E-01 3.0719083E-01 -1.7418756E-03 8.2214960E-03 9.3585646E-03 8.6209065E-03 1.3215020E-03 1.5269654E-04 4.9204921E-03 2.4805242E-04 5.1109667E-03 4.7068863E-02 2.4553510E-02 1.6733985E-04 1.7228579E+00 1.8989367E+01 -4.1014468E-02
3.1381000E+02 2.5927000E+02 8.6700000E+00 8.7000000E+01 10 5.5207169E+01 1.4161553E-01 3.1230843E-01 -1.7089948E-03 8.3900392E-03 9.4453875E-03 8.7270018E-03 1.2869760E-03 1.6999382E-04 4.9865100E-03 2.4157172E-04 5.1632561E-03 4.7723921E-02 2.5056193E-02 1.9561436E-04 1.7202637E+00 1.9010335E+01 -4.1431048E-02
3.1381000E+02 2.5927000E+02 8.6700000E+00 9.1000000E+01 10 5.5203302E+01 1.4607812E-01 3.2246800E-01 -1.6886473E-03 9.0051478E-03 9.9564936E-03 9.2518375E-03 1.2623794E-03 1.9329165E-04 5.2826371E-03 2.3695482E-04 5.4431151E-03 4.8151892E-02 2.6892752E-02 2.3184722E-04 1.7544606E+00 1.8980851E+01 -3.8713314E-02
3.1381000E+02 2.5927000E+02 8.6700000E+00 9.2000000E+01 10 5.5198254E+01 1.5549237E-01 3.4482081E-01 -1.6839216E-03 1.0599483E-02 1.1440336E-02 1.0739012E-02 1.2564094E-03 2.3103220E-04 6.0796278E-03 2.3583422E-04 6.2216774E-03 4.8303202E-02 3.1655056E-02 2.9734365E-04 1.8857979E+00 1.8834704E+01 -2.9467537E-02
3.1381000E+02 2.5927000E+02 8.6700000E+00 9.7000000E+01 10 5.5198475E+01 1.4455061E-01 3.1973928E-01 -2.1598040E-03 8.4189225E-03 9.4400812E-03 8.7534300E-03 1.2301240E-03 1.9186686E-04 4.9693767E-03 2.3090033E-04 5.1283429E-03 4.9365463E-02 2.5141570E-02 2.2383485E-04 1.6964104E+00 1.9061777E+01 -4.4083249E-02
3.1381000E+02 2.5927000E+02 8.6700000E+00 1.0200000E+02 10 5.5190738E+01 1.4752027E-01 3.2723666E-01 -2.8268819E-03 8.5598493E-03 9.4936751E-03 8.8200870E-03 1.2067218E-03 2.0303249E-04 5.0281710E-03 2.2650761E-04 5.1761315E-03 5.0719573E-02 2.5561764E-02 2.4311040E-04 1.6871422E+00 1.9083493E+01 -4.5411081E-02
3.1381000E+02 2.5927000E+02 8.6700000E+00 1.0700000E+02 10 5.5183799E+01 1.5049029E-01 3.3453400E-01 -3.4290512E-03 8.7410870E-03 9.5724193E-03 8.9105741E-03 1.1856844E-03 2.1479668E-04 5.1089967E-03 2.2255880E-04 5.2451839E-03 5.1905430E-02 2.6102177E-02 2.6080897E-04 1.6826227E+00 1.9096884E+01 -4.6256353E-02
3.1381000E+02 2.5927000E+02 8.6700000E+00 1.1200000E+02 10 5.5178455E+01 1.5290037E-01 3.4040895E-01 -3.8876582E-03 8.9011914E-03 9.6496955E-03 8.9984966E-03 1.1666119E-03 2.2543203E-04 5.1800439E-03 2.1897878E-04 5.3058617E-03 5.2816153E-02 2.6579601E-02 2.7536321E-04 1.6804525E+00 1.9104829E+01 -4.6787244E-02
3.1381000E+02 2.5927000E+02 8.6700000E+00 1.1700000E+02 10 5.5174594E+01 1.5470584E-01 3.4480252E-01 -4.2120958E-03 9.0262542E-03 9.7168804E-03 9.0754059E-03 1.1491907E-03 2.3426742E-04 5.2340178E-03 2.1570874E-04 5.3512303E-03 5.3479412E-02 2.6952552E-02 2.8651792E-04 1.6794033E+00 1.9109539E+01 -4.7124221E-02
3.1381000E+02 2.5927000E+02 8.6700000E+00 1.2200000E+02 10 5.5171856E+01 1.5602658E-01 3.4802083E-01 -4.4351211E-03 9.1201347E-03 9.7735485E-03 9.1410156E-03 1.1331720E-03 2.4132978E-04 5.2727839E-03 2.1270196E-04 5.3828930E-03 5.3956440E-02 2.7232532E-02 2.9478648E-04 1.6789042E+00 1.9112358E+01 -4.7341994E-02
3.1381000E+02 2.5927000E+02 8.6700000E+00 1.2400000E+02 10 5.5165960E+01 1.6649597E-01 3.7212036E-01 -4.5103540E-03 1.0843348E-02 1.1236592E-02 1.0607518E-02 1.1269745E-03 2.8706489E-04 6.1379469E-03 2.1153865E-04 6.2203215E-03 5.4187317E-02 3.2378432E-02 3.6957198E-04 1.7911142E+00 1.8989012E+01 -3.7669918E-02
3.1381000E+02 2.5927000E+02 8.6700000E+00 1.2500000E+02 10 5.5164109E+01 1.6956808E-01 3.7939967E-01 -4.5447564E-03 1.1349161E-02 1.1704545E-02 1.1077173E-02 1.1239265E-03 3.0105553E-04 6.3906021E-03 2.1096653E-04 6.4657894E-03 5.4282632E-02 3.3889099E-02 3.8897510E-04 1.8299161E+00 1.8947046E+01 -3.4800140E-02
3.1381000E+02 2.5927000E+02 8.6700000E+00 1.3000000E+02 10 5.5169517E+01 1.5634374E-01 3.4939836E-01 -4.6592841E-03 9.0607949E-03 9.7539887E-03 9.1350496E-03 1.1088189E-03 2.4639431E-04 5.2292758E-03 2.0813076E-04 5.3328857E-03 5.4469112E-02 2.7054938E-02 2.9188259E-04 1.6697868E+00 1.9125162E+01 -4.8420733E-02
3.1381000E+02 2.5927000E+02 8.6700000E+00 1.3100000E+02 10 5.5162482E+01 1.7012861E-01 3.8100949E-01 -4.6802990E-03 1.1364332E-02 1.1730048E-02 1.1112785E-02 1.1058170E-03 3.0655094E-04 6.3878436E-03 2.0756729E-04 6.4580279E-03 5.4618317E-02 3.3934372E-02 3.9874966E-04 1.8257251E+00 1.8951978E+01 -3.5196878E-02
3.1381000E+02 2.5927000E+02 8.6700000E+00 1.3200000E+02 10 5.5162234E+01 1.7022427E-01 3.8118873E-01 -4.6996871E-03 1.1364439E-02 1.1722053E-02 1.1106486E-02 1.1027783E-03 3.0647996E-04 6.3867888E-03 2.0699691E-04 6.4547292E-03 5.4662425E-02 3.3934354E-02 3.9279641E-04 1.8245794E+00 1.8954439E+01 -3.5293169E-02
3.1381000E+02 2.5927000E+02 8.6700000E+00 1.3700000E+02 10 5.5161927E+01 1.5833246E-01 3.5526956E-01 -5.8124325E-03 9.0798162E-03 9.7726893E-03 9.1656070E-03 1.0875777E-03 2.5055770E-04 5.2271441E-03 2.0414369E-04 5.3237508E-03 5.5994984E-02 2.7111410E-02 2.9505489E-04 1.6578797E+00 1.9116931E+01 -5.0206349E-02
3.1381000E+02 2.5927000E+02 8.6700000E+00 1.4200000E+02 10 5.5151846E+01 1.6193360E-01 3.6468155E-01 -7.3411676E-03 9.2769736E-03 9.8779976E-03 9.2789453E-03 1.0731921E-03 2.5026609E-04 5.3195202E-03 2.0144343E-04 5.4065789E-03 5.7887183E-02 2.7699598E-02 2.9772714E-04 1.6527151E+00 1.9084290E+01 -5.1471828E-02
3.1381000E+02 2.5927000E+02 8.6700000E+00 1.4700000E+02 10 5.5142438E+01 1.6562175E-01 3.7399651E-01 -8.7419149E-03 9.5143084E-03 1.0005616E-02 9.4139823E-03 1.0599023E-03 2.4424147E-04 5.4332469E-03 1.9894887E-04 5.5093920E-03 5.9601096E-02 2.8407540E-02 2.8742679E-04 1.6507765E+00 1.9039723E+01 -5.2332986E-02
3.1381000E+02 2.5927000E+02 8.6700000E+00 1.5200000E+02 10 5.5135026E+01 1.6863496E-01 3.8151600E-01 -9.8316654E-03 9.7176503E-03 1.0121130E-02 9.5363148E-03 1.0476869E-03 2.3451538E-04 5.5302169E-03 1.9665598E-04 5.5967739E-03 6.0930764E-02 2.9014080E-02 2.6865121E-04 1.6500477E+00 1.8990476E+01 -5.2914057E-02
3.1381000E+02 2.5927000E+02 8.6700000E+00 1.5700000E+02 10 5.5129590E+01 1.7089110E-01 3.8711212E-01 -1.0620470E-02 9.8726858E-03 1.0215314E-02 9.6367912E-03 1.0364129E-03 2.2357697E-04 5.6030230E-03 1.9453981E-04 5.6617600E-03 6.1896191E-02 2.9476535E-02 2.4645915E-04 1.6497324E+00 1.8941992E+01 -5.3308398E-02
3.1381000E+02 2.5927000E+02 8.6700000E+00 1.6200000E+02 10 5.5125704E+01 1.7253185E-01 3.9116706E-01 -1.1175495E-02 9.9863998E-03 1.0289800E-02 9.7171285E-03 1.0259307E-03 2.1315608E-04 5.6551683E-03 1.9257223E-04 5.7075588E-03 6.2581895E-02 2.9815737E-02 2.2454756E-04 1.6495708E+00 1.8899007E+01 -5.3578302E-02
3.1381000E+02 2.5927000E+02 8.6700000E+00 1.6700000E+02 10 5.5122929E+01 1.7372392E-01 3.9410911E-01 -1.1564144E-02 1.0069499E-02 1.0348960E-02 9.7817714E-03 1.0161092E-03 2.0413201E-04 5.6920599E-03 1.9072869E-04 5.7391919E-03 6.3070284E-02 3.0063619E-02 2.0502398E-04 1.6494826E+00 1.8865156E+01 -5.3765230E-02
3.1381000E+02 2.5927000E+02 8.6700000E+00 1.6800000E+02 10 5.5115321E+01 1.8820899E-01 4.2654019E-01 -1.1635745E-02 1.2442040E-02 1.2311190E-02 1.1745084E-02 1.0141703E-03 2.2663746E-04 6.8880926E-03 1.9036475E-04 6.8965656E-03 6.3182289E-02 3.7148448E-02 2.4378405E-04 1.7910169E+00 1.8632659E+01 -4.0331593E-02
3.1381000E+02 2.5927000E+02 8.6700000E+00 1.6900000E+02 10 5.5114903E+01 1.8829481E-01 4.2674729E-01 -1.1701722E-02 1.2435675E-02 1.2298558E-02 1.1733520E-02 1.0122559E-03 2.2652718E-04 6.8845233E-03 1.9000541E-04 6.8909206E-03 6.3263825E-02 3.7129060E-02 2.3587743E-04 1.7893554E+00 1.8633910E+01 -4.0496318E-02
3.1381000E+02 2.5927000E+02 8.6700000E+00 1.7400000E+02 10 5.5127771E+01 1.6738218E-01 3.8939283E-01 -1.5640085E-02 9.9448480E-03 1.0280546E-02 9.7205616E-03 1.0032026E-03 1.9337008E-04 5.6221438E-03 1.8830605E-04 5.6669789E-03 6.2322656E-02 2.9691155E-02 1.7691442E-04 1.6996656E+00 1.8791684E+01 -4.8853240E-02
3.1381000E+02 2.5927000E+02 8.6700000E+00 1.7500000E+02 10 5.5122916E+01 1.7849837E-01 4.1760422E-01 -1.6581397E-02 1.2077591E-02 1.2219838E-02 1.1660853E-02 1.0014119E-03 2.1257418E-04 6.6930493E-03 1.8796995E-04 6.7124593E-03 6.2102693E-02 3.6061725E-02 2.1162530E-04 1.8646546E+00 1.8527215E+01 -3.4894997E-02
3.1381000E+02 2.5927000E+02 8.6700000E+00 1.7600000E+02 10 5.5124984E+01 1.7602072E-01 4.1503841E-01 -1.7659821E-02 1.1965631E-02 1.2192198E-02 1.1634202E-02 9.9964073E-04 2.1133463E-04 6.6343767E-03 1.8763748E-04 6.6576850E-03 6.1811355E-02 3.5727874E-02 2.0504737E-04 1.8815921E+00 1.8514897E+01 -3.3740573E-02
3.1381000E+02 2.5927000E+02 8.6700000E+00 1.8100000E+02 10 5.5082187E+01 1.6901505E-01 4.1816174E-01 -2.7753949E-02 9.3953764E-03 1.0178580E-02 9.6252910E-03 9.9120769E-04 1.7831238E-04 5.3298783E-03 1.8605456E-04 5.3984586E-03 7.1214653E-02 2.8053981E-02 1.5435815E-04 1.6587058E+00 1.8823079E+01 -5.7078787E-02
3.1381000E+02 2.5927000E+02 8.6700000E+00 1.8600000E+02 10 5.5004360E+01 1.8795744E-01 4.7743950E-01 -3.8653664E-02 9.5604784E-03 1.0221445E-02 9.6726537E-03 9.8315004E-04 1.7494720E-04 5.4109649E-03 1.8454210E-04 5.4694494E-03 8.5528862E-02 2.8545990E-02 1.5144949E-04 1.5675843E+00 1.8904129E+01 -7.4305441E-02
3.1381000E+02 2.5927000E+02 8.6700000E+00 1.9100000E+02 10 5.4929574E+01 2.0993022E-01 5.3814584E-01 -4.7848140E-02 1.0126050E-02 1.0303967E-02 9.7594856E-03 9.7543006E-04 1.7933219E-04 5.7023996E-03 1.8309302E-04 5.7263938E-03 9.8987543E-02 3.0230119E-02 1.5316138E-04 1.5035232E+00 1.8961150E+01 -8.9858773E-02
3.1381000E+02 2.5927000E+02 8.6700000E+00 1.9600000E+02 10 5.4870014E+01 2.2919124E-01 5.8851399E-01 -5.4760321E-02 1.0794765E-02 1.0389326E-02 9.8489820E-03 9.6801703E-04 1.8755822E-04 6.0486069E-03 1.8170156E-04 6.0307597E-03 1.0955219E-01 3.2220912E-02 1.5613918E-04 1.4641054E+00 1.8996127E+01 -1.0145078E-01
3.1381000E+02 2.5927000E+02 8.6700000E+00 2.0100000E+02 10 5.4826316E+01 2.4423004E-01 6.2663797E-01 -5.9694552E-02 1.1409798E-02 1.0465735E-02 9.9293719E-03 9.6088524E-04 1.9679700E-04 6.3670239E-03 1.8036288E-04 6.3101425E-03 1.1721903E-01 3.4051681E-02 1.5887521E-04 1.4406389E+00 1.9016988E+01 -1.0940478E-01
3.1381000E+02 2.5927000E+02 8.6700000E+00 2.0600000E+02 10 5.4795310E+01 2.5540703E-01 6.5440942E-01 -6.3153156E-02 1.1920549E-02 1.0532306E-02 9.9997791E-03 9.5401262E-04 2.0557139E-04 6.6308448E-03 1.7907286E-04 6.5413974E-03 1.2261112E-01 3.5571989E-02 1.6098087E-04 1.4267625E+00 1.9029369E+01 -1.1467359E-01
3.1381000E+02 2.5927000E+02 8.6700000E+00 2.1100000E+02 10 5.4773485E+01 2.6356744E-01 6.7442334E-01 -6.5579065E-02 1.2326290E-02 1.0591096E-02 1.0062272E-02 9.4737997E-04 2.1329852E-04 6.8395810E-03 1.7782788E-04 6.7243186E-03 1.2637903E-01 3.6779773E-02 1.6248070E-04 1.4185545E+00 1.9036708E+01 -1.1812546E-01
3.1381000E+02 2.5927000E+02 8.6700000E+00 2.1600000E+02 10 5.4758023E+01 2.6952461E-01 6.8891712E-01 -6.7300875E-02 1.2643400E-02 1.0644243E-02 1.0118997E-02 9.4097031E-04 2.1986737E-04 7.0017480E-03 1.7662476E-04 6.8665689E-03 1.2903274E-01 3.7723814E-02 1.6350489E-04 1.4136966E+00 1.9041048E+01 -1.2039275E-01
3.1381000E+02 2.5927000E+02 8.6700000E+00 2.2100000E+02 10 5.4746902E+01 2.7391671E-01 6.9956155E-01 -6.8545747E-02 1.2890990E-02 1.0693302E-02 1.0171517E-02 9.3476855E-04 2.2537478E-04 7.1273682E-03 1.7546065E-04 6.9769921E-03 1.3093266E-01 3.8461002E-02 1.6418504E-04 1.4108308E+00 1.9043595E+01 -1.2189786E-01
3.1381000E+02 2.5927000E+02 8.6700000E+00 2.2600000E+02 10 5.4738741E+01 2.7720695E-01 7.0753171E-01 -6.9466063E-02 1.3085767E-02 1.0739271E-02 1.0220839E-02 9.2876113E-04 2.2997772E-04 7.2252616E-03 1.7433303E-04 7.0632517E-03 1.3232249E-01 3.9041047E-02 1.6462575E-04 1.4091589E+00 1.9045063E+01 -1.2291280E-01
3.1381000E+02 2.5927000E+02 8.6700000E+00 2.3100000E+02 10 5.4732613E+01 2.7971914E-01 7.1363225E-01 -7.0163006E-02 1.3240844E-02 1.0782761E-02 1.0267581E-02 9.2293584E-04 2.3383412E-04 7.3023776E-03 1.7323960E-04 7.1313288E-03 1.3336415E-01 3.9502957E-02 1.6490305E-04 1.4082073E+00 1.9045881E+01 -1.2361053E-01
3.1381000E+02 2.5927000E+02 8.6700000E+00 2.3600000E+02 10 5.4727900E+01 2.8167631E-01 7.1840933E-01 -7.0703823E-02 1.3366031E-02 1.0824135E-02 1.0312112E-02 9.1728166E-04 2.3708751E-04 7.3639201E-03 1.7217828E-04 7.1856907E-03 1.3416487E-01 3.9875917E-02 1.6507049E-04 1.4076924E+00 1.9046305E+01 -1.2410088E-01
3.1381000E+02 2.5927000E+02 8.6700000E+00 2.4100000E+02 10 5.4724190E+01 2.8323192E-01 7.2223445E-01 -7.1133542E-02 1.3468541E-02 1.0863613E-02 1.0354655E-02 9.1178858E-04 2.3986001E-04 7.4137103E-03 1.7114720E-04 7.2296203E-03 1.3479598E-01 4.0181376E-02 1.6516502E-04 1.4074421E+00 1.9046495E+01 -1.2445394E-01
3.1381000E+02 2.5927000E+02 8.6700000E+00 2.4600000E+02 10 5.4721201E+01 2.8449233E-01 7.2536240E-01 -7.1482662E-02 1.3553653E-02 1.0901327E-02 1.0395351E-02 9.0644753E-04 2.4224918E-04 7.4545378E-03 1.7014466E-04 7.2655293E-03 1.3530544E-01 4.0435040E-02 1.6521191E-04 1.4073513E+00 1.9046544E+01 -1.2471485E-01
3.1381000E+02 2.5927000E+02 8.6700000E+00 2.5100000E+02 10 5.4718744E+01 2.8553206E-01 7.2797018E-01 -7.1772141E-02 1.3625257E-02 1.0937367E-02 1.0434292E-02 9.0125025E-04 2.4433101E-04 7.4884480E-03 1.6916910E-04 7.2952010E-03 1.3572589E-01 4.0648483E-02 1.6522852E-04 1.4073555E+00 1.9046512E+01 -1.2491295E-01
3.1381000E+02 2.5927000E+02 8.6700000E+00 2.5600000E+02 10 5.4716684E+01 2.8640411E-01 7.3018258E-01 -7.2016608E-02 1.3686248E-02 1.0971800E-02 1.0471550E-02 8.9618921E-04 2.4616404E-04 7.5169531E-03 1.6821912E-04 7.3199704E-03 1.3607987E-01 4.0830312E-02 1.6522633E-04 1.4074149E+00 1.9046435E+01 -1.2506754E-01
3.1381000E+02 2.5927000E+02 8.6700000E+00 2.6100000E+02 10 5.4714927E+01 2.8714664E-01 7.3208896E-01 -7.2226444E-02 1.3738799E-02 1.1004682E-02 1.0507185E-02 8.9125753E-04 2.4779372E-04 7.5411820E-03 1.6729342E-04 7.3408468E-03 1.3638325E-01 4.0986997E-02 1.6521335E-04 1.4075047E+00 1.9046336E+01 -1.2519146E-01
3.1381000E+02 2.5927000E+02 8.6700000E+00 2.6400000E+02 10 5.4708994E+01 2.9754283E-01 7.5301064E-01 -7.2341695E-02 1.5285879E-02 1.1932021E-02 1.1436151E-02 8.8834369E-04 2.6500508E-04 8.3309795E-03 1.6674648E-04 8.0809778E-03 1.3655675E-01 4.5602161E-02 1.8531232E-04 1.4443510E+00 1.8965781E+01 -1.1723409E-01
3.1381000E+02 2.5927000E+02 8.6700000E+00 2.6500000E+02 10 5.4703747E+01 3.0759027E-01 7.7315014E-01 -7.2378990E-02 1.6800493E-02 1.2870255E-02 1.2374924E-02 8.8737738E-04 2.7958287E-04 9.1040899E-03 1.6656510E-04 8.8086762E-03 1.3661695E-01 5.0121121E-02 2.0420899E-04 1.4833981E+00 1.8860542E+01 -1.0923753E-01
3.1381000E+02 2.5927000E+02 8.6700000E+00 2.7000000E+02 10 5.4711713E+01 2.8979711E-01 7.3825799E-01 -7.2514986E-02 1.4078809E-02 1.1246741E-02 1.0753368E-02 8.8386986E-04 2.5825097E-04 7.7108479E-03 1.6590672E-04 7.4978536E-03 1.3679968E-01 4.2001211E-02 1.6612410E-04 1.4143621E+00 1.9037231E+01 -1.2386820E-01
3.1381000E+02 2.5927000E+02 8.6700000E+00 2.7500000E+02 10 5.4709125E+01 2.9333248E-01 7.4561419E-01 -7.2641416E-02 1.4578343E-02 1.1571029E-02 1.1080013E-02 8.7964598E-04 2.6302116E-04 7.9634181E-03 1.6511388E-04 7.7347652E-03 1.3698633E-01 4.3491633E-02 1.7303808E-04 1.4258394E+00 1.9012487E+01 -1.2142311E-01
3.1381000E+02 2.5927000E+02 8.6700000E+00 2.8000000E+02 10 5.4706845E+01 2.9630782E-01 7.5192238E-01 -7.2763376E-02 1.4997371E-02 1.1859951E-02 1.1371658E-02 8.7476786E-04 2.6834751E-04 8.1741954E-03 1.6419823E-04 7.9327771E-03 1.3716733E-01 4.4742012E-02 1.7665485E-04 1.4356823E+00 1.8995337E+01 -1.1937383E-01
3.1381000E+02 2.5927000E+02 8.6700000E+00 2.8500000E+02 10 5.4704992E+01 2.9852738E-01 7.5682232E-01 -7.2877533E-02 1.5310361E-02 1.2100293E-02 1.1614757E-02 8.6982932E-04 2.7312579E-04 8.3303807E-03 1.6327124E-04 8.0802228E-03 1.3733698E-01 4.5676206E-02 1.7842715E-04 1.4432242E+00 1.8984127E+01 -1.1784059E-01
3.1381000E+02 2.5927000E+02 8.6700000E+00 2.8900000E+02 10 5.4701425E+01 3.0456833E-01 7.6934999E-01 -7.2963103E-02 1.6217688E-02 1.2707557E-02 1.2224155E-02 8.6600521E-04 2.8415029E-04 8.7909484E-03 1.6255344E-04 8.5142867E-03 1.3746712E-01 4.8383592E-02 1.8791381E-04 1.4662745E+00 1.8937148E+01 -1.1308618E-01
3.1381000E+02 2.5927000E+02 8.6700000E+00 2.9000000E+02 10 5.4693887E+01 3.1943405E-01 7.9937510E-01 -7.2984128E-02 1.8481743E-02 1.4165760E-02 1.3682887E-02 8.6505909E-04 3.0333083E-04 9.9452976E-03 1.6237585E-04 9.6045404E-03 1.3750703E-01 5.5139524E-02 2.1469051E-04 1.5284345E+00 1.8751936E+01 -1.0095527E-01
3.1381000E+02 2.5927000E+02 8.6700000E+00 2.9500000E+02 10 5.4743206E+01 2.8983256E-01 7.3081737E-01 -6.8160322E-02 1.5478597E-02 1.2343219E-02 1.1862818E-02 8.6062893E-04 2.8122782E-04 8.4085198E-03 1.6154428E-04 8.1564264E-03 1.3021033E-01 4.6179102E-02 1.7532508E-04 1.4819416E+00 1.8951695E+01 -1.0691020E-01
3.1381000E+02 2.5927000E+02 8.6700000E+00 3.0000000E+02 10 5.4806299E+01 2.7317931E-01 6.8330326E-01 -6.0510902E-02 1.5349455E-02 1.2446277E-02 1.1968196E-02 8.5647499E-04 2.7930675E-04 8.3347525E-03 1.6076457E-04 8.0975673E-03 1.1866261E-01 4.5796435E-02 1.7499525E-04 1.5410182E+00 1.8888745E+01 -9.1456934E-02
3.1381000E+02 2.5927000E+02 8.6700000E+00 3.0100000E+02 10 5.4811306E+01 2.8638354E-01 7.0836243E-01 -5.8894412E-02 1.7949377E-02 1.4370569E-02 1.3892945E-02 8.5565496E-04 3.0107913E-04 9.6530550E-03 1.6061064E-04 9.3590825E-03 1.1623535E-01 5.3558306E-02 2.0909175E-04 1.6497939E+00 1.8629215E+01 -7.3668390E-02
3.1381000E+02 2.5927000E+02 8.6700000E+00 3.0200000E+02 10 5.4825450E+01 2.8202368E-01 6.9682726E-01 -5.7222809E-02 1.7827242E-02 1.4378981E-02 1.3901810E-02 8.5484536E-04 3.0323975E-04 9.5880193E-03 1.6045868E-04 9.3023569E-03 1.1371132E-01 5.3194935E-02 2.0588391E-04 1.6653288E+00 1.8629313E+01 -7.0711060E-02
3.1381000E+02 2.5927000E+02 8.6700000E+00 3.0300000E+02 10 5.4841918E+01 2.7631869E-01 6.8223804E-01 -5.5319694E-02 1.7577598E-02 1.4322636E-02 1.3845508E-02 8.5476689E-04 3.0424610E-04 9.4579352E-03 1.6044395E-04 9.1852891E-03 1.1083626E-01 5.2451209E-02 2.0169883E-04 1.6794441E+00 1.8634180E+01 -6.7925694E-02
3.1381000E+02 2.5927000E+02 8.6700000E+00 3.0800000E+02 10 5.4919172E+01 2.3612299E-01 5.8626805E-01 -4.7326795E-02 1.3943689E-02 1.2156007E-02 1.1673808E-02 8.6385142E-04 2.6727877E-04 7.6047062E-03 1.6214916E-04 7.4474934E-03 9.8723712E-02 4.1609609E-02 1.5663255E-04 1.6296397E+00 1.8822980E+01 -7.0595934E-02
3.1381000E+02 2.5927000E+02 8.6700000E+00 3.1300000E+02 10 5.4970910E+01 2.1796571E-01 5.4033711E-01 -4.1365448E-02 1.3142198E-02 1.2041192E-02 1.1551571E-02 8.7714820E-04 2.5293341E-04 7.1924909E-03 1.6464503E-04 7.0859505E-03 8.9685216E-02 3.9223071E-02 1.5192758E-04 1.6744444E+00 1.8775743E+01 -6.1784193E-02
3.1381000E+02 2.5927000E+02 8.6700000E+00 3.1800000E+02 10 5.5008010E+01 2.0455617E-01 5.0712131E-01 -3.7118304E-02 1.2523394E-02 1.2012600E-02 1.1515730E-02 8.9013522E-04 2.4027381E-04 6.8748559E-03 1.6708276E-04 6.8102183E-03 8.3236143E-02 3.7380875E-02 1.4773632E-04 1.7101533E+00 1.8737656E+01 -5.5586821E-02
3.1381000E+02 2.5927000E+02 8.6700000E+00 3.2300000E+02 10 5.5034261E+01 1.9463336E-01 4.8313619E-01 -3.4144181E-02 1.2025726E-02 1.2017331E-02 1.1514567E-02 9.0069398E-04 2.2864833E-04 6.6197760E-03 1.6906469E-04 6.5882350E-03 7.8715071E-02 3.5899278E-02 1.4393875E-04 1.7358229E+00 1.8710518E+01 -5.1455540E-02
3.1381000E+02 2.5927000E+02 8.6700000E+00 3.2800000E+02 10 5.5052846E+01 1.8725020E-01 4.6570565E-01 -3.2064364E-02 1.1621499E-02 1.2028636E-02 1.1521572E-02 9.0839556E-04 2.1809363E-04 6.4129220E-03 1.7051032E-04 6.4062758E-03 7.5551080E-02 3.4695687E-02 1.4064275E-04 1.7529796E+00 1.8692619E+01 -4.8777671E-02
3.1381000E+02 2.5927000E+02 8.6700000E+00 3.2900000E+02 10 5.5050250E+01 1.9798732E-01 4.9080780E-01 -3.1681283E-02 1.3617953E-02 1.3921337E-02 1.3413479E-02 9.0982054E-04 2.3459520E-04 7.4171995E-03 1.7077779E-04 7.3879246E-03 7.4983674E-02 4.0659971E-02 1.7090723E-04 1.8997654E+00 1.8418525E+01 -3.6088829E-02
3.1381000E+02 2.5927000E+02 8.6700000E+00 3.3000000E+02 10 5.5053499E+01 1.9654296E-01 4.8747637E-01 -3.1328357E-02 1.3521861E-02 1.3904819E-02 1.3396228E-02 9.1113109E-04 2.3409216E-04 7.3687358E-03 1.7102379E-04 7.3429900E-03 7.4445742E-02 4.0373384E-02 1.6814989E-04 1.9022587E+00 1.8429289E+01 -3.5784301E-02
3.1381000E+02 2.5927000E+02 8.6700000E+00 3.3500000E+02 10 5.5047386E+01 1.8699607E-01 4.6370491E-01 -3.0537277E-02 1.1003923E-02 1.1919701E-02 1.1408738E-02 9.1538129E-04 2.0491783E-04 6.0985187E-03 1.7182157E-04 6.1189524E-03 7.6939317E-02 3.2854940E-02 1.3276751E-04 1.6863246E+00 1.8768305E+01 -5.5857982E-02
3.1381000E+02 2.5927000E+02 8.6700000E+00 3.4000000E+02 10 5.5019179E+01 1.9792014E-01 4.8475572E-01 -3.0313598E-02 1.1051174E-02 1.1894320E-02 1.1381935E-02 9.1792894E-04 2.0105258E-04 6.1273598E-03 1.7229978E-04 6.1401075E-03 8.2074358E-02 3.2994993E-02 1.3562524E-04 1.6100685E+00 1.8840551E+01 -6.6333708E-02
3.1381000E+02 2.5927000E+02 8.6700000E+00 3.4500000E+02 10 5.4989430E+01 2.1119674E-01 5.0995847E-01 -3.0298105E-02 1.1419741E-02 1.1904520E-02 1.1391387E-02 9.1926866E-04 2.0297444E-04 6.3238755E-03 1.7255125E-04 6.3095642E-03 8.7274232E-02 3.4091725E-02 1.4057877E-04 1.5553260E+00 1.8892035E+01 -7.5367100E-02
3.1381000E+02 2.5927000E+02 8.6700000E+00 3.5000000E+02 10 5.4964697E+01 2.2318986E-01 5.3237836E-01 -3.0319679E-02 1.1884642E-02 1.1923741E-02 1.1410333E-02 9.1976323E-04 2.0782831E-04 6.5704371E-03 1.7264408E-04 6.5229580E-03 9.1488007E-02 3.5475142E-02 1.4559585E-04 1.5203198E+00 1.8924936E+01 -8.1963949E-02
3.1381000E+02 2.5927000E+02 8.6700000E+00 3.5500000E+02 10 5.4946183E+01 2.3274113E-01 5.4997860E-01 -3.0323072E-02 1.2321861E-02 1.1940879E-02 1.1427527E-02 9.1966302E-04 2.1375436E-04 6.8019869E-03 1.7262527E-04 6.7231429E-03 9.4580564E-02 3.6776114E-02 1.4980518E-04 1.4987244E+00 1.8945345E+01 -8.6425891E-02
3.1381000E+02 2.5927000E+02 8.6700000E+00 3.6000000E+02 10 5.4932986E+01 2.3990882E-01 5.6300718E-01 -3.0300931E-02 1.2686589E-02 1.1953538E-02 1.1440480E-02 9.1913565E-04 2.1973358E-04 6.9950112E-03 1.7252628E-04 6.8896219E-03 9.6747938E-02 3.7861339E-02 1.5306106E-04 1.4854967E+00 1.8957941E+01 -8.9341058E-02
3.1381000E+02 2.5927000E+02 8.6700000E+00 3.6500000E+02 10 5.4923773E+01 2.4514620E-01 5.7240448E-01 -3.0260151E-02 1.2974161E-02 1.1962403E-02 1.1449815E-02 9.1829231E-04 2.2526789E-04 7.1470064E-03 1.7236798E-04 7.0204669E-03 9.8238762E-02 3.8716973E-02 1.5548677E-04 1.4773493E+00 1.8965760E+01 -9.1222954E-02
3.1381000E+02 2.5927000E+02 8.6700000E+00 3.7000000E+02 10 5.4917367E+01 2.4894417E-01 5.7913380E-01 -3.0209220E-02 1.3195256E-02 1.1968742E-02 1.1456760E-02 9.1720745E-04 2.3015248E-04 7.2635094E-03 1.7216435E-04 7.1208075E-03 9.9261312E-02 3.9374819E-02 1.5726683E-04 1.4722698E+00 1.8970668E+01 -9.2439298E-02
3.1381000E+02 2.5927000E+02 8.6700000E+00 3.7500000E+02 10 5.4912886E+01 2.5170879E-01 5.8397275E-01 -3.0154637E-02 1.3363918E-02 1.1973626E-02 1.1462356E-02 9.1593205E-04 2.3433811E-04 7.3519539E-03 1.7192495E-04 7.1971588E-03 9.9967651E-02 3.9876673E-02 1.5856785E-04 1.4690513E+00 1.8973795E+01 -9.3232965E-02
3.1381000E+02 2.5927000E+02 8.6700000E+00 3.8000000E+02 10 5.4909712E+01 2.5374288E-01 5.8749197E-01 -3.0100564E-02 1.3492883E-02 1.1977785E-02 1.1467313E-02 9.1450232E-04 2.3785878E-04 7.4191674E-03 1.7165658E-04 7.2553246E-03 1.0046224E-01 4.0260434E-02 1.5952117E-04 1.4669721E+00 1.8975828E+01 -9.3758700E-02
3.1381000E+02 2.5927000E+02 8.6700000E+00 3.8500000E+02 10 5.4907427E+01 2.5526155E-01 5.9009177E-01 -3.0049353E-02 1.3592291E-02 1.1981669E-02 1.1472066E-02 9.1294511E-04 2.4078400E-04 7.4706071E-03 1.7136429E-04 7.2998970E-03 1.0081485E-01 4.0556263E-02 1.6022416E-04 1.4655986E+00 1.8977182E+01 -9.4113782E-02
3.1381000E+02 2.5927000E+02 8.6700000E+00 3.9000000E+02 10 5.4905751E+01 2.5641460E-01 5.9204757E-01 -3.0002149E-02 1.3669773E-02 1.1985526E-02 1.1476852E-02 9.1128121E-04 2.4319693E-04 7.5103638E-03 1.7105196E-04 7.3343480E-03 1.0107157E-01 4.0786858E-02 1.6074755E-04 1.4646679E+00 1.8978107E+01 -9.4359208E-02
3.1381000E+02 2.5927000E+02 8.6700000E+00 3.9500000E+02 10 5.4904494E+01 2.5730584E-01 5.9354794E-01 -2.9959362E-02 1.3730939E-02 1.1989479E-02 1.1481784E-02 9.0952740E-04 2.4518066E-04 7.5414318E-03 1.7072277E-04 7.3612476E-03 1.0126283E-01 4.0968912E-02 1.6114099E-04 1.4640190E+00 1.8978759E+01 -9.4533338E-02
3.1381000E+02 2.5927000E+02 8.6700000E+00 4.0000000E+02 10 5.4903533E+01 2.5800719E-01 5.9472219E-01 -2.9920980E-02 1.3779875E-02 1.1993570E-02 1.1486897E-02 9.0769766E-04 2.4681169E-04 7.5659782E-03 1.7037932E-04 7.3824795E-03 1.0140881E-01 4.1114570E-02 1.6143991E-04 1.4635520E+00 1.8979233E+01 -9.4660529E-02
3.1381000E+02 2.5927000E+02 8.6700000E+00 4.0500000E+02 10 5.4902782E+01 2.5856895E-01 5.9565971E-01 -2.9886773E-02 1.3819551E-02 1.1997797E-02 1.1492180E-02 9.0580393E-04 2.4815636E-04 7.5855792E-03 1.7002385E-04 7.3994188E-03 1.0152305E-01 4.1232673E-02 1.6166914E-04 1.4632040E+00 1.8979591E+01 -9.4756416E-02
3.1381000E+02 2.5927000E+02 8.6700000E+00 4.1000000E+02 10 5.4902182E+01 2.5902676E-01 5.9642305E-01 -2.9856406E-02 1.3852152E-02 1.2002132E-02 1.1497602E-02 9.0385656E-04 2.4927084E-04 7.6013948E-03 1.6965832E-04 7.4130771E-03 1.0161471E-01 4.1329720E-02 1.6184681E-04 1.4629351E+00 1.8979872E+01 -9.4831127E-02
3.1381000E+02 2.5927000E+02 8.6700000E+00 4.1200000E+02 10 5.4894913E+01 2.7335810E-01 6.2537749E-01 -2.9844851E-02 1.6048202E-02 1.3373950E-02 1.2869860E-02 9.0306965E-04 2.7125165E-04 8.7236803E-03 1.6951062E-04 8.4678640E-03 1.0165860E-01 4.7882137E-02 1.9075807E-04 1.5315126E+00 1.8828737E+01 -8.3225204E-02
3.1381000E+02 2.5927000E+02 8.6700000E+00 4.1700000E+02 10 5.4902122E+01 2.5831994E-01 5.9498875E-01 -2.9819282E-02 1.3712021E-02 1.1918245E-02 1.1415275E-02 9.0106128E-04 2.5115436E-04 7.5282769E-03 1.6913363E-04 7.3431271E-03 1.0171661E-01 4.0911346E-02 1.5814448E-04 1.4576819E+00 1.8992499E+01 -9.5814757E-02
3.1381000E+02 2.5927000E+02 8.6700000E+00 4.2200000E+02 10 5.4901756E+01 2.5859194E-01 5.9538407E-01 -2.9796672E-02 1.3726517E-02 1.1910055E-02 1.1408225E-02 8.9901941E-04 2.5013434E-04 7.5347866E-03 1.6875037E-04 7.3480316E-03 1.0177648E-01 4.0954435E-02 1.5986131E-04 1.4572036E+00 1.8989853E+01 -9.5914335E-02
3.1381000E+02 2.5927000E+02 8.6700000E+00 4.2700000E+02 10 5.4901271E+01 2.5917282E-01 5.9637560E-01 -2.9776684E-02 1.3789257E-02 1.1928150E-02 1.1427475E-02 8.9695080E-04 2.5044196E-04 7.5660890E-03 1.6836208E-04 7.3759105E-03 1.0182834E-01 4.1141377E-02 1.6105570E-04 1.4581933E+00 1.8986811E+01 -9.5747169E-02
3.1381000E+02 2.5927000E+02 8.6700000E+00 4.2900000E+02 10 5.4893991E+01 2.7365130E-01 6.2555874E-01 -2.9769087E-02 1.6008540E-02 1.3303158E-02 1.2802947E-02 8.9611949E-04 2.7237901E-04 8.7007562E-03 1.6820604E-04 8.4412280E-03 1.0185837E-01 4.7762977E-02 1.9051827E-04 1.5269315E+00 1.8835658E+01 -8.4007928E-02
3.1381000E+02 2.5927000E+02 8.6700000E+00 4.3000000E+02 10 5.4891735E+01 2.7810925E-01 6.3459438E-01 -2.9765386E-02 1.6689467E-02 1.3746873E-02 1.3246894E-02 8.9570292E-04 2.8058132E-04 9.0483729E-03 1.6812784E-04 8.7684841E-03 1.0187030E-01 4.9794826E-02 1.9741594E-04 1.5500528E+00 1.8779296E+01 -8.0370822E-02
3.1381000E+02 2.5927000E+02 8.6700000E+00 4.3500000E+02 10 5.4900515E+01 2.6054627E-01 5.9931724E-01 -2.9738383E-02 1.4006341E-02 1.2094465E-02 1.1592113E-02 8.9995571E-04 2.5875839E-04 7.6792284E-03 1.6892611E-04 7.4821164E-03 1.0184044E-01 4.1788672E-02 1.6081170E-04 1.4646589E+00 1.8980153E+01 -9.4592599E-02
3.1381000E+02 2.5927000E+02 8.6700000E+00 4.3600000E+02 10 5.4890891E+01 2.7992083E-01 6.3850215E-01 -2.9732274E-02 1.6983067E-02 1.3993296E-02 1.3490261E-02 9.0117821E-04 2.8364037E-04 9.2006889E-03 1.6915558E-04 8.9153326E-03 1.0184796E-01 5.0671300E-02 2.0154193E-04 1.5611324E+00 1.8740933E+01 -7.8666989E-02
3.1381000E+02 2.5927000E+02 8.6700000E+00 4.3700000E+02 10 5.4891595E+01 2.8008348E-01 6.3849468E-01 -2.9545570E-02 1.7030970E-02 1.4029012E-02 1.3525127E-02 9.0270168E-04 2.8753906E-04 9.2264922E-03 1.6944155E-04 8.9390767E-03 1.0168564E-01 5.0813998E-02 1.9987081E-04 1.5633812E+00 1.8748191E+01 -7.8260965E-02
3.1381000E+02 2.5927000E+02 8.6700000E+00 4.3800000E+02 10 5.4894204E+01 2.7980533E-01 6.3683493E-01 -2.8959124E-02 1.7055898E-02 1.4055113E-02 1.3550257E-02 9.0443938E-04 2.9044714E-04 9.2405332E-03 1.6976772E-04 8.9521247E-03 1.0118352E-01 5.0888199E-02 1.9865353E-04 1.5657558E+00 1.8752285E+01 -7.7681570E-02
3.1381000E+02 2.5927000E+02 8.6700000E+00 4.4300000E+02 10 5.4953610E+01 2.5501868E-01 5.6479234E-01 -1.7759593E-02 1.4456499E-02 1.2451269E-02 1.1944279E-02 9.0826471E-04 2.6693293E-04 7.9139953E-03 1.7048575E-04 7.7056181E-03 9.1693578E-02 4.3131914E-02 1.6453969E-04 1.4986620E+00 1.8937356E+01 -8.3553708E-02
3.1381000E+02 2.5927000E+02 8.6700000E+00 4.4400000E+02 10 5.4955991E+01 2.7157848E-01 5.9379179E-01 -1.5231401E-02 1.7291415E-02 1.4354176E-02 1.3846872E-02 9.0882745E-04 2.8971018E-04 9.3598582E-03 1.7059138E-04 9.0735462E-03 8.9568968E-02 5.1592824E-02 2.0264967E-04 1.6092077E+00 1.8675604E+01 -6.6437089E-02
3.1381000E+02 2.5927000E+02 8.6700000E+00 4.4500000E+02 10 5.4968536E+01 2.6978213E-01 5.8482266E-01 -1.2457787E-02 1.7318262E-02 1.4398825E-02 1.3891367E-02 9.0910281E-04 2.9261517E-04 9.3734565E-03 1.7064307E-04 9.0870352E-03 8.7224258E-02 5.1673068E-02 2.0100654E-04 1.6181177E+00 1.8676531E+01 -6.4289373E-02
3.1381000E+02 2.5927000E+02 8.6700000E+00 4.5000000E+02 10 5.5035294E+01 2.4553660E-01 5.1016085E-01 5.7309002E-04 1.4982570E-02 1.2948895E-02 1.2442616E-02 9.0698906E-04 2.7273540E-04 8.1786570E-03 1.7024631E-04 7.9618738E-03 7.6219558E-02 4.4703422E-02 1.7029714E-04 1.5554012E+00 1.8864065E+01 -6.7565712E-02
3.1381000E+02 2.5927000E+02 8.6700000E+00 4.5300000E+02 10 5.5064023E+01 2.4975914E-01 5.0531548E-01 7.9229741E-03 1.6464400E-02 1.4095722E-02 1.3590597E-02 9.0492268E-04 2.8544262E-04 8.9295583E-03 1.6985844E-04 8.6792990E-03 7.0032138E-02 4.9127738E-02 1.8905073E-04 1.6427530E+00 1.8709324E+01 -5.4137493E-02
3.1381000E+02 2.5927000E+02 8.6700000E+00 4.5400000E+02 10 5.5071022E+01 2.5581360E-01 5.1397683E-01 1.0311021E-02 1.7699804E-02 1.5088480E-02 1.4583797E-02 9.0413006E-04 2.9526551E-04 9.5549502E-03 1.6970966E-04 9.2796057E-03 6.8025401E-02 5.2816777E-02 2.0243776E-04 1.7201455E+00 1.8534040E+01 -4.5481926E-02
3.1381000E+02 2.5927000E+02 8.6700000E+00 4.5900000E+02 10 5.5129848E+01 2.2982155E-01 4.3928186E-01 2.1272986E-02 1.4826735E-02 1.3222449E-02 1.2721708E-02 8.9706847E-04 2.6735733E-04 8.0854647E-03 1.6838416E-04 7.8885788E-03 5.8804375E-02 4.4242617E-02 1.6618678E-04 1.6066114E+00 1.8816461E+01 -5.3306473E-02
3.1381000E+02 2.5927000E+02 8.6700000E+00 4.6400000E+02 10 5.5168274E+01 2.2203615E-01 4.0814582E-01 2.9539682E-02 1.4537791E-02 1.3216749E-02 1.2720033E-02 8.8985930E-04 2.5819217E-04 7.9299643E-03 1.6703097E-04 7.7483913E-03 5.1878019E-02 4.3382648E-02 1.6477413E-04 1.6200259E+00 1.8801738E+01 -4.8829600E-02
3.1381000E+02 2.5927000E+02 8.6700000E+00 4.6900000E+02 10 5.5196305E+01 2.1641680E-01 3.8561643E-01 3.5585028E-02 1.4339202E-02 1.3237321E-02 1.2744039E-02 8.8370652E-04 2.5006262E-04 7.8223135E-03 1.6587606E-04 7.6512107E-03 4.6822860E-02 4.2791764E-02 1.6375386E-04 1.6317567E+00 1.8788296E+01 -4.5480146E-02
3.1381000E+02 2.5927000E+02 8.6700000E+00 4.7400000E+02 10 5.5216751E+01 2.1223054E-01 3.6910689E-01 3.9991374E-02 1.4182074E-02 1.3263082E-02 1.2772698E-02 8.7851440E-04 2.4274701E-04 7.7370411E-03 1.6490147E-04 7.5739615E-03 4.3146799E-02 4.2324249E-02 1.6274368E-04 1.6406210E+00 1.8778295E+01 -4.3087796E-02
3.1381000E+02 2.5927000E+02 8.6700000E+00 4.7900000E+02 10 5.5231776E+01 2.0902705E-01 3.5680591E-01 4.3220767E-02 1.4047047E-02 1.3283274E-02 1.2795355E-02 8.7409838E-04 2.3619877E-04 7.6639317E-03 1.6407256E-04 7.5074304E-03 4.0460251E-02 4.1922407E-02 1.6173507E-04 1.6465797E+00 1.8771744E+01 -4.1429421E-02
3.1381000E+02 2.5927000E+02 8.6700000E+00 4.8100000E+02 10 5.5231785E+01 2.1843774E-01 3.7573030E-01 4.4350402E-02 1.5733973E-02 1.4648913E-02 1.4161917E-02 8.7244453E-04 2.4765805E-04 8.5182709E-03 1.6376213E-04 8.3258343E-03 3.9531513E-02 4.6959488E-02 1.8401395E-04 1.7738302E+00 1.8551504E+01 -3.1127015E-02
3.1381000E+02 2.5927000E+02 8.6700000E+00 4.8200000E+02 10 5.5232720E+01 2.2095633E-01 3.8062392E-01 4.4877749E-02 1.6219079E-02 1.5092741E-02 1.4606192E-02 8.7164434E-04 2.5043822E-04 8.7629920E-03 1.6361193E-04 8.5618348E-03 3.9096010E-02 4.8408296E-02 1.8887970E-04 1.8214826E+00 1.8463958E+01 -2.7929465E-02
3.1381000E+02 2.5927000E+02 8.6700000E+00 4.8700000E+02 10 5.5250513E+01 2.0248934E-01 3.3682114E-01 4.6955947E-02 1.3448823E-02 1.3025856E-02 1.2541447E-02 8.6780897E-04 2.2496665E-04 7.3538171E-03 1.6289201E-04 7.2155336E-03 3.7364350E-02 4.0137915E-02 1.5323203E-04 1.6273242E+00 1.8808044E+01 -4.1889707E-02
3.1381000E+02 2.5927000E+02 8.6700000E+00 4.9200000E+02 10 5.5258219E+01 1.9994074E-01 3.2857521E-01 4.8515425E-02 1.3212987E-02 1.2874860E-02 1.2392208E-02 8.6466207E-04 2.1821403E-04 7.2312723E-03 1.6230132E-04 7.0998331E-03 3.6081012E-02 3.9434472E-02 1.5316203E-04 1.6187564E+00 1.8815018E+01 -4.2126909E-02
3.1381000E+02 2.5927000E+02 8.6700000E+00 4.9700000E+02 10 5.5263762E+01 1.9860434E-01 3.2337370E-01 4.9700551E-02 1.3117112E-02 1.2789472E-02 1.2308260E-02 8.6208362E-04 2.1404239E-04 7.1812676E-03 1.6181734E-04 7.0510553E-03 3.5109498E-02 3.9148311E-02 1.5358955E-04 1.6164434E+00 1.8815482E+01 -4.1919905E-02
3.1381000E+02 2.5927000E+02 8.6700000E+00 5.0200000E+02 10 5.5267944E+01 1.9777619E-01 3.1972790E-01 5.0620258E-02 1.3071555E-02 1.2737604E-02 1.2257688E-02 8.5976039E-04 2.1116406E-04 7.1571584E-03 1.6138125E-04 7.0266342E-03 3.4359841E-02 3.9012253E-02 1.5387348E-04 1.6161448E+00 1.8814569E+01 -4.1623065E-02
3.1381000E+02 2.5927000E+02 8.6700000E+00 5.0500000E+02 10 5.5266510E+01 2.0455311E-01 3.3355346E-01 5.1094853E-02 1.4230131E-02 1.3589364E-02 1.3110199E-02 8.5841545E-04 2.2063844E-04 7.7460899E-03 1.6112880E-04 7.5857412E-03 3.3981457E-02 4.2470702E-02 1.6972097E-04 1.6938031E+00 1.8688410E+01 -3.4942410E-02
3.1381000E+02 2.5927000E+02 8.6700000E+00 5.0600000E+02 10 5.5263850E+01 2.1112872E-01 3.4787911E-01 5.1245090E-02 1.5332193E-02 1.4475396E-02 1.3996479E-02 8.5797132E-04 2.2830469E-04 8.3046019E-03 1.6104544E-04 8.1209163E-03 3.3865714E-02 4.5761392E-02 1.8363453E-04 1.7837099E+00 1.8524524E+01 -2.8627078E-02
3.1381000E+02 2.5927000E+02 8.6700000E+00 5.1100000E+02 10 5.5274929E+01 1.9405494E-01 3.0947002E-01 5.1884542E-02 1.2606003E-02 1.2409423E-02 1.1932112E-02 8.5509541E-04 2.0503604E-04 6.9180816E-03 1.6050561E-04 6.7969679E-03 3.3340816E-02 3.7622383E-02 1.4684828E-04 1.5925903E+00 1.8852866E+01 -4.3385204E-02
3.1381000E+02 2.5927000E+02 8.6700000E+00 5.1600000E+02 10 5.5277507E+01 1.9307608E-01 3.0607643E-01 5.2406158E-02 1.2483947E-02 1.2263884E-02 1.1788176E-02 8.5222294E-04 2.0153114E-04 6.8550047E-03 1.5996644E-04 6.7347636E-03 3.2930848E-02 3.7257874E-02 1.4786017E-04 1.5856060E+00 1.8857654E+01 -4.3865865E-02
3.1381000E+02 2.5927000E+02 8.6700000E+00 5.2100000E+02 10 5.5279322E+01 1.9286358E-01 3.0438982E-01 5.2835621E-02 1.2468628E-02 1.2184277E-02 1.1710045E-02 8.4957793E-04 1.9995780E-04 6.8470189E-03 1.5946996E-04 6.7235905E-03 3.2596526E-02 3.7211704E-02 1.4892012E-04 1.5841965E+00 1.8857106E+01 -4.3844343E-02
3.1381000E+02 2.5927000E+02 8.6700000E+00 5.2600000E+02 10 5.5280756E+01 1.9284106E-01 3.0330444E-01 5.3195846E-02 1.2479126E-02 1.2136153E-02 1.1663315E-02 8.4708199E-04 1.9912226E-04 6.8521729E-03 1.5900146E-04 6.7251394E-03 3.2319083E-02 3.7242653E-02 1.4959408E-04 1.5843259E+00 1.8855786E+01 -4.3701165E-02
3.1381000E+02 2.5927000E+02 8.6700000E+00 5.3100000E+02 10 5.5281969E+01 1.9282156E-01 3.0241167E-01 5.3502870E-02 1.2488691E-02 1.2101557E-02 1.1630051E-02 8.4469526E-04 1.9853620E-04 6.8567152E-03 1.5855345E-04 6.7265849E-03 3.2085345E-02 3.7270932E-02 1.4993020E-04 1.5845566E+00 1.8854956E+01 -4.3569491E-02
3.1381000E+02 2.5927000E+02 8.6700000E+00 5.3600000E+02 10 5.5283024E+01 1.9277372E-01 3.0160027E-01 5.3768151E-02 1.2492526E-02 1.2072830E-02 1.1602605E-02 8.4239932E-04 1.9803827E-04 6.8582518E-03 1.5812250E-04 6.7255167E-03 3.1885832E-02 3.7282186E-02 1.5006879E-04 1.5845588E+00 1.8854677E+01 -4.3476248E-02
3.1381000E+02 2.5927000E+02 8.6700000E+00 5.4100000E+02 10 5.5283952E+01 1.9270717E-01 3.0085128E-01 5.4000136E-02 1.2491920E-02 1.2047036E-02 1.1578050E-02 8.4018103E-04 1.9758654E-04 6.8574988E-03 1.5770611E-04 6.7224619E-03 3.1713544E-02 3.7280226E-02 1.5010919E-04 1.5843465E+00 1.8854769E+01 -4.3416416E-02
3.1381000E+02 2.5927000E+02 8.6700000E+00 5.4600000E+02 10 5.5284772E+01 1.9263510E-01 3.0016502E-01 5.4205201E-02 1.2488870E-02 1.2023112E-02 1.1555327E-02 8.3802888E-04 1.9717701E-04 6.8555091E-03 1.5730214E-04 6.7183244E-03 3.1563202E-02 3.7270997E-02 1.5010602E-04 1.5839980E+00 1.8855067E+01 -4.3379803E-02
3.1381000E+02 2.5927000E+02 8.6700000E+00 5.5100000E+02 10 5.5285500E+01 1.9256615E-01 2.9954150E-01 5.4388246E-02 1.2484814E-02 1.2000666E-02 1.1534051E-02 8.3593312E-04 1.9681113E-04 6.8530281E-03 1.5690876E-04 6.7137644E-03 3.1430758E-02 3.7258775E-02 1.5008514E-04 1.5835788E+00 1.8855469E+01 -4.3358165E-02
3.1381000E+02 2.5927000E+02 8.6700000E+00 5.5600000E+02 10 5.5286150E+01 1.9250455E-01 2.9897753E-01 5.4553082E-02 1.2480575E-02 1.1979519E-02 1.1514047E-02 8.3388597E-04 1.9648898E-04 6.8504787E-03 1.5652450E-04 6.7091640E-03 3.1313064E-02 3.7246016E-02 1.5005847E-04 1.5831305E+00 1.8855912E+01 -4.3346027E-02
3.1381000E+02 2.5927000E+02 8.6700000E+00 5.6100000E+02 10 5.5286735E+01 1.9245175E-01 2.9846780E-01 5.4702711E-02 1.2476565E-02 1.1959551E-02 1.1495197E-02 8.3188150E-04 1.9620737E-04 6.8480678E-03 1.5614825E-04 6.7047137E-03 3.1207644E-02 3.7233942E-02 1.5003066E-04 1.5826766E+00 1.8856369E+01 -4.3340010E-02
3.1381000E+02 2.5927000E+02 8.6700000E+00 5.6600000E+02 10 5.5287263E+01 1.9240774E-01 2.9800626E-01 5.4839521E-02 1.2472956E-02 1.1940655E-02 1.1477399E-02 8.2991521E-04 1.9596221E-04 6.8458796E-03 1.5577917E-04 6.7004935E-03 3.1112529E-02 3.7223067E-02 1.5000372E-04 1.5822288E+00 1.8856821E+01 -4.3338074E-02
3.1381000E+02 2.5927000E+02 8.6700000E+00 5.7100000E+02 10 5.5287743E+01 1.9237184E-01 2.9758693E-01 5.4965429E-02 1.2469794E-02 1.1922730E-02 1.1460552E-02 8.2798366E-04 1.9574841E-04 6.8439344E-03 1.5541661E-04 6.6965249E-03 3.1026140E-02 3.7213531E-02 1.4997795E-04 1.5817927E+00 1.8857265E+01 -4.3338983E-02
3.1381000E+02 2.5927000E+02 8.6700000E+00 5.7600000E+02 10 5.5288181E+01 1.9234314E-01 2.9720435E-01 5.5081989E-02 1.2467068E-02 1.1905678E-02 1.1444560E-02 8.2608416E-04 1.9556193E-04 6.8422225E-03 1.5506006E-04 6.6928012E-03 3.0947197E-02 3.7205296E-02 1.4995367E-04 1.5813703E+00 1.8857694E+01 -4.3341973E-02
3.1381000E+02 2.5927000E+02 8.6700000E+00 5.8100000E+02 10 5.5288584E+01 1.9232069E-01 2.9685369E-01 5.5190472E-02 1.2464740E-02 1.1889408E-02 1.1429334E-02 8.2421453E-04 1.9539870E-04 6.8407216E-03 1.5470912E-04 6.6893041E-03 3.0874655E-02 3.7198249E-02 1.4993054E-04 1.5809616E+00 1.8858111E+01 -4.3346553E-02
3.1381000E+02 2.5927000E+02 8.6700000E+00 5.8200000E+02 10 5.5281119E+01 2.0747763E-01 3.2944409E-01 5.5211855E-02 1.4924177E-02 1.3681282E-02 1.3221416E-02 8.2384178E-04 2.1456044E-04 8.0923223E-03 1.5463915E-04 7.8785298E-03 3.0874664E-02 4.4540392E-02 1.8438957E-04 1.7492713E+00 1.8556912E+01 -2.9827474E-02
3.1381000E+02 2.5927000E+02 8.6700000E+00 5.8700000E+02 10 5.5289370E+01 1.9153208E-01 2.9503734E-01 5.5286695E-02 1.2351350E-02 1.1816159E-02 1.1355496E-02 8.2526995E-04 1.9556577E-04 6.7846320E-03 1.5490723E-04 6.6342393E-03 3.0791979E-02 3.6859572E-02 1.4717730E-04 1.5750712E+00 1.8869452E+01 -4.3883900E-02
3.1381000E+02 2.5927000E+02 8.6700000E+00 5.9200000E+02 10 5.5289770E+01 1.9130470E-01 2.9438273E-01 5.5343331E-02 1.2324444E-02 1.1785665E-02 1.1322826E-02 8.2916884E-04 1.9484851E-04 6.7738646E-03 1.5563907E-04 6.6237874E-03 3.0723587E-02 3.6779223E-02 1.4790265E-04 1.5738474E+00 1.8868830E+01 -4.3972759E-02
3.1381000E+02 2.5927000E+02 8.6700000E+00 5.9700000E+02 10 5.5289998E+01 1.9136879E-01 2.9431494E-01 5.5392366E-02 1.2340881E-02 1.1781124E-02 1.1315980E-02 8.3329666E-04 1.9481415E-04 6.7855735E-03 1.5641388E-04 6.6341357E-03 3.0659660E-02 3.6828122E-02 1.4849487E-04 1.5749509E+00 1.8866287E+01 -4.3836982E-02
3.1381000E+02 2.5927000E+02 8.6700000E+00 6.0200000E+02 10 5.5290194E+01 1.9146177E-01 2.9434706E-01 5.5440432E-02 1.2361936E-02 1.1786358E-02 1.1319390E-02 8.3656510E-04 1.9493002E-04 6.7990191E-03 1.5702738E-04 6.6461404E-03 3.0601937E-02 3.6890853E-02 1.4881213E-04 1.5763640E+00 1.8864003E+01 -4.3674667E-02
3.1381000E+02 2.5927000E+02 8.6700000E+00 6.0700000E+02 10 5.5290397E+01 1.9151298E-01 2.9432271E-01 5.5490290E-02 1.2376233E-02 1.1792258E-02 1.1324084E-02 8.3872461E-04 1.9501832E-04 6.8082249E-03 1.5743273E-04 6.6541421E-03 3.0549901E-02 3.6933469E-02 1.4891597E-04 1.5774049E+00 1.8862518E+01 -4.3551378E-02
3.1381000E+02 2.5927000E+02 8.6700000E+00 6.1200000E+02 10 5.5290612E+01 1.9152606E-01 2.9422872E-01 5.5542401E-02 1.2383638E-02 1.1795374E-02 1.1326545E-02 8.3989919E-04 1.9504759E-04 6.8132539E-03 1.5765321E-04 6.6581067E-03 3.0502447E-02 3.6955547E-02 1.4890789E-04 1.5780044E+00 1.8861710E+01 -4.3472697E-02
3.1381000E+02 2.5927000E+02 8.6700000E+00 6.1700000E+02 10 5.5290830E+01 1.9151835E-01 2.9408780E-01 5.5596235E-02 1.2386524E-02 1.1795033E-02 1.1325969E-02 8.4032103E-04 1.9503906E-04 6.8155051E-03 1.5773239E-04 6.6593063E-03 3.0458532E-02 3.6964144E-02 1.4885472E-04 1.5782669E+00 1.8861356E+01 -4.3427774E-02
3.1381000E+02 2.5927000E+02 8.6700000E+00 6.2200000E+02 10 5.5291046E+01 1.9150317E-01 2.9392227E-01 5.5651010E-02 1.2386966E-02 1.1791623E-02 1.1322620E-02 8.4021176E-04 1.9500684E-04 6.8161953E-03 1.5771188E-04 6.6588895E-03 3.0417353E-02 3.6965442E-02 1.4878994E-04 1.5783070E+00 1.8861278E+01 -4.3405126E-02
3.1381000E+02 2.5927000E+02 8.6700000E+00 6.2700000E+02 10 5.5291257E+01 1.9148784E-01 2.9374690E-01 5.5706028E-02 1.2386276E-02 1.1785815E-02 1.1317073E-02 8.3974408E-04 1.9496320E-04 6.8161066E-03 1.5762409E-04 6.6576181E-03 3.0378349E-02 3.6963352E-02 1.4872757E-04 1.5782098E+00 1.8861362E+01 -4.3396337E-02
3.1381000E+02 2.5927000E+02 8.6700000E+00 6.3200000E+02 10 5.5291461E+01 1.9147559E-01 2.9357010E-01 5.5760768E-02 1.2385172E-02 1.1778256E-02 1.1309907E-02 8.3903944E-04 1.9491747E-04 6.8156787E-03 1.5749183E-04 6.6559360E-03 3.0341140E-02 3.6960017E-02 1.4867222E-04 1.5780307E+00 1.8861540E+01 -4.3395969E-02
3.1381000E+02 2.5927000E+02 8.6700000E+00 6.3700000E+02 10 5.5291657E+01 1.9146740E-01 2.9339617E-01 5.5814886E-02 1.2384008E-02 1.1769477E-02 1.1301609E-02 8.3817811E-04 1.9487455E-04 6.8151370E-03 1.5733015E-04 6.6540823E-03 3.0305472E-02 3.6956494E-02 1.4862427E-04 1.5778040E+00 1.8861771E+01 -4.3400700E-02
3.1381000E+02 2.5927000E+02 8.6700000E+00 6.4200000E+02 10 5.5291846E+01 1.9146323E-01 2.9322711E-01 5.5868172E-02 1.2382939E-02 1.1759886E-02 1.1292557E-02 8.3721116E-04 1.9483686E-04 6.8145879E-03 1.5714865E-04 6.6521780E-03 3.0271172E-02 3.6953247E-02 1.4858290E-04 1.5775499E+00 1.8862031E+01 -4.3408548E-02
3.1381000E+02 2.5927000E+02 8.6700000E+00 6.4700000E+02 10 5.5292029E+01 1.9146263E-01 2.9306372E-01 5.5920516E-02 1.2382021E-02 1.1749780E-02 1.1283032E-02 8.3617038E-04 1.9480506E-04 6.8140756E-03 1.5695329E-04 6.6502807E-03 3.0238112E-02 3.6950448E-02 1.4854677E-04 1.5772805E+00 1.8862309E+01 -4.3418335E-02
3.1381000E+02 2.5927000E+02 8.6700000E+00 6.5000000E+02 10 5.5288427E+01 1.9891679E-01 3.0892928E-01 5.5951568E-02 1.3593072E-02 1.2588472E-02 1.2122085E-02 8.3552434E-04 2.0658928E-04 7.4324681E-03 1.5683203E-04 7.2327233E-03 3.0225654E-02 4.0564994E-02 1.6501511E-04 1.6510455E+00 1.8743408E+01 -3.6844390E-02
