x y z_datum Time Well_no H2O H O Charge Al C Ca Cl Fe K Mg Na S Si U pH pe Alkalinity
3.1381000E+02 2.5927000E+02 8.6700000E+00 0.0000000E+00 10 9.9704301E-01 7.2098600E-06 6.6484776E-04 -3.2324431E-06 0.0000000E+00 1.0067647E-04 6.3262499E-05 4.3211171E-04 0.0000000E+00 2.8240956E-04 5.5605062E-05 2.2967748E-04 1.4127542E-04 0.0000000E+00 0.0000000E+00 7.0300000E+00 1.1068788E+01 7.1999443E-03
3.1381000E+02 2.5927000E+02 8.6700000E+00 5.0000000E+00 10 5.5327571E+01 1.9873045E-02 6.3732280E-02 -3.0162463E-03 0.0000000E+00 7.2123897E-03 1.3582331E-03 1.0487623E-02 0.0000000E+00 6.2152059E-03 1.9685783E-03 8.5964120E-03 1.0767350E-02 0.0000000E+00 0.0000000E+00 2.3325811E+00 1.8056696E+01 -7.5644254E-03
3.1381000E+02 2.5927000E+02 8.6700000E+00 1.0000000E+01 10 5.5308734E+01 3.4221737E-02 1.0676156E-01 -2.7284052E-03 1.0550925E-03 7.7647830E-03 3.1745252E-03 8.2233693E-03 1.5359446E-05 5.3947049E-03 1.5435669E-03 7.2683235E-03 1.9250706E-02 3.1545750E-03 1.5713975E-05 1.9791861E+00 1.8451375E+01 -1.8751523E-02
3.1381000E+02 2.5927000E+02 8.6700000E+00 1.5000000E+01 10 5.5286918E+01 5.7822306E-02 1.5406464E-01 -2.4809662E-03 2.6142096E-03 8.0582496E-03 4.5544866E-03 6.2769322E-03 3.6082260E-05 5.0204489E-03 1.1782110E-03 6.4430479E-03 2.6544078E-02 7.8125828E-03 3.7953933E-05 1.8615965E+00 1.8587272E+01 -2.6103881E-02
3.1381000E+02 2.5927000E+02 8.6700000E+00 2.0000000E+01 10 5.5268805E+01 7.9002869E-02 1.9320075E-01 -2.2950148E-03 4.0273322E-03 8.2553324E-03 5.5680746E-03 4.8141769E-03 5.6787992E-05 4.8646438E-03 9.0364469E-04 5.9365896E-03 3.2025540E-02 1.2032959E-02 5.7726946E-05 1.8081195E+00 1.8649557E+01 -3.0702880E-02
3.1381000E+02 2.5927000E+02 8.6700000E+00 2.5000000E+01 10 5.5255480E+01 9.4949475E-02 2.2238270E-01 -2.1627173E-03 5.1342814E-03 8.4236702E-03 6.3173253E-03 3.7734814E-03 7.4753632E-05 4.8070286E-03 7.0830101E-04 5.6235191E-03 3.5925694E-02 1.5338152E-02 7.2979850E-05 1.7814580E+00 1.8680539E+01 -3.3508414E-02
3.1381000E+02 2.5927000E+02 8.6700000E+00 3.0000000E+01 10 5.5246029E+01 1.0638288E-01 2.4341858E-01 -2.0703614E-03 5.9556130E-03 8.5823618E-03 6.8815480E-03 3.0469791E-03 8.9214108E-05 4.7921959E-03 5.7193297E-04 5.4276419E-03 3.8648533E-02 1.7790185E-02 8.4064191E-05 1.7679282E+00 1.8696262E+01 -3.5187916E-02
3.1381000E+02 2.5927000E+02 8.6700000E+00 3.5000000E+01 10 5.5239383E+01 1.1446230E-01 2.5845627E-01 -2.0058882E-03 6.5514778E-03 8.7341423E-03 7.3164277E-03 2.5398117E-03 1.0039283E-04 4.7935022E-03 4.7673515E-04 5.3015118E-03 4.0549436E-02 1.9568975E-02 9.1911739E-05 1.7611467E+00 1.8704194E+01 -3.6187047E-02
3.1381000E+02 2.5927000E+02 8.6700000E+00 4.0000000E+01 10 5.5234690E+01 1.2016662E-01 2.6925423E-01 -1.9603668E-03 6.9811152E-03 8.8775990E-03 7.6597670E-03 2.1817253E-03 1.0885071E-04 4.7989829E-03 4.0952058E-04 5.2167470E-03 4.1891642E-02 2.0851515E-02 9.7422568E-05 1.7578866E+00 1.8708081E+01 -3.6783518E-02
3.1381000E+02 2.5927000E+02 8.6700000E+00 4.5000000E+01 10 5.5231337E+01 1.2422564E-01 2.7710472E-01 -1.9276320E-03 7.2920428E-03 9.0111431E-03 7.9370486E-03 1.9242221E-03 1.1519967E-04 4.8038661E-03 3.6118596E-04 5.1568149E-03 4.2856881E-02 2.1779705E-02 1.0130406E-04 1.7564650E+00 1.8709867E+01 -3.7143494E-02
3.1381000E+02 2.5927000E+02 8.6700000E+00 5.0000000E+01 10 5.5228900E+01 1.2715294E-01 2.8291179E-01 -1.9035605E-03 7.5193139E-03 9.1339720E-03 8.1655742E-03 1.7348684E-03 1.1997800E-04 4.8066736E-03 3.2564333E-04 5.1121837E-03 4.3566699E-02 2.2458191E-02 1.0406760E-04 1.7559940E+00 1.8710559E+01 -3.7364322E-02
3.1381000E+02 2.5927000E+02 8.6700000E+00 5.5000000E+01 10 5.5227093E+01 1.2929959E-01 2.8729345E-01 -1.8854281E-03 7.6877471E-03 9.2460507E-03 8.3572714E-03 1.5922331E-03 1.2360837E-04 4.8072941E-03 2.9886998E-04 5.0773290E-03 4.4101415E-02 2.2961055E-02 1.0606571E-04 1.7560030E+00 1.8710687E+01 -3.7502620E-02
3.1381000E+02 2.5927000E+02 8.6700000E+00 6.0000000E+01 10 5.5225725E+01 1.3090305E-01 2.9066900E-01 -1.8714348E-03 7.8145788E-03 9.3478590E-03 8.5205241E-03 1.4821566E-03 1.2639585E-04 4.8060915E-03 2.7820808E-04 5.0489934E-03 4.4514093E-02 2.3339742E-02 1.0753607E-04 1.7562422E+00 1.8710535E+01 -3.7591399E-02
3.1381000E+02 2.5927000E+02 8.6700000E+00 6.5000000E+01 10 5.5224668E+01 1.3212376E-01 2.9332351E-01 -1.8603818E-03 7.9117077E-03 9.4401516E-03 8.6613498E-03 1.3952103E-03 1.2856315E-04 4.8035272E-03 2.6188784E-04 5.0252057E-03 4.4840071E-02 2.3629764E-02 1.0863859E-04 1.7565796E+00 1.8710258E+01 -3.7650056E-02
3.1381000E+02 2.5927000E+02 8.6700000E+00 6.6000000E+01 10 5.5218619E+01 1.4411128E-01 3.2197632E-01 -1.8582801E-03 9.9654810E-03 1.1443319E-02 1.0673746E-02 1.3786777E-03 1.4684232E-04 5.8229923E-03 2.5878458E-04 6.0231322E-03 4.4919543E-02 2.9765021E-02 1.4236744E-04 1.9422649E+00 1.8418118E+01 -2.5452433E-02
3.1381000E+02 2.5927000E+02 8.6700000E+00 6.7000000E+01 10 5.5218555E+01 1.4407338E-01 3.2189499E-01 -1.8562794E-03 9.9422842E-03 1.1425392E-02 1.0664604E-02 1.3629392E-03 1.4882598E-04 5.8025291E-03 2.5583038E-04 5.9981740E-03 4.4977241E-02 2.9695438E-02 1.3980683E-04 1.9380311E+00 1.8435476E+01 -2.5697735E-02
3.1381000E+02 2.5927000E+02 8.6700000E+00 7.2000000E+01 10 5.5220711E+01 1.3319189E-01 2.9609869E-01 -1.8152664E-03 7.7997263E-03 9.4054319E-03 8.6804500E-03 1.2987929E-03 1.3025266E-04 4.6899395E-03 2.4378982E-04 4.8913511E-03 4.5769885E-02 2.3295248E-02 1.0464572E-04 1.7299967E+00 1.8892772E+01 -4.0061158E-02
3.1381000E+02 2.5927000E+02 8.6700000E+00 7.7000000E+01 10 5.5215350E+01 1.3592265E-01 3.0210266E-01 -1.7664937E-03 7.9286742E-03 9.4716766E-03 8.7764318E-03 1.2455192E-03 1.4346552E-04 4.7245373E-03 2.3379008E-04 4.9093248E-03 4.6724402E-02 2.3679820E-02 1.3244118E-04 1.7186124E+00 1.8965471E+01 -4.1295858E-02
3.1381000E+02 2.5927000E+02 8.6700000E+00 8.2000000E+01 10 5.5210454E+01 1.3878189E-01 3.0826778E-01 -1.7242215E-03 8.1141143E-03 9.5667361E-03 8.8966052E-03 1.2005282E-03 1.6161637E-04 4.7929703E-03 2.2534504E-04 4.9611639E-03 4.7559925E-02 2.4232889E-02 1.6398124E-04 1.7134253E+00 1.9002099E+01 -4.1990255E-02
3.1381000E+02 2.5927000E+02 8.6700000E+00 8.7000000E+01 10 5.5206627E+01 1.4114959E-01 3.1338096E-01 -1.6916730E-03 8.2821828E-03 9.6607197E-03 9.0121174E-03 1.1619600E-03 1.7888205E-04 4.8562162E-03 2.1810561E-04 5.0100599E-03 4.8214612E-02 2.4734182E-02 1.9113345E-04 1.7110584E+00 1.9021843E+01 -4.2394224E-02
3.1381000E+02 2.5927000E+02 8.6700000E+00 9.1000000E+01 10 5.5202797E+01 1.4558188E-01 3.2347546E-01 -1.6713835E-03 8.8901485E-03 1.0172997E-02 9.5397333E-03 1.1344822E-03 2.0212001E-04 5.1469314E-03 2.1294789E-04 5.2841739E-03 4.8645467E-02 2.6549420E-02 2.2653748E-04 1.7441402E+00 1.8993185E+01 -3.9709327E-02
3.1381000E+02 2.5927000E+02 8.6700000E+00 9.2000000E+01 10 5.5197695E+01 1.5511442E-01 3.4590409E-01 -1.6666571E-03 1.0487278E-02 1.1653862E-02 1.1024320E-02 1.1278131E-03 2.3973808E-04 5.9452194E-03 2.1169606E-04 6.0631421E-03 4.8798209E-02 3.1319899E-02 2.9291740E-04 1.8720034E+00 1.8850577E+01 -3.0459407E-02
3.1381000E+02 2.5927000E+02 8.6700000E+00 9.7000000E+01 10 5.5197595E+01 1.4410882E-01 3.2107424E-01 -2.1864149E-03 8.3024258E-03 9.6687299E-03 9.0555611E-03 1.0984815E-03 2.0117485E-04 4.8304558E-03 2.0619038E-04 4.9658851E-03 4.9939693E-02 2.4793854E-02 2.1720991E-04 1.6866572E+00 1.9073892E+01 -4.5180279E-02
3.1381000E+02 2.5927000E+02 8.6700000E+00 1.0200000E+02 10 5.5189732E+01 1.4718031E-01 3.2883677E-01 -2.8600710E-03 8.4556015E-03 9.7359896E-03 9.1373730E-03 1.0724114E-03 2.1274750E-04 4.8938860E-03 2.0129689E-04 5.0174122E-03 5.1316942E-02 2.5250579E-02 2.3683706E-04 1.6781391E+00 1.9094650E+01 -4.6469667E-02
3.1381000E+02 2.5927000E+02 8.6700000E+00 1.0700000E+02 10 5.5182879E+01 1.5014416E-01 3.3612774E-01 -3.4478088E-03 8.6391308E-03 9.8211864E-03 9.2356240E-03 1.0490251E-03 2.2485559E-04 4.9743737E-03 1.9690717E-04 5.0857692E-03 5.2492399E-02 2.5797851E-02 2.5437683E-04 1.6740219E+00 1.9107352E+01 -4.7285614E-02
3.1381000E+02 2.5927000E+02 8.6700000E+00 1.1200000E+02 10 5.5177625E+01 1.5253499E-01 3.4196156E-01 -3.8921309E-03 8.7991163E-03 9.9021536E-03 9.3283983E-03 1.0278731E-03 2.3581790E-04 5.0439783E-03 1.9293683E-04 5.1448529E-03 5.3392295E-02 2.6274955E-02 2.6860272E-04 1.6720377E+00 1.9114940E+01 -4.7801803E-02
3.1381000E+02 2.5927000E+02 8.6700000E+00 1.1700000E+02 10 5.5173795E+01 1.5434084E-01 3.4636345E-01 -4.2086445E-03 8.9249020E-03 9.9730021E-03 9.4100044E-03 1.0086009E-03 2.4498013E-04 5.0970714E-03 1.8931935E-04 5.1892229E-03 5.4054046E-02 2.6650098E-02 2.7950416E-04 1.6710846E+00 1.9119490E+01 -4.8133043E-02
3.1381000E+02 2.5927000E+02 8.6700000E+00 1.2200000E+02 10 5.5171040E+01 1.5567926E-01 3.4963631E-01 -4.4291663E-03 9.0205615E-03 1.0033944E-02 9.4808124E-03 9.9092553E-04 2.5237608E-04 5.1356146E-03 1.8600160E-04 5.2205487E-03 5.4537315E-02 2.6935416E-02 2.8764085E-04 1.6706464E+00 1.9122245E+01 -4.8349584E-02
3.1381000E+02 2.5927000E+02 8.6700000E+00 1.2400000E+02 10 5.5165105E+01 1.6621164E-01 3.7369862E-01 -4.5041164E-03 1.0736344E-02 1.1489933E-02 1.0940615E-02 9.8409440E-04 2.9801558E-04 5.9967561E-03 1.8471936E-04 6.0536759E-03 5.4771988E-02 3.2059028E-02 3.6304591E-04 1.7798122E+00 1.9002067E+01 -3.8728119E-02
3.1381000E+02 2.5927000E+02 8.6700000E+00 1.2500000E+02 10 5.5163263E+01 1.6925515E-01 3.8087904E-01 -4.5385355E-03 1.1232935E-02 1.1952165E-02 1.1404721E-02 9.8073663E-04 3.1214935E-04 6.2445391E-03 1.8408909E-04 6.2944172E-03 5.4869089E-02 3.3542151E-02 3.8225021E-04 1.8168976E+00 1.8961913E+01 -3.5910620E-02
3.1381000E+02 2.5927000E+02 8.6700000E+00 1.3000000E+02 10 5.5168693E+01 1.5591617E-01 3.5092436E-01 -4.6549471E-03 8.9476900E-03 1.0018285E-02 9.4797670E-03 9.6474643E-04 2.5807322E-04 5.0837021E-03 1.8108765E-04 5.1629978E-03 5.5064285E-02 2.6717551E-02 2.8354432E-04 1.6610451E+00 1.9135664E+01 -4.9503135E-02
3.1381000E+02 2.5927000E+02 8.6700000E+00 1.3100000E+02 10 5.5161538E+01 1.6992909E-01 3.8276081E-01 -4.6764610E-03 1.1263918E-02 1.1994124E-02 1.1457420E-02 9.6149662E-04 3.1801831E-04 6.2490058E-03 1.8047764E-04 6.2935238E-03 5.5217175E-02 3.3634616E-02 3.9257462E-04 1.8139057E+00 1.8965598E+01 -3.6231523E-02
3.1381000E+02 2.5927000E+02 8.6700000E+00 1.3200000E+02 10 5.5161323E+01 1.6994025E-01 3.8279562E-01 -4.6963913E-03 1.1251837E-02 1.1982202E-02 1.1447310E-02 9.5825087E-04 3.1801194E-04 6.2415399E-03 1.7986840E-04 6.2842554E-03 5.5263302E-02 3.3598233E-02 3.8610739E-04 1.8119926E+00 1.8968877E+01 -3.6389079E-02
3.1381000E+02 2.5927000E+02 8.6700000E+00 1.3700000E+02 10 5.5160451E+01 1.5806435E-01 3.5732043E-01 -5.9114492E-03 8.9692110E-03 1.0045966E-02 9.5199511E-03 9.4234701E-04 2.6281561E-04 5.0819121E-03 1.7688317E-04 5.1543709E-03 5.6722000E-02 2.6781493E-02 2.8678069E-04 1.6486673E+00 1.9126068E+01 -5.1421660E-02
3.1381000E+02 2.5927000E+02 8.6700000E+00 1.4200000E+02 10 5.5150159E+01 1.6179684E-01 3.6704484E-01 -7.4636676E-03 9.1803347E-03 1.0160734E-02 9.6432263E-03 9.2710703E-04 2.6273321E-04 5.1809082E-03 1.7402255E-04 5.2432037E-03 5.8649219E-02 2.7411310E-02 2.9001457E-04 1.6440898E+00 1.9092062E+01 -5.2657699E-02
3.1381000E+02 2.5927000E+02 8.6700000E+00 1.4700000E+02 10 5.5140876E+01 1.6546467E-01 3.7629621E-01 -8.8380875E-03 9.4185759E-03 1.0289910E-02 9.7804384E-03 9.1270957E-04 2.5735234E-04 5.2943710E-03 1.7132007E-04 5.3456200E-03 6.0340606E-02 2.8121965E-02 2.8025525E-04 1.6424288E+00 1.9047959E+01 -5.3491237E-02
3.1381000E+02 2.5927000E+02 8.6700000E+00 1.5200000E+02 10 5.5133615E+01 1.6843656E-01 3.8370685E-01 -9.8983865E-03 9.6201235E-03 1.0405306E-02 9.9033890E-03 8.9917549E-04 2.4855197E-04 5.3894944E-03 1.6877966E-04 5.4312237E-03 6.1645035E-02 2.8723184E-02 2.6253337E-04 1.6418322E+00 1.9000321E+01 -5.4055103E-02
3.1381000E+02 2.5927000E+02 8.6700000E+00 1.5700000E+02 10 5.5128252E+01 1.7067911E-01 3.8927111E-01 -1.0670414E-02 9.7750025E-03 1.0500872E-02 1.0006057E-02 8.8645176E-04 2.3846255E-04 5.4611347E-03 1.6639136E-04 5.4951924E-03 6.2600374E-02 2.9185209E-02 2.4170226E-04 1.6416099E+00 1.8953804E+01 -5.4439821E-02
3.1381000E+02 2.5927000E+02 8.6700000E+00 1.6200000E+02 10 5.5124364E+01 1.7233406E-01 3.9336985E-01 -1.1220557E-02 9.8904645E-03 1.0578575E-02 1.0090453E-02 8.7446267E-04 2.2862590E-04 5.5129793E-03 1.6414094E-04 5.5409175E-03 6.3289585E-02 2.9529664E-02 2.2106950E-04 1.6415319E+00 1.8912484E+01 -5.4704608E-02
3.1381000E+02 2.5927000E+02 8.6700000E+00 1.6700000E+02 10 5.5121541E+01 1.7355697E-01 3.9640095E-01 -1.1611723E-02 9.9764459E-03 1.0642178E-02 1.0160381E-02 8.6313198E-04 2.1990046E-04 5.5500894E-03 1.6201412E-04 5.5730787E-03 6.3789458E-02 2.9786182E-02 2.0248142E-04 1.6415204E+00 1.8879590E+01 -5.4889001E-02
3.1381000E+02 2.5927000E+02 8.6700000E+00 1.6800000E+02 10 5.5113823E+01 1.8824801E-01 4.2899828E-01 -1.1684085E-02 1.2356805E-02 1.2601360E-02 1.2120813E-02 8.6089157E-04 2.4213426E-04 6.7502582E-03 1.6159358E-04 6.7335383E-03 6.3904861E-02 3.6894123E-02 2.4294592E-04 1.7802787E+00 1.8653058E+01 -4.1432835E-02
3.1381000E+02 2.5927000E+02 8.6700000E+00 1.6900000E+02 10 5.5113452E+01 1.8822117E-01 4.2900528E-01 -1.1751042E-02 1.2333940E-02 1.2581817E-02 1.2102507E-02 8.5867630E-04 2.4214344E-04 6.7379328E-03 1.6117776E-04 6.7198728E-03 6.3988955E-02 3.6825532E-02 2.3476594E-04 1.7776846E+00 1.8656025E+01 -4.1682276E-02
3.1381000E+02 2.5927000E+02 8.6700000E+00 1.7400000E+02 10 5.5126993E+01 1.6657475E-01 3.9118382E-01 -1.6049501E-02 9.8413001E-03 1.0576874E-02 1.0103433E-02 8.4816247E-04 2.0935503E-04 5.4728919E-03 1.5920427E-04 5.4948855E-03 6.2946186E-02 2.9382522E-02 1.7449316E-04 1.6961532E+00 1.8802216E+01 -4.9454007E-02
3.1381000E+02 2.5927000E+02 8.6700000E+00 1.7500000E+02 10 5.5122195E+01 1.7770345E-01 4.1937437E-01 -1.7064438E-02 1.1973529E-02 1.2516461E-02 1.2044181E-02 8.4608169E-04 2.2805503E-04 6.5434060E-03 1.5881369E-04 6.5398090E-03 6.2706399E-02 3.5751502E-02 2.1048151E-04 1.8606724E+00 1.8542351E+01 -3.5380802E-02
3.1381000E+02 2.5927000E+02 8.6700000E+00 1.7600000E+02 10 5.5124393E+01 1.7505794E-01 4.1661331E-01 -1.8201943E-02 1.1851024E-02 1.2485893E-02 1.2014762E-02 8.4402240E-04 2.2677773E-04 6.4790288E-03 1.5842716E-04 6.4798904E-03 6.2399126E-02 3.5386220E-02 2.0355793E-04 1.8780559E+00 1.8530038E+01 -3.4183587E-02
3.1381000E+02 2.5927000E+02 8.6700000E+00 1.8100000E+02 10 5.5075683E+01 1.6989557E-01 4.2435584E-01 -2.8657738E-02 9.3046109E-03 1.0491465E-02 1.0025811E-02 8.3420968E-04 1.9377890E-04 5.1855383E-03 1.5658526E-04 5.2313789E-03 7.2892506E-02 2.7783509E-02 1.5188354E-04 1.6453563E+00 1.8842959E+01 -5.9228249E-02
3.1381000E+02 2.5927000E+02 8.6700000E+00 1.8600000E+02 10 5.4996248E+01 1.8963477E-01 4.8511794E-01 -3.9509319E-02 9.4983074E-03 1.0547748E-02 1.0087328E-02 8.2483423E-04 1.9022816E-04 5.2806589E-03 1.5482544E-04 5.3147329E-03 8.7487589E-02 2.8360627E-02 1.4957879E-04 1.5546782E+00 1.8922948E+01 -7.6934134E-02
3.1381000E+02 2.5927000E+02 8.6700000E+00 1.9100000E+02 10 5.4922892E+01 2.1127545E-01 5.4475655E-01 -4.8486722E-02 1.0061282E-02 1.0632344E-02 1.0176936E-02 8.1585570E-04 1.9468563E-04 5.5696236E-03 1.5314013E-04 5.5698264E-03 1.0068673E-01 3.0037069E-02 1.5129929E-04 1.4938719E+00 1.8976715E+01 -9.2191483E-02
3.1381000E+02 2.5927000E+02 8.6700000E+00 1.9600000E+02 10 5.4865050E+01 2.3002979E-01 5.9377080E-01 -5.5223663E-02 1.0720523E-02 1.0714568E-02 1.0263970E-02 8.0723875E-04 2.0250806E-04 5.9095402E-03 1.5152268E-04 5.8695241E-03 1.1094218E-01 3.1999868E-02 1.5406198E-04 1.4569416E+00 1.9009414E+01 -1.0338076E-01
3.1381000E+02 2.5927000E+02 8.6700000E+00 2.0100000E+02 10 5.4822365E+01 2.4479401E-01 6.3113557E-01 -6.0074452E-02 1.1334416E-02 1.0786521E-02 1.0340548E-02 7.9895233E-04 2.1116166E-04 6.2260567E-03 1.4996728E-04 6.1482084E-03 1.1842326E-01 3.3827559E-02 1.5660970E-04 1.4349527E+00 1.9029001E+01 -1.1105735E-01
3.1381000E+02 2.5927000E+02 8.6700000E+00 2.0600000E+02 10 5.4791681E+01 2.5593911E-01 6.5874831E-01 -6.3521039E-02 1.1854112E-02 1.0848673E-02 1.0407157E-02 7.9096901E-04 2.1952407E-04 6.4933566E-03 1.4846877E-04 6.3834321E-03 1.2375044E-01 3.5374842E-02 1.5861582E-04 1.4218929E+00 1.9040714E+01 -1.1618034E-01
3.1381000E+02 2.5927000E+02 8.6700000E+00 2.1100000E+02 10 5.4769737E+01 2.6422958E-01 6.7899218E-01 -6.5976198E-02 1.2275675E-02 1.0903481E-02 1.0466266E-02 7.8326448E-04 2.2716296E-04 6.7092305E-03 1.4702259E-04 6.5735114E-03 1.2753025E-01 3.6630065E-02 1.6008805E-04 1.4141374E+00 1.9047710E+01 -1.1957153E-01
3.1381000E+02 2.5927000E+02 8.6700000E+00 2.1600000E+02 10 5.4753929E+01 2.7039905E-01 6.9391488E-01 -6.7746727E-02 1.2611968E-02 1.0953257E-02 1.0520198E-02 7.7581712E-04 2.3394930E-04 6.8804152E-03 1.4562469E-04 6.7243996E-03 1.3023553E-01 3.7631530E-02 1.6113005E-04 1.4095430E+00 1.9051871E+01 -1.2182384E-01
3.1381000E+02 2.5927000E+02 8.6700000E+00 2.2100000E+02 10 5.4742370E+01 2.7503333E-01 7.0506589E-01 -6.9047087E-02 1.2879563E-02 1.0999676E-02 1.0570642E-02 7.6860771E-04 2.3987569E-04 7.0156753E-03 1.4427145E-04 6.8436753E-03 1.3220380E-01 3.8428551E-02 1.6185249E-04 1.4068418E+00 1.9054320E+01 -1.2333614E-01
3.1381000E+02 2.5927000E+02 8.6700000E+00 2.2600000E+02 10 5.4733750E+01 2.7856603E-01 7.1355278E-01 -7.0023021E-02 1.3093624E-02 1.1043811E-02 1.0618677E-02 7.6161908E-04 2.4498752E-04 7.1230399E-03 1.4295965E-04 6.9382614E-03 1.3366639E-01 3.9066245E-02 1.6234724E-04 1.4052796E+00 1.9055735E+01 -1.2436823E-01
3.1381000E+02 2.5927000E+02 8.6700000E+00 2.3100000E+02 10 5.4727180E+01 2.8130600E-01 7.2014606E-01 -7.0772512E-02 1.3266460E-02 1.1086284E-02 1.0664937E-02 7.5483589E-04 2.4935181E-04 7.2089987E-03 1.4168641E-04 7.0138007E-03 1.3477900E-01 3.9581229E-02 1.6268371E-04 1.4044047E+00 1.9056524E+01 -1.2508700E-01
3.1381000E+02 2.5927000E+02 8.6700000E+00 2.3600000E+02 10 5.4722059E+01 2.8347031E-01 7.2537707E-01 -7.1361437E-02 1.3407590E-02 1.1127425E-02 1.0709757E-02 7.4824442E-04 2.5304503E-04 7.2785351E-03 1.4044916E-04 7.0746893E-03 1.3564602E-01 4.0001818E-02 1.6291146E-04 1.4039453E+00 1.9056935E+01 -1.2559917E-01
3.1381000E+02 2.5927000E+02 8.6700000E+00 2.4100000E+02 10 5.4717978E+01 2.8521125E-01 7.2961298E-01 -7.1834412E-02 1.3524238E-02 1.1167380E-02 1.0753292E-02 7.4183237E-04 2.5614839E-04 7.3354010E-03 1.3924558E-04 7.1242934E-03 1.3633764E-01 4.0349509E-02 1.6306594E-04 1.4037373E+00 1.9057118E+01 -1.2597308E-01
3.1381000E+02 2.5927000E+02 8.6700000E+00 2.4600000E+02 10 5.4714658E+01 2.8663610E-01 7.3310938E-01 -7.2222024E-02 1.3621842E-02 1.1206197E-02 1.0795594E-02 7.3558873E-04 2.5874290E-04 7.3824080E-03 1.3807362E-04 7.1651576E-03 1.3690158E-01 4.0640483E-02 1.6317081E-04 1.4036812E+00 1.9057163E+01 -1.2625290E-01
3.1381000E+02 2.5927000E+02 8.6700000E+00 2.5100000E+02 10 5.4711906E+01 2.8782125E-01 7.3604639E-01 -7.2545560E-02 1.3704488E-02 1.1243871E-02 1.0836665E-02 7.2950362E-04 2.6090576E-04 7.4216718E-03 1.3693142E-04 7.1991893E-03 1.3737074E-01 4.0886901E-02 1.6324195E-04 1.4037157E+00 1.9057127E+01 -1.2646752E-01
3.1381000E+02 2.5927000E+02 8.6700000E+00 2.5600000E+02 10 5.4709586E+01 2.8882178E-01 7.3855274E-01 -7.2820091E-02 1.3775260E-02 1.1280379E-02 1.0876485E-02 7.2356815E-04 2.6270766E-04 7.4547984E-03 1.3581730E-04 7.2278180E-03 1.3776813E-01 4.1097940E-02 1.6329035E-04 1.4038032E+00 1.9057046E+01 -1.2663618E-01
3.1381000E+02 2.5927000E+02 8.6700000E+00 2.6100000E+02 10 5.4707599E+01 2.8967792E-01 7.4072188E-01 -7.3056471E-02 1.3836500E-02 1.1315691E-02 1.0915031E-02 7.1777434E-04 2.6421142E-04 7.4830160E-03 1.3472977E-04 7.2521194E-03 1.3811019E-01 4.1280575E-02 1.6332351E-04 1.4039199E+00 1.9056939E+01 -1.2677188E-01
3.1381000E+02 2.5927000E+02 8.6700000E+00 2.6400000E+02 10 5.4701542E+01 3.0012708E-01 7.6165370E-01 -7.3186482E-02 1.5374755E-02 1.2236675E-02 1.1837929E-02 7.1434744E-04 2.8147670E-04 8.2680079E-03 1.3408653E-04 7.9875849E-03 1.3830537E-01 4.5869420E-02 1.8366000E-04 1.4400588E+00 1.8979973E+01 -1.1889074E-01
3.1381000E+02 2.5927000E+02 8.6700000E+00 2.6500000E+02 10 5.4696236E+01 3.1022989E-01 7.8180587E-01 -7.3228572E-02 1.6886057E-02 1.3170496E-02 1.2772385E-02 7.1321056E-04 2.9611206E-04 9.0394337E-03 1.3387313E-04 8.7134151E-03 1.3837279E-01 5.0378444E-02 2.0309291E-04 1.4784950E+00 1.8880786E+01 -1.1092427E-01
3.1381000E+02 2.5927000E+02 8.6700000E+00 2.7000000E+02 10 5.4704139E+01 2.9237750E-01 7.4703723E-01 -7.3378403E-02 1.4170666E-02 1.1559438E-02 1.1163512E-02 7.0929496E-04 2.7473704E-04 7.6488748E-03 1.3313815E-04 7.4056915E-03 1.3857532E-01 4.2277543E-02 1.6379202E-04 1.4104286E+00 1.9049195E+01 -1.2553462E-01
3.1381000E+02 2.5927000E+02 8.6700000E+00 2.7500000E+02 10 5.4701363E+01 2.9602649E-01 7.5463270E-01 -7.3525113E-02 1.4679879E-02 1.1885540E-02 1.1492433E-02 7.0424439E-04 2.7900793E-04 7.9061111E-03 1.3219014E-04 7.6463533E-03 1.3879201E-01 4.3796810E-02 1.7106413E-04 1.4218467E+00 1.9024858E+01 -1.2308671E-01
3.1381000E+02 2.5927000E+02 8.6700000E+00 2.8000000E+02 10 5.4698970E+01 2.9903703E-01 7.6104617E-01 -7.3661515E-02 1.5100639E-02 1.2176020E-02 1.1785872E-02 6.9894356E-04 2.8398665E-04 8.1176518E-03 1.3119514E-04 7.8447336E-03 1.3899379E-01 4.5052378E-02 1.7469903E-04 1.4315380E+00 1.9008429E+01 -1.2105495E-01
3.1381000E+02 2.5927000E+02 8.6700000E+00 2.8500000E+02 10 5.4697031E+01 3.0126878E-01 7.6601310E-01 -7.3788072E-02 1.5412872E-02 1.2418601E-02 1.2031446E-02 6.9358315E-04 2.8849706E-04 8.2733192E-03 1.3018897E-04 7.9913767E-03 1.3918151E-01 4.5984365E-02 1.7644567E-04 1.4389222E+00 1.8997742E+01 -1.1954452E-01
3.1381000E+02 2.5927000E+02 8.6700000E+00 2.8900000E+02 10 5.4693400E+01 3.0731125E-01 7.7853076E-01 -7.3883188E-02 1.6313188E-02 1.3024983E-02 1.2640198E-02 6.8933628E-04 2.9938164E-04 8.7301797E-03 1.2939181E-04 8.4216185E-03 1.3932595E-01 4.8670875E-02 1.8601709E-04 1.4614842E+00 1.8953225E+01 -1.1483895E-01
3.1381000E+02 2.5927000E+02 8.6700000E+00 2.9000000E+02 10 5.4685787E+01 3.2229603E-01 8.0864993E-01 -7.3906586E-02 1.8580694E-02 1.4480965E-02 1.4096771E-02 6.8827835E-04 3.1852100E-04 9.8865355E-03 1.2919323E-04 9.5130586E-03 1.3936984E-01 5.5436960E-02 2.1389121E-04 1.5228344E+00 1.8781369E+01 -1.0270059E-01
3.1381000E+02 2.5927000E+02 8.6700000E+00 2.9500000E+02 10 5.4739897E+01 2.9135733E-01 7.3652196E-01 -6.8507150E-02 1.5572673E-02 1.2669497E-02 1.2288164E-02 6.8315311E-04 2.9606613E-04 8.3466126E-03 1.2823120E-04 8.0624271E-03 1.3120414E-01 4.6462299E-02 1.7289008E-04 1.4810913E+00 1.8962194E+01 -1.0746735E-01
3.1381000E+02 2.5927000E+02 8.6700000E+00 3.0000000E+02 10 5.4804664E+01 2.7435794E-01 6.8794036E-01 -6.0648638E-02 1.5456948E-02 1.2788590E-02 1.2410016E-02 6.7820804E-04 2.9335981E-04 8.2793665E-03 1.2730298E-04 8.0092749E-03 1.1934180E-01 4.6119738E-02 1.7274660E-04 1.5421892E+00 1.8896850E+01 -9.1497559E-02
3.1381000E+02 2.5927000E+02 8.6700000E+00 3.0100000E+02 10 5.4809793E+01 2.8761975E-01 7.1290693E-01 -5.9011268E-02 1.8054289E-02 1.4713448E-02 1.4335422E-02 6.7722628E-04 3.1493804E-04 9.5963338E-03 1.2711870E-04 9.2693356E-03 1.1688381E-01 5.3873906E-02 2.0799918E-04 1.6511293E+00 1.8650550E+01 -7.3674201E-02
3.1381000E+02 2.5927000E+02 8.6700000E+00 3.0200000E+02 10 5.4823936E+01 2.8322568E-01 7.0131290E-01 -5.7342250E-02 1.7926371E-02 1.4718965E-02 1.4341484E-02 6.7625177E-04 3.1708086E-04 9.5282884E-03 1.2693578E-04 9.2096552E-03 1.1436369E-01 5.3493288E-02 2.0444005E-04 1.6664392E+00 1.8651241E+01 -7.0751976E-02
3.1381000E+02 2.5927000E+02 8.6700000E+00 3.0300000E+02 10 5.4840199E+01 2.7751377E-01 6.8676692E-01 -5.5468368E-02 1.7667012E-02 1.4656065E-02 1.4278488E-02 6.7642379E-04 3.1791488E-04 9.3935371E-03 1.2696807E-04 9.0879755E-03 1.1153180E-01 5.2720581E-02 1.9983128E-04 1.6798250E+00 1.8656350E+01 -6.8078244E-02
3.1381000E+02 2.5927000E+02 8.6700000E+00 3.0800000E+02 10 5.4914514E+01 2.3828640E-01 5.9370644E-01 -4.7818494E-02 1.4096288E-02 1.2540502E-02 1.2161032E-02 6.7981345E-04 2.8064812E-04 7.5691451E-03 1.2760433E-04 7.3759252E-03 9.9951598E-02 4.2067406E-02 1.5422635E-04 1.6287619E+00 1.8832093E+01 -7.1123035E-02
3.1381000E+02 2.5927000E+02 8.6700000E+00 3.1300000E+02 10 5.4963863E+01 2.2111063E-01 5.5036413E-01 -4.2122135E-02 1.3361380E-02 1.2486893E-02 1.2103367E-02 6.8708138E-04 2.6616067E-04 7.1868429E-03 1.2896855E-04 7.0419138E-03 9.1329790E-02 3.9879358E-02 1.5041053E-04 1.6729150E+00 1.8784365E+01 -6.2491131E-02
3.1381000E+02 2.5927000E+02 8.6700000E+00 3.1800000E+02 10 5.4999731E+01 2.0816229E-01 5.1847949E-01 -3.8014543E-02 1.2772620E-02 1.2500036E-02 1.2111536E-02 6.9599262E-04 2.5292581E-04 6.8810343E-03 1.3064124E-04 6.7783456E-03 8.5102753E-02 3.8126692E-02 1.4657853E-04 1.7079799E+00 1.8746718E+01 -5.6394348E-02
3.1381000E+02 2.5927000E+02 8.6700000E+00 3.2300000E+02 10 5.5025651E+01 1.9829051E-01 4.9482583E-01 -3.5082759E-02 1.2276142E-02 1.2528596E-02 1.2135015E-02 7.0509398E-04 2.4030829E-04 6.6240930E-03 1.3234961E-04 6.5573052E-03 8.0650017E-02 3.6648561E-02 1.4287914E-04 1.7331081E+00 1.8720145E+01 -5.2305022E-02
3.1381000E+02 2.5927000E+02 8.6700000E+00 3.2800000E+02 10 5.5044452E+01 1.9071255E-01 4.7710838E-01 -3.2986077E-02 1.1855005E-02 1.2552324E-02 1.2153933E-02 7.1371154E-04 2.2866018E-04 6.4075844E-03 1.3396717E-04 6.3694753E-03 7.7458830E-02 3.5394424E-02 1.3955739E-04 1.7498674E+00 1.8702665E+01 -4.9632930E-02
3.1381000E+02 2.5927000E+02 8.6700000E+00 3.2900000E+02 10 5.5041838E+01 2.0156232E-01 5.0221105E-01 -3.2597557E-02 1.3848554E-02 1.4443704E-02 1.4044364E-02 7.1541141E-04 2.4448094E-04 7.4105040E-03 1.3428624E-04 7.3499087E-03 7.6883051E-02 4.1349881E-02 1.7077000E-04 1.8939585E+00 1.8439340E+01 -3.6944045E-02
3.1381000E+02 2.5927000E+02 8.6700000E+00 3.3000000E+02 10 5.5045212E+01 1.9996979E-01 4.9860631E-01 -3.2237422E-02 1.3734430E-02 1.4421883E-02 1.4021609E-02 7.1708430E-04 2.4379983E-04 7.3527058E-03 1.3460025E-04 7.2969219E-03 7.6333197E-02 4.1009464E-02 1.6765389E-04 1.8954592E+00 1.8452060E+01 -3.6706880E-02
3.1381000E+02 2.5927000E+02 8.6700000E+00 3.3500000E+02 10 5.5037335E+01 1.9072536E-01 4.7581222E-01 -3.1436455E-02 1.1183892E-02 1.2446294E-02 1.2041812E-02 7.2462218E-04 2.1419766E-04 6.0666739E-03 1.3601515E-04 6.0610353E-03 7.9181590E-02 3.3393814E-02 1.3111276E-04 1.6767716E+00 1.8785074E+01 -5.7627089E-02
3.1381000E+02 2.5927000E+02 8.6700000E+00 3.4000000E+02 10 5.5009244E+01 2.0149866E-01 4.9659445E-01 -3.1158692E-02 1.1212246E-02 1.2430496E-02 1.2022287E-02 7.3130026E-04 2.0990162E-04 6.0883018E-03 1.3726866E-04 6.0763849E-03 8.4302460E-02 3.3477274E-02 1.3428179E-04 1.6017630E+00 1.8855478E+01 -6.8189546E-02
3.1381000E+02 2.5927000E+02 8.6700000E+00 3.4500000E+02 10 5.4981018E+01 2.1401172E-01 5.2027064E-01 -3.1063789E-02 1.1540657E-02 1.2439654E-02 1.2028186E-02 7.3713899E-04 2.1231571E-04 6.2667645E-03 1.3836461E-04 6.2304194E-03 8.9241819E-02 3.4454199E-02 1.3907683E-04 1.5496019E+00 1.8904430E+01 -7.6942862E-02
3.1381000E+02 2.5927000E+02 8.6700000E+00 3.5000000E+02 10 5.4957887E+01 2.2521046E-01 5.4106658E-01 -3.1007734E-02 1.1962877E-02 1.2451206E-02 1.2036922E-02 7.4218301E-04 2.1793400E-04 6.4937313E-03 1.3931140E-04 6.4275768E-03 9.3180613E-02 3.5710431E-02 1.4377857E-04 1.5164243E+00 1.8935685E+01 -8.3250824E-02
3.1381000E+02 2.5927000E+02 8.6700000E+00 3.5500000E+02 10 5.4940522E+01 2.3420108E-01 5.5746865E-01 -3.0945800E-02 1.2368362E-02 1.2458039E-02 1.2041352E-02 7.4648726E-04 2.2443428E-04 6.7110531E-03 1.4011933E-04 6.6168250E-03 9.6072709E-02 3.6916908E-02 1.4771438E-04 1.4958113E+00 1.8955256E+01 -8.7523015E-02
3.1381000E+02 2.5927000E+02 8.6700000E+00 3.6000000E+02 10 5.4928015E+01 2.4105461E-01 5.6975788E-01 -3.0871058E-02 1.2714656E-02 1.2459707E-02 1.2040998E-02 7.5011005E-04 2.3069956E-04 6.8964281E-03 1.4079935E-04 6.7786027E-03 9.8114822E-02 3.7947283E-02 1.5078641E-04 1.4830369E+00 1.8967481E+01 -9.0335566E-02
3.1381000E+02 2.5927000E+02 8.6700000E+00 3.6500000E+02 10 5.4919173E+01 2.4615213E-01 5.7874453E-01 -3.0787848E-02 1.2994010E-02 1.2457753E-02 1.2037370E-02 7.5310953E-04 2.3628542E-04 7.0458738E-03 1.4136236E-04 6.9093241E-03 9.9531986E-02 3.8778506E-02 1.5309889E-04 1.4750711E+00 1.8975162E+01 -9.2167587E-02
3.1381000E+02 2.5927000E+02 8.6700000E+00 3.7000000E+02 10 5.4912955E+01 2.4991049E-01 5.8525945E-01 -3.0702113E-02 1.3213171E-02 1.2453878E-02 1.2032137E-02 7.5554187E-04 2.4108562E-04 7.1630159E-03 1.4181893E-04 7.0121075E-03 1.0051106E-01 3.9430653E-02 1.5480959E-04 1.4700491E+00 1.8980036E+01 -9.3360931E-02
3.1381000E+02 2.5927000E+02 8.6700000E+00 3.7500000E+02 10 5.4908567E+01 2.5268446E-01 5.8998868E-01 -3.0618511E-02 1.3383145E-02 1.2449389E-02 1.2026577E-02 7.5746033E-04 2.4513748E-04 7.2537116E-03 1.4217903E-04 7.0920406E-03 1.0119025E-01 3.9936472E-02 1.5606515E-04 1.4668363E+00 1.8983173E+01 -9.4143930E-02
3.1381000E+02 2.5927000E+02 8.6700000E+00 3.8000000E+02 10 5.4905439E+01 2.5474768E-01 5.9344969E-01 -3.0539981E-02 1.3514770E-02 1.2445134E-02 1.2021510E-02 7.5891472E-04 2.4853214E-04 7.3237560E-03 1.4245203E-04 7.1540992E-03 1.0166624E-01 4.0328199E-02 1.5698517E-04 1.4647442E+00 1.8985227E+01 -9.4664220E-02
3.1381000E+02 2.5927000E+02 8.6700000E+00 3.8500000E+02 10 5.4903179E+01 2.5630050E-01 5.9601501E-01 -3.0468057E-02 1.3617169E-02 1.2441588E-02 1.2017386E-02 7.5995133E-04 2.5136969E-04 7.3780587E-03 1.4264660E-04 7.2024464E-03 1.0200481E-01 4.0632974E-02 1.5766002E-04 1.4633534E+00 1.8986601E+01 -9.5015820E-02
3.1381000E+02 2.5927000E+02 8.6700000E+00 3.9000000E+02 10 5.4901518E+01 2.5748570E-01 5.9794632E-01 -3.0403309E-02 1.3697476E-02 1.2438967E-02 1.2014395E-02 7.6061283E-04 2.5374200E-04 7.4204725E-03 1.4277077E-04 7.2403311E-03 1.0225007E-01 4.0872011E-02 1.5815648E-04 1.4624066E+00 1.8987542E+01 -9.5258407E-02
3.1381000E+02 2.5927000E+02 8.6700000E+00 3.9500000E+02 10 5.4900275E+01 2.5840413E-01 5.9942567E-01 -3.0345713E-02 1.3761076E-02 1.2437320E-02 1.2012567E-02 7.6093841E-04 2.5572852E-04 7.4539075E-03 1.4283188E-04 7.2702163E-03 1.0243153E-01 4.1061335E-02 1.5852272E-04 1.4617442E+00 1.8988206E+01 -9.5429953E-02
3.1381000E+02 2.5927000E+02 8.6700000E+00 4.0000000E+02 10 5.4899325E+01 2.5912695E-01 6.0057965E-01 -3.0294914E-02 1.3811981E-02 1.2436601E-02 1.2011834E-02 7.6096391E-04 2.5739669E-04 7.4805250E-03 1.4283667E-04 7.2939518E-03 1.0256894E-01 4.1212875E-02 1.5879373E-04 1.4612662E+00 1.8988691E+01 -9.5554764E-02
3.1381000E+02 2.5927000E+02 8.6700000E+00 4.0500000E+02 10 5.4898585E+01 2.5970473E-01 6.0149680E-01 -3.0250390E-02 1.3853174E-02 1.2436714E-02 1.2012082E-02 7.6072203E-04 2.5880373E-04 7.5019286E-03 1.4279127E-04 7.3129251E-03 1.0267561E-01 4.1335507E-02 1.5899516E-04 1.4609090E+00 1.8989057E+01 -9.5648522E-02
3.1381000E+02 2.5927000E+02 8.6700000E+00 4.1000000E+02 10 5.4897996E+01 2.6017374E-01 6.0223961E-01 -3.0211560E-02 1.3886880E-02 1.2437540E-02 1.2013175E-02 7.6024248E-04 2.5999733E-04 7.5193072E-03 1.4270125E-04 7.3281864E-03 1.0276062E-01 4.1435848E-02 1.5914489E-04 1.4606322E+00 1.8989344E+01 -9.5721445E-02
3.1381000E+02 2.5927000E+02 8.6700000E+00 4.1200000E+02 10 5.4890732E+01 2.7450830E-01 6.3104590E-01 -3.0196901E-02 1.6068540E-02 1.3800350E-02 1.3376113E-02 7.6001447E-04 2.8207741E-04 8.6346653E-03 1.4265845E-04 8.3763969E-03 1.0280215E-01 4.7945289E-02 1.8855227E-04 1.5281651E+00 1.8845073E+01 -8.4188438E-02
3.1381000E+02 2.5927000E+02 8.6700000E+00 4.1700000E+02 10 5.4897984E+01 2.5940816E-01 6.0065954E-01 -3.0165129E-02 1.3738286E-02 1.2346976E-02 1.1923169E-02 7.5924412E-04 2.6217447E-04 7.4427992E-03 1.4251386E-04 7.2558101E-03 1.0285444E-01 4.0992306E-02 1.5507986E-04 1.4551732E+00 1.9002286E+01 -9.6746792E-02
3.1381000E+02 2.5927000E+02 8.6700000E+00 4.2200000E+02 10 5.4897586E+01 2.5976604E-01 6.0119286E-01 -3.0137685E-02 1.3765276E-02 1.2342708E-02 1.1919429E-02 7.5829694E-04 2.6112972E-04 7.4565296E-03 1.4233606E-04 7.2673965E-03 1.0290979E-01 4.1072605E-02 1.5706465E-04 1.4550259E+00 1.8998957E+01 -9.6783709E-02
3.1381000E+02 2.5927000E+02 8.6700000E+00 4.2700000E+02 10 5.4897100E+01 2.6036405E-01 6.0219635E-01 -3.0114069E-02 1.3830520E-02 1.2359784E-02 1.1937120E-02 7.5719413E-04 2.6149177E-04 7.4899665E-03 1.4212906E-04 7.2969725E-03 1.0295780E-01 4.1266989E-02 1.5829660E-04 1.4560627E+00 1.8995900E+01 -9.6604598E-02
3.1381000E+02 2.5927000E+02 8.6700000E+00 4.2900000E+02 10 5.4889824E+01 2.7483998E-01 6.3122713E-01 -3.0105204E-02 1.6034636E-02 1.3726006E-02 1.3303602E-02 7.5672940E-04 2.8352208E-04 8.6172594E-03 1.4204183E-04 8.3551183E-03 1.0298657E-01 4.7843295E-02 1.8824718E-04 1.5237726E+00 1.8851445E+01 -8.4941257E-02
3.1381000E+02 2.5927000E+02 8.6700000E+00 4.3000000E+02 10 5.4887601E+01 2.7923428E-01 6.4010961E-01 -3.0100913E-02 1.6703100E-02 1.4163038E-02 1.3740767E-02 7.5649130E-04 2.9189676E-04 8.9586170E-03 1.4199714E-04 8.6765314E-03 1.0299780E-01 4.9837973E-02 1.9515614E-04 1.5462684E+00 1.8799967E+01 -8.1366721E-02
3.1381000E+02 2.5927000E+02 8.6700000E+00 4.3500000E+02 10 5.4896415E+01 2.6163649E-01 6.0499270E-01 -3.0073398E-02 1.4035731E-02 1.2534276E-02 1.2109171E-02 7.6156935E-04 2.7056239E-04 7.5974142E-03 1.4295031E-04 7.3991269E-03 1.0296178E-01 4.1879056E-02 1.5754675E-04 1.4623770E+00 1.8990248E+01 -9.5467776E-02
3.1381000E+02 2.5927000E+02 8.6700000E+00 4.3600000E+02 10 5.4886716E+01 2.8114347E-01 6.4427817E-01 -3.0068008E-02 1.7015656E-02 1.4432620E-02 1.4006939E-02 7.6260050E-04 2.9530976E-04 9.1206403E-03 1.4314386E-04 8.8333988E-03 1.0297243E-01 5.0771067E-02 1.9965223E-04 1.5580804E+00 1.8761941E+01 -7.9532196E-02
3.1381000E+02 2.5927000E+02 8.6700000E+00 4.3700000E+02 10 5.4888034E+01 2.8115565E-01 6.4372730E-01 -2.9750594E-02 1.7054539E-02 1.4465487E-02 1.4039163E-02 7.6375215E-04 2.9934747E-04 9.1414923E-03 1.4336003E-04 8.8526277E-03 1.0270253E-01 5.0886861E-02 1.9770914E-04 1.5602709E+00 1.8770162E+01 -7.9082294E-02
3.1381000E+02 2.5927000E+02 8.6700000E+00 4.3800000E+02 10 5.4892038E+01 2.8058732E-01 6.4091938E-01 -2.8864788E-02 1.7067649E-02 1.4488797E-02 1.4061723E-02 7.6509578E-04 3.0257911E-04 9.1490098E-03 1.4361224E-04 8.8599592E-03 1.0194993E-01 5.0925877E-02 1.9616936E-04 1.5628738E+00 1.8774915E+01 -7.8350476E-02
3.1381000E+02 2.5927000E+02 8.6700000E+00 4.4300000E+02 10 5.4956079E+01 2.5500375E-01 5.6555265E-01 -1.6660289E-02 1.4475714E-02 1.2912120E-02 1.2482615E-02 7.6945133E-04 2.7967102E-04 7.8254322E-03 1.4442980E-04 7.6187747E-03 9.1605273E-02 4.3192124E-02 1.6096785E-04 1.4985066E+00 1.8946306E+01 -8.3420231E-02
3.1381000E+02 2.5927000E+02 8.6700000E+00 4.4400000E+02 10 5.4959145E+01 2.7154795E-01 5.9406802E-01 -1.3971853E-02 1.7311164E-02 1.4817385E-02 1.4387475E-02 7.7017752E-04 3.0233875E-04 9.2717169E-03 1.4456611E-04 8.9869852E-03 8.9344702E-02 5.1654515E-02 2.0042609E-04 1.6096807E+00 1.8696645E+01 -6.6181273E-02
3.1381000E+02 2.5927000E+02 8.6700000E+00 4.4500000E+02 10 5.4972174E+01 2.6963110E-01 5.8467814E-01 -1.1098287E-02 1.7331810E-02 1.4861383E-02 1.4431163E-02 7.7073088E-04 3.0529318E-04 9.2821325E-03 1.4466998E-04 8.9978971E-03 8.6913568E-02 5.1716255E-02 1.9853455E-04 1.6187245E+00 1.8698175E+01 -6.3986425E-02
3.1381000E+02 2.5927000E+02 8.6700000E+00 4.5000000E+02 10 5.5037593E+01 2.4543221E-01 5.1093662E-01 1.6126760E-03 1.4990009E-02 1.3414825E-02 1.2984724E-02 7.7051856E-04 2.8541735E-04 8.0844046E-03 1.4463012E-04 7.8723758E-03 7.6167746E-02 4.4728555E-02 1.6663560E-04 1.5551551E+00 1.8874441E+01 -6.7484878E-02
3.1381000E+02 2.5927000E+02 8.6700000E+00 4.5300000E+02 10 5.5064995E+01 2.4985228E-01 5.0696915E-01 8.6685602E-03 1.6462740E-02 1.4552050E-02 1.4122569E-02 7.6940854E-04 2.9783562E-04 8.8310136E-03 1.4442177E-04 8.5863539E-03 7.0224950E-02 4.9125594E-02 1.8594970E-04 1.6412436E+00 1.8726574E+01 -5.4310852E-02
3.1381000E+02 2.5927000E+02 8.6700000E+00 4.5400000E+02 10 5.5071490E+01 2.5602739E-01 5.1599325E-01 1.0950345E-02 1.7697802E-02 1.5540104E-02 1.5110887E-02 7.6893550E-04 3.0744771E-04 9.4565053E-03 1.4433298E-04 9.1866064E-03 6.8306976E-02 5.2813480E-02 2.0000843E-04 1.7178482E+00 1.8565570E+01 -4.5737533E-02
3.1381000E+02 2.5927000E+02 8.6700000E+00 4.5900000E+02 10 5.5128316E+01 2.3009265E-01 4.4256682E-01 2.1441385E-02 1.4807020E-02 1.3664783E-02 1.3238579E-02 7.6353684E-04 2.7926042E-04 7.9782846E-03 1.4331962E-04 7.7891143E-03 5.9477629E-02 4.4186514E-02 1.6239667E-04 1.6027438E+00 1.8830323E+01 -5.3971774E-02
3.1381000E+02 2.5927000E+02 8.6700000E+00 4.6400000E+02 10 5.5165452E+01 2.2250074E-01 4.1242314E-01 2.9420547E-02 1.4521183E-02 1.3665856E-02 1.3242806E-02 7.5788770E-04 2.6982912E-04 7.8256485E-03 1.4225925E-04 7.6512004E-03 5.2787227E-02 4.3335524E-02 1.6136955E-04 1.6153831E+00 1.8815503E+01 -4.9655029E-02
3.1381000E+02 2.5927000E+02 8.6700000E+00 4.6900000E+02 10 5.5193044E+01 2.1684448E-01 3.9009474E-01 3.5356785E-02 1.4309281E-02 1.3686993E-02 1.3266928E-02 7.5253911E-04 2.6175679E-04 7.7123924E-03 1.4125529E-04 7.5474231E-03 4.7822016E-02 4.2704654E-02 1.6044007E-04 1.6259992E+00 1.8803039E+01 -4.6429007E-02
3.1381000E+02 2.5927000E+02 8.6700000E+00 4.7400000E+02 10 5.5213530E+01 2.1250221E-01 3.7336258E-01 3.9755737E-02 1.4131338E-02 1.3711525E-02 1.3294217E-02 7.4759945E-04 2.5466830E-04 7.6174425E-03 1.4032809E-04 7.4594462E-03 4.4153108E-02 4.2174803E-02 1.5939018E-04 1.6336698E+00 1.8794306E+01 -4.4129129E-02
3.1381000E+02 2.5927000E+02 8.6700000E+00 4.7900000E+02 10 5.5228820E+01 2.0910191E-01 3.6067025E-01 4.3027461E-02 1.3974605E-02 1.3731678E-02 1.3316902E-02 7.4306335E-04 2.4860087E-04 7.5338732E-03 1.3947664E-04 7.3815670E-03 4.1433599E-02 4.1707978E-02 1.5831944E-04 1.6385897E+00 1.8788854E+01 -4.2533335E-02
3.1381000E+02 2.5927000E+02 8.6700000E+00 4.8100000E+02 10 5.5228924E+01 2.1850032E-01 3.7939325E-01 4.4179380E-02 1.5647046E-02 1.5091586E-02 1.4677789E-02 7.4131140E-04 2.6012522E-04 8.3813382E-03 1.3914780E-04 8.1921806E-03 4.0487615E-02 4.6701522E-02 1.8130389E-04 1.7614119E+00 1.8581099E+01 -3.2286283E-02
3.1381000E+02 2.5927000E+02 8.6700000E+00 4.8200000E+02 10 5.5229944E+01 2.2094604E-01 3.8410113E-01 4.4718923E-02 1.6119444E-02 1.5530791E-02 1.5117474E-02 7.4045072E-04 2.6326895E-04 8.6197111E-03 1.3898624E-04 8.4217807E-03 4.0042566E-02 4.8112296E-02 1.8630698E-04 1.8064658E+00 1.8502341E+01 -2.9141240E-02
3.1381000E+02 2.5927000E+02 8.6700000E+00 4.8700000E+02 10 5.5248229E+01 2.0209961E-01 3.3974026E-01 4.6873581E-02 1.3326705E-02 1.3472942E-02 1.3062105E-02 7.3600663E-04 2.3847728E-04 7.1982207E-03 1.3815206E-04 7.0647461E-03 3.8251538E-02 3.9775053E-02 1.4921778E-04 1.6178172E+00 1.8826361E+01 -4.3132898E-02
3.1381000E+02 2.5927000E+02 8.6700000E+00 4.9200000E+02 10 5.5256208E+01 1.9954270E-01 3.3141543E-01 4.8500344E-02 1.3098925E-02 1.3338582E-02 1.2929862E-02 7.3221484E-04 2.3201453E-04 7.0797252E-03 1.3744033E-04 6.9519349E-03 3.6916460E-02 3.9095364E-02 1.4956371E-04 1.6102694E+00 1.8831416E+01 -4.3266438E-02
3.1381000E+02 2.5927000E+02 8.6700000E+00 4.9700000E+02 10 5.5262045E+01 1.9812937E-01 3.2598367E-01 4.9750042E-02 1.2999265E-02 1.3258971E-02 1.2852098E-02 7.2890435E-04 2.2829388E-04 7.0274852E-03 1.3681893E-04 6.9005112E-03 3.5895911E-02 3.8797722E-02 1.5008169E-04 1.6080817E+00 1.8831644E+01 -4.3028229E-02
3.1381000E+02 2.5927000E+02 8.6700000E+00 5.0200000E+02 10 5.5266502E+01 1.9720512E-01 3.2206130E-01 5.0727561E-02 1.2945312E-02 1.3206294E-02 1.2801112E-02 7.2587675E-04 2.2593108E-04 6.9987134E-03 1.3625064E-04 6.8713690E-03 3.5102628E-02 3.8636489E-02 1.5034864E-04 1.6075139E+00 1.8831078E+01 -4.2736145E-02
3.1381000E+02 2.5927000E+02 8.6700000E+00 5.0500000E+02 10 5.5265230E+01 2.0390751E-01 3.3559542E-01 5.1234002E-02 1.4085972E-02 1.4050063E-02 1.3645855E-02 7.2413165E-04 2.3548022E-04 7.5783227E-03 1.3592307E-04 7.4213828E-03 3.4700334E-02 4.2041321E-02 1.6642538E-04 1.6821061E+00 1.8711618E+01 -3.6126462E-02
3.1381000E+02 2.5927000E+02 8.6700000E+00 5.0600000E+02 10 5.5262592E+01 2.1052089E-01 3.4986436E-01 5.1394530E-02 1.5183663E-02 1.4931621E-02 1.4527734E-02 7.2355692E-04 2.4332938E-04 8.1347687E-03 1.3581519E-04 7.9540091E-03 3.4577033E-02 4.5318780E-02 1.8089203E-04 1.7685905E+00 1.8558400E+01 -2.9831433E-02
3.1381000E+02 2.5927000E+02 8.6700000E+00 5.1100000E+02 10 5.5273976E+01 1.9321559E-01 3.1116549E-01 5.2082168E-02 1.2451086E-02 1.2869107E-02 1.2467143E-02 7.2011180E-04 2.2083184E-04 6.7439780E-03 1.3516853E-04 6.6273276E-03 3.4015511E-02 3.7160984E-02 1.4282273E-04 1.5833004E+00 1.8869886E+01 -4.4584430E-02
3.1381000E+02 2.5927000E+02 8.6700000E+00 5.1600000E+02 10 5.5276650E+01 1.9232951E-01 3.0786697E-01 5.2639692E-02 1.2345060E-02 1.2730448E-02 1.2330319E-02 7.1682530E-04 2.1744415E-04 6.6890753E-03 1.3455163E-04 6.5721787E-03 3.3578280E-02 3.6844134E-02 1.4424140E-04 1.5773225E+00 1.8872989E+01 -4.4967206E-02
3.1381000E+02 2.5927000E+02 8.6700000E+00 5.2100000E+02 10 5.5278580E+01 1.9213342E-01 3.0612236E-01 5.3100858E-02 1.2333163E-02 1.2648157E-02 1.2249766E-02 7.1371121E-04 2.1611004E-04 6.6827492E-03 1.3396710E-04 6.5620347E-03 3.3220662E-02 3.6808087E-02 1.4539736E-04 1.5760615E+00 1.8872252E+01 -4.4921738E-02
3.1381000E+02 2.5927000E+02 8.6700000E+00 5.2600000E+02 10 5.5280119E+01 1.9210231E-01 3.0493430E-01 5.3487564E-02 1.2342446E-02 1.2593425E-02 1.2196702E-02 7.1072382E-04 2.1555927E-04 6.6871864E-03 1.3340636E-04 6.5623854E-03 3.2924514E-02 3.6835380E-02 1.4607394E-04 1.5760208E+00 1.8871191E+01 -4.4785168E-02
3.1381000E+02 2.5927000E+02 8.6700000E+00 5.3100000E+02 10 5.5281415E+01 1.9207462E-01 3.0395198E-01 5.3816064E-02 1.2350458E-02 1.2552309E-02 1.2157196E-02 7.0783786E-04 2.1524162E-04 6.6908556E-03 1.3286465E-04 6.5624467E-03 3.2676367E-02 3.6859001E-02 1.4640063E-04 1.5760509E+00 1.8870635E+01 -4.4664949E-02
3.1381000E+02 2.5927000E+02 8.6700000E+00 5.3600000E+02 10 5.5282533E+01 1.9202363E-01 3.0307600E-01 5.4098545E-02 1.2353382E-02 1.2518494E-02 1.2124942E-02 7.0504240E-04 2.1498392E-04 6.6918542E-03 1.3233993E-04 6.5602976E-03 3.2466090E-02 3.6867515E-02 1.4653377E-04 1.5758998E+00 1.8870550E+01 -4.4580772E-02
3.1381000E+02 2.5927000E+02 8.6700000E+00 5.4100000E+02 10 5.5283506E+01 1.9195744E-01 3.0228358E-01 5.4344183E-02 1.2352389E-02 1.2489121E-02 1.2097081E-02 7.0233274E-04 2.1475216E-04 6.6908259E-03 1.3183131E-04 6.5564332E-03 3.2286022E-02 3.6864387E-02 1.4657115E-04 1.5755813E+00 1.8870767E+01 -4.4527335E-02
3.1381000E+02 2.5927000E+02 8.6700000E+00 5.4600000E+02 10 5.5284359E+01 1.9188748E-01 3.0156933E-01 5.4559978E-02 1.2349239E-02 1.2462822E-02 1.2072249E-02 6.9970562E-04 2.1454573E-04 6.6886927E-03 1.3133819E-04 6.5516612E-03 3.2130312E-02 3.6854843E-02 1.4656495E-04 1.5751586E+00 1.8871148E+01 -4.4495497E-02
3.1381000E+02 2.5927000E+02 8.6700000E+00 5.5100000E+02 10 5.5285110E+01 1.9182150E-01 3.0092898E-01 5.4751346E-02 1.2345222E-02 1.2438874E-02 1.2049723E-02 6.9715752E-04 2.1437089E-04 6.6861236E-03 1.3085990E-04 6.5465830E-03 3.1994440E-02 3.6842725E-02 1.4654076E-04 1.5746852E+00 1.8871606E+01 -4.4477828E-02
3.1381000E+02 2.5927000E+02 8.6700000E+00 5.5600000E+02 10 5.5285775E+01 1.9176352E-01 3.0035663E-01 5.4922533E-02 1.2341108E-02 1.2416835E-02 1.2029064E-02 6.9468443E-04 2.1423016E-04 6.6835110E-03 1.3039568E-04 6.5415603E-03 3.1874870E-02 3.6830322E-02 1.4651042E-04 1.5741956E+00 1.8872093E+01 -4.4469264E-02
3.1381000E+02 2.5927000E+02 8.6700000E+00 5.6100000E+02 10 5.5286367E+01 1.9171495E-01 2.9984511E-01 5.5076909E-02 1.2337291E-02 1.2396390E-02 1.2009960E-02 6.9228208E-04 2.1412242E-04 6.6810576E-03 1.2994475E-04 6.5367760E-03 3.1768807E-02 3.6818812E-02 1.4647924E-04 1.5737092E+00 1.8872582E+01 -4.4466595E-02
3.1381000E+02 2.5927000E+02 8.6700000E+00 5.6600000E+02 10 5.5286897E+01 1.9167586E-01 2.9938705E-01 5.5217176E-02 1.2333944E-02 1.2377296E-02 1.1992170E-02 6.8994626E-04 2.1404444E-04 6.6788496E-03 1.2950631E-04 6.5323077E-03 3.1674017E-02 3.6808706E-02 1.4644925E-04 1.5732357E+00 1.8873060E+01 -4.4467841E-02
3.1381000E+02 2.5927000E+02 8.6700000E+00 5.7100000E+02 10 5.5287374E+01 1.9164560E-01 2.9897536E-01 5.5345522E-02 1.2331113E-02 1.2359350E-02 1.1975493E-02 6.8767301E-04 2.1399199E-04 6.6769107E-03 1.2907961E-04 6.5281730E-03 3.1588696E-02 3.6800146E-02 1.4642094E-04 1.5727789E+00 1.8873523E+01 -4.4471784E-02
3.1381000E+02 2.5927000E+02 8.6700000E+00 5.7600000E+02 10 5.5287807E+01 1.9162320E-01 2.9860364E-01 5.5463731E-02 1.2328784E-02 1.2342381E-02 1.1959760E-02 6.8545872E-04 2.1396105E-04 6.6752339E-03 1.2866397E-04 6.5243583E-03 3.1511374E-02 3.6793085E-02 1.4639451E-04 1.5723398E+00 1.8873969E+01 -4.4477671E-02
3.1381000E+02 2.5927000E+02 8.6700000E+00 5.8100000E+02 10 5.5288201E+01 1.9160770E-01 2.9826627E-01 5.5573273E-02 1.2326915E-02 1.2326246E-02 1.1944830E-02 6.8330013E-04 2.1394774E-04 6.6738004E-03 1.2825879E-04 6.5208362E-03 3.1440846E-02 3.6787399E-02 1.4636967E-04 1.5719177E+00 1.8874399E+01 -4.4485009E-02
3.1381000E+02 2.5927000E+02 8.6700000E+00 5.8200000E+02 10 5.5280626E+01 2.0698232E-01 3.3101077E-01 5.5594846E-02 1.4792918E-02 1.4115140E-02 1.3733964E-02 6.8287061E-04 2.3247043E-04 7.9293158E-03 1.2817817E-04 7.7124066E-03 3.1441678E-02 4.4148786E-02 1.8206925E-04 1.7356175E+00 1.8586649E+01 -3.0945810E-02
3.1381000E+02 2.5927000E+02 8.6700000E+00 5.8700000E+02 10 5.5288977E+01 1.9078117E-01 2.9643049E-01 5.5667454E-02 1.2208218E-02 1.2257729E-02 1.1876256E-02 6.8340196E-04 2.1453985E-04 6.6140940E-03 1.2827791E-04 6.4628043E-03 3.1366780E-02 3.6432939E-02 1.4338545E-04 1.5659437E+00 1.8885927E+01 -4.5049051E-02
3.1381000E+02 2.5927000E+02 8.6700000E+00 5.9200000E+02 10 5.5289287E+01 1.9064814E-01 2.9603723E-01 5.5719905E-02 1.2195975E-02 1.2245896E-02 1.1863010E-02 6.8593398E-04 2.1403678E-04 6.6099380E-03 1.2875318E-04 6.4583354E-03 3.1311317E-02 3.6396300E-02 1.4435385E-04 1.5655600E+00 1.8884042E+01 -4.5062372E-02
3.1381000E+02 2.5927000E+02 8.6700000E+00 5.9700000E+02 10 5.5289454E+01 1.9074257E-01 2.9611784E-01 5.5761798E-02 1.2218529E-02 1.2256509E-02 1.1871777E-02 6.8923940E-04 2.1417800E-04 6.6241636E-03 1.2937362E-04 6.4710732E-03 3.1259092E-02 3.6463451E-02 1.4499665E-04 1.5670887E+00 1.8881004E+01 -4.4887472E-02
3.1381000E+02 2.5927000E+02 8.6700000E+00 6.0200000E+02 10 5.5289616E+01 1.9082549E-01 2.9620334E-01 5.5801206E-02 1.2240037E-02 1.2270618E-02 1.1884078E-02 6.9248070E-04 2.1440626E-04 6.6377079E-03 1.2998203E-04 6.4833956E-03 3.1209287E-02 3.6527543E-02 1.4528699E-04 1.5686397E+00 1.8878610E+01 -4.4712681E-02
3.1381000E+02 2.5927000E+02 8.6700000E+00 6.0700000E+02 10 5.5289802E+01 1.9085144E-01 2.9618085E-01 5.5841780E-02 1.2252547E-02 1.2280454E-02 1.1892336E-02 6.9530610E-04 2.1452368E-04 6.6463271E-03 1.3051238E-04 6.4911538E-03 3.1161399E-02 3.6564834E-02 1.4535190E-04 1.5696984E+00 1.8877134E+01 -4.4587935E-02
3.1381000E+02 2.5927000E+02 8.6700000E+00 6.1200000E+02 10 5.5290007E+01 1.9083604E-01 2.9606416E-01 5.5884480E-02 1.2257592E-02 1.2284269E-02 1.1894852E-02 6.9763349E-04 2.1452115E-04 6.6508133E-03 1.3094924E-04 6.4949436E-03 3.1115242E-02 3.6579862E-02 1.4531148E-04 1.5702794E+00 1.8876348E+01 -4.4510950E-02
3.1381000E+02 2.5927000E+02 8.6700000E+00 6.1700000E+02 10 5.5290221E+01 1.9080112E-01 2.9588949E-01 5.5929176E-02 1.2258156E-02 1.2282613E-02 1.1892158E-02 6.9949373E-04 2.1446562E-04 6.6527427E-03 1.3129841E-04 6.4961859E-03 3.1070709E-02 3.6581520E-02 1.4522872E-04 1.5705170E+00 1.8876018E+01 -4.4468147E-02
3.1381000E+02 2.5927000E+02 8.6700000E+00 6.2200000E+02 10 5.5290436E+01 1.9076154E-01 2.9568583E-01 5.5975435E-02 1.2256517E-02 1.2276648E-02 1.1885379E-02 7.0095266E-04 2.1439490E-04 6.6533289E-03 1.3157226E-04 6.4960137E-03 3.1027698E-02 3.6576591E-02 1.4513779E-04 1.5705335E+00 1.8875959E+01 -4.4447357E-02
3.1381000E+02 2.5927000E+02 8.6700000E+00 6.2700000E+02 10 5.5290647E+01 1.9072521E-01 2.9547135E-01 5.6022820E-02 1.2254043E-02 1.2267515E-02 1.1875617E-02 7.0207870E-04 2.1432915E-04 6.6533114E-03 1.3178363E-04 6.4951425E-03 3.0986079E-02 3.6569162E-02 1.4505158E-04 1.5704151E+00 1.8876061E+01 -4.4440083E-02
3.1381000E+02 2.5927000E+02 8.6700000E+00 6.3200000E+02 10 5.5290853E+01 1.9069528E-01 2.9525587E-01 5.6070986E-02 1.2251449E-02 1.2256149E-02 1.1863775E-02 7.0293149E-04 2.1427688E-04 6.6530847E-03 1.3194370E-04 6.4939718E-03 3.0945714E-02 3.6561366E-02 1.4497462E-04 1.5702164E+00 1.8876254E+01 -4.4440958E-02
3.1381000E+02 2.5927000E+02 8.6700000E+00 6.3700000E+02 10 5.5291054E+01 1.9067249E-01 2.9504419E-01 5.6119677E-02 1.2249061E-02 1.2243260E-02 1.1850536E-02 7.0355947E-04 2.1423871E-04 6.6528388E-03 1.3206157E-04 6.4927047E-03 3.0906460E-02 3.6554181E-02 1.4490662E-04 1.5699704E+00 1.8876501E+01 -4.4446725E-02
3.1381000E+02 2.5927000E+02 8.6700000E+00 6.4200000E+02 10 5.5291248E+01 1.9065633E-01 2.9483822E-01 5.6168720E-02 1.2246997E-02 1.2229368E-02 1.1836397E-02 7.0400077E-04 2.1421302E-04 6.6526533E-03 1.3214441E-04 6.4914320E-03 3.0868187E-02 3.6547955E-02 1.4484684E-04 1.5696968E+00 1.8876778E+01 -4.4455449E-02
3.1381000E+02 2.5927000E+02 8.6700000E+00 6.4700000E+02 10 5.5291438E+01 1.9064587E-01 2.9463841E-01 5.6217991E-02 1.2245268E-02 1.2214844E-02 1.1821714E-02 7.0428505E-04 2.1419702E-04 6.6525477E-03 1.3219777E-04 6.4901892E-03 3.0830779E-02 3.6542728E-02 1.4479371E-04 1.5694071E+00 1.8877074E+01 -4.4465992E-02
3.1381000E+02 2.5927000E+02 8.6700000E+00 6.5000000E+02 10 5.5287849E+01 1.9808045E-01 3.1034182E-01 5.6247615E-02 1.3441545E-02 1.3044631E-02 1.2651435E-02 7.0440456E-04 2.2564242E-04 7.2638306E-03 1.3222020E-04 7.0661350E-03 3.0815601E-02 4.0113125E-02 1.6141391E-04 1.6405829E+00 1.8763840E+01 -3.7962522E-02
