x y z_datum Time Well_no H2O H O Charge Al C Ca Cl Fe K Mg Na S Si U pH pe Alkalinity
3.1381000E+02 2.5927000E+02 8.6700000E+00 0.0000000E+00 10 9.9704301E-01 7.2098600E-06 6.6484776E-04 -3.2324431E-06 0.0000000E+00 1.0067647E-04 6.3262499E-05 4.3211171E-04 0.0000000E+00 2.8240956E-04 5.5605062E-05 2.2967748E-04 1.4127542E-04 0.0000000E+00 0.0000000E+00 7.0300000E+00 1.1068788E+01 7.1999443E-03
3.1381000E+02 2.5927000E+02 8.6700000E+00 5.0000000E+00 10 5.5327267E+01 2.0128462E-02 6.4177651E-02 -3.0119050E-03 0.0000000E+00 7.1889043E-03 1.3538103E-03 1.0453472E-02 0.0000000E+00 6.1949676E-03 1.9621682E-03 8.5684199E-03 1.0895094E-02 0.0000000E+00 0.0000000E+00 2.3165320E+00 1.8074909E+01 -7.8609702E-03
3.1381000E+02 2.5927000E+02 8.6700000E+00 1.0000000E+01 10 5.5307697E+01 3.5331123E-02 1.0866565E-01 -2.7164937E-03 1.1253444E-03 7.6716623E-03 3.1337075E-03 8.1296693E-03 1.5995830E-05 5.3739857E-03 1.5259789E-03 7.2266186E-03 1.9601379E-02 3.3647839E-03 1.6727267E-05 1.9668624E+00 1.8466315E+01 -1.9339396E-02
3.1381000E+02 2.5927000E+02 8.6700000E+00 1.5000000E+01 10 5.5285405E+01 5.9695439E-02 1.5634796E-01 -2.4667271E-03 2.6732267E-03 7.9244706E-03 4.4832307E-03 6.1649231E-03 3.7497701E-05 4.9851719E-03 1.1571864E-03 6.3785976E-03 2.6963258E-02 7.9887628E-03 3.9297315E-05 1.8485291E+00 1.8602953E+01 -2.6951615E-02
3.1381000E+02 2.5927000E+02 8.6700000E+00 2.0000000E+01 10 5.5267661E+01 8.0279097E-02 1.9453294E-01 -2.2825193E-03 4.0300483E-03 8.1058800E-03 5.4734895E-03 4.7158832E-03 5.8581478E-05 4.8102180E-03 8.8519448E-04 5.8544929E-03 3.2393284E-02 1.2040437E-02 5.8839984E-05 1.7944372E+00 1.8665722E+01 -3.1707884E-02
3.1381000E+02 2.5927000E+02 8.6700000E+00 2.5000000E+01 10 5.5254752E+01 9.5628693E-02 2.2276938E-01 -2.1531269E-03 5.0920439E-03 8.2648075E-03 6.2005738E-03 3.6980397E-03 7.6715409E-05 4.7434705E-03 6.9414024E-04 5.5381051E-03 3.6207757E-02 1.5211153E-02 7.3772440E-05 1.7681098E+00 1.8696291E+01 -3.4545749E-02
3.1381000E+02 2.5927000E+02 8.6700000E+00 3.0000000E+01 10 5.5245592E+01 1.0668235E-01 2.4315431E-01 -2.0632817E-03 5.8875693E-03 8.4133087E-03 6.7435818E-03 2.9912875E-03 9.1188848E-05 4.7267410E-03 5.6147937E-04 5.3464134E-03 3.8856543E-02 1.7586123E-02 8.4613953E-05 1.7551717E+00 1.8711378E+01 -3.6204930E-02
3.1381000E+02 2.5927000E+02 8.6700000E+00 3.5000000E+01 10 5.5239113E+01 1.1456863E-01 2.5781395E-01 -2.0005603E-03 6.4721961E-03 8.5533477E-03 7.1590279E-03 2.4979004E-03 1.0229417E-04 4.7297565E-03 4.6886818E-04 5.2269374E-03 4.0705769E-02 1.9331450E-02 9.2324728E-05 1.7489331E+00 1.8718748E+01 -3.7171997E-02
3.1381000E+02 2.5927000E+02 8.6700000E+00 4.0000000E+01 10 5.5234500E+01 1.2020407E-01 2.6841943E-01 -1.9561588E-03 6.8991142E-03 8.6847235E-03 7.4853689E-03 2.1486235E-03 1.1060754E-04 4.7383111E-03 4.0330720E-04 5.1489047E-03 4.2014931E-02 2.0605984E-02 9.7781177E-05 1.7460938E+00 1.8722207E+01 -3.7739256E-02
3.1381000E+02 2.5927000E+02 8.6700000E+00 4.5000000E+01 10 5.5231179E+01 1.2425618E-01 2.7618038E-01 -1.9241218E-03 7.2112702E-03 8.8071110E-03 7.7484295E-03 1.8966099E-03 1.1677248E-04 4.7464279E-03 3.5600301E-04 5.0947658E-03 4.2959576E-02 2.1537940E-02 1.0165819E-04 1.7449732E+00 1.8723680E+01 -3.8076621E-02
3.1381000E+02 2.5927000E+02 8.6700000E+00 5.0000000E+01 10 5.5228750E+01 1.2720262E-01 2.8195180E-01 -1.9004828E-03 7.4412970E-03 8.9204560E-03 7.9655725E-03 1.7106577E-03 1.2134431E-04 4.7521283E-03 3.2109886E-04 5.0548247E-03 4.3656630E-02 2.2224731E-02 1.0444071E-04 1.7447148E+00 1.8724150E+01 -3.8280648E-02
3.1381000E+02 2.5927000E+02 8.6700000E+00 5.5000000E+01 10 5.5226939E+01 1.2937837E-01 2.8632736E-01 -1.8826090E-03 7.6129024E-03 9.0249655E-03 8.1485650E-03 1.5700567E-03 1.2476697E-04 4.7551423E-03 2.9470737E-04 5.0236320E-03 4.4183708E-02 2.2737126E-02 1.0646652E-04 1.7448750E+00 1.8724123E+01 -3.8406642E-02
3.1381000E+02 2.5927000E+02 8.6700000E+00 6.0000000E+01 10 5.5225561E+01 1.3101459E-01 2.8971548E-01 -1.8687493E-03 7.7429307E-03 9.1210271E-03 8.3054841E-03 1.4610316E-03 1.2737078E-04 4.7558460E-03 2.7424281E-04 4.9980740E-03 4.4592434E-02 2.3125402E-02 1.0796687E-04 1.7452231E+00 1.8723866E+01 -3.8486541E-02
3.1381000E+02 2.5927000E+02 8.6700000E+00 6.5000000E+01 10 5.5224487E+01 1.3226982E-01 2.9239643E-01 -1.8577322E-03 7.8431988E-03 9.2091367E-03 8.4419691E-03 1.3743678E-03 1.2938886E-04 4.7547542E-03 2.5797560E-04 4.9763492E-03 4.4917345E-02 2.3424829E-02 1.0910055E-04 1.7456392E+00 1.8723513E+01 -3.8539013E-02
3.1381000E+02 2.5927000E+02 8.6700000E+00 6.6000000E+01 10 5.5218369E+01 1.4439705E-01 3.2132332E-01 -1.8556340E-03 9.9222129E-03 1.1212761E-02 1.0454806E-02 1.3578624E-03 1.4839219E-04 5.7871896E-03 2.5487745E-04 5.9863000E-03 4.4996968E-02 2.9635236E-02 1.4355371E-04 1.9282159E+00 1.8435373E+01 -2.6237512E-02
3.1381000E+02 2.5927000E+02 8.6700000E+00 6.7000000E+01 10 5.5218321E+01 1.4432940E-01 3.2120170E-01 -1.8536332E-03 9.8956789E-03 1.1195178E-02 1.0446009E-02 1.3421232E-03 1.5045795E-04 5.7646922E-03 2.5192313E-04 5.9600297E-03 4.5054701E-02 2.9555624E-02 1.4107094E-04 1.9238894E+00 1.8452150E+01 -2.6495376E-02
3.1381000E+02 2.5927000E+02 8.6700000E+00 7.2000000E+01 10 5.5220489E+01 1.3330678E-01 2.9510069E-01 -1.8119418E-03 7.7225094E-03 9.1639907E-03 8.4509498E-03 1.2774006E-03 1.3084983E-04 4.6354313E-03 2.3977438E-04 4.8388148E-03 4.5859669E-02 2.3064317E-02 1.0502848E-04 1.7187549E+00 1.8906082E+01 -4.1032160E-02
3.1381000E+02 2.5927000E+02 8.6700000E+00 7.7000000E+01 10 5.5214955E+01 1.3618067E-01 3.0135065E-01 -1.7619563E-03 7.8629731E-03 9.2298982E-03 8.5471727E-03 1.2230912E-03 1.4414353E-04 4.6753578E-03 2.2958024E-04 4.8614598E-03 4.6837188E-02 2.3483324E-02 1.3338794E-04 1.7077375E+00 1.8978840E+01 -4.2267423E-02
3.1381000E+02 2.5927000E+02 8.6700000E+00 8.2000000E+01 10 5.5209967E+01 1.3913988E-01 3.0769798E-01 -1.7191026E-03 8.0583522E-03 9.3283210E-03 8.6714843E-03 1.1767118E-03 1.6219770E-04 4.7481819E-03 2.2087460E-04 4.9168281E-03 4.7684939E-02 2.4066087E-02 1.6528236E-04 1.7029899E+00 1.9014807E+01 -4.2939404E-02
3.1381000E+02 2.5927000E+02 8.6700000E+00 8.7000000E+01 10 5.5206128E+01 1.4155265E-01 3.1288561E-01 -1.6865610E-03 8.2316242E-03 9.4243547E-03 8.7899639E-03 1.1365005E-03 1.7916891E-04 4.8132319E-03 2.1332673E-04 4.9667807E-03 4.8341487E-02 2.4582940E-02 1.9230633E-04 1.7009399E+00 1.9033852E+01 -4.3322170E-02
3.1381000E+02 2.5927000E+02 8.6700000E+00 9.1000000E+01 10 5.5202305E+01 1.4601705E-01 3.2302164E-01 -1.6664314E-03 8.8439636E-03 9.9355046E-03 9.3172514E-03 1.1075902E-03 2.0230605E-04 5.1054926E-03 2.0790012E-04 5.2416479E-03 4.8771197E-02 2.6411191E-02 2.2767332E-04 1.7335508E+00 1.9005438E+01 -4.0619279E-02
3.1381000E+02 2.5927000E+02 8.6700000E+00 9.2000000E+01 10 5.5197172E+01 1.5562471E-01 3.4563175E-01 -1.6617509E-03 1.0458971E-02 1.1416694E-02 1.0802367E-02 1.1005563E-03 2.4054539E-04 5.9129491E-03 2.0657982E-04 6.0285983E-03 4.8923757E-02 3.1234879E-02 2.9487970E-04 1.8594423E+00 1.8864897E+01 -3.1294233E-02
3.1381000E+02 2.5927000E+02 8.6700000E+00 9.7000000E+01 10 5.5197068E+01 1.4451947E-01 3.2057961E-01 -2.1915420E-03 8.2483968E-03 9.4264390E-03 8.8295561E-03 1.0693056E-03 2.0085582E-04 4.7834040E-03 2.0071391E-04 4.9180152E-03 5.0080266E-02 2.4632312E-02 2.1747241E-04 1.6766931E+00 1.9085278E+01 -4.6152703E-02
3.1381000E+02 2.5927000E+02 8.6700000E+00 1.0200000E+02 10 5.5189022E+01 1.4770954E-01 3.2858563E-01 -2.8828844E-03 8.4110587E-03 9.4952206E-03 8.9139824E-03 1.0412785E-03 2.1222224E-04 4.8506740E-03 1.9545310E-04 4.9723774E-03 5.1487893E-02 2.5117396E-02 2.3711456E-04 1.6685060E+00 1.9105731E+01 -4.7444068E-02
3.1381000E+02 2.5927000E+02 8.6700000E+00 1.0700000E+02 10 5.5182082E+01 1.5075161E-01 3.3603399E-01 -3.4771620E-03 8.6021063E-03 9.5836809E-03 9.0165856E-03 1.0159416E-03 2.2415692E-04 4.9341653E-03 1.9069723E-04 5.0424462E-03 5.2678016E-02 2.5687123E-02 2.5480972E-04 1.6647220E+00 1.9118024E+01 -4.8245596E-02
3.1381000E+02 2.5927000E+02 8.6700000E+00 1.1200000E+02 10 5.5176840E+01 1.5317230E-01 3.4191247E-01 -3.9178184E-03 8.7657382E-03 9.6664765E-03 9.1122555E-03 9.9287765E-04 2.3490556E-04 5.0048285E-03 1.8636802E-04 5.1013979E-03 5.3577324E-02 2.6175122E-02 2.6906635E-04 1.6629718E+00 1.9125258E+01 -4.8745565E-02
3.1381000E+02 2.5927000E+02 8.6700000E+00 1.1700000E+02 10 5.5173054E+01 1.5499007E-01 3.4631489E-01 -4.2272534E-03 8.8934243E-03 9.7377824E-03 9.1953518E-03 9.7175526E-04 2.4388257E-04 5.0580712E-03 1.8240324E-04 5.1448991E-03 5.4233516E-02 2.6555951E-02 2.7991327E-04 1.6621683E+00 1.9129557E+01 -4.9063893E-02
3.1381000E+02 2.5927000E+02 8.6700000E+00 1.2200000E+02 10 5.5170336E+01 1.5634244E-01 3.4959134E-01 -4.4413664E-03 8.9908799E-03 9.7985673E-03 9.2669927E-03 9.5230694E-04 2.5114283E-04 5.0966876E-03 1.7875270E-04 5.1754369E-03 5.4712508E-02 2.6846640E-02 2.8799413E-04 1.6618307E+00 1.9132146E+01 -4.9271051E-02
3.1381000E+02 2.5927000E+02 8.6700000E+00 1.2400000E+02 10 5.5164386E+01 1.6693457E-01 3.7379482E-01 -4.5140199E-03 1.0720935E-02 1.1254755E-02 1.0727382E-02 9.4477980E-04 2.9731831E-04 5.9651397E-03 1.7733981E-04 6.0143407E-03 5.4946142E-02 3.2012664E-02 3.6427763E-04 1.7695670E+00 1.9013437E+01 -3.9589641E-02
3.1381000E+02 2.5927000E+02 8.6700000E+00 1.2500000E+02 10 5.5162555E+01 1.6997044E-01 3.8099411E-01 -4.5473711E-03 1.1220690E-02 1.1716568E-02 1.1191262E-02 9.4107740E-04 3.1175909E-04 6.2145014E-03 1.7664486E-04 6.2561155E-03 5.5042865E-02 3.3505148E-02 3.8378788E-04 1.8060255E+00 1.8973906E+01 -3.6759591E-02
3.1381000E+02 2.5927000E+02 8.6700000E+00 1.3000000E+02 10 5.5168043E+01 1.5652136E-01 3.5070286E-01 -4.6609984E-03 8.9047416E-03 9.7659431E-03 9.2510101E-03 9.2249376E-04 2.5665679E-04 5.0360162E-03 1.7315662E-04 5.1083421E-03 5.5243250E-02 2.6589162E-02 2.8344150E-04 1.6514418E+00 1.9146382E+01 -5.0525718E-02
3.1381000E+02 2.5927000E+02 8.6700000E+00 1.3100000E+02 10 5.5160830E+01 1.7065178E-01 3.8280073E-01 -4.6819808E-03 1.1246088E-02 1.1740325E-02 1.1227494E-02 9.1872771E-04 3.1738248E-04 6.2142736E-03 1.7244971E-04 6.2500069E-03 5.5397401E-02 3.3580988E-02 3.9368571E-04 1.8021427E+00 1.8978626E+01 -3.7155966E-02
3.1381000E+02 2.5927000E+02 8.6700000E+00 1.3200000E+02 10 5.5160620E+01 1.7065620E-01 3.8282730E-01 -4.7013802E-03 1.1232989E-02 1.1728491E-02 1.1217723E-02 9.1503218E-04 3.1760746E-04 6.2060786E-03 1.7175604E-04 6.2397986E-03 5.5444570E-02 3.3541519E-02 3.8731206E-04 1.8002087E+00 1.8981890E+01 -3.7319519E-02
3.1381000E+02 2.5927000E+02 8.6700000E+00 1.3700000E+02 10 5.5159658E+01 1.5873143E-01 3.5722162E-01 -5.9372114E-03 8.9275528E-03 9.7895561E-03 9.2885051E-03 8.9762439E-04 2.6136530E-04 5.0332933E-03 1.6848851E-04 5.0984510E-03 5.6932354E-02 2.6656974E-02 2.8664815E-04 1.6390665E+00 1.9136568E+01 -5.2490158E-02
3.1381000E+02 2.5927000E+02 8.6700000E+00 1.4200000E+02 10 5.5149082E+01 1.6260346E-01 3.6726839E-01 -7.5297825E-03 9.1493797E-03 9.9089788E-03 9.4170782E-03 8.8123163E-04 2.6101137E-04 5.1370915E-03 1.6541151E-04 5.1914847E-03 5.8910783E-02 2.7318755E-02 2.8985880E-04 1.6347646E+00 1.9101404E+01 -5.3736713E-02
3.1381000E+02 2.5927000E+02 8.6700000E+00 1.4700000E+02 10 5.5139670E+01 1.6634491E-01 3.7669067E-01 -8.9208340E-03 9.3941603E-03 1.0042663E-02 9.5593316E-03 8.6588014E-04 2.5530080E-04 5.2534996E-03 1.6252996E-04 5.2960881E-03 6.0625226E-02 2.8048909E-02 2.7992889E-04 1.6333434E+00 1.9056287E+01 -5.4565260E-02
3.1381000E+02 2.5927000E+02 8.6700000E+00 1.5200000E+02 10 5.5132439E+01 1.6932164E-01 3.8409988E-01 -9.9738467E-03 9.5968850E-03 1.0158970E-02 9.6836444E-03 8.5153725E-04 2.4636934E-04 5.3489729E-03 1.5983773E-04 5.3813596E-03 6.1924696E-02 2.8653624E-02 2.6212911E-04 1.6328816E+00 1.9008520E+01 -5.5120066E-02
3.1381000E+02 2.5927000E+02 8.6700000E+00 1.5700000E+02 10 5.5127164E+01 1.7154477E-01 3.8959461E-01 -1.0729628E-02 9.7508894E-03 1.0252689E-02 9.7848475E-03 8.3812985E-04 2.3644057E-04 5.4200195E-03 1.5732109E-04 5.4440842E-03 6.2864660E-02 2.9113031E-02 2.4152555E-04 1.6327268E+00 1.8962899E+01 -5.5496597E-02
3.1381000E+02 2.5927000E+02 8.6700000E+00 1.6200000E+02 10 5.5123357E+01 1.7318480E-01 3.9362782E-01 -1.1264509E-02 9.8657244E-03 1.0327312E-02 9.8664825E-03 8.2556893E-04 2.2696995E-04 5.4714825E-03 1.5496335E-04 5.4887581E-03 6.3539561E-02 2.9455608E-02 2.2139901E-04 1.6326891E+00 1.8923163E+01 -5.5755077E-02
3.1381000E+02 2.5927000E+02 8.6700000E+00 1.6700000E+02 10 5.5120588E+01 1.7440544E-01 3.9662045E-01 -1.1644589E-02 9.9519947E-03 1.0387565E-02 9.9333244E-03 8.1376471E-04 2.1864658E-04 5.5087470E-03 1.5274764E-04 5.5203797E-03 6.4029738E-02 2.9712983E-02 2.0346576E-04 1.6327093E+00 1.8891954E+01 -5.5934819E-02
3.1381000E+02 2.5927000E+02 8.6700000E+00 1.6800000E+02 10 5.5112836E+01 1.8918467E-01 4.2944153E-01 -1.1714916E-02 1.2355101E-02 1.2347271E-02 1.1894331E-02 8.1143341E-04 2.4150059E-04 6.7210036E-03 1.5231004E-04 6.6910815E-03 6.4143882E-02 3.6888589E-02 2.4506552E-04 1.7697739E+00 1.8669303E+01 -4.2382809E-02
3.1381000E+02 2.5927000E+02 8.6700000E+00 1.6900000E+02 10 5.5112483E+01 1.8913948E-01 4.2942091E-01 -1.1780026E-02 1.2330300E-02 1.2328278E-02 1.1876624E-02 8.0913097E-04 2.4157781E-04 6.7078100E-03 1.5187786E-04 6.6762075E-03 6.4226508E-02 3.6814155E-02 2.3710459E-04 1.7671771E+00 1.8672268E+01 -4.2637319E-02
3.1381000E+02 2.5927000E+02 8.6700000E+00 1.7400000E+02 10 5.5126259E+01 1.6723418E-01 3.9114589E-01 -1.6153481E-02 9.8081419E-03 1.0311592E-02 9.8660058E-03 7.9826059E-04 2.0864250E-04 5.4271554E-03 1.4983744E-04 5.4371763E-03 6.3152527E-02 2.9283319E-02 1.7625307E-04 1.6872239E+00 1.8816326E+01 -5.0413692E-02
3.1381000E+02 2.5927000E+02 8.6700000E+00 1.7500000E+02 10 5.5121489E+01 1.7836917E-01 4.1946161E-01 -1.7193010E-02 1.1957607E-02 1.2250036E-02 1.1805649E-02 7.9611157E-04 2.2813322E-04 6.5067921E-03 1.4943406E-04 6.4899039E-03 6.2904237E-02 3.5703582E-02 2.1343746E-04 1.8498070E+00 1.8561523E+01 -3.6228381E-02
3.1381000E+02 2.5927000E+02 8.6700000E+00 1.7600000E+02 10 5.5123786E+01 1.7561195E-01 4.1657472E-01 -1.8367981E-02 1.1829034E-02 1.2219020E-02 1.1775819E-02 7.9398701E-04 2.2705977E-04 6.4392409E-03 1.4903527E-04 6.4270425E-03 6.2583761E-02 3.5320182E-02 2.0660292E-04 1.8673841E+00 1.8548654E+01 -3.4991634E-02
3.1381000E+02 2.5927000E+02 8.6700000E+00 1.8100000E+02 10 5.5074077E+01 1.7053587E-01 4.2487695E-01 -2.9061445E-02 9.2628837E-03 1.0217757E-02 9.7801806E-03 7.8391146E-04 1.9384986E-04 5.1345133E-03 1.4714404E-04 5.1699764E-03 7.3268571E-02 2.7658895E-02 1.5405692E-04 1.6377377E+00 1.8856426E+01 -6.0279562E-02
3.1381000E+02 2.5927000E+02 8.6700000E+00 1.8600000E+02 10 5.4992184E+01 1.9114581E-01 4.8767264E-01 -4.0102919E-02 9.4798270E-03 1.0276274E-02 9.8440462E-03 7.7432886E-04 1.9027055E-04 5.2414223E-03 1.4534534E-04 5.2642910E-03 8.8300561E-02 2.8305343E-02 1.5225918E-04 1.5458419E+00 1.8937810E+01 -7.8582046E-02
3.1381000E+02 2.5927000E+02 8.6700000E+00 1.9100000E+02 10 5.4917668E+01 2.1328191E-01 5.4831163E-01 -4.9101307E-02 1.0057726E-02 1.0365014E-02 9.9378859E-03 7.6519316E-04 1.9415110E-04 5.5384375E-03 1.4363052E-04 5.5258339E-03 1.0170359E-01 3.0026154E-02 1.5442415E-04 1.4849645E+00 1.8991442E+01 -9.4166762E-02
3.1381000E+02 2.5927000E+02 8.6700000E+00 1.9600000E+02 10 5.4860126E+01 2.3195745E-01 5.9704244E-01 -5.5746664E-02 1.0709890E-02 1.0449338E-02 1.0027081E-02 7.5646502E-04 2.0169807E-04 5.8751508E-03 1.4199221E-04 5.8215054E-03 1.1190998E-01 3.1967733E-02 1.5732825E-04 1.4486682E+00 1.9023160E+01 -1.0537635E-01
3.1381000E+02 2.5927000E+02 8.6700000E+00 2.0100000E+02 10 5.4818343E+01 2.4636446E-01 6.3356371E-01 -6.0480360E-02 1.1304399E-02 1.0521517E-02 1.0103924E-02 7.4811053E-04 2.1064295E-04 6.1818619E-03 1.4042403E-04 6.0906605E-03 1.1924035E-01 3.3737564E-02 1.5981353E-04 1.4273847E+00 1.9041626E+01 -1.1294439E-01
3.1381000E+02 2.5927000E+02 8.6700000E+00 2.0600000E+02 10 5.4788546E+01 2.5713703E-01 6.6033454E-01 -6.3829735E-02 1.1803717E-02 1.0583089E-02 1.0169968E-02 7.4010012E-04 2.1967508E-04 6.4386292E-03 1.3892043E-04 6.3161716E-03 1.2441987E-01 3.5224057E-02 1.6165665E-04 1.4148627E+00 1.9052407E+01 -1.1794944E-01
3.1381000E+02 2.5927000E+02 8.6700000E+00 2.1100000E+02 10 5.4767261E+01 2.6514116E-01 6.7994116E-01 -6.6217340E-02 1.2208858E-02 1.0637235E-02 1.0228408E-02 7.3240776E-04 2.2803401E-04 6.6460109E-03 1.3747654E-04 6.4984724E-03 1.2809050E-01 3.6430282E-02 1.6293516E-04 1.4074529E+00 1.9058704E+01 -1.2125467E-01
3.1381000E+02 2.5927000E+02 8.6700000E+00 2.1600000E+02 10 5.4751888E+01 2.7111250E-01 6.9443144E-01 -6.7944717E-02 1.2533091E-02 1.0686536E-02 1.0281838E-02 7.2501035E-04 2.3540083E-04 6.8110892E-03 1.3608801E-04 6.6435615E-03 1.3072441E-01 3.7395737E-02 1.6378385E-04 1.4030561E+00 1.9062366E+01 -1.2345522E-01
3.1381000E+02 2.5927000E+02 8.6700000E+00 2.2100000E+02 10 5.4740604E+01 2.7561337E-01 7.0529812E-01 -6.9218507E-02 1.2791906E-02 1.0732636E-02 1.0331914E-02 7.1788720E-04 2.4172947E-04 6.9420419E-03 1.3475096E-04 6.7585314E-03 1.3264832E-01 3.8166510E-02 1.6432931E-04 1.4004560E+00 1.9064459E+01 -1.2494048E-01
3.1381000E+02 2.5927000E+02 8.6700000E+00 2.2600000E+02 10 5.4732156E+01 2.7905726E-01 7.1359845E-01 -7.0178468E-02 1.2999568E-02 1.0776428E-02 1.0379539E-02 7.1101969E-04 2.4709137E-04 7.0462773E-03 1.3346189E-04 6.8500371E-03 1.3408369E-01 3.8785044E-02 1.6466418E-04 1.3989401E+00 1.9065621E+01 -1.2596021E-01
3.1381000E+02 2.5927000E+02 8.6700000E+00 2.3100000E+02 10 5.4725690E+01 2.8174078E-01 7.2007199E-01 -7.0918908E-02 1.3167993E-02 1.0818335E-02 1.0425146E-02 7.0439097E-04 2.5160928E-04 7.1299426E-03 1.3221765E-04 6.9236801E-03 1.3517978E-01 3.9286801E-02 1.6485917E-04 1.3980864E+00 1.9066219E+01 -1.2667383E-01
3.1381000E+02 2.5927000E+02 8.6700000E+00 2.3600000E+02 10 5.4720626E+01 2.8387405E-01 7.2523318E-01 -7.1503641E-02 1.3306557E-02 1.0858534E-02 1.0468921E-02 6.9798574E-04 2.5541240E-04 7.1978994E-03 1.3101536E-04 6.9838400E-03 1.3603732E-01 3.9699684E-02 1.6496209E-04 1.3976414E+00 1.9066479E+01 -1.2718359E-01
3.1381000E+02 2.5927000E+02 8.6700000E+00 2.4100000E+02 10 5.4716568E+01 2.8560471E-01 7.2943897E-01 -7.1976100E-02 1.3422328E-02 1.0897097E-02 1.0510942E-02 6.9179005E-04 2.5862207E-04 7.2538566E-03 1.2985240E-04 7.0337713E-03 1.3672457E-01 4.0044725E-02 1.6500693E-04 1.3974493E+00 1.9066531E+01 -1.2755580E-01
3.1381000E+02 2.5927000E+02 8.6700000E+00 2.4600000E+02 10 5.4713243E+01 2.8703651E-01 7.3293754E-01 -7.2366100E-02 1.3520512E-02 1.0934066E-02 1.0551260E-02 6.8579117E-04 2.6134243E-04 7.3005821E-03 1.2872638E-04 7.0758277E-03 1.3728809E-01 4.0337410E-02 1.6501304E-04 1.3974129E+00 1.9066466E+01 -1.2783401E-01
3.1381000E+02 2.5927000E+02 8.6700000E+00 2.5100000E+02 10 5.4710463E+01 2.8824240E-01 7.3590246E-01 -7.2694329E-02 1.3604910E-02 1.0969483E-02 1.0589922E-02 6.7997742E-04 2.6366388E-04 7.3401207E-03 1.2763511E-04 7.1117022E-03 1.3775997E-01 4.0589049E-02 1.6499705E-04 1.3974707E+00 1.9066330E+01 -1.2804716E-01
3.1381000E+02 2.5927000E+02 8.6700000E+00 2.5600000E+02 10 5.4708098E+01 2.8927416E-01 7.3845644E-01 -7.2975331E-02 1.3678310E-02 1.1003400E-02 1.0626987E-02 6.7433811E-04 2.6566049E-04 7.3739833E-03 1.2657658E-04 7.1426214E-03 1.3816259E-01 4.0807935E-02 1.6496670E-04 1.3975833E+00 1.9066160E+01 -1.2821470E-01
3.1381000E+02 2.5927000E+02 8.6700000E+00 2.6100000E+02 10 5.4706053E+01 2.9016902E-01 7.4068747E-01 -7.3219490E-02 1.3742785E-02 1.1035881E-02 1.0662524E-02 6.6886341E-04 2.6739270E-04 7.4032953E-03 1.2554895E-04 7.1694921E-03 1.3851176E-01 4.1000233E-02 1.6492912E-04 1.3977257E+00 1.9065973E+01 -1.2834979E-01
3.1381000E+02 2.5927000E+02 8.6700000E+00 2.6400000E+02 10 5.4699951E+01 3.0065760E-01 7.6171547E-01 -7.3354543E-02 1.5289421E-02 1.1954240E-02 1.1582684E-02 6.6563582E-04 2.8486451E-04 8.1925076E-03 1.2494312E-04 7.9092581E-03 1.3871191E-01 4.5613937E-02 1.8564138E-04 1.4335929E+00 1.8989529E+01 -1.2044426E-01
3.1381000E+02 2.5927000E+02 8.6700000E+00 2.6500000E+02 10 5.4694612E+01 3.1080810E-01 7.8197149E-01 -7.3398352E-02 1.6810213E-02 1.2887352E-02 1.2516393E-02 6.6456625E-04 2.9962048E-04 8.9689354E-03 1.2474235E-04 8.6395243E-03 1.3878116E-01 5.0151138E-02 2.0551421E-04 1.4717650E+00 1.8890924E+01 -1.1244185E-01
3.1381000E+02 2.5927000E+02 8.6700000E+00 2.7000000E+02 10 5.4702521E+01 2.9282523E-01 7.4690929E-01 -7.3558616E-02 1.4066585E-02 1.1262000E-02 1.0893141E-02 6.6080478E-04 2.7843233E-04 7.5629147E-03 1.2403631E-04 7.3196022E-03 1.3899515E-01 4.1966245E-02 1.6523842E-04 1.4037885E+00 1.9058780E+01 -1.2721009E-01
3.1381000E+02 2.5927000E+02 8.6700000E+00 2.7500000E+02 10 5.4699650E+01 2.9654441E-01 7.5461121E-01 -7.3715534E-02 1.4581417E-02 1.1582282E-02 1.1216310E-02 6.5563293E-04 2.8314150E-04 7.8223742E-03 1.2306552E-04 7.5634284E-03 1.3922463E-01 4.3502249E-02 1.7260944E-04 1.4150894E+00 1.9034641E+01 -1.2476638E-01
3.1381000E+02 2.5927000E+02 8.6700000E+00 2.8000000E+02 10 5.4697177E+01 2.9961349E-01 7.6111680E-01 -7.3860957E-02 1.5007097E-02 1.1868556E-02 1.1505479E-02 6.5044650E-04 2.8835642E-04 8.0358247E-03 1.2209201E-04 7.7649203E-03 1.3943690E-01 4.4772457E-02 1.7638725E-04 1.4246920E+00 1.9018121E+01 -1.2273510E-01
3.1381000E+02 2.5927000E+02 8.6700000E+00 2.8500000E+02 10 5.4695180E+01 3.0187130E-01 7.6611519E-01 -7.3995358E-02 1.5320245E-02 1.2105413E-02 1.1745126E-02 6.4544794E-04 2.9302596E-04 8.1913248E-03 1.2115375E-04 7.9131300E-03 1.3963274E-01 4.5707136E-02 1.7817645E-04 1.4319356E+00 1.9007478E+01 -1.2124112E-01
3.1381000E+02 2.5927000E+02 8.6700000E+00 2.8900000E+02 10 5.4691510E+01 3.0793094E-01 7.7865765E-01 -7.4096181E-02 1.6222546E-02 1.2705459E-02 1.2347321E-02 6.4159816E-04 3.0404708E-04 8.6487243E-03 1.2043113E-04 8.3453087E-03 1.3978267E-01 4.8399463E-02 1.8800910E-04 1.4541887E+00 1.8963138E+01 -1.1654530E-01
3.1381000E+02 2.5927000E+02 8.6700000E+00 2.9000000E+02 10 5.4683841E+01 3.2301453E-01 8.0896253E-01 -7.4120974E-02 1.8506842E-02 1.4160389E-02 1.3802783E-02 6.4064525E-04 3.2332562E-04 9.8139010E-03 1.2025226E-04 9.4446213E-03 1.3982810E-01 5.5215428E-02 2.1663114E-04 1.5150656E+00 1.8791114E+01 -1.0434122E-01
3.1381000E+02 2.5927000E+02 8.6700000E+00 2.9500000E+02 10 5.4738803E+01 2.9170654E-01 7.3588704E-01 -6.8629738E-02 1.5467304E-02 1.2336855E-02 1.1981790E-02 6.3609261E-04 3.0088774E-04 8.2563569E-03 1.1939771E-04 7.9812862E-03 1.3151937E-01 4.6146984E-02 1.7450821E-04 1.4736262E+00 1.8972280E+01 -1.0906215E-01
3.1381000E+02 2.5927000E+02 8.6700000E+00 3.0000000E+02 10 5.4805663E+01 2.7417262E-01 6.8569822E-01 -6.0517396E-02 1.5347944E-02 1.2448414E-02 1.2095789E-02 6.3172138E-04 2.9828936E-04 8.1863253E-03 1.1857721E-04 7.9281545E-03 1.1926989E-01 4.5793639E-02 1.7426263E-04 1.5356075E+00 1.8906147E+01 -9.2589717E-02
3.1381000E+02 2.5927000E+02 8.6700000E+00 3.0100000E+02 10 5.4811218E+01 2.8738752E-01 7.1047385E-01 -5.8824212E-02 1.7959723E-02 1.4373001E-02 1.4020860E-02 6.3085415E-04 3.1990337E-04 9.5108441E-03 1.1841443E-04 9.1950646E-03 1.1672722E-01 5.3590724E-02 2.1040799E-04 1.6442526E+00 1.8659890E+01 -7.4591525E-02
3.1381000E+02 2.5927000E+02 8.6700000E+00 3.0200000E+02 10 5.4825845E+01 2.8285001E-01 6.9849266E-01 -5.7097912E-02 1.7828503E-02 1.4379084E-02 1.4027423E-02 6.2999372E-04 3.2173476E-04 9.4408994E-03 1.1825292E-04 9.1341735E-03 1.1411990E-01 5.3200262E-02 2.0688752E-04 1.6598943E+00 1.8659165E+01 -7.1562409E-02
3.1381000E+02 2.5927000E+02 8.6700000E+00 3.0300000E+02 10 5.4842024E+01 2.7729885E-01 6.8439479E-01 -5.5223363E-02 1.7600916E-02 1.4358884E-02 1.4005997E-02 6.3219137E-04 3.2271782E-04 9.3227789E-03 1.1866543E-04 9.0302940E-03 1.1128368E-01 5.2522471E-02 2.0238135E-04 1.6747382E+00 1.8661324E+01 -6.8665977E-02
3.1381000E+02 2.5927000E+02 8.6700000E+00 3.0800000E+02 10 5.4916112E+01 2.3829343E-01 5.9175132E-01 -4.7589844E-02 1.4054407E-02 1.2268241E-02 1.1910425E-02 6.4102007E-04 2.8597445E-04 7.5135194E-03 1.2032262E-04 7.3349330E-03 9.9713720E-02 4.1941802E-02 1.5587916E-04 1.6248709E+00 1.8837359E+01 -7.1569189E-02
3.1381000E+02 2.5927000E+02 8.6700000E+00 3.1300000E+02 10 5.4964649E+01 2.2150624E-01 5.4920142E-01 -4.1980983E-02 1.3343476E-02 1.2206187E-02 1.1844190E-02 6.4851074E-04 2.7156953E-04 7.1450172E-03 1.2172865E-04 7.0111723E-03 9.1221536E-02 3.9825201E-02 1.5203537E-04 1.6681728E+00 1.8790611E+01 -6.3032007E-02
3.1381000E+02 2.5927000E+02 8.6700000E+00 3.1800000E+02 10 5.4999617E+01 2.0899136E-01 5.1822421E-01 -3.7969863E-02 1.2781135E-02 1.2213884E-02 1.1848006E-02 6.5546440E-04 2.5856185E-04 6.8540011E-03 1.2303389E-04 6.7561823E-03 8.5143745E-02 3.8151220E-02 1.4835012E-04 1.7022589E+00 1.8753892E+01 -5.7043220E-02
3.1381000E+02 2.5927000E+02 8.6700000E+00 3.2300000E+02 10 5.5024794E+01 1.9949166E-01 4.9537550E-01 -3.5116470E-02 1.2309520E-02 1.2244456E-02 1.1875079E-02 6.6173165E-04 2.4654790E-04 6.6108403E-03 1.2421029E-04 6.5419782E-03 8.0815728E-02 3.6747186E-02 1.4478695E-04 1.7267182E+00 1.8727969E+01 -5.3020881E-02
3.1381000E+02 2.5927000E+02 8.6700000E+00 3.2800000E+02 10 5.5043034E+01 1.9220305E-01 4.7832124E-01 -3.3078488E-02 1.1910113E-02 1.2276783E-02 1.1904384E-02 6.6714554E-04 2.3566214E-04 6.4057503E-03 1.2522650E-04 6.3597581E-03 7.7720668E-02 3.5557876E-02 1.4155906E-04 1.7431771E+00 1.8710805E+01 -5.0376859E-02
3.1381000E+02 2.5927000E+02 8.6700000E+00 3.2900000E+02 10 5.5040300E+01 2.0313940E-01 5.0370527E-01 -3.2700942E-02 1.3924631E-02 1.4171373E-02 1.3798389E-02 6.6819300E-04 2.5200034E-04 7.4196995E-03 1.2542311E-04 7.3489860E-03 7.7163205E-02 4.1575792E-02 1.7329089E-04 1.8859422E+00 1.8448656E+01 -3.7621068E-02
3.1381000E+02 2.5927000E+02 8.6700000E+00 3.3000000E+02 10 5.5043571E+01 2.0160745E-01 5.0024563E-01 -3.2351056E-02 1.3816265E-02 1.4153547E-02 1.3779999E-02 6.6920420E-04 2.5159369E-04 7.3648570E-03 1.2561292E-04 7.2978047E-03 7.6630449E-02 4.1252525E-02 1.7031772E-04 1.8875531E+00 1.8460368E+01 -3.7376065E-02
3.1381000E+02 2.5927000E+02 8.6700000E+00 3.3500000E+02 10 5.5035203E+01 1.9253774E-01 4.7781980E-01 -3.1593300E-02 1.1259228E-02 1.2186304E-02 1.1810428E-02 6.7337626E-04 2.2248652E-04 6.0733497E-03 1.2639604E-04 6.0563043E-03 7.9573644E-02 3.3617696E-02 1.3317478E-04 1.6706582E+00 1.8792623E+01 -5.8453924E-02
3.1381000E+02 2.5927000E+02 8.6700000E+00 3.4000000E+02 10 5.5005935E+01 2.0381011E-01 4.9970850E-01 -3.1365915E-02 1.1305688E-02 1.2187287E-02 1.1809522E-02 6.7676033E-04 2.1828145E-04 6.1020507E-03 1.2703124E-04 6.0779308E-03 8.4906556E-02 3.3755260E-02 1.3638935E-04 1.5950909E+00 1.8863744E+01 -6.9287654E-02
3.1381000E+02 2.5927000E+02 8.6700000E+00 3.4500000E+02 10 5.4976883E+01 2.1667688E-01 5.2421974E-01 -3.1311741E-02 1.1649513E-02 1.2217953E-02 1.1838673E-02 6.7947411E-04 2.2010180E-04 6.2865554E-03 1.2754063E-04 6.2368016E-03 8.9996134E-02 3.4778177E-02 1.4133079E-04 1.5429944E+00 1.8912547E+01 -7.8199133E-02
3.1381000E+02 2.5927000E+02 8.6700000E+00 3.5000000E+02 10 5.4953514E+01 2.2793536E-01 5.4529686E-01 -3.1283429E-02 1.2074246E-02 1.2250668E-02 1.1870186E-02 6.8162862E-04 2.2503136E-04 6.5133382E-03 1.2794505E-04 6.4325640E-03 9.3986414E-02 3.6041920E-02 1.4606824E-04 1.5103088E+00 1.8943251E+01 -8.4531205E-02
3.1381000E+02 2.5927000E+02 8.6700000E+00 3.5500000E+02 10 5.4936240E+01 2.3680307E-01 5.6164021E-01 -3.1240921E-02 1.2472356E-02 1.2276780E-02 1.1895355E-02 6.8331701E-04 2.3125211E-04 6.7257798E-03 1.2826196E-04 6.6157028E-03 9.6876529E-02 3.7226426E-02 1.4994619E-04 1.4902162E+00 1.8962275E+01 -8.8770661E-02
3.1381000E+02 2.5927000E+02 8.6700000E+00 3.6000000E+02 10 5.4923911E+01 2.4347613E-01 5.7376289E-01 -3.1181320E-02 1.2807260E-02 1.2295772E-02 1.1913623E-02 6.8461289E-04 2.3765183E-04 6.9045726E-03 1.2850521E-04 6.7694979E-03 9.8903472E-02 3.8222849E-02 1.5292241E-04 1.4778196E+00 1.8974108E+01 -9.1547661E-02
3.1381000E+02 2.5927000E+02 8.6700000E+00 3.6500000E+02 10 5.4915224E+01 2.4840069E-01 5.8258819E-01 -3.1110642E-02 1.3074858E-02 1.2309272E-02 1.1926587E-02 6.8557306E-04 2.4360281E-04 7.0475611E-03 1.2868544E-04 6.8921427E-03 1.0030914E-01 3.9019006E-02 1.5514427E-04 1.4700763E+00 1.8981557E+01 -9.3359165E-02
3.1381000E+02 2.5927000E+02 8.6700000E+00 3.7000000E+02 10 5.4909119E+01 2.5201302E-01 5.8897488E-01 -3.1035125E-02 1.3283308E-02 1.2318969E-02 1.1935911E-02 6.8624135E-04 2.4878811E-04 7.1589981E-03 1.2881088E-04 6.9875094E-03 1.0128277E-01 3.9639178E-02 1.5678215E-04 1.4651635E+00 1.8986314E+01 -9.4546169E-02
3.1381000E+02 2.5927000E+02 8.6700000E+00 3.7500000E+02 10 5.4904812E+01 2.5466844E-01 5.9360455E-01 -3.0959330E-02 1.3443980E-02 1.2326146E-02 1.1942859E-02 6.8665222E-04 2.5312587E-04 7.2447814E-03 1.2888800E-04 7.0609860E-03 1.0196010E-01 4.0117211E-02 1.5797949E-04 1.4619937E+00 1.8989404E+01 -9.5330845E-02
3.1381000E+02 2.5927000E+02 8.6700000E+00 3.8000000E+02 10 5.4901749E+01 2.5663485E-01 5.9698359E-01 -3.0886150E-02 1.3567660E-02 1.2331697E-02 1.1948308E-02 6.8683369E-04 2.5667426E-04 7.3106012E-03 1.2892206E-04 7.1175768E-03 1.0243522E-01 4.0485202E-02 1.5885511E-04 1.4599117E+00 1.8991443E+01 -9.5855710E-02
3.1381000E+02 2.5927000E+02 8.6700000E+00 3.8500000E+02 10 5.4899546E+01 2.5810725E-01 5.9947636E-01 -3.0817224E-02 1.3663294E-02 1.2336224E-02 1.1952849E-02 6.8680940E-04 2.5954240E-04 7.3612911E-03 1.2891750E-04 7.1613153E-03 1.0277238E-01 4.0769763E-02 1.5949204E-04 1.4585162E+00 1.8992824E+01 -9.6212087E-02
3.1381000E+02 2.5927000E+02 8.6700000E+00 3.9000000E+02 10 5.4897939E+01 2.5922484E-01 6.0134053E-01 -3.0753340E-02 1.3737844E-02 1.2340121E-02 1.1956863E-02 6.8659998E-04 2.6185241E-04 7.4006715E-03 1.2887819E-04 7.1952850E-03 1.0301518E-01 4.0991606E-02 1.5995854E-04 1.4575580E+00 1.8993780E+01 -9.6458672E-02
3.1381000E+02 2.5927000E+02 8.6700000E+00 3.9500000E+02 10 5.4896748E+01 2.6008621E-01 6.0275685E-01 -3.0694737E-02 1.3796564E-02 1.2343634E-02 1.1960586E-02 6.8622399E-04 2.6372021E-04 7.4316161E-03 1.2880762E-04 7.2218236E-03 1.0319315E-01 4.1166355E-02 1.6030045E-04 1.4568807E+00 1.8994460E+01 -9.6633344E-02
3.1381000E+02 2.5927000E+02 8.6700000E+00 4.0000000E+02 10 5.4895849E+01 2.6076130E-01 6.0385195E-01 -3.0641320E-02 1.3843370E-02 1.2346903E-02 1.1964148E-02 6.8569837E-04 2.6524267E-04 7.4562514E-03 1.2870896E-04 7.2426936E-03 1.0332629E-01 4.1305658E-02 1.6055088E-04 1.4563855E+00 1.8994961E+01 -9.6760597E-02
3.1381000E+02 2.5927000E+02 8.6700000E+00 4.0500000E+02 10 5.4895157E+01 2.6129944E-01 6.0471438E-01 -3.0592814E-02 1.3881149E-02 1.2349999E-02 1.1967612E-02 6.8503881E-04 2.6649641E-04 7.4761246E-03 1.2858515E-04 7.2592187E-03 1.0342815E-01 4.1418096E-02 1.6073396E-04 1.4560092E+00 1.8995347E+01 -9.6856397E-02
3.1381000E+02 2.5927000E+02 8.6700000E+00 4.1000000E+02 10 5.4894612E+01 2.6173629E-01 6.0540696E-01 -3.0548846E-02 1.3912062E-02 1.2352950E-02 1.1970998E-02 6.8425990E-04 2.6754077E-04 7.4923733E-03 1.2843895E-04 7.2724172E-03 1.0350799E-01 4.1510104E-02 1.6086789E-04 1.4557118E+00 1.8995656E+01 -9.6931060E-02
3.1381000E+02 2.5927000E+02 8.6700000E+00 4.1200000E+02 10 5.4887352E+01 2.7608682E-01 6.3430531E-01 -3.0531960E-02 1.6104302E-02 1.3718096E-02 1.3336329E-02 6.8393014E-04 2.8942105E-04 8.6136534E-03 1.2837705E-04 8.3249613E-03 1.0354759E-01 4.8050923E-02 1.9077325E-04 1.5227545E+00 1.8851385E+01 -8.5347716E-02
3.1381000E+02 2.5927000E+02 8.6700000E+00 4.1700000E+02 10 5.4894677E+01 2.6089735E-01 6.0369105E-01 -3.0493715E-02 1.3754820E-02 1.2261533E-02 1.1880281E-02 6.8300521E-04 2.6944436E-04 7.4122848E-03 1.2820344E-04 7.1946745E-03 1.0359418E-01 4.1040743E-02 1.5673863E-04 1.4501264E+00 1.9008722E+01 -9.7986658E-02
3.1381000E+02 2.5927000E+02 8.6700000E+00 4.2200000E+02 10 5.4894310E+01 2.6125183E-01 6.0420568E-01 -3.0459043E-02 1.3782158E-02 1.2257570E-02 1.1876885E-02 6.8199191E-04 2.6838298E-04 7.4267450E-03 1.2801324E-04 7.2057965E-03 1.0364385E-01 4.1122107E-02 1.5868540E-04 1.4499975E+00 1.9005458E+01 -9.8017388E-02
3.1381000E+02 2.5927000E+02 8.6700000E+00 4.2700000E+02 10 5.4893848E+01 2.6185980E-01 6.0521678E-01 -3.0427570E-02 1.3849687E-02 1.2276648E-02 1.1896571E-02 6.8090150E-04 2.6863419E-04 7.4617717E-03 1.2780856E-04 7.2360681E-03 1.0368603E-01 4.1323312E-02 1.5994519E-04 1.4510968E+00 1.9002294E+01 -9.7821176E-02
3.1381000E+02 2.5927000E+02 8.6700000E+00 4.2900000E+02 10 5.4886569E+01 2.7636731E-01 6.3435987E-01 -3.0415470E-02 1.6066067E-02 1.3645282E-02 1.3265455E-02 6.8045368E-04 2.9047969E-04 8.5958609E-03 1.2772450E-04 8.2995127E-03 1.0371262E-01 4.7936025E-02 1.9041264E-04 1.5183500E+00 1.8857825E+01 -8.6101083E-02
3.1381000E+02 2.5927000E+02 8.6700000E+00 4.3000000E+02 10 5.4884349E+01 2.8076785E-01 6.4327539E-01 -3.0409539E-02 1.6738363E-02 1.4083598E-02 1.3703898E-02 6.8022695E-04 2.9867311E-04 8.9394308E-03 1.2768194E-04 8.6224892E-03 1.0372274E-01 4.9942053E-02 1.9752831E-04 1.5406866E+00 1.8805783E+01 -8.2507543E-02
3.1381000E+02 2.5927000E+02 8.6700000E+00 4.3500000E+02 10 5.4893263E+01 2.6319820E-01 6.0819693E-01 -3.0368868E-02 1.4078321E-02 1.2479526E-02 1.2095003E-02 6.8886630E-04 2.7752850E-04 7.5843989E-03 1.2930359E-04 7.3513357E-03 1.0365303E-01 4.2005255E-02 1.5947051E-04 1.4583956E+00 1.8994923E+01 -9.6476439E-02
3.1381000E+02 2.5927000E+02 8.6700000E+00 4.3600000E+02 10 5.4883570E+01 2.8273979E-01 6.4763101E-01 -3.0360823E-02 1.7074748E-02 1.4384518E-02 1.3999083E-02 6.9049983E-04 3.0237883E-04 9.1168587E-03 1.2961021E-04 8.7935317E-03 1.0365741E-01 5.0946383E-02 2.0197330E-04 1.5537139E+00 1.8765990E+01 -8.0449474E-02
3.1381000E+02 2.5927000E+02 8.6700000E+00 4.3700000E+02 10 5.4884593E+01 2.8282244E-01 6.4735800E-01 -3.0106606E-02 1.7118776E-02 1.4422704E-02 1.4036453E-02 6.9196084E-04 3.0628956E-04 9.1407248E-03 1.2988445E-04 8.8152812E-03 1.0343894E-01 5.1077519E-02 2.0019345E-04 1.5559749E+00 1.8773003E+01 -8.0008440E-02
3.1381000E+02 2.5927000E+02 8.6700000E+00 4.3800000E+02 10 5.4888030E+01 2.8237355E-01 6.4502743E-01 -2.9341213E-02 1.7137072E-02 1.4449166E-02 1.4062177E-02 6.9328326E-04 3.0939030E-04 9.1511698E-03 1.3013268E-04 8.8247788E-03 1.0278862E-01 5.1131966E-02 1.9880207E-04 1.5584618E+00 1.8777139E+01 -7.9334969E-02
3.1381000E+02 2.5927000E+02 8.6700000E+00 4.4300000E+02 10 5.4952957E+01 2.5658058E-01 5.6849270E-01 -1.6910891E-02 1.4498827E-02 1.2811401E-02 1.2426442E-02 6.8964902E-04 2.8659475E-04 7.8002257E-03 1.2945051E-04 7.5537778E-03 9.2310665E-02 4.3260091E-02 1.6288502E-04 1.4924984E+00 1.8953467E+01 -8.4670119E-02
3.1381000E+02 2.5927000E+02 8.6700000E+00 4.4400000E+02 10 5.4956339E+01 2.7312708E-01 5.9686337E-01 -1.4139249E-02 1.7346665E-02 1.4707273E-02 1.4322834E-02 6.8871555E-04 3.0938407E-04 9.2525600E-03 1.2927530E-04 8.9257859E-03 8.9991649E-02 5.1759248E-02 2.0290669E-04 1.6022576E+00 1.8704481E+01 -6.7363081E-02
3.1381000E+02 2.5927000E+02 8.6700000E+00 4.4500000E+02 10 5.4969839E+01 2.7115036E-01 5.8710851E-01 -1.1154236E-02 1.7365802E-02 1.4746580E-02 1.4362616E-02 6.8786550E-04 3.1218339E-04 9.2617033E-03 1.2911574E-04 8.9344786E-03 8.7476101E-02 5.1816457E-02 2.0114275E-04 1.6111138E+00 1.8705243E+01 -6.5124340E-02
3.1381000E+02 2.5927000E+02 8.6700000E+00 4.5000000E+02 10 5.5037151E+01 2.4666408E-01 5.1184508E-01 1.9820372E-03 1.5009523E-02 1.3296794E-02 1.2913958E-02 6.8584418E-04 2.9224430E-04 8.0562386E-03 1.2873633E-04 7.7998637E-03 7.6383364E-02 4.4785725E-02 1.6867416E-04 1.5484693E+00 1.8882306E+01 -6.8413687E-02
3.1381000E+02 2.5927000E+02 8.6700000E+00 4.5300000E+02 10 5.5065204E+01 2.5103961E-01 5.0751983E-01 9.1888928E-03 1.6495181E-02 1.4438257E-02 1.4056228E-02 6.8439904E-04 3.0457945E-04 8.8100749E-03 1.2846507E-04 8.5189300E-03 7.0315313E-02 4.9221268E-02 1.8839525E-04 1.6340805E+00 1.8734088E+01 -5.5076762E-02
3.1381000E+02 2.5927000E+02 8.6700000E+00 4.5400000E+02 10 5.5071860E+01 2.5721184E-01 5.1651276E-01 1.1508510E-02 1.7740009E-02 1.5428491E-02 1.5046733E-02 6.8391454E-04 3.1426570E-04 9.4409308E-03 1.2837412E-04 9.1234585E-03 6.8365550E-02 5.2938233E-02 2.0278576E-04 1.7101061E+00 1.8571039E+01 -4.6432919E-02
3.1381000E+02 2.5927000E+02 8.6700000E+00 4.5900000E+02 10 5.5128542E+01 2.3131494E-01 4.4310100E-01 2.1967459E-02 1.4838337E-02 1.3552989E-02 1.3173769E-02 6.7936547E-04 2.8638144E-04 7.9571777E-03 1.2752024E-04 7.7220359E-03 5.9558423E-02 4.4279052E-02 1.6441429E-04 1.5957752E+00 1.8838434E+01 -5.4724411E-02
3.1381000E+02 2.5927000E+02 8.6700000E+00 4.6400000E+02 10 5.5165065E+01 2.2388084E-01 4.1349326E-01 2.9812217E-02 1.4563764E-02 1.3553288E-02 1.3175898E-02 6.7608814E-04 2.7734645E-04 7.8104747E-03 1.2690507E-04 7.5927823E-03 5.2968686E-02 4.3461818E-02 1.6330863E-04 1.6081765E+00 1.8824047E+01 -5.0431868E-02
3.1381000E+02 2.5927000E+02 8.6700000E+00 4.6900000E+02 10 5.5192011E+01 2.1840530E-01 3.9175062E-01 3.5609451E-02 1.4365857E-02 1.3574302E-02 1.3198563E-02 6.7312946E-04 2.6955101E-04 7.7036227E-03 1.2634971E-04 7.4999055E-03 4.8108296E-02 4.2872806E-02 1.6243239E-04 1.6187218E+00 1.8811619E+01 -4.7221452E-02
3.1381000E+02 2.5927000E+02 8.6700000E+00 4.7400000E+02 10 5.5212020E+01 2.1418718E-01 3.7542621E-01 3.9904044E-02 1.4196673E-02 1.3595854E-02 1.3221679E-02 6.7032872E-04 2.6260954E-04 7.6116377E-03 1.2582400E-04 7.4207047E-03 4.4516899E-02 4.2369157E-02 1.6144559E-04 1.6262173E+00 1.8803018E+01 -4.4943800E-02
3.1381000E+02 2.5927000E+02 8.6700000E+00 4.7900000E+02 10 5.5227011E+01 2.1085002E-01 3.6294890E-01 4.3108175E-02 1.4042725E-02 1.3610010E-02 1.3237334E-02 6.6764326E-04 2.5644678E-04 7.5275363E-03 1.2531992E-04 7.3487536E-03 4.1845952E-02 4.1910685E-02 1.6041495E-04 1.6308044E+00 1.8797903E+01 -4.3379141E-02
3.1381000E+02 2.5927000E+02 8.6700000E+00 4.8100000E+02 10 5.5226988E+01 2.2033487E-01 3.8190172E-01 4.4238460E-02 1.5732065E-02 1.4968102E-02 1.4596015E-02 6.6658680E-04 2.6835250E-04 8.3828451E-03 1.2512162E-04 8.1691809E-03 4.0915344E-02 4.6954481E-02 1.8392579E-04 1.7518040E+00 1.8590837E+01 -3.3075751E-02
3.1381000E+02 2.5927000E+02 8.6700000E+00 4.8200000E+02 10 5.5227964E+01 2.2279376E-01 3.8668327E-01 4.4768451E-02 1.6210093E-02 1.5406387E-02 1.5034593E-02 6.6606300E-04 2.7169168E-04 8.6234170E-03 1.2502330E-04 8.4025992E-03 4.0476966E-02 4.8381968E-02 1.8911797E-04 1.7960434E+00 1.8511645E+01 -2.9913265E-02
3.1381000E+02 2.5927000E+02 8.6700000E+00 4.8700000E+02 10 5.5246204E+01 2.0379217E-01 3.4199616E-01 4.6891238E-02 1.3381606E-02 1.3336008E-02 1.2965801E-02 6.6322010E-04 2.4578046E-04 7.1809885E-03 1.2448967E-04 7.0334351E-03 3.8705814E-02 3.9938321E-02 1.5123358E-04 1.6093293E+00 1.8836193E+01 -4.4084757E-02
3.1381000E+02 2.5927000E+02 8.6700000E+00 4.9200000E+02 10 5.5254118E+01 2.0124664E-01 3.3368431E-01 4.8501721E-02 1.3153575E-02 1.3194846E-02 1.2825881E-02 6.6099327E-04 2.3877148E-04 7.0614385E-03 1.2407169E-04 6.9236874E-03 3.7378213E-02 3.9257982E-02 1.5150696E-04 1.6017324E+00 1.8841506E+01 -4.4232720E-02
3.1381000E+02 2.5927000E+02 8.6700000E+00 4.9700000E+02 10 5.5259904E+01 1.9986917E-01 3.2831414E-01 4.9742458E-02 1.3058129E-02 1.3113852E-02 1.2746071E-02 6.5887259E-04 2.3455612E-04 7.0108979E-03 1.2367363E-04 6.8764424E-03 3.6361181E-02 3.8972951E-02 1.5208130E-04 1.5996942E+00 1.8841524E+01 -4.3979145E-02
3.1381000E+02 2.5927000E+02 8.6700000E+00 5.0200000E+02 10 5.5264337E+01 1.9896275E-01 3.2441882E-01 5.0716084E-02 1.3006365E-02 1.3060451E-02 1.2693825E-02 6.5680463E-04 2.3180533E-04 6.9829727E-03 1.2328546E-04 6.8499906E-03 3.5568419E-02 3.8818272E-02 1.5238631E-04 1.5991860E+00 1.8840858E+01 -4.3677428E-02
3.1381000E+02 2.5927000E+02 8.6700000E+00 5.0500000E+02 10 5.5263036E+01 2.0571965E-01 3.3805491E-01 5.1221824E-02 1.4156881E-02 1.3903400E-02 1.3537458E-02 6.5557795E-04 2.4154576E-04 7.5675458E-03 1.2305520E-04 7.4054762E-03 3.5165484E-02 4.2252368E-02 1.6882870E-04 1.6725763E+00 1.8722281E+01 -3.7026999E-02
3.1381000E+02 2.5927000E+02 8.6700000E+00 5.0600000E+02 10 5.5260384E+01 2.1235990E-01 3.5243036E-01 5.1382294E-02 1.5266323E-02 1.4784836E-02 1.4419122E-02 6.5517050E-04 2.4981917E-04 8.1299490E-03 1.2297873E-04 7.9439776E-03 3.5041920E-02 4.5564770E-02 1.8360580E-04 1.7575453E+00 1.8569791E+01 -3.0683399E-02
3.1381000E+02 2.5927000E+02 8.6700000E+00 5.1100000E+02 10 5.5271880E+01 1.9486950E-01 3.1330451E-01 5.2076267E-02 1.2497838E-02 1.2713426E-02 1.2349345E-02 6.5224370E-04 2.2635523E-04 6.7198309E-03 1.2242935E-04 6.6018876E-03 3.4474724E-02 3.7300132E-02 1.4473521E-04 1.5746605E+00 1.8880052E+01 -4.5596059E-02
3.1381000E+02 2.5927000E+02 8.6700000E+00 5.1600000E+02 10 5.5274588E+01 1.9399571E-01 3.0998870E-01 5.2642886E-02 1.2394081E-02 1.2573195E-02 1.2210412E-02 6.4991871E-04 2.2265862E-04 6.6666690E-03 1.2199294E-04 6.5486467E-03 3.4026908E-02 3.6990132E-02 1.4610713E-04 1.5689003E+00 1.8883061E+01 -4.5961394E-02
3.1381000E+02 2.5927000E+02 8.6700000E+00 5.2100000E+02 10 5.5276561E+01 1.9382055E-01 3.0825115E-01 5.3116160E-02 1.2386688E-02 1.2493063E-02 1.2131510E-02 6.4771605E-04 2.2105231E-04 6.6634423E-03 1.2157949E-04 6.5411759E-03 3.3656210E-02 3.6967563E-02 1.4730382E-04 1.5679379E+00 1.8881963E+01 -4.5879822E-02
3.1381000E+02 2.5927000E+02 8.6700000E+00 5.2600000E+02 10 5.5278170E+01 1.9378691E-01 3.0702048E-01 5.3518728E-02 1.2397499E-02 1.2439230E-02 1.2078879E-02 6.4556251E-04 2.2030460E-04 6.6694034E-03 1.2117526E-04 6.5427069E-03 3.3344098E-02 3.6999438E-02 1.4799409E-04 1.5680425E+00 1.8880733E+01 -4.5719536E-02
3.1381000E+02 2.5927000E+02 8.6700000E+00 5.3100000E+02 10 5.5279558E+01 1.9373958E-01 3.0595155E-01 5.3866532E-02 1.2404632E-02 1.2396821E-02 1.2037649E-02 6.4345051E-04 2.1985875E-04 6.6732763E-03 1.2077883E-04 6.5427957E-03 3.3077294E-02 3.7020457E-02 1.4832035E-04 1.5680897E+00 1.8880151E+01 -4.5587622E-02
3.1381000E+02 2.5927000E+02 8.6700000E+00 5.3600000E+02 10 5.5280784E+01 1.9366134E-01 3.0496417E-01 5.4171040E-02 1.2405610E-02 1.2360212E-02 1.2002191E-02 6.4138839E-04 2.1950179E-04 6.6738594E-03 1.2039176E-04 6.5401745E-03 3.2846142E-02 3.7023180E-02 1.4844751E-04 1.5678966E+00 1.8880109E+01 -4.5497290E-02
3.1381000E+02 2.5927000E+02 8.6700000E+00 5.4100000E+02 10 5.5281876E+01 1.9356485E-01 3.0404762E-01 5.4440717E-02 1.2402312E-02 1.2327293E-02 1.1970392E-02 6.3938253E-04 2.1916429E-04 6.6721835E-03 1.2001525E-04 6.5356703E-03 3.2643505E-02 3.7013185E-02 1.4847798E-04 1.5675174E+00 1.8880389E+01 -4.5439259E-02
3.1381000E+02 2.5927000E+02 8.6700000E+00 5.4600000E+02 10 5.5282854E+01 1.9346263E-01 3.0320166E-01 5.4681962E-02 1.2396692E-02 1.2297152E-02 1.1941338E-02 6.3743477E-04 2.1883332E-04 6.6692697E-03 1.1964964E-04 6.5301927E-03 3.2464006E-02 3.6996281E-02 1.4846649E-04 1.5670294E+00 1.8880832E+01 -4.5403056E-02
3.1381000E+02 2.5927000E+02 8.6700000E+00 5.5100000E+02 10 5.5283735E+01 1.9336279E-01 3.0242474E-01 5.4899692E-02 1.2390093E-02 1.2269285E-02 1.1914527E-02 6.3554405E-04 2.1851208E-04 6.6658204E-03 1.1929474E-04 6.5243643E-03 3.2303531E-02 3.6976464E-02 1.4843554E-04 1.5664898E+00 1.8881357E+01 -4.5380925E-02
3.1381000E+02 2.5927000E+02 8.6700000E+00 5.5600000E+02 10 5.5284534E+01 1.9326947E-01 3.0171261E-01 5.5097739E-02 1.2383291E-02 1.2243349E-02 1.1889615E-02 6.3370806E-04 2.1820814E-04 6.6622449E-03 1.1895012E-04 6.5185405E-03 3.2158889E-02 3.6956047E-02 1.4839790E-04 1.5659335E+00 1.8881911E+01 -4.5367844E-02
3.1381000E+02 2.5927000E+02 8.6700000E+00 5.6100000E+02 10 5.5285261E+01 1.9318438E-01 3.0105956E-01 5.5279127E-02 1.2376694E-02 1.2219076E-02 1.1866338E-02 6.3192409E-04 2.1792657E-04 6.6587602E-03 1.1861526E-04 6.5129044E-03 3.2027570E-02 3.6936245E-02 1.4835897E-04 1.5653800E+00 1.8882467E+01 -4.5360684E-02
3.1381000E+02 2.5927000E+02 8.6700000E+00 5.6600000E+02 10 5.5285926E+01 1.9310785E-01 3.0045938E-01 5.5446273E-02 1.2370489E-02 1.2196247E-02 1.1844477E-02 6.3018944E-04 2.1766943E-04 6.6554636E-03 1.1828966E-04 6.5075407E-03 3.1907578E-02 3.6917616E-02 1.4832107E-04 1.5648392E+00 1.8883013E+01 -4.5357535E-02
3.1381000E+02 2.5927000E+02 8.6700000E+00 5.7100000E+02 10 5.5286539E+01 1.9303959E-01 2.9990619E-01 5.5601128E-02 1.2364754E-02 1.2174675E-02 1.1823847E-02 6.2850150E-04 2.1743644E-04 6.6524009E-03 1.1797282E-04 6.5024754E-03 3.1797304E-02 3.6900391E-02 1.4828471E-04 1.5643157E+00 1.8883542E+01 -4.5357184E-02
3.1381000E+02 2.5927000E+02 8.6700000E+00 5.7600000E+02 10 5.5287104E+01 1.9297894E-01 2.9939451E-01 5.5745286E-02 1.2359495E-02 1.2154202E-02 1.1804292E-02 6.2685781E-04 2.1722611E-04 6.6495829E-03 1.1766429E-04 6.4977019E-03 3.1695439E-02 3.6884589E-02 1.4825002E-04 1.5638109E+00 1.8884054E+01 -4.5358888E-02
3.1381000E+02 2.5927000E+02 8.6700000E+00 5.8100000E+02 10 5.5287630E+01 1.9292514E-01 2.9891943E-01 5.5880059E-02 1.2354685E-02 1.2134691E-02 1.1785675E-02 6.2525604E-04 2.1703632E-04 6.6469935E-03 1.1736363E-04 6.4932047E-03 3.1600907E-02 3.6870127E-02 1.4821698E-04 1.5633243E+00 1.8884548E+01 -4.5362190E-02
3.1381000E+02 2.5927000E+02 8.6700000E+00 5.8200000E+02 10 5.5280034E+01 2.0838629E-01 3.3188581E-01 5.5906649E-02 1.4844897E-02 1.3923905E-02 1.3575067E-02 6.2493734E-04 2.3622927E-04 7.9154185E-03 1.1730381E-04 7.6959159E-03 3.1597168E-02 4.4303512E-02 1.8454046E-04 1.7247042E+00 1.8598931E+01 -3.1719437E-02
3.1381000E+02 2.5927000E+02 8.6700000E+00 5.8700000E+02 10 5.5288535E+01 1.9206834E-01 2.9705350E-01 5.5990130E-02 1.2241699E-02 1.2080499E-02 1.1729808E-02 6.2825651E-04 2.1749808E-04 6.5915312E-03 1.1792684E-04 6.4407000E-03 3.1495260E-02 3.6532739E-02 1.4531724E-04 1.5583081E+00 1.8894672E+01 -4.5827913E-02
3.1381000E+02 2.5927000E+02 8.6700000E+00 5.9200000E+02 10 5.5288945E+01 1.9195605E-01 2.9661547E-01 5.6069235E-02 1.2233500E-02 1.2066272E-02 1.1714137E-02 6.3084408E-04 2.1676986E-04 6.5896987E-03 1.1841254E-04 6.4380319E-03 3.1417589E-02 3.6508235E-02 1.4626749E-04 1.5581065E+00 1.8892646E+01 -4.5812159E-02
3.1381000E+02 2.5927000E+02 8.6700000E+00 5.9700000E+02 10 5.5289198E+01 1.9209325E-01 2.9666970E-01 5.6142856E-02 1.2260528E-02 1.2071850E-02 1.1718605E-02 6.3283203E-04 2.1679988E-04 6.6058168E-03 1.1878568E-04 6.4514652E-03 3.1347824E-02 3.6588755E-02 1.4695975E-04 1.5596278E+00 1.8889596E+01 -4.5625568E-02
3.1381000E+02 2.5927000E+02 8.6700000E+00 6.0200000E+02 10 5.5289441E+01 1.9220628E-01 2.9672482E-01 5.6212086E-02 1.2284905E-02 1.2082700E-02 1.1728513E-02 6.3451931E-04 2.1700704E-04 6.6202273E-03 1.1910240E-04 6.4635770E-03 3.1283375E-02 3.6661415E-02 1.4729384E-04 1.5611222E+00 1.8887246E+01 -4.5445703E-02
3.1381000E+02 2.5927000E+02 8.6700000E+00 6.0700000E+02 10 5.5289709E+01 1.9224029E-01 2.9665675E-01 5.6279113E-02 1.2298179E-02 1.2091515E-02 1.1736517E-02 6.3597365E-04 2.1716790E-04 6.6286520E-03 1.1937538E-04 6.4703522E-03 3.1222230E-02 3.6700984E-02 1.4738143E-04 1.5621112E+00 1.8885840E+01 -4.5319267E-02
3.1381000E+02 2.5927000E+02 8.6700000E+00 6.1200000E+02 10 5.5290000E+01 1.9221389E-01 2.9648006E-01 5.6345322E-02 1.2302334E-02 1.2096143E-02 1.1740453E-02 6.3721100E-04 2.1723845E-04 6.6322017E-03 1.1960764E-04 6.4726564E-03 3.1163273E-02 3.6713354E-02 1.4734575E-04 1.5626273E+00 1.8885131E+01 -4.5241606E-02
3.1381000E+02 2.5927000E+02 8.6700000E+00 6.1700000E+02 10 5.5290302E+01 1.9215419E-01 2.9623435E-01 5.6411272E-02 1.2300872E-02 1.2096553E-02 1.1740285E-02 6.3824782E-04 2.1723156E-04 6.6327407E-03 1.1980226E-04 6.4721145E-03 3.1105983E-02 3.6708960E-02 1.4726030E-04 1.5628090E+00 1.8884861E+01 -4.5198110E-02
3.1381000E+02 2.5927000E+02 8.6700000E+00 6.2200000E+02 10 5.5290606E+01 1.9208070E-01 2.9595200E-01 5.6477018E-02 1.2296465E-02 1.2093386E-02 1.1736639E-02 6.3910638E-04 2.1717320E-04 6.6316817E-03 1.1996341E-04 6.4699918E-03 3.1050161E-02 3.6695767E-02 1.4716096E-04 1.5627776E+00 1.8884854E+01 -4.5176366E-02
3.1381000E+02 2.5927000E+02 8.6700000E+00 6.2700000E+02 10 5.5290907E+01 1.9200479E-01 2.9565414E-01 5.6542393E-02 1.2290769E-02 1.2087393E-02 1.1730253E-02 6.3981024E-04 2.1708708E-04 6.6298973E-03 1.2009553E-04 6.4670916E-03 3.0995760E-02 3.6678716E-02 1.4706323E-04 1.5626168E+00 1.8885000E+01 -4.5167930E-02
3.1381000E+02 2.5927000E+02 8.6700000E+00 6.3200000E+02 10 5.5291201E+01 1.9193219E-01 2.9535317E-01 5.6607169E-02 1.2284704E-02 1.2079249E-02 1.1721791E-02 6.4038054E-04 2.1698952E-04 6.6278705E-03 1.2020258E-04 6.4638735E-03 3.0942799E-02 3.6660551E-02 1.4697283E-04 1.5623795E+00 1.8885233E+01 -4.5167542E-02
3.1381000E+02 2.5927000E+02 8.6700000E+00 6.3700000E+02 10 5.5291486E+01 1.9186564E-01 2.9505624E-01 5.6671129E-02 1.2278756E-02 1.2069513E-02 1.1711801E-02 6.4083450E-04 2.1689039E-04 6.6258595E-03 1.2028779E-04 6.4605886E-03 3.0891308E-02 3.6642731E-02 1.4689127E-04 1.5620984E+00 1.8885516E+01 -4.5171967E-02
3.1381000E+02 2.5927000E+02 8.6700000E+00 6.4200000E+02 10 5.5291762E+01 1.9180592E-01 2.9476702E-01 5.6734102E-02 1.2273152E-02 1.2058626E-02 1.1700718E-02 6.4118550E-04 2.1679480E-04 6.6239817E-03 1.2035367E-04 6.4573623E-03 3.0841314E-02 3.6625928E-02 1.4681795E-04 1.5617933E+00 1.8885825E+01 -4.5179302E-02
3.1381000E+02 2.5927000E+02 8.6700000E+00 6.4700000E+02 10 5.5292028E+01 1.9175296E-01 2.9448728E-01 5.6795959E-02 1.2267974E-02 1.2046927E-02 1.1688875E-02 6.4144396E-04 2.1670520E-04 6.6222799E-03 1.2040219E-04 6.4542512E-03 3.0792832E-02 3.6610396E-02 1.4675196E-04 1.5614756E+00 1.8886149E+01 -4.5188428E-02
3.1381000E+02 2.5927000E+02 8.6700000E+00 6.5000000E+02 10 5.5288460E+01 1.9920778E-01 3.1024320E-01 5.6832649E-02 1.3471721E-02 1.2878341E-02 1.2520220E-02 6.4156764E-04 2.2842818E-04 7.2377580E-03 1.2042540E-04 7.0333398E-03 3.0771372E-02 4.0202927E-02 1.6369585E-04 1.6318326E+00 1.8773426E+01 -3.8645506E-02
