x y z_datum Time Well_no H2O H O Charge Al C Ca Cl Fe K Mg Na S Si U pH pe Alkalinity
3.1381000E+02 2.5927000E+02 8.6700000E+00 0.0000000E+00 10 9.9704301E-01 7.2098600E-06 6.6484776E-04 -3.2324431E-06 0.0000000E+00 1.0067647E-04 6.3262499E-05 4.3211171E-04 0.0000000E+00 2.8240956E-04 5.5605062E-05 2.2967748E-04 1.4127542E-04 0.0000000E+00 0.0000000E+00 7.0300000E+00 1.1068788E+01 7.1999443E-03
3.1381000E+02 2.5927000E+02 8.6700000E+00 5.0000000E+00 10 5.5327073E+01 2.0291721E-02 6.4462325E-02 -3.0091301E-03 0.0000000E+00 7.1738928E-03 1.3509834E-03 1.0431644E-02 0.0000000E+00 6.1820316E-03 1.9580709E-03 8.5505278E-03 1.0976745E-02 0.0000000E+00 0.0000000E+00 2.3065964E+00 1.8086206E+01 -8.0505189E-03
3.1381000E+02 2.5927000E+02 8.6700000E+00 1.0000000E+01 10 5.5307191E+01 3.5793199E-02 1.0956291E-01 -2.7096964E-03 1.1435698E-03 7.6428348E-03 3.1347265E-03 8.0761999E-03 1.5468828E-05 5.3513913E-03 1.5159424E-03 7.1918178E-03 1.9801494E-02 3.4192724E-03 1.6961806E-05 1.9590804E+00 1.8475796E+01 -1.9715310E-02
3.1381000E+02 2.5927000E+02 8.6700000E+00 1.5000000E+01 10 5.5284888E+01 6.0126020E-02 1.5726630E-01 -2.4592733E-03 2.6916491E-03 7.8884062E-03 4.4798959E-03 6.1062886E-03 3.5955599E-05 4.9594938E-03 1.1461804E-03 6.3397774E-03 2.7182755E-02 8.0436889E-03 3.9587932E-05 1.8420759E+00 1.8610805E+01 -2.7380318E-02
3.1381000E+02 2.5927000E+02 8.6700000E+00 2.0000000E+01 10 5.5267248E+01 8.0633584E-02 1.9526870E-01 -2.2767226E-03 4.0489919E-03 8.0703317E-03 5.4633943E-03 4.6702842E-03 5.5537457E-05 4.7922013E-03 8.7663531E-04 5.8270050E-03 3.2564031E-02 1.2097054E-02 5.9077999E-05 1.7901015E+00 1.8670918E+01 -3.2039853E-02
3.1381000E+02 2.5927000E+02 8.6700000E+00 2.5000000E+01 10 5.5254530E+01 9.5790001E-02 2.2311155E-01 -2.1496444E-03 5.0969540E-03 8.2374517E-03 6.1885096E-03 3.6706450E-03 7.1917142E-05 4.7290803E-03 6.8899813E-04 5.5188133E-03 3.6310392E-02 1.5225994E-02 7.3779292E-05 1.7650693E+00 1.8699752E+01 -3.4786533E-02
3.1381000E+02 2.5927000E+02 8.6700000E+00 3.0000000E+01 10 5.5245568E+01 1.0660686E-01 2.4308804E-01 -2.0617464E-03 5.8739916E-03 8.3972704E-03 6.7342846E-03 2.9792111E-03 8.4905737E-05 4.7121319E-03 5.5921257E-04 5.3306534E-03 3.8901857E-02 1.7545860E-02 8.4353070E-05 1.7528069E+00 1.8713879E+01 -3.6386959E-02
3.1381000E+02 2.5927000E+02 8.6700000E+00 3.5000000E+01 10 5.5239235E+01 1.1430151E-01 2.5744847E-01 -2.0002764E-03 6.4431275E-03 8.5485920E-03 7.1555187E-03 2.4956673E-03 9.4922091E-05 4.7132240E-03 4.6844902E-04 5.2116542E-03 4.0714253E-02 1.9245019E-02 9.1847090E-05 1.7468846E+00 1.8720768E+01 -3.7322896E-02
3.1381000E+02 2.5927000E+02 8.6700000E+00 4.0000000E+01 10 5.5234709E+01 1.1981171E-01 2.6788389E-01 -1.9564874E-03 6.8598983E-03 8.6897630E-03 7.4889653E-03 2.1512089E-03 1.0253255E-04 4.7195271E-03 4.0379249E-04 5.1326344E-03 4.2005396E-02 2.0489330E-02 9.7158907E-05 1.7441741E+00 1.8724013E+01 -3.7876859E-02
3.1381000E+02 2.5927000E+02 8.6700000E+00 4.5000000E+01 10 5.5231426E+01 1.2380064E-01 2.7557987E-01 -1.9246147E-03 7.1668384E-03 8.8199844E-03 7.7591386E-03 1.9004873E-03 1.0830827E-04 4.7257034E-03 3.5673081E-04 5.0771125E-03 4.2945226E-02 2.1405781E-02 1.0095174E-04 1.7430966E+00 1.8725399E+01 -3.8210504E-02
3.1381000E+02 2.5927000E+02 8.6700000E+00 5.0000000E+01 10 5.5229004E+01 1.2672608E-01 2.8135087E-01 -1.9008843E-03 7.3949250E-03 8.9391984E-03 7.9825515E-03 1.7138167E-03 1.1271747E-04 4.7298815E-03 3.2169183E-04 5.0357799E-03 4.3644992E-02 2.2086839E-02 1.0368951E-04 1.7428366E+00 1.8725851E+01 -3.8416051E-02
3.1381000E+02 2.5927000E+02 8.6700000E+00 5.5000000E+01 10 5.5227184E+01 1.2890260E-01 2.8575514E-01 -1.8828107E-03 7.5662967E-03 9.0478132E-03 8.1705270E-03 1.5716434E-03 1.1611804E-04 4.7317278E-03 2.9500520E-04 5.0033248E-03 4.4177976E-02 2.2598584E-02 1.0569226E-04 1.7429690E+00 1.8725844E+01 -3.8546342E-02
3.1381000E+02 2.5927000E+02 8.6700000E+00 6.0000000E+01 10 5.5225793E+01 1.3054709E-01 2.8917738E-01 -1.8687372E-03 7.6966903E-03 9.1464911E-03 8.3310010E-03 1.4609367E-03 1.1877546E-04 4.7315176E-03 2.7422500E-04 4.9766861E-03 4.4593017E-02 2.2987988E-02 1.0717917E-04 1.7432733E+00 1.8725624E+01 -3.8631835E-02
3.1381000E+02 2.5927000E+02 8.6700000E+00 6.5000000E+01 10 5.5224709E+01 1.3180984E-01 2.9188480E-01 -1.8575444E-03 7.7972850E-03 9.2360102E-03 8.4696672E-03 1.3728904E-03 1.2088479E-04 4.7296991E-03 2.5769829E-04 4.9540734E-03 4.4923117E-02 2.3288419E-02 1.0830021E-04 1.7436370E+00 1.8725323E+01 -3.8690247E-02
3.1381000E+02 2.5927000E+02 8.6700000E+00 6.6000000E+01 10 5.5218491E+01 1.4413379E-01 3.2105124E-01 -1.8554129E-03 9.8933292E-03 1.1240314E-02 1.0483330E-02 1.3561232E-03 1.4043982E-04 5.7708478E-03 2.5455100E-04 5.9718731E-03 4.5003604E-02 2.9549722E-02 1.4251382E-04 1.9265152E+00 1.8437774E+01 -2.6320703E-02
3.1381000E+02 2.5927000E+02 8.6700000E+00 6.7000000E+01 10 5.5218414E+01 1.4411986E-01 3.2101213E-01 -1.8533810E-03 9.8732178E-03 1.1223400E-02 1.0475339E-02 1.3401393E-03 1.4215696E-04 5.7517573E-03 2.5155074E-04 5.9482496E-03 4.5062297E-02 2.9489331E-02 1.4009458E-04 1.9226363E+00 1.8453679E+01 -2.6553535E-02
3.1381000E+02 2.5927000E+02 8.6700000E+00 7.2000000E+01 10 5.5220667E+01 1.3284541E-01 2.9460109E-01 -1.8111771E-03 7.6734175E-03 9.1898665E-03 8.4783255E-03 1.2747137E-03 1.2204112E-04 4.6086819E-03 2.3927002E-04 4.8133897E-03 4.5877359E-02 2.2918462E-02 1.0424571E-04 1.7164475E+00 1.8909333E+01 -4.1222581E-02
3.1381000E+02 2.5927000E+02 8.6700000E+00 7.7000000E+01 10 5.5215086E+01 1.3571767E-01 3.0087130E-01 -1.7606376E-03 7.8117159E-03 9.2559378E-03 8.5748206E-03 1.2202101E-03 1.3588139E-04 4.6471511E-03 2.2903944E-04 4.8350549E-03 4.6864971E-02 2.3330980E-02 1.3277958E-04 1.7052165E+00 1.8982537E+01 -4.2486157E-02
3.1381000E+02 2.5927000E+02 8.6700000E+00 8.2000000E+01 10 5.5210081E+01 1.3868880E-01 3.0724589E-01 -1.7176813E-03 8.0087604E-03 9.3548043E-03 8.6994357E-03 1.1740819E-03 1.5422998E-04 4.7206341E-03 2.2038095E-04 4.8917755E-03 4.7714334E-02 2.3918723E-02 1.6487543E-04 1.7005670E+00 1.9018179E+01 -4.3153317E-02
3.1381000E+02 2.5927000E+02 8.6700000E+00 8.7000000E+01 10 5.5206271E+01 1.4108866E-01 3.1240287E-01 -1.6854293E-03 8.1819616E-03 9.4498735E-03 8.8166070E-03 1.1344861E-03 1.7123127E-04 4.7856842E-03 2.1294863E-04 4.9425415E-03 4.8364995E-02 2.4435397E-02 1.9191542E-04 1.6986252E+00 1.9036773E+01 -4.3526297E-02
3.1381000E+02 2.5927000E+02 8.6700000E+00 9.1000000E+01 10 5.5202466E+01 1.4557154E-01 3.2253239E-01 -1.6656525E-03 8.7963164E-03 9.9589428E-03 9.3414322E-03 1.1062598E-03 1.9414590E-04 5.0791212E-03 2.0765040E-04 5.2192226E-03 4.8787472E-02 2.6269713E-02 2.2717358E-04 1.7312638E+00 1.9008102E+01 -4.0805245E-02
3.1381000E+02 2.5927000E+02 8.6700000E+00 9.2000000E+01 10 5.5197263E+01 1.5533422E-01 3.4530937E-01 -1.6610655E-03 1.0423501E-02 1.1439830E-02 1.0826144E-02 1.0994082E-03 2.3254760E-04 5.8928451E-03 2.0636432E-04 6.0122718E-03 4.8937803E-02 3.1129796E-02 2.9408981E-04 1.8572597E+00 1.8867543E+01 -3.1427856E-02
3.1381000E+02 2.5927000E+02 8.6700000E+00 9.7000000E+01 10 5.5197269E+01 1.4396336E-01 3.1993429E-01 -2.1982056E-03 8.1897884E-03 9.4456776E-03 8.8488080E-03 1.0692817E-03 1.9213666E-04 4.7520024E-03 2.0070943E-04 4.8915988E-03 5.0096473E-02 2.4458144E-02 2.1687914E-04 1.6741970E+00 1.9087926E+01 -4.6384654E-02
3.1381000E+02 2.5927000E+02 8.6700000E+00 1.0200000E+02 10 5.5189178E+01 1.4715258E-01 3.2794358E-01 -2.8985489E-03 8.3509839E-03 9.5123738E-03 8.9304345E-03 1.0425345E-03 2.0370293E-04 4.8189898E-03 1.9568886E-04 4.9465958E-03 5.1509815E-02 2.4938854E-02 2.3630406E-04 1.6659680E+00 1.9108429E+01 -4.7689273E-02
3.1381000E+02 2.5927000E+02 8.6700000E+00 1.0700000E+02 10 5.5182232E+01 1.5020335E-01 3.3539310E-01 -3.4952938E-03 8.5435421E-03 9.5988769E-03 9.0303039E-03 1.0185889E-03 2.1572785E-04 4.9036627E-03 1.9119414E-04 5.0189616E-03 5.2696676E-02 2.5513122E-02 2.5395705E-04 1.6623214E+00 1.9120546E+01 -4.8480100E-02
3.1381000E+02 2.5927000E+02 8.6700000E+00 1.1200000E+02 10 5.5177033E+01 1.5261400E-01 3.4122212E-01 -3.9327077E-03 8.7074231E-03 9.6787706E-03 9.1222515E-03 9.9699458E-04 2.2643894E-04 4.9748969E-03 1.8714079E-04 5.0796863E-03 5.3584564E-02 2.6001911E-02 2.6819943E-04 1.6606956E+00 1.9127587E+01 -4.8965708E-02
3.1381000E+02 2.5927000E+02 8.6700000E+00 1.1700000E+02 10 5.5173306E+01 1.5441037E-01 3.4554868E-01 -4.2369845E-03 8.8341515E-03 9.7464153E-03 9.2008361E-03 9.7739591E-04 2.3532301E-04 5.0281905E-03 1.8346202E-04 5.1243606E-03 5.4226757E-02 2.6379928E-02 2.7901791E-04 1.6599654E+00 1.9131750E+01 -4.9272865E-02
3.1381000E+02 2.5927000E+02 8.6700000E+00 1.2200000E+02 10 5.5170641E+01 1.5573949E-01 3.4874797E-01 -4.4466098E-03 8.9301595E-03 9.8032348E-03 9.2676405E-03 9.5950815E-04 2.4250222E-04 5.0667010E-03 1.8010440E-04 5.1557915E-03 5.4692963E-02 2.6666340E-02 2.8706513E-04 1.6596582E+00 1.9134267E+01 -4.9473209E-02
3.1381000E+02 2.5927000E+02 8.6700000E+00 1.2400000E+02 10 5.5164628E+01 1.6648564E-01 3.7310855E-01 -4.5176901E-03 1.0672835E-02 1.1257915E-02 1.0726171E-02 9.5261018E-04 2.8851336E-04 5.9417500E-03 1.7880962E-04 6.0015405E-03 5.4921397E-02 3.1870093E-02 3.6307608E-04 1.7675384E+00 1.9015469E+01 -3.9736240E-02
3.1381000E+02 2.5927000E+02 8.6700000E+00 1.2500000E+02 10 5.5162773E+01 1.6958384E-01 3.8036831E-01 -4.5503209E-03 1.1177523E-02 1.1718852E-02 1.1188999E-02 9.4922349E-04 3.0279418E-04 6.1936583E-03 1.7817392E-04 6.2461326E-03 5.5015746E-02 3.3377347E-02 3.8262425E-04 1.8041211E+00 1.8975823E+01 -3.6884268E-02
3.1381000E+02 2.5927000E+02 8.6700000E+00 1.3000000E+02 10 5.5168450E+01 1.5582443E-01 3.4966702E-01 -4.6616954E-03 8.8358972E-03 9.7663681E-03 9.2454229E-03 9.3326446E-04 2.4722038E-04 5.0034024E-03 1.7517833E-04 5.0883410E-03 5.5202972E-02 2.6384697E-02 2.8271734E-04 1.6491899E+00 1.9148491E+01 -5.0733342E-02
3.1381000E+02 2.5927000E+02 8.6700000E+00 1.3100000E+02 10 5.5161148E+01 1.7014723E-01 3.8196226E-01 -4.6822741E-03 1.1191137E-02 1.1741083E-02 1.1221897E-02 9.3011221E-04 3.0813279E-04 6.1890709E-03 1.7458664E-04 6.2372615E-03 5.5353265E-02 3.3418017E-02 3.9226331E-04 1.7999347E+00 1.8980797E+01 -3.7301297E-02
3.1381000E+02 2.5927000E+02 8.6700000E+00 1.3200000E+02 10 5.5160929E+01 1.7018029E-01 3.8202893E-01 -4.7013735E-03 1.1182272E-02 1.1729415E-02 1.1211983E-02 9.2697028E-04 3.0809694E-04 6.1832319E-03 1.7399688E-04 6.2297008E-03 5.5397785E-02 3.3391226E-02 3.8600458E-04 1.7982798E+00 1.8983771E+01 -3.7442680E-02
3.1381000E+02 2.5927000E+02 8.6700000E+00 1.3700000E+02 10 5.5160039E+01 1.5800131E-01 3.5613191E-01 -5.9507308E-03 8.8549752E-03 9.7869577E-03 9.2779874E-03 9.1181181E-04 2.5165912E-04 5.0005483E-03 1.7115156E-04 5.0797123E-03 5.6893390E-02 2.6441394E-02 2.8586105E-04 1.6367891E+00 1.9138330E+01 -5.2710169E-02
3.1381000E+02 2.5927000E+02 8.6700000E+00 1.4200000E+02 10 5.5149357E+01 1.6190760E-01 3.6624819E-01 -7.5625957E-03 9.0786987E-03 9.9046997E-03 9.4036926E-03 8.9754587E-04 2.5149621E-04 5.1065981E-03 1.6847377E-04 5.1753777E-03 5.8885872E-02 2.7108835E-02 2.8864089E-04 1.6325405E+00 1.9102371E+01 -5.3962870E-02
3.1381000E+02 2.5927000E+02 8.6700000E+00 1.4700000E+02 10 5.5139907E+01 1.6568191E-01 3.7571100E-01 -8.9600888E-03 9.3274767E-03 1.0036529E-02 9.5429437E-03 8.8424922E-04 2.4570594E-04 5.2262288E-03 1.6597793E-04 5.2836421E-03 6.0599374E-02 2.7850953E-02 2.7830627E-04 1.6313232E+00 1.9056274E+01 -5.4772341E-02
3.1381000E+02 2.5927000E+02 8.6700000E+00 1.5200000E+02 10 5.5132722E+01 1.6865528E-01 3.8307320E-01 -1.0006838E-02 9.5315067E-03 1.0149635E-02 9.6629506E-03 8.7188627E-04 2.3658872E-04 5.3234684E-03 1.6365734E-04 5.3712616E-03 6.1883284E-02 2.8459614E-02 2.6025333E-04 1.6310287E+00 1.9007951E+01 -5.5304626E-02
3.1381000E+02 2.5927000E+02 8.6700000E+00 1.5700000E+02 10 5.5127531E+01 1.7085221E-01 3.8847247E-01 -1.0751332E-02 9.6846282E-03 1.0239191E-02 9.7589270E-03 8.6038509E-04 2.2654565E-04 5.3951033E-03 1.6149851E-04 5.4352373E-03 6.2802197E-02 2.8916436E-02 2.3966731E-04 1.6309789E+00 1.8962414E+01 -5.5662681E-02
3.1381000E+02 2.5927000E+02 8.6700000E+00 1.6200000E+02 10 5.5123808E+01 1.7245985E-01 3.9240240E-01 -1.1275711E-02 9.7976698E-03 1.0309340E-02 9.8350595E-03 8.4966587E-04 2.1703001E-04 5.4466444E-03 1.5948646E-04 5.4806750E-03 6.3457294E-02 2.9253706E-02 2.1979052E-04 1.6309989E+00 1.8923252E+01 -5.5908128E-02
3.1381000E+02 2.5927000E+02 8.6700000E+00 1.6700000E+02 10 5.5121105E+01 1.7365055E-01 3.9530342E-01 -1.1648408E-02 9.8820113E-03 1.0365194E-02 9.8965037E-03 8.3965116E-04 2.0871088E-04 5.4838810E-03 1.5760665E-04 5.5129549E-03 6.3931492E-02 2.9505362E-02 2.0219400E-04 1.6310465E+00 1.8892711E+01 -5.6079567E-02
3.1381000E+02 2.5927000E+02 8.6700000E+00 1.6800000E+02 10 5.5113272E+01 1.8861085E-01 4.2831418E-01 -1.1717397E-02 1.2298917E-02 1.2324370E-02 1.1856782E-02 8.3767578E-04 2.3190900E-04 6.7033331E-03 1.5723586E-04 6.6906812E-03 6.4042434E-02 3.6722202E-02 2.4350789E-04 1.7683448E+00 1.8670093E+01 -4.2468531E-02
3.1381000E+02 2.5927000E+02 8.6700000E+00 1.6900000E+02 10 5.5112910E+01 1.8860121E-01 4.2834037E-01 -1.1781314E-02 1.2279018E-02 1.2304891E-02 1.1838391E-02 8.3572736E-04 2.3178419E-04 6.6927114E-03 1.5687014E-04 6.6786253E-03 6.4122295E-02 3.6662451E-02 2.3576736E-04 1.7660055E+00 1.8672739E+01 -4.2699799E-02
3.1381000E+02 2.5927000E+02 8.6700000E+00 1.7400000E+02 10 5.5126950E+01 1.6632531E-01 3.8960041E-01 -1.6200648E-02 9.7313038E-03 1.0281877E-02 9.8204767E-03 8.2659063E-04 1.9807857E-04 5.3999374E-03 1.5515513E-04 5.4287833E-03 6.3021626E-02 2.9055305E-02 1.7550192E-04 1.6860160E+00 1.8817031E+01 -5.0491615E-02
3.1381000E+02 2.5927000E+02 8.6700000E+00 1.7500000E+02 10 5.5122138E+01 1.7758204E-01 4.1802685E-01 -1.7253102E-02 1.1888932E-02 1.2219435E-02 1.1759042E-02 8.2478696E-04 2.1800634E-04 6.4838665E-03 1.5481657E-04 6.4858320E-03 6.2766798E-02 3.5499983E-02 2.1242735E-04 1.8490155E+00 1.8562014E+01 -3.6249432E-02
3.1381000E+02 2.5927000E+02 8.6700000E+00 1.7600000E+02 10 5.5124469E+01 1.7480393E-01 4.1512436E-01 -1.8445729E-02 1.1761774E-02 1.2187816E-02 1.1728417E-02 8.2300644E-04 2.1678146E-04 6.4171017E-03 1.5448236E-04 6.4241010E-03 6.2438545E-02 3.5120861E-02 2.0569354E-04 1.8670973E+00 1.8548349E+01 -3.4974796E-02
3.1381000E+02 2.5927000E+02 8.6700000E+00 1.8100000E+02 10 5.5074243E+01 1.6957043E-01 4.2355663E-01 -2.9259066E-02 9.1715073E-03 1.0182911E-02 9.7281904E-03 8.1462450E-04 1.8342212E-04 5.1011268E-03 1.5290903E-04 5.1566972E-03 7.3240841E-02 2.7387507E-02 1.5330524E-04 1.6360585E+00 1.8857585E+01 -6.0483838E-02
3.1381000E+02 2.5927000E+02 8.6700000E+00 1.8600000E+02 10 5.4991243E+01 1.9055744E-01 4.8721506E-01 -4.0377641E-02 9.3954385E-03 1.0240193E-02 9.7898887E-03 8.0671220E-04 1.8037559E-04 5.2129484E-03 1.5142385E-04 5.2553367E-03 8.8467415E-02 2.8054703E-02 1.5136112E-04 1.5430857E+00 1.8940070E+01 -7.9077860E-02
3.1381000E+02 2.5927000E+02 8.6700000E+00 1.9100000E+02 10 5.4916259E+01 2.1299734E-01 5.4831645E-01 -4.9361364E-02 9.9883808E-03 1.0326926E-02 9.8808018E-03 7.9922487E-04 1.8424969E-04 5.5190065E-03 1.5001844E-04 5.5250521E-03 1.0193870E-01 2.9820336E-02 1.5346899E-04 1.4821997E+00 1.8993613E+01 -9.4761166E-02
3.1381000E+02 2.5927000E+02 8.6700000E+00 1.9600000E+02 10 5.4858989E+01 2.3173599E-01 5.9690364E-01 -5.5932307E-02 1.0649417E-02 1.0407247E-02 9.9650859E-03 7.9212340E-04 1.9089052E-04 5.8615945E-03 1.4868546E-04 5.8259564E-03 1.1208018E-01 3.1788409E-02 1.5627812E-04 1.4464117E+00 1.9024772E+01 -1.0588896E-01
3.1381000E+02 2.5927000E+02 8.6700000E+00 2.0100000E+02 10 5.4817816E+01 2.4603671E-01 6.3295227E-01 -6.0580183E-02 1.1244460E-02 1.0474215E-02 1.0035822E-02 7.8537355E-04 1.9823439E-04 6.1700255E-03 1.4741848E-04 6.0962280E-03 1.1928976E-01 3.3559918E-02 1.5860404E-04 1.4256924E+00 1.9042709E+01 -1.1330940E-01
3.1381000E+02 2.5927000E+02 8.6700000E+00 2.0600000E+02 10 5.4788631E+01 2.5663758E-01 6.5919502E-01 -6.3860756E-02 1.1738616E-02 1.0530383E-02 1.0095578E-02 7.7894518E-04 2.0555016E-04 6.4257365E-03 1.4621184E-04 6.3199546E-03 1.2435347E-01 3.5031102E-02 1.6027378E-04 1.4135900E+00 1.9053121E+01 -1.1818279E-01
3.1381000E+02 2.5927000E+02 8.6700000E+00 2.1100000E+02 10 5.4767810E+01 2.6447298E-01 6.7836238E-01 -6.6204539E-02 1.2136288E-02 1.0579466E-02 1.0148085E-02 7.7281175E-04 2.1261599E-04 6.6309011E-03 1.4506057E-04 6.4992975E-03 1.2793881E-01 3.6215108E-02 1.6139481E-04 1.4064250E+00 1.9059224E+01 -1.2140120E-01
3.1381000E+02 2.5927000E+02 8.6700000E+00 2.1600000E+02 10 5.4752727E+01 2.7031388E-01 6.9254613E-01 -6.7909942E-02 1.2453225E-02 1.0624177E-02 1.0196068E-02 7.6694976E-04 2.1930301E-04 6.7937247E-03 1.4396024E-04 6.6415888E-03 1.3052041E-01 3.7158828E-02 1.6211428E-04 1.4021378E+00 1.9062816E+01 -1.2355762E-01
3.1381000E+02 2.5927000E+02 8.6700000E+00 2.2100000E+02 10 5.4741591E+01 2.7472745E-01 7.0322483E-01 -6.9176820E-02 1.2706046E-02 1.0666123E-02 1.0241146E-02 7.6133833E-04 2.2552262E-04 6.9229117E-03 1.4290695E-04 6.7545167E-03 1.3241765E-01 3.7911724E-02 1.6255436E-04 1.3995617E+00 1.9064921E+01 -1.2502896E-01
3.1381000E+02 2.5927000E+02 8.6700000E+00 2.2600000E+02 10 5.4733199E+01 2.7811557E-01 7.1141823E-01 -7.0138333E-02 1.2909006E-02 1.0706154E-02 1.0284180E-02 7.5595888E-04 2.3122123E-04 7.0259501E-03 1.4189720E-04 6.8446510E-03 1.3384264E-01 3.8516220E-02 1.6280546E-04 1.3980217E+00 1.9066133E+01 -1.2605294E-01
3.1381000E+02 2.5927000E+02 8.6700000E+00 2.3100000E+02 10 5.4726743E+01 2.8076000E-01 7.1782725E-01 -7.0883783E-02 1.3073432E-02 1.0744681E-02 1.0325590E-02 7.5079476E-04 2.3636841E-04 7.1088005E-03 1.4092787E-04 6.9171951E-03 1.3493675E-01 3.9006017E-02 1.6293121E-04 1.3971175E+00 1.9066805E+01 -1.2678048E-01
3.1381000E+02 2.5927000E+02 8.6700000E+00 2.3600000E+02 10 5.4721673E+01 2.8285848E-01 7.2293627E-01 -7.1473747E-02 1.3208028E-02 1.0781893E-02 1.0365572E-02 7.4583103E-04 2.4096341E-04 7.1760548E-03 1.3999615E-04 6.9761360E-03 1.3579511E-01 3.9407019E-02 1.6297574E-04 1.3966076E+00 1.9067149E+01 -1.2730856E-01
3.1381000E+02 2.5927000E+02 8.6700000E+00 2.4100000E+02 10 5.4717615E+01 2.8455080E-01 7.2708346E-01 -7.1949871E-02 1.3319406E-02 1.0817868E-02 1.0404214E-02 7.4105424E-04 2.4503091E-04 7.2312009E-03 1.3909953E-04 7.0244966E-03 1.3648258E-01 3.9738899E-02 1.6296862E-04 1.3963431E+00 1.9067293E+01 -1.2770030E-01
3.1381000E+02 2.5927000E+02 8.6700000E+00 2.4600000E+02 10 5.4714306E+01 2.8593673E-01 7.3050773E-01 -7.2341200E-02 1.3412571E-02 1.0852644E-02 1.0441558E-02 7.3645223E-04 2.4861384E-04 7.2768775E-03 1.3823571E-04 7.0645651E-03 1.3704401E-01 4.0016549E-02 1.6292997E-04 1.3962316E+00 1.9067319E+01 -1.2799737E-01
3.1381000E+02 2.5927000E+02 8.6700000E+00 2.5100000E+02 10 5.4711561E+01 2.8708813E-01 7.3337993E-01 -7.2668286E-02 1.3491314E-02 1.0886236E-02 1.0477629E-02 7.3201399E-04 2.5176286E-04 7.3150829E-03 1.3740263E-04 7.0980724E-03 1.3751084E-01 4.0251249E-02 1.6287335E-04 1.3962147E+00 1.9067274E+01 -1.2822769E-01
3.1381000E+02 2.5927000E+02 8.6700000E+00 2.5600000E+02 10 5.4709248E+01 2.8805746E-01 7.3582388E-01 -7.2945883E-02 1.3558520E-02 1.0918658E-02 1.0512442E-02 7.2772951E-04 2.5453007E-04 7.3473383E-03 1.3659841E-04 7.1263337E-03 1.3790546E-01 4.0451586E-02 1.6280707E-04 1.3962553E+00 1.9067190E+01 -1.2841023E-01
3.1381000E+02 2.5927000E+02 8.6700000E+00 2.6100000E+02 10 5.4707271E+01 2.8888343E-01 7.3793047E-01 -7.3184735E-02 1.3616398E-02 1.0949920E-02 1.0546015E-02 7.2358968E-04 2.5696432E-04 7.3748096E-03 1.3582134E-04 7.1503538E-03 1.3824404E-01 4.0624137E-02 1.6273700E-04 1.3963293E+00 1.9067086E+01 -1.2855809E-01
3.1381000E+02 2.5927000E+02 8.6700000E+00 2.6400000E+02 10 5.4701190E+01 2.9937900E-01 7.5893924E-01 -7.3316006E-02 1.5163522E-02 1.1867377E-02 1.1464830E-02 7.2115599E-04 2.7446691E-04 8.1652486E-03 1.3536453E-04 7.8904794E-03 1.3843697E-01 4.5239261E-02 1.8330499E-04 1.4321728E+00 1.8990813E+01 -1.2064229E-01
3.1381000E+02 2.5927000E+02 8.6700000E+00 2.6500000E+02 10 5.4695847E+01 3.0955626E-01 7.7922949E-01 -7.3358492E-02 1.6688098E-02 1.2800237E-02 1.2398140E-02 7.2035027E-04 2.8925775E-04 8.9439716E-03 1.3521329E-04 8.6225695E-03 1.3850369E-01 4.9787739E-02 2.0298838E-04 1.4703660E+00 1.8892786E+01 -1.1262192E-01
3.1381000E+02 2.5927000E+02 8.6700000E+00 2.7000000E+02 10 5.4703912E+01 2.9138826E-01 7.4385694E-01 -7.3509167E-02 1.3924341E-02 1.1174525E-02 1.0773718E-02 7.1803848E-04 2.6764505E-04 7.5290417E-03 1.3477935E-04 7.2936292E-03 1.3870066E-01 4.1542769E-02 1.6302896E-04 1.4022055E+00 1.9060052E+01 -1.2744718E-01
3.1381000E+02 2.5927000E+02 8.6700000E+00 2.7500000E+02 10 5.4701157E+01 2.9503681E-01 7.5142224E-01 -7.3653966E-02 1.4434624E-02 1.1496712E-02 1.1097831E-02 7.1458752E-04 2.7271854E-04 7.7878195E-03 1.3413159E-04 7.5360375E-03 1.3890857E-01 4.3065169E-02 1.7026273E-04 1.4135230E+00 1.9036028E+01 -1.2498686E-01
3.1381000E+02 2.5927000E+02 8.6700000E+00 2.8000000E+02 10 5.4698764E+01 2.9805860E-01 7.5781865E-01 -7.3790979E-02 1.4856245E-02 1.1781761E-02 1.1385088E-02 7.1063209E-04 2.7807106E-04 8.0006375E-03 1.3338914E-04 7.7358588E-03 1.3910581E-01 4.4323236E-02 1.7395106E-04 1.4230948E+00 1.9019625E+01 -1.2295289E-01
3.1381000E+02 2.5927000E+02 8.6700000E+00 2.8500000E+02 10 5.4696846E+01 3.0026959E-01 7.6270603E-01 -7.3917163E-02 1.5165035E-02 1.2016964E-02 1.1622459E-02 7.0674762E-04 2.8260090E-04 8.1554024E-03 1.3266000E-04 7.8820484E-03 1.3928720E-01 4.5244903E-02 1.7569319E-04 1.4302956E+00 1.9009082E+01 -1.2145943E-01
3.1381000E+02 2.5927000E+02 8.6700000E+00 2.8900000E+02 10 5.4693230E+01 3.0631407E-01 7.7518866E-01 -7.4011064E-02 1.6066421E-02 1.2615578E-02 1.2222730E-02 7.0378076E-04 2.9316609E-04 8.6136959E-03 1.3210311E-04 8.3136736E-03 1.3942507E-01 4.7934503E-02 1.8537950E-04 1.4525291E+00 1.8965058E+01 -1.1675385E-01
3.1381000E+02 2.5927000E+02 8.6700000E+00 2.9000000E+02 10 5.4685550E+01 3.2144274E-01 8.0556508E-01 -7.4034101E-02 1.8358256E-02 1.4070305E-02 1.3677865E-02 7.0304866E-04 3.1263032E-04 9.7831597E-03 1.3196569E-04 9.4164871E-03 1.3946740E-01 5.4772959E-02 2.1369007E-04 1.5134674E+00 1.8795067E+01 -1.0451608E-01
3.1381000E+02 2.5927000E+02 8.6700000E+00 2.9500000E+02 10 5.4741142E+01 2.8987494E-01 7.3185432E-01 -6.8472431E-02 1.5301441E-02 1.2244530E-02 1.1854010E-02 6.9961002E-04 2.8903268E-04 8.2185574E-03 1.3132024E-04 7.9446676E-03 1.3105045E-01 4.5653009E-02 1.7197026E-04 1.4721807E+00 1.8973795E+01 -1.0916257E-01
3.1381000E+02 2.5927000E+02 8.6700000E+00 3.0000000E+02 10 5.4809061E+01 2.7203075E-01 6.8081076E-01 -6.0233207E-02 1.5175319E-02 1.2355523E-02 1.1966820E-02 6.9635398E-04 2.8651967E-04 8.1467849E-03 1.3070907E-04 7.8881747E-03 1.1860746E-01 4.5279550E-02 1.7163523E-04 1.5349435E+00 1.8906978E+01 -9.2454388E-02
3.1381000E+02 2.5927000E+02 8.6700000E+00 3.0100000E+02 10 5.4814832E+01 2.8519690E-01 7.0545162E-01 -5.8513007E-02 1.7790375E-02 1.4280320E-02 1.3891977E-02 6.9570975E-04 3.0864312E-04 9.4733085E-03 1.3058814E-04 9.1566783E-03 1.1602353E-01 5.3086479E-02 2.0732822E-04 1.6440990E+00 1.8662920E+01 -7.4387611E-02
3.1381000E+02 2.5927000E+02 8.6700000E+00 3.0200000E+02 10 5.4829679E+01 2.8060882E-01 6.9331374E-01 -5.6759380E-02 1.7659895E-02 1.4286839E-02 1.3898852E-02 6.9507218E-04 3.1041825E-04 9.4040666E-03 1.3046847E-04 9.0961631E-03 1.1337459E-01 5.2698285E-02 2.0380238E-04 1.6601099E+00 1.8661246E+01 -7.1298090E-02
3.1381000E+02 2.5927000E+02 8.6700000E+00 3.0300000E+02 10 5.4846248E+01 2.7491304E-01 6.7876319E-01 -5.4841299E-02 1.7419555E-02 1.4245518E-02 1.3856847E-02 6.9629727E-04 3.1128869E-04 9.2794689E-03 1.3069842E-04 8.9847368E-03 1.1047381E-01 5.1982439E-02 1.9931278E-04 1.6747832E+00 1.8663178E+01 -6.8408863E-02
3.1381000E+02 2.5927000E+02 8.6700000E+00 3.0800000E+02 10 5.4920635E+01 2.3570379E-01 5.8559878E-01 -4.7181364E-02 1.3844214E-02 1.2124418E-02 1.1733611E-02 7.0012412E-04 2.7495312E-04 7.4535176E-03 1.3141674E-04 7.2703870E-03 9.8874895E-02 4.1315695E-02 1.5301601E-04 1.6236050E+00 1.8839230E+01 -7.1455405E-02
3.1381000E+02 2.5927000E+02 8.6700000E+00 3.1300000E+02 10 5.4968691E+01 2.1904644E-01 5.4343150E-01 -4.1631326E-02 1.3135403E-02 1.2056721E-02 1.1663276E-02 7.0484963E-04 2.6261320E-04 7.0845925E-03 1.3230374E-04 6.9452529E-03 9.0477605E-02 3.9205428E-02 1.4915103E-04 1.6660660E+00 1.8793463E+01 -6.3051722E-02
3.1381000E+02 2.5927000E+02 8.6700000E+00 3.1800000E+02 10 5.5002941E+01 2.0676779E-01 5.1310006E-01 -3.7704732E-02 1.2584609E-02 1.2063756E-02 1.1667304E-02 7.1023719E-04 2.5181089E-04 6.7978520E-03 1.3331501E-04 6.6952238E-03 8.4530377E-02 3.7565890E-02 1.4555876E-04 1.6992746E+00 1.8757572E+01 -5.7194230E-02
3.1381000E+02 2.5927000E+02 8.6700000E+00 3.2300000E+02 10 5.5027478E+01 1.9746930E-01 4.9081277E-01 -3.4927504E-02 1.2122499E-02 1.2093053E-02 1.1693566E-02 7.1567545E-04 2.4154228E-04 6.5574389E-03 1.3433580E-04 6.4865094E-03 8.0318351E-02 3.6190175E-02 1.4209118E-04 1.7228131E+00 1.8732534E+01 -5.3291956E-02
3.1381000E+02 2.5927000E+02 8.6700000E+00 3.2800000E+02 10 5.5045274E+01 1.9030000E-01 4.7411240E-01 -3.2943833E-02 1.1726556E-02 1.2122828E-02 1.1720497E-02 7.2076886E-04 2.3181895E-04 6.3516954E-03 1.3529186E-04 6.3078937E-03 7.7305063E-02 3.5011137E-02 1.3893206E-04 1.7383885E+00 1.8716242E+01 -5.0748357E-02
3.1381000E+02 2.5927000E+02 8.6700000E+00 3.2900000E+02 10 5.5042349E+01 2.0147883E-01 4.9981220E-01 -3.2576197E-02 1.3759221E-02 1.4017187E-02 1.3614297E-02 7.2177100E-04 2.4897052E-04 7.3744159E-03 1.3547997E-04 7.3062925E-03 7.6762463E-02 4.1083212E-02 1.7059987E-04 1.8807312E+00 1.8456106E+01 -3.7939882E-02
3.1381000E+02 2.5927000E+02 8.6700000E+00 3.3000000E+02 10 5.5045536E+01 1.9998862E-01 4.9644167E-01 -3.2235223E-02 1.3653903E-02 1.3999165E-02 1.3595726E-02 7.2275425E-04 2.4858945E-04 7.3204751E-03 1.3566453E-04 7.2571996E-03 7.6243056E-02 4.0769051E-02 1.6765421E-04 1.8822744E+00 1.8467409E+01 -3.7700894E-02
3.1381000E+02 2.5927000E+02 8.6700000E+00 3.3500000E+02 10 5.5036696E+01 1.9078730E-01 4.7405124E-01 -3.1508677E-02 1.1065668E-02 1.2026102E-02 1.1620248E-02 7.2708168E-04 2.1878191E-04 6.0111392E-03 1.3647681E-04 6.0027181E-03 7.9303819E-02 3.3040968E-02 1.3060266E-04 1.6641973E+00 1.8799669E+01 -5.9122271E-02
3.1381000E+02 2.5927000E+02 8.6700000E+00 3.4000000E+02 10 5.5006724E+01 2.0228217E-01 4.9643089E-01 -3.1300073E-02 1.1110760E-02 1.2023749E-02 1.1615818E-02 7.3080224E-04 2.1473327E-04 6.0381877E-03 1.3717518E-04 6.0250368E-03 8.4767137E-02 3.3174293E-02 1.3382921E-04 1.5878992E+00 1.8871663E+01 -7.0213462E-02
3.1381000E+02 2.5927000E+02 8.6700000E+00 3.4500000E+02 10 5.4977362E+01 2.1527583E-01 5.2118129E-01 -3.1247885E-02 1.1457061E-02 1.2052030E-02 1.1642343E-02 7.3394799E-04 2.1623509E-04 6.2234554E-03 1.3776565E-04 6.1861606E-03 8.9910977E-02 3.4204500E-02 1.3883052E-04 1.5359532E+00 1.8920306E+01 -7.9228558E-02
3.1381000E+02 2.5927000E+02 8.6700000E+00 3.5000000E+02 10 5.4954133E+01 2.2649409E-01 5.4212449E-01 -3.1208149E-02 1.1879946E-02 1.2081221E-02 1.1670068E-02 7.3657311E-04 2.2009640E-04 6.4490447E-03 1.3825840E-04 6.3819479E-03 9.3874205E-02 3.5462730E-02 1.4358419E-04 1.5038260E+00 1.8950450E+01 -8.5533462E-02
3.1381000E+02 2.5927000E+02 8.6700000E+00 3.5500000E+02 10 5.4937244E+01 2.3522074E-01 5.5811234E-01 -3.1147510E-02 1.2272083E-02 1.2102255E-02 1.1689894E-02 7.3873878E-04 2.2458188E-04 6.6582852E-03 1.3866490E-04 6.5630829E-03 9.6694131E-02 3.6629505E-02 1.4743230E-04 1.4843489E+00 1.8968883E+01 -8.9685314E-02
3.1381000E+02 2.5927000E+02 8.6700000E+00 3.6000000E+02 10 5.4925342E+01 2.4173838E-01 5.6983786E-01 -3.1068445E-02 1.2600157E-02 1.2115093E-02 1.1701745E-02 7.4050538E-04 2.2893108E-04 6.8334624E-03 1.3899650E-04 6.7144559E-03 9.8643095E-02 3.7605695E-02 1.5036450E-04 1.4724686E+00 1.8980237E+01 -9.2366036E-02
3.1381000E+02 2.5927000E+02 8.6700000E+00 3.6500000E+02 10 5.4917014E+01 2.4654392E-01 5.7833234E-01 -3.0979901E-02 1.2862719E-02 1.2121988E-02 1.1707846E-02 7.4192884E-04 2.3284361E-04 6.9737543E-03 1.3926369E-04 6.8355350E-03 9.9982226E-02 3.8386982E-02 1.5254657E-04 1.4651062E+00 1.8987334E+01 -9.4096445E-02
3.1381000E+02 2.5927000E+02 8.6700000E+00 3.7000000E+02 10 5.4911161E+01 2.5008833E-01 5.8449038E-01 -3.0889191E-02 1.3068902E-02 1.2125121E-02 1.1710348E-02 7.4305913E-04 2.3622742E-04 7.0839916E-03 1.3947585E-04 6.9305799E-03 1.0090691E-01 3.9000541E-02 1.5415646E-04 1.4604524E+00 1.8991856E+01 -9.5223805E-02
3.1381000E+02 2.5927000E+02 8.6700000E+00 3.7500000E+02 10 5.4907009E+01 2.5272059E-01 5.8898601E-01 -3.0800900E-02 1.3229793E-02 1.2126059E-02 1.1710794E-02 7.4393996E-04 2.3908746E-04 7.1700616E-03 1.3964119E-04 7.0047097E-03 1.0155185E-01 3.9479346E-02 1.5534237E-04 1.4574463E+00 1.8994795E+01 -9.5968713E-02
3.1381000E+02 2.5927000E+02 8.6700000E+00 3.8000000E+02 10 5.4904028E+01 2.5469550E-01 5.9230166E-01 -3.0717508E-02 1.3355402E-02 1.2125794E-02 1.1710156E-02 7.4460906E-04 2.4147867E-04 7.2372867E-03 1.3976678E-04 7.0625416E-03 1.0200735E-01 3.9853183E-02 1.5621779E-04 1.4554590E+00 1.8996747E+01 -9.6469363E-02
3.1381000E+02 2.5927000E+02 8.6700000E+00 3.8500000E+02 10 5.4901858E+01 2.5619529E-01 5.9477642E-01 -3.0640131E-02 1.3453917E-02 1.2124904E-02 1.1708993E-02 7.4509873E-04 2.4347037E-04 7.2900252E-03 1.3985870E-04 7.1078454E-03 1.0233352E-01 4.0146402E-02 1.5686413E-04 1.4541118E+00 1.8998080E+01 -9.6812367E-02
3.1381000E+02 2.5927000E+02 8.6700000E+00 3.9000000E+02 10 5.4900256E+01 2.5734941E-01 5.9664763E-01 -3.0569083E-02 1.3531730E-02 1.2123698E-02 1.1707598E-02 7.4543644E-04 2.4512951E-04 7.3316854E-03 1.3992209E-04 7.1435637E-03 1.0257053E-01 4.0378020E-02 1.5734308E-04 1.4531732E+00 1.8999016E+01 -9.7052424E-02
3.1381000E+02 2.5927000E+02 8.6700000E+00 3.9500000E+02 10 5.4899055E+01 2.5824997E-01 5.9808179E-01 -3.0504234E-02 1.3593727E-02 1.2122321E-02 1.1706104E-02 7.4564547E-04 2.4651483E-04 7.3648769E-03 1.3996132E-04 7.1719448E-03 1.0274540E-01 4.0562573E-02 1.5769909E-04 1.4524991E+00 1.8999693E+01 -9.7224440E-02
3.1381000E+02 2.5927000E+02 8.6700000E+00 4.0000000E+02 10 5.4898142E+01 2.5896283E-01 5.9919639E-01 -3.0445226E-02 1.3643603E-02 1.2120830E-02 1.1704557E-02 7.4574553E-04 2.4767585E-04 7.3915752E-03 1.3998010E-04 7.1946896E-03 1.0287646E-01 4.0711055E-02 1.5796404E-04 1.4519987E+00 1.9000200E+01 -9.7350964E-02
3.1381000E+02 2.5927000E+02 8.6700000E+00 4.0500000E+02 10 5.4897436E+01 2.5953534E-01 6.0007495E-01 -3.0391604E-02 1.3684144E-02 1.2119237E-02 1.1702960E-02 7.4575325E-04 2.4865458E-04 7.4132716E-03 1.3998155E-04 7.2130810E-03 1.0297633E-01 4.0831751E-02 1.5816152E-04 1.4516137E+00 1.9000593E+01 -9.7446725E-02
3.1381000E+02 2.5927000E+02 8.6700000E+00 4.1000000E+02 10 5.4896881E+01 2.6000187E-01 6.0077740E-01 -3.0342885E-02 1.3717451E-02 1.2117532E-02 1.1701295E-02 7.4568264E-04 2.4948564E-04 7.4310931E-03 1.3996830E-04 7.2280870E-03 1.0305373E-01 4.0930914E-02 1.5830834E-04 1.4513066E+00 1.9000910E+01 -9.7521452E-02
3.1381000E+02 2.5927000E+02 8.6700000E+00 4.1200000E+02 10 5.4889532E+01 2.7453695E-01 6.2990572E-01 -3.0324150E-02 1.5928267E-02 1.3480678E-02 1.3064463E-02 7.4564270E-04 2.7141704E-04 8.5622352E-03 1.3996080E-04 8.2895856E-03 1.0309227E-01 4.7527125E-02 1.8819713E-04 1.5183401E+00 1.8857487E+01 -8.5867661E-02
3.1381000E+02 2.5927000E+02 8.6700000E+00 4.1700000E+02 10 5.4896951E+01 2.5917405E-01 5.9901874E-01 -3.0281555E-02 1.3559435E-02 1.2017939E-02 1.1601814E-02 7.4548074E-04 2.5065722E-04 7.3508251E-03 1.3993040E-04 7.1512716E-03 1.0313544E-01 4.0459303E-02 1.5419929E-04 1.4456381E+00 1.9014006E+01 -9.8594884E-02
3.1381000E+02 2.5927000E+02 8.6700000E+00 4.2200000E+02 10 5.4896588E+01 2.5954325E-01 5.9952374E-01 -3.0242771E-02 1.3587999E-02 1.2009834E-02 1.1593829E-02 7.4526590E-04 2.4981375E-04 7.3660403E-03 1.3989008E-04 7.1639820E-03 1.0318095E-01 4.0544326E-02 1.5612607E-04 1.4455044E+00 1.9010822E+01 -9.8624869E-02
3.1381000E+02 2.5927000E+02 8.6700000E+00 4.2700000E+02 10 5.4896126E+01 2.6017990E-01 6.0055044E-01 -3.0207405E-02 1.3658997E-02 1.2025571E-02 1.1609711E-02 7.4500597E-04 2.5020594E-04 7.4031098E-03 1.3984129E-04 7.1968241E-03 1.0321831E-01 4.0755882E-02 1.5740814E-04 1.4466546E+00 1.9007583E+01 -9.8415686E-02
3.1381000E+02 2.5927000E+02 8.6700000E+00 4.2900000E+02 10 5.4888761E+01 2.7486995E-01 6.2992482E-01 -3.0193781E-02 1.5894377E-02 1.3392738E-02 1.2976940E-02 7.4489525E-04 2.7219212E-04 8.5472890E-03 1.3982050E-04 8.2694775E-03 1.0324287E-01 4.7425240E-02 1.8785819E-04 1.5139239E+00 1.8863925E+01 -8.6620003E-02
3.1381000E+02 2.5927000E+02 8.6700000E+00 4.3000000E+02 10 5.4886513E+01 2.7933245E-01 6.3892155E-01 -3.0187097E-02 1.6573791E-02 1.3830146E-02 1.3414379E-02 7.4483826E-04 2.8023734E-04 8.8946320E-03 1.3980980E-04 8.5959841E-03 1.0325195E-01 4.9452514E-02 1.9498316E-04 1.5362933E+00 1.8812242E+01 -8.2998628E-02
3.1381000E+02 2.5927000E+02 8.6700000E+00 4.3500000E+02 10 5.4895400E+01 2.6155977E-01 6.0345711E-01 -3.0152827E-02 1.3875218E-02 1.2193218E-02 1.1775035E-02 7.4916830E-04 2.5832522E-04 7.5167633E-03 1.4062257E-04 7.3033940E-03 1.0322149E-01 4.1400802E-02 1.5686703E-04 1.4529293E+00 1.9001584E+01 -9.7261274E-02
3.1381000E+02 2.5927000E+02 8.6700000E+00 4.3600000E+02 10 5.4885567E+01 2.8134054E-01 6.4320408E-01 -3.0145852E-02 1.6895076E-02 1.4093697E-02 1.3674977E-02 7.5012995E-04 2.8388208E-04 9.0611064E-03 1.4080308E-04 8.7559334E-03 1.0323216E-01 5.0411711E-02 1.9940789E-04 1.5479146E+00 1.8775485E+01 -8.1160462E-02
3.1381000E+02 2.5927000E+02 8.6700000E+00 4.3700000E+02 10 5.4886523E+01 2.8146673E-01 6.4300234E-01 -2.9899309E-02 1.6942110E-02 1.4128603E-02 1.3709339E-02 7.5110437E-04 2.8772361E-04 9.0861351E-03 1.4098598E-04 8.7788255E-03 1.0302422E-01 5.0551836E-02 1.9761058E-04 1.5501232E+00 1.8782226E+01 -8.0727508E-02
3.1381000E+02 2.5927000E+02 8.6700000E+00 4.3800000E+02 10 5.4889902E+01 2.8104640E-01 6.4072070E-01 -2.9142103E-02 1.6961643E-02 1.4151909E-02 1.3732109E-02 7.5206448E-04 2.9052702E-04 9.0968880E-03 1.4116620E-04 8.7887380E-03 1.0238406E-01 5.0609990E-02 1.9626193E-04 1.5525027E+00 1.8786113E+01 -8.0067828E-02
3.1381000E+02 2.5927000E+02 8.6700000E+00 4.4300000E+02 10 5.4956292E+01 2.5473968E-01 5.6283368E-01 -1.6445637E-02 1.4296840E-02 1.2523418E-02 1.2102651E-02 7.5379607E-04 2.6612577E-04 7.7343358E-03 1.4149123E-04 7.5106637E-03 9.1647513E-02 4.2659047E-02 1.6033319E-04 1.4870379E+00 1.8960033E+01 -8.5237831E-02
3.1381000E+02 2.5927000E+02 8.6700000E+00 4.4400000E+02 10 5.4959888E+01 2.7142963E-01 5.9123473E-01 -1.3610532E-02 1.7165769E-02 1.4421105E-02 1.4000195E-02 7.5405386E-04 2.8950598E-04 9.1982398E-03 1.4153962E-04 8.8936690E-03 8.9267385E-02 5.1221067E-02 2.0030373E-04 1.5967776E+00 1.8713781E+01 -6.7783406E-02
3.1381000E+02 2.5927000E+02 8.6700000E+00 4.4500000E+02 10 5.4973749E+01 2.6940189E-01 5.8121730E-01 -1.0549077E-02 1.7186533E-02 1.4460271E-02 1.4039299E-02 7.5416350E-04 2.9229400E-04 9.2085247E-03 1.4156020E-04 8.9042123E-03 8.6681451E-02 5.1283178E-02 1.9849981E-04 1.6058126E+00 1.8713948E+01 -6.5473440E-02
3.1381000E+02 2.5927000E+02 8.6700000E+00 4.5000000E+02 10 5.5042471E+01 2.4447377E-01 5.0461807E-01 2.8655274E-03 1.4804150E-02 1.2999122E-02 1.2578269E-02 7.5395167E-04 2.7193209E-04 7.9895885E-03 1.4152044E-04 7.7597744E-03 7.5344313E-02 4.4174646E-02 1.6607838E-04 1.5429698E+00 1.8889016E+01 -6.8677032E-02
3.1381000E+02 2.5927000E+02 8.6700000E+00 4.5300000E+02 10 5.5070933E+01 2.4887266E-01 5.0005798E-01 1.0170072E-02 1.6299457E-02 1.4135968E-02 1.3715410E-02 7.5342153E-04 2.8525153E-04 8.7483366E-03 1.4142093E-04 8.4847949E-03 6.9188996E-02 4.8638988E-02 1.8574262E-04 1.6284890E+00 1.8741782E+01 -5.5233293E-02
3.1381000E+02 2.5927000E+02 8.6700000E+00 4.5400000E+02 10 5.5077653E+01 2.5513519E-01 5.0909085E-01 1.2515027E-02 1.7554215E-02 1.5124656E-02 1.4704231E-02 7.5318417E-04 2.9561354E-04 9.3842330E-03 1.4137637E-04 9.0944873E-03 6.7216646E-02 5.2385593E-02 2.0009311E-04 1.7045795E+00 1.8580848E+01 -4.6532914E-02
3.1381000E+02 2.5927000E+02 8.6700000E+00 4.5900000E+02 10 5.5134286E+01 2.2893320E-01 4.3541278E-01 2.2922220E-02 1.4622397E-02 1.3245485E-02 1.2826930E-02 7.4983395E-04 2.6823314E-04 7.8843821E-03 1.4074752E-04 7.6809663E-03 5.8446385E-02 4.3636489E-02 1.6174177E-04 1.5892101E+00 1.8846171E+01 -5.4974028E-02
3.1381000E+02 2.5927000E+02 8.6700000E+00 4.6400000E+02 10 5.5170238E+01 2.2152422E-01 4.0617863E-01 3.0631502E-02 1.4342436E-02 1.3246580E-02 1.2829502E-02 7.4718904E-04 2.6090461E-04 7.7345219E-03 1.4025106E-04 7.5503868E-03 5.1967165E-02 4.2803116E-02 1.6059039E-04 1.6007218E+00 1.8832785E+01 -5.0787026E-02
3.1381000E+02 2.5927000E+02 8.6700000E+00 4.6900000E+02 10 5.5196515E+01 2.1611172E-01 3.8493877E-01 3.6272333E-02 1.4143517E-02 1.3275158E-02 1.2859219E-02 7.4514722E-04 2.5451441E-04 7.6275049E-03 1.3986780E-04 7.4579270E-03 4.7232345E-02 4.2211008E-02 1.5972602E-04 1.6106597E+00 1.8820883E+01 -4.7660335E-02
3.1381000E+02 2.5927000E+02 8.6700000E+00 4.7400000E+02 10 5.5215971E+01 2.1193746E-01 3.6902919E-01 4.0435552E-02 1.3972888E-02 1.3305400E-02 1.2890499E-02 7.4328832E-04 2.4843802E-04 7.5359090E-03 1.3951887E-04 7.3781900E-03 4.3744883E-02 4.1702961E-02 1.5873654E-04 1.6176803E+00 1.8812677E+01 -4.5447882E-02
3.1381000E+02 2.5927000E+02 8.6700000E+00 4.7900000E+02 10 5.5230589E+01 2.0861495E-01 3.5682316E-01 4.3547509E-02 1.3816611E-02 1.3327250E-02 1.2913350E-02 7.4149463E-04 2.4275390E-04 7.4524393E-03 1.3918219E-04 7.3045138E-03 4.1144961E-02 4.1237456E-02 1.5768731E-04 1.6219177E+00 1.8807845E+01 -4.3927389E-02
3.1381000E+02 2.5927000E+02 8.6700000E+00 4.8100000E+02 10 5.5230299E+01 2.1839383E-01 3.7622769E-01 4.4647499E-02 1.5532284E-02 1.4688744E-02 1.4275240E-02 7.4078528E-04 2.5533890E-04 8.3225139E-03 1.3904904E-04 8.1367708E-03 4.0237259E-02 4.6359794E-02 1.8121953E-04 1.7423476E+00 1.8602560E+01 -3.3527315E-02
3.1381000E+02 2.5927000E+02 8.6700000E+00 4.8200000E+02 10 5.5231168E+01 2.2096219E-01 3.8118673E-01 4.5163991E-02 1.6020409E-02 1.5128772E-02 1.4715465E-02 7.4043258E-04 2.5874256E-04 8.5691078E-03 1.3898284E-04 8.3744357E-03 3.9808969E-02 4.7817434E-02 1.8643175E-04 1.7864596E+00 1.8524092E+01 -3.0327700E-02
3.1381000E+02 2.5927000E+02 8.6700000E+00 4.8700000E+02 10 5.5249536E+01 2.0146705E-01 3.3594331E-01 4.7254721E-02 1.3142174E-02 1.3060948E-02 1.2648869E-02 7.3823155E-04 2.3165921E-04 7.1037677E-03 1.3856969E-04 6.9796909E-03 3.8059591E-02 3.9225243E-02 1.4842356E-04 1.6000637E+00 1.8846342E+01 -4.4705788E-02
3.1381000E+02 2.5927000E+02 8.6700000E+00 4.9200000E+02 10 5.5257482E+01 1.9884296E-01 3.2754839E-01 4.8859707E-02 1.2907108E-02 1.2923336E-02 1.2512158E-02 7.3661887E-04 2.2511624E-04 6.9824610E-03 1.3826698E-04 6.8655211E-03 3.6731541E-02 3.8523777E-02 1.4863183E-04 1.5923689E+00 1.8851844E+01 -4.4868219E-02
3.1381000E+02 2.5927000E+02 8.6700000E+00 4.9700000E+02 10 5.5263347E+01 1.9741899E-01 3.2211089E-01 5.0109259E-02 1.2810136E-02 1.2847342E-02 1.2436875E-02 7.3534536E-04 2.2102167E-04 6.9326226E-03 1.3802794E-04 6.8172113E-03 3.5700432E-02 3.8234104E-02 1.4919385E-04 1.5904828E+00 1.8851637E+01 -4.4591405E-02
3.1381000E+02 2.5927000E+02 8.6700000E+00 5.0200000E+02 10 5.5267901E+01 1.9646423E-01 3.1811150E-01 5.1100770E-02 1.2756608E-02 1.2797206E-02 1.2387399E-02 7.3416285E-04 2.1807309E-04 6.9051240E-03 1.3780598E-04 6.7898033E-03 3.4885670E-02 3.8074102E-02 1.4948251E-04 1.5900979E+00 1.8850782E+01 -4.4264402E-02
3.1381000E+02 2.5927000E+02 8.6700000E+00 5.0500000E+02 10 5.5266581E+01 2.0339145E-01 3.3191809E-01 5.1619293E-02 1.3923827E-02 1.3641392E-02 1.3231974E-02 7.3346495E-04 2.2776204E-04 7.4993358E-03 1.3767498E-04 7.3529483E-03 3.4467805E-02 4.1558004E-02 1.6595528E-04 1.6632298E+00 1.8732826E+01 -3.7527986E-02
3.1381000E+02 2.5927000E+02 8.6700000E+00 5.0600000E+02 10 5.5263853E+01 2.1022968E-01 3.4652041E-01 5.1784208E-02 1.5051296E-02 1.4523290E-02 1.4114001E-02 7.3323316E-04 2.3639253E-04 8.0715941E-03 1.3763147E-04 7.8997222E-03 3.4339103E-02 4.4924192E-02 1.8075416E-04 1.7479049E+00 1.8581696E+01 -3.1105432E-02
3.1381000E+02 2.5927000E+02 8.6700000E+00 5.1100000E+02 10 5.5275742E+01 1.9219135E-01 3.0662113E-01 5.2500512E-02 1.2232895E-02 1.2450212E-02 1.2041936E-02 7.3141853E-04 2.1115653E-04 6.6372209E-03 1.3729085E-04 6.5339389E-03 3.3744405E-02 3.6510602E-02 1.4174612E-04 1.5655878E+00 1.8889807E+01 -4.6189858E-02
3.1381000E+02 2.5927000E+02 8.6700000E+00 5.1600000E+02 10 5.5278598E+01 1.9125168E-01 3.0314391E-01 5.3089314E-02 1.2124832E-02 1.2308376E-02 1.1900903E-02 7.2998257E-04 2.0752938E-04 6.5826680E-03 1.3702132E-04 6.4790337E-03 3.3270592E-02 3.6187677E-02 1.4308010E-04 1.5598686E+00 1.8892836E+01 -4.6545901E-02
3.1381000E+02 2.5927000E+02 8.6700000E+00 5.2100000E+02 10 5.5280682E+01 1.9105443E-01 3.0132266E-01 5.3580719E-02 1.2118473E-02 1.2227556E-02 1.1820773E-02 7.2874462E-04 2.0594378E-04 6.5805185E-03 1.3678895E-04 6.4728534E-03 3.2876726E-02 3.6168153E-02 1.4429219E-04 1.5591003E+00 1.8891483E+01 -4.6433430E-02
3.1381000E+02 2.5927000E+02 8.6700000E+00 5.2600000E+02 10 5.5282386E+01 1.9100243E-01 3.0001250E-01 5.3998186E-02 1.2129855E-02 1.2171730E-02 1.1765625E-02 7.2753052E-04 2.0508901E-04 6.5872420E-03 1.3656106E-04 6.4755076E-03 3.2544261E-02 3.6201718E-02 1.4499410E-04 1.5593296E+00 1.8890078E+01 -4.6249265E-02
3.1381000E+02 2.5927000E+02 8.6700000E+00 5.3100000E+02 10 5.5283859E+01 1.9093379E-01 2.9885882E-01 5.4357841E-02 1.2136414E-02 1.2125853E-02 1.1720426E-02 7.2631575E-04 2.0446015E-04 6.5912653E-03 1.3633304E-04 6.4761409E-03 3.2259881E-02 3.6221020E-02 1.4531893E-04 1.5594170E+00 1.8889440E+01 -4.6103634E-02
3.1381000E+02 2.5927000E+02 8.6700000E+00 5.3600000E+02 10 5.5285156E+01 1.9083391E-01 2.9778842E-01 5.4671302E-02 1.2136224E-02 1.2084870E-02 1.1680114E-02 7.2511426E-04 2.0390264E-04 6.5916762E-03 1.3610751E-04 6.4737477E-03 3.2013780E-02 3.6220257E-02 1.4544211E-04 1.5592159E+00 1.8889406E+01 -4.6006166E-02
3.1381000E+02 2.5927000E+02 8.6700000E+00 5.4100000E+02 10 5.5286306E+01 1.9071735E-01 2.9679606E-01 5.4947255E-02 1.2131618E-02 1.2047236E-02 1.1643135E-02 7.2393991E-04 2.0337776E-04 6.5897214E-03 1.3588708E-04 6.4693964E-03 3.1798595E-02 3.6206355E-02 1.4547105E-04 1.5588108E+00 1.8889713E+01 -4.5944365E-02
3.1381000E+02 2.5927000E+02 8.6700000E+00 5.4600000E+02 10 5.5287332E+01 1.9059778E-01 2.9588437E-01 5.5192359E-02 1.2124805E-02 1.2012411E-02 1.1608947E-02 7.2279979E-04 2.0288810E-04 6.5865528E-03 1.3567308E-04 6.4641273E-03 3.1608699E-02 3.6185886E-02 1.4545838E-04 1.5582963E+00 1.8890190E+01 -4.5905730E-02
3.1381000E+02 2.5927000E+02 8.6700000E+00 5.5100000E+02 10 5.5288250E+01 1.9048323E-01 2.9505203E-01 5.5411795E-02 1.2117192E-02 1.1980092E-02 1.1577244E-02 7.2169567E-04 2.0243490E-04 6.5829112E-03 1.3546583E-04 6.4585920E-03 3.1439745E-02 3.6163036E-02 1.4542906E-04 1.5577362E+00 1.8890735E+01 -4.5881652E-02
3.1381000E+02 2.5927000E+02 8.6700000E+00 5.5600000E+02 10 5.5289076E+01 1.9037741E-01 2.9429395E-01 5.5609642E-02 1.2109539E-02 1.1950018E-02 1.1547766E-02 7.2062625E-04 2.0202053E-04 6.5792053E-03 1.3526509E-04 6.4531340E-03 3.1288330E-02 3.6140074E-02 1.4539328E-04 1.5571667E+00 1.8891303E+01 -4.5866823E-02
3.1381000E+02 2.5927000E+02 8.6700000E+00 5.6100000E+02 10 5.5289823E+01 1.9028147E-01 2.9360322E-01 5.5789149E-02 1.2102218E-02 1.1921941E-02 1.1520269E-02 7.1958882E-04 2.0164686E-04 6.5756375E-03 1.3507036E-04 6.4479144E-03 3.1151762E-02 3.6118107E-02 1.4535650E-04 1.5566063E+00 1.8891865E+01 -4.5858087E-02
3.1381000E+02 2.5927000E+02 8.6700000E+00 5.6600000E+02 10 5.5290500E+01 1.9019559E-01 2.9297283E-01 5.5952926E-02 1.2095398E-02 1.1895632E-02 1.1494523E-02 7.1858015E-04 2.0131214E-04 6.5722944E-03 1.3488103E-04 6.4430100E-03 3.1027886E-02 3.6097641E-02 1.4532010E-04 1.5560639E+00 1.8892412E+01 -4.5853510E-02
3.1381000E+02 2.5927000E+02 8.6700000E+00 5.7100000E+02 10 5.5291118E+01 1.9011923E-01 2.9239602E-01 5.6103092E-02 1.2089134E-02 1.1870882E-02 1.1470321E-02 7.1759695E-04 2.0101462E-04 6.5692149E-03 1.3469648E-04 6.4384309E-03 3.0914961E-02 3.6078835E-02 1.4528516E-04 1.5555432E+00 1.8892938E+01 -4.5851917E-02
3.1381000E+02 2.5927000E+02 8.6700000E+00 5.7600000E+02 10 5.5291684E+01 1.9005163E-01 2.9186670E-01 5.6241386E-02 1.2083423E-02 1.1847506E-02 1.1447482E-02 7.1663612E-04 2.0075148E-04 6.5664013E-03 1.3451612E-04 6.4341675E-03 3.0811563E-02 3.6061683E-02 1.4525181E-04 1.5550447E+00 1.8893444E+01 -4.5852571E-02
3.1381000E+02 2.5927000E+02 8.6700000E+00 5.8100000E+02 10 5.5292204E+01 1.8999197E-01 2.9137948E-01 5.6369249E-02 1.2078234E-02 1.1825345E-02 1.1425846E-02 7.1569485E-04 2.0051996E-04 6.5638403E-03 1.3433944E-04 6.4301990E-03 3.0716520E-02 3.6046092E-02 1.4522016E-04 1.5545676E+00 1.8893927E+01 -4.5855001E-02
3.1381000E+02 2.5927000E+02 8.6700000E+00 5.8200000E+02 10 5.5284387E+01 2.0589297E-01 3.2486749E-01 5.6394415E-02 1.4606112E-02 1.3614477E-02 1.3215084E-02 7.1550735E-04 2.2073562E-04 7.8520612E-03 1.3430425E-04 7.6506189E-03 3.0712675E-02 4.3591782E-02 1.8159586E-04 1.7156028E+00 1.8610386E+01 -3.2060027E-02
3.1381000E+02 2.5927000E+02 8.6700000E+00 5.8700000E+02 10 5.5293126E+01 1.8912686E-01 2.8941751E-01 5.6490050E-02 1.1958983E-02 1.1755095E-02 1.1355159E-02 7.1647905E-04 2.0073203E-04 6.5040559E-03 1.3448664E-04 6.3726697E-03 3.0614710E-02 3.5690001E-02 1.4227856E-04 1.5488722E+00 1.8904870E+01 -4.6396096E-02
3.1381000E+02 2.5927000E+02 8.6700000E+00 5.9200000E+02 10 5.5293557E+01 1.8899585E-01 2.8889853E-01 5.6573187E-02 1.1945783E-02 1.1731768E-02 1.1330679E-02 7.1854303E-04 2.0025067E-04 6.4990592E-03 1.3487406E-04 6.3674387E-03 3.0536079E-02 3.5650520E-02 1.4321194E-04 1.5482736E+00 1.8903385E+01 -4.6420394E-02
3.1381000E+02 2.5927000E+02 8.6700000E+00 5.9700000E+02 10 5.5293824E+01 1.8912884E-01 2.8891161E-01 5.6646683E-02 1.1971606E-02 1.1731106E-02 1.1328658E-02 7.2097754E-04 2.0050989E-04 6.5143869E-03 1.3533103E-04 6.3810803E-03 3.0462630E-02 3.5727410E-02 1.4392247E-04 1.5496577E+00 1.8900495E+01 -4.6243534E-02
3.1381000E+02 2.5927000E+02 8.6700000E+00 6.0200000E+02 10 5.5294076E+01 1.8923919E-01 2.8893399E-01 5.6713852E-02 1.1995435E-02 1.1736489E-02 1.1332694E-02 7.2339132E-04 2.0083700E-04 6.5285374E-03 1.3578411E-04 6.3939239E-03 3.0394266E-02 3.5798415E-02 1.4427607E-04 1.5510762E+00 1.8898227E+01 -4.6067008E-02
3.1381000E+02 2.5927000E+02 8.6700000E+00 6.0700000E+02 10 5.5294348E+01 1.8927012E-01 2.8883892E-01 5.6777052E-02 1.2008206E-02 1.1740403E-02 1.1335365E-02 7.2561955E-04 2.0103738E-04 6.5368064E-03 1.3620236E-04 6.4014426E-03 3.0330249E-02 3.5836472E-02 1.4437777E-04 1.5520102E+00 1.8896882E+01 -4.5943021E-02
3.1381000E+02 2.5927000E+02 8.6700000E+00 6.1200000E+02 10 5.5294635E+01 1.8924067E-01 2.8864296E-01 5.6837664E-02 1.2011900E-02 1.1740800E-02 1.1334656E-02 7.2760032E-04 2.0110963E-04 6.5402396E-03 1.3657416E-04 6.4044533E-03 3.0269932E-02 3.5847463E-02 1.4435189E-04 1.5524877E+00 1.8896219E+01 -4.5867582E-02
3.1381000E+02 2.5927000E+02 8.6700000E+00 6.1700000E+02 10 5.5294926E+01 1.8917888E-01 2.8838701E-01 5.6896416E-02 1.2010103E-02 1.1737667E-02 1.1330563E-02 7.2932051E-04 2.0109454E-04 6.5407117E-03 1.3689705E-04 6.4046101E-03 3.0212843E-02 3.5842068E-02 1.4427399E-04 1.5526470E+00 1.8895979E+01 -4.5825949E-02
3.1381000E+02 2.5927000E+02 8.6700000E+00 6.2200000E+02 10 5.5295213E+01 1.8910493E-01 2.8810347E-01 5.6953640E-02 1.2005539E-02 1.1731566E-02 1.1323642E-02 7.3079019E-04 2.0103011E-04 6.5396372E-03 1.3717291E-04 6.4032117E-03 3.0158654E-02 3.5828411E-02 1.4418137E-04 1.5526072E+00 1.8895985E+01 -4.5805655E-02
3.1381000E+02 2.5927000E+02 8.6700000E+00 6.2700000E+02 10 5.5295490E+01 1.8903029E-01 2.8781251E-01 5.7009449E-02 1.1999869E-02 1.1723134E-02 1.1314517E-02 7.3202962E-04 2.0094299E-04 6.5378836E-03 1.3740556E-04 6.4010647E-03 3.0107138E-02 3.5811441E-02 1.4409014E-04 1.5524486E+00 1.8896132E+01 -4.5798379E-02
3.1381000E+02 2.5927000E+02 8.6700000E+00 6.3200000E+02 10 5.5295755E+01 1.8896072E-01 2.8752548E-01 5.7063849E-02 1.1994000E-02 1.1712942E-02 1.1303749E-02 7.3306258E-04 2.0085042E-04 6.5359314E-03 1.3759945E-04 6.3986229E-03 3.0058127E-02 3.5793868E-02 1.4400642E-04 1.5522211E+00 1.8896357E+01 -4.5798984E-02
3.1381000E+02 2.5927000E+02 8.6700000E+00 6.3700000E+02 10 5.5296007E+01 1.8889880E-01 2.8724839E-01 5.7116801E-02 1.1988391E-02 1.1701468E-02 1.1291800E-02 7.3391291E-04 2.0076235E-04 6.5340256E-03 1.3775906E-04 6.3961321E-03 3.0011487E-02 3.5777066E-02 1.4393171E-04 1.5519552E+00 1.8896626E+01 -4.5804357E-02
3.1381000E+02 2.5927000E+02 8.6700000E+00 6.4200000E+02 10 5.5296246E+01 1.8884497E-01 2.8698384E-01 5.7168256E-02 1.1983235E-02 1.1689093E-02 1.1279040E-02 7.3460288E-04 2.0068419E-04 6.5322699E-03 1.3788857E-04 6.3937118E-03 2.9967102E-02 3.5761611E-02 1.4386570E-04 1.5516685E+00 1.8896917E+01 -4.5812683E-02
3.1381000E+02 2.5927000E+02 8.6700000E+00 6.4700000E+02 10 5.5296472E+01 1.8879911E-01 2.8673289E-01 5.7218173E-02 1.1978601E-02 1.1676117E-02 1.1265757E-02 7.3515252E-04 2.0061850E-04 6.5307106E-03 1.3799174E-04 6.3914130E-03 2.9924869E-02 3.5747710E-02 1.4380726E-04 1.5513721E+00 1.8897221E+01 -4.5822838E-02
3.1381000E+02 2.5927000E+02 8.6700000E+00 6.5000000E+02 10 5.5292764E+01 1.9648881E-01 3.0278013E-01 5.7247562E-02 1.3202427E-02 1.2506875E-02 1.2096357E-02 7.3543580E-04 2.1256056E-04 7.1565909E-03 1.3804492E-04 6.9802184E-03 2.9907372E-02 3.9400108E-02 1.6085203E-04 1.6214121E+00 1.8785166E+01 -3.9201680E-02
