x y z_datum Time Well_no H2O H O Charge Al C Ca Cl Fe K Mg Na S Si U pH pe Alkalinity
3.1381000E+02 2.5927000E+02 8.6700000E+00 0.0000000E+00 10 9.9704301E-01 7.2098600E-06 6.6484776E-04 -3.2324431E-06 0.0000000E+00 1.0067647E-04 6.3262499E-05 4.3211171E-04 0.0000000E+00 2.8240956E-04 5.5605062E-05 2.2967748E-04 1.4127542E-04 0.0000000E+00 0.0000000E+00 7.0300000E+00 1.1068788E+01 7.1999443E-03
3.1381000E+02 2.5927000E+02 8.6700000E+00 5.0000000E+00 10 5.5330531E+01 1.7384290E-02 5.9392647E-02 -3.0585477E-03 0.0000000E+00 7.4412280E-03 1.4013278E-03 1.0820379E-02 0.0000000E+00 6.4124051E-03 2.0310384E-03 8.8691633E-03 9.5226339E-03 0.0000000E+00 0.0000000E+00 2.5347632E+00 1.7830816E+01 -4.6751121E-03
3.1381000E+02 2.5927000E+02 8.6700000E+00 1.0000000E+01 10 5.5313951E+01 2.9149147E-02 9.8742018E-02 -2.7945323E-03 9.5997935E-04 8.1623107E-03 3.2816916E-03 8.7435466E-03 1.3941827E-05 5.6536024E-03 1.6412067E-03 7.6497905E-03 1.7304365E-02 2.8710392E-03 1.3298097E-05 2.0839530E+00 1.8325929E+01 -1.4538179E-02
3.1381000E+02 2.5927000E+02 8.6700000E+00 1.5000000E+01 10 5.5292720E+01 5.2188108E-02 1.4525747E-01 -2.5546172E-03 2.5068779E-03 8.5440530E-03 4.7168912E-03 6.8562957E-03 3.3825725E-05 5.3073822E-03 1.2869604E-03 6.8681590E-03 2.4376324E-02 7.4934008E-03 3.4573021E-05 1.9451618E+00 1.8484667E+01 -2.1329555E-02
3.1381000E+02 2.5927000E+02 8.6700000E+00 2.0000000E+01 10 5.5274900E+01 7.2948502E-02 1.8404128E-01 -2.3707265E-03 3.9058892E-03 8.7929606E-03 5.7732558E-03 5.4097501E-03 5.4088808E-05 5.1537511E-03 1.0154367E-03 6.3684640E-03 2.9797269E-02 1.1671906E-02 5.3974626E-05 1.8812165E+00 1.8558176E+01 -2.5761735E-02
3.1381000E+02 2.5927000E+02 8.6700000E+00 2.5000000E+01 10 5.5261795E+01 8.8577199E-02 2.1291368E-01 -2.2399209E-03 4.9980550E-03 8.9951809E-03 6.5498382E-03 4.3807903E-03 7.1289040E-05 5.0951927E-03 8.2229588E-04 6.0582812E-03 3.3653560E-02 1.4933158E-02 6.9083200E-05 1.8496617E+00 1.8594312E+01 -2.8472156E-02
3.1381000E+02 2.5927000E+02 8.6700000E+00 3.0000000E+01 10 5.5252563E+01 9.9716023E-02 2.3356592E-01 -2.1493500E-03 5.8015957E-03 9.1759696E-03 7.1283200E-03 3.6683295E-03 8.4716305E-05 5.0792142E-03 6.8856349E-04 5.8657734E-03 3.6323837E-02 1.7332284E-02 8.0064970E-05 1.8338612E+00 1.8612335E+01 -3.0075873E-02
3.1381000E+02 2.5927000E+02 8.6700000E+00 3.5000000E+01 10 5.5246126E+01 1.0752299E-01 2.4819723E-01 -2.0866906E-03 6.3794711E-03 9.3399502E-03 7.5674356E-03 3.1754301E-03 9.4856333E-05 5.0794210E-03 5.9604384E-04 5.7430881E-03 3.8171296E-02 1.9057571E-02 8.7822222E-05 1.8259704E+00 1.8621334E+01 -3.1018470E-02
3.1381000E+02 2.5927000E+02 8.6700000E+00 4.0000000E+01 10 5.5241606E+01 1.1300868E-01 2.5863163E-01 -2.0427516E-03 6.7936792E-03 9.4871271E-03 7.9075467E-03 2.8297916E-03 1.0245655E-04 5.0840714E-03 5.3116579E-04 5.6614602E-03 3.9466857E-02 2.0294222E-02 9.3265012E-05 1.8220966E+00 1.8625787E+01 -3.1578491E-02
3.1381000E+02 2.5927000E+02 8.6700000E+00 4.5000000E+01 10 5.5238384E+01 1.1691054E-01 2.6618619E-01 -2.0112917E-03 7.0928649E-03 9.6176205E-03 8.1761794E-03 2.5823173E-03 1.0818715E-04 5.0886210E-03 4.8471365E-04 5.6043996E-03 4.0394507E-02 2.1187493E-02 9.7106090E-05 1.8202749E+00 1.8627929E+01 -3.1918431E-02
3.1381000E+02 2.5927000E+02 8.6700000E+00 5.0000000E+01 10 5.5236039E+01 1.1973421E-01 2.7176234E-01 -1.9882220E-03 7.3119698E-03 9.7324215E-03 8.3922786E-03 2.4008434E-03 1.1255584E-04 5.0916884E-03 4.5065012E-04 5.5625499E-03 4.1074784E-02 2.1841700E-02 9.9851029E-05 1.8195044E+00 1.8628890E+01 -3.2130498E-02
3.1381000E+02 2.5927000E+02 8.6700000E+00 5.5000000E+01 10 5.5234296E+01 1.2181813E-01 2.7596538E-01 -1.9708850E-03 7.4751611E-03 9.8331054E-03 8.5690883E-03 2.2644653E-03 1.1593321E-04 5.0931306E-03 4.2505128E-04 5.5305182E-03 4.1586035E-02 2.2328988E-02 1.0184440E-04 1.8192707E+00 1.8629242E+01 -3.2266865E-02
3.1381000E+02 2.5927000E+02 8.6700000E+00 6.0000000E+01 10 5.5232972E+01 1.2338761E-01 2.7920090E-01 -1.9575419E-03 7.5989189E-03 9.9214594E-03 8.7160315E-03 2.1595038E-03 1.1858213E-04 5.0932005E-03 4.0534949E-04 5.5050887E-03 4.1979527E-02 2.2698550E-02 1.0331744E-04 1.8193054E+00 1.8629288E+01 -3.2357455E-02
3.1381000E+02 2.5927000E+02 8.6700000E+00 6.5000000E+01 10 5.5231944E+01 1.2459343E-01 2.8174287E-01 -1.9470384E-03 7.6944842E-03 9.9992317E-03 8.8399244E-03 2.0768794E-03 1.2069514E-04 5.0922220E-03 3.8984048E-04 5.4842705E-03 4.2289292E-02 2.2983941E-02 1.0442597E-04 1.8194671E+00 1.8629184E+01 -3.2419772E-02
3.1381000E+02 2.5927000E+02 8.6700000E+00 6.6000000E+01 10 5.5226564E+01 1.3524364E-01 3.0859681E-01 -1.9450428E-03 9.6074895E-03 1.2005729E-02 1.0855184E-02 2.0611820E-03 1.3750830E-04 6.0385902E-03 3.8689400E-04 6.4171630E-03 4.2364203E-02 2.8699814E-02 1.3370271E-04 2.0285885E+00 1.8300489E+01 -2.0782183E-02
3.1381000E+02 2.5927000E+02 8.6700000E+00 6.7000000E+01 10 5.5226445E+01 1.3532524E-01 3.0874609E-01 -1.9431449E-03 9.6029873E-03 1.1997808E-02 1.0855597E-02 2.0462519E-03 1.3960817E-04 6.0281486E-03 3.8409155E-04 6.4018388E-03 4.2419183E-02 2.8685959E-02 1.3173384E-04 2.0256651E+00 1.8316826E+01 -2.0925768E-02
3.1381000E+02 2.5927000E+02 8.6700000E+00 7.2000000E+01 10 5.5228589E+01 1.2561226E-01 2.8421779E-01 -1.9087645E-03 7.6089968E-03 9.9560354E-03 8.8476464E-03 1.9856602E-03 1.2245202E-04 4.9950999E-03 3.7271818E-04 5.3674940E-03 4.3092606E-02 2.2728355E-02 1.0142995E-04 1.7930638E+00 1.8808156E+01 -3.4479121E-02
3.1381000E+02 2.5927000E+02 8.6700000E+00 7.7000000E+01 10 5.5223672E+01 1.2813204E-01 2.8962483E-01 -1.8640365E-03 7.7225419E-03 9.9925225E-03 8.9120959E-03 1.9355661E-03 1.3530003E-04 5.0235094E-03 3.6331528E-04 5.3809493E-03 4.3970935E-02 2.3067145E-02 1.2652058E-04 1.7798266E+00 1.8887381E+01 -3.5683987E-02
3.1381000E+02 2.5927000E+02 8.6700000E+00 8.2000000E+01 10 5.5218912E+01 1.3094972E-01 2.9558814E-01 -1.8232650E-03 7.9055739E-03 1.0070099E-02 9.0131811E-03 1.8934507E-03 1.5348567E-04 5.0923440E-03 3.5541001E-04 5.4341173E-03 4.4776253E-02 2.3613154E-02 1.5687374E-04 1.7737343E+00 1.8928021E+01 -3.6363511E-02
3.1381000E+02 2.5927000E+02 8.6700000E+00 8.7000000E+01 10 5.5215119E+01 1.3332932E-01 3.0064532E-01 -1.7913427E-03 8.0759013E-03 1.0153966E-02 9.1171151E-03 1.8575012E-03 1.7096530E-04 5.1582618E-03 3.4866211E-04 5.4863159E-03 4.5416816E-02 2.4121266E-02 1.8376591E-04 1.7710186E+00 1.8949752E+01 -3.6750391E-02
3.1381000E+02 2.5927000E+02 8.6700000E+00 9.1000000E+01 10 5.5211420E+01 1.3754621E-01 3.1045301E-01 -1.7714597E-03 8.6650380E-03 1.0668371E-02 9.6457704E-03 1.8319716E-03 1.9403356E-04 5.4401330E-03 3.4387007E-04 5.7534388E-03 4.5837829E-02 2.5880507E-02 2.1782554E-04 1.8081593E+00 1.8917398E+01 -3.4119965E-02
3.1381000E+02 2.5927000E+02 8.6700000E+00 9.2000000E+01 10 5.5206807E+01 1.4610400E-01 3.3157432E-01 -1.7668343E-03 1.0159919E-02 1.2154726E-02 1.1135581E-02 1.8257806E-03 2.2988663E-04 6.1851273E-03 3.4270800E-04 6.4852301E-03 4.5985929E-02 3.0346446E-02 2.7785148E-04 1.9516871E+00 1.8758296E+01 -2.5275134E-02
3.1381000E+02 2.5927000E+02 8.6700000E+00 9.7000000E+01 10 5.5206979E+01 1.3621730E-01 3.0782450E-01 -2.1861343E-03 8.1203194E-03 1.0153783E-02 9.1497879E-03 1.7986404E-03 1.9403189E-04 5.1478000E-03 3.3761365E-04 5.4573168E-03 4.6957128E-02 2.4253028E-02 2.1143233E-04 1.7462969E+00 1.9002320E+01 -3.9180426E-02
3.1381000E+02 2.5927000E+02 8.6700000E+00 1.0200000E+02 10 5.5199728E+01 1.3906305E-01 3.1492634E-01 -2.8008309E-03 8.2593617E-03 1.0201679E-02 9.2111140E-03 1.7745797E-03 2.0543180E-04 5.2050400E-03 3.3309734E-04 5.5039211E-03 4.8226345E-02 2.4667720E-02 2.2968137E-04 1.7364191E+00 1.9024798E+01 -4.0409528E-02
3.1381000E+02 2.5927000E+02 8.6700000E+00 1.0700000E+02 10 5.5193084E+01 1.4195938E-01 3.2198455E-01 -3.3704944E-03 8.4394877E-03 1.0276913E-02 9.2983752E-03 1.7530337E-03 2.1739609E-04 5.2848026E-03 3.2905304E-04 5.5722698E-03 4.9360803E-02 2.5204925E-02 2.4654512E-04 1.7315472E+00 1.9038813E+01 -4.1195898E-02
3.1381000E+02 2.5927000E+02 8.6700000E+00 1.1200000E+02 10 5.5187901E+01 1.4433566E-01 3.2774180E-01 -3.8104302E-03 8.5999653E-03 1.0353092E-02 9.3854236E-03 1.7335618E-03 2.2829937E-04 5.3556201E-03 3.2539807E-04 5.6330256E-03 5.0243375E-02 2.5683545E-02 2.6061181E-04 1.7292115E+00 1.9047152E+01 -4.1689487E-02
3.1381000E+02 2.5927000E+02 8.6700000E+00 1.1700000E+02 10 5.5184126E+01 1.4612555E-01 3.3207841E-01 -4.1238452E-03 8.7257324E-03 1.0420336E-02 9.4625732E-03 1.7158159E-03 2.3745094E-04 5.4095779E-03 3.2206708E-04 5.6786828E-03 5.0891258E-02 2.6058661E-02 2.7151323E-04 1.7280803E+00 1.9052109E+01 -4.2003241E-02
3.1381000E+02 2.5927000E+02 8.6700000E+00 1.2200000E+02 10 5.5181435E+01 1.4743991E-01 3.3527167E-01 -4.3403651E-03 8.8202888E-03 1.0477431E-02 9.5287655E-03 1.6995175E-03 2.4485383E-04 5.4483373E-03 3.1900779E-04 5.7106517E-03 5.1360290E-02 2.6340704E-02 2.7966709E-04 1.7275313E+00 1.9055102E+01 -4.2207345E-02
3.1381000E+02 2.5927000E+02 8.6700000E+00 1.2400000E+02 10 5.5175951E+01 1.5710250E-01 3.5821451E-01 -4.4135849E-03 1.0449220E-02 1.1946639E-02 1.1001493E-02 1.6932134E-03 2.8887145E-04 6.2640368E-03 3.1782448E-04 6.5041121E-03 5.1586971E-02 3.1205759E-02 3.4879509E-04 1.8489228E+00 1.8922112E+01 -3.2908796E-02
3.1381000E+02 2.5927000E+02 8.6700000E+00 1.2500000E+02 10 5.5174235E+01 1.5991367E-01 3.6513630E-01 -4.4471147E-03 1.0925477E-02 1.2419674E-02 1.1476259E-02 1.6901133E-03 3.0247773E-04 6.5012296E-03 3.1724257E-04 6.7357028E-03 5.1680891E-02 3.2628337E-02 3.6659714E-04 1.8915308E+00 1.8876194E+01 -3.0149391E-02
3.1381000E+02 2.5927000E+02 8.6700000E+00 1.3000000E+02 10 5.5179087E+01 1.4783404E-01 3.3685203E-01 -4.5594075E-03 8.7771943E-03 1.0474046E-02 9.5391764E-03 1.6748033E-03 2.5117009E-04 5.4128113E-03 3.1436883E-04 5.6682395E-03 5.1868960E-02 2.6211526E-02 2.7801858E-04 1.7184314E+00 1.9068003E+01 -4.3181134E-02
3.1381000E+02 2.5927000E+02 8.6700000E+00 1.3100000E+02 10 5.5172613E+01 1.6049383E-01 3.6680673E-01 -4.5800215E-03 1.0945680E-02 1.2452116E-02 1.1518757E-02 1.6720977E-03 3.0858401E-04 6.5008169E-03 3.1386097E-04 6.7307487E-03 5.2013591E-02 3.2688681E-02 3.7663890E-04 1.8872186E+00 1.8881234E+01 -3.0507242E-02
3.1381000E+02 2.5927000E+02 8.6700000E+00 1.3200000E+02 10 5.5172373E+01 1.6058121E-01 3.6699088E-01 -4.5990980E-03 1.0946144E-02 1.2447735E-02 1.1515895E-02 1.6693761E-03 3.0877042E-04 6.5001430E-03 3.1335011E-04 6.7278606E-03 5.2056107E-02 3.2689707E-02 3.7080336E-04 1.8860774E+00 1.8883789E+01 -3.0591513E-02
3.1381000E+02 2.5927000E+02 8.6700000E+00 1.3700000E+02 10 5.5172251E+01 1.4963230E-01 3.4219584E-01 -5.5879907E-03 8.7972747E-03 1.0498385E-02 9.5743579E-03 1.6553781E-03 2.5597336E-04 5.4121168E-03 3.1072261E-04 5.6612936E-03 5.3241723E-02 2.6271179E-02 2.8129557E-04 1.7063500E+00 1.9061148E+01 -4.4766489E-02
3.1381000E+02 2.5927000E+02 8.6700000E+00 1.4200000E+02 10 5.5162907E+01 1.5299413E-01 3.5097072E-01 -6.9989927E-03 8.9844454E-03 1.0598590E-02 9.6820016E-03 1.6420519E-03 2.5596414E-04 5.4997341E-03 3.0822121E-04 5.7405365E-03 5.4992266E-02 2.6829700E-02 2.8420771E-04 1.7007919E+00 1.9029781E+01 -4.5913414E-02
3.1381000E+02 2.5927000E+02 8.6700000E+00 1.4700000E+02 10 5.5153968E+01 1.5652071E-01 3.5987829E-01 -8.3253907E-03 9.2146890E-03 1.0724465E-02 9.8148466E-03 1.6295667E-03 2.5017655E-04 5.6100223E-03 3.0587768E-04 5.8409479E-03 5.6616666E-02 2.7516597E-02 2.7501303E-04 1.6986314E+00 1.8985707E+01 -4.6697451E-02
3.1381000E+02 2.5927000E+02 8.6700000E+00 1.5200000E+02 10 5.5146826E+01 1.5944002E-01 3.6717694E-01 -9.3722974E-03 9.4145219E-03 1.0841307E-02 9.9382261E-03 1.6178542E-03 2.4049180E-04 5.7051561E-03 3.0367919E-04 5.9274401E-03 5.7894753E-02 2.8112754E-02 2.5768422E-04 1.6978110E+00 1.8936401E+01 -4.7225292E-02
3.1381000E+02 2.5927000E+02 8.6700000E+00 1.5700000E+02 10 5.5141548E+01 1.6163986E-01 3.7265296E-01 -1.0135839E-02 9.5677611E-03 1.0938021E-02 1.0041108E-02 1.6068051E-03 2.2942694E-04 5.7767661E-03 3.0160523E-04 5.9921936E-03 5.8830009E-02 2.8569918E-02 2.3688833E-04 1.6974537E+00 1.8887817E+01 -4.7583017E-02
3.1381000E+02 2.5927000E+02 8.6700000E+00 1.6200000E+02 10 5.5137754E+01 1.6324710E-01 3.7664480E-01 -1.0675848E-02 9.6805804E-03 1.1015178E-02 1.0124118E-02 1.5963179E-03 2.1886456E-04 5.8279754E-03 2.9963673E-04 6.0380634E-03 5.9498300E-02 2.8906506E-02 2.1620495E-04 1.6972666E+00 1.8845030E+01 -4.7828293E-02
3.1381000E+02 2.5927000E+02 8.6700000E+00 1.6700000E+02 10 5.5135028E+01 1.6442250E-01 3.7956251E-01 -1.1056234E-02 9.7635111E-03 1.1076824E-02 1.0191352E-02 1.5863075E-03 2.0976965E-04 5.8641507E-03 2.9775772E-04 6.0700033E-03 5.9977916E-02 2.9153932E-02 1.9773333E-04 1.6971613E+00 1.8811506E+01 -4.7999041E-02
3.1381000E+02 2.5927000E+02 8.6700000E+00 1.6800000E+02 10 5.5127984E+01 1.7778554E-01 4.1035672E-01 -1.1126430E-02 1.2001436E-02 1.3041273E-02 1.2156909E-02 1.5843238E-03 2.3090115E-04 6.9894638E-03 2.9738538E-04 7.1648755E-03 6.0087951E-02 3.5837828E-02 2.3359855E-04 1.8498725E+00 1.8566084E+01 -3.5108076E-02
3.1381000E+02 2.5927000E+02 8.6700000E+00 1.6900000E+02 10 5.5127568E+01 1.7787963E-01 4.1059960E-01 -1.1191228E-02 1.1997526E-02 1.3033502E-02 1.2150235E-02 1.5823580E-03 2.3069170E-04 6.9870848E-03 2.9701637E-04 7.1603866E-03 6.0168383E-02 3.5825733E-02 2.2608205E-04 1.8482322E+00 1.8567838E+01 -3.5251344E-02
3.1381000E+02 2.5927000E+02 8.6700000E+00 1.7400000E+02 10 5.5139028E+01 1.5890124E-01 3.7563345E-01 -1.4688688E-02 9.6545855E-03 1.1021493E-02 1.0143501E-02 1.5729088E-03 1.9918079E-04 5.8015062E-03 2.9524271E-04 6.0053893E-03 5.9372633E-02 2.8828319E-02 1.7132957E-04 1.7455875E+00 1.8739577E+01 -4.3729057E-02
3.1381000E+02 2.5927000E+02 8.6700000E+00 1.7500000E+02 10 5.5134474E+01 1.6920036E-01 4.0254574E-01 -1.5527395E-02 1.1669200E-02 1.2962662E-02 1.2085716E-02 1.5710336E-03 2.1698386E-04 6.8105417E-03 2.9489074E-04 6.9956904E-03 5.9186140E-02 3.4846900E-02 2.0350176E-04 1.9220434E+00 1.8460624E+01 -3.0420956E-02
3.1381000E+02 2.5927000E+02 8.6700000E+00 1.7600000E+02 10 5.5136319E+01 1.6694418E-01 4.0020439E-01 -1.6496568E-02 1.1563243E-02 1.2938590E-02 1.2062683E-02 1.5691727E-03 2.1583906E-04 6.7550249E-03 2.9454144E-04 6.9435255E-03 5.8931190E-02 3.4530835E-02 1.9721224E-04 1.9387565E+00 1.8448844E+01 -2.9418355E-02
3.1381000E+02 2.5927000E+02 8.6700000E+00 1.8100000E+02 10 5.5099372E+01 1.5957897E-01 4.0022118E-01 -2.5705305E-02 9.1268825E-03 1.0923813E-02 1.0052929E-02 1.5601744E-03 1.8485020E-04 5.5202014E-03 2.9285241E-04 5.7462521E-03 6.7149993E-02 2.7255686E-02 1.4985374E-04 1.7062169E+00 1.8768157E+01 -5.0703565E-02
3.1381000E+02 2.5927000E+02 8.6700000E+00 1.8600000E+02 10 5.5027977E+01 1.7677182E-01 4.5463702E-01 -3.5899860E-02 9.2818669E-03 1.0960396E-02 1.0094387E-02 1.5514403E-03 1.8167426E-04 5.5951843E-03 2.9121298E-04 5.8124660E-03 8.0285972E-02 2.7717722E-02 1.4652304E-04 1.6126991E+00 1.8850712E+01 -6.6295965E-02
3.1381000E+02 2.5927000E+02 8.6700000E+00 1.9100000E+02 10 5.4957268E+01 1.9766274E-01 5.1232884E-01 -4.4657345E-02 9.8476193E-03 1.1041140E-02 1.0179878E-02 1.5429351E-03 1.8587397E-04 5.8852213E-03 2.8961651E-04 6.0701060E-03 9.2994481E-02 2.9402841E-02 1.4777845E-04 1.5456211E+00 1.8909952E+01 -8.0755152E-02
3.1381000E+02 2.5927000E+02 8.6700000E+00 1.9600000E+02 10 5.4900010E+01 2.1641549E-01 5.6112702E-01 -5.1312009E-02 1.0529584E-02 1.1128908E-02 1.0272283E-02 1.5346287E-03 1.9338633E-04 6.2365012E-03 2.8805736E-04 6.3815376E-03 1.0312620E-01 3.1433679E-02 1.5044514E-04 1.5042021E+00 1.8946213E+01 -9.1654936E-02
3.1381000E+02 2.5927000E+02 8.6700000E+00 2.0100000E+02 10 5.4857630E+01 2.3125828E-01 5.9847302E-01 -5.6092792E-02 1.1163975E-02 1.1209423E-02 1.0357338E-02 1.5264958E-03 2.0179102E-04 6.5631424E-03 2.8653077E-04 6.6707493E-03 1.1053676E-01 3.3322737E-02 1.5295841E-04 1.4796904E+00 1.8967536E+01 -9.9145213E-02
3.1381000E+02 2.5927000E+02 8.6700000E+00 2.0600000E+02 10 5.4827381E+01 2.4239053E-01 6.2589463E-01 -5.9462437E-02 1.1695558E-02 1.1280167E-02 1.0432537E-02 1.5185149E-03 2.0988562E-04 6.8361572E-03 2.8503271E-04 6.9121640E-03 1.1577522E-01 3.4905710E-02 1.5488617E-04 1.4653604E+00 1.8979912E+01 -1.0409054E-01
3.1381000E+02 2.5927000E+02 8.6700000E+00 2.1100000E+02 10 5.4805950E+01 2.5059159E-01 6.4582002E-01 -6.1842756E-02 1.2121346E-02 1.1342578E-02 1.0499328E-02 1.5106677E-03 2.1719291E-04 7.0539847E-03 2.8355975E-04 7.1043901E-03 1.1945765E-01 3.6173758E-02 1.5623702E-04 1.4569909E+00 1.8987055E+01 -1.0732013E-01
3.1381000E+02 2.5927000E+02 8.6700000E+00 2.1600000E+02 10 5.4790634E+01 2.5663819E-01 6.6039163E-01 -6.3548168E-02 1.2456726E-02 1.1398730E-02 1.0559795E-02 1.5029387E-03 2.2360893E-04 7.2246762E-03 2.8210898E-04 7.2545601E-03 1.2207355E-01 3.7172680E-02 1.5713762E-04 1.4520863E+00 1.8991156E+01 -1.0944254E-01
3.1381000E+02 2.5927000E+02 8.6700000E+00 2.2100000E+02 10 5.4779497E+01 2.6114539E-01 6.7121289E-01 -6.4794941E-02 1.2720355E-02 1.1450319E-02 1.0615639E-02 1.4953148E-03 2.2919754E-04 7.3579703E-03 2.8067794E-04 7.3713481E-03 1.2396765E-01 3.7957996E-02 1.5771556E-04 1.4492027E+00 1.8993495E+01 -1.1086033E-01
3.1381000E+02 2.5927000E+02 8.6700000E+00 2.2600000E+02 10 5.4771226E+01 2.6455870E-01 6.7940757E-01 -6.5727248E-02 1.2928771E-02 1.1498527E-02 1.0668051E-02 1.4877849E-03 2.3408006E-04 7.4624838E-03 2.7926454E-04 7.4624586E-03 1.2537114E-01 3.8578917E-02 1.5807392E-04 1.4475087E+00 1.8994810E+01 -1.1182835E-01
3.1381000E+02 2.5927000E+02 8.6700000E+00 2.3100000E+02 10 5.4764943E+01 2.6718997E-01 6.8574477E-01 -6.6440566E-02 1.3095153E-02 1.1544131E-02 1.0717811E-02 1.4803395E-03 2.3837868E-04 7.5450819E-03 2.7786700E-04 7.5340356E-03 1.2643671E-01 3.9074668E-02 1.5828666E-04 1.4465235E+00 1.8995527E+01 -1.1250565E-01
3.1381000E+02 2.5927000E+02 8.6700000E+00 2.3600000E+02 10 5.4760064E+01 2.6925549E-01 6.9074920E-01 -6.6998552E-02 1.3229550E-02 1.1587634E-02 1.0765427E-02 1.4729706E-03 2.4219531E-04 7.6109980E-03 2.7648383E-04 7.5907645E-03 1.2726538E-01 3.9475157E-02 1.5840502E-04 1.4459661E+00 1.8995892E+01 -1.1299171E-01
3.1381000E+02 2.5927000E+02 8.6700000E+00 2.4100000E+02 10 5.4756194E+01 2.7090607E-01 6.9478168E-01 -6.7444229E-02 1.3339494E-02 1.1629366E-02 1.0811233E-02 1.4656716E-03 2.4560856E-04 7.6641592E-03 2.7511376E-04 7.6361558E-03 1.2792477E-01 3.9802811E-02 1.5846372E-04 1.4456697E+00 1.8996051E+01 -1.1334945E-01
3.1381000E+02 2.5927000E+02 8.6700000E+00 2.4600000E+02 10 5.4753063E+01 2.7224789E-01 6.9809353E-01 -6.7807160E-02 1.3430608E-02 1.1669552E-02 1.0855457E-02 1.4584367E-03 2.4867673E-04 7.7074978E-03 2.7375575E-04 7.6728287E-03 1.2846086E-01 4.0074372E-02 1.5848594E-04 1.4455340E+00 1.8996090E+01 -1.1361932E-01
3.1381000E+02 2.5927000E+02 8.6700000E+00 2.5100000E+02 10 5.4750481E+01 2.7335666E-01 7.0086236E-01 -6.8108023E-02 1.3507096E-02 1.1708350E-02 1.0898261E-02 1.4512615E-03 2.5144351E-04 7.7432077E-03 2.7240892E-04 7.7027396E-03 1.2890546E-01 4.0302357E-02 1.5848709E-04 1.4454976E+00 1.8996058E+01 -1.1382783E-01
3.1381000E+02 2.5927000E+02 8.6700000E+00 2.5600000E+02 10 5.4748316E+01 2.7428714E-01 7.0321566E-01 -6.8361528E-02 1.3572118E-02 1.1745883E-02 1.0939768E-02 1.4441421E-03 2.5394351E-04 7.7729413E-03 2.7107257E-04 7.7273577E-03 1.2928096E-01 4.0496180E-02 1.5847727E-04 1.4455224E+00 1.8995988E+01 -1.1399266E-01
3.1381000E+02 2.5927000E+02 8.6700000E+00 2.6100000E+02 10 5.4746471E+01 2.7507934E-01 7.0524620E-01 -6.8578322E-02 1.3628061E-02 1.1782247E-02 1.0980076E-02 1.4370755E-03 2.5620525E-04 7.7979456E-03 2.6974614E-04 7.7477924E-03 1.2960340E-01 4.0662950E-02 1.5846291E-04 1.4455844E+00 1.8995896E+01 -1.1412583E-01
3.1381000E+02 2.5927000E+02 8.6700000E+00 2.6400000E+02 10 5.4740756E+01 2.8496893E-01 7.2551399E-01 -6.8697066E-02 1.5117433E-02 1.2718692E-02 1.1918878E-02 1.4328540E-03 2.7333194E-04 8.5563133E-03 2.6895374E-04 8.4605771E-03 1.2978712E-01 4.5106544E-02 1.7689131E-04 1.4844028E+00 1.8911028E+01 -1.0640649E-01
3.1381000E+02 2.5927000E+02 8.6700000E+00 2.6500000E+02 10 5.4735768E+01 2.9447247E-01 7.4488906E-01 -6.8735453E-02 1.6567397E-02 1.3661572E-02 1.2862542E-02 1.4314488E-03 2.8762055E-04 9.2948171E-03 2.6868999E-04 9.1584578E-03 1.2985035E-01 4.9433244E-02 1.9405815E-04 1.5255651E+00 1.8798584E+01 -9.8673731E-02
3.1381000E+02 2.5927000E+02 8.6700000E+00 2.7000000E+02 10 5.4743162E+01 2.7775180E-01 7.1163066E-01 -6.8874818E-02 1.3973878E-02 1.2047131E-02 1.1251245E-02 1.4258175E-03 2.6712365E-04 7.9686424E-03 2.6763296E-04 7.9040638E-03 1.3004793E-01 4.1694484E-02 1.5952197E-04 1.4531376E+00 1.8985516E+01 -1.1277995E-01
3.1381000E+02 2.5927000E+02 8.6700000E+00 2.7500000E+02 10 5.4740667E+01 2.8112270E-01 7.1876269E-01 -6.8997718E-02 1.4453497E-02 1.2377394E-02 1.1584369E-02 1.4206909E-03 2.7220801E-04 8.2102825E-03 2.6667066E-04 8.1309894E-03 1.3023467E-01 4.3125707E-02 1.6574788E-04 1.4652136E+00 1.8959740E+01 -1.1040848E-01
3.1381000E+02 2.5927000E+02 8.6700000E+00 2.8000000E+02 10 5.4738413E+01 2.8398982E-01 7.2495120E-01 -6.9121657E-02 1.4857616E-02 1.2673013E-02 1.1883716E-02 1.4140116E-03 2.7779296E-04 8.4121963E-03 2.6541693E-04 8.3206074E-03 1.3042622E-01 4.4331745E-02 1.6893500E-04 1.4755741E+00 1.8941976E+01 -1.0842595E-01
3.1381000E+02 2.5927000E+02 8.6700000E+00 2.8500000E+02 10 5.4736575E+01 2.8613516E-01 7.2979402E-01 -6.9236888E-02 1.5160944E-02 1.2922699E-02 1.2137159E-02 1.4072814E-03 2.8269596E-04 8.5622588E-03 2.6415364E-04 8.4621079E-03 1.3060519E-01 4.5237198E-02 1.7049696E-04 1.4835791E+00 1.8930248E+01 -1.0693082E-01
3.1381000E+02 2.5927000E+02 8.6700000E+00 2.8900000E+02 10 5.4733152E+01 2.9186536E-01 7.4193829E-01 -6.9322344E-02 1.6032988E-02 1.3542092E-02 1.2759447E-02 1.4020966E-03 2.9349151E-04 9.0033008E-03 2.6318043E-04 8.8789545E-03 1.3074104E-01 4.7839655E-02 1.7911131E-04 1.5079885E+00 1.8880679E+01 -1.0230950E-01
3.1381000E+02 2.5927000E+02 8.6700000E+00 2.9000000E+02 10 5.4726053E+01 3.0584268E-01 7.7068681E-01 -6.9343283E-02 1.8190986E-02 1.5004408E-02 1.4222478E-02 1.4008147E-03 3.1206372E-04 1.0101142E-02 2.6293981E-04 9.9205368E-03 1.3078164E-01 5.4280119E-02 2.0315763E-04 1.5736058E+00 1.8682044E+01 -9.0611521E-02
3.1381000E+02 2.5927000E+02 8.6700000E+00 2.9500000E+02 10 5.4769567E+01 2.7872401E-01 7.0779028E-01 -6.5156162E-02 1.5332600E-02 1.3193997E-02 1.2415469E-02 1.3947193E-03 2.9060133E-04 8.6403970E-03 2.6179567E-04 8.5369430E-03 1.2445462E-01 4.5750262E-02 1.6774128E-04 1.5217474E+00 1.8898448E+01 -9.7283940E-02
3.1381000E+02 2.5927000E+02 8.6700000E+00 3.0000000E+02 10 5.4826979E+01 2.6350288E-01 6.6452980E-01 -5.8198768E-02 1.5205791E-02 1.3302372E-02 1.2527119E-02 1.3888527E-03 2.8868664E-04 8.5672609E-03 2.6069448E-04 8.4772595E-03 1.1395918E-01 4.5374375E-02 1.6741232E-04 1.5812221E+00 1.8835041E+01 -8.3267036E-02
3.1381000E+02 2.5927000E+02 8.6700000E+00 3.0100000E+02 10 5.4831414E+01 2.7590436E-01 6.8886340E-01 -5.6717454E-02 1.7679144E-02 1.5228595E-02 1.4453992E-02 1.3876878E-03 3.0942605E-04 9.8185734E-03 2.6047583E-04 9.6801675E-03 1.1173649E-01 5.2759458E-02 1.9808816E-04 1.6952629E+00 1.8558619E+01 -6.6279002E-02
3.1381000E+02 2.5927000E+02 8.6700000E+00 3.0200000E+02 10 5.4844519E+01 2.7179794E-01 6.7811037E-01 -5.5172979E-02 1.7557099E-02 1.5240699E-02 1.4466742E-02 1.3865307E-03 3.1129591E-04 9.7536528E-03 2.6025864E-04 9.6228543E-03 1.0940599E-01 5.2396212E-02 1.9506278E-04 1.7111770E+00 1.8560526E+01 -6.3580956E-02
3.1381000E+02 2.5927000E+02 8.6700000E+00 3.0300000E+02 10 5.4860397E+01 2.6614100E-01 6.6382031E-01 -5.3347955E-02 1.7296521E-02 1.5186678E-02 1.4409804E-02 1.3917566E-03 3.1162644E-04 9.6215753E-03 2.6123957E-04 9.5043393E-03 1.0663708E-01 5.1619697E-02 1.9106783E-04 1.7259969E+00 1.8566390E+01 -6.0976774E-02
3.1381000E+02 2.5927000E+02 8.6700000E+00 3.0800000E+02 10 5.4934162E+01 2.2791831E-01 5.7165850E-01 -4.5703677E-02 1.3793090E-02 1.2994117E-02 1.2218648E-02 1.3892391E-03 2.7575896E-04 7.8321119E-03 2.6076702E-04 7.8150632E-03 9.5084710E-02 4.1165894E-02 1.5013162E-04 1.6723801E+00 1.8768128E+01 -6.3953206E-02
3.1381000E+02 2.5927000E+02 8.6700000E+00 3.1300000E+02 10 5.4983780E+01 2.1042089E-01 5.2738320E-01 -3.9990300E-02 1.2992656E-02 1.2859259E-02 1.2084737E-02 1.3875427E-03 2.6279822E-04 7.4126319E-03 2.6044858E-04 7.4404056E-03 8.6462650E-02 3.8781975E-02 1.4555201E-04 1.7188406E+00 1.8719418E+01 -5.5772532E-02
3.1381000E+02 2.5927000E+02 8.6700000E+00 3.1800000E+02 10 5.5019306E+01 1.9753154E-01 4.9548972E-01 -3.5924389E-02 1.2379813E-02 1.2822188E-02 1.2048501E-02 1.3860467E-03 2.5215614E-04 7.0899594E-03 2.6016778E-04 7.1549375E-03 8.0328452E-02 3.6957073E-02 1.4147481E-04 1.7560893E+00 1.8679863E+01 -5.0020845E-02
3.1381000E+02 2.5927000E+02 8.6700000E+00 3.2300000E+02 10 5.5044417E+01 1.8800227E-01 4.7254728E-01 -3.3079615E-02 1.1891675E-02 1.2827846E-02 1.2055412E-02 1.3838024E-03 2.4275298E-04 6.8317645E-03 2.5974652E-04 6.9272399E-03 7.6039873E-02 3.5503485E-02 1.3783655E-04 1.7830637E+00 1.8651408E+01 -4.6185649E-02
3.1381000E+02 2.5927000E+02 8.6700000E+00 3.2800000E+02 10 5.5062229E+01 1.8088824E-01 4.5587482E-01 -3.1086509E-02 1.1495551E-02 1.2846349E-02 1.2075662E-02 1.3806717E-03 2.3421727E-04 6.6214478E-03 2.5915886E-04 6.7413203E-03 7.3039054E-02 3.4323726E-02 1.3469227E-04 1.8012112E+00 1.8632487E+01 -4.3699354E-02
3.1381000E+02 2.5927000E+02 8.6700000E+00 3.2900000E+02 10 5.5060056E+01 1.9054020E-01 4.7957369E-01 -3.0719136E-02 1.3371470E-02 1.4741887E-02 1.3971570E-02 1.3800100E-03 2.4919114E-04 7.5610165E-03 2.5903466E-04 7.6653859E-03 7.2500655E-02 3.9928782E-02 1.6192169E-04 1.9589528E+00 1.8338813E+01 -3.1540992E-02
3.1381000E+02 2.5927000E+02 8.6700000E+00 3.3000000E+02 10 5.5063185E+01 1.8912733E-01 4.7636754E-01 -3.0380356E-02 1.3275927E-02 1.4730263E-02 1.3960335E-02 1.3793135E-03 2.4927852E-04 7.5113586E-03 2.5890393E-04 7.6192988E-03 7.1990190E-02 3.9643714E-02 1.5928807E-04 1.9616376E+00 1.8350994E+01 -3.1264446E-02
3.1381000E+02 2.5927000E+02 8.6700000E+00 3.3500000E+02 10 5.5058924E+01 1.7990388E-01 4.5259694E-01 -2.9577248E-02 1.0892992E-02 1.2760783E-02 1.1993180E-02 1.3751486E-03 2.2357132E-04 6.3049209E-03 2.5812216E-04 6.4531191E-03 7.4055198E-02 3.2527302E-02 1.2742018E-04 1.7358537E+00 1.8706973E+01 -4.9892533E-02
3.1381000E+02 2.5927000E+02 8.6700000E+00 3.4000000E+02 10 5.5033315E+01 1.8984157E-01 4.7176989E-01 -2.9323543E-02 1.0933386E-02 1.2748654E-02 1.1983658E-02 1.3704785E-03 2.2025535E-04 6.3239455E-03 2.5724555E-04 6.4671850E-03 7.8738009E-02 3.2647060E-02 1.2993884E-04 1.6577294E+00 1.8781079E+01 -5.9476721E-02
3.1381000E+02 2.5927000E+02 8.6700000E+00 3.4500000E+02 10 5.5005284E+01 2.0245105E-01 4.9575892E-01 -2.9285200E-02 1.1295871E-02 1.2777886E-02 1.2015699E-02 1.3654465E-03 2.2225887E-04 6.5118135E-03 2.5630102E-04 6.6304350E-03 8.3644977E-02 3.3725986E-02 1.3453110E-04 1.6006993E+00 1.8834902E+01 -6.7918297E-02
3.1381000E+02 2.5927000E+02 8.6700000E+00 3.5000000E+02 10 5.4981581E+01 2.1403945E-01 5.1751394E-01 -2.9291594E-02 1.1757971E-02 1.2822370E-02 1.2063132E-02 1.3601633E-03 2.2676758E-04 6.7520920E-03 2.5530934E-04 6.8393574E-03 8.7689016E-02 3.5101401E-02 1.3931496E-04 1.5640651E+00 1.8869441E+01 -7.4140104E-02
3.1381000E+02 2.5927000E+02 8.6700000E+00 3.5500000E+02 10 5.4963713E+01 2.2332020E-01 5.3473968E-01 -2.9284570E-02 1.2192509E-02 1.2868643E-02 1.2112446E-02 1.3547126E-03 2.3206300E-04 6.9778429E-03 2.5428622E-04 7.0352924E-03 9.0681410E-02 3.6394699E-02 1.4338385E-04 1.5415061E+00 1.8890823E+01 -7.8356267E-02
3.1381000E+02 2.5927000E+02 8.6700000E+00 3.6000000E+02 10 5.4950935E+01 2.3029589E-01 5.4756076E-01 -2.9255396E-02 1.2554273E-02 1.2911908E-02 1.2158813E-02 1.3491570E-03 2.3733251E-04 7.1651073E-03 2.5324341E-04 7.1976352E-03 9.2789970E-02 3.7471360E-02 1.4655856E-04 1.5277602E+00 1.8903943E+01 -8.1105415E-02
3.1381000E+02 2.5927000E+02 8.6700000E+00 3.6500000E+02 10 5.4941973E+01 2.3540846E-01 5.5687865E-01 -2.9210516E-02 1.2839815E-02 1.2951128E-02 1.2201167E-02 1.3435427E-03 2.4220474E-04 7.3119949E-03 2.5218957E-04 7.3249617E-03 9.4250753E-02 3.8321180E-02 1.4894335E-04 1.5193560E+00 1.8912025E+01 -8.2874260E-02
3.1381000E+02 2.5927000E+02 8.6700000E+00 3.7000000E+02 10 5.4935690E+01 2.3914191E-01 5.6363631E-01 -2.9158096E-02 1.3060842E-02 1.2986526E-02 1.2239713E-02 1.3379031E-03 2.4656932E-04 7.4247106E-03 2.5113099E-04 7.4226948E-03 9.5264735E-02 3.8979025E-02 1.5071009E-04 1.5141671E+00 1.8917051E+01 -8.4013707E-02
3.1381000E+02 2.5927000E+02 8.6700000E+00 3.7500000E+02 10 5.4931235E+01 2.4189157E-01 5.6858856E-01 -2.9104242E-02 1.3231627E-02 1.3018638E-02 1.2274974E-02 1.3322622E-03 2.5042675E-04 7.5108756E-03 2.5007217E-04 7.4973536E-03 9.5978135E-02 3.9487382E-02 1.5201687E-04 1.5109216E+00 1.8920216E+01 -8.4755095E-02
3.1381000E+02 2.5927000E+02 8.6700000E+00 3.8000000E+02 10 5.4928019E+01 2.4394748E-01 5.7228134E-01 -2.9052698E-02 1.3364563E-02 1.3048013E-02 1.2307489E-02 1.3266369E-03 2.5381923E-04 7.5771241E-03 2.4901626E-04 7.5545681E-03 9.6490474E-02 3.9883125E-02 1.5298761E-04 1.5088618E+00 1.8922235E+01 -8.5245187E-02
3.1381000E+02 2.5927000E+02 8.6700000E+00 3.8500000E+02 10 5.4925646E+01 2.4551320E-01 5.7509343E-01 -2.9005457E-02 1.3469277E-02 1.3075138E-02 1.2337739E-02 1.3210387E-03 2.5679937E-04 7.6285977E-03 2.4796546E-04 7.5987186E-03 9.6867664E-02 4.0194891E-02 1.5371415E-04 1.5075339E+00 1.8923545E+01 -8.5575714E-02
3.1381000E+02 2.5927000E+02 8.6700000E+00 3.9000000E+02 10 5.4923852E+01 2.4672954E-01 5.7728417E-01 -2.8963395E-02 1.3552936E-02 1.3100427E-02 1.2366133E-02 1.3154756E-03 2.5942466E-04 7.6690983E-03 2.4692123E-04 7.6330923E-03 9.7153056E-02 4.0444004E-02 1.5426217E-04 1.5066641E+00 1.8924408E+01 -8.5803883E-02
3.1381000E+02 2.5927000E+02 8.6700000E+00 3.9500000E+02 10 5.4922463E+01 2.4769393E-01 5.7903136E-01 -2.8926736E-02 1.3620808E-02 1.3124221E-02 1.2393010E-02 1.3099528E-03 2.6175124E-04 7.7014039E-03 2.4588458E-04 7.6601189E-03 9.7375282E-02 4.0646131E-02 1.5467931E-04 1.5060853E+00 1.8924994E+01 -8.5965530E-02
3.1381000E+02 2.5927000E+02 8.6700000E+00 4.0000000E+02 10 5.4921358E+01 2.4847412E-01 5.8045773E-01 -2.8895351E-02 1.3676743E-02 1.3146798E-02 1.2418645E-02 1.3044739E-03 2.6383089E-04 7.7275295E-03 2.4485616E-04 7.6815909E-03 9.7553443E-02 4.0812729E-02 1.5500145E-04 1.5056941E+00 1.8925391E+01 -8.6083368E-02
3.1381000E+02 2.5927000E+02 8.6700000E+00 4.0500000E+02 10 5.4920457E+01 2.4911797E-01 5.8164904E-01 -2.8868930E-02 1.3723576E-02 1.3168380E-02 1.2443259E-02 1.2990412E-03 2.6570524E-04 7.7489497E-03 2.4383642E-04 7.6988363E-03 9.7700431E-02 4.0952230E-02 1.5525197E-04 1.5054259E+00 1.8925671E+01 -8.6171933E-02
3.1381000E+02 2.5927000E+02 8.6700000E+00 4.1000000E+02 10 5.4919704E+01 2.4965941E-01 5.8266571E-01 -2.8847081E-02 1.3763395E-02 1.3189140E-02 1.2467026E-02 1.2936564E-03 2.6741026E-04 7.7667443E-03 2.4282566E-04 7.7128407E-03 9.7825061E-02 4.1070849E-02 1.5544984E-04 1.5052394E+00 1.8925869E+01 -8.6240682E-02
3.1381000E+02 2.5927000E+02 8.6700000E+00 4.1200000E+02 10 5.4912838E+01 2.6309133E-01 6.1046087E-01 -2.8839047E-02 1.5861490E-02 1.4571936E-02 1.3851019E-02 1.2915102E-03 2.8880871E-04 8.8361733E-03 2.4242281E-04 8.7218840E-03 9.7881543E-02 4.7331947E-02 1.8178518E-04 1.5776992E+00 1.8766541E+01 -7.5036677E-02
3.1381000E+02 2.5927000E+02 8.6700000E+00 4.1700000E+02 10 5.4919384E+01 2.4915957E-01 5.8174620E-01 -2.8822952E-02 1.3645950E-02 1.3132940E-02 1.2414991E-02 1.2861942E-03 2.6993820E-04 7.7030570E-03 2.4142497E-04 7.6493328E-03 9.7973272E-02 4.0720080E-02 1.5219011E-04 1.5000350E+00 1.8938527E+01 -8.7154325E-02
3.1381000E+02 2.5927000E+02 8.6700000E+00 4.2200000E+02 10 5.4918873E+01 2.4949586E-01 5.8234816E-01 -2.8810441E-02 1.3664828E-02 1.3136106E-02 1.2421096E-02 1.2809285E-03 2.6986129E-04 7.7099389E-03 2.4043658E-04 7.6536982E-03 9.8065974E-02 4.0776318E-02 1.5376174E-04 1.4995093E+00 1.8935887E+01 -8.7267797E-02
3.1381000E+02 2.5927000E+02 8.6700000E+00 4.2700000E+02 10 5.4918243E+01 2.5013652E-01 5.8353894E-01 -2.8801132E-02 1.3731164E-02 1.3166048E-02 1.2453949E-02 1.2757140E-03 2.7102031E-04 7.7413567E-03 2.3945780E-04 7.6806190E-03 9.8150513E-02 4.0974053E-02 1.5484095E-04 1.5005742E+00 1.8932764E+01 -8.7115933E-02
3.1381000E+02 2.5927000E+02 8.6700000E+00 4.2900000E+02 10 5.4911374E+01 2.6369545E-01 6.1153466E-01 -2.8797897E-02 1.5850780E-02 1.4550571E-02 1.3839631E-02 1.2736365E-03 2.9243223E-04 8.8222666E-03 2.3906784E-04 8.6995662E-03 9.8192975E-02 4.7299247E-02 1.8167333E-04 1.5731502E+00 1.8773509E+01 -7.5787288E-02
3.1381000E+02 2.5927000E+02 8.6700000E+00 4.3000000E+02 10 5.4909232E+01 2.6787873E-01 6.2023020E-01 -2.8796398E-02 1.6501390E-02 1.5000678E-02 1.4290317E-02 1.2725998E-03 3.0033636E-04 9.1534618E-03 2.3887324E-04 9.0124302E-03 9.8211264E-02 4.9240902E-02 1.8788227E-04 1.5977348E+00 1.8713003E+01 -7.2272278E-02
3.1381000E+02 2.5927000E+02 8.6700000E+00 4.3500000E+02 10 5.4917292E+01 2.5149385E-01 5.8665574E-01 -2.8782031E-02 1.3941079E-02 1.3349183E-02 1.2638836E-02 1.2725738E-03 2.7942058E-04 7.8474554E-03 2.3886835E-04 7.7780808E-03 9.8222286E-02 4.1599955E-02 1.5461376E-04 1.5071827E+00 1.8926010E+01 -8.6055893E-02
3.1381000E+02 2.5927000E+02 8.6700000E+00 4.3600000E+02 10 5.4908263E+01 2.6960100E-01 6.2408858E-01 -2.8779098E-02 1.6773857E-02 1.5248344E-02 1.4537928E-02 1.2726980E-03 3.0356026E-04 9.2915916E-03 2.3889167E-04 9.1449654E-03 9.8239194E-02 5.0054424E-02 1.9164662E-04 1.6088505E+00 1.8672364E+01 -7.0736156E-02
3.1381000E+02 2.5927000E+02 8.6700000E+00 4.3700000E+02 10 5.4908667E+01 2.6981110E-01 6.2430369E-01 -2.8649532E-02 1.6819849E-02 1.5284895E-02 1.4574632E-02 1.2724246E-03 3.0746503E-04 9.3153673E-03 2.3884035E-04 9.1662966E-03 9.8137807E-02 5.0191402E-02 1.8995316E-04 1.6110162E+00 1.8681603E+01 -7.0401652E-02
3.1381000E+02 2.5927000E+02 8.6700000E+00 4.3800000E+02 10 5.4910527E+01 2.6968373E-01 6.2325020E-01 -2.8213285E-02 1.6847457E-02 1.5313276E-02 1.4603270E-02 1.2719652E-03 3.1026326E-04 9.3295479E-03 2.3875412E-04 9.1787413E-03 9.7778119E-02 5.0273557E-02 1.8885003E-04 1.6132759E+00 1.8686400E+01 -6.9943638E-02
3.1381000E+02 2.5927000E+02 8.6700000E+00 4.4300000E+02 10 5.4962766E+01 2.4739491E-01 5.5821439E-01 -1.8372069E-02 1.4413757E-02 1.3734390E-02 1.3028350E-02 1.2648597E-03 2.8852608E-04 8.0836121E-03 2.3742038E-04 7.9999584E-03 8.9513901E-02 4.3010478E-02 1.5845798E-04 1.5429145E+00 1.8880838E+01 -7.6205397E-02
3.1381000E+02 2.5927000E+02 8.6700000E+00 4.4400000E+02 10 5.4964464E+01 2.6289999E-01 5.8647495E-01 -1.6124631E-02 1.7109397E-02 1.5644292E-02 1.4938741E-02 1.2639843E-03 3.1052117E-04 9.4543269E-03 2.3725607E-04 9.3034904E-03 8.7635606E-02 5.1057083E-02 1.9293732E-04 1.6595003E+00 1.8602152E+01 -5.9861077E-02
3.1381000E+02 2.5927000E+02 8.6700000E+00 4.4500000E+02 10 5.4975747E+01 2.6128164E-01 5.7846389E-01 -1.3625805E-02 1.7135107E-02 1.5696869E-02 1.4991710E-02 1.2632812E-03 3.1347610E-04 9.4666447E-03 2.3712410E-04 9.3157522E-03 8.5529839E-02 5.1133937E-02 1.9127299E-04 1.6690842E+00 1.8604386E+01 -5.7909818E-02
3.1381000E+02 2.5927000E+02 8.6700000E+00 4.5000000E+02 10 5.5038218E+01 2.3870780E-01 5.0822009E-01 -1.4054658E-03 1.4923804E-02 1.4270105E-02 1.3567579E-02 1.2585640E-03 2.9539970E-04 8.3358708E-03 2.3623865E-04 8.2457602E-03 7.5229130E-02 4.4534419E-02 1.6364479E-04 1.6050182E+00 1.8801477E+01 -6.1244812E-02
3.1381000E+02 2.5927000E+02 8.6700000E+00 4.5300000E+02 10 5.5065775E+01 2.4231063E-01 5.0341031E-01 5.5949569E-03 1.6309757E-02 1.5430504E-02 1.4729371E-02 1.2560683E-03 3.0777594E-04 9.0353681E-03 2.3577019E-04 8.9192109E-03 6.9340161E-02 4.8673313E-02 1.8029914E-04 1.6990680E+00 1.8636632E+01 -4.8433618E-02
3.1381000E+02 2.5927000E+02 8.6700000E+00 4.5400000E+02 10 5.5072678E+01 2.4768446E-01 5.1136624E-01 7.8804586E-03 1.7458553E-02 1.6427811E-02 1.5727189E-02 1.2551525E-03 3.1665568E-04 9.6148347E-03 2.3559831E-04 9.4796129E-03 6.7420824E-02 5.2104432E-02 1.9200353E-04 1.7822997E+00 1.8446781E+01 -4.0195305E-02
3.1381000E+02 2.5927000E+02 8.6700000E+00 4.5900000E+02 10 5.5129139E+01 2.2324326E-01 4.3979817E-01 1.8463721E-02 1.4730312E-02 1.4575643E-02 1.3878614E-02 1.2487153E-03 2.9243681E-04 8.2212601E-03 2.3439000E-04 8.1565769E-03 5.8519830E-02 4.3961142E-02 1.5940427E-04 1.6637938E+00 1.8746584E+01 -4.7670168E-02
3.1381000E+02 2.5927000E+02 8.6700000E+00 4.6400000E+02 10 5.5166499E+01 2.1539440E-01 4.0921088E-01 2.6466632E-02 1.4413088E-02 1.4575991E-02 1.3882343E-02 1.2426582E-03 2.8533897E-04 8.0501756E-03 2.3325306E-04 8.0054773E-03 5.1811362E-02 4.3016649E-02 1.5774445E-04 1.6795727E+00 1.8729535E+01 -4.3471346E-02
3.1381000E+02 2.5927000E+02 8.6700000E+00 4.6900000E+02 10 5.5193827E+01 2.0961366E-01 3.8691236E-01 3.2320552E-02 1.4181748E-02 1.4602391E-02 1.3911234E-02 1.2381960E-03 2.7906912E-04 7.9248767E-03 2.3241547E-04 7.8957577E-03 4.6908807E-02 4.2327870E-02 1.5643442E-04 1.6929916E+00 1.8714382E+01 -4.0358568E-02
3.1381000E+02 2.5927000E+02 8.6700000E+00 4.7400000E+02 10 5.5213813E+01 2.0526039E-01 3.7049069E-01 3.6594427E-02 1.3995417E-02 1.4634556E-02 1.3945626E-02 1.2342065E-03 2.7326836E-04 7.8236218E-03 2.3166663E-04 7.8071110E-03 4.3338578E-02 4.1772998E-02 1.5521006E-04 1.7029819E+00 1.8703201E+01 -3.8151674E-02
3.1381000E+02 2.5927000E+02 8.6700000E+00 4.7900000E+02 10 5.5228563E+01 2.0190429E-01 3.5819412E-01 3.9739519E-02 1.3836251E-02 1.4662077E-02 1.3975317E-02 1.2303181E-03 2.6782236E-04 7.7370396E-03 2.3093676E-04 7.7307339E-03 4.0721433E-02 4.1298892E-02 1.5405332E-04 1.7096287E+00 1.8695912E+01 -3.6631120E-02
3.1381000E+02 2.5927000E+02 8.6700000E+00 4.8100000E+02 10 5.5229060E+01 2.1010745E-01 3.7553364E-01 4.0842457E-02 1.5388355E-02 1.6033587E-02 1.5347693E-02 1.2287672E-03 2.7813438E-04 8.5196952E-03 2.3064565E-04 8.4875306E-03 3.9814597E-02 4.5934279E-02 1.7369814E-04 1.8482495E+00 1.8458873E+01 -2.6880394E-02
3.1381000E+02 2.5927000E+02 8.6700000E+00 4.8200000E+02 10 5.5230147E+01 2.1222052E-01 3.7990411E-01 4.1358125E-02 1.5827412E-02 1.6481412E-02 1.5795951E-02 1.2279920E-03 2.8077005E-04 8.7398518E-03 2.3050014E-04 8.7024933E-03 3.9388956E-02 4.7245762E-02 1.7786569E-04 1.9009187E+00 1.8362415E+01 -2.3869018E-02
3.1381000E+02 2.5927000E+02 8.6700000E+00 4.8700000E+02 10 5.5247026E+01 1.9534038E-01 3.3843253E-01 4.3410030E-02 1.3233825E-02 1.4423921E-02 1.3740849E-02 1.2237119E-03 2.5806273E-04 7.4230088E-03 2.2969675E-04 7.4377870E-03 3.7684988E-02 3.9501160E-02 1.4623344E-04 1.6891322E+00 1.8733771E+01 -3.7123288E-02
3.1381000E+02 2.5927000E+02 8.6700000E+00 4.9200000E+02 10 5.5254687E+01 1.9279108E-01 3.3022667E-01 4.4965409E-02 1.2996504E-02 1.4276702E-02 1.3596101E-02 1.2192851E-03 2.5122171E-04 7.2991463E-03 2.2886581E-04 7.3200644E-03 3.6414737E-02 3.8793167E-02 1.4602737E-04 1.6797961E+00 1.8741566E+01 -3.7381743E-02
3.1381000E+02 2.5927000E+02 8.6700000E+00 4.9700000E+02 10 5.5260248E+01 1.9142543E-01 3.2500351E-01 4.6157997E-02 1.2896693E-02 1.4197445E-02 1.3519037E-02 1.2153565E-03 2.4683324E-04 7.2468632E-03 2.2812838E-04 7.2677274E-03 3.5446606E-02 3.8495206E-02 1.4628960E-04 1.6773924E+00 1.8742151E+01 -3.7193076E-02
3.1381000E+02 2.5927000E+02 8.6700000E+00 5.0200000E+02 10 5.5264475E+01 1.9056720E-01 3.2132862E-01 4.7092419E-02 1.2847646E-02 1.4154313E-02 1.3478069E-02 1.2114800E-03 2.4364197E-04 7.2206645E-03 2.2740076E-04 7.2397161E-03 3.4695425E-02 3.8348683E-02 1.4647312E-04 1.6772658E+00 1.8741046E+01 -3.6904736E-02
3.1381000E+02 2.5927000E+02 8.6700000E+00 5.0500000E+02 10 5.5263440E+01 1.9659267E-01 3.3415191E-01 4.7577463E-02 1.3925607E-02 1.5016187E-02 1.4341250E-02 1.2091397E-03 2.5202713E-04 7.7665754E-03 2.2696147E-04 7.7606910E-03 3.4314779E-02 4.1567022E-02 1.6063509E-04 1.7618178E+00 1.8605439E+01 -3.0536138E-02
3.1381000E+02 2.5927000E+02 8.6700000E+00 5.0600000E+02 10 5.5261164E+01 2.0241300E-01 3.4743803E-01 4.7731327E-02 1.4943922E-02 1.5906568E-02 1.5232067E-02 1.2083574E-03 2.5860096E-04 8.2806921E-03 2.2681463E-04 8.2569198E-03 3.4197944E-02 4.4608237E-02 1.7290926E-04 1.8606929E+00 1.8426593E+01 -2.4552670E-02
3.1381000E+02 2.5927000E+02 8.6700000E+00 5.1100000E+02 10 5.5271478E+01 1.8698362E-01 3.1134667E-01 4.8391321E-02 1.2403451E-02 1.3851927E-02 1.3179972E-02 1.2037965E-03 2.3741024E-04 6.9916113E-03 2.2595853E-04 7.0167508E-03 3.3668620E-02 3.7022142E-02 1.4016719E-04 1.6524483E+00 1.8780907E+01 -3.8547140E-02
3.1381000E+02 2.5927000E+02 8.6700000E+00 5.1600000E+02 10 5.5274078E+01 1.8604659E-01 3.0800885E-01 4.8930685E-02 1.2286260E-02 1.3712118E-02 1.3042664E-02 1.1993163E-03 2.3331713E-04 6.9306053E-03 2.2511756E-04 6.9550612E-03 3.3254814E-02 3.6672208E-02 1.4102319E-04 1.6449356E+00 1.8786239E+01 -3.9007483E-02
3.1381000E+02 2.5927000E+02 8.6700000E+00 5.2100000E+02 10 5.5275923E+01 1.8584410E-01 3.0634186E-01 4.9374839E-02 1.2272181E-02 1.3639556E-02 1.2972352E-02 1.1952859E-03 2.3130649E-04 6.9229066E-03 2.2436104E-04 6.9429117E-03 3.2917648E-02 3.6629810E-02 1.4192891E-04 1.6435766E+00 1.8785647E+01 -3.8976273E-02
3.1381000E+02 2.5927000E+02 8.6700000E+00 5.2600000E+02 10 5.5277383E+01 1.8582702E-01 3.0527965E-01 4.9748565E-02 1.2283347E-02 1.3600061E-02 1.2935065E-02 1.1913295E-03 2.3016928E-04 6.9278700E-03 2.2361840E-04 6.9432775E-03 3.2638948E-02 3.6662803E-02 1.4251908E-04 1.6439333E+00 1.8784072E+01 -3.8824181E-02
3.1381000E+02 2.5927000E+02 8.6700000E+00 5.3100000E+02 10 5.5278615E+01 1.8581056E-01 3.0441448E-01 5.0067890E-02 1.2293241E-02 1.3574809E-02 1.2912019E-02 1.1873775E-03 2.2939889E-04 6.9318422E-03 2.2287659E-04 6.9434242E-03 3.2405750E-02 3.6692093E-02 1.4281223E-04 1.6443724E+00 1.8783015E+01 -3.8685683E-02
3.1381000E+02 2.5927000E+02 8.6700000E+00 5.3600000E+02 10 5.5279682E+01 1.8576591E-01 3.0363639E-01 5.0344093E-02 1.2297317E-02 1.3555486E-02 1.2894895E-02 1.1834384E-03 2.2881888E-04 6.9326008E-03 2.2213721E-04 6.9410602E-03 3.2208540E-02 3.6704078E-02 1.4292822E-04 1.6445224E+00 1.8782582E+01 -3.8587836E-02
3.1381000E+02 2.5927000E+02 8.6700000E+00 5.4100000E+02 10 5.5280612E+01 1.8570647E-01 3.0293025E-01 5.0585521E-02 1.2297252E-02 1.3538900E-02 1.2880490E-02 1.1795308E-03 2.2836412E-04 6.9311207E-03 2.2140373E-04 6.9368879E-03 3.2040191E-02 3.6703740E-02 1.4295709E-04 1.6444164E+00 1.8782567E+01 -3.8524272E-02
3.1381000E+02 2.5927000E+02 8.6700000E+00 5.4600000E+02 10 5.5281425E+01 1.8564505E-01 3.0229588E-01 5.0798533E-02 1.2295085E-02 1.3523946E-02 1.2867692E-02 1.1756691E-03 2.2800600E-04 6.9285154E-03 2.2067887E-04 6.9318283E-03 3.1895268E-02 3.6697145E-02 1.4294802E-04 1.6441483E+00 1.8782786E+01 -3.8484439E-02
3.1381000E+02 2.5927000E+02 8.6700000E+00 5.5100000E+02 10 5.5282138E+01 1.8559164E-01 3.0173426E-01 5.0988079E-02 1.2292346E-02 1.3510257E-02 1.2856127E-02 1.1718619E-03 2.2772728E-04 6.9256102E-03 2.1996425E-04 6.9265825E-03 3.1769563E-02 3.6688852E-02 1.4292468E-04 1.6438007E+00 1.8783116E+01 -3.8459423E-02
3.1381000E+02 2.5927000E+02 8.6700000E+00 5.5600000E+02 10 5.5282766E+01 1.8554951E-01 3.0124073E-01 5.1158073E-02 1.2289796E-02 1.3497679E-02 1.2845642E-02 1.1681139E-03 2.2751723E-04 6.9228100E-03 2.1926072E-04 6.9215055E-03 3.1659765E-02 3.6681128E-02 1.4289722E-04 1.6434213E+00 1.8783491E+01 -3.8443746E-02
3.1381000E+02 2.5927000E+02 8.6700000E+00 5.6100000E+02 10 5.5283320E+01 1.8551978E-01 3.0080889E-01 5.1311651E-02 1.2287794E-02 1.3486107E-02 1.2836127E-02 1.1644268E-03 2.2736746E-04 6.9203085E-03 2.1856863E-04 6.9167627E-03 3.1563237E-02 3.6675046E-02 1.4286955E-04 1.6430369E+00 1.8783880E+01 -3.8434022E-02
3.1381000E+02 2.5927000E+02 8.6700000E+00 5.6600000E+02 10 5.5283812E+01 1.8550169E-01 3.0043123E-01 5.1451355E-02 1.2286446E-02 1.3475435E-02 1.2827480E-02 1.1608011E-03 2.2727153E-04 6.9181606E-03 2.1788807E-04 6.9124035E-03 3.1477850E-02 3.6670920E-02 1.4284335E-04 1.6426599E+00 1.8784263E+01 -3.8428317E-02
3.1381000E+02 2.5927000E+02 8.6700000E+00 5.7100000E+02 10 5.5284251E+01 1.8549394E-01 3.0010041E-01 5.1579267E-02 1.2285738E-02 1.3465558E-02 1.2819592E-02 1.1572364E-03 2.2722357E-04 6.9163652E-03 2.1721897E-04 6.9084147E-03 3.1401869E-02 3.6668707E-02 1.4281886E-04 1.6422951E+00 1.8784633E+01 -3.8425505E-02
3.1381000E+02 2.5927000E+02 8.6700000E+00 5.7600000E+02 10 5.5284645E+01 1.8549516E-01 2.9980981E-01 5.1697109E-02 1.2285613E-02 1.3456369E-02 1.2812360E-02 1.1537320E-03 2.2721767E-04 6.9148927E-03 2.1656117E-04 6.9047676E-03 3.1333862E-02 3.6668236E-02 1.4279587E-04 1.6419438E+00 1.8784993E+01 -3.8424878E-02
3.1381000E+02 2.5927000E+02 8.6700000E+00 5.8100000E+02 10 5.5285001E+01 1.8550402E-01 2.9955356E-01 5.1806316E-02 1.2285997E-02 1.3447769E-02 1.2805683E-02 1.1502868E-03 2.2724881E-04 6.9136983E-03 2.1591449E-04 6.9014322E-03 3.1272637E-02 3.6669286E-02 1.4277460E-04 1.6416057E+00 1.8785339E+01 -3.8425983E-02
3.1381000E+02 2.5927000E+02 8.6700000E+00 5.8200000E+02 10 5.5278327E+01 1.9905729E-01 3.2997021E-01 5.1827823E-02 1.4572454E-02 1.5242204E-02 1.4600501E-02 1.1496001E-03 2.4392773E-04 8.0732845E-03 2.1578560E-04 8.0112271E-03 3.1274053E-02 4.3496443E-02 1.7349849E-04 1.8253070E+00 1.8459834E+01 -2.5605559E-02
3.1381000E+02 2.5927000E+02 8.6700000E+00 5.8700000E+02 10 5.5285707E+01 1.8477176E-01 2.9787256E-01 5.1905459E-02 1.2176422E-02 1.3379782E-02 1.2738921E-02 1.1480916E-03 2.2798117E-04 6.8573408E-03 2.1550244E-04 6.8457547E-03 3.1210314E-02 3.6341839E-02 1.4023208E-04 1.6348725E+00 1.8797877E+01 -3.8979447E-02
3.1381000E+02 2.5927000E+02 8.6700000E+00 5.9200000E+02 10 5.5286009E+01 1.8467908E-01 2.9742089E-01 5.1984377E-02 1.2157735E-02 1.3350339E-02 1.2710882E-02 1.1455763E-03 2.2750243E-04 6.8468210E-03 2.1503031E-04 6.8341669E-03 3.1167418E-02 3.6286038E-02 1.4094328E-04 1.6331760E+00 1.8797752E+01 -3.9104587E-02
3.1381000E+02 2.5927000E+02 8.6700000E+00 5.9700000E+02 10 5.5286129E+01 1.8488576E-01 2.9758747E-01 5.2055188E-02 1.2183437E-02 1.3350663E-02 1.2712656E-02 1.1429787E-03 2.2789389E-04 6.8590516E-03 2.1454272E-04 6.8437073E-03 3.1131349E-02 3.6362615E-02 1.4153207E-04 1.6342152E+00 1.8795314E+01 -3.8997132E-02
3.1381000E+02 2.5927000E+02 8.6700000E+00 6.0200000E+02 10 5.5286218E+01 1.8511208E-01 2.9785336E-01 5.2121656E-02 1.2213856E-02 1.3362832E-02 1.2726381E-02 1.1401911E-03 2.2848659E-04 6.8733593E-03 2.1401948E-04 6.8555975E-03 3.1099948E-02 3.6453299E-02 1.4188420E-04 1.6357263E+00 1.8792942E+01 -3.8852214E-02
3.1381000E+02 2.5927000E+02 8.6700000E+00 6.0700000E+02 10 5.5286326E+01 1.8527827E-01 2.9804090E-01 5.2186333E-02 1.2236645E-02 1.3376336E-02 1.2741527E-02 1.1372482E-03 2.2904024E-04 6.8834713E-03 2.1346707E-04 6.8639156E-03 3.1071124E-02 3.6521256E-02 1.4203631E-04 1.6368925E+00 1.8791335E+01 -3.8738929E-02
3.1381000E+02 2.5927000E+02 8.6700000E+00 6.1200000E+02 10 5.5286457E+01 1.8538655E-01 2.9813085E-01 5.2250263E-02 1.2251327E-02 1.3387148E-02 1.2754022E-02 1.1342346E-03 2.2950191E-04 6.8893022E-03 2.1290141E-04 6.8683830E-03 3.1043575E-02 3.6565043E-02 1.4207362E-04 1.6376025E+00 1.8790419E+01 -3.8665625E-02
3.1381000E+02 2.5927000E+02 8.6700000E+00 6.1700000E+02 10 5.5286605E+01 1.8545738E-01 2.9814842E-01 5.2313839E-02 1.2260385E-02 1.3394433E-02 1.2762994E-02 1.1312120E-03 2.2987963E-04 6.8922531E-03 2.1233405E-04 6.8701395E-03 3.1016602E-02 3.6592048E-02 1.4205726E-04 1.6379580E+00 1.8789974E+01 -3.8622925E-02
3.1381000E+02 2.5927000E+02 8.6700000E+00 6.2200000E+02 10 5.5286761E+01 1.8550736E-01 2.9811992E-01 5.2377188E-02 1.2266075E-02 1.3398542E-02 1.2768776E-02 1.1282148E-03 2.3019425E-04 6.8935436E-03 2.1177147E-04 6.8702494E-03 3.0989861E-02 3.6609000E-02 1.4202022E-04 1.6380768E+00 1.8789818E+01 -3.8600442E-02
3.1381000E+02 2.5927000E+02 8.6700000E+00 6.2700000E+02 10 5.5286922E+01 1.8554718E-01 2.9806432E-01 5.2440316E-02 1.2269920E-02 1.3400122E-02 1.2772005E-02 1.1252600E-03 2.3046527E-04 6.8939825E-03 2.1121684E-04 6.8694343E-03 3.0963204E-02 3.6620433E-02 1.4197801E-04 1.6380481E+00 1.8789834E+01 -3.8590456E-02
3.1381000E+02 2.5927000E+02 8.6700000E+00 6.3200000E+02 10 5.5287083E+01 1.8558265E-01 2.9799332E-01 5.2503181E-02 1.2272806E-02 1.3399782E-02 1.2773287E-02 1.1223553E-03 2.3070723E-04 6.8940257E-03 2.1067161E-04 6.8681305E-03 3.0936579E-02 3.6628999E-02 1.4193678E-04 1.6379299E+00 1.8789950E+01 -3.8588012E-02
3.1381000E+02 2.5927000E+02 8.6700000E+00 6.3700000E+02 10 5.5287245E+01 1.8561641E-01 2.9791343E-01 5.2565728E-02 1.2275199E-02 1.3398007E-02 1.2773104E-02 1.1195030E-03 2.3093029E-04 6.8939038E-03 2.1013623E-04 6.8665723E-03 3.0909979E-02 3.6636084E-02 1.4189873E-04 1.6377565E+00 1.8790127E+01 -3.8590194E-02
3.1381000E+02 2.5927000E+02 8.6700000E+00 6.4200000E+02 10 5.5287406E+01 1.8564994E-01 2.9782860E-01 5.2627909E-02 1.2277358E-02 1.3395157E-02 1.2771817E-02 1.1167031E-03 2.3114125E-04 6.8937508E-03 2.0961067E-04 6.8648840E-03 3.0883415E-02 3.6642464E-02 1.4186431E-04 1.6375495E+00 1.8790340E+01 -3.8595201E-02
3.1381000E+02 2.5927000E+02 8.6700000E+00 6.4700000E+02 10 5.5287566E+01 1.8568381E-01 2.9774100E-01 5.2689688E-02 1.2279415E-02 1.3391490E-02 1.2769684E-02 1.1139539E-03 2.3134443E-04 6.8936176E-03 2.0909462E-04 6.8631436E-03 3.0856899E-02 3.6648535E-02 1.4183321E-04 1.6373216E+00 1.8790573E+01 -3.8601972E-02
3.1381000E+02 2.5927000E+02 8.6700000E+00 6.5000000E+02 10 5.5284339E+01 1.9238110E-01 3.1264633E-01 5.2726606E-02 1.3413892E-02 1.4238060E-02 1.3617166E-02 1.1123220E-03 2.4236668E-04 7.4704044E-03 2.0878831E-04 7.4100962E-03 3.0847611E-02 4.0035097E-02 1.5667227E-04 1.7173937E+00 1.8663076E+01 -3.2333813E-02
