x y z_datum Time Well_no H2O H O Charge Al C Ca Cl Fe K Mg Na S Si U pH pe Alkalinity
3.1381000E+02 2.5927000E+02 8.6700000E+00 0.0000000E+00 10 9.9704301E-01 7.2098600E-06 6.6484776E-04 -3.2324431E-06 0.0000000E+00 1.0067647E-04 6.3262499E-05 4.3211171E-04 0.0000000E+00 2.8240956E-04 5.5605062E-05 2.2967748E-04 1.4127542E-04 0.0000000E+00 0.0000000E+00 7.0300000E+00 1.1068788E+01 7.1999443E-03
3.1381000E+02 2.5927000E+02 8.6700000E+00 5.0000000E+00 10 5.5329275E+01 1.8440283E-02 6.1233978E-02 -3.0405990E-03 0.0000000E+00 7.3441306E-03 1.3830425E-03 1.0679189E-02 0.0000000E+00 6.3287323E-03 2.0045362E-03 8.7534334E-03 1.0050774E-02 0.0000000E+00 0.0000000E+00 2.4366246E+00 1.7939644E+01 -5.9010240E-03
3.1381000E+02 2.5927000E+02 8.6700000E+00 1.0000000E+01 10 5.5310827E+01 3.2048633E-02 1.0416621E-01 -2.7532270E-03 1.0782056E-03 7.9401218E-03 3.2408725E-03 8.4186256E-03 1.5313609E-05 5.5201287E-03 1.5802174E-03 7.4419080E-03 1.8520549E-02 3.2239580E-03 1.5467755E-05 2.0230055E+00 1.8397884E+01 -1.6880664E-02
3.1381000E+02 2.5927000E+02 8.6700000E+00 1.5000000E+01 10 5.5287509E+01 5.7722818E-02 1.5429589E-01 -2.4942921E-03 2.7407212E-03 8.2113489E-03 4.6490723E-03 6.3817584E-03 3.7382784E-05 5.1446523E-03 1.1978874E-03 6.5928893E-03 2.6152793E-02 8.1910138E-03 3.8880849E-05 1.8887629E+00 1.8552609E+01 -2.4521040E-02
3.1381000E+02 2.5927000E+02 8.6700000E+00 2.0000000E+01 10 5.5268252E+01 8.0252938E-02 1.9564732E-01 -2.2967534E-03 4.2287945E-03 8.3761177E-03 5.6812256E-03 4.8278537E-03 5.9997717E-05 4.9736677E-03 9.0621188E-04 6.0471342E-03 3.1975814E-02 1.2634841E-02 5.9855097E-05 1.8258236E+00 1.8625557E+01 -2.9547854E-02
3.1381000E+02 2.5927000E+02 8.6700000E+00 2.5000000E+01 10 5.5254135E+01 9.7131585E-02 2.2637308E-01 -2.1563699E-03 5.3905372E-03 8.5160421E-03 6.4375685E-03 3.7235503E-03 7.9654755E-05 4.9067656E-03 6.9892871E-04 5.7077653E-03 3.6114312E-02 1.6103286E-02 7.6031032E-05 1.7942908E+00 1.8662043E+01 -3.2653498E-02
3.1381000E+02 2.5927000E+02 8.6700000E+00 3.0000000E+01 10 5.5244163E+01 1.0919948E-01 2.4842387E-01 -2.0589782E-03 6.2511464E-03 8.6520452E-03 7.0012144E-03 2.9574354E-03 9.5348901E-05 4.8886514E-03 5.5512517E-04 5.4981293E-03 3.8985575E-02 1.8672374E-02 8.7737116E-05 1.7782962E+00 1.8680571E+01 -3.4509080E-02
3.1381000E+02 2.5927000E+02 8.6700000E+00 3.5000000E+01 10 5.5237165E+01 1.1772518E-01 2.6415240E-01 -1.9913425E-03 6.8766528E-03 8.7861652E-03 7.4323203E-03 2.4253902E-03 1.0730467E-04 4.8902509E-03 4.5525767E-04 5.3659627E-03 4.0979688E-02 2.0539565E-02 9.6000408E-05 1.7702646E+00 1.8689950E+01 -3.5605661E-02
3.1381000E+02 2.5927000E+02 8.6700000E+00 4.0000000E+01 10 5.5232216E+01 1.2376995E-01 2.7546572E-01 -1.9436688E-03 7.3303160E-03 8.9162924E-03 7.7717809E-03 2.0503730E-03 1.1625407E-04 4.8977182E-03 3.8486509E-04 5.2791488E-03 4.2385326E-02 2.1893807E-02 1.0180699E-04 1.7663703E+00 1.8694595E+01 -3.6255640E-02
3.1381000E+02 2.5927000E+02 8.6700000E+00 4.5000000E+01 10 5.5228658E+01 1.2810637E-01 2.8373539E-01 -1.9093082E-03 7.6616859E-03 9.0402953E-03 8.0466596E-03 1.7800816E-03 1.2288563E-04 4.9051442E-03 3.3413006E-04 5.2189208E-03 4.3398478E-02 2.2883033E-02 1.0591497E-04 1.7646271E+00 1.8696784E+01 -3.6645847E-02
3.1381000E+02 2.5927000E+02 8.6700000E+00 5.0000000E+01 10 5.5226049E+01 1.3126888E-01 2.8990406E-01 -1.8838927E-03 7.9067986E-03 9.1568064E-03 8.2747692E-03 1.5801547E-03 1.2781560E-04 4.9104745E-03 2.9660281E-04 5.1745667E-03 4.4147913E-02 2.3614804E-02 1.0886110E-04 1.7639941E+00 1.8697697E+01 -3.6884831E-02
3.1381000E+02 2.5927000E+02 8.6700000E+00 5.5000000E+01 10 5.5224092E+01 1.3362034E-01 2.9460924E-01 -1.8645763E-03 8.0910476E-03 9.2651574E-03 8.4679379E-03 1.4282053E-03 1.3150713E-04 4.9133574E-03 2.6808117E-04 5.1400178E-03 4.4717529E-02 2.4164908E-02 1.1101140E-04 1.7639220E+00 1.8697954E+01 -3.7035126E-02
3.1381000E+02 2.5927000E+02 8.6700000E+00 6.0000000E+01 10 5.5222590E+01 1.3540594E-01 2.9828123E-01 -1.8494977E-03 8.2321057E-03 9.3651762E-03 8.6341659E-03 1.3095926E-03 1.3434606E-04 4.9141036E-03 2.4581697E-04 5.1118213E-03 4.5162196E-02 2.4586087E-02 1.1261246E-04 1.7641224E+00 1.8697883E+01 -3.7132732E-02
3.1381000E+02 2.5927000E+02 8.6700000E+00 6.5000000E+01 10 5.5221409E+01 1.3679180E-01 3.0121172E-01 -1.8374276E-03 8.3422238E-03 9.4570138E-03 8.7790029E-03 1.2146451E-03 1.3657086E-04 4.9132180E-03 2.2799485E-04 5.0879688E-03 4.5518161E-02 2.4914905E-02 1.1383041E-04 1.7644424E+00 1.8697657E+01 -3.7198602E-02
3.1381000E+02 2.5927000E+02 8.6700000E+00 6.6000000E+01 10 5.5215322E+01 1.4883656E-01 3.2997385E-01 -1.8351250E-03 1.0401754E-02 1.1465866E-02 1.0797965E-02 1.1965319E-03 1.5524304E-04 5.9342956E-03 2.2459493E-04 6.0878630E-03 4.5603416E-02 3.1067538E-02 1.4698452E-04 1.9534073E+00 1.8395971E+01 -2.4977658E-02
3.1381000E+02 2.5927000E+02 8.6700000E+00 6.7000000E+01 10 5.5215156E+01 1.4898887E-01 3.3024526E-01 -1.8329257E-03 1.0404111E-02 1.1459639E-02 1.0801396E-02 1.1792314E-03 1.5741801E-04 5.9258927E-03 2.2134753E-04 6.0739914E-03 4.5667263E-02 3.1074210E-02 1.4495914E-04 1.9512559E+00 1.8409659E+01 -2.5107722E-02
3.1381000E+02 2.5927000E+02 8.6700000E+00 7.2000000E+01 10 5.5217587E+01 1.3809586E-01 3.0433403E-01 -1.7944187E-03 8.2679065E-03 9.4333880E-03 8.8150944E-03 1.1076626E-03 1.3835126E-04 4.8123277E-03 2.0791372E-04 4.9638789E-03 4.6427864E-02 2.4692790E-02 1.1042953E-04 1.7400797E+00 1.8872508E+01 -3.9388928E-02
3.1381000E+02 2.5927000E+02 8.6700000E+00 7.7000000E+01 10 5.5212225E+01 1.4080065E-01 3.1025865E-01 -1.7450090E-03 8.3852011E-03 9.4876582E-03 8.9030387E-03 1.0473360E-03 1.5152810E-04 4.8366678E-03 1.9659011E-04 4.9706323E-03 4.7404123E-02 2.5042656E-02 1.3776854E-04 1.7271677E+00 1.8950996E+01 -4.0737416E-02
3.1381000E+02 2.5927000E+02 8.6700000E+00 8.2000000E+01 10 5.5207059E+01 1.4383702E-01 3.1675926E-01 -1.7002270E-03 8.5789001E-03 9.5805899E-03 9.0248086E-03 9.9567283E-04 1.7040964E-04 4.9053650E-03 1.8689269E-04 5.0209869E-03 4.8294666E-02 2.5620372E-02 1.7059826E-04 1.7211225E+00 1.8991395E+01 -4.1510751E-02
3.1381000E+02 2.5927000E+02 8.6700000E+00 8.7000000E+01 10 5.5202934E+01 1.4642885E-01 3.2230157E-01 -1.6651440E-03 8.7622870E-03 9.6766840E-03 9.1459303E-03 9.5083640E-04 1.8855737E-04 4.9727323E-03 1.7847667E-04 5.0721065E-03 4.9004323E-02 2.6167364E-02 1.9937022E-04 1.7183928E+00 1.9013138E+01 -4.1956081E-02
3.1381000E+02 2.5927000E+02 8.6700000E+00 9.1000000E+01 10 5.5198856E+01 1.5112106E-01 3.3288079E-01 -1.6431928E-03 9.3955451E-03 1.0197698E-02 9.6849302E-03 9.1861511E-04 2.1286594E-04 5.2734852E-03 1.7242857E-04 5.3545874E-03 4.9472478E-02 2.8058091E-02 2.3622362E-04 1.7525385E+00 1.8984057E+01 -3.9223159E-02
3.1381000E+02 2.5927000E+02 8.6700000E+00 9.2000000E+01 10 5.5193698E+01 1.6071204E-01 3.5545098E-01 -1.6380774E-03 1.1000556E-02 1.1685095E-02 1.1176702E-02 9.1077729E-04 2.5115631E-04 6.0748203E-03 1.7095738E-04 6.1367518E-03 4.9634276E-02 3.2852236E-02 3.0260874E-04 1.8827607E+00 1.8839082E+01 -2.9945246E-02
3.1381000E+02 2.5927000E+02 8.6700000E+00 9.7000000E+01 10 5.5193936E+01 1.4972733E-01 3.3047120E-01 -2.1000444E-03 8.8238766E-03 9.6932844E-03 9.2042762E-03 8.7604984E-04 2.1213752E-04 4.9614172E-03 1.6443886E-04 5.0385349E-03 5.0718786E-02 2.6350395E-02 2.2813533E-04 1.6952076E+00 1.9064369E+01 -4.4587335E-02
3.1381000E+02 2.5927000E+02 8.6700000E+00 1.0200000E+02 10 5.5186032E+01 1.5281528E-01 3.3822659E-01 -2.7683765E-03 8.9710090E-03 9.7508435E-03 9.2791439E-03 8.4504179E-04 2.2364950E-04 5.0188682E-03 1.5861850E-04 5.0830997E-03 5.2115281E-02 2.6789131E-02 2.4756129E-04 1.6856220E+00 1.9086599E+01 -4.5963412E-02
3.1381000E+02 2.5927000E+02 8.6700000E+00 1.0700000E+02 10 5.5178826E+01 1.5595835E-01 3.4589422E-01 -3.3823898E-03 9.1633876E-03 9.8332146E-03 9.3770694E-03 8.1717654E-04 2.3609133E-04 5.1013293E-03 1.5338806E-04 5.1519366E-03 5.3356359E-02 2.7362801E-02 2.6565705E-04 1.6808581E+00 1.9100502E+01 -4.6852452E-02
3.1381000E+02 2.5927000E+02 8.6700000E+00 1.1200000E+02 10 5.5173206E+01 1.5855516E-01 3.5216001E-01 -3.8543608E-03 9.3367972E-03 9.9139770E-03 9.4718867E-03 7.9199730E-04 2.4755937E-04 5.1755100E-03 1.4866179E-04 5.2140658E-03 5.4321072E-02 2.7879940E-02 2.8066966E-04 1.6785581E+00 1.9108831E+01 -4.7414636E-02
3.1381000E+02 2.5927000E+02 8.6700000E+00 1.1700000E+02 10 5.5169096E+01 1.6053595E-01 3.5691368E-01 -4.1902168E-03 9.4749255E-03 9.9842060E-03 9.5548770E-03 7.6913556E-04 2.5723300E-04 5.2328536E-03 1.4437053E-04 5.2613549E-03 5.5031854E-02 2.8291897E-02 2.9225174E-04 1.6774432E+00 1.9113827E+01 -4.7773925E-02
3.1381000E+02 2.5927000E+02 8.6700000E+00 1.2200000E+02 10 5.5166143E+01 1.6201430E-01 3.6045187E-01 -4.4226041E-03 9.5808153E-03 1.0043462E-02 9.6257691E-03 7.4828928E-04 2.6507157E-04 5.2747828E-03 1.4045758E-04 5.2949631E-03 5.5550044E-02 2.8607733E-02 3.0090719E-04 1.6769073E+00 1.9116873E+01 -4.8008738E-02
3.1381000E+02 2.5927000E+02 8.6700000E+00 1.2400000E+02 10 5.5160071E+01 1.7273360E-01 3.8488288E-01 -4.5012924E-03 1.1321220E-02 1.1511259E-02 1.1098051E-02 7.4025542E-04 3.1214064E-04 6.1475924E-03 1.3894958E-04 6.1391957E-03 5.5797819E-02 3.3804910E-02 3.7717431E-04 1.7883966E+00 1.8994357E+01 -3.8282793E-02
3.1381000E+02 2.5927000E+02 8.6700000E+00 1.2500000E+02 10 5.5158147E+01 1.7590414E-01 3.9232389E-01 -4.5373568E-03 1.1836423E-02 1.1982854E-02 1.1571847E-02 7.3631251E-04 3.2691409E-04 6.4044428E-03 1.3820948E-04 6.3885187E-03 5.5901173E-02 3.5343595E-02 3.9710495E-04 1.8271391E+00 1.8952481E+01 -3.5380082E-02
3.1381000E+02 2.5927000E+02 8.6700000E+00 1.3000000E+02 10 5.5163492E+01 1.6258925E-01 3.6235421E-01 -4.6589999E-03 9.5444017E-03 1.0033437E-02 9.6329483E-03 7.1746904E-04 2.7172412E-04 5.2387901E-03 1.3467247E-04 5.2510718E-03 5.6117787E-02 2.8498587E-02 2.9837382E-04 1.6682455E+00 1.9129457E+01 -4.9070631E-02
3.1381000E+02 2.5927000E+02 8.6700000E+00 1.3100000E+02 10 5.5156343E+01 1.7656338E-01 3.9415185E-01 -4.6813978E-03 1.1856178E-02 1.2010160E-02 1.1611748E-02 7.1374743E-04 3.3281087E-04 6.4011751E-03 1.3397390E-04 6.3795399E-03 5.6275071E-02 3.5402579E-02 4.0695207E-04 1.8225315E+00 1.8958081E+01 -3.5821266E-02
3.1381000E+02 2.5927000E+02 8.6700000E+00 1.3200000E+02 10 5.5156055E+01 1.7669916E-01 3.9441239E-01 -4.7021266E-03 1.1860776E-02 1.2004109E-02 1.1607733E-02 7.1010011E-04 3.3316165E-04 6.4019971E-03 1.3328928E-04 6.3779593E-03 5.6324959E-02 3.5415959E-02 4.0116473E-04 1.8215995E+00 1.8960311E+01 -3.5904970E-02
3.1381000E+02 2.5927000E+02 8.6700000E+00 1.3700000E+02 10 5.5155887E+01 1.6464478E-01 3.6834048E-01 -5.7940669E-03 9.5702117E-03 1.0055209E-02 9.6683260E-03 6.9309510E-04 2.7652078E-04 5.2381507E-03 1.3009736E-04 5.2427660E-03 5.7645620E-02 2.8575336E-02 3.0175203E-04 1.6565590E+00 1.9122374E+01 -5.0843135E-02
3.1381000E+02 2.5927000E+02 8.6700000E+00 1.4200000E+02 10 5.5145697E+01 1.6827419E-01 3.7782825E-01 -7.3328237E-03 9.7658938E-03 1.0158496E-02 9.7804289E-03 6.7730111E-04 2.7644496E-04 5.3289808E-03 1.2713275E-04 5.3236905E-03 5.9562170E-02 2.9159128E-02 3.0489982E-04 1.6510460E+00 1.9091695E+01 -5.2156260E-02
3.1381000E+02 2.5927000E+02 8.6700000E+00 1.4700000E+02 10 5.5136022E+01 1.7207384E-01 3.8740222E-01 -8.7665432E-03 1.0009093E-02 1.0285593E-02 9.9156888E-03 6.6267683E-04 2.7107413E-04 5.4449159E-03 1.2438770E-04 5.4282245E-03 6.1326613E-02 2.9884562E-02 2.9527661E-04 1.6488759E+00 1.9049103E+01 -5.3061459E-02
3.1381000E+02 2.5927000E+02 8.6700000E+00 1.5200000E+02 10 5.5128313E+01 1.7522751E-01 3.9523561E-01 -9.8925390E-03 1.0221780E-02 1.0401488E-02 1.0039146E-02 6.4912939E-04 2.6219286E-04 5.5457860E-03 1.2184478E-04 5.5190943E-03 6.2710154E-02 3.0518985E-02 2.7715841E-04 1.6480427E+00 1.9001989E+01 -5.3674031E-02
3.1381000E+02 2.5927000E+02 8.6700000E+00 1.5700000E+02 10 5.5122610E+01 1.7761922E-01 4.0112721E-01 -1.0712764E-02 1.0386510E-02 1.0496109E-02 1.0140789E-02 6.3654939E-04 2.5208959E-04 5.6226148E-03 1.1948345E-04 5.5878340E-03 6.3723289E-02 3.1010375E-02 2.5559799E-04 1.6476848E+00 1.8955807E+01 -5.4090798E-02
3.1381000E+02 2.5927000E+02 8.6700000E+00 1.6200000E+02 10 5.5118494E+01 1.7938246E-01 4.0544431E-01 -1.1293989E-02 1.0509259E-02 1.0570824E-02 1.0222045E-02 6.2483195E-04 2.4241830E-04 5.6784361E-03 1.1728403E-04 5.6371831E-03 6.4449894E-02 3.1376552E-02 2.3428761E-04 1.6475051E+00 1.8914824E+01 -5.4377847E-02
3.1381000E+02 2.5927000E+02 8.6700000E+00 1.6700000E+02 10 5.5115516E+01 1.8068514E-01 4.0861987E-01 -1.1705170E-02 1.0600635E-02 1.0630010E-02 1.0287342E-02 6.1388413E-04 2.3399185E-04 5.7186582E-03 1.1522907E-04 5.6721146E-03 6.4973970E-02 3.1649150E-02 2.1526570E-04 1.6474075E+00 1.8881954E+01 -5.4578908E-02
3.1381000E+02 2.5927000E+02 8.6700000E+00 1.6800000E+02 10 5.5107773E+01 1.9538588E-01 4.4128325E-01 -1.1781145E-02 1.2984946E-02 1.2593305E-02 1.2251842E-02 6.1172463E-04 2.5758262E-04 6.9205984E-03 1.1482372E-04 6.8349237E-03 6.5094955E-02 3.8769057E-02 2.5672169E-04 1.7874591E+00 1.8657655E+01 -4.1101260E-02
3.1381000E+02 2.5927000E+02 8.6700000E+00 1.6900000E+02 10 5.5107298E+01 1.9552984E-01 4.4160508E-01 -1.1851376E-02 1.2985614E-02 1.2583404E-02 1.2243131E-02 6.0959449E-04 2.5786286E-04 6.9203706E-03 1.1442388E-04 6.8326090E-03 6.5183105E-02 3.8770655E-02 2.4874811E-04 1.7861496E+00 1.8657774E+01 -4.1240984E-02
3.1381000E+02 2.5927000E+02 8.6700000E+00 1.7400000E+02 10 5.5119906E+01 1.7468670E-01 4.0442357E-01 -1.5713955E-02 1.0494070E-02 1.0567716E-02 1.0233020E-02 5.9960279E-04 2.2429990E-04 5.6565996E-03 1.1254839E-04 5.6080601E-03 6.4301656E-02 3.1330686E-02 1.8729136E-04 1.6957753E+00 1.8808962E+01 -4.9799049E-02
3.1381000E+02 2.5927000E+02 8.6700000E+00 1.7500000E+02 10 5.5114862E+01 1.8609363E-01 4.3294973E-01 -1.6639107E-02 1.2643563E-02 1.2507918E-02 1.2174323E-02 5.9763023E-04 2.4434175E-04 6.7360402E-03 1.1217813E-04 6.6613312E-03 6.4095933E-02 3.7751172E-02 2.2426006E-04 1.8580155E+00 1.8553499E+01 -3.5809334E-02
3.1381000E+02 2.5927000E+02 8.6700000E+00 1.7600000E+02 10 5.5116853E+01 1.8368773E-01 4.3049466E-01 -1.7705421E-02 1.2536940E-02 1.2482367E-02 1.2149859E-02 5.9568289E-04 2.4337776E-04 6.6799073E-03 1.1181261E-04 6.6090615E-03 6.3815526E-02 3.7433243E-02 2.1752268E-04 1.8744803E+00 1.8540179E+01 -3.4663291E-02
3.1381000E+02 2.5927000E+02 8.6700000E+00 1.8100000E+02 10 5.5075735E+01 1.7587513E-01 4.3219878E-01 -2.7779077E-02 9.9481695E-03 1.0468710E-02 1.0141319E-02 5.8651630E-04 2.0895967E-04 5.3653557E-03 1.1009199E-04 5.3405406E-03 7.2934727E-02 2.9704211E-02 1.6429911E-04 1.6590617E+00 1.8833653E+01 -5.7532741E-02
3.1381000E+02 2.5927000E+02 8.6700000E+00 1.8600000E+02 10 5.4997804E+01 1.9461861E-01 4.9142504E-01 -3.8836475E-02 1.0099340E-02 1.0507949E-02 1.0185385E-02 5.7786747E-04 2.0470265E-04 5.4389334E-03 1.0846857E-04 5.4044180E-03 8.7281039E-02 3.0154714E-02 1.6112456E-04 1.5686039E+00 1.8912818E+01 -7.4732538E-02
3.1381000E+02 2.5927000E+02 8.6700000E+00 1.9100000E+02 10 5.4921473E+01 2.1697787E-01 5.5332453E-01 -4.8275016E-02 1.0671032E-02 1.0586484E-02 1.0268484E-02 5.6969059E-04 2.0882909E-04 5.7333704E-03 1.0693373E-04 5.6637757E-03 1.0102115E-01 3.1857085E-02 1.6282894E-04 1.5035233E+00 1.8969530E+01 -9.0596542E-02
3.1381000E+02 2.5927000E+02 8.6700000E+00 1.9600000E+02 10 5.4860067E+01 2.3684006E-01 6.0523001E-01 -5.5424099E-02 1.1359921E-02 1.0666419E-02 1.0352743E-02 5.6194531E-04 2.1758319E-04 6.0901622E-03 1.0547990E-04 5.9770561E-03 1.1191091E-01 3.3907988E-02 1.6583896E-04 1.4631597E+00 1.9004187E+01 -1.0254151E-01
3.1381000E+02 2.5927000E+02 8.6700000E+00 2.0100000E+02 10 5.4814748E+01 2.5245427E-01 6.4475175E-01 -6.0559363E-02 1.1998757E-02 1.0735265E-02 1.0425691E-02 5.5459584E-04 2.2826618E-04 6.4212234E-03 1.0410037E-04 6.2670480E-03 1.1985858E-01 3.5809682E-02 1.6851876E-04 1.4390649E+00 1.9024574E+01 -1.1078401E-01
3.1381000E+02 2.5927000E+02 8.6700000E+00 2.0600000E+02 10 5.4782399E+01 2.6412605E-01 6.7370618E-01 -6.4187490E-02 1.2533007E-02 1.0792393E-02 1.0486718E-02 5.4761033E-04 2.3920317E-04 6.6974963E-03 1.0278915E-04 6.5089564E-03 1.2548088E-01 3.7400020E-02 1.7047736E-04 1.4247818E+00 1.9036453E+01 -1.1627450E-01
3.1381000E+02 2.5927000E+02 8.6700000E+00 2.1100000E+02 10 5.4759424E+01 2.7272457E-01 6.9475128E-01 -6.6761353E-02 1.2961792E-02 1.0840532E-02 1.0538570E-02 5.4096026E-04 2.4948847E-04 6.9183110E-03 1.0154090E-04 6.7025939E-03 1.2944361E-01 3.8676487E-02 1.7177948E-04 1.4162931E+00 1.9043339E+01 -1.1990152E-01
3.1381000E+02 2.5927000E+02 8.6700000E+00 2.1600000E+02 10 5.4742935E+01 2.7908837E-01 7.1018445E-01 -6.8616241E-02 1.3302088E-02 1.0882493E-02 1.0584069E-02 5.3462005E-04 2.5872649E-04 7.0925589E-03 1.0035081E-04 6.8558290E-03 1.3226931E-01 3.9689651E-02 1.7259053E-04 1.4112297E+00 1.9047295E+01 -1.2231266E-01
3.1381000E+02 2.5927000E+02 8.6700000E+00 2.2100000E+02 10 5.4730872E+01 2.8386850E-01 7.2170706E-01 -6.9982646E-02 1.3573191E-02 1.0920342E-02 1.0625298E-02 5.2856664E-04 2.6683670E-04 7.2304340E-03 9.9214557E-05 6.9775042E-03 1.3432497E-01 4.0496947E-02 1.7306249E-04 1.4082104E+00 1.9049522E+01 -1.2393874E-01
3.1381000E+02 2.5927000E+02 8.6700000E+00 2.2600000E+02 10 5.4721840E+01 2.8753095E-01 7.3050408E-01 -7.1014503E-02 1.3791582E-02 1.0955419E-02 1.0663606E-02 5.2277923E-04 2.7387935E-04 7.3406719E-03 9.8128232E-05 7.0751308E-03 1.3585718E-01 4.1147408E-02 1.7330904E-04 1.4064250E+00 1.9050724E+01 -1.2505647E-01
3.1381000E+02 2.5927000E+02 8.6700000E+00 2.3100000E+02 10 5.4714906E+01 2.9039827E-01 7.3738171E-01 -7.1813887E-02 1.3970001E-02 1.0988535E-02 1.0699813E-02 5.1723897E-04 2.7997538E-04 7.4300324E-03 9.7088299E-05 7.1545031E-03 1.3702924E-01 4.1678936E-02 1.7340955E-04 1.4053922E+00 1.9051319E+01 -1.2584188E-01
3.1381000E+02 2.5927000E+02 8.6700000E+00 2.3600000E+02 10 5.4709449E+01 2.9269164E-01 7.4288593E-01 -7.2448741E-02 1.4117919E-02 1.1020157E-02 1.0734400E-02 5.1192876E-04 2.8526403E-04 7.5035354E-03 9.6091547E-05 7.2199237E-03 1.3794932E-01 4.2119696E-02 1.7341769E-04 1.4048219E+00 1.9051555E+01 -1.2640722E-01
3.1381000E+02 2.5927000E+02 8.6700000E+00 2.4100000E+02 10 5.4705052E+01 2.9456335E-01 7.4738853E-01 -7.2964730E-02 1.4242286E-02 1.1050549E-02 1.0767636E-02 5.0683305E-04 2.8987216E-04 7.5648613E-03 9.5135055E-05 7.2745492E-03 1.3868961E-01 4.2490353E-02 1.7336936E-04 1.4045367E+00 1.9051583E+01 -1.2682463E-01
3.1381000E+02 2.5927000E+02 8.6700000E+00 2.4600000E+02 10 5.4701433E+01 2.9611920E-01 7.5114523E-01 -7.3392945E-02 1.4348195E-02 1.1079857E-02 1.0799677E-02 5.0193763E-04 2.9390737E-04 7.6166992E-03 9.4216161E-05 7.3206979E-03 1.3929883E-01 4.2806057E-02 1.7328841E-04 1.4044266E+00 1.9051496E+01 -1.2714101E-01
3.1381000E+02 2.5927000E+02 8.6700000E+00 2.5100000E+02 10 5.4698395E+01 2.9743363E-01 7.5433441E-01 -7.3754869E-02 1.4439412E-02 1.1108157E-02 1.0830605E-02 4.9722954E-04 2.9745569E-04 7.6610299E-03 9.3332430E-05 7.3600873E-03 1.3981036E-01 4.3078008E-02 1.7319042E-04 1.4044230E+00 1.9051347E+01 -1.2738716E-01
3.1381000E+02 2.5927000E+02 8.6700000E+00 2.5600000E+02 10 5.4695803E+01 2.9855980E-01 7.5708239E-01 -7.4065601E-02 1.4518751E-02 1.1135491E-02 1.0860470E-02 4.9269692E-04 3.0058800E-04 7.6993271E-03 9.2481635E-05 7.3940052E-03 1.4024740E-01 4.3314575E-02 1.7308554E-04 1.4044827E+00 1.9051171E+01 -1.2758361E-01
3.1381000E+02 2.5927000E+02 8.6700000E+00 2.6100000E+02 10 5.4693561E+01 2.9953626E-01 7.5948018E-01 -7.4335936E-02 1.4588340E-02 1.1161882E-02 1.0889299E-02 4.8832887E-04 3.0336218E-04 7.7326980E-03 9.1661731E-05 7.4234304E-03 1.4062636E-01 4.3522089E-02 1.7298023E-04 1.4045783E+00 1.9050987E+01 -1.2774419E-01
3.1381000E+02 2.5927000E+02 8.6700000E+00 2.6400000E+02 10 5.4687263E+01 3.1024180E-01 7.8090164E-01 -7.4485494E-02 1.6160274E-02 1.2089053E-02 1.1817900E-02 4.8576506E-04 3.2175861E-04 8.5356333E-03 9.1180491E-05 8.1755252E-03 1.4084282E-01 4.8211322E-02 1.9348152E-04 1.4411578E+00 1.8970083E+01 -1.1973487E-01
3.1381000E+02 2.5927000E+02 8.6700000E+00 2.6500000E+02 10 5.4681864E+01 3.2045702E-01 8.0129031E-01 -7.4534007E-02 1.7689222E-02 1.3028100E-02 1.2757421E-02 4.8491671E-04 3.3682512E-04 9.3163023E-03 9.1021252E-05 8.9100145E-03 1.4091711E-01 5.2772983E-02 2.1269283E-04 1.4797849E+00 1.8864368E+01 -1.1169207E-01
3.1381000E+02 2.5927000E+02 8.6700000E+00 2.7000000E+02 10 5.4689554E+01 3.0268559E-01 7.6661682E-01 -7.4713160E-02 1.4971303E-02 1.1401970E-02 1.1133087E-02 4.8169936E-04 3.1672532E-04 7.9249657E-03 9.0417340E-05 7.6014949E-03 1.4115413E-01 4.4664435E-02 1.7389848E-04 1.4117378E+00 1.9041165E+01 -1.2638564E-01
3.1381000E+02 2.5927000E+02 8.6700000E+00 2.7500000E+02 10 5.4686621E+01 3.0639924E-01 7.7433085E-01 -7.4881510E-02 1.5484238E-02 1.1720548E-02 1.1453776E-02 4.7791734E-04 3.2243106E-04 8.1847047E-03 8.9707435E-05 7.8451566E-03 1.4139311E-01 4.6194850E-02 1.8081126E-04 1.4230594E+00 1.9016541E+01 -1.2396062E-01
3.1381000E+02 2.5927000E+02 8.6700000E+00 2.8000000E+02 10 5.4684048E+01 3.0954992E-01 7.8098743E-01 -7.5037641E-02 1.5919565E-02 1.2006993E-02 1.1742352E-02 4.7410064E-04 3.2866554E-04 8.4045105E-03 8.8991022E-05 8.0518019E-03 1.4161419E-01 4.7493855E-02 1.8448188E-04 1.4329027E+00 1.8999140E+01 -1.2189625E-01
3.1381000E+02 2.5927000E+02 8.6700000E+00 2.8500000E+02 10 5.4681933E+01 3.1194255E-01 7.8623093E-01 -7.5181305E-02 1.6250127E-02 1.2247603E-02 1.1985033E-02 4.7038926E-04 3.3435826E-04 8.5704472E-03 8.8294378E-05 8.2086610E-03 1.4181734E-01 4.8480487E-02 1.8627834E-04 1.4405574E+00 1.8987580E+01 -1.2032879E-01
3.1381000E+02 2.5927000E+02 8.6700000E+00 2.8900000E+02 10 5.4678129E+01 3.1819759E-01 7.9912963E-01 -7.5288627E-02 1.7178558E-02 1.2858153E-02 1.2597189E-02 4.6751361E-04 3.4635060E-04 9.0424589E-03 8.7754605E-05 8.6535459E-03 1.4197212E-01 5.1250830E-02 1.9595393E-04 1.4635997E+00 1.8939972E+01 -1.1550771E-01
3.1381000E+02 2.5927000E+02 8.6700000E+00 2.9000000E+02 10 5.4670476E+01 3.3322983E-01 8.2937530E-01 -7.5314989E-02 1.9456603E-02 1.4317818E-02 1.4057251E-02 4.6680083E-04 3.6577518E-04 1.0204269E-02 8.7620811E-05 9.7505091E-03 1.4201815E-01 5.8048435E-02 2.2303520E-04 1.5249674E+00 1.8752953E+01 -1.0331869E-01
3.1381000E+02 2.5927000E+02 8.6700000E+00 2.9500000E+02 10 5.4718312E+01 3.0394590E-01 7.6195457E-01 -7.0680394E-02 1.6458807E-02 1.2499022E-02 1.2240358E-02 4.6339112E-04 3.4463812E-04 8.6706095E-03 8.6980792E-05 8.3061070E-03 1.3499776E-01 4.9104142E-02 1.8314474E-04 1.4781869E+00 1.8955823E+01 -1.0961682E-01
3.1381000E+02 2.5927000E+02 8.6700000E+00 3.0000000E+02 10 5.4781008E+01 2.8745354E-01 7.1482945E-01 -6.3078932E-02 1.6340584E-02 1.2603869E-02 1.2347030E-02 4.6012294E-04 3.4284482E-04 8.6029282E-03 8.6367339E-05 8.2532770E-03 1.2351412E-01 4.8754123E-02 1.8270591E-04 1.5359735E+00 1.8894292E+01 -9.4187921E-02
3.1381000E+02 2.5927000E+02 8.6700000E+00 3.0100000E+02 10 5.4785876E+01 3.0092436E-01 7.4021596E-01 -6.1463977E-02 1.8964057E-02 1.4529112E-02 1.4272634E-02 4.5947485E-04 3.6467962E-04 9.9337127E-03 8.6245689E-05 9.5258485E-03 1.2108767E-01 5.6586138E-02 2.1729706E-04 1.6425316E+00 1.8634262E+01 -7.6293011E-02
3.1381000E+02 2.5927000E+02 8.6700000E+00 3.0200000E+02 10 5.4800071E+01 2.9658769E-01 7.2870122E-01 -5.9784315E-02 1.8847869E-02 1.4539647E-02 1.4283528E-02 4.5883217E-04 3.6698725E-04 9.8718562E-03 8.6125056E-05 9.4720862E-03 1.1854996E-01 5.6240527E-02 2.1418631E-04 1.6579034E+00 1.8633698E+01 -7.3285345E-02
3.1381000E+02 2.5927000E+02 8.6700000E+00 3.0300000E+02 10 5.4816593E+01 2.9094057E-01 7.1421816E-01 -5.7870394E-02 1.8613890E-02 1.4495547E-02 1.4237555E-02 4.6218750E-04 3.6842052E-04 9.7518492E-03 8.6754866E-05 9.3653555E-03 1.1564864E-01 5.5543602E-02 2.1001892E-04 1.6724773E+00 1.8637382E+01 -7.0368166E-02
3.1381000E+02 2.5927000E+02 8.6700000E+00 3.0800000E+02 10 5.4894999E+01 2.5039816E-01 6.1759191E-01 -4.9743594E-02 1.4990992E-02 1.2359898E-02 1.2098659E-02 4.6800603E-04 3.3063917E-04 7.9019400E-03 8.7847034E-05 7.6307470E-03 1.0333749E-01 4.4735246E-02 1.6432385E-04 1.6262192E+00 1.8826346E+01 -7.2662198E-02
3.1381000E+02 2.5927000E+02 8.6700000E+00 3.1300000E+02 10 5.4947723E+01 2.3206361E-01 5.7112702E-01 -4.3660037E-02 1.4197914E-02 1.2261721E-02 1.1998056E-02 4.7235156E-04 3.1432844E-04 7.4883233E-03 8.8662711E-05 7.2664403E-03 9.4132265E-02 4.2374056E-02 1.5944187E-04 1.6718016E+00 1.8778777E+01 -6.3561780E-02
3.1381000E+02 2.5927000E+02 8.6700000E+00 3.1800000E+02 10 5.4985690E+01 2.1847326E-01 5.3739223E-01 -3.9307784E-02 1.3582110E-02 1.2242493E-02 1.1976417E-02 4.7667052E-04 2.9923699E-04 7.1662106E-03 8.9473401E-05 6.9860238E-03 8.7541104E-02 4.0541004E-02 1.5519899E-04 1.7082018E+00 1.8740176E+01 -5.7147509E-02
3.1381000E+02 2.5927000E+02 8.6700000E+00 3.2300000E+02 10 5.5012774E+01 2.0831859E-01 5.1282151E-01 -3.6236936E-02 1.3080752E-02 1.2252781E-02 1.1984398E-02 4.8080212E-04 2.8487270E-04 6.9032874E-03 9.0248923E-05 6.7592318E-03 8.2884737E-02 3.9048555E-02 1.5136490E-04 1.7345715E+00 1.8712414E+01 -5.2841853E-02
3.1381000E+02 2.5927000E+02 8.6700000E+00 3.2800000E+02 10 5.5032201E+01 2.0063541E-01 4.9469400E-01 -3.4064015E-02 1.2663723E-02 1.2268389E-02 1.1997926E-02 4.8452880E-04 2.7136715E-04 6.6843581E-03 9.0948439E-05 6.5711028E-03 7.9584841E-02 3.7806890E-02 1.4800432E-04 1.7523491E+00 1.8693927E+01 -5.0026051E-02
3.1381000E+02 2.5927000E+02 8.6700000E+00 3.2900000E+02 10 5.5029658E+01 2.1153988E-01 5.1983164E-01 -3.3662429E-02 1.4664926E-02 1.4162872E-02 1.3892003E-02 4.8525634E-04 2.8712334E-04 7.6899519E-03 9.1085001E-05 7.5551697E-03 7.8990364E-02 4.3785363E-02 1.7859621E-04 1.8963228E+00 1.8421049E+01 -3.7273587E-02
3.1381000E+02 2.5927000E+02 8.6700000E+00 3.3000000E+02 10 5.5033060E+01 2.1006435E-01 5.1641484E-01 -3.3291098E-02 1.4570262E-02 1.4149748E-02 1.3878484E-02 4.8596473E-04 2.8632332E-04 7.6410033E-03 9.1217970E-05 7.5113013E-03 7.8425170E-02 4.3503064E-02 1.7591966E-04 1.8993210E+00 1.8430605E+01 -3.6919671E-02
3.1381000E+02 2.5927000E+02 8.6700000E+00 3.3500000E+02 10 5.5028765E+01 1.9961060E-01 4.9104768E-01 -3.2395059E-02 1.2023233E-02 1.2173717E-02 1.1900765E-02 4.8898909E-04 2.5429939E-04 6.3521162E-03 9.1785657E-05 6.2753854E-03 8.0625084E-02 3.5897895E-02 1.4003370E-04 1.6902900E+00 1.8764790E+01 -5.6614837E-02
3.1381000E+02 2.5927000E+02 8.6700000E+00 3.4000000E+02 10 5.5001563E+01 2.0996643E-01 5.1097676E-01 -3.2085554E-02 1.2027532E-02 1.2153189E-02 1.1878823E-02 4.9152111E-04 2.4742363E-04 6.3566951E-03 9.2260929E-05 6.2782006E-03 8.5606052E-02 3.5909836E-02 1.4259774E-04 1.6144368E+00 1.8836898E+01 -6.7035770E-02
3.1381000E+02 2.5927000E+02 8.6700000E+00 3.4500000E+02 10 5.4971991E+01 2.2304074E-01 5.3577691E-01 -3.2004182E-02 1.2365466E-02 1.2168857E-02 1.1893326E-02 4.9360972E-04 2.4730079E-04 6.5365805E-03 9.2652972E-05 6.4349402E-03 9.0793449E-02 3.6915126E-02 1.4745196E-04 1.5586441E+00 1.8889482E+01 -7.6228491E-02
3.1381000E+02 2.5927000E+02 8.6700000E+00 3.5000000E+02 10 5.4947083E+01 2.3504427E-01 5.5817877E-01 -3.1970568E-02 1.2813666E-02 1.2193910E-02 1.1917431E-02 4.9530851E-04 2.5093057E-04 6.7748617E-03 9.2971844E-05 6.6416937E-03 9.5047945E-02 3.8248602E-02 1.5247415E-04 1.5225266E+00 1.8923468E+01 -8.3023358E-02
3.1381000E+02 2.5927000E+02 8.6700000E+00 3.5500000E+02 10 5.4928347E+01 2.4466831E-01 5.7586191E-01 -3.1923703E-02 1.3242032E-02 1.2216035E-02 1.1938797E-02 4.9666829E-04 2.5636434E-04 7.0029996E-03 9.3227082E-05 6.8385021E-03 9.8183318E-02 3.9523024E-02 1.5671022E-04 1.5000739E+00 1.8944693E+01 -8.7651388E-02
3.1381000E+02 2.5927000E+02 8.6700000E+00 3.6000000E+02 10 5.4914980E+01 2.5191095E-01 5.8896805E-01 -3.1854179E-02 1.3601885E-02 1.2232238E-02 1.1954404E-02 4.9773471E-04 2.6247174E-04 7.1951235E-03 9.3427254E-05 7.0032249E-03 1.0038147E-01 4.0593561E-02 1.5998286E-04 1.4862213E+00 1.8957878E+01 -9.0691141E-02
3.1381000E+02 2.5927000E+02 8.6700000E+00 3.6500000E+02 10 5.4905650E+01 2.5721382E-01 5.9841786E-01 -3.1768360E-02 1.3886793E-02 1.2243156E-02 1.1964868E-02 4.9854791E-04 2.6856965E-04 7.3476420E-03 9.3579894E-05 7.1331764E-03 1.0189133E-01 4.1441116E-02 1.6241201E-04 1.4776104E+00 1.8966126E+01 -9.2664713E-02
3.1381000E+02 2.5927000E+02 8.6700000E+00 3.7000000E+02 10 5.4899171E+01 2.6106668E-01 6.0517544E-01 -3.1674554E-02 1.4106528E-02 1.2250240E-02 1.1971621E-02 4.9914280E-04 2.7425660E-04 7.4655352E-03 9.3691559E-05 7.2330860E-03 1.0292396E-01 4.2094779E-02 1.6418384E-04 1.4721744E+00 1.8971369E+01 -9.3949302E-02
3.1381000E+02 2.5927000E+02 8.6700000E+00 3.7500000E+02 10 5.4894652E+01 2.6387645E-01 6.1002139E-01 -3.1579126E-02 1.4274582E-02 1.2254774E-02 1.1975927E-02 4.9954963E-04 2.7932512E-04 7.5557852E-03 9.3767922E-05 7.3093461E-03 1.0363364E-01 4.2594706E-02 1.6547021E-04 1.4686731E+00 1.8974766E+01 -9.4794383E-02
3.1381000E+02 2.5927000E+02 8.6700000E+00 3.8000000E+02 10 5.4891467E+01 2.6594691E-01 6.1352902E-01 -3.1486132E-02 1.4403355E-02 1.2257670E-02 1.1978687E-02 4.9979446E-04 2.8370582E-04 7.6248797E-03 9.3813878E-05 7.3677527E-03 1.0412632E-01 4.2977791E-02 1.6640564E-04 1.4663652E+00 1.8977020E+01 -9.5359008E-02
3.1381000E+02 2.5927000E+02 8.6700000E+00 3.8500000E+02 10 5.4889191E+01 2.6749487E-01 6.1610214E-01 -3.1397857E-02 1.4502828E-02 1.2259522E-02 1.1980480E-02 4.9989972E-04 2.8741793E-04 7.6781124E-03 9.3833636E-05 7.4129011E-03 1.0447297E-01 4.3273731E-02 1.6708913E-04 1.4648044E+00 1.8978553E+01 -9.5743378E-02
3.1381000E+02 2.5927000E+02 8.6700000E+00 3.9000000E+02 10 5.4887539E+01 2.6867185E-01 6.1801997E-01 -3.1315417E-02 1.4580567E-02 1.2260692E-02 1.1981658E-02 4.9988471E-04 2.9052769E-04 7.7195509E-03 9.3830818E-05 7.4482186E-03 1.0472074E-01 4.3505025E-02 1.6759136E-04 1.4637188E+00 1.8979627E+01 -9.6010746E-02
3.1381000E+02 2.5927000E+02 8.6700000E+00 3.9500000E+02 10 5.4886318E+01 2.6958327E-01 6.1947471E-01 -3.1239209E-02 1.4642150E-02 1.2261391E-02 1.1982423E-02 4.9976603E-04 2.9312073E-04 7.7522266E-03 9.3808541E-05 7.4762048E-03 1.0490099E-01 4.3688269E-02 1.6796259E-04 1.4629398E+00 1.8980404E+01 -9.6201344E-02
3.1381000E+02 2.5927000E+02 8.6700000E+00 4.0000000E+02 10 5.4885398E+01 2.7030248E-01 6.2059878E-01 -3.1169208E-02 1.4691647E-02 1.2261736E-02 1.1982884E-02 4.9955797E-04 2.9528454E-04 7.7783613E-03 9.3769487E-05 7.4986733E-03 1.0503468E-01 4.3835561E-02 1.6823874E-04 1.4623616E+00 1.8980986E+01 -9.6341012E-02
3.1381000E+02 2.5927000E+02 8.6700000E+00 4.0500000E+02 10 5.4884691E+01 2.7088085E-01 6.2148398E-01 -3.1105159E-02 1.4732020E-02 1.2261786E-02 1.1983094E-02 4.9927287E-04 2.9709993E-04 7.7995771E-03 9.3715973E-05 7.5169426E-03 1.0513591E-01 4.3955709E-02 1.6844549E-04 1.4619168E+00 1.8981439E+01 -9.6446502E-02
3.1381000E+02 2.5927000E+02 8.6700000E+00 4.1000000E+02 10 5.4884136E+01 2.7135459E-01 6.2219430E-01 -3.1046683E-02 1.4765428E-02 1.2261571E-02 1.1983075E-02 4.9892142E-04 2.9863495E-04 7.8170544E-03 9.3650004E-05 7.5319788E-03 1.0521425E-01 4.4055138E-02 1.6860113E-04 1.4615620E+00 1.8981805E+01 -9.6528787E-02
3.1381000E+02 2.5927000E+02 8.6700000E+00 4.1200000E+02 10 5.4876778E+01 2.8590809E-01 6.5136216E-01 -3.1024158E-02 1.6976417E-02 1.3634590E-02 1.3356178E-02 4.9877087E-04 3.2112453E-04 8.9476835E-03 9.3621745E-05 8.5941033E-03 1.0525296E-01 5.0652059E-02 1.9792944E-04 1.5295163E+00 1.8829806E+01 -8.4856070E-02
3.1381000E+02 2.5927000E+02 8.6700000E+00 4.1700000E+02 10 5.4884103E+01 2.7074106E-01 6.2081609E-01 -3.0972815E-02 1.4636602E-02 1.2175273E-02 1.1897101E-02 4.9834090E-04 3.0156369E-04 7.7514140E-03 9.3541037E-05 7.4688797E-03 1.0529747E-01 4.3670472E-02 1.6490308E-04 1.4565438E+00 1.8994068E+01 -9.7470993E-02
3.1381000E+02 2.5927000E+02 8.6700000E+00 4.2200000E+02 10 5.4883810E+01 2.7097233E-01 6.2106628E-01 -3.0926003E-02 1.4644616E-02 1.2160090E-02 1.1882184E-02 4.9786495E-04 3.0058797E-04 7.7556297E-03 9.3451700E-05 7.4718631E-03 1.0534409E-01 4.3694229E-02 1.6651755E-04 1.4558160E+00 1.8991849E+01 -9.7609143E-02
3.1381000E+02 2.5927000E+02 8.6700000E+00 4.2700000E+02 10 5.4883383E+01 2.7153697E-01 6.2195214E-01 -3.0883301E-02 1.4704088E-02 1.2171282E-02 1.1893663E-02 4.9734969E-04 3.0096408E-04 7.7864176E-03 9.3354982E-05 7.4991967E-03 1.0538288E-01 4.3871399E-02 1.6769260E-04 1.4566166E+00 1.8989020E+01 -9.7466026E-02
3.1381000E+02 2.5927000E+02 8.6700000E+00 4.2900000E+02 10 5.4876013E+01 2.8623518E-01 6.5134333E-01 -3.0866851E-02 1.6937913E-02 1.3546701E-02 1.3269201E-02 4.9713769E-04 3.2330031E-04 8.9292320E-03 9.3315190E-05 8.5716268E-03 1.0540788E-01 5.0536312E-02 1.9759339E-04 1.5247136E+00 1.8837085E+01 -8.5661422E-02
3.1381000E+02 2.5927000E+02 8.6700000E+00 4.3000000E+02 10 5.4873725E+01 2.9077684E-01 6.6048962E-01 -3.0858781E-02 1.7628152E-02 1.3991735E-02 1.3714294E-02 4.9703027E-04 3.3183295E-04 9.2819764E-03 9.3295026E-05 8.9034125E-03 1.0541727E-01 5.2595916E-02 2.0463114E-04 1.5477320E+00 1.8779660E+01 -8.1981735E-02
3.1381000E+02 2.5927000E+02 8.6700000E+00 4.3500000E+02 10 5.4882637E+01 2.7316882E-01 6.2524858E-01 -3.0808288E-02 1.4960597E-02 1.2353058E-02 1.2071175E-02 5.0498811E-04 3.1103901E-04 7.9228698E-03 9.4788752E-05 7.6277248E-03 1.0535561E-01 4.4636309E-02 1.6770408E-04 1.4641887E+00 1.8980454E+01 -9.6077366E-02
3.1381000E+02 2.5927000E+02 8.6700000E+00 4.3600000E+02 10 5.4872934E+01 2.9271682E-01 6.6460199E-01 -3.0798782E-02 1.7947339E-02 1.4254702E-02 1.3972014E-02 5.0643148E-04 3.3609338E-04 9.4496544E-03 9.5059679E-05 9.0658565E-03 1.0536141E-01 5.3548810E-02 2.0865766E-04 1.5597150E+00 1.8739670E+01 -8.0100148E-02
3.1381000E+02 2.5927000E+02 8.6700000E+00 4.3700000E+02 10 5.4873448E+01 2.9297136E-01 6.6483044E-01 -3.0642032E-02 1.8004184E-02 1.4294469E-02 1.4011142E-02 5.0757568E-04 3.4040844E-04 9.4798053E-03 9.5274451E-05 9.0935934E-03 1.0522938E-01 5.3718201E-02 2.0710846E-04 1.5621130E+00 1.8746023E+01 -7.9680117E-02
3.1381000E+02 2.5927000E+02 8.6700000E+00 4.3800000E+02 10 5.4875594E+01 2.9284896E-01 6.6364550E-01 -3.0141758E-02 1.8041116E-02 1.4326229E-02 1.4042345E-02 5.0857353E-04 3.4389503E-04 9.4995476E-03 9.5461753E-05 9.1118077E-03 1.0480732E-01 5.3828230E-02 2.0599338E-04 1.5646013E+00 1.8749467E+01 -7.9114971E-02
3.1381000E+02 2.5927000E+02 8.6700000E+00 4.4300000E+02 10 5.4932850E+01 2.6847046E-01 5.9338068E-01 -1.9360508E-02 1.5454311E-02 1.2726031E-02 1.2444474E-02 5.0440539E-04 3.2192231E-04 8.1742131E-03 9.4679372E-05 7.8653518E-03 9.5733831E-02 4.6109610E-02 1.7168764E-04 1.4975678E+00 1.8937999E+01 -8.5347860E-02
3.1381000E+02 2.5927000E+02 8.6700000E+00 4.4400000E+02 10 5.4934767E+01 2.8529056E-01 6.2286017E-01 -1.6903838E-02 1.8301553E-02 1.4629005E-02 1.4347890E-02 5.0361255E-04 3.4493617E-04 9.6256351E-03 9.4530553E-05 9.2380124E-03 9.3680842E-02 5.4607255E-02 2.1001152E-04 1.6061789E+00 1.8675315E+01 -6.8246717E-02
3.1381000E+02 2.5927000E+02 8.6700000E+00 4.4500000E+02 10 5.4947019E+01 2.8359501E-01 6.1417492E-01 -1.4181946E-02 1.8334895E-02 1.4673818E-02 1.4393009E-02 5.0306388E-04 3.4824536E-04 9.6419882E-03 9.4427565E-05 9.2540321E-03 9.1387641E-02 5.4706892E-02 2.0848751E-04 1.6148887E+00 1.8675803E+01 -6.6122474E-02
3.1381000E+02 2.5927000E+02 8.6700000E+00 4.5000000E+02 10 5.5014509E+01 2.5914537E-01 5.3890355E-01 -9.9533733E-04 1.5995862E-02 1.3218267E-02 1.2938056E-02 5.0199341E-04 3.2880776E-04 8.4453669E-03 9.4226633E-05 8.1289088E-03 8.0254118E-02 4.7727392E-02 1.7753002E-04 1.5537664E+00 1.8864941E+01 -6.9319315E-02
3.1381000E+02 2.5927000E+02 8.6700000E+00 4.5300000E+02 10 5.5043976E+01 2.6336863E-01 5.3357625E-01 6.5311721E-03 1.7486672E-02 1.4361785E-02 1.4082008E-02 5.0121533E-04 3.4169316E-04 9.2010777E-03 9.4080583E-05 8.8522597E-03 7.3914780E-02 5.2178522E-02 1.9643305E-04 1.6401585E+00 1.8709560E+01 -5.5726511E-02
3.1381000E+02 2.5927000E+02 8.6700000E+00 4.5400000E+02 10 5.5051232E+01 2.6946983E-01 5.4211202E-01 8.9855710E-03 1.8729477E-02 1.5353886E-02 1.5074262E-02 5.0094079E-04 3.5157245E-04 9.8303523E-03 9.4029050E-05 9.4567545E-03 7.1850409E-02 5.5889641E-02 2.0984901E-04 1.7162507E+00 1.8532163E+01 -4.6989628E-02
3.1381000E+02 2.5927000E+02 8.6700000E+00 4.5900000E+02 10 5.5112117E+01 2.4284117E-01 4.6560682E-01 2.0355172E-02 1.5833124E-02 1.3482515E-02 1.3204577E-02 4.9792134E-04 3.2292909E-04 8.3491416E-03 9.3462284E-05 8.0601363E-03 6.2267910E-02 4.7246154E-02 1.7327509E-04 1.6059681E+00 1.8816235E+01 -5.4602855E-02
3.1381000E+02 2.5927000E+02 8.6700000E+00 4.6400000E+02 10 5.5152362E+01 2.3451034E-01 4.3278417E-01 2.8977328E-02 1.5512562E-02 1.3475401E-02 1.3198712E-02 4.9568393E-04 3.1181911E-04 8.1785273E-03 9.3042311E-05 7.9107555E-03 5.5016222E-02 4.6291919E-02 1.7157104E-04 1.6195708E+00 1.8801642E+01 -4.9958912E-02
3.1381000E+02 2.5927000E+02 8.6700000E+00 4.6900000E+02 10 5.5181931E+01 2.2840381E-01 4.0880205E-01 3.5320751E-02 1.5283162E-02 1.3498188E-02 1.3222594E-02 4.9372210E-04 3.0150261E-04 8.0563567E-03 9.2674066E-05 7.8034496E-03 4.9688756E-02 4.5609103E-02 1.7036361E-04 1.6313562E+00 1.8788212E+01 -4.6481854E-02
3.1381000E+02 2.5927000E+02 8.6700000E+00 4.7400000E+02 10 5.5203694E+01 2.2378780E-01 3.9104608E-01 3.9982540E-02 1.5098137E-02 1.3529620E-02 1.3255052E-02 4.9188402E-04 2.9182491E-04 7.9582794E-03 9.2329049E-05 7.7160405E-03 4.5781338E-02 4.5058295E-02 1.6921447E-04 1.6402690E+00 1.8778159E+01 -4.3983405E-02
3.1381000E+02 2.5927000E+02 8.6700000E+00 4.7900000E+02 10 5.5219876E+01 2.2019677E-01 3.7764857E-01 4.3436176E-02 1.4937224E-02 1.3557513E-02 1.3283919E-02 4.9013749E-04 2.8296622E-04 7.8737263E-03 9.2001217E-05 7.6389991E-03 4.2893755E-02 4.4579124E-02 1.6808308E-04 1.6462623E+00 1.8771548E+01 -4.2236644E-02
3.1381000E+02 2.5927000E+02 8.6700000E+00 4.8100000E+02 10 5.5220223E+01 2.2966204E-01 3.9633807E-01 4.4651113E-02 1.6623231E-02 1.4929008E-02 1.4655797E-02 4.8945270E-04 2.9349009E-04 8.7284129E-03 9.1872679E-05 8.4574828E-03 4.1888973E-02 4.9613404E-02 1.9054715E-04 1.7721480E+00 1.8550352E+01 -3.1857469E-02
3.1381000E+02 2.5927000E+02 8.6700000E+00 4.8200000E+02 10 5.5221340E+01 2.3217259E-01 4.0111707E-01 4.5220076E-02 1.7109621E-02 1.5376766E-02 1.5103744E-02 4.8911371E-04 2.9590602E-04 8.9742158E-03 9.1809049E-05 8.6943111E-03 4.1416430E-02 5.1066014E-02 1.9546365E-04 1.8194620E+00 1.8461251E+01 -2.8613885E-02
3.1381000E+02 2.5927000E+02 8.6700000E+00 4.8700000E+02 10 5.5240259E+01 2.1314144E-01 3.5619186E-01 4.7496529E-02 1.4308963E-02 1.3320636E-02 1.3048594E-02 4.8735909E-04 2.6828176E-04 7.5522202E-03 9.1479698E-05 7.3335614E-03 3.9509159E-02 4.2704819E-02 1.5941446E-04 1.6278737E+00 1.8806860E+01 -4.2526310E-02
3.1381000E+02 2.5927000E+02 8.6700000E+00 4.9200000E+02 10 5.5248928E+01 2.1016304E-01 3.4689084E-01 4.9232174E-02 1.4036266E-02 1.3173536E-02 1.2902302E-02 4.8591088E-04 2.5905028E-04 7.4137116E-03 9.1207863E-05 7.1996114E-03 3.8070646E-02 4.1891293E-02 1.5904602E-04 1.6186393E+00 1.8814892E+01 -4.2771619E-02
3.1381000E+02 2.5927000E+02 8.6700000E+00 4.9700000E+02 10 5.5255312E+01 2.0848952E-01 3.4079993E-01 5.0576958E-02 1.3912276E-02 1.3088848E-02 1.2818349E-02 4.8459350E-04 2.5308872E-04 7.3520209E-03 9.0960583E-05 7.1363506E-03 3.6960544E-02 4.1521120E-02 1.5933046E-04 1.6157994E+00 1.8816006E+01 -4.2559717E-02
3.1381000E+02 2.5927000E+02 8.6700000E+00 5.0200000E+02 10 5.5260231E+01 2.0740174E-01 3.3640723E-01 5.1641417E-02 1.3846273E-02 1.3035749E-02 1.2765942E-02 4.8335586E-04 2.4882152E-04 7.3199135E-03 9.0728273E-05 7.1011148E-03 3.6085742E-02 4.1323924E-02 1.5953788E-04 1.6151692E+00 1.8815453E+01 -4.2242640E-02
3.1381000E+02 2.5927000E+02 8.6700000E+00 5.0500000E+02 10 5.5259121E+01 2.1421816E-01 3.5001029E-01 5.2197858E-02 1.5005484E-02 1.3889793E-02 1.3620386E-02 4.8263645E-04 2.5773722E-04 7.9106269E-03 9.0593236E-05 7.6599004E-03 3.5636657E-02 4.4784164E-02 1.7559449E-04 1.6924182E+00 1.8688643E+01 -3.5494265E-02
3.1381000E+02 2.5927000E+02 8.6700000E+00 5.0600000E+02 10 5.5256539E+01 2.2086267E-01 3.6432152E-01 5.2374834E-02 1.6111275E-02 1.4777315E-02 1.4508041E-02 4.8239906E-04 2.6518974E-04 8.4715444E-03 9.0548676E-05 8.1966408E-03 3.5497798E-02 4.8085941E-02 1.8961286E-04 1.7816030E+00 1.8523607E+01 -2.9140617E-02
3.1381000E+02 2.5927000E+02 8.6700000E+00 5.1100000E+02 10 5.5268386E+01 2.0334623E-01 3.2506499E-01 5.3143992E-02 1.3359404E-02 1.2706023E-02 1.2437763E-02 4.8058291E-04 2.4073293E-04 7.0739376E-03 9.0207775E-05 6.8597758E-03 3.4860182E-02 3.9870254E-02 1.5239843E-04 1.5918305E+00 1.8853503E+01 -4.3919975E-02
3.1381000E+02 2.5927000E+02 8.6700000E+00 5.1600000E+02 10 5.5271604E+01 2.0207898E-01 3.2090248E-01 5.3781303E-02 1.3210173E-02 1.2548836E-02 1.2281354E-02 4.7919071E-04 2.3565853E-04 6.9991233E-03 8.9946454E-05 6.7844137E-03 3.4346034E-02 3.9424600E-02 1.5320708E-04 1.5840238E+00 1.8859435E+01 -4.4441934E-02
3.1381000E+02 2.5927000E+02 8.6700000E+00 5.2100000E+02 10 5.5273984E+01 2.0165804E-01 3.1857850E-01 5.4317904E-02 1.3176240E-02 1.2456091E-02 1.2189309E-02 4.7793450E-04 2.3299433E-04 6.9834731E-03 8.9710656E-05 6.7643600E-03 3.3915118E-02 3.9322806E-02 1.5420286E-04 1.5820351E+00 1.8859559E+01 -4.4436260E-02
3.1381000E+02 2.5927000E+02 8.6700000E+00 5.2600000E+02 10 5.5275921E+01 2.0148451E-01 3.1695955E-01 5.4777337E-02 1.3174352E-02 1.2394839E-02 1.2128729E-02 4.7673280E-04 2.3129893E-04 6.9838070E-03 8.9485090E-05 6.7602303E-03 3.3548095E-02 3.9316719E-02 1.5485929E-04 1.5817934E+00 1.8858632E+01 -4.4289743E-02
3.1381000E+02 2.5927000E+02 8.6700000E+00 5.3100000E+02 10 5.5277591E+01 2.0134362E-01 3.1559514E-01 5.5176214E-02 1.3174527E-02 1.2347226E-02 1.2081764E-02 4.7556986E-04 2.2994536E-04 6.9847960E-03 8.9266802E-05 6.7576091E-03 3.3231141E-02 3.9316913E-02 1.5518530E-04 1.5817490E+00 1.8858084E+01 -4.4147805E-02
3.1381000E+02 2.5927000E+02 8.6700000E+00 5.3600000E+02 10 5.5279068E+01 2.0118981E-01 3.1435226E-01 5.5526550E-02 1.3170347E-02 1.2305668E-02 1.2040835E-02 4.7444383E-04 2.2872877E-04 6.9833107E-03 8.9055440E-05 6.7532370E-03 3.2954219E-02 3.9304197E-02 1.5531122E-04 1.5815146E+00 1.8858046E+01 -4.4043215E-02
3.1381000E+02 2.5927000E+02 8.6700000E+00 5.4100000E+02 10 5.5280386E+01 2.0102668E-01 3.1320281E-01 5.5837241E-02 1.3162465E-02 1.2267403E-02 1.2003177E-02 4.7335500E-04 2.2760571E-04 6.9798055E-03 8.8851062E-05 6.7472913E-03 3.2709887E-02 3.9280487E-02 1.5533604E-04 1.5810848E+00 1.8858358E+01 -4.3972715E-02
3.1381000E+02 2.5927000E+02 8.6700000E+00 5.4600000E+02 10 5.5281568E+01 2.0086474E-01 3.1214303E-01 5.6115017E-02 1.3152633E-02 1.2231513E-02 1.1967875E-02 4.7230300E-04 2.2657356E-04 6.9752401E-03 8.8653596E-05 6.7405364E-03 3.2492519E-02 3.9250985E-02 1.5531507E-04 1.5805324E+00 1.8858862E+01 -4.3926469E-02
3.1381000E+02 2.5927000E+02 8.6700000E+00 5.5100000E+02 10 5.5282633E+01 2.0071142E-01 3.1117070E-01 5.6365079E-02 1.3142184E-02 1.2197682E-02 1.1934611E-02 4.7128642E-04 2.2563412E-04 6.9703227E-03 8.8462780E-05 6.7335785E-03 3.2297778E-02 3.9219655E-02 1.5527536E-04 1.5799214E+00 1.8859457E+01 -4.3896219E-02
3.1381000E+02 2.5927000E+02 8.6700000E+00 5.5600000E+02 10 5.5283595E+01 2.0057036E-01 3.1028114E-01 5.6591512E-02 1.3131897E-02 1.2165747E-02 1.1903225E-02 4.7030315E-04 2.2478597E-04 6.9654632E-03 8.8278215E-05 6.7267754E-03 3.2122269E-02 3.9188819E-02 1.5522936E-04 1.5792928E+00 1.8860083E+01 -4.3876414E-02
3.1381000E+02 2.5927000E+02 8.6700000E+00 5.6100000E+02 10 5.5284468E+01 2.0044263E-01 3.0946777E-01 5.6797583E-02 1.3122157E-02 1.2135572E-02 1.1873582E-02 4.6935070E-04 2.2402370E-04 6.9608599E-03 8.8099435E-05 6.7203054E-03 3.1963285E-02 3.9159622E-02 1.5518224E-04 1.5786693E+00 1.8860712E+01 -4.3863615E-02
3.1381000E+02 2.5927000E+02 8.6700000E+00 5.6600000E+02 10 5.5285262E+01 2.0032814E-01 3.0872358E-01 5.6985946E-02 1.3113133E-02 1.2107019E-02 1.1845545E-02 4.6842649E-04 2.2334101E-04 6.9565995E-03 8.7925955E-05 6.7142446E-03 3.1818636E-02 3.9132564E-02 1.5513674E-04 1.5780627E+00 1.8861324E+01 -4.3855686E-02
3.1381000E+02 2.5927000E+02 8.6700000E+00 5.7100000E+02 10 5.5285988E+01 2.0022607E-01 3.0804157E-01 5.7158787E-02 1.3104866E-02 1.2079950E-02 1.1818977E-02 4.6752802E-04 2.2272638E-04 6.9527021E-03 8.7757309E-05 6.7086101E-03 3.1686522E-02 3.9107770E-02 1.5509310E-04 1.5774780E+00 1.8861917E+01 -4.3851317E-02
3.1381000E+02 2.5927000E+02 8.6700000E+00 5.7600000E+02 10 5.5286652E+01 2.0013536E-01 3.0741522E-01 5.7317929E-02 1.3097335E-02 1.2054233E-02 1.1793749E-02 4.6665298E-04 2.2217256E-04 6.9491596E-03 8.7593060E-05 6.7033863E-03 3.1565447E-02 3.9085177E-02 1.5505189E-04 1.5769167E+00 1.8862485E+01 -4.3849685E-02
3.1381000E+02 2.5927000E+02 8.6700000E+00 5.8100000E+02 10 5.5287262E+01 2.0005493E-01 3.0683871E-01 5.7464914E-02 1.3090495E-02 1.2029746E-02 1.1769738E-02 4.6579926E-04 2.2167577E-04 6.9459495E-03 8.7432811E-05 6.6985476E-03 3.1454149E-02 3.9064650E-02 1.5501267E-04 1.5763788E+00 1.8863031E+01 -4.3850225E-02
3.1381000E+02 2.5927000E+02 8.6700000E+00 5.8200000E+02 10 5.5279680E+01 2.1551374E-01 3.3968155E-01 5.7493836E-02 1.5566257E-02 1.3820880E-02 1.3560967E-02 4.6562935E-04 2.4066396E-04 8.2062543E-03 8.7400918E-05 7.8954953E-03 3.1446663E-02 4.6455396E-02 1.8990556E-04 1.7435575E+00 1.8561054E+01 -3.0258881E-02
3.1381000E+02 2.5927000E+02 8.6700000E+00 5.8700000E+02 10 5.5288240E+01 1.9926704E-01 3.0493044E-01 5.7597995E-02 1.2984239E-02 1.1958541E-02 1.1696703E-02 4.6907789E-04 2.2178043E-04 6.8947758E-03 8.8048226E-05 6.6487782E-03 3.1326092E-02 3.8747253E-02 1.5230871E-04 1.5712346E+00 1.8873316E+01 -4.4301317E-02
3.1381000E+02 2.5927000E+02 8.6700000E+00 5.9200000E+02 10 5.5288792E+01 1.9901765E-01 3.0416879E-01 5.7695586E-02 1.2956404E-02 1.1928820E-02 1.1665731E-02 4.7132051E-04 2.2073544E-04 6.8825126E-03 8.8469178E-05 6.6365735E-03 3.1234266E-02 3.8664153E-02 1.5299090E-04 1.5699466E+00 1.8872870E+01 -4.4386145E-02
3.1381000E+02 2.5927000E+02 8.6700000E+00 5.9700000E+02 10 5.5289156E+01 1.9908553E-01 3.0401566E-01 5.7787427E-02 1.2973274E-02 1.1921866E-02 1.1657735E-02 4.7318683E-04 2.2055904E-04 6.8930695E-03 8.8819495E-05 6.6453109E-03 3.1149576E-02 3.8714344E-02 1.5360261E-04 1.5708955E+00 1.8870514E+01 -4.4254005E-02
3.1381000E+02 2.5927000E+02 8.6700000E+00 6.0200000E+02 10 5.5289480E+01 1.9918688E-01 3.0395819E-01 5.7874429E-02 1.2995230E-02 1.1921949E-02 1.1656855E-02 4.7491163E-04 2.2060044E-04 6.9060213E-03 8.9143248E-05 6.6565154E-03 3.1069776E-02 3.8779743E-02 1.5395213E-04 1.5721749E+00 1.8868364E+01 -4.4092592E-02
3.1381000E+02 2.5927000E+02 8.6700000E+00 6.0700000E+02 10 5.5289810E+01 1.9923554E-01 3.0382578E-01 5.7957349E-02 1.3009550E-02 1.1921121E-02 1.1655149E-02 4.7648450E-04 2.2060018E-04 6.9148447E-03 8.9438485E-05 6.6640837E-03 3.0994330E-02 3.8822407E-02 1.5407890E-04 1.5730992E+00 1.8866991E+01 -4.3968662E-02
3.1381000E+02 2.5927000E+02 8.6700000E+00 6.1200000E+02 10 5.5290148E+01 1.9923146E-01 3.0360687E-01 5.8036546E-02 1.3015739E-02 1.1917055E-02 1.1650302E-02 4.7788239E-04 2.2051250E-04 6.9193283E-03 8.9700874E-05 6.6676922E-03 3.0923096E-02 3.8840835E-02 1.5408063E-04 1.5735942E+00 1.8866281E+01 -4.3888804E-02
3.1381000E+02 2.5927000E+02 8.6700000E+00 6.1700000E+02 10 5.5290485E+01 1.9919396E-01 3.0333109E-01 5.8112208E-02 1.3016333E-02 1.1909809E-02 1.1642378E-02 4.7909812E-04 2.2035848E-04 6.9208140E-03 8.9929074E-05 6.6684945E-03 3.0855958E-02 3.8842574E-02 1.5402555E-04 1.5737631E+00 1.8866013E+01 -4.3842544E-02
3.1381000E+02 2.5927000E+02 8.6700000E+00 6.2200000E+02 10 5.5290813E+01 1.9914018E-01 3.0302779E-01 5.8184472E-02 1.3013726E-02 1.1900113E-02 1.1632102E-02 4.8013724E-04 2.2016864E-04 6.9205496E-03 9.0124122E-05 6.6676201E-03 3.0792751E-02 3.8834757E-02 1.5395044E-04 1.5737199E+00 1.8866016E+01 -4.3818541E-02
3.1381000E+02 2.5927000E+02 8.6700000E+00 6.2700000E+02 10 5.5291128E+01 1.9908098E-01 3.0271680E-01 5.8253474E-02 1.3009528E-02 1.1888710E-02 1.1620211E-02 4.8101219E-04 2.1996779E-04 6.9193694E-03 9.0288353E-05 6.6658468E-03 3.0733269E-02 3.8822182E-02 1.5387292E-04 1.5735484E+00 1.8866169E+01 -4.3808526E-02
3.1381000E+02 2.5927000E+02 8.6700000E+00 6.3200000E+02 10 5.5291427E+01 1.9902248E-01 3.0240981E-01 5.8319357E-02 1.3004692E-02 1.1876188E-02 1.1607283E-02 4.8173841E-04 2.1977065E-04 6.9177729E-03 9.0424670E-05 6.6636442E-03 3.0677284E-02 3.8807699E-02 1.5379925E-04 1.5733025E+00 1.8866410E+01 -4.3807157E-02
3.1381000E+02 2.5927000E+02 8.6700000E+00 6.3700000E+02 10 5.5291709E+01 1.9896772E-01 3.0211300E-01 5.8382267E-02 1.2999743E-02 1.1862965E-02 1.1593729E-02 4.8233218E-04 2.1958540E-04 6.9160365E-03 9.0536122E-05 6.6612786E-03 3.0624558E-02 3.8792870E-02 1.5373172E-04 1.5730151E+00 1.8866699E+01 -4.3811157E-02
3.1381000E+02 2.5927000E+02 8.6700000E+00 6.4200000E+02 10 5.5291976E+01 1.9891786E-01 3.0182914E-01 5.8442356E-02 1.2994942E-02 1.1849332E-02 1.1579829E-02 4.8280930E-04 2.1941574E-04 6.9143036E-03 9.0625680E-05 6.6588887E-03 3.0574861E-02 3.8778477E-02 1.5367059E-04 1.5727052E+00 1.8867014E+01 -4.3818584E-02
3.1381000E+02 2.5927000E+02 8.6700000E+00 6.4700000E+02 10 5.5292228E+01 1.9887326E-01 3.0155922E-01 5.8499770E-02 1.2990409E-02 1.1835486E-02 1.1565774E-02 4.8318456E-04 2.1926272E-04 6.9126492E-03 9.0696118E-05 6.6565412E-03 3.0527968E-02 3.8764882E-02 1.5361528E-04 1.5723843E+00 1.8867342E+01 -4.3828260E-02
3.1381000E+02 2.5927000E+02 8.6700000E+00 6.5000000E+02 10 5.5288546E+01 2.0653998E-01 3.1762688E-01 5.8533288E-02 1.4215737E-02 1.2676155E-02 1.2406336E-02 4.8337607E-04 2.3134693E-04 7.5388641E-03 9.0732065E-05 7.2464662E-03 3.0507864E-02 4.2421949E-02 1.7038137E-04 1.6462917E+00 1.8747373E+01 -3.7179728E-02
