x y z_datum Time Well_no H2O H O Charge Al C Ca Cl Fe K Mg Na S Si U pH pe Alkalinity
3.1381000E+02 2.5927000E+02 8.6700000E+00 0.0000000E+00 10 9.9704301E-01 7.2098600E-06 6.6484776E-04 -3.2324431E-06 0.0000000E+00 1.0067647E-04 6.3262499E-05 4.3211171E-04 0.0000000E+00 2.8240956E-04 5.5605062E-05 2.2967748E-04 1.4127542E-04 0.0000000E+00 0.0000000E+00 7.0300000E+00 1.1068788E+01 7.1999443E-03
3.1381000E+02 2.5927000E+02 8.6700000E+00 5.0000000E+00 10 5.5328924E+01 1.8734719E-02 6.1747385E-02 -3.0355945E-03 0.0000000E+00 7.3170575E-03 1.3779441E-03 1.0639821E-02 0.0000000E+00 6.3054023E-03 1.9971468E-03 8.7211651E-03 1.0198032E-02 0.0000000E+00 0.0000000E+00 2.4129738E+00 1.7966098E+01 -6.2428482E-03
3.1381000E+02 2.5927000E+02 8.6700000E+00 1.0000000E+01 10 5.5311108E+01 3.2057347E-02 1.0303632E-01 -2.7602677E-03 1.0166244E-03 7.9362166E-03 3.2060519E-03 8.4740101E-03 1.4422619E-05 5.5233320E-03 1.5906134E-03 7.4555521E-03 1.8312778E-02 3.0402507E-03 1.4700134E-05 2.0259241E+00 1.8395490E+01 -1.6731897E-02
3.1381000E+02 2.5927000E+02 8.6700000E+00 1.5000000E+01 10 5.5290126E+01 5.4682630E-02 1.4874073E-01 -2.5214055E-03 2.5096918E-03 8.2917413E-03 4.6104108E-03 6.5950416E-03 3.4002804E-05 5.1560093E-03 1.2379217E-03 6.6529954E-03 2.5353518E-02 7.5009799E-03 3.5850235E-05 1.9004363E+00 1.8539705E+01 -2.3732643E-02
3.1381000E+02 2.5927000E+02 8.6700000E+00 2.0000000E+01 10 5.5272889E+01 7.4655830E-02 1.8633733E-01 -2.3422045E-03 3.8588659E-03 8.5492674E-03 5.6548016E-03 5.1853867E-03 5.3176499E-05 4.9989383E-03 9.7332258E-04 6.1593286E-03 3.0636150E-02 1.1530460E-02 5.4700745E-05 1.8444781E+00 1.8604448E+01 -2.8079969E-02
3.1381000E+02 2.5927000E+02 8.6700000E+00 2.5000000E+01 10 5.5260192E+01 8.9754980E-02 2.1440980E-01 -2.2149303E-03 4.9150458E-03 8.7747346E-03 6.4391244E-03 4.1842062E-03 6.9552996E-05 4.9384700E-03 7.8539607E-04 5.8545999E-03 3.4388337E-02 1.4684244E-02 6.9217001E-05 1.8173026E+00 1.8635830E+01 -3.0686902E-02
3.1381000E+02 2.5927000E+02 8.6700000E+00 3.0000000E+01 10 5.5251155E+01 1.0061247E-01 2.3474949E-01 -2.1256949E-03 5.7010459E-03 8.9850221E-03 7.0412412E-03 3.4822508E-03 8.2720996E-05 4.9196130E-03 6.5363560E-04 5.6624458E-03 3.7019270E-02 1.7031019E-02 7.9783478E-05 1.8038574E+00 1.8651365E+01 -3.2226133E-02
3.1381000E+02 2.5927000E+02 8.6700000E+00 3.5000000E+01 10 5.5244735E+01 1.0835295E-01 2.4946161E-01 -2.0626563E-03 6.2764782E-03 9.1822746E-03 7.5152937E-03 2.9863680E-03 9.3021979E-05 4.9165576E-03 5.6055596E-04 5.5364336E-03 3.8877949E-02 1.8749033E-02 8.7331620E-05 1.7973141E+00 1.8658980E+01 -3.3134087E-02
3.1381000E+02 2.5927000E+02 8.6700000E+00 4.0000000E+01 10 5.5240130E+01 1.1389870E-01 2.6021229E-01 -2.0173351E-03 6.6974194E-03 9.3656855E-03 7.8977082E-03 2.6298565E-03 1.0095045E-04 4.9178872E-03 4.9363700E-04 5.4494985E-03 4.0214303E-02 2.0005805E-02 9.2714527E-05 1.7943129E+00 1.8662563E+01 -3.3674042E-02
3.1381000E+02 2.5927000E+02 8.6700000E+00 4.5000000E+01 10 5.5236773E+01 1.1791859E-01 2.6819531E-01 -1.9840187E-03 7.0076016E-03 9.5346192E-03 8.2129329E-03 2.3677787E-03 1.0703825E-04 4.9190325E-03 4.4444371E-04 5.3861736E-03 4.1196728E-02 2.0931926E-02 9.6583823E-05 1.7931395E+00 1.8664068E+01 -3.3999491E-02
3.1381000E+02 2.5927000E+02 8.6700000E+00 5.0000000E+01 10 5.5234279E+01 1.2087761E-01 2.7423625E-01 -1.9589311E-03 7.2388893E-03 9.6891075E-03 8.4775796E-03 2.1704317E-03 1.1172525E-04 4.9185261E-03 4.0740071E-04 5.3376101E-03 4.1936538E-02 2.1622528E-02 9.9401494E-05 1.7928998E+00 1.8664508E+01 -3.4199033E-02
3.1381000E+02 2.5927000E+02 8.6700000E+00 5.5000000E+01 10 5.5232388E+01 1.2309412E-01 2.7889999E-01 -1.9395781E-03 7.4138624E-03 9.8297123E-03 8.7031627E-03 2.0181945E-03 1.1535962E-04 4.9162008E-03 3.7882503E-04 5.2986760E-03 4.2507267E-02 2.2145013E-02 1.0148625E-04 1.7931219E+00 1.8664419E+01 -3.4323906E-02
3.1381000E+02 2.5927000E+02 8.6700000E+00 6.0000000E+01 10 5.5230924E+01 1.2478520E-01 2.8257318E-01 -1.9242983E-03 7.5483555E-03 9.9573054E-03 8.8978489E-03 1.8979983E-03 1.1821700E-04 4.9123586E-03 3.5626362E-04 5.2663281E-03 4.2957897E-02 2.2546649E-02 1.0305652E-04 1.7935555E+00 1.8664072E+01 -3.4404012E-02
3.1381000E+02 2.5927000E+02 8.6700000E+00 6.5000000E+01 10 5.5229768E+01 1.2609984E-01 2.8552251E-01 -1.9119710E-03 7.6534621E-03 1.0072899E-02 9.0675715E-03 1.8010276E-03 1.2049580E-04 4.9074091E-03 3.3806174E-04 5.2387157E-03 4.3321466E-02 2.2860549E-02 1.0426043E-04 1.7940680E+00 1.8663622E+01 -3.4456999E-02
3.1381000E+02 2.5927000E+02 8.6700000E+00 6.6000000E+01 10 5.5224162E+01 1.3717563E-01 3.1303232E-01 -1.9096154E-03 9.6157524E-03 1.2084325E-02 1.1089341E-02 1.7824981E-03 1.3783954E-04 5.8779362E-03 3.3458366E-04 6.1921841E-03 4.3407603E-02 2.8723171E-02 1.3531362E-04 1.9924491E+00 1.8353935E+01 -2.2629630E-02
3.1381000E+02 2.5927000E+02 8.6700000E+00 6.7000000E+01 10 5.5224064E+01 1.3718805E-01 3.1309126E-01 -1.9073623E-03 9.5999012E-03 1.2077692E-02 1.1092601E-02 1.7647744E-03 1.3959014E-04 5.8600331E-03 3.3125684E-04 6.1691162E-03 4.3472886E-02 2.8675443E-02 1.3309920E-04 1.9884855E+00 1.8371162E+01 -2.2837160E-02
3.1381000E+02 2.5927000E+02 8.6700000E+00 7.2000000E+01 10 5.5225972E+01 1.2722596E-01 2.8852508E-01 -1.8680581E-03 7.5581395E-03 1.0072296E-02 9.1282624E-03 1.6912209E-03 1.2214825E-04 4.7940534E-03 3.1745047E-04 5.1022119E-03 4.4251199E-02 2.2575682E-02 1.0090527E-04 1.7669228E+00 1.8846006E+01 -3.6725112E-02
3.1381000E+02 2.5927000E+02 8.6700000E+00 7.7000000E+01 10 5.5220721E+01 1.2997994E-01 2.9460778E-01 -1.8200625E-03 7.6939768E-03 1.0151418E-02 9.2420242E-03 1.6291635E-03 1.3553294E-04 4.8265454E-03 3.0580200E-04 5.1168003E-03 4.5205301E-02 2.2980973E-02 1.2721457E-04 1.7551256E+00 1.8920959E+01 -3.7903980E-02
3.1381000E+02 2.5927000E+02 8.6700000E+00 8.2000000E+01 10 5.5215862E+01 1.3289608E-01 3.0093357E-01 -1.7779620E-03 7.8885060E-03 1.0262665E-02 9.3829191E-03 1.5760504E-03 1.5362743E-04 4.8943244E-03 2.9583240E-04 5.1669106E-03 4.6050206E-02 2.3561308E-02 1.5758148E-04 1.7500304E+00 1.8958337E+01 -3.8547309E-02
3.1381000E+02 2.5927000E+02 8.6700000E+00 8.7000000E+01 10 5.5212058E+01 1.3531081E-01 3.0619345E-01 -1.7454279E-03 8.0636613E-03 1.0372280E-02 9.5182260E-03 1.5300233E-03 1.7078388E-04 4.9562280E-03 2.8719290E-04 5.2137067E-03 4.6716060E-02 2.4083873E-02 1.8378323E-04 1.7478629E+00 1.8978128E+01 -3.8913048E-02
3.1381000E+02 2.5927000E+02 8.6700000E+00 9.1000000E+01 10 5.5208341E+01 1.3957122E-01 3.1614311E-01 -1.7250689E-03 8.6563021E-03 1.0899730E-02 1.0064113E-02 1.4969946E-03 1.9354143E-04 5.2351329E-03 2.8099325E-04 5.4766680E-03 4.7156323E-02 2.5853540E-02 2.1752556E-04 1.7831057E+00 1.8947186E+01 -3.6280009E-02
3.1381000E+02 2.5927000E+02 8.6700000E+00 9.2000000E+01 10 5.5203592E+01 1.4840439E-01 3.3768090E-01 -1.7203196E-03 1.0183585E-02 1.2387089E-02 1.1555955E-02 1.4889636E-03 2.2982769E-04 5.9960239E-03 2.7948579E-04 6.2219794E-03 4.7309889E-02 3.0415913E-02 2.7946204E-04 1.9193841E+00 1.8795681E+01 -2.7309216E-02
3.1381000E+02 2.5927000E+02 8.6700000E+00 9.7000000E+01 10 5.5203437E+01 1.3827955E-01 3.1390729E-01 -2.1922916E-03 8.0999558E-03 1.0409768E-02 9.5984634E-03 1.4534383E-03 1.9322222E-04 4.9298366E-03 2.7281751E-04 5.1676176E-03 4.8393364E-02 2.4191529E-02 2.0944981E-04 1.7229840E+00 1.9030396E+01 -4.1522605E-02
3.1381000E+02 2.5927000E+02 8.6700000E+00 1.0200000E+02 10 5.5195809E+01 1.4134371E-01 3.2160362E-01 -2.8345026E-03 8.2582945E-03 1.0484157E-02 9.6905391E-03 1.4217525E-03 2.0505080E-04 4.9918505E-03 2.6686993E-04 5.2178351E-03 4.9738524E-02 2.4663829E-02 2.2821086E-04 1.7141431E+00 1.9051675E+01 -4.2742713E-02
3.1381000E+02 2.5927000E+02 8.6700000E+00 1.0700000E+02 10 5.5189069E+01 1.4434063E-01 3.2894539E-01 -3.4019448E-03 8.4493945E-03 1.0579080E-02 9.8013516E-03 1.3932871E-03 2.1730256E-04 5.0724839E-03 2.6152684E-04 5.2864568E-03 5.0901419E-02 2.5233840E-02 2.4534382E-04 1.7100265E+00 1.9064582E+01 -4.3502121E-02
3.1381000E+02 2.5927000E+02 8.6700000E+00 1.1200000E+02 10 5.5183889E+01 1.4676655E-01 3.3484741E-01 -3.8298659E-03 8.6159494E-03 1.0669677E-02 9.9063159E-03 1.3675492E-03 2.2840889E-04 5.1420322E-03 2.5669570E-04 5.3457007E-03 5.1795403E-02 2.5730675E-02 2.5943093E-04 1.7081436E+00 1.9072185E+01 -4.3975237E-02
3.1381000E+02 2.5927000E+02 8.6700000E+00 1.1700000E+02 10 5.5180100E+01 1.4860918E-01 3.3932724E-01 -4.1335815E-03 8.7473400E-03 1.0749110E-02 9.9988152E-03 1.3441401E-03 2.3778378E-04 5.1948698E-03 2.5230170E-04 5.3900990E-03 5.2456493E-02 2.6122655E-02 2.7032681E-04 1.7073007E+00 1.9076695E+01 -4.4276281E-02
3.1381000E+02 2.5927000E+02 8.6700000E+00 1.2200000E+02 10 5.5177349E+01 1.4999294E-01 3.4270064E-01 -4.3456810E-03 8.8484642E-03 1.0817753E-02 1.0079408E-02 1.3227332E-03 2.4548358E-04 5.2333610E-03 2.4828353E-04 5.4216752E-03 5.2945087E-02 2.6424375E-02 2.7855638E-04 1.7069648E+00 1.9079407E+01 -4.4472575E-02
3.1381000E+02 2.5927000E+02 8.6700000E+00 1.2400000E+02 10 5.5171742E+01 1.5987003E-01 3.6594785E-01 -4.4179891E-03 1.0499414E-02 1.2284132E-02 1.1550399E-02 1.3144716E-03 2.8971481E-04 6.0593375E-03 2.4673278E-04 6.2238190E-03 5.3181167E-02 3.1354900E-02 3.4952320E-04 1.8227137E+00 1.8952331E+01 -3.5106287E-02
3.1381000E+02 2.5927000E+02 8.6700000E+00 1.2500000E+02 10 5.5169999E+01 1.6271591E-01 3.7290239E-01 -4.4512699E-03 1.0977157E-02 1.2753377E-02 1.2021908E-02 1.3104137E-03 3.0335454E-04 6.2966737E-03 2.4597111E-04 6.4553554E-03 5.3279765E-02 3.2781849E-02 3.6767998E-04 1.8625366E+00 1.8909314E+01 -3.2357046E-02
3.1381000E+02 2.5927000E+02 8.6700000E+00 1.3000000E+02 10 5.5174949E+01 1.5030449E-01 3.4423032E-01 -4.5654611E-03 8.7870513E-03 1.0820516E-02 1.0099896E-02 1.2909794E-03 2.5177873E-04 5.1830758E-03 2.4232318E-04 5.3659771E-03 5.3491929E-02 2.6240677E-02 2.7589770E-04 1.6970004E+00 1.9093232E+01 -4.5583491E-02
3.1381000E+02 2.5927000E+02 8.6700000E+00 1.3100000E+02 10 5.5168252E+01 1.6338426E-01 3.7481660E-01 -4.5865767E-03 1.1004784E-02 1.2799970E-02 1.2081399E-02 1.2873068E-03 3.1002295E-04 6.2963702E-03 2.4163382E-04 6.4504884E-03 5.3643636E-02 3.2864393E-02 3.7785568E-04 1.8586711E+00 1.8913938E+01 -3.2714537E-02
3.1381000E+02 2.5927000E+02 8.6700000E+00 1.3200000E+02 10 5.5168018E+01 1.6342724E-01 3.7493479E-01 -4.6062381E-03 1.0997975E-02 1.2794590E-02 1.2078049E-02 1.2836713E-03 3.0993313E-04 6.2912695E-03 2.4095141E-04 6.4435172E-03 5.3691793E-02 3.2843707E-02 3.7178184E-04 1.8570023E+00 1.8917010E+01 -3.2841267E-02
3.1381000E+02 2.5927000E+02 8.6700000E+00 1.3700000E+02 10 5.5167256E+01 1.5235796E-01 3.5035360E-01 -5.7183459E-03 8.8143924E-03 1.0862871E-02 1.0156216E-02 1.2659599E-03 2.5708206E-04 5.1819904E-03 2.3762691E-04 5.3587516E-03 5.5043251E-02 2.6322055E-02 2.7942805E-04 1.6845952E+00 1.9084641E+01 -4.7335933E-02
3.1381000E+02 2.5927000E+02 8.6700000E+00 1.4200000E+02 10 5.5157330E+01 1.5601163E-01 3.5984970E-01 -7.2027351E-03 9.0257661E-03 1.0982738E-02 1.0285384E-02 1.2492984E-03 2.5751243E-04 5.2797343E-03 2.3449945E-04 5.4471663E-03 5.6900226E-02 2.6952799E-02 2.8266009E-04 1.6798624E+00 1.9050854E+01 -4.8485275E-02
3.1381000E+02 2.5927000E+02 8.6700000E+00 1.4700000E+02 10 5.5148258E+01 1.5964712E-01 3.6901507E-01 -8.5347717E-03 9.2671726E-03 1.1119761E-02 1.0431103E-02 1.2337196E-03 2.5221643E-04 5.3936268E-03 2.3157524E-04 5.5506959E-03 5.8550465E-02 2.7673045E-02 2.7355072E-04 1.6782718E+00 1.9006151E+01 -4.9247269E-02
3.1381000E+02 2.5927000E+02 8.6700000E+00 1.5200000E+02 10 5.5141163E+01 1.6259046E-01 3.7636035E-01 -9.5612570E-03 9.4709300E-03 1.1242130E-02 1.0561619E-02 1.2191241E-03 2.4338873E-04 5.4888377E-03 2.2883558E-04 5.6369623E-03 5.9823295E-02 2.8280975E-02 2.5678627E-04 1.6777803E+00 1.8957987E+01 -4.9755544E-02
3.1381000E+02 2.5927000E+02 8.6700000E+00 1.5700000E+02 10 5.5135924E+01 1.6481143E-01 3.8187741E-01 -1.0306811E-02 9.6273792E-03 1.1342910E-02 1.0670058E-02 1.2054036E-03 2.3338664E-04 5.5603705E-03 2.2626018E-04 5.7012363E-03 6.0755283E-02 2.8747784E-02 2.3711484E-04 1.6776458E+00 1.8911476E+01 -5.0099705E-02
3.1381000E+02 2.5927000E+02 8.6700000E+00 1.6200000E+02 10 5.5132105E+01 1.6646234E-01 3.8596977E-01 -1.0839778E-02 9.7449074E-03 1.1424625E-02 1.0758995E-02 1.1924644E-03 2.2375363E-04 5.6124739E-03 2.2383144E-04 5.7474499E-03 6.1431655E-02 2.9098486E-02 2.1775627E-04 1.6776420E+00 1.8870606E+01 -5.0336017E-02
3.1381000E+02 2.5927000E+02 8.6700000E+00 1.6700000E+02 10 5.5129296E+01 1.6770119E-01 3.8904063E-01 -1.1222840E-02 9.8338911E-03 1.1491655E-02 1.0832856E-02 1.1802264E-03 2.1524941E-04 5.6504100E-03 2.2153429E-04 5.7805143E-03 6.1928822E-02 2.9364029E-02 2.0041297E-04 1.6776992E+00 1.8838175E+01 -5.0500830E-02
3.1381000E+02 2.5927000E+02 8.6700000E+00 1.6800000E+02 10 5.5122054E+01 1.8144059E-01 4.2037920E-01 -1.1293938E-02 1.2115062E-02 1.3454855E-02 1.2797408E-02 1.1778062E-03 2.3665255E-04 6.7983214E-03 2.2108001E-04 6.8948813E-03 6.2043546E-02 3.6176591E-02 2.3837480E-04 1.8243819E+00 1.8602471E+01 -3.7441736E-02
3.1381000E+02 2.5927000E+02 8.6700000E+00 1.6900000E+02 10 5.5121660E+01 1.8146265E-01 4.2049655E-01 -1.1359976E-02 1.2100069E-02 1.3442422E-02 1.2786311E-02 1.1754128E-03 2.3633452E-04 6.7898822E-03 2.2063077E-04 6.8848581E-03 6.2128050E-02 3.6131432E-02 2.3082117E-04 1.8220765E+00 1.8604986E+01 -3.7645955E-02
3.1381000E+02 2.5927000E+02 8.6700000E+00 1.7400000E+02 10 5.5134000E+01 1.6141319E-01 3.8451401E-01 -1.5292084E-02 9.7112873E-03 1.1436453E-02 1.0786684E-02 1.1640507E-03 2.0466914E-04 5.5786887E-03 2.1849803E-04 5.7075489E-03 6.1215396E-02 2.8997730E-02 1.7444149E-04 1.7306134E+00 1.8762417E+01 -4.5624993E-02
3.1381000E+02 2.5927000E+02 8.6700000E+00 1.7500000E+02 10 5.5129481E+01 1.7180577E-01 4.1166283E-01 -1.6229404E-02 1.1753222E-02 1.3378019E-02 1.2729505E-02 1.1618019E-03 2.2249312E-04 6.6018605E-03 2.1807593E-04 6.7101945E-03 6.1002737E-02 3.5097650E-02 2.0821580E-04 1.9029854E+00 1.8492738E+01 -3.2049942E-02
3.1381000E+02 2.5927000E+02 8.6700000E+00 1.7600000E+02 10 5.5131523E+01 1.6931328E-01 4.0907734E-01 -1.7297267E-02 1.1636123E-02 1.3352201E-02 1.2704929E-02 1.1595763E-03 2.2103302E-04 6.5402125E-03 2.1765817E-04 6.6526224E-03 6.0720857E-02 3.4748395E-02 2.0172751E-04 1.9205975E+00 1.8479950E+01 -3.0942366E-02
3.1381000E+02 2.5927000E+02 8.6700000E+00 1.8100000E+02 10 5.5087916E+01 1.6362360E-01 4.1392349E-01 -2.7141771E-02 9.1841344E-03 1.1354030E-02 1.0712677E-02 1.1489718E-03 1.8982566E-04 5.2958502E-03 2.1566766E-04 5.4472626E-03 7.0189444E-02 2.7426907E-02 1.5286806E-04 1.6825565E+00 1.8799863E+01 -5.4146702E-02
3.1381000E+02 2.5927000E+02 8.6700000E+00 1.8600000E+02 10 5.5012126E+01 1.8248100E-01 4.7204861E-01 -3.7566465E-02 9.3844504E-03 1.1408378E-02 1.0772680E-02 1.1388413E-03 1.8660258E-04 5.3936831E-03 2.1376611E-04 5.5334988E-03 8.4107771E-02 2.8023968E-02 1.5025088E-04 1.5883073E+00 1.8883185E+01 -7.0878772E-02
3.1381000E+02 2.5927000E+02 8.6700000E+00 1.9100000E+02 10 5.4940977E+01 2.0371565E-01 5.3021828E-01 -4.6239747E-02 9.9642320E-03 1.1495928E-02 1.0865645E-02 1.1291405E-03 1.9062802E-04 5.6907387E-03 2.1194522E-04 5.7962950E-03 9.6888204E-02 2.9750845E-02 1.5178846E-04 1.5246247E+00 1.8939349E+01 -8.5508035E-02
3.1381000E+02 2.5927000E+02 8.6700000E+00 1.9600000E+02 10 5.4884942E+01 2.2211264E-01 5.7801310E-01 -5.2737958E-02 1.0634554E-02 1.1582868E-02 1.0957783E-02 1.1198305E-03 1.9776629E-04 6.0360550E-03 2.1019769E-04 6.1007759E-03 1.0680272E-01 3.1747050E-02 1.5434808E-04 1.4863990E+00 1.8972841E+01 -9.6181646E-02
3.1381000E+02 2.5927000E+02 8.6700000E+00 2.0100000E+02 10 5.4843747E+01 2.3652054E-01 6.1433108E-01 -5.7416696E-02 1.1252341E-02 1.1660418E-02 1.1040330E-02 1.1108768E-03 2.0561339E-04 6.3544566E-03 2.0851704E-04 6.3806768E-03 1.1400745E-01 3.3586725E-02 1.5662721E-04 1.4639825E+00 1.8992421E+01 -1.0343566E-01
3.1381000E+02 2.5927000E+02 8.6700000E+00 2.0600000E+02 10 5.4814090E+01 2.4738968E-01 6.4122135E-01 -6.0761870E-02 1.1773659E-02 1.1729301E-02 1.1114029E-02 1.1022491E-03 2.1309440E-04 6.6226593E-03 2.0689758E-04 6.6158605E-03 1.1914622E-01 3.5139178E-02 1.5833489E-04 1.4508176E+00 1.9003883E+01 -1.0825238E-01
3.1381000E+02 2.5927000E+02 8.6700000E+00 2.1100000E+02 10 5.4792690E+01 2.5552474E-01 6.6111479E-01 -6.3176629E-02 1.2198118E-02 1.1792143E-02 1.1181520E-02 1.0939207E-03 2.1980510E-04 6.8402680E-03 2.0533430E-04 6.8063205E-03 1.2282675E-01 3.6403290E-02 1.5951879E-04 1.4430278E+00 1.9010623E+01 -1.1145087E-01
3.1381000E+02 2.5927000E+02 8.6700000E+00 2.1600000E+02 10 5.4777033E+01 2.6165340E-01 6.7600301E-01 -6.4950989E-02 1.2539775E-02 1.1851107E-02 1.1244979E-02 1.0858683E-03 2.2566127E-04 7.0145107E-03 2.0382282E-04 6.9586955E-03 1.2550393E-01 3.7420919E-02 1.6030072E-04 1.4383911E+00 1.9014592E+01 -1.1359961E-01
3.1381000E+02 2.5927000E+02 8.6700000E+00 2.2100000E+02 10 5.4765354E+01 2.6633412E-01 6.8734304E-01 -6.6283050E-02 1.2815088E-02 1.1907533E-02 1.1305757E-02 1.0780714E-03 2.3072471E-04 7.1539252E-03 2.0235931E-04 7.0806847E-03 1.2749231E-01 3.8241054E-02 1.6079694E-04 1.4356338E+00 1.9016908E+01 -1.1506802E-01
3.1381000E+02 2.5927000E+02 8.6700000E+00 2.2600000E+02 10 5.4756451E+01 2.6997056E-01 6.9615704E-01 -6.7305994E-02 1.3038681E-02 1.1962125E-02 1.1364568E-02 1.0705122E-03 2.3510947E-04 7.2661372E-03 2.0094040E-04 7.1790899E-03 1.2900359E-01 3.8907226E-02 1.6109627E-04 1.4340163E+00 1.9018231E+01 -1.1609121E-01
3.1381000E+02 2.5927000E+02 8.6700000E+00 2.3100000E+02 10 5.4749513E+01 2.7284752E-01 7.0315193E-01 -6.8109398E-02 1.3222277E-02 1.2015184E-02 1.1421723E-02 1.0631748E-03 2.3893399E-04 7.3573057E-03 1.9956314E-04 7.2593136E-03 1.3017956E-01 3.9454324E-02 1.6126712E-04 1.4331005E+00 1.9018941E+01 -1.1681895E-01
3.1381000E+02 2.5927000E+02 8.6700000E+00 2.3600000E+02 10 5.4743989E+01 2.7516476E-01 7.0881623E-01 -6.8754013E-02 1.3374850E-02 1.2066786E-02 1.1477305E-02 1.0560457E-03 2.4229786E-04 7.4321804E-03 1.9822496E-04 7.3254519E-03 1.3111571E-01 3.9909052E-02 1.6135101E-04 1.4326206E+00 1.9019282E+01 -1.1734765E-01
3.1381000E+02 2.5927000E+02 8.6700000E+00 2.4100000E+02 10 5.4739501E+01 2.7706316E-01 7.1349003E-01 -6.9281551E-02 1.3503152E-02 1.2116889E-02 1.1531278E-02 1.0491127E-03 2.4527792E-04 7.4943518E-03 1.9692361E-04 7.3805692E-03 1.3187706E-01 4.0291506E-02 1.6138135E-04 1.4324120E+00 1.9019391E+01 -1.1774023E-01
3.1381000E+02 2.5927000E+02 8.6700000E+00 2.4600000E+02 10 5.4735787E+01 2.7864308E-01 7.1741289E-01 -6.9721070E-02 1.3612262E-02 1.2165404E-02 1.1583559E-02 1.0423652E-03 2.4792919E-04 7.5465235E-03 1.9565708E-04 7.4269651E-03 1.3250850E-01 4.0616803E-02 1.6138431E-04 1.4323716E+00 1.9019359E+01 -1.1803827E-01
3.1381000E+02 2.5927000E+02 8.6700000E+00 2.5100000E+02 10 5.4732661E+01 2.7997693E-01 7.2075596E-01 -7.0093131E-02 1.3706021E-02 1.2212238E-02 1.1634061E-02 1.0357940E-03 2.5029448E-04 7.5907368E-03 1.9442364E-04 7.4663794E-03 1.3304146E-01 4.0896371E-02 1.6136562E-04 1.4324338E+00 1.9019255E+01 -1.1826967E-01
3.1381000E+02 2.5927000E+02 8.6700000E+00 2.5600000E+02 10 5.4729991E+01 2.8111764E-01 7.2364336E-01 -7.0412527E-02 1.3787354E-02 1.2257316E-02 1.1682714E-02 1.0293908E-03 2.5241167E-04 7.6285443E-03 1.9322172E-04 7.5001386E-03 1.3349834E-01 4.1138916E-02 1.6133767E-04 1.4325567E+00 1.9019107E+01 -1.1845335E-01
3.1381000E+02 2.5927000E+02 8.6700000E+00 2.6100000E+02 10 5.4727682E+01 2.8210450E-01 7.2616660E-01 -7.0690082E-02 1.3858515E-02 1.2300592E-02 1.1729474E-02 1.0231483E-03 2.5431119E-04 7.6611390E-03 1.9204997E-04 7.5292671E-03 1.3389533E-01 4.1351149E-02 1.6130898E-04 1.4327133E+00 1.9018932E+01 -1.1860234E-01
3.1381000E+02 2.5927000E+02 8.6700000E+00 2.6400000E+02 10 5.4721642E+01 2.9222345E-01 7.4679193E-01 -7.0843484E-02 1.5361523E-02 1.3233565E-02 1.2664506E-02 1.0194591E-03 2.7110524E-04 8.4267564E-03 1.9135749E-04 8.2489991E-03 1.3412155E-01 4.5835273E-02 1.8037919E-04 1.4703111E+00 1.8938735E+01 -1.1088360E-01
3.1381000E+02 2.5927000E+02 8.6700000E+00 2.6500000E+02 10 5.4716490E+01 3.0192134E-01 7.6643836E-01 -7.0893225E-02 1.6828401E-02 1.4173450E-02 1.3605075E-02 1.0182356E-03 2.8535942E-04 9.1743377E-03 1.9112783E-04 8.9547233E-03 1.3419892E-01 5.0212216E-02 1.9846988E-04 1.5102617E+00 1.8834430E+01 -1.0310191E-01
3.1381000E+02 2.5927000E+02 8.6700000E+00 2.7000000E+02 10 5.4723776E+01 2.8492948E-01 7.3298362E-01 -7.1073045E-02 1.4204347E-02 1.2567433E-02 1.2001486E-02 1.0138851E-03 2.6427124E-04 7.8316943E-03 1.9031122E-04 7.6886019E-03 1.3444278E-01 4.2382916E-02 1.6193729E-04 1.4396875E+00 1.9010239E+01 -1.1737699E-01
3.1381000E+02 2.5927000E+02 8.6700000E+00 2.7500000E+02 10 5.4720893E+01 2.8851164E-01 7.4059061E-01 -7.1242049E-02 1.4703176E-02 1.2903653E-02 1.2340465E-02 1.0089412E-03 2.6901562E-04 8.0828848E-03 1.8938323E-04 7.9252575E-03 1.3468811E-01 4.3871396E-02 1.6855759E-04 1.4515651E+00 1.8985220E+01 -1.1498756E-01
3.1381000E+02 2.5927000E+02 8.6700000E+00 2.8000000E+02 10 5.4718343E+01 2.9151416E-01 7.4710563E-01 -7.1403889E-02 1.5118783E-02 1.3203803E-02 1.2643823E-02 1.0031942E-03 2.7416046E-04 8.2908332E-03 1.8830449E-04 8.1215431E-03 1.3492482E-01 4.5111696E-02 1.7189736E-04 1.4616774E+00 1.8968142E+01 -1.1300303E-01
3.1381000E+02 2.5927000E+02 8.6700000E+00 2.8500000E+02 10 5.4716259E+01 2.9374970E-01 7.5219048E-01 -7.1552901E-02 1.5428548E-02 1.3457441E-02 1.2900603E-02 9.9756545E-04 2.7862149E-04 8.4444265E-03 1.8724794E-04 8.2674643E-03 1.3514301E-01 4.6036382E-02 1.7353056E-04 1.4694308E+00 1.8956902E+01 -1.1151989E-01
3.1381000E+02 2.5927000E+02 8.6700000E+00 2.8900000E+02 10 5.4712628E+01 2.9959192E-01 7.6454181E-01 -7.1663796E-02 1.6307017E-02 1.4076645E-02 1.3522212E-02 9.9325643E-04 2.8902321E-04 8.8891197E-03 1.8643912E-04 8.6882375E-03 1.3530829E-01 4.8657950E-02 1.8244160E-04 1.4929785E+00 1.8910407E+01 -1.0690591E-01
3.1381000E+02 2.5927000E+02 8.6700000E+00 2.9000000E+02 10 5.4705337E+01 3.1388074E-01 7.9372830E-01 -7.1691007E-02 1.8497477E-02 1.5537678E-02 1.4983840E-02 9.9219203E-04 3.0778852E-04 1.0004389E-02 1.8623932E-04 9.7447059E-03 1.3535671E-01 5.5194890E-02 2.0816722E-04 1.5567110E+00 1.8728724E+01 -9.5081732E-02
3.1381000E+02 2.5927000E+02 8.6700000E+00 2.9500000E+02 10 5.4754243E+01 2.8505484E-01 7.2645108E-01 -6.6873884E-02 1.5595645E-02 1.3735105E-02 1.3184087E-02 9.8713975E-04 2.8555881E-04 8.5204913E-03 1.8529099E-04 8.3429591E-03 1.2806725E-01 4.6536033E-02 1.7027904E-04 1.5108157E+00 1.8922194E+01 -1.0059621E-01
3.1381000E+02 2.5927000E+02 8.6700000E+00 3.0000000E+02 10 5.4815534E+01 2.6890135E-01 6.8044767E-01 -5.9444001E-02 1.5479139E-02 1.3859329E-02 1.3311014E-02 9.8229828E-04 2.8359652E-04 8.4526292E-03 1.8438222E-04 8.2897512E-03 1.1684854E-01 4.6191056E-02 1.6997903E-04 1.5731051E+00 1.8855773E+01 -8.5505959E-02
3.1381000E+02 2.5927000E+02 8.6700000E+00 3.0100000E+02 10 5.4820506E+01 2.8140286E-01 7.0463407E-01 -5.7881720E-02 1.7978417E-02 1.5787490E-02 1.5239710E-02 9.8133796E-04 3.0479380E-04 9.7177389E-03 1.8420196E-04 9.5047690E-03 1.1450248E-01 5.3653301E-02 2.0250446E-04 1.6859671E+00 1.8597307E+01 -6.8232874E-02
3.1381000E+02 2.5927000E+02 8.6700000E+00 3.0200000E+02 10 5.4834128E+01 2.7715578E-01 6.9347991E-01 -5.6275738E-02 1.7854651E-02 1.5799147E-02 1.5251899E-02 9.8038518E-04 3.0662813E-04 9.6519010E-03 1.8402312E-04 9.4469838E-03 1.1207699E-01 5.3284979E-02 1.9921065E-04 1.7021448E+00 1.8597606E+01 -6.5411635E-02
3.1381000E+02 2.5927000E+02 8.6700000E+00 3.0300000E+02 10 5.4850014E+01 2.7154977E-01 6.7930793E-01 -5.4447289E-02 1.7605183E-02 1.5756188E-02 1.5205642E-02 9.8629533E-04 3.0697992E-04 9.5256740E-03 1.8513248E-04 9.3346544E-03 1.0929896E-01 5.2541715E-02 1.9495435E-04 1.7171633E+00 1.8600994E+01 -6.2724839E-02
3.1381000E+02 2.5927000E+02 8.6700000E+00 3.0800000E+02 10 5.4921830E+01 2.3387920E-01 5.8897660E-01 -4.7042878E-02 1.4140014E-02 1.3603182E-02 1.3050910E-02 9.8938652E-04 2.7186181E-04 7.7584952E-03 1.8571272E-04 7.6691002E-03 9.8083717E-02 4.2202358E-02 1.5242817E-04 1.6638753E+00 1.8787176E+01 -6.5910762E-02
3.1381000E+02 2.5927000E+02 8.6700000E+00 3.1300000E+02 10 5.4969317E+01 2.1726148E-01 5.4693891E-01 -4.1571738E-02 1.3406264E-02 1.3504267E-02 1.2950515E-02 9.9203703E-04 2.5991027E-04 7.3761361E-03 1.8621023E-04 7.3295631E-03 8.9807183E-02 4.0017337E-02 1.4842967E-04 1.7087939E+00 1.8739121E+01 -5.7839839E-02
3.1381000E+02 2.5927000E+02 8.6700000E+00 3.1800000E+02 10 5.5003590E+01 2.0487188E-01 5.1632060E-01 -3.7651466E-02 1.2830761E-02 1.3485098E-02 1.2929839E-02 9.9473625E-04 2.4941317E-04 7.0754428E-03 1.8671689E-04 7.0650478E-03 8.3873470E-02 3.8303800E-02 1.4468333E-04 1.7444983E+00 1.8700878E+01 -5.2158210E-02
3.1381000E+02 2.5927000E+02 8.6700000E+00 3.2300000E+02 10 5.5028317E+01 1.9544800E-01 4.9369327E-01 -3.4857795E-02 1.2349437E-02 1.3494577E-02 1.2938033E-02 9.9703983E-04 2.3951372E-04 6.8231170E-03 1.8714928E-04 6.8446429E-03 7.9642385E-02 3.6870515E-02 1.4114889E-04 1.7701495E+00 1.8673766E+01 -4.8352385E-02
3.1381000E+02 2.5927000E+02 8.6700000E+00 3.2800000E+02 10 5.5046337E+01 1.8816348E-01 4.7668130E-01 -3.2851998E-02 1.1938425E-02 1.3509729E-02 1.2952174E-02 9.9885000E-04 2.3029363E-04 6.6071972E-03 1.8748906E-04 6.6565112E-03 7.6602479E-02 3.5646292E-02 1.3796530E-04 1.7872853E+00 1.8655913E+01 -4.5867578E-02
3.1381000E+02 2.5927000E+02 8.6700000E+00 3.2900000E+02 10 5.5044020E+01 1.9818721E-01 5.0076098E-01 -3.2479804E-02 1.3844027E-02 1.5402703E-02 1.4844957E-02 9.9919195E-04 2.4546689E-04 7.5628334E-03 1.8755324E-04 7.5952453E-03 7.6053439E-02 4.1339671E-02 1.6669004E-04 1.9387737E+00 1.8378827E+01 -3.3572153E-02
3.1381000E+02 2.5927000E+02 8.6700000E+00 3.3000000E+02 10 5.5047250E+01 1.9668218E-01 4.9736214E-01 -3.2134203E-02 1.3738022E-02 1.5385823E-02 1.4827898E-02 9.9951378E-04 2.4505370E-04 7.5080154E-03 1.8761365E-04 7.5453668E-03 7.5528518E-02 4.1023364E-02 1.6389081E-04 1.9407538E+00 1.8391232E+01 -3.3326975E-02
3.1381000E+02 2.5927000E+02 8.6700000E+00 3.3500000E+02 10 5.5041207E+01 1.8750839E-01 4.7411585E-01 -3.1323157E-02 1.1277626E-02 1.3409498E-02 1.2850940E-02 1.0006469E-03 2.1828180E-04 6.2639680E-03 1.8782634E-04 6.3475295E-03 7.7975128E-02 3.3676002E-02 1.3013224E-04 1.7156782E+00 1.8736819E+01 -5.3072204E-02
3.1381000E+02 2.5927000E+02 8.6700000E+00 3.4000000E+02 10 5.5014680E+01 1.9767076E-01 4.9371298E-01 -3.1030864E-02 1.1295931E-02 1.3395531E-02 1.2836589E-02 1.0013339E-03 2.1486194E-04 6.2751480E-03 1.8795530E-04 6.3549607E-03 8.2829376E-02 3.3729592E-02 1.3287175E-04 1.6380413E+00 1.8810081E+01 -6.3141130E-02
3.1381000E+02 2.5927000E+02 8.6700000E+00 3.4500000E+02 10 5.4987365E+01 2.0984969E-01 5.1676338E-01 -3.0921685E-02 1.1621097E-02 1.3414324E-02 1.2855231E-02 1.0016058E-03 2.1702081E-04 6.4471962E-03 1.8800634E-04 6.5044379E-03 8.7616994E-02 3.4697044E-02 1.3742279E-04 1.5836174E+00 1.8861261E+01 -7.1590259E-02
3.1381000E+02 2.5927000E+02 8.6700000E+00 3.5000000E+02 10 5.4965019E+01 2.2074800E-01 5.3701608E-01 -3.0846817E-02 1.2038197E-02 1.3439244E-02 1.2880212E-02 1.0014961E-03 2.2193696E-04 6.6674942E-03 1.8798574E-04 6.6960401E-03 9.1428140E-02 3.5938256E-02 1.4195303E-04 1.5492681E+00 1.8893615E+01 -7.7648153E-02
3.1381000E+02 2.5927000E+02 8.6700000E+00 3.5500000E+02 10 5.4948393E+01 2.2943108E-01 5.5287499E-01 -3.0763049E-02 1.2434984E-02 1.3460510E-02 1.2901733E-02 1.0010407E-03 2.2777553E-04 6.8770735E-03 1.8790027E-04 6.8778307E-03 9.4202720E-02 3.7119070E-02 1.4572945E-04 1.5281742E+00 1.8913636E+01 -8.1706721E-02
3.1381000E+02 2.5927000E+02 8.6700000E+00 3.6000000E+02 10 5.4936499E+01 2.3601912E-01 5.6470942E-01 -3.0666603E-02 1.2772294E-02 1.3476735E-02 1.2918383E-02 1.0002776E-03 2.3357747E-04 7.0553048E-03 1.8775703E-04 7.0317959E-03 9.6150285E-02 3.8122929E-02 1.4865796E-04 1.5152274E+00 1.8926034E+01 -8.4353439E-02
3.1381000E+02 2.5927000E+02 8.6700000E+00 3.6500000E+02 10 5.4928092E+01 2.4092921E-01 5.7339182E-01 -3.0563661E-02 1.3045230E-02 1.3489118E-02 1.2931343E-02 9.9924477E-04 2.3890981E-04 7.1995522E-03 1.8756316E-04 7.1557877E-03 9.7503059E-02 3.8935261E-02 1.5087114E-04 1.5071974E+00 1.8933776E+01 -8.6069225E-02
3.1381000E+02 2.5927000E+02 8.6700000E+00 3.7000000E+02 10 5.4922139E+01 2.4458089E-01 5.7975453E-01 -3.0460606E-02 1.3261444E-02 1.3499128E-02 1.2942059E-02 9.9797936E-04 2.4360858E-04 7.3138000E-03 1.8732563E-04 7.2534300E-03 9.8445750E-02 3.9578829E-02 1.5251862E-04 1.5021372E+00 1.8938688E+01 -8.7187932E-02
3.1381000E+02 2.5927000E+02 8.6700000E+00 3.7500000E+02 10 5.4917883E+01 2.4731424E-01 5.8445276E-01 -3.0361813E-02 1.3431587E-02 1.3507864E-02 1.2951611E-02 9.9651646E-04 2.4764537E-04 7.4036511E-03 1.8705104E-04 7.3296837E-03 9.9109956E-02 4.0085313E-02 1.5374138E-04 1.4988868E+00 1.8941866E+01 -8.7926631E-02
3.1381000E+02 2.5927000E+02 8.6700000E+00 3.8000000E+02 10 5.4914796E+01 2.4938353E-01 5.8796615E-01 -3.0269754E-02 1.3565689E-02 1.3516011E-02 1.2960668E-02 9.9488846E-04 2.5105912E-04 7.4744020E-03 1.8674546E-04 7.3892028E-03 9.9585411E-02 4.0484552E-02 1.5465184E-04 1.4967537E+00 1.8943962E+01 -8.8422847E-02
3.1381000E+02 2.5927000E+02 8.6700000E+00 3.8500000E+02 10 5.4912518E+01 2.5097248E-01 5.9063539E-01 -3.0185548E-02 1.3672081E-02 1.3523944E-02 1.2969585E-02 9.9312464E-04 2.5392009E-04 7.5304503E-03 1.8641438E-04 7.4358568E-03 9.9932322E-02 4.0801330E-02 1.5533330E-04 1.4953203E+00 1.8945380E+01 -8.8763109E-02
3.1381000E+02 2.5927000E+02 8.6700000E+00 3.9000000E+02 10 5.4910805E+01 2.5221221E-01 5.9269980E-01 -3.0109474E-02 1.3757313E-02 1.3531833E-02 1.2978520E-02 9.9125105E-04 2.5630981E-04 7.5752507E-03 1.8606270E-04 7.4726949E-03 1.0019096E-01 4.1055129E-02 1.5584619E-04 1.4943320E+00 1.8946369E+01 -8.9001976E-02
3.1381000E+02 2.5927000E+02 8.6700000E+00 3.9500000E+02 10 5.4909489E+01 2.5319596E-01 5.9432720E-01 -3.0041320E-02 1.3826393E-02 1.3539730E-02 1.2987511E-02 9.8929055E-04 2.5830883E-04 7.6114437E-03 1.8569470E-04 7.5020549E-03 1.0038836E-01 4.1260851E-02 1.5623659E-04 1.4936312E+00 1.8947073E+01 -8.9174113E-02
3.1381000E+02 2.5927000E+02 8.6700000E+00 4.0000000E+02 10 5.4908456E+01 2.5399024E-01 5.9563555E-01 -2.9980613E-02 1.3883099E-02 1.3547619E-02 1.2996532E-02 9.8726296E-04 2.5998808E-04 7.6410230E-03 1.8531411E-04 7.5257041E-03 1.0054278E-01 4.1429739E-02 1.5653552E-04 1.4931192E+00 1.8947592E+01 -8.9301771E-02
3.1381000E+02 2.5927000E+02 8.6700000E+00 4.0500000E+02 10 5.4907627E+01 2.5464269E-01 5.9670827E-01 -2.9926760E-02 1.3930271E-02 1.3555450E-02 1.3005523E-02 9.8518533E-04 2.6140877E-04 7.6654900E-03 1.8492413E-04 7.5449688E-03 1.0066667E-01 4.1570241E-02 1.5676622E-04 1.4927330E+00 1.8947987E+01 -8.9399385E-02
3.1381000E+02 2.5927000E+02 8.6700000E+00 4.1000000E+02 10 5.4906947E+01 2.5518774E-01 5.9760477E-01 -2.9879123E-02 1.3970039E-02 1.3563162E-02 1.3014414E-02 9.8307218E-04 2.6262114E-04 7.6859766E-03 1.8452748E-04 7.5608425E-03 1.0076858E-01 4.1688695E-02 1.5694575E-04 1.4924321E+00 1.8948299E+01 -8.9476426E-02
3.1381000E+02 2.5927000E+02 8.6700000E+00 4.1200000E+02 10 5.4899983E+01 2.6887643E-01 6.2560743E-01 -2.9861021E-02 1.6085951E-02 1.4935302E-02 1.4387029E-02 9.8222210E-04 2.8399356E-04 8.7662117E-03 1.8436792E-04 8.5784279E-03 1.0081636E-01 4.8002649E-02 1.8441693E-04 1.5627594E+00 1.8797437E+01 -7.8210819E-02
3.1381000E+02 2.5927000E+02 8.6700000E+00 4.1700000E+02 10 5.4906777E+01 2.5459309E-01 5.9635095E-01 -2.9821104E-02 1.3839000E-02 1.3485373E-02 1.2938297E-02 9.8007825E-04 2.6436369E-04 7.6188095E-03 1.8396551E-04 7.4936807E-03 1.0088516E-01 4.1297453E-02 1.5333925E-04 1.4868812E+00 1.8961343E+01 -9.0461804E-02
3.1381000E+02 2.5927000E+02 8.6700000E+00 4.2200000E+02 10 5.4906308E+01 2.5499428E-01 5.9696356E-01 -2.9785934E-02 1.3867353E-02 1.3482657E-02 1.2936783E-02 9.7792534E-04 2.6382561E-04 7.6331531E-03 1.8356140E-04 7.5043473E-03 1.0095552E-01 4.1381905E-02 1.5509775E-04 1.4865790E+00 1.8958288E+01 -9.0527818E-02
3.1381000E+02 2.5927000E+02 8.6700000E+00 4.2700000E+02 10 5.4905740E+01 2.5566042E-01 5.9809296E-01 -2.9754969E-02 1.3937793E-02 1.3503491E-02 1.2958819E-02 9.7577141E-04 2.6445857E-04 7.6691751E-03 1.8315709E-04 7.5350352E-03 1.0101762E-01 4.1591846E-02 1.5626073E-04 1.4876593E+00 1.8955137E+01 -9.0355636E-02
3.1381000E+02 2.5927000E+02 8.6700000E+00 4.2900000E+02 10 5.4898766E+01 2.6949041E-01 6.2631464E-01 -2.9743222E-02 1.6076225E-02 1.4878170E-02 1.4333979E-02 9.7491015E-04 2.8583554E-04 8.7613305E-03 1.8299543E-04 8.5629590E-03 1.0105142E-01 4.7972868E-02 1.8424499E-04 1.5581601E+00 1.8804151E+01 -7.8958211E-02
3.1381000E+02 2.5927000E+02 8.6700000E+00 4.3000000E+02 10 5.4896618E+01 2.7371642E-01 6.3500437E-01 -2.9737505E-02 1.6727967E-02 1.5321335E-02 1.4777383E-02 9.7447965E-04 2.9369252E-04 9.0937505E-03 1.8291462E-04 8.8765380E-03 1.0106528E-01 4.9917824E-02 1.9075107E-04 1.5817939E+00 1.8748845E+01 -7.5446962E-02
3.1381000E+02 2.5927000E+02 8.6700000E+00 4.3500000E+02 10 5.4905018E+01 2.5697728E-01 6.0092611E-01 -2.9695410E-02 1.4147479E-02 1.3672055E-02 1.3124356E-02 9.8119331E-04 2.7228721E-04 7.7810343E-03 1.8417481E-04 7.6386521E-03 1.0102426E-01 4.2217182E-02 1.5584855E-04 1.4942264E+00 1.8948728E+01 -8.9238371E-02
3.1381000E+02 2.5927000E+02 8.6700000E+00 4.3600000E+02 10 5.4895798E+01 2.7552623E-01 6.3888396E-01 -2.9687220E-02 1.7022160E-02 1.5569940E-02 1.5021524E-02 9.8247872E-04 2.9676531E-04 9.2484242E-03 1.8441609E-04 9.0252489E-03 1.0103310E-01 5.0796209E-02 1.9482591E-04 1.5935636E+00 1.8709319E+01 -7.3734697E-02
3.1381000E+02 2.5927000E+02 8.6700000E+00 4.3700000E+02 10 5.4896537E+01 2.7567335E-01 6.3881665E-01 -2.9486780E-02 1.7066503E-02 1.5603109E-02 1.5054249E-02 9.8327465E-04 3.0058060E-04 9.2720984E-03 1.8456549E-04 9.0465527E-03 1.0086770E-01 5.0928262E-02 1.9305174E-04 1.5957622E+00 1.8717780E+01 -7.3355967E-02
3.1381000E+02 2.5927000E+02 8.6700000E+00 4.3800000E+02 10 5.4899261E+01 2.7537536E-01 6.3704666E-01 -2.8866737E-02 1.7088414E-02 1.5626646E-02 1.5077450E-02 9.8387475E-04 3.0333588E-04 9.2840133E-03 1.8467813E-04 9.0571239E-03 1.0034828E-01 5.0993451E-02 1.9182710E-04 1.5981765E+00 1.8722269E+01 -7.2792844E-02
3.1381000E+02 2.5927000E+02 8.6700000E+00 4.4300000E+02 10 5.4957675E+01 2.5160538E-01 5.6676944E-01 -1.7730351E-02 1.4591936E-02 1.4029088E-02 1.3483026E-02 9.7826160E-04 2.8086792E-04 8.0059516E-03 1.8362451E-04 7.8505535E-03 9.0985758E-02 4.3543554E-02 1.5942546E-04 1.5303935E+00 1.8904464E+01 -7.8429804E-02
3.1381000E+02 2.5927000E+02 8.6700000E+00 4.4400000E+02 10 5.4960331E+01 2.6733618E-01 5.9463055E-01 -1.5227395E-02 1.7321662E-02 1.5934726E-02 1.5389051E-02 9.7756861E-04 3.0323941E-04 9.3951525E-03 1.8349444E-04 9.1694493E-03 8.8892668E-02 5.1691430E-02 1.9590869E-04 1.6452022E+00 1.8642623E+01 -6.1773978E-02
3.1381000E+02 2.5927000E+02 8.6700000E+00 4.4500000E+02 10 5.4972671E+01 2.6553083E-01 5.8577277E-01 -1.2498380E-02 1.7342584E-02 1.5982250E-02 1.5436795E-02 9.7717410E-04 3.0602949E-04 9.4051552E-03 1.8342038E-04 9.1797047E-03 8.6592026E-02 5.1753982E-02 1.9412619E-04 1.6548236E+00 1.8644072E+01 -5.9689934E-02
3.1381000E+02 2.5927000E+02 8.6700000E+00 4.5000000E+02 10 5.5036454E+01 2.4233577E-01 5.1409382E-01 -4.0831929E-05 1.5087906E-02 1.4545197E-02 1.4000989E-02 9.7493903E-04 2.8683613E-04 8.2522366E-03 1.8300085E-04 8.0925383E-03 7.6082401E-02 4.5025443E-02 1.6469493E-04 1.5910704E+00 1.8827967E+01 -6.3040261E-02
3.1381000E+02 2.5927000E+02 8.6700000E+00 4.5300000E+02 10 5.5063588E+01 2.4622410E-01 5.0975535E-01 6.8935605E-03 1.6493905E-02 1.5696708E-02 1.5153278E-02 9.7354516E-04 2.9897239E-04 8.9625262E-03 1.8273922E-04 8.7764911E-03 7.0247687E-02 4.9223863E-02 1.8242265E-04 1.6821793E+00 1.8671706E+01 -5.0206766E-02
3.1381000E+02 2.5927000E+02 8.6700000E+00 4.5400000E+02 10 5.5070173E+01 2.5187998E-01 5.1816113E-01 9.1370933E-03 1.7666855E-02 1.6690548E-02 1.6147423E-02 9.7299878E-04 3.0793374E-04 9.5547762E-03 1.8263666E-04 9.3484681E-03 6.8363507E-02 5.2726810E-02 1.9517617E-04 1.7629570E+00 1.8498347E+01 -4.1904540E-02
3.1381000E+02 2.5927000E+02 8.6700000E+00 4.5900000E+02 10 5.5125223E+01 2.2710635E-01 4.4710284E-01 1.9348347E-02 1.4884456E-02 1.4833395E-02 1.4293154E-02 9.6783266E-04 2.8178686E-04 8.1314215E-03 1.8166695E-04 8.0034609E-03 5.9775931E-02 4.4422270E-02 1.6046284E-04 1.6444713E+00 1.8778181E+01 -4.9870093E-02
3.1381000E+02 2.5927000E+02 8.6700000E+00 4.6400000E+02 10 5.5161162E+01 2.1953522E-01 4.1770182E-01 2.7045707E-02 1.4579892E-02 1.4845810E-02 1.4307934E-02 9.6359451E-04 2.7372092E-04 7.9668215E-03 1.8087143E-04 7.8609025E-03 5.3320624E-02 4.3515354E-02 1.5911900E-04 1.6585778E+00 1.8762222E+01 -4.5798584E-02
3.1381000E+02 2.5927000E+02 8.6700000E+00 4.6900000E+02 10 5.5187761E+01 2.1387931E-01 3.9598990E-01 3.2741706E-02 1.4352190E-02 1.4880863E-02 1.4344671E-02 9.6057967E-04 2.6641141E-04 7.8437622E-03 1.8030553E-04 7.7544975E-03 4.8548805E-02 4.2837234E-02 1.5800360E-04 1.6704855E+00 1.8748433E+01 -4.2758275E-02
3.1381000E+02 2.5927000E+02 8.6700000E+00 4.7400000E+02 10 5.5207609E+01 2.0948917E-01 3.7959150E-01 3.6979648E-02 1.4157593E-02 1.4915385E-02 1.4380671E-02 9.5793122E-04 2.5968956E-04 7.7392138E-03 1.7980840E-04 7.6627538E-03 4.5006694E-02 4.2257530E-02 1.5684955E-04 1.6789863E+00 1.8738745E+01 -4.0600525E-02
3.1381000E+02 2.5927000E+02 8.6700000E+00 4.7900000E+02 10 5.5222601E+01 2.0599763E-01 3.6695954E-01 4.0167346E-02 1.3983251E-02 1.4940295E-02 1.4406991E-02 9.5540600E-04 2.5351370E-04 7.6464648E-03 1.7933440E-04 7.5793330E-03 4.2350907E-02 4.1737978E-02 1.5566181E-04 1.6842861E+00 1.8732890E+01 -3.9111581E-02
3.1381000E+02 2.5927000E+02 8.6700000E+00 4.8100000E+02 10 5.5223033E+01 2.1455710E-01 3.8462416E-01 4.1297144E-02 1.5566285E-02 1.6306382E-02 1.5773634E-02 9.5440904E-04 2.6402109E-04 8.4468658E-03 1.7914727E-04 8.3496059E-03 4.1420621E-02 4.6465174E-02 1.7666033E-04 1.8147495E+00 1.8512483E+01 -2.9223944E-02
3.1381000E+02 2.5927000E+02 8.6700000E+00 4.8200000E+02 10 5.5224150E+01 2.1673997E-01 3.8901604E-01 4.1828365E-02 1.6011359E-02 1.6750007E-02 1.6217535E-02 9.5391338E-04 2.6649677E-04 8.6710166E-03 1.7905423E-04 8.5668596E-03 4.0981339E-02 4.7794457E-02 1.8123429E-04 1.8632963E+00 1.8426238E+01 -2.6184201E-02
3.1381000E+02 2.5927000E+02 8.6700000E+00 4.8700000E+02 10 5.5241946E+01 1.9896718E-01 3.4600028E-01 4.3993125E-02 1.3327742E-02 1.4685211E-02 1.4154277E-02 9.5116006E-04 2.4268731E-04 7.3092708E-03 1.7853742E-04 7.2601751E-03 3.9177705E-02 3.9781752E-02 1.4717608E-04 1.6624360E+00 1.8771723E+01 -3.9733693E-02
3.1381000E+02 2.5927000E+02 8.6700000E+00 4.9200000E+02 10 5.5250172E+01 1.9629731E-01 3.3732885E-01 4.5666864E-02 1.3087135E-02 1.4537951E-02 1.4008430E-02 9.4862654E-04 2.3605940E-04 7.1860366E-03 1.7806187E-04 7.1411420E-03 3.7801056E-02 3.9063763E-02 1.4714168E-04 1.6539468E+00 1.8778078E+01 -3.9909951E-02
3.1381000E+02 2.5927000E+02 8.6700000E+00 4.9700000E+02 10 5.5256317E+01 1.9479250E-01 3.3156569E-01 4.6980471E-02 1.2979893E-02 1.4450272E-02 1.3921925E-02 9.4652442E-04 2.3187365E-04 7.1317571E-03 1.7766729E-04 7.0859260E-03 3.6724608E-02 3.8743465E-02 1.4745957E-04 1.6516118E+00 1.8778426E+01 -3.9671640E-02
3.1381000E+02 2.5927000E+02 8.6700000E+00 5.0200000E+02 10 5.5261129E+01 1.9377309E-01 3.2728150E-01 4.8033033E-02 1.2918359E-02 1.4390197E-02 1.3862980E-02 9.4450037E-04 2.2896710E-04 7.1006923E-03 1.7728736E-04 7.0529458E-03 3.5867086E-02 3.8559555E-02 1.4760414E-04 1.6510103E+00 1.8777830E+01 -3.9372286E-02
3.1381000E+02 2.5927000E+02 8.6700000E+00 5.0500000E+02 10 5.5260332E+01 1.9991255E-01 3.3995182E-01 4.8587138E-02 1.4004291E-02 1.5234680E-02 1.4708139E-02 9.4328883E-04 2.3753509E-04 7.6522859E-03 1.7705995E-04 7.5775746E-03 3.5424117E-02 4.1801352E-02 1.6245941E-04 1.7301872E+00 1.8651466E+01 -3.2949290E-02
3.1381000E+02 2.5927000E+02 8.6700000E+00 5.0600000E+02 10 5.5258042E+01 2.0595879E-01 3.5344461E-01 4.8763796E-02 1.5046061E-02 1.6117892E-02 1.5591576E-02 9.4288489E-04 2.4457171E-04 8.1794872E-03 1.7698413E-04 8.0843681E-03 3.5286895E-02 4.4912253E-02 1.7566987E-04 1.8225979E+00 1.8487338E+01 -2.6865805E-02
3.1381000E+02 2.5927000E+02 8.6700000E+00 5.1100000E+02 10 5.5269230E+01 1.8975184E-01 3.1589647E-01 4.9538092E-02 1.2426436E-02 1.4040496E-02 1.3515783E-02 9.4001321E-04 2.2281679E-04 6.8500656E-03 1.7644510E-04 6.8087018E-03 3.4654349E-02 3.7090559E-02 1.4063382E-04 1.6253383E+00 1.8818323E+01 -4.1135951E-02
3.1381000E+02 2.5927000E+02 8.6700000E+00 5.1600000E+02 10 5.5272304E+01 1.8877064E-01 3.1218322E-01 5.0181363E-02 1.2313400E-02 1.3885442E-02 1.3362098E-02 9.3756293E-04 2.1940191E-04 6.7927113E-03 1.7598517E-04 6.7502738E-03 3.4144185E-02 3.6752876E-02 1.4170633E-04 1.6186148E+00 1.8822413E+01 -4.1520247E-02
3.1381000E+02 2.5927000E+02 8.6700000E+00 5.2100000E+02 10 5.5274616E+01 1.8849150E-01 3.1007256E-01 5.0724018E-02 1.2296995E-02 1.3791915E-02 1.3269725E-02 9.3549504E-04 2.1783489E-04 6.7850508E-03 1.7559702E-04 6.7384927E-03 3.3715441E-02 3.6703426E-02 1.4269359E-04 1.6172320E+00 1.8821741E+01 -4.1455124E-02
3.1381000E+02 2.5927000E+02 8.6700000E+00 5.2600000E+02 10 5.5276531E+01 1.8837072E-01 3.0851253E-01 5.1190106E-02 1.2300381E-02 1.3726590E-02 1.3205514E-02 9.3349712E-04 2.1697073E-04 6.7871450E-03 1.7522200E-04 6.7367372E-03 3.3350018E-02 3.6713130E-02 1.4327422E-04 1.6171008E+00 1.8820708E+01 -4.1304696E-02
3.1381000E+02 2.5927000E+02 8.6700000E+00 5.3100000E+02 10 5.5278196E+01 1.8824863E-01 3.0715089E-01 5.1595551E-02 1.2301174E-02 1.3673998E-02 1.3154026E-02 9.3152178E-04 2.1634041E-04 6.7875630E-03 1.7485122E-04 6.7341692E-03 3.3034896E-02 3.6715199E-02 1.4353762E-04 1.6169420E+00 1.8820312E+01 -4.1179766E-02
3.1381000E+02 2.5927000E+02 8.6700000E+00 5.3600000E+02 10 5.5279668E+01 1.8810643E-01 3.0590329E-01 5.1951931E-02 1.2296686E-02 1.3628040E-02 1.3109153E-02 9.2957804E-04 2.1579053E-04 6.7850723E-03 1.7448637E-04 6.7293501E-03 3.2760329E-02 3.6701579E-02 1.4362703E-04 1.6165385E+00 1.8820464E+01 -4.1095254E-02
3.1381000E+02 2.5927000E+02 8.6700000E+00 5.4100000E+02 10 5.5280978E+01 1.8795620E-01 3.0475702E-01 5.2268022E-02 1.2288775E-02 1.3586424E-02 1.3068598E-02 9.2767785E-04 2.1528095E-04 6.7807315E-03 1.7412969E-04 6.7230672E-03 3.2518895E-02 3.6677786E-02 1.4363318E-04 1.6159506E+00 1.8820945E+01 -4.1042067E-02
3.1381000E+02 2.5927000E+02 8.6700000E+00 5.4600000E+02 10 5.5282149E+01 1.8780983E-01 3.0371014E-01 5.2550617E-02 1.2279390E-02 1.3548206E-02 1.3031412E-02 9.2582794E-04 2.1481036E-04 6.7756035E-03 1.7378246E-04 6.7161904E-03 3.2304863E-02 3.6649614E-02 1.4360349E-04 1.6152670E+00 1.8821586E+01 -4.1009509E-02
3.1381000E+02 2.5927000E+02 8.6700000E+00 5.5100000E+02 10 5.5283200E+01 1.8767385E-01 3.0275806E-01 5.2805058E-02 1.2269752E-02 1.3512885E-02 1.2997094E-02 9.2403072E-04 2.1438613E-04 6.7703475E-03 1.7344511E-04 6.7092723E-03 3.2113754E-02 3.6620701E-02 1.4356048E-04 1.6145495E+00 1.8822283E+01 -4.0989989E-02
3.1381000E+02 2.5927000E+02 8.6700000E+00 5.5600000E+02 10 5.5284147E+01 1.8755112E-01 3.0189352E-01 5.3035603E-02 1.2260511E-02 1.3480107E-02 1.2965290E-02 9.2228602E-04 2.1400926E-04 6.7653110E-03 1.7311762E-04 6.7026062E-03 3.1942013E-02 3.6592980E-02 1.4351302E-04 1.6138337E+00 1.8822996E+01 -4.0978727E-02
3.1381000E+02 2.5927000E+02 8.6700000E+00 5.6100000E+02 10 5.5285004E+01 1.8744208E-01 3.0110791E-01 5.3245685E-02 1.2251957E-02 1.3449575E-02 1.2935703E-02 9.2059227E-04 2.1367853E-04 6.7606504E-03 1.7279970E-04 6.6963221E-03 3.1786788E-02 3.6567319E-02 1.4346598E-04 1.6131375E+00 1.8823694E+01 -4.0972849E-02
3.1381000E+02 2.5927000E+02 8.6700000E+00 5.6600000E+02 10 5.5285783E+01 1.8734612E-01 3.0039249E-01 5.3438110E-02 1.2244185E-02 1.3421026E-02 1.2908073E-02 9.1894724E-04 2.1338999E-04 6.7564117E-03 1.7249092E-04 6.6904627E-03 3.1645757E-02 3.6543995E-02 1.4342080E-04 1.6124688E+00 1.8824368E+01 -4.0970654E-02
3.1381000E+02 2.5927000E+02 8.6700000E+00 5.7100000E+02 10 5.5286494E+01 1.8726205E-01 2.9973905E-01 5.3615198E-02 1.2237189E-02 1.3394229E-02 1.2882168E-02 9.1734839E-04 2.1313893E-04 6.7525903E-03 1.7219080E-04 6.6850235E-03 3.1517008E-02 3.6522992E-02 1.4337812E-04 1.6118296E+00 1.8825012E+01 -4.0971117E-02
3.1381000E+02 2.5927000E+02 8.6700000E+00 5.7600000E+02 10 5.5287146E+01 1.8718862E-01 2.9914014E-01 5.3778885E-02 1.2230917E-02 1.3368977E-02 1.2857784E-02 9.1579314E-04 2.1292077E-04 6.7491531E-03 1.7189888E-04 6.6799817E-03 3.1398949E-02 3.6504153E-02 1.4333783E-04 1.6112195E+00 1.8825628E+01 -4.0973607E-02
3.1381000E+02 2.5927000E+02 8.6700000E+00 5.8100000E+02 10 5.5287746E+01 1.8712477E-01 2.9858945E-01 5.3930806E-02 1.2225315E-02 1.3345089E-02 1.2834741E-02 9.1427892E-04 2.1273132E-04 6.7460716E-03 1.7161465E-04 6.6753093E-03 3.1290240E-02 3.6487318E-02 1.4329980E-04 1.6106371E+00 1.8826217E+01 -4.0977649E-02
3.1381000E+02 2.5927000E+02 8.6700000E+00 5.8200000E+02 10 5.5280728E+01 2.0145011E-01 3.2991741E-01 5.3960732E-02 1.4582984E-02 1.5135057E-02 1.4624877E-02 9.1397770E-04 2.3023840E-04 7.9440235E-03 1.7155811E-04 7.8175766E-03 3.1282839E-02 4.3526276E-02 1.7614108E-04 1.7847096E+00 1.8521515E+01 -2.7867953E-02
3.1381000E+02 2.5927000E+02 8.6700000E+00 5.8700000E+02 10 5.5288789E+01 1.8626415E-01 2.9648981E-01 5.4077768E-02 1.2106402E-02 1.3261264E-02 1.2749474E-02 9.1686222E-04 2.1290086E-04 6.6879720E-03 1.7209955E-04 6.6188912E-03 3.1158951E-02 3.6132079E-02 1.4058635E-04 1.6042191E+00 1.8838147E+01 -4.1512010E-02
3.1381000E+02 2.5927000E+02 8.6700000E+00 5.9200000E+02 10 5.5289315E+01 1.8613969E-01 2.9584631E-01 5.4191328E-02 1.2091111E-02 1.3223289E-02 1.2710742E-02 9.1821954E-04 2.1243635E-04 6.6817371E-03 1.7235432E-04 6.6118296E-03 3.1062947E-02 3.6086364E-02 1.4143745E-04 1.6031200E+00 1.8837142E+01 -4.1569637E-02
3.1381000E+02 2.5927000E+02 8.6700000E+00 5.9700000E+02 10 5.5289660E+01 1.8628356E-01 2.9576552E-01 5.4294061E-02 1.2114987E-02 1.3212171E-02 1.2699004E-02 9.1932910E-04 2.1260927E-04 6.6955321E-03 1.7256259E-04 6.6232051E-03 3.0976866E-02 3.6157450E-02 1.4206888E-04 1.6042676E+00 1.8834533E+01 -4.1425320E-02
3.1381000E+02 2.5927000E+02 8.6700000E+00 6.0200000E+02 10 5.5289972E+01 1.8642179E-01 2.9574106E-01 5.4388887E-02 1.2139326E-02 1.3210479E-02 1.2696830E-02 9.2019469E-04 2.1290175E-04 6.7092693E-03 1.7272507E-04 6.6347760E-03 3.0898502E-02 3.6229963E-02 1.4240166E-04 1.6056059E+00 1.8832353E+01 -4.1268176E-02
3.1381000E+02 2.5927000E+02 8.6700000E+00 6.0700000E+02 10 5.5290291E+01 1.8649233E-01 2.9563327E-01 5.4478094E-02 1.2154486E-02 1.3209667E-02 1.2695680E-02 9.2079821E-04 2.1312053E-04 6.7180207E-03 1.7283835E-04 6.6418790E-03 3.0826255E-02 3.6275128E-02 1.4251453E-04 1.6065229E+00 1.8831023E+01 -4.1153099E-02
3.1381000E+02 2.5927000E+02 8.6700000E+00 6.1200000E+02 10 5.5290617E+01 1.8650689E-01 2.9544314E-01 5.4562958E-02 1.2161457E-02 1.3206911E-02 1.2692711E-02 9.2118060E-04 2.1324623E-04 6.7223858E-03 1.7291013E-04 6.6449440E-03 3.0758910E-02 3.6295880E-02 1.4250973E-04 1.6070013E+00 1.8830354E+01 -4.1080467E-02
3.1381000E+02 2.5927000E+02 8.6700000E+00 6.1700000E+02 10 5.5290942E+01 1.8648807E-01 2.9520043E-01 5.4644318E-02 1.2163132E-02 1.3201722E-02 1.2687407E-02 9.2138590E-04 2.1330174E-04 6.7239252E-03 1.7294867E-04 6.6453324E-03 3.0695549E-02 3.6300831E-02 1.4245307E-04 1.6071615E+00 1.8830111E+01 -4.1038543E-02
3.1381000E+02 2.5927000E+02 8.6700000E+00 6.2200000E+02 10 5.5291261E+01 1.8645288E-01 2.9493061E-01 5.4722787E-02 1.2161834E-02 1.3194361E-02 1.2680012E-02 9.2144736E-04 2.1331223E-04 6.7238713E-03 1.7296020E-04 6.6441604E-03 3.0635480E-02 3.6296909E-02 1.4237834E-04 1.6071159E+00 1.8830120E+01 -4.1016640E-02
3.1381000E+02 2.5927000E+02 8.6700000E+00 6.2700000E+02 10 5.5291570E+01 1.8641179E-01 2.9465031E-01 5.4798829E-02 1.2159052E-02 1.3185258E-02 1.2670942E-02 9.2138854E-04 2.1330048E-04 6.7230031E-03 1.7294916E-04 6.6421574E-03 3.0578181E-02 3.6288552E-02 1.4230059E-04 1.6069434E+00 1.8830282E+01 -4.1007303E-02
3.1381000E+02 2.5927000E+02 8.6700000E+00 6.3200000E+02 10 5.5291870E+01 1.8637053E-01 2.9436915E-01 5.4872792E-02 1.2155652E-02 1.3174821E-02 1.2660595E-02 9.2122680E-04 2.1327937E-04 6.7217701E-03 1.7291880E-04 6.6397558E-03 3.0523255E-02 3.6278339E-02 1.4222691E-04 1.6066944E+00 1.8830530E+01 -4.1005785E-02
3.1381000E+02 2.5927000E+02 8.6700000E+00 6.3700000E+02 10 5.5292159E+01 1.8633190E-01 2.9409229E-01 5.4944933E-02 1.2152103E-02 1.3163390E-02 1.2649305E-02 9.2097586E-04 2.1325575E-04 6.7204166E-03 1.7287170E-04 6.6371990E-03 3.0470399E-02 3.6267678E-02 1.4215938E-04 1.6063998E+00 1.8830825E+01 -4.1009154E-02
3.1381000E+02 2.5927000E+02 8.6700000E+00 6.4200000E+02 10 5.5292438E+01 1.8629708E-01 2.9382221E-01 5.5015441E-02 1.2148642E-02 1.3151237E-02 1.2637335E-02 9.2064732E-04 2.1323144E-04 6.7190651E-03 1.7281003E-04 6.6346160E-03 3.0419376E-02 3.6257277E-02 1.4209764E-04 1.6060785E+00 1.8831154E+01 -4.1015631E-02
3.1381000E+02 2.5927000E+02 8.6700000E+00 6.4700000E+02 10 5.5292708E+01 1.8626626E-01 2.9355984E-01 5.5084450E-02 1.2145375E-02 1.3138571E-02 1.2624890E-02 9.2025143E-04 2.1320829E-04 6.7177749E-03 1.7273572E-04 6.6320662E-03 3.0369999E-02 3.6247447E-02 1.4204215E-04 1.6057415E+00 1.8831499E+01 -4.1024138E-02
3.1381000E+02 2.5927000E+02 8.6700000E+00 6.5000000E+02 10 5.5289382E+01 1.9325081E-01 3.0868304E-01 5.5125341E-02 1.3298086E-02 1.3975213E-02 1.3461677E-02 9.1999172E-04 2.2403524E-04 7.3056598E-03 1.7268697E-04 7.1878062E-03 3.0347665E-02 3.9688142E-02 1.5758711E-04 1.6813485E+00 1.8711750E+01 -3.4680741E-02
