x y z_datum Time Well_no H2O H O Charge Al C Ca Cl Fe K Mg Na S Si U pH pe Alkalinity
3.1381000E+02 2.5927000E+02 8.6700000E+00 0.0000000E+00 10 9.9704301E-01 7.2098600E-06 6.6484776E-04 -3.2324431E-06 0.0000000E+00 1.0067647E-04 6.3262499E-05 4.3211171E-04 0.0000000E+00 2.8240956E-04 5.5605062E-05 2.2967748E-04 1.4127542E-04 0.0000000E+00 0.0000000E+00 7.0300000E+00 1.1068788E+01 7.1999443E-03
3.1381000E+02 2.5927000E+02 8.6700000E+00 5.0000000E+00 10 5.5330735E+01 1.7212898E-02 5.9093789E-02 -3.0614609E-03 0.0000000E+00 7.4569874E-03 1.4042956E-03 1.0843295E-02 0.0000000E+00 6.4259856E-03 2.0353398E-03 8.8879468E-03 9.4369142E-03 0.0000000E+00 0.0000000E+00 2.5531461E+00 1.7810595E+01 -4.4761462E-03
3.1381000E+02 2.5927000E+02 8.6700000E+00 1.0000000E+01 10 5.5314245E+01 2.8644652E-02 9.8441528E-02 -2.7955689E-03 9.5566336E-04 8.1886412E-03 3.3034704E-03 8.7517011E-03 1.4189671E-05 5.6557673E-03 1.6427373E-03 7.6549087E-03 1.7274226E-02 2.8578707E-03 1.3417800E-05 2.0867724E+00 1.8320836E+01 -1.4443220E-02
3.1381000E+02 2.5927000E+02 8.6700000E+00 1.5000000E+01 10 5.5292175E+01 5.2779256E-02 1.4675177E-01 -2.5484575E-03 2.5829157E-03 8.5570408E-03 4.7569261E-03 6.8078413E-03 3.4637754E-05 5.3157167E-03 1.2778653E-03 6.8671324E-03 2.4558201E-02 7.7204752E-03 3.5572533E-05 1.9454904E+00 1.8483242E+01 -2.1351261E-02
3.1381000E+02 2.5927000E+02 8.6700000E+00 2.0000000E+01 10 5.5273226E+01 7.5011374E-02 1.8775519E-01 -2.3548362E-03 4.0677262E-03 8.7812860E-03 5.8313547E-03 5.2847520E-03 5.6293274E-05 5.1601165E-03 9.9197395E-04 6.3465211E-03 3.0265930E-02 1.2155189E-02 5.6019486E-05 1.8779547E+00 1.8561140E+01 -2.6046457E-02
3.1381000E+02 2.5927000E+02 8.6700000E+00 2.5000000E+01 10 5.5259045E+01 9.1990582E-02 2.1880882E-01 -2.2141252E-03 5.2479304E-03 8.9548342E-03 6.6227593E-03 4.1778728E-03 7.5658798E-05 5.1002901E-03 7.8420728E-04 6.0149187E-03 3.4414182E-02 1.5679145E-02 7.2203414E-05 1.8434173E+00 1.8600872E+01 -2.9028562E-02
3.1381000E+02 2.5927000E+02 8.6700000E+00 3.0000000E+01 10 5.5248844E+01 1.0435544E-01 2.4145500E-01 -2.1147630E-03 6.1356732E-03 9.1085984E-03 7.2128192E-03 3.3962564E-03 9.1544065E-05 5.0863341E-03 6.3749403E-04 5.8062458E-03 3.7343589E-02 1.8329463E-02 8.4183501E-05 1.8255139E+00 1.8621463E+01 -3.0851788E-02
3.1381000E+02 2.5927000E+02 8.6700000E+00 3.5000000E+01 10 5.5241592E+01 1.1320964E-01 2.5778941E-01 -2.0448858E-03 6.7881511E-03 9.2509640E-03 7.6620127E-03 2.8465795E-03 1.0397020E-04 5.0909941E-03 5.3431697E-04 5.6729187E-03 3.9403802E-02 2.0277283E-02 9.2798890E-05 1.8162765E+00 1.8632136E+01 -3.1951239E-02
3.1381000E+02 2.5927000E+02 8.6700000E+00 4.0000000E+01 10 5.5236422E+01 1.1953965E-01 2.6960625E-01 -1.9952884E-03 7.2644029E-03 9.3835765E-03 8.0124051E-03 2.4564304E-03 1.1344251E-04 5.1009405E-03 4.6108407E-04 5.5846730E-03 4.0866158E-02 2.1698998E-02 9.8938310E-05 1.8116120E+00 1.8637597E+01 -3.2615078E-02
3.1381000E+02 2.5927000E+02 8.6700000E+00 4.5000000E+01 10 5.5232697E+01 1.2409514E-01 2.7824679E-01 -1.9595034E-03 7.6128181E-03 9.5065368E-03 8.2924961E-03 2.1749334E-03 1.2058428E-04 5.1104578E-03 4.0824570E-04 5.5234254E-03 4.1921308E-02 2.2739105E-02 1.0332259E-04 1.8093743E+00 1.8640293E+01 -3.3019918E-02
3.1381000E+02 2.5927000E+02 8.6700000E+00 5.0000000E+01 10 5.5229974E+01 1.2741122E-01 2.8466078E-01 -1.9331584E-03 7.8697332E-03 9.6198470E-03 8.5214861E-03 1.9676949E-03 1.2594164E-04 5.1175705E-03 3.6934602E-04 5.4786476E-03 4.2698143E-02 2.3506084E-02 1.0648058E-04 1.8084226E+00 1.8641520E+01 -3.3270627E-02
3.1381000E+02 2.5927000E+02 8.6700000E+00 5.5000000E+01 10 5.5227948E+01 1.2986044E-01 2.8950678E-01 -1.9133321E-03 8.0613989E-03 9.7237110E-03 8.7124066E-03 1.8117347E-03 1.2995756E-04 5.1219729E-03 3.4007152E-04 5.4442444E-03 4.3282786E-02 2.4078293E-02 1.0878455E-04 1.8081457E+00 1.8641970E+01 -3.3428873E-02
3.1381000E+02 2.5927000E+02 8.6700000E+00 6.0000000E+01 10 5.5226411E+01 1.3169975E-01 2.9323859E-01 -1.8980705E-03 8.2064412E-03 9.8185354E-03 8.8742441E-03 1.6916819E-03 1.3299075E-04 5.1240157E-03 3.1753701E-04 5.4166414E-03 4.3732844E-02 2.4511330E-02 1.1049211E-04 1.8082141E+00 1.8642015E+01 -3.3531014E-02
3.1381000E+02 2.5927000E+02 8.6700000E+00 6.5000000E+01 10 5.5225222E+01 1.3310618E-01 2.9616926E-01 -1.8860570E-03 8.3179718E-03 9.9048708E-03 9.0133301E-03 1.5971802E-03 1.3530461E-04 5.1242180E-03 2.9979857E-04 5.3937048E-03 4.4087129E-02 2.4844331E-02 1.1177999E-04 1.8084491E+00 1.8641859E+01 -3.3598711E-02
3.1381000E+02 2.5927000E+02 8.6700000E+00 6.6000000E+01 10 5.5219640E+01 1.4414042E-01 3.2355986E-01 -1.8837747E-03 1.0269880E-02 1.1913868E-02 1.1032349E-02 1.5792263E-03 1.5196637E-04 6.0893054E-03 2.9642854E-04 6.3432630E-03 4.4170818E-02 3.0676244E-02 1.4205744E-04 2.0122650E+00 1.8316594E+01 -2.1814103E-02
3.1381000E+02 2.5927000E+02 8.6700000E+00 6.7000000E+01 10 5.5219463E+01 1.4431565E-01 3.2387719E-01 -1.8816039E-03 1.0276045E-02 1.1909830E-02 1.1037844E-02 1.5621499E-03 1.5395107E-04 6.0829776E-03 2.9322321E-04 6.3313981E-03 4.4233933E-02 3.0694258E-02 1.4027090E-04 2.0102357E+00 1.8331010E+01 -2.1922769E-02
3.1381000E+02 2.5927000E+02 8.6700000E+00 7.2000000E+01 10 5.5221704E+01 1.3438386E-01 2.9917183E-01 -1.8464939E-03 8.2592082E-03 9.8818613E-03 9.0485870E-03 1.4927967E-03 1.3707155E-04 5.0328218E-03 2.8020528E-04 5.2791413E-03 4.4933152E-02 2.4668495E-02 1.0896079E-04 1.7838803E+00 1.8816635E+01 -3.5593094E-02
3.1381000E+02 2.5927000E+02 8.6700000E+00 7.7000000E+01 10 5.5216707E+01 1.3694014E-01 3.0470235E-01 -1.8005623E-03 8.3702824E-03 9.9259708E-03 9.1247500E-03 1.4353735E-03 1.4997992E-04 5.0555586E-03 2.6942666E-04 5.2854483E-03 4.5843682E-02 2.4999855E-02 1.3451787E-04 1.7703839E+00 1.8896885E+01 -3.6855399E-02
3.1381000E+02 2.5927000E+02 8.6700000E+00 8.2000000E+01 10 5.5211778E+01 1.3984867E-01 3.1088974E-01 -1.7579596E-03 8.5555925E-03 1.0009858E-02 9.2356412E-03 1.3869962E-03 1.6867384E-04 5.1218330E-03 2.6034601E-04 5.3345689E-03 4.6690920E-02 2.5552599E-02 1.6599126E-04 1.7638568E+00 1.8938970E+01 -3.7594711E-02
3.1381000E+02 2.5927000E+02 8.6700000E+00 8.7000000E+01 10 5.5207764E+01 1.4236257E-01 3.1624893E-01 -1.7239243E-03 8.7330516E-03 1.0100312E-02 9.3491997E-03 1.3456054E-03 1.8692385E-04 5.1882243E-03 2.5257675E-04 5.3856571E-03 4.7377345E-02 2.6081927E-02 1.9429521E-04 1.7607897E+00 1.8962009E+01 -3.8028967E-02
3.1381000E+02 2.5927000E+02 8.6700000E+00 9.1000000E+01 10 5.5203822E+01 1.4681518E-01 3.2649558E-01 -1.7023534E-03 9.3436306E-03 1.0622511E-02 9.8878367E-03 1.3161564E-03 2.1098782E-04 5.4787925E-03 2.4704903E-04 5.6597940E-03 4.7834835E-02 2.7905094E-02 2.3020615E-04 1.7973341E+00 1.8930903E+01 -3.5365745E-02
3.1381000E+02 2.5927000E+02 8.6700000E+00 9.2000000E+01 10 5.5199044E+01 1.5564370E-01 3.4802974E-01 -1.6973089E-03 1.0868003E-02 1.2111458E-02 1.1380772E-02 1.3090114E-03 2.4729600E-04 6.2384037E-03 2.4570788E-04 6.4048532E-03 4.7992943E-02 3.2458988E-02 2.9241292E-04 1.9374577E+00 1.8775428E+01 -2.6411688E-02
3.1381000E+02 2.5927000E+02 8.6700000E+00 9.7000000E+01 10 5.5199208E+01 1.4559277E-01 3.2413798E-01 -2.1084792E-03 8.8056434E-03 1.0118851E-02 9.4056796E-03 1.2776348E-03 2.1162087E-04 5.1866150E-03 2.3981834E-04 5.3628679E-03 4.8992277E-02 2.6297701E-02 2.2465176E-04 1.7370642E+00 1.9014660E+01 -4.0459393E-02
3.1381000E+02 2.5927000E+02 8.6700000E+00 1.0200000E+02 10 5.5191770E+01 1.4851443E-01 3.3143542E-01 -2.7260660E-03 8.9454046E-03 1.0170590E-02 9.4729587E-03 1.2497944E-03 2.2359974E-04 5.2421802E-03 2.3459256E-04 5.4064986E-03 5.0302174E-02 2.6714485E-02 2.4391506E-04 1.7268766E+00 1.9037729E+01 -4.1753429E-02
3.1381000E+02 2.5927000E+02 8.6700000E+00 1.0700000E+02 10 5.5184841E+01 1.5153259E-01 3.3879002E-01 -3.3113789E-03 9.1300257E-03 1.0248728E-02 9.5650089E-03 1.2248714E-03 2.3641206E-04 5.3226031E-03 2.2991439E-04 5.4738455E-03 5.1491719E-02 2.7265036E-02 2.6187472E-04 1.7216025E+00 1.9052461E+01 -4.2607337E-02
3.1381000E+02 2.5927000E+02 8.6700000E+00 1.1200000E+02 10 5.5179329E+01 1.5405981E-01 3.4490442E-01 -3.7735184E-03 9.2984085E-03 1.0328041E-02 9.6568728E-03 1.2023871E-03 2.4833827E-04 5.3961069E-03 2.2569397E-04 5.5354672E-03 5.2434656E-02 2.7767172E-02 2.7698056E-04 1.7189360E+00 1.9061452E+01 -4.3158368E-02
3.1381000E+02 2.5927000E+02 8.6700000E+00 1.1700000E+02 10 5.5175235E+01 1.5600468E-01 3.4960172E-01 -4.1099548E-03 9.4335475E-03 1.0398615E-02 9.7388457E-03 1.1819656E-03 2.5852086E-04 5.4536968E-03 2.2186076E-04 5.5829765E-03 5.3139921E-02 2.8170184E-02 2.8880886E-04 1.7175721E+00 1.9066929E+01 -4.3516728E-02
3.1381000E+02 2.5927000E+02 8.6700000E+00 1.2200000E+02 10 5.5172261E+01 1.5746188E-01 3.5312308E-01 -4.3470882E-03 9.5374345E-03 1.0458964E-02 9.8096096E-03 1.1633081E-03 2.6685161E-04 5.4962132E-03 2.1835866E-04 5.6170833E-03 5.3659011E-02 2.8480010E-02 2.9775532E-04 1.7168720E+00 1.9070302E+01 -4.3753843E-02
3.1381000E+02 2.5927000E+02 8.6700000E+00 1.2400000E+02 10 5.5166537E+01 1.6745087E-01 3.7660469E-01 -4.4280272E-03 1.1203332E-02 1.1931815E-02 1.1286478E-02 1.1561099E-03 3.1218103E-04 6.3306004E-03 2.1700752E-04 6.4272191E-03 5.3906265E-02 3.3455283E-02 3.6988829E-04 1.8357873E+00 1.8940009E+01 -3.4324256E-02
3.1381000E+02 2.5927000E+02 8.6700000E+00 1.2500000E+02 10 5.5164712E+01 1.7040585E-01 3.8377379E-01 -4.4652715E-03 1.1696462E-02 1.2407554E-02 1.1764190E-02 1.1525750E-03 3.2625024E-04 6.5762341E-03 2.1634399E-04 6.6664892E-03 5.4009847E-02 3.4928204E-02 3.8876453E-04 1.8776819E+00 1.8894863E+01 -3.1504211E-02
3.1381000E+02 2.5927000E+02 8.6700000E+00 1.3000000E+02 10 5.5169450E+01 1.5821408E-01 3.5541183E-01 -4.5922572E-03 9.5261100E-03 1.0464243E-02 9.8317736E-03 1.1330585E-03 2.7459421E-04 5.4739738E-03 2.1268065E-04 5.5850758E-03 5.4241433E-02 2.8445615E-02 2.9711278E-04 1.7086319E+00 1.9082578E+01 -4.4700035E-02
3.1381000E+02 2.5927000E+02 8.6700000E+00 1.3100000E+02 10 5.5162798E+01 1.7117046E-01 3.8583261E-01 -4.6156595E-03 1.1729610E-02 1.2442842E-02 1.1812360E-02 1.1294982E-03 3.3325953E-04 6.5797057E-03 2.1201236E-04 6.6633301E-03 5.4397573E-02 3.5027142E-02 3.9925782E-04 1.8732738E+00 1.8900295E+01 -3.1894274E-02
3.1381000E+02 2.5927000E+02 8.6700000E+00 1.3200000E+02 10 5.5162495E+01 1.7132624E-01 3.8614052E-01 -4.6373584E-03 1.1737458E-02 1.2439771E-02 1.1811171E-02 1.1261262E-03 3.3350887E-04 6.5824141E-03 2.1137943E-04 6.6634772E-03 5.4448072E-02 3.5050223E-02 3.9384388E-04 1.8725060E+00 1.8902415E+01 -3.1958598E-02
3.1381000E+02 2.5927000E+02 8.6700000E+00 1.3700000E+02 10 5.5162451E+01 1.6015889E-01 3.6103095E-01 -5.6215833E-03 9.5584908E-03 1.0491572E-02 9.8717617E-03 1.1103792E-03 2.7981220E-04 5.4778279E-03 2.0842364E-04 5.5811864E-03 5.5640530E-02 2.8541970E-02 3.0100046E-04 1.6970786E+00 1.9076637E+01 -4.6280091E-02
3.1381000E+02 2.5927000E+02 8.6700000E+00 1.4200000E+02 10 5.5152981E+01 1.6352904E-01 3.6985770E-01 -7.0478837E-03 9.7404857E-03 1.0589111E-02 9.9775088E-03 1.0956753E-03 2.8012774E-04 5.5622398E-03 2.0566364E-04 5.6565306E-03 5.7421148E-02 2.9085000E-02 3.0434528E-04 1.6911063E+00 1.9047900E+01 -4.7497253E-02
3.1381000E+02 2.5927000E+02 8.6700000E+00 1.4700000E+02 10 5.5143751E+01 1.6714095E-01 3.7898915E-01 -8.4156300E-03 9.9715652E-03 1.0712667E-02 1.0108702E-02 1.0819917E-03 2.7513592E-04 5.6726109E-03 2.0309516E-04 5.7559591E-03 5.9104409E-02 2.9774319E-02 2.9557589E-04 1.6884979E+00 1.9006798E+01 -4.8358114E-02
3.1381000E+02 2.5927000E+02 8.6700000E+00 1.5200000E+02 10 5.5136224E+01 1.7019882E-01 3.8662645E-01 -9.5176746E-03 1.0177496E-02 1.0828476E-02 1.0231624E-02 1.0692502E-03 2.6654963E-04 5.7706948E-03 2.0070353E-04 5.8440547E-03 6.0455826E-02 3.0388589E-02 2.7831791E-04 1.6873323E+00 1.8960167E+01 -4.8954772E-02
3.1381000E+02 2.5927000E+02 8.6700000E+00 1.5700000E+02 10 5.5130549E+01 1.7255454E-01 3.9247202E-01 -1.0337931E-02 1.0339341E-02 1.0924988E-02 1.0334775E-02 1.0573566E-03 2.5652954E-04 5.8466797E-03 1.9847103E-04 5.9117363E-03 6.1464566E-02 3.0871352E-02 2.5714339E-04 1.6867327E+00 1.8913179E+01 -4.9369245E-02
3.1381000E+02 2.5927000E+02 8.6700000E+00 1.6200000E+02 10 5.5126394E+01 1.7431105E-01 3.9680914E-01 -1.0929108E-02 1.0461176E-02 1.1002172E-02 1.0418175E-02 1.0462209E-03 2.4669563E-04 5.9025909E-03 1.9638080E-04 5.9608964E-03 6.2198167E-02 3.1234776E-02 2.3564644E-04 1.6863760E+00 1.8870145E+01 -4.9659449E-02
3.1381000E+02 2.5927000E+02 8.6700000E+00 1.6700000E+02 10 5.5123362E+01 1.7561780E-01 4.0002286E-01 -1.1352324E-02 1.0552421E-02 1.1063657E-02 1.0485498E-02 1.0357634E-03 2.3797772E-04 5.9432070E-03 1.9441789E-04 5.9959812E-03 6.2731727E-02 3.1506951E-02 2.1601250E-04 1.6861496E+00 1.8834477E+01 -4.9864859E-02
3.1381000E+02 2.5927000E+02 8.6700000E+00 1.6800000E+02 10 5.5116111E+01 1.8930570E-01 4.3133322E-01 -1.1430736E-02 1.2829968E-02 1.3028573E-02 1.2451566E-02 1.0336984E-03 2.5993669E-04 7.0891884E-03 1.9403028E-04 7.1092999E-03 6.2853556E-02 3.8308930E-02 2.5409124E-04 1.8349321E+00 1.8596959E+01 -3.6821555E-02
3.1381000E+02 2.5927000E+02 8.6700000E+00 1.6900000E+02 10 5.5115611E+01 1.8947880E-01 4.3171981E-01 -1.1503392E-02 1.2834832E-02 1.3022271E-02 1.2446403E-02 1.0316594E-03 2.5982218E-04 7.0913082E-03 1.9364754E-04 7.1089189E-03 6.2943645E-02 3.8323029E-02 2.4614214E-04 1.8337431E+00 1.8596288E+01 -3.6938973E-02
3.1381000E+02 2.5927000E+02 8.6700000E+00 1.7400000E+02 10 5.5126876E+01 1.7043259E-01 3.9666032E-01 -1.4980138E-02 1.0466173E-02 1.1012837E-02 1.0442334E-02 1.0220464E-03 2.2785528E-04 5.8924219E-03 1.9184314E-04 5.9415456E-03 6.2201615E-02 3.1248996E-02 1.8746956E-04 1.7325254E+00 1.8759698E+01 -4.5653786E-02
3.1381000E+02 2.5927000E+02 8.6700000E+00 1.7500000E+02 10 5.5122094E+01 1.8110093E-01 4.2414148E-01 -1.5813164E-02 1.2524859E-02 1.2954652E-02 1.2385210E-02 1.0201466E-03 2.4609343E-04 6.9244125E-03 1.9148654E-04 6.9525037E-03 6.2026934E-02 3.7398944E-02 2.2103499E-04 1.9032810E+00 1.8488142E+01 -3.2190922E-02
3.1381000E+02 2.5927000E+02 8.6700000E+00 1.7600000E+02 10 5.5123851E+01 1.7893604E-01 4.2194292E-01 -1.6777328E-02 1.2427374E-02 1.2931833E-02 1.2363438E-02 1.0182691E-03 2.4481493E-04 6.8732136E-03 1.9113413E-04 6.9044118E-03 6.1782183E-02 3.7108178E-02 2.1442668E-04 1.9193422E+00 1.8475085E+01 -3.1177860E-02
3.1381000E+02 2.5927000E+02 8.6700000E+00 1.8100000E+02 10 5.5087909E+01 1.7089134E-01 4.2082286E-01 -2.6020337E-02 9.9484547E-03 1.0916299E-02 1.0352863E-02 1.0093862E-03 2.1195566E-04 5.6161169E-03 1.8946675E-04 5.6874611E-03 6.9846848E-02 2.9706248E-02 1.6403719E-04 1.6977271E+00 1.8780398E+01 -5.2303591E-02
3.1381000E+02 2.5927000E+02 8.6700000E+00 1.8600000E+02 10 5.5016339E+01 1.8781203E-01 4.7513137E-01 -3.6429135E-02 1.0078679E-02 1.0946884E-02 1.0388151E-02 1.0009619E-03 2.0740557E-04 5.6784488E-03 1.8788547E-04 5.7422415E-03 8.3030751E-02 3.0094484E-02 1.5962629E-04 1.6069165E+00 1.8859280E+01 -6.7897522E-02
3.1381000E+02 2.5927000E+02 8.6700000E+00 1.9100000E+02 10 5.4943914E+01 2.0889200E-01 5.3391040E-01 -4.5547227E-02 1.0626320E-02 1.1020388E-02 1.0466123E-02 9.9295644E-04 2.1114643E-04 5.9598578E-03 1.8638281E-04 5.9912047E-03 9.6066738E-02 3.1725475E-02 1.6020354E-04 1.5396173E+00 1.8918048E+01 -8.2751463E-02
3.1381000E+02 2.5927000E+02 8.6700000E+00 1.9600000E+02 10 5.4884043E+01 2.2817066E-01 5.8457649E-01 -5.2616895E-02 1.1303706E-02 1.1100981E-02 1.0550970E-02 9.8533513E-04 2.1927194E-04 6.3099455E-03 1.8495225E-04 6.3000887E-03 1.0668418E-01 3.3742324E-02 1.6249083E-04 1.4968870E+00 1.8955169E+01 -9.4256735E-02
3.1381000E+02 2.5927000E+02 8.6700000E+00 2.0100000E+02 10 5.4838840E+01 2.4368532E-01 6.2403615E-01 -5.7795894E-02 1.1944007E-02 1.1174485E-02 1.0628531E-02 9.7806745E-04 2.2916883E-04 6.6408808E-03 1.8358807E-04 6.5918331E-03 1.1461226E-01 3.5648505E-02 1.6482356E-04 1.4708493E+00 1.8977741E+01 -1.0239077E-01
3.1381000E+02 2.5927000E+02 8.6700000E+00 2.0600000E+02 10 5.4805975E+01 2.5551252E-01 6.5348074E-01 -6.1510887E-02 1.2488469E-02 1.1238255E-02 1.0696176E-02 9.7112640E-04 2.3927790E-04 6.9216540E-03 1.8228520E-04 6.8394420E-03 1.2032406E-01 3.7269331E-02 1.6669274E-04 1.4551416E+00 1.8991341E+01 -1.0791450E-01
3.1381000E+02 2.5927000E+02 8.6700000E+00 2.1100000E+02 10 5.4782318E+01 2.6435353E-01 6.7517537E-01 -6.4173192E-02 1.2931225E-02 1.1293727E-02 1.0755353E-02 9.6448790E-04 2.4874267E-04 7.1492630E-03 1.8103912E-04 7.0401428E-03 1.2440391E-01 3.8587451E-02 1.6805202E-04 1.4456692E+00 1.8999509E+01 -1.1161494E-01
3.1381000E+02 2.5927000E+02 8.6700000E+00 2.1600000E+02 10 5.4765203E+01 2.7095366E-01 6.9121453E-01 -6.6100800E-02 1.3285177E-02 1.1343068E-02 1.0808243E-02 9.5813037E-04 2.5716503E-04 7.3305548E-03 1.7984578E-04 7.1998255E-03 1.2733664E-01 3.9641303E-02 1.6898885E-04 1.4399444E+00 1.9004400E+01 -1.1409751E-01
3.1381000E+02 2.5927000E+02 8.6700000E+00 2.2100000E+02 10 5.4752653E+01 2.7592138E-01 7.0321445E-01 -6.7519519E-02 1.3567154E-02 1.1388078E-02 1.0856656E-02 9.5203429E-04 2.6443750E-04 7.4743718E-03 1.7870152E-04 7.3262470E-03 1.2947559E-01 4.0480969E-02 1.6960913E-04 1.4364814E+00 1.9007312E+01 -1.1578004E-01
3.1381000E+02 2.5927000E+02 8.6700000E+00 2.2600000E+02 10 5.4743289E+01 2.7970968E-01 7.1233976E-01 -6.8584333E-02 1.3792641E-02 1.1429989E-02 1.0901833E-02 9.4618197E-04 2.7061052E-04 7.5888121E-03 1.7760301E-04 7.4265783E-03 1.3106533E-01 4.1152525E-02 1.7000413E-04 1.4343935E+00 1.9009026E+01 -1.1693797E-01
3.1381000E+02 2.5927000E+02 8.6700000E+00 2.3100000E+02 10 5.4736161E+01 2.8264394E-01 7.1940819E-01 -6.9400513E-02 1.3974387E-02 1.1469572E-02 1.0944556E-02 9.4055726E-04 2.7580155E-04 7.6805252E-03 1.7654722E-04 7.5067341E-03 1.3227203E-01 4.1693890E-02 1.7024386E-04 1.4331490E+00 1.9010009E+01 -1.1774974E-01
3.1381000E+02 2.5927000E+02 8.6700000E+00 2.3600000E+02 10 5.4730622E+01 2.8495536E-01 7.2499016E-01 -7.0039646E-02 1.4122406E-02 1.1507285E-02 1.0985290E-02 9.3514538E-04 2.8014936E-04 7.7547281E-03 1.7553139E-04 7.5713668E-03 1.3320829E-01 4.2134860E-02 1.7037878E-04 1.4324258E+00 1.9010545E+01 -1.1833064E-01
3.1381000E+02 2.5927000E+02 8.6700000E+00 2.4100000E+02 10 5.4726229E+01 2.8680779E-01 7.2948426E-01 -7.0550750E-02 1.4244381E-02 1.1543388E-02 1.1024303E-02 9.2993277E-04 2.8379023E-04 7.8154160E-03 1.7455295E-04 7.6240499E-03 1.3395078E-01 4.2498295E-02 1.7044467E-04 1.4320269E+00 1.9010809E+01 -1.1875552E-01
3.1381000E+02 2.5927000E+02 8.6700000E+00 2.4600000E+02 10 5.4722673E+01 2.8831787E-01 7.3317073E-01 -7.0967726E-02 1.4346137E-02 1.1578028E-02 1.1061748E-02 9.2490694E-04 2.8684673E-04 7.8656191E-03 1.7360958E-04 7.6674894E-03 1.3455219E-01 4.2801527E-02 1.7046652E-04 1.4318304E+00 1.9010907E+01 -1.1907341E-01
3.1381000E+02 2.5927000E+02 8.6700000E+00 2.5100000E+02 10 5.4719741E+01 2.8956908E-01 7.3624829E-01 -7.1314289E-02 1.4432067E-02 1.1611285E-02 1.1097712E-02 9.2005637E-04 2.8942279E-04 7.9076258E-03 1.7269911E-04 7.7037208E-03 1.3504909E-01 4.3057628E-02 1.7046070E-04 1.4317599E+00 1.9010906E+01 -1.1931685E-01
3.1381000E+02 2.5927000E+02 8.6700000E+00 2.5600000E+02 10 5.4717280E+01 2.9062177E-01 7.3885927E-01 -7.1607241E-02 1.4505485E-02 1.1643204E-02 1.1132247E-02 9.1537041E-04 2.9160512E-04 7.9431643E-03 1.7181953E-04 7.7342762E-03 1.3546721E-01 4.3276465E-02 1.7043876E-04 1.4317671E+00 1.9010846E+01 -1.1950765E-01
3.1381000E+02 2.5927000E+02 8.6700000E+00 2.6100000E+02 10 5.4715181E+01 2.9152003E-01 7.4110692E-01 -7.1858650E-02 1.4568910E-02 1.1673810E-02 1.1165383E-02 9.1083920E-04 2.9346442E-04 7.9735465E-03 1.7096900E-04 7.7603175E-03 1.3582485E-01 4.3465530E-02 1.7040781E-04 1.4318214E+00 1.9010755E+01 -1.1966063E-01
3.1381000E+02 2.5927000E+02 8.6700000E+00 2.6400000E+02 10 5.4709167E+01 3.0178830E-01 7.6194534E-01 -7.1996663E-02 1.6098039E-02 1.2609403E-02 1.2102463E-02 9.0817415E-04 3.1088960E-04 8.7536829E-03 1.7046875E-04 8.4928290E-03 1.3602760E-01 4.8027480E-02 1.8957877E-04 1.4698313E+00 1.8925252E+01 -1.1179663E-01
3.1381000E+02 2.5927000E+02 8.6700000E+00 2.6500000E+02 10 5.4703994E+01 3.1159270E-01 7.8175517E-01 -7.2041315E-02 1.7580839E-02 1.3552557E-02 1.3046110E-02 9.0729168E-04 3.2535110E-04 9.5097622E-03 1.7030311E-04 9.2063214E-03 1.3609694E-01 5.2451914E-02 2.0728080E-04 1.5099519E+00 1.8811166E+01 -1.0393177E-01
3.1381000E+02 2.5927000E+02 8.6700000E+00 2.7000000E+02 10 5.4711294E+01 2.9462834E-01 7.4826875E-01 -7.2216277E-02 1.4957190E-02 1.1933876E-02 1.1430237E-02 9.0226123E-04 3.0540303E-04 8.1676531E-03 1.6935887E-04 7.9390076E-03 1.3633747E-01 4.4623622E-02 1.7171435E-04 1.4396504E+00 1.8999511E+01 -1.1822894E-01
3.1381000E+02 2.5927000E+02 8.6700000E+00 2.7500000E+02 10 5.4708579E+01 2.9815939E-01 7.5568172E-01 -7.2363862E-02 1.5452707E-02 1.2260612E-02 1.1758818E-02 8.9895695E-04 3.1044324E-04 8.4186263E-03 1.6873864E-04 8.1748970E-03 1.3654849E-01 4.6102193E-02 1.7809652E-04 1.4514721E+00 1.8973768E+01 -1.1582414E-01
3.1381000E+02 2.5927000E+02 8.6700000E+00 2.8000000E+02 10 5.4706165E+01 3.0117281E-01 7.6211504E-01 -7.2504804E-02 1.5873967E-02 1.2554243E-02 1.2054673E-02 8.9497076E-04 3.1602775E-04 8.6311248E-03 1.6799041E-04 8.3746984E-03 1.3675105E-01 4.7359307E-02 1.8146261E-04 1.4617473E+00 1.8955662E+01 -1.1378128E-01
3.1381000E+02 2.5927000E+02 8.6700000E+00 2.8500000E+02 10 5.4704173E+01 3.0347130E-01 7.6721688E-01 -7.2635596E-02 1.6196021E-02 1.2803231E-02 1.2305942E-02 8.9088496E-04 3.2113839E-04 8.7926105E-03 1.6722349E-04 8.5270573E-03 1.3693928E-01 4.8320585E-02 1.8313051E-04 1.4698143E+00 1.8943566E+01 -1.1221484E-01
3.1381000E+02 2.5927000E+02 8.6700000E+00 2.8900000E+02 10 5.4700550E+01 3.0947798E-01 7.7979423E-01 -7.2733319E-02 1.7100744E-02 1.3424219E-02 1.2928711E-02 8.8769552E-04 3.3249978E-04 9.2520063E-03 1.6662482E-04 8.9607127E-03 1.3708280E-01 5.1020415E-02 1.9210423E-04 1.4939458E+00 1.8893101E+01 -1.0745841E-01
3.1381000E+02 2.5927000E+02 8.6700000E+00 2.9000000E+02 10 5.4693241E+01 3.2384484E-01 8.0909729E-01 -7.2757318E-02 1.9302653E-02 1.4887277E-02 1.4392209E-02 8.8690464E-04 3.5118702E-04 1.0373314E-02 1.6647636E-04 1.0022920E-02 1.3712532E-01 5.7591589E-02 2.1668599E-04 1.5577690E+00 1.8688968E+01 -9.5574986E-02
3.1381000E+02 2.5927000E+02 8.6700000E+00 2.9500000E+02 10 5.4736059E+01 2.9661701E-01 7.4641573E-01 -6.8679286E-02 1.6413323E-02 1.3079026E-02 1.2586054E-02 8.8315138E-04 3.3058944E-04 8.8975021E-03 1.6577186E-04 8.6272203E-03 1.3094992E-01 4.8969830E-02 1.8044284E-04 1.5065698E+00 1.8912796E+01 -1.0256792E-01
3.1381000E+02 2.5927000E+02 8.6700000E+00 3.0000000E+02 10 5.4793238E+01 2.8153112E-01 7.0342827E-01 -6.1749170E-02 1.6300398E-02 1.3186123E-02 1.2695141E-02 8.7958608E-04 3.2872484E-04 8.8330668E-03 1.6510263E-04 8.5758710E-03 1.2048291E-01 4.8635402E-02 1.8006844E-04 1.5631079E+00 1.8852448E+01 -8.8514479E-02
3.1381000E+02 2.5927000E+02 8.6700000E+00 3.0100000E+02 10 5.4797384E+01 2.9451811E-01 7.2858317E-01 -6.0268397E-02 1.8840614E-02 1.5112240E-02 1.4621652E-02 8.7888038E-04 3.4964404E-04 1.0119866E-02 1.6497017E-04 9.8100569E-03 1.1825853E-01 5.6219579E-02 2.1164696E-04 1.6725267E+00 1.8572642E+01 -7.1240132E-02
3.1381000E+02 2.5927000E+02 8.6700000E+00 3.0200000E+02 10 5.4810509E+01 2.9046887E-01 7.1789945E-01 -5.8718035E-02 1.8728088E-02 1.5124797E-02 1.4634599E-02 8.7818182E-04 3.5174405E-04 1.0060119E-02 1.6483905E-04 9.7576743E-03 1.1591670E-01 5.5884767E-02 2.0882159E-04 1.6877157E+00 1.8574310E+01 -6.8482328E-02
3.1381000E+02 2.5927000E+02 8.6700000E+00 3.0300000E+02 10 5.4826741E+01 2.8469224E-01 7.0334946E-01 -5.6852575E-02 1.8470191E-02 1.5083600E-02 1.4586753E-02 8.9009230E-04 3.5185860E-04 9.9332334E-03 1.6707470E-04 9.6461182E-03 1.1306844E-01 5.5116368E-02 2.0477261E-04 1.7024417E+00 1.8580891E+01 -6.5720636E-02
3.1381000E+02 2.5927000E+02 8.6700000E+00 3.0800000E+02 10 5.4902958E+01 2.4527934E-01 6.0879586E-01 -4.8952199E-02 1.4911035E-02 1.2922812E-02 1.2417529E-02 9.0520662E-04 3.1535695E-04 8.1241226E-03 1.6991173E-04 7.9465480E-03 1.0107770E-01 4.4497188E-02 1.6232098E-04 1.6538892E+00 1.8785865E+01 -6.8231801E-02
3.1381000E+02 2.5927000E+02 8.6700000E+00 3.1300000E+02 10 5.4955083E+01 2.2701935E-01 5.6249356E-01 -4.2946489E-02 1.4099318E-02 1.2791335E-02 1.2282041E-02 9.1239334E-04 3.0067564E-04 7.7032040E-03 1.7126072E-04 7.5749691E-03 9.1983494E-02 4.2080191E-02 1.5732882E-04 1.7012110E+00 1.8736810E+01 -5.9425285E-02
3.1381000E+02 2.5927000E+02 8.6700000E+00 3.1800000E+02 10 5.4993210E+01 2.1331241E-01 5.2838439E-01 -3.8579458E-02 1.3464419E-02 1.2743780E-02 1.2231385E-02 9.1794675E-04 2.8711269E-04 7.3723232E-03 1.7230312E-04 7.2860994E-03 8.5367830E-02 4.0190117E-02 1.5292918E-04 1.7399066E+00 1.8696018E+01 -5.3113360E-02
3.1381000E+02 2.5927000E+02 8.6700000E+00 3.2300000E+02 10 5.5020782E+01 2.0297146E-01 5.0325099E-01 -3.5452669E-02 1.2947025E-02 1.2733617E-02 1.2218618E-02 9.2261057E-04 2.7383309E-04 7.1022102E-03 1.7317854E-04 7.0513653E-03 8.0626824E-02 3.8649866E-02 1.4896394E-04 1.7687250E+00 1.8665829E+01 -4.8800674E-02
3.1381000E+02 2.5927000E+02 8.6700000E+00 3.2800000E+02 10 5.5040779E+01 1.9509460E-01 4.8455192E-01 -3.3212721E-02 1.2517479E-02 1.2735190E-02 1.2218062E-02 9.2642481E-04 2.6092207E-04 6.8781224E-03 1.7389449E-04 6.8561548E-03 7.7226838E-02 3.7370958E-02 1.4549120E-04 1.7887419E+00 1.8645101E+01 -4.5930254E-02
3.1381000E+02 2.5927000E+02 8.6700000E+00 3.2900000E+02 10 5.5038827E+01 2.0500670E-01 5.0835794E-01 -3.2797493E-02 1.4423818E-02 1.4627849E-02 1.4110315E-02 9.2715353E-04 2.7507988E-04 7.8342310E-03 1.7403128E-04 7.7958323E-03 7.6611026E-02 4.3066813E-02 1.7339514E-04 1.9413793E+00 1.8352739E+01 -3.3542439E-02
3.1381000E+02 2.5927000E+02 8.6700000E+00 3.3000000E+02 10 5.5042347E+01 2.0348768E-01 5.0483277E-01 -3.2412459E-02 1.4326935E-02 1.4614412E-02 1.4096490E-02 9.2784784E-04 2.7408835E-04 7.7844217E-03 1.7416160E-04 7.7506127E-03 7.6025548E-02 4.2777913E-02 1.7084115E-04 1.9450149E+00 1.8363008E+01 -3.3171143E-02
3.1381000E+02 2.5927000E+02 8.6700000E+00 3.3500000E+02 10 5.5040391E+01 1.9309868E-01 4.7864589E-01 -3.1411419E-02 1.1876906E-02 1.2633522E-02 1.2114118E-02 9.3050239E-04 2.4405021E-04 6.5465346E-03 1.7465988E-04 6.5592332E-03 7.7704749E-02 3.5461859E-02 1.3779957E-04 1.7301202E+00 1.8712705E+01 -5.1527595E-02
3.1381000E+02 2.5927000E+02 8.6700000E+00 3.4000000E+02 10 5.5016319E+01 2.0233569E-01 4.9613116E-01 -3.1002671E-02 1.1867754E-02 1.2603638E-02 1.2083151E-02 9.3244477E-04 2.3759398E-04 6.5438102E-03 1.7502447E-04 6.5554000E-03 8.2118906E-02 3.5434111E-02 1.3991576E-04 1.6542962E+00 1.8784725E+01 -6.0969776E-02
3.1381000E+02 2.5927000E+02 8.6700000E+00 3.4500000E+02 10 5.4988944E+01 2.1459549E-01 5.1917065E-01 -3.0850743E-02 1.2191635E-02 1.2611011E-02 1.2089764E-02 9.3380535E-04 2.3801952E-04 6.7160187E-03 1.7527986E-04 6.7051106E-03 8.6912141E-02 3.6397990E-02 1.4430276E-04 1.5972536E+00 1.8838562E+01 -6.9502681E-02
3.1381000E+02 2.5927000E+02 8.6700000E+00 3.5000000E+02 10 5.4965195E+01 2.2617583E-01 5.4065593E-01 -3.0775649E-02 1.2633657E-02 1.2630836E-02 1.2109082E-02 9.3471292E-04 2.4238153E-04 6.9504843E-03 1.7545021E-04 6.9086372E-03 9.0959675E-02 3.7713436E-02 1.4903183E-04 1.5596334E+00 1.8874045E+01 -7.5949524E-02
3.1381000E+02 2.5927000E+02 8.6700000E+00 3.5500000E+02 10 5.4946875E+01 2.3567311E-01 5.5805039E-01 -3.0708982E-02 1.3064027E-02 1.2650454E-02 1.2128384E-02 9.3527975E-04 2.4869470E-04 7.1788017E-03 1.7555661E-04 7.1062525E-03 9.4019848E-02 3.8994073E-02 1.5314764E-04 1.5358211E+00 1.8896614E+01 -8.0437035E-02
3.1381000E+02 2.5927000E+02 8.6700000E+00 3.6000000E+02 10 5.4933489E+01 2.4296855E-01 5.7124318E-01 -3.0633842E-02 1.3431633E-02 1.2665921E-02 1.2143674E-02 9.3559599E-04 2.5566262E-04 7.3738251E-03 1.7561597E-04 7.2747557E-03 9.6218614E-02 4.0087841E-02 1.5641839E-04 1.5208578E+00 1.8910889E+01 -8.3449993E-02
3.1381000E+02 2.5927000E+02 8.6700000E+00 3.6500000E+02 10 5.4923926E+01 2.4841589E-01 5.8096876E-01 -3.0551048E-02 1.3727505E-02 1.2677044E-02 1.2154722E-02 9.3573000E-04 2.6249060E-04 7.5305974E-03 1.7564112E-04 7.4103722E-03 9.7766016E-02 4.0968113E-02 1.5891167E-04 1.5113871E+00 1.8919982E+01 -8.5449138E-02
3.1381000E+02 2.5927000E+02 8.6700000E+00 3.7000000E+02 10 5.4917133E+01 2.5244887E-01 5.8807488E-01 -3.0465237E-02 1.3959482E-02 1.2684710E-02 1.2162387E-02 9.3573130E-04 2.6874812E-04 7.6531462E-03 1.7564137E-04 7.5169101E-03 9.8850018E-02 4.1658260E-02 1.6077770E-04 1.5053101E+00 1.8925851E+01 -8.6777193E-02
3.1381000E+02 2.5927000E+02 8.6700000E+00 3.7500000E+02 10 5.4912288E+01 2.5544153E-01 5.9327576E-01 -3.0380464E-02 1.4139725E-02 1.2689864E-02 1.2167596E-02 9.3563449E-04 2.7425174E-04 7.7479286E-03 1.7562320E-04 7.5999865E-03 9.9612471E-02 4.2194495E-02 1.6216457E-04 1.5013455E+00 1.8929693E+01 -8.7666637E-02
3.1381000E+02 2.5927000E+02 8.6700000E+00 3.8000000E+02 10 5.4908804E+01 2.5768016E-01 5.9711034E-01 -3.0299358E-02 1.4279807E-02 1.2693233E-02 1.2171061E-02 9.3546307E-04 2.7896688E-04 7.8211893E-03 1.7559102E-04 7.6648257E-03 1.0015340E-01 4.2611262E-02 1.6319291E-04 1.4987119E+00 1.8932257E+01 -8.8269445E-02
3.1381000E+02 2.5927000E+02 8.6700000E+00 3.8500000E+02 10 5.4906270E+01 2.5937354E-01 5.9996710E-01 -3.0223340E-02 1.4389252E-02 1.2695309E-02 1.2173265E-02 9.3523253E-04 2.8294070E-04 7.8781036E-03 1.7554775E-04 7.7156798E-03 1.0054145E-01 4.2936896E-02 1.6395619E-04 1.4969279E+00 1.8934005E+01 -8.8683918E-02
3.1381000E+02 2.5927000E+02 8.6700000E+00 3.9000000E+02 10 5.4904404E+01 2.6067125E-01 6.0212128E-01 -3.0153008E-02 1.4475446E-02 1.2696408E-02 1.2174520E-02 9.3495286E-04 2.8625760E-04 7.9226829E-03 1.7549525E-04 7.7558447E-03 1.0082334E-01 4.3193368E-02 1.6452459E-04 1.4956928E+00 1.8935227E+01 -8.8973709E-02
3.1381000E+02 2.5927000E+02 8.6700000E+00 3.9500000E+02 10 5.4903010E+01 2.6167956E-01 6.0376675E-01 -3.0088454E-02 1.4543964E-02 1.2696730E-02 1.2175022E-02 9.3463041E-04 2.8901301E-04 7.9579487E-03 1.7543472E-04 7.7878114E-03 1.0103093E-01 4.3397262E-02 1.6494975E-04 1.4948160E+00 1.8936098E+01 -8.9180328E-02
3.1381000E+02 2.5927000E+02 8.6700000E+00 4.0000000E+02 10 5.4901954E+01 2.6247435E-01 6.0504055E-01 -3.0029484E-02 1.4598978E-02 1.2696406E-02 1.2174901E-02 9.3426912E-04 2.9129735E-04 7.9861484E-03 1.7536691E-04 7.8134549E-03 1.0118603E-01 4.3560983E-02 1.6526821E-04 1.4941751E+00 1.8936742E+01 -8.9331043E-02
3.1381000E+02 2.5927000E+02 8.6700000E+00 4.0500000E+02 10 5.4901142E+01 2.6310987E-01 6.0603998E-01 -2.9975753E-02 1.4643600E-02 1.2695528E-02 1.2174244E-02 9.3387150E-04 2.9319248E-04 8.0089546E-03 1.7529227E-04 7.8341782E-03 1.0130368E-01 4.3693788E-02 1.6550757E-04 1.4936907E+00 1.8937235E+01 -8.9443910E-02
3.1381000E+02 2.5927000E+02 8.6700000E+00 4.1000000E+02 10 5.4900508E+01 2.6362536E-01 6.0683475E-01 -2.9926851E-02 1.4680165E-02 1.2694161E-02 1.2173119E-02 9.3343919E-04 2.9476909E-04 8.0276111E-03 1.7521113E-04 7.8510431E-03 1.0139435E-01 4.3802616E-02 1.6568806E-04 1.4933111E+00 1.8937622E+01 -8.9530959E-02
3.1381000E+02 2.5927000E+02 8.6700000E+00 4.1200000E+02 10 5.4893491E+01 2.7745383E-01 6.3506334E-01 -2.9908036E-02 1.6816330E-02 1.4069917E-02 1.3548974E-02 9.3326079E-04 3.1651654E-04 9.1181006E-03 1.7517764E-04 8.8794241E-03 1.0143674E-01 5.0177026E-02 1.9279145E-04 1.5643261E+00 1.8776677E+01 -7.8165463E-02
3.1381000E+02 2.5927000E+02 8.6700000E+00 4.1700000E+02 10 5.4900356E+01 2.6313599E-01 6.0569159E-01 -2.9865229E-02 1.4566276E-02 1.2611438E-02 1.2090762E-02 9.3278167E-04 2.9776313E-04 7.9693358E-03 1.7508771E-04 7.7952220E-03 1.0148986E-01 4.3462392E-02 1.6238989E-04 1.4882987E+00 1.8950018E+01 -9.0417187E-02
3.1381000E+02 2.5927000E+02 8.6700000E+00 4.2200000E+02 10 5.4900031E+01 2.6337404E-01 6.0595311E-01 -2.9826246E-02 1.4574241E-02 1.2592200E-02 1.2071810E-02 9.3227026E-04 2.9696927E-04 7.9733266E-03 1.7499171E-04 7.7983443E-03 1.0154192E-01 4.3486027E-02 1.6387974E-04 1.4874708E+00 1.8947821E+01 -9.0566862E-02
3.1381000E+02 2.5927000E+02 8.6700000E+00 4.2700000E+02 10 5.4899593E+01 2.6392152E-01 6.0680570E-01 -2.9790708E-02 1.4630474E-02 1.2598951E-02 1.2078864E-02 9.3172739E-04 2.9729392E-04 8.0022829E-03 1.7488981E-04 7.8242762E-03 1.0158437E-01 4.3653570E-02 1.6494018E-04 1.4882082E+00 1.8945028E+01 -9.0446205E-02
3.1381000E+02 2.5927000E+02 8.6700000E+00 4.2900000E+02 10 5.4892587E+01 2.7787582E-01 6.3521651E-01 -2.9777022E-02 1.6787178E-02 1.3975968E-02 1.3456005E-02 9.3150526E-04 3.1882467E-04 9.1038417E-03 1.7484812E-04 8.8618388E-03 1.0160993E-01 5.0089144E-02 1.9256592E-04 1.5593136E+00 1.8784264E+01 -7.8955150E-02
3.1381000E+02 2.5927000E+02 8.6700000E+00 4.3000000E+02 10 5.4890403E+01 2.8220274E-01 6.4407123E-01 -2.9770307E-02 1.7453396E-02 1.4423035E-02 1.3903134E-02 9.3139295E-04 3.2698567E-04 9.4437250E-03 1.7482704E-04 9.1827590E-03 1.0161969E-01 5.2077286E-02 1.9898779E-04 1.5834755E+00 1.8721962E+01 -7.5369919E-02
3.1381000E+02 2.5927000E+02 8.6700000E+00 4.3500000E+02 10 5.4899314E+01 2.6511606E-01 6.0931516E-01 -2.9701747E-02 1.4849581E-02 1.2773396E-02 1.2243698E-02 9.4894631E-04 3.0585359E-04 8.1250852E-03 1.7812189E-04 7.9428946E-03 1.0147802E-01 4.4306916E-02 1.6472965E-04 1.4959979E+00 1.8936273E+01 -8.9082259E-02
3.1381000E+02 2.5927000E+02 8.6700000E+00 4.3600000E+02 10 5.4890193E+01 2.8359888E-01 6.4716051E-01 -2.9688472E-02 1.7721749E-02 1.4673429E-02 1.4141827E-02 9.5235645E-04 3.2990289E-04 9.5920563E-03 1.7876199E-04 9.3305024E-03 1.0146615E-01 5.2878616E-02 2.0232875E-04 1.5957747E+00 1.8679236E+01 -7.3549711E-02
3.1381000E+02 2.5927000E+02 8.6700000E+00 4.3700000E+02 10 5.4890651E+01 2.8380668E-01 6.4735666E-01 -2.9556060E-02 1.7772014E-02 1.4711381E-02 1.4178479E-02 9.5468467E-04 3.3398082E-04 9.6195203E-03 1.7919901E-04 9.3560755E-03 1.0134657E-01 5.3028383E-02 2.0079549E-04 1.5982068E+00 1.8687034E+01 -7.3161357E-02
3.1381000E+02 2.5927000E+02 8.6700000E+00 4.3800000E+02 10 5.4892483E+01 2.8370173E-01 6.4636148E-01 -2.9131671E-02 1.7805150E-02 1.4741508E-02 1.4207677E-02 9.5634809E-04 3.3719051E-04 9.6377504E-03 1.7951124E-04 9.3729658E-03 1.0098410E-01 5.3127065E-02 1.9973718E-04 1.6006940E+00 1.8691291E+01 -7.2659861E-02
3.1381000E+02 2.5927000E+02 8.6700000E+00 4.4300000E+02 10 5.4943660E+01 2.6145154E-01 5.8194960E-01 -1.9497155E-02 1.5354538E-02 1.3138309E-02 1.2613109E-02 9.4088743E-04 3.1706277E-04 8.3780831E-03 1.7660920E-04 8.1794337E-03 9.2955074E-02 4.5813695E-02 1.6876591E-04 1.5303789E+00 1.8892089E+01 -7.9303095E-02
3.1381000E+02 2.5927000E+02 8.6700000E+00 4.4400000E+02 10 5.4944857E+01 2.7754142E-01 6.1103891E-01 -1.7291045E-02 1.8099288E-02 1.5042235E-02 1.4518427E-02 9.3839273E-04 3.3935941E-04 9.7739036E-03 1.7614093E-04 9.5041090E-03 9.1123778E-02 5.4006478E-02 2.0386651E-04 1.6436205E+00 1.8610304E+01 -6.2818799E-02
3.1381000E+02 2.5927000E+02 8.6700000E+00 4.4500000E+02 10 5.4955904E+01 2.7604064E-01 6.0327349E-01 -1.4829296E-02 1.8133590E-02 1.5089296E-02 1.4566344E-02 9.3685961E-04 3.4263911E-04 9.7902744E-03 1.7585316E-04 9.5196670E-03 8.9056529E-02 5.4108966E-02 2.0243697E-04 1.6526503E+00 1.8611827E+01 -6.0882281E-02
3.1381000E+02 2.5927000E+02 8.6700000E+00 4.5000000E+02 10 5.5018691E+01 2.5315112E-01 5.3247965E-01 -2.5713625E-03 1.5896374E-02 1.3643409E-02 1.3122177E-02 9.3377793E-04 3.2453598E-04 8.6474574E-03 1.7527471E-04 8.4384391E-03 7.8719594E-02 4.7432359E-02 1.7431068E-04 1.5896406E+00 1.8814794E+01 -6.4324028E-02
3.1381000E+02 2.5927000E+02 8.6700000E+00 4.5300000E+02 10 5.5046500E+01 2.5708708E-01 5.2783095E-01 4.5253389E-03 1.7323829E-02 1.4796012E-02 1.4275327E-02 9.3279824E-04 3.3690609E-04 9.3701851E-03 1.7509082E-04 9.1318877E-03 7.2742334E-02 5.1694932E-02 1.9142968E-04 1.6806752E+00 1.8649909E+01 -5.1273813E-02
3.1381000E+02 2.5927000E+02 8.6700000E+00 4.5400000E+02 10 5.5053437E+01 2.6274260E-01 5.3605787E-01 6.8508279E-03 1.8505957E-02 1.5791403E-02 1.5270915E-02 9.3244507E-04 3.4588415E-04 9.9676341E-03 1.7502453E-04 9.7081066E-03 7.0786283E-02 5.5225393E-02 2.0330445E-04 1.7608912E+00 1.8455800E+01 -4.2868011E-02
3.1381000E+02 2.5927000E+02 8.6700000E+00 4.5900000E+02 10 5.5112032E+01 2.3754939E-01 4.6248485E-01 1.7845122E-02 1.5738076E-02 1.3932242E-02 1.3414006E-02 9.2841053E-04 3.1952566E-04 8.5558337E-03 1.7426722E-04 8.3675911E-03 6.1524443E-02 4.6964269E-02 1.7013297E-04 1.6474949E+00 1.8760878E+01 -5.0205304E-02
3.1381000E+02 2.5927000E+02 8.6700000E+00 4.6400000E+02 10 5.5151721E+01 2.2931679E-01 4.3008065E-01 2.6348222E-02 1.5417143E-02 1.3923090E-02 1.3406874E-02 9.2479292E-04 3.0903643E-04 8.3854495E-03 1.7358818E-04 8.2156779E-03 5.4378675E-02 4.6008954E-02 1.6836463E-04 1.6635859E+00 1.8743814E+01 -4.5663039E-02
3.1381000E+02 2.5927000E+02 8.6700000E+00 4.6900000E+02 10 5.5181430E+01 2.2312522E-01 4.0588516E-01 3.2711842E-02 1.5177766E-02 1.3938580E-02 1.3423572E-02 9.2262708E-04 2.9857088E-04 8.2580037E-03 1.7318164E-04 8.1035180E-03 4.9031498E-02 4.5296479E-02 1.6699015E-04 1.6775246E+00 1.8728263E+01 -4.2223909E-02
3.1381000E+02 2.5927000E+02 8.6700000E+00 4.7400000E+02 10 5.5203648E+01 2.1836691E-01 3.8765423E-01 3.7459600E-02 1.4981070E-02 1.3959522E-02 1.3445381E-02 9.2107575E-04 2.8811369E-04 8.1530065E-03 1.7289045E-04 8.0119194E-03 4.5045688E-02 4.4710971E-02 1.6570036E-04 1.6882077E+00 1.8716455E+01 -3.9724632E-02
3.1381000E+02 2.5927000E+02 8.6700000E+00 4.7900000E+02 10 5.5220381E+01 2.1462903E-01 3.7371261E-01 4.1021164E-02 1.4809572E-02 1.3975266E-02 1.3461823E-02 9.1982462E-04 2.7814131E-04 8.0615861E-03 1.7265561E-04 7.9320058E-03 4.2060014E-02 4.4200338E-02 1.6447151E-04 1.6955660E+00 1.8708491E+01 -3.7958346E-02
3.1381000E+02 2.5927000E+02 8.6700000E+00 4.8100000E+02 10 5.5221416E+01 2.2310821E-01 3.9093764E-01 4.2280627E-02 1.6393673E-02 1.5343656E-02 1.4830472E-02 9.1936010E-04 2.8622045E-04 8.8615869E-03 1.7256841E-04 8.7047518E-03 4.1014101E-02 4.8931244E-02 1.8463728E-04 1.8318908E+00 1.8469372E+01 -2.7963008E-02
3.1381000E+02 2.5927000E+02 8.6700000E+00 4.8200000E+02 10 5.5222789E+01 2.2530324E-01 3.9520665E-01 4.2871960E-02 1.6845549E-02 1.5790570E-02 1.5277511E-02 9.1913563E-04 2.8750119E-04 9.0887708E-03 1.7252628E-04 8.9262190E-03 4.0521028E-02 5.0281055E-02 1.8891755E-04 1.8840111E+00 1.8370114E+01 -2.4843229E-02
3.1381000E+02 2.5927000E+02 8.6700000E+00 4.8700000E+02 10 5.5241545E+01 2.0754018E-01 3.5171573E-01 4.5250824E-02 1.4191975E-02 1.3723527E-02 1.3210789E-02 9.1856215E-04 2.6103985E-04 7.7437283E-03 1.7241863E-04 7.6356095E-03 3.8516859E-02 4.2357797E-02 1.5642474E-04 1.6773629E+00 1.8744263E+01 -3.8089334E-02
3.1381000E+02 2.5927000E+02 8.6700000E+00 4.9200000E+02 10 5.5250612E+01 2.0453600E-01 3.4206759E-01 4.7073388E-02 1.3919701E-02 1.3557836E-02 1.3045703E-02 9.1747735E-04 2.5061745E-04 7.6039185E-03 1.7221501E-04 7.5039515E-03 3.6999448E-02 4.1545649E-02 1.5597557E-04 1.6675526E+00 1.8752895E+01 -3.8300933E-02
3.1381000E+02 2.5927000E+02 8.6700000E+00 4.9700000E+02 10 5.5257312E+01 2.0280684E-01 3.3564410E-01 4.8481737E-02 1.3790888E-02 1.3455658E-02 1.2943968E-02 9.1668328E-04 2.4340065E-04 7.5382024E-03 1.7206596E-04 7.4407476E-03 3.5829239E-02 4.1161238E-02 1.5613804E-04 1.6644545E+00 1.8754300E+01 -3.8088511E-02
3.1381000E+02 2.5927000E+02 8.6700000E+00 5.0200000E+02 10 5.5262458E+01 2.0167099E-01 3.3099713E-01 4.9589667E-02 1.3720202E-02 1.3388603E-02 1.2877336E-02 9.1592710E-04 2.3811054E-04 7.5023339E-03 1.7192402E-04 7.4053683E-03 3.4911795E-02 4.0950192E-02 1.5627326E-04 1.6637484E+00 1.8753836E+01 -3.7777772E-02
3.1381000E+02 2.5927000E+02 8.6700000E+00 5.0500000E+02 10 5.5261743E+01 2.0788224E-01 3.4371471E-01 5.0165648E-02 1.4816860E-02 1.4238849E-02 1.3727842E-02 9.1545865E-04 2.4529201E-04 8.0589583E-03 1.7183609E-04 7.9368027E-03 3.4442604E-02 4.4224290E-02 1.7090285E-04 1.7475058E+00 1.8617199E+01 -3.1271504E-02
3.1381000E+02 2.5927000E+02 8.6700000E+00 5.0600000E+02 10 5.5259491E+01 2.1392012E-01 3.5716265E-01 5.0348436E-02 1.5855654E-02 1.5125934E-02 1.4615017E-02 9.1530016E-04 2.5118036E-04 8.5841166E-03 1.7180634E-04 8.4431727E-03 3.4297387E-02 4.7326589E-02 1.8344858E-04 1.8452685E+00 1.8435837E+01 -2.5184752E-02
3.1381000E+02 2.5927000E+02 8.6700000E+00 5.1100000E+02 10 5.5270731E+01 1.9776977E-01 3.1974336E-01 5.1132383E-02 1.3256143E-02 1.3049564E-02 1.2539671E-02 9.1346374E-04 2.2893191E-04 7.2664885E-03 1.7146164E-04 7.1769099E-03 3.3645822E-02 3.9564480E-02 1.4982664E-04 1.6392266E+00 1.8793545E+01 -3.9341877E-02
3.1381000E+02 2.5927000E+02 8.6700000E+00 5.1600000E+02 10 5.5273951E+01 1.9654612E-01 3.1558346E-01 5.1773965E-02 1.3109980E-02 1.2882625E-02 1.2373648E-02 9.1182195E-04 2.2399118E-04 7.1924618E-03 1.7115347E-04 7.1034899E-03 3.3127485E-02 3.9128058E-02 1.5053157E-04 1.6306376E+00 1.8800283E+01 -3.9867194E-02
3.1381000E+02 2.5927000E+02 8.6700000E+00 5.2100000E+02 10 5.5276308E+01 1.9612733E-01 3.1323705E-01 5.2303023E-02 1.3073933E-02 1.2782234E-02 1.2273941E-02 9.1059824E-04 2.2152257E-04 7.1751098E-03 1.7092377E-04 7.0831341E-03 3.2700605E-02 3.9020051E-02 1.5140965E-04 1.6283078E+00 1.8800771E+01 -3.9886093E-02
3.1381000E+02 2.5927000E+02 8.6700000E+00 5.2600000E+02 10 5.5278192E+01 1.9595303E-01 3.1162727E-01 5.2747598E-02 1.3069955E-02 1.2716666E-02 1.2209024E-02 9.0943130E-04 2.2015882E-04 7.1739787E-03 1.7070473E-04 7.0784746E-03 3.2343968E-02 3.9007786E-02 1.5200345E-04 1.6279533E+00 1.8799956E+01 -3.9762539E-02
3.1381000E+02 2.5927000E+02 8.6700000E+00 5.3100000E+02 10 5.5279784E+01 1.9581751E-01 3.1030972E-01 5.3126767E-02 1.3069196E-02 1.2667627E-02 1.2160653E-02 9.0823639E-04 2.1925371E-04 7.1742667E-03 1.7048044E-04 7.0755967E-03 3.2042114E-02 3.9005221E-02 1.5230596E-04 1.6278952E+00 1.8799412E+01 -3.9637515E-02
3.1381000E+02 2.5927000E+02 8.6700000E+00 5.3600000E+02 10 5.5281164E+01 1.9567531E-01 3.0914262E-01 5.3454197E-02 1.3065082E-02 1.2626680E-02 1.2120393E-02 9.0700553E-04 2.1856560E-04 7.1726948E-03 1.7024940E-04 7.0712340E-03 3.1783631E-02 3.8992712E-02 1.5242747E-04 1.6276840E+00 1.8799341E+01 -3.9545092E-02
3.1381000E+02 2.5927000E+02 8.6700000E+00 5.4100000E+02 10 5.5282373E+01 1.9552873E-01 3.0808837E-01 5.3740036E-02 1.3057955E-02 1.2590320E-02 1.2084734E-02 9.0574712E-04 2.1798228E-04 7.1694978E-03 1.7001319E-04 7.0654883E-03 3.1559943E-02 3.8971252E-02 1.5245545E-04 1.6272888E+00 1.8799612E+01 -3.9483831E-02
3.1381000E+02 2.5927000E+02 8.6700000E+00 5.4600000E+02 10 5.5283439E+01 1.9538691E-01 3.0713573E-01 5.3991992E-02 1.3049316E-02 1.2557110E-02 1.2052237E-02 9.0447060E-04 2.1744963E-04 7.1654745E-03 1.6977358E-04 7.0590568E-03 3.1364519E-02 3.8945307E-02 1.5244061E-04 1.6267727E+00 1.8800074E+01 -3.9445155E-02
3.1381000E+02 2.5927000E+02 8.6700000E+00 5.5100000E+02 10 5.5284384E+01 1.9525579E-01 3.0627671E-01 5.4216012E-02 1.3040308E-02 1.2526400E-02 1.2022246E-02 9.0318308E-04 2.1696056E-04 7.1612253E-03 1.6953191E-04 7.0524763E-03 3.1192319E-02 3.8918275E-02 1.5240777E-04 1.6261957E+00 1.8800633E+01 -3.9421596E-02
3.1381000E+02 2.5927000E+02 8.6700000E+00 5.5600000E+02 10 5.5285226E+01 1.9513816E-01 3.0550283E-01 5.4416745E-02 1.3031598E-02 1.2497821E-02 1.1994390E-02 9.0188926E-04 2.1651421E-04 7.1570957E-03 1.6928905E-04 7.0460673E-03 3.1039417E-02 3.8892140E-02 1.5236916E-04 1.6255978E+00 1.8801224E+01 -3.9407970E-02
3.1381000E+02 2.5927000E+02 8.6700000E+00 5.6100000E+02 10 5.5285981E+01 1.9503452E-01 3.0480495E-01 5.4597868E-02 1.3023506E-02 1.2471113E-02 1.1968406E-02 9.0059227E-04 2.1611056E-04 7.1532498E-03 1.6904560E-04 7.0399872E-03 3.0902712E-02 3.8867858E-02 1.5232959E-04 1.6250021E+00 1.8801823E+01 -3.9400962E-02
3.1381000E+02 2.5927000E+02 8.6700000E+00 5.6600000E+02 10 5.5286660E+01 1.9494417E-01 3.0417416E-01 5.4762317E-02 1.3016150E-02 1.2446064E-02 1.1944081E-02 8.9929424E-04 2.1575026E-04 7.1497441E-03 1.6880195E-04 7.0342976E-03 3.0779737E-02 3.8845775E-02 1.5229165E-04 1.6244203E+00 1.8802409E+01 -3.9398509E-02
3.1381000E+02 2.5927000E+02 8.6700000E+00 5.7100000E+02 10 5.5287275E+01 1.9486588E-01 3.0360220E-01 5.4912463E-02 1.3009536E-02 1.2422493E-02 1.1921234E-02 8.9799676E-04 2.1543174E-04 7.1465846E-03 1.6855841E-04 7.0290019E-03 3.0668499E-02 3.8825914E-02 1.5225570E-04 1.6238578E+00 1.8802980E+01 -3.9399318E-02
3.1381000E+02 2.5927000E+02 8.6700000E+00 5.7600000E+02 10 5.5287834E+01 1.9479836E-01 3.0308180E-01 5.5050240E-02 1.3003623E-02 1.2400242E-02 1.1899707E-02 8.9670108E-04 2.1515339E-04 7.1437502E-03 1.6831520E-04 7.0240822E-03 3.0567381E-02 3.8808151E-02 1.5222231E-04 1.6233165E+00 1.8803528E+01 -3.9402556E-02
3.1381000E+02 2.5927000E+02 8.6700000E+00 5.8100000E+02 10 5.5288345E+01 1.9474026E-01 3.0260655E-01 5.5177236E-02 1.2998347E-02 1.2379177E-02 1.1879363E-02 8.9540823E-04 2.1491167E-04 7.1412081E-03 1.6807253E-04 7.0195074E-03 3.0475052E-02 3.8792290E-02 1.5219100E-04 1.6227962E+00 1.8804057E+01 -3.9407681E-02
3.1381000E+02 2.5927000E+02 8.6700000E+00 5.8200000E+02 10 5.5281355E+01 2.0897461E-01 3.3378312E-01 5.5202217E-02 1.5340557E-02 1.4171666E-02 1.3671996E-02 8.9514978E-04 2.3156430E-04 8.3304125E-03 1.6802402E-04 8.1554724E-03 3.0470410E-02 4.5785569E-02 1.8384291E-04 1.8039867E+00 1.8476730E+01 -2.6358403E-02
3.1381000E+02 2.5927000E+02 8.6700000E+00 5.8700000E+02 10 5.5289278E+01 1.9383204E-01 3.0058963E-01 5.5262232E-02 1.2881504E-02 1.2306762E-02 1.1802251E-02 9.0382372E-04 2.1471532E-04 7.0879805E-03 1.6965216E-04 6.9685082E-03 3.0352620E-02 3.8443239E-02 1.4955697E-04 1.6170651E+00 1.8815300E+01 -3.9868648E-02
3.1381000E+02 2.5927000E+02 8.6700000E+00 5.9200000E+02 10 5.5289771E+01 1.9357096E-01 2.9981998E-01 5.5340347E-02 1.2850114E-02 1.2271852E-02 1.1765640E-02 9.0686980E-04 2.1386655E-04 7.0745874E-03 1.7022392E-04 6.9550462E-03 3.0271423E-02 3.8349542E-02 1.5013248E-04 1.6154179E+00 1.8815253E+01 -3.9980295E-02
3.1381000E+02 2.5927000E+02 8.6700000E+00 5.9700000E+02 10 5.5290064E+01 1.9365536E-01 2.9971206E-01 5.5419669E-02 1.2866101E-02 1.2262715E-02 1.1755852E-02 9.0803508E-04 2.1380766E-04 7.0843994E-03 1.7044265E-04 6.9626771E-03 3.0201384E-02 3.8397126E-02 1.5067363E-04 1.6162846E+00 1.8812995E+01 -3.9872784E-02
3.1381000E+02 2.5927000E+02 8.6700000E+00 6.0200000E+02 10 5.5290312E+01 1.9378277E-01 2.9973167E-01 5.5496469E-02 1.2888756E-02 1.2264326E-02 1.1757189E-02 9.0852663E-04 2.1392754E-04 7.0971000E-03 1.7053492E-04 6.9730951E-03 3.0137726E-02 3.8464630E-02 1.5099398E-04 1.6176186E+00 1.8810793E+01 -3.9727314E-02
3.1381000E+02 2.5927000E+02 8.6700000E+00 6.0700000E+02 10 5.5290567E+01 1.9386152E-01 2.9969549E-01 5.5570649E-02 1.2904786E-02 1.2267738E-02 1.1760564E-02 9.0859344E-04 2.1403595E-04 7.1060304E-03 1.7054746E-04 6.9801327E-03 3.0078946E-02 3.8512409E-02 1.5111812E-04 1.6186412E+00 1.8809314E+01 -3.9612179E-02
3.1381000E+02 2.5927000E+02 8.6700000E+00 6.1200000E+02 10 5.5290831E+01 1.9388923E-01 2.9958174E-01 5.5642193E-02 1.2913206E-02 1.2269424E-02 1.1762389E-02 9.0834444E-04 2.1405482E-04 7.1107955E-03 1.7050072E-04 6.9833516E-03 3.0024357E-02 3.8537500E-02 1.5112876E-04 1.6192334E+00 1.8808504E+01 -3.9536973E-02
3.1381000E+02 2.5927000E+02 8.6700000E+00 6.1700000E+02 10 5.5291096E+01 1.9388319E-01 2.9941263E-01 5.5710971E-02 1.2916201E-02 1.2268533E-02 1.1761765E-02 9.0786773E-04 2.1400551E-04 7.1126085E-03 1.7041124E-04 6.9838212E-03 2.9973489E-02 3.8546406E-02 1.5108788E-04 1.6194825E+00 1.8808154E+01 -3.9493472E-02
3.1381000E+02 2.5927000E+02 8.6700000E+00 6.2200000E+02 10 5.5291355E+01 1.9385974E-01 2.9921330E-01 5.5776843E-02 1.2915979E-02 1.2265221E-02 1.1758802E-02 9.0724084E-04 2.1391759E-04 7.1126700E-03 1.7029357E-04 6.9826365E-03 2.9925943E-02 3.8545707E-02 1.5102882E-04 1.6195009E+00 1.8808094E+01 -3.9471511E-02
3.1381000E+02 2.5927000E+02 8.6700000E+00 6.2700000E+02 10 5.5291605E+01 1.9382950E-01 2.9900159E-01 5.5839725E-02 1.2914075E-02 1.2259914E-02 1.1753893E-02 9.0652722E-04 2.1381693E-04 7.1118085E-03 1.7015962E-04 6.9805796E-03 2.9881369E-02 3.8539981E-02 1.5096757E-04 1.6193757E+00 1.8808202E+01 -3.9463262E-02
3.1381000E+02 2.5927000E+02 8.6700000E+00 6.3200000E+02 10 5.5291842E+01 1.9379823E-01 2.9878805E-01 5.5899616E-02 1.2911399E-02 1.2253046E-02 1.1747446E-02 9.0577425E-04 2.1372050E-04 7.1105213E-03 1.7001828E-04 6.9781230E-03 2.9839456E-02 3.8531943E-02 1.5090986E-04 1.6191645E+00 1.8808411E+01 -3.9463567E-02
3.1381000E+02 2.5927000E+02 8.6700000E+00 6.3700000E+02 10 5.5292066E+01 1.9376858E-01 2.9857817E-01 5.5956584E-02 1.2908440E-02 1.2244989E-02 1.1739813E-02 9.0501415E-04 2.1363886E-04 7.1090872E-03 1.6987561E-04 6.9755189E-03 2.9799940E-02 3.8523054E-02 1.5085786E-04 1.6189026E+00 1.8808675E+01 -3.9469257E-02
3.1381000E+02 2.5927000E+02 8.6700000E+00 6.4200000E+02 10 5.5292278E+01 1.9374188E-01 2.9837486E-01 5.6010753E-02 1.2905463E-02 1.2236036E-02 1.1731277E-02 9.0426658E-04 2.1357627E-04 7.1076541E-03 1.6973528E-04 6.9729107E-03 2.9762590E-02 3.8514105E-02 1.5081116E-04 1.6186118E+00 1.8808973E+01 -3.9478342E-02
3.1381000E+02 2.5927000E+02 8.6700000E+00 6.4700000E+02 10 5.5292478E+01 1.9371846E-01 2.9817936E-01 5.6062285E-02 1.2902597E-02 1.2226419E-02 1.1722065E-02 9.0354173E-04 2.1353382E-04 7.1062962E-03 1.6959923E-04 6.9703665E-03 2.9727212E-02 3.8505480E-02 1.5076950E-04 1.6183052E+00 1.8809286E+01 -3.9489619E-02
3.1381000E+02 2.5927000E+02 8.6700000E+00 6.5000000E+02 10 5.5289049E+01 2.0082907E-01 3.1354451E-01 5.6092292E-02 1.4070230E-02 1.3072661E-02 1.2568545E-02 9.0311621E-04 2.2445651E-04 7.7012619E-03 1.6951935E-04 7.5336880E-03 2.9713359E-02 4.1990889E-02 1.6616984E-04 1.6979972E+00 1.8680677E+01 -3.3073219E-02
