x y z_datum Time Well_no H2O H O Charge Al C Ca Cl Fe K Mg Na S Si U pH pe Alkalinity
3.1381000E+02 2.5927000E+02 8.6700000E+00 0.0000000E+00 10 9.9704301E-01 7.2098600E-06 6.6484776E-04 -3.2324431E-06 0.0000000E+00 1.0067647E-04 6.3262499E-05 4.3211171E-04 0.0000000E+00 2.8240956E-04 5.5605062E-05 2.2967748E-04 1.4127542E-04 0.0000000E+00 0.0000000E+00 7.0300000E+00 1.1068788E+01 7.1999443E-03
3.1381000E+02 2.5927000E+02 8.6700000E+00 5.0000000E+00 10 5.5329197E+01 1.8505741E-02 6.1348116E-02 -3.0394864E-03 0.0000000E+00 7.3381118E-03 1.3819090E-03 1.0670437E-02 0.0000000E+00 6.3235457E-03 2.0028935E-03 8.7462596E-03 1.0083512E-02 0.0000000E+00 0.0000000E+00 2.4312475E+00 1.7945651E+01 -5.9770162E-03
3.1381000E+02 2.5927000E+02 8.6700000E+00 1.0000000E+01 10 5.5310896E+01 3.1943680E-02 1.0394758E-01 -2.7536235E-03 1.0655012E-03 7.9302046E-03 3.2292141E-03 8.4217450E-03 1.5557511E-05 5.5158264E-03 1.5808029E-03 7.4379868E-03 1.8508967E-02 3.1860499E-03 1.5437863E-05 2.0216812E+00 1.8398713E+01 -1.6928670E-02
3.1381000E+02 2.5927000E+02 8.6700000E+00 1.5000000E+01 10 5.5287829E+01 5.7441208E-02 1.5355585E-01 -2.4987030E-03 2.7219377E-03 8.1928224E-03 4.6111780E-03 6.4164555E-03 3.7400694E-05 5.1559791E-03 1.2044003E-03 6.6119184E-03 2.6022841E-02 8.1351417E-03 3.8780335E-05 1.8908627E+00 1.8549768E+01 -2.4379646E-02
3.1381000E+02 2.5927000E+02 8.6700000E+00 2.0000000E+01 10 5.5269177E+01 7.9256280E-02 1.9356879E-01 -2.3072722E-03 4.1550348E-03 8.3592410E-03 5.6181616E-03 4.9105975E-03 5.9563391E-05 4.9861958E-03 9.2174330E-04 6.0781456E-03 3.1665811E-02 1.2414742E-02 5.9231517E-05 1.8290099E+00 1.8621324E+01 -2.9272850E-02
3.1381000E+02 2.5927000E+02 8.6700000E+00 2.5000000E+01 10 5.5255871E+01 9.5092387E-02 2.2257081E-01 -2.1740787E-03 5.2418570E-03 8.5126623E-03 6.3564301E-03 3.8628536E-03 7.8225287E-05 4.9153085E-03 7.2507663E-04 5.7481787E-03 3.5592340E-02 1.5659392E-02 7.4623407E-05 1.7984518E+00 1.8656618E+01 -3.2239526E-02
3.1381000E+02 2.5927000E+02 8.6700000E+00 3.0000000E+01 10 5.5246707E+01 1.0610724E-01 2.4292153E-01 -2.0836490E-03 6.0254622E-03 8.6706149E-03 6.9114557E-03 3.1515040E-03 9.2773035E-05 4.8907830E-03 5.9155280E-04 5.5458136E-03 3.8258357E-02 1.7998536E-02 8.5469957E-05 1.7834155E+00 1.8674038E+01 -3.3960857E-02
3.1381000E+02 2.5927000E+02 8.6700000E+00 3.5000000E+01 10 5.5240403E+01 1.1371699E-01 2.5720823E-01 -2.0218309E-03 6.5833629E-03 8.8306942E-03 7.3429761E-03 2.6652219E-03 1.0371568E-04 4.8851384E-03 5.0027525E-04 5.4184074E-03 4.0080956E-02 1.9663913E-02 9.2944748E-05 1.7762310E+00 1.8682495E+01 -3.4943132E-02
3.1381000E+02 2.5927000E+02 8.6700000E+00 4.0000000E+01 10 5.5235987E+01 1.1904421E-01 2.6742860E-01 -1.9784928E-03 6.9838090E-03 8.9874074E-03 7.6899848E-03 2.3243106E-03 1.1185583E-04 4.8855809E-03 4.3628453E-04 5.3339795E-03 4.1358772E-02 2.0859343E-02 9.8114931E-05 1.7730227E+00 1.8686419E+01 -3.5504837E-02
3.1381000E+02 2.5927000E+02 8.6700000E+00 4.5000000E+01 10 5.5232807E+01 1.2286189E-01 2.7494420E-01 -1.9470654E-03 7.2766748E-03 9.1366976E-03 7.9772717E-03 2.0770920E-03 1.1793743E-04 4.8868150E-03 3.8988039E-04 5.2743382E-03 4.2285454E-02 2.1733700E-02 1.0175649E-04 1.7718151E+00 1.8688061E+01 -3.5830729E-02
3.1381000E+02 2.5927000E+02 8.6700000E+00 5.0000000E+01 10 5.5230447E+01 1.2567301E-01 2.8063733E-01 -1.9234545E-03 7.4957955E-03 9.2763834E-03 8.2206319E-03 1.8913609E-03 1.2253798E-04 4.8870001E-03 3.5501774E-04 5.2294091E-03 4.2981693E-02 2.2387955E-02 1.0438784E-04 1.7715996E+00 1.8688553E+01 -3.6024091E-02
3.1381000E+02 2.5927000E+02 8.6700000E+00 5.5000000E+01 10 5.5228643E+01 1.2779891E-01 2.8507197E-01 -1.9051267E-03 7.6635249E-03 9.4056365E-03 8.4303616E-03 1.7471884E-03 1.2608099E-04 4.8857290E-03 3.2795586E-04 5.1936289E-03 4.3522171E-02 2.2888815E-02 1.0634146E-04 1.7718599E+00 1.8688478E+01 -3.6142036E-02
3.1381000E+02 2.5927000E+02 8.6700000E+00 6.0000000E+01 10 5.5227227E+01 1.2944593E-01 2.8861170E-01 -1.8904935E-03 7.7946279E-03 9.5244379E-03 8.6134170E-03 1.6320785E-03 1.2885394E-04 4.8831283E-03 3.0634916E-04 5.1638694E-03 4.3953719E-02 2.3280337E-02 1.0783007E-04 1.7723307E+00 1.8688135E+01 -3.6216351E-02
3.1381000E+02 2.5927000E+02 8.6700000E+00 6.5000000E+01 10 5.5226092E+01 1.3074940E-01 2.9149633E-01 -1.8785328E-03 7.8990224E-03 9.6332006E-03 8.7746985E-03 1.5379921E-03 1.3105827E-04 4.8794860E-03 2.8868868E-04 5.1383284E-03 4.4306466E-02 2.3592119E-02 1.0899092E-04 1.7728761E+00 1.8687680E+01 -3.6264933E-02
3.1381000E+02 2.5927000E+02 8.6700000E+00 6.6000000E+01 10 5.5220195E+01 1.4241498E-01 3.1984879E-01 -1.8762402E-03 9.9302934E-03 1.1644457E-02 1.0796021E-02 1.5199578E-03 1.4923618E-04 5.8858933E-03 2.8530355E-04 6.1250128E-03 4.4391436E-02 2.9660512E-02 1.4179478E-04 1.9652782E+00 1.8380286E+01 -2.4154052E-02
3.1381000E+02 2.5927000E+02 8.6700000E+00 6.7000000E+01 10 5.5220055E+01 1.4251408E-01 3.2004881E-01 -1.8740405E-03 9.9263658E-03 1.1640032E-02 1.0801255E-02 1.5026539E-03 1.5136934E-04 5.8742627E-03 2.8205552E-04 6.1081200E-03 4.4455303E-02 2.9648414E-02 1.3973929E-04 1.9626383E+00 1.8394832E+01 -2.4305838E-02
3.1381000E+02 2.5927000E+02 8.6700000E+00 7.2000000E+01 10 5.5222307E+01 1.3194093E-01 2.9455332E-01 -1.8352404E-03 7.8138770E-03 9.6280856E-03 8.8298873E-03 1.4299589E-03 1.3291101E-04 4.7722382E-03 2.6841031E-04 5.0083518E-03 4.5222679E-02 2.3337668E-02 1.0551722E-04 1.7477350E+00 1.8864875E+01 -3.8474334E-02
3.1381000E+02 2.5927000E+02 8.6700000E+00 7.7000000E+01 10 5.5216958E+01 1.3464619E-01 3.0055068E-01 -1.7858685E-03 7.9347851E-03 9.6960625E-03 8.9324570E-03 1.3679864E-03 1.4626534E-04 4.7971317E-03 2.5677778E-04 5.0158320E-03 4.6201126E-02 2.3698364E-02 1.3282247E-04 1.7350087E+00 1.8942663E+01 -3.9784236E-02
3.1381000E+02 2.5927000E+02 8.6700000E+00 8.2000000E+01 10 5.5211842E+01 1.3766662E-01 3.0708543E-01 -1.7414366E-03 8.1307748E-03 9.8030477E-03 9.0692970E-03 1.3145020E-03 1.6511529E-04 4.8654908E-03 2.4673849E-04 5.0662537E-03 4.7088341E-02 2.4282980E-02 1.6516209E-04 1.7293342E+00 1.8982232E+01 -4.0513270E-02
3.1381000E+02 2.5927000E+02 8.6700000E+00 8.7000000E+01 10 5.5207808E+01 1.4021427E-01 3.1260613E-01 -1.7070065E-03 8.3139356E-03 9.9129302E-03 9.2052184E-03 1.2678537E-03 1.8291673E-04 4.9311948E-03 2.3798237E-04 5.1162854E-03 4.7788864E-02 2.4829366E-02 1.9303881E-04 1.7270232E+00 1.9003089E+01 -4.0914095E-02
3.1381000E+02 2.5927000E+02 8.6700000E+00 9.1000000E+01 10 5.5203882E+01 1.4473664E-01 3.2298822E-01 -1.6857161E-03 8.9348753E-03 1.0443153E-02 9.7542047E-03 1.2342399E-03 2.0664996E-04 5.2243827E-03 2.3167290E-04 5.3921769E-03 4.8246842E-02 2.6683403E-02 2.2868290E-04 1.7617958E+00 1.8972972E+01 -3.8193561E-02
3.1381000E+02 2.5927000E+02 8.6700000E+00 9.2000000E+01 10 5.5198892E+01 1.5402362E-01 3.4521154E-01 -1.6807734E-03 1.0516461E-02 1.1932109E-02 1.1247728E-02 1.2260582E-03 2.4431725E-04 6.0132424E-03 2.3013714E-04 6.1631338E-03 4.8405820E-02 3.1407730E-02 2.9406330E-04 1.8943113E+00 1.8825375E+01 -2.9003891E-02
3.1381000E+02 2.5927000E+02 8.6700000E+00 9.7000000E+01 10 5.5199055E+01 1.4332164E-01 3.2054947E-01 -2.1460369E-03 8.3625315E-03 9.9508891E-03 9.2867781E-03 1.1897436E-03 2.0527588E-04 4.9102322E-03 2.2332073E-04 5.0748117E-03 4.9480899E-02 2.4973700E-02 2.1934768E-04 1.7035946E+00 1.9053972E+01 -4.3509731E-02
3.1381000E+02 2.5927000E+02 8.6700000E+00 1.0200000E+02 10 5.5191275E+01 1.4636412E-01 3.2825135E-01 -2.8110163E-03 8.5100812E-03 1.0018754E-02 9.3727638E-03 1.1572803E-03 2.1628561E-04 4.9664902E-03 2.1722720E-04 5.1189660E-03 5.0860312E-02 2.5413760E-02 2.3782219E-04 1.6942524E+00 1.9075765E+01 -4.4833932E-02
3.1381000E+02 2.5927000E+02 8.6700000E+00 1.0700000E+02 10 5.5184221E+01 1.4945162E-01 3.3583800E-01 -3.4160007E-03 8.7021274E-03 1.0111595E-02 9.4819056E-03 1.1280782E-03 2.2839571E-04 5.0475356E-03 2.1174582E-04 5.1870434E-03 5.2079318E-02 2.5986526E-02 2.5507769E-04 1.6898342E+00 1.9089131E+01 -4.5669105E-02
3.1381000E+02 2.5927000E+02 8.6700000E+00 1.1200000E+02 10 5.5178781E+01 1.5197770E-01 3.4198703E-01 -3.8738142E-03 8.8736481E-03 1.0202530E-02 9.5875854E-03 1.1016630E-03 2.3955271E-04 5.1196458E-03 2.0678757E-04 5.2476667E-03 5.3017542E-02 2.6498116E-02 2.6932722E-04 1.6878873E+00 1.9096913E+01 -4.6180425E-02
3.1381000E+02 2.5927000E+02 8.6700000E+00 1.1700000E+02 10 5.5174863E+01 1.5387768E-01 3.4659936E-01 -4.1926518E-03 9.0084189E-03 1.0282002E-02 9.6804615E-03 1.0776493E-03 2.4888354E-04 5.1742779E-03 2.0228008E-04 5.2927503E-03 5.3700238E-02 2.6900137E-02 2.8021962E-04 1.6870720E+00 1.9101428E+01 -4.6496231E-02
3.1381000E+02 2.5927000E+02 8.6700000E+00 1.2200000E+02 10 5.5172087E+01 1.5527798E-01 3.4999992E-01 -4.4083010E-03 9.1104438E-03 1.0349467E-02 9.7601680E-03 1.0557201E-03 2.5639297E-04 5.2133161E-03 1.9816386E-04 5.3239230E-03 5.4192916E-02 2.7204515E-02 2.8828239E-04 1.6867701E+00 1.9104088E+01 -4.6696438E-02
3.1381000E+02 2.5927000E+02 8.6700000E+00 1.2400000E+02 10 5.5166251E+01 1.6562697E-01 3.7397446E-01 -4.4805389E-03 1.0820903E-02 1.1818902E-02 1.1234323E-02 1.0472632E-03 3.0267446E-04 6.0702016E-03 1.9657646E-04 6.1538376E-03 5.4430615E-02 3.2312457E-02 3.6307533E-04 1.8000501E+00 1.8979508E+01 -3.7078047E-02
3.1381000E+02 2.5927000E+02 8.6700000E+00 1.2500000E+02 10 5.5164419E+01 1.6866151E-01 3.8122995E-01 -4.5134634E-03 1.1323418E-02 1.2290963E-02 1.1708702E-02 1.0431112E-03 3.1703957E-04 6.3203119E-03 1.9579711E-04 6.3970303E-03 5.4529210E-02 3.3813304E-02 3.8246334E-04 1.8393423E+00 1.8936993E+01 -3.4220603E-02
3.1381000E+02 2.5927000E+02 8.6700000E+00 1.3000000E+02 10 5.5169682E+01 1.5568380E-01 3.5164764E-01 -4.6232832E-03 9.0617213E-03 1.0349502E-02 9.7785737E-03 1.0228083E-03 2.6263368E-04 5.1693045E-03 1.9198615E-04 5.2729017E-03 5.4732903E-02 2.7058670E-02 2.8496364E-04 1.6778082E+00 1.9116865E+01 -4.7754124E-02
3.1381000E+02 2.5927000E+02 8.6700000E+00 1.3100000E+02 10 5.5162741E+01 1.6927382E-01 3.8298915E-01 -4.6434432E-03 1.1341935E-02 1.2327247E-02 1.1758464E-02 1.0189659E-03 3.2271429E-04 6.3150513E-03 1.9126491E-04 6.3866055E-03 5.4886146E-02 3.3868636E-02 3.9185273E-04 1.8349559E+00 1.8942267E+01 -3.4629139E-02
3.1381000E+02 2.5927000E+02 8.6700000E+00 1.3200000E+02 10 5.5162493E+01 1.6936275E-01 3.8317358E-01 -4.6620631E-03 1.1341326E-02 1.2321641E-02 1.1754894E-02 1.0153189E-03 3.2292006E-04 6.3131475E-03 1.9058034E-04 6.3825848E-03 5.4932602E-02 3.3866477E-02 3.8603259E-04 1.8337625E+00 1.8944761E+01 -3.4728248E-02
3.1381000E+02 2.5927000E+02 8.6700000E+00 1.3700000E+02 10 5.5162182E+01 1.5765832E-01 3.5752068E-01 -5.7514446E-03 9.0811770E-03 1.0379311E-02 9.8221523E-03 9.9813998E-04 2.6724231E-04 5.1647918E-03 1.8735578E-04 5.2617663E-03 5.6248708E-02 2.7116493E-02 2.8796706E-04 1.6658076E+00 1.9109285E+01 -4.9519074E-02
3.1381000E+02 2.5927000E+02 8.6700000E+00 1.4200000E+02 10 5.5152059E+01 1.6130049E-01 3.6702382E-01 -7.2769794E-03 9.2815733E-03 1.0488539E-02 9.9405338E-03 9.8174277E-04 2.6714081E-04 5.2572464E-03 1.8427795E-04 5.3449281E-03 5.8150578E-02 2.7714427E-02 2.9100128E-04 1.6604897E+00 1.9077143E+01 -5.0784614E-02
3.1381000E+02 2.5927000E+02 8.6700000E+00 1.4700000E+02 10 5.5142497E+01 1.6509309E-01 3.7657159E-01 -8.6891503E-03 9.5281334E-03 1.0621733E-02 1.0082367E-02 9.6626510E-04 2.6174069E-04 5.3739771E-03 1.8137271E-04 5.4508357E-03 5.9892546E-02 2.8449972E-02 2.8127095E-04 1.6585829E+00 1.9032616E+01 -5.1639948E-02
3.1381000E+02 2.5927000E+02 8.6700000E+00 1.5200000E+02 10 5.5134959E+01 1.6820872E-01 3.8431530E-01 -9.7847900E-03 9.7415887E-03 1.0743580E-02 1.0212302E-02 9.5177496E-04 2.5286283E-04 5.4743495E-03 1.7865284E-04 5.5416734E-03 6.1244436E-02 2.9086766E-02 2.6315827E-04 1.6580135E+00 1.8983615E+01 -5.2203483E-02
3.1381000E+02 2.5927000E+02 8.6700000E+00 1.5700000E+02 10 5.5129470E+01 1.7053599E-01 3.9006212E-01 -1.0568673E-02 9.9045033E-03 1.0843392E-02 1.0319663E-02 9.3825124E-04 2.4289756E-04 5.5494492E-03 1.7611437E-04 5.6090458E-03 6.2219707E-02 2.9572813E-02 2.4190995E-04 1.6578780E+00 1.8936404E+01 -5.2575911E-02
3.1381000E+02 2.5927000E+02 8.6700000E+00 1.6200000E+02 10 5.5125572E+01 1.7222474E-01 3.9421628E-01 -1.1113328E-02 1.0024054E-02 1.0922505E-02 1.0405823E-02 9.2562674E-04 2.3355604E-04 5.6029351E-03 1.7374469E-04 5.6563095E-03 6.2908754E-02 2.9929512E-02 2.2135444E-04 1.6578735E+00 1.8895775E+01 -5.2825603E-02
3.1381000E+02 2.5927000E+02 8.6700000E+00 1.6700000E+02 10 5.5122787E+01 1.7345869E-01 3.9724676E-01 -1.1492653E-02 1.0112147E-02 1.0985620E-02 1.0475529E-02 9.1381953E-04 2.2562914E-04 5.6408623E-03 1.7152842E-04 5.6890962E-03 6.3401069E-02 3.0192375E-02 2.0350681E-04 1.6579157E+00 1.8864300E+01 -5.2996582E-02
3.1381000E+02 2.5927000E+02 8.6700000E+00 1.6800000E+02 10 5.5115289E+01 1.8772737E-01 4.2938484E-01 -1.1562482E-02 1.2460352E-02 1.2948899E-02 1.2440109E-02 9.1149011E-04 2.4855934E-04 6.8237989E-03 1.7109118E-04 6.8349444E-03 6.3515234E-02 3.7204726E-02 2.4388228E-04 1.8006161E+00 1.8634286E+01 -3.9660713E-02
3.1381000E+02 2.5927000E+02 8.6700000E+00 1.6900000E+02 10 5.5114870E+01 1.8781725E-01 4.2961302E-01 -1.1626826E-02 1.2455004E-02 1.2938524E-02 1.2431016E-02 9.0919204E-04 2.4898142E-04 6.8203839E-03 1.7065982E-04 6.8296102E-03 6.3597766E-02 3.7188370E-02 2.3633594E-04 1.7990099E+00 1.8635598E+01 -3.9819062E-02
3.1381000E+02 2.5927000E+02 8.6700000E+00 1.7400000E+02 10 5.5127435E+01 1.6730513E-01 3.9279817E-01 -1.5483846E-02 9.9955342E-03 1.0926706E-02 1.0425219E-02 8.9840584E-04 2.1677483E-04 5.5728831E-03 1.6863519E-04 5.6194009E-03 6.2691605E-02 2.9843937E-02 1.7758281E-04 1.7077746E+00 1.8792352E+01 -4.8188392E-02
3.1381000E+02 2.5927000E+02 8.6700000E+00 1.7500000E+02 10 5.5122630E+01 1.7827257E-01 4.2078791E-01 -1.6406085E-02 1.2107037E-02 1.2866957E-02 1.2366659E-02 8.9627614E-04 2.3621762E-04 6.6323910E-03 1.6823544E-04 6.6547748E-03 6.2481489E-02 3.6151217E-02 2.1387949E-04 1.8737919E+00 1.8530561E+01 -3.4348873E-02
3.1381000E+02 2.5927000E+02 8.6700000E+00 1.7600000E+02 10 5.5124656E+01 1.7582795E-01 4.1826101E-01 -1.7465834E-02 1.1995145E-02 1.2840845E-02 1.2341721E-02 8.9417337E-04 2.3519070E-04 6.5734917E-03 1.6784074E-04 6.5998106E-03 6.2198808E-02 3.5817537E-02 2.0751871E-04 1.8905304E+00 1.8517550E+01 -3.3226632E-02
3.1381000E+02 2.5927000E+02 8.6700000E+00 1.8100000E+02 10 5.5083026E+01 1.6860700E-01 4.2072022E-01 -2.7499614E-02 9.4437103E-03 1.0830541E-02 1.0336947E-02 8.8426513E-04 2.0179838E-04 5.2778808E-03 1.6598091E-04 5.3482408E-03 7.1372891E-02 2.8199719E-02 1.5646110E-04 1.6681301E+00 1.8821046E+01 -5.6080510E-02
3.1381000E+02 2.5927000E+02 8.6700000E+00 1.8600000E+02 10 5.5005440E+01 1.8742066E-01 4.7985574E-01 -3.8430682E-02 9.6112103E-03 1.0874664E-02 1.0386296E-02 8.7490318E-04 1.9830789E-04 5.3591076E-03 1.6422363E-04 5.4196786E-03 8.5648397E-02 2.8698983E-02 1.5433494E-04 1.5758615E+00 1.8901990E+01 -7.3181297E-02
3.1381000E+02 2.5927000E+02 8.6700000E+00 1.9100000E+02 10 5.4929929E+01 2.0979207E-01 5.4135023E-01 -4.7665815E-02 1.0202681E-02 1.0960089E-02 1.0476671E-02 8.6603559E-04 2.0310736E-04 5.6631988E-03 1.6255914E-04 5.6880733E-03 9.9224725E-02 3.0460465E-02 1.5673906E-04 1.5102778E+00 1.8959162E+01 -8.8818065E-02
3.1381000E+02 2.5927000E+02 8.6700000E+00 1.9600000E+02 10 5.4869920E+01 2.2944186E-01 5.9233270E-01 -5.4553714E-02 1.0900888E-02 1.1048321E-02 1.0569602E-02 8.5761672E-04 2.1212725E-04 6.0243778E-03 1.6097888E-04 6.0053366E-03 1.0985197E-01 3.2539329E-02 1.6008844E-04 1.4701488E+00 1.8993639E+01 -1.0043404E-01
3.1381000E+02 2.5927000E+02 8.6700000E+00 2.0100000E+02 10 5.4826456E+01 2.4458765E-01 6.3044864E-01 -5.9407379E-02 1.1533039E-02 1.1126060E-02 1.0651813E-02 8.4960637E-04 2.2272123E-04 6.3516601E-03 1.5947529E-04 6.2916603E-03 1.1746457E-01 3.4421310E-02 1.6281997E-04 1.4466719E+00 1.9013544E+01 -1.0828491E-01
3.1381000E+02 2.5927000E+02 8.6700000E+00 2.0600000E+02 10 5.4796091E+01 2.5563652E-01 6.5778745E-01 -6.2774201E-02 1.2047793E-02 1.1192519E-02 1.0722535E-02 8.4196899E-04 2.3338827E-04 6.6176826E-03 1.5804172E-04 6.5237031E-03 1.2273802E-01 3.5953760E-02 1.6464957E-04 1.4331096E+00 1.9024870E+01 -1.1338672E-01
3.1381000E+02 2.5927000E+02 8.6700000E+00 2.1100000E+02 10 5.4774917E+01 2.6359393E-01 6.7730117E-01 -6.5133525E-02 1.2451081E-02 1.1250570E-02 1.0784658E-02 8.3467300E-04 2.4334043E-04 6.8251965E-03 1.5667223E-04 6.7045872E-03 1.2639070E-01 3.7154446E-02 1.6574184E-04 1.4252692E+00 1.9031286E+01 -1.1668024E-01
3.1381000E+02 2.5927000E+02 8.6700000E+00 2.1600000E+02 10 5.4759869E+01 2.6939928E-01 6.9147487E-01 -6.6829167E-02 1.2766268E-02 1.1303125E-02 1.0841111E-02 8.2769032E-04 2.5220666E-04 6.9863051E-03 1.5536154E-04 6.8452818E-03 1.2897233E-01 3.8092955E-02 1.6633579E-04 1.4207164E+00 1.9034909E+01 -1.1883382E-01
3.1381000E+02 2.5927000E+02 8.6700000E+00 2.2100000E+02 10 5.4748852E+01 2.7374462E-01 7.0207056E-01 -6.8087468E-02 1.3016386E-02 1.1352254E-02 1.0893977E-02 8.2099588E-04 2.5988729E-04 7.1131159E-03 1.5410496E-04 6.9564108E-03 1.3085404E-01 3.8837855E-02 1.6662352E-04 1.4180689E+00 1.9036934E+01 -1.2027577E-01
3.1381000E+02 2.5927000E+02 8.6700000E+00 2.2600000E+02 10 5.4740514E+01 2.7709563E-01 7.1024960E-01 -6.9052308E-02 1.3219115E-02 1.1399217E-02 1.0944528E-02 8.1456722E-04 2.6642419E-04 7.2149940E-03 1.5289827E-04 7.0460388E-03 1.3227318E-01 3.9441747E-02 1.6673454E-04 1.4165422E+00 1.9038038E+01 -1.2126944E-01
3.1381000E+02 2.5927000E+02 8.6700000E+00 2.3100000E+02 10 5.4734002E+01 2.7975530E-01 7.1675755E-01 -6.9814619E-02 1.3386870E-02 1.1444684E-02 1.0993447E-02 8.0838422E-04 2.7191308E-04 7.2985393E-03 1.5173769E-04 7.1197969E-03 1.3337897E-01 3.9941567E-02 1.6674881E-04 1.4156860E+00 1.9038605E+01 -1.2197498E-01
3.1381000E+02 2.5927000E+02 8.6700000E+00 2.3600000E+02 10 5.4728772E+01 2.8191982E-01 7.2207333E-01 -7.0432600E-02 1.3528166E-02 1.1488949E-02 1.1041036E-02 8.0242877E-04 2.7647474E-04 7.3682847E-03 1.5061983E-04 7.1815310E-03 1.3426573E-01 4.0362637E-02 1.6671372E-04 1.4152378E+00 1.9038854E+01 -1.2249048E-01
3.1381000E+02 2.5927000E+02 8.6700000E+00 2.4100000E+02 10 5.4724474E+01 2.8371798E-01 7.2650998E-01 -7.0944412E-02 1.3648881E-02 1.1532079E-02 1.1087372E-02 7.9668457E-04 2.8024409E-04 7.4273495E-03 1.4954161E-04 7.2339011E-03 1.3499426E-01 4.0722441E-02 1.6665610E-04 1.4150410E+00 1.9038915E+01 -1.2287717E-01
3.1381000E+02 2.5927000E+02 8.6700000E+00 2.4600000E+02 10 5.4720872E+01 2.8523671E-01 7.3027798E-01 -7.1375837E-02 1.3753182E-02 1.1574026E-02 1.1132416E-02 7.9113688E-04 2.8335328E-04 7.4779382E-03 1.4850028E-04 7.2787947E-03 1.3560488E-01 4.1033371E-02 1.6659074E-04 1.4150000E+00 1.9038864E+01 -1.2317426E-01
3.1381000E+02 2.5927000E+02 8.6700000E+00 2.5100000E+02 10 5.4717807E+01 2.8653665E-01 7.3352356E-01 -7.1744855E-02 1.3844116E-02 1.1614691E-02 1.1176076E-02 7.8577240E-04 2.8592434E-04 7.5216552E-03 1.4749334E-04 7.3175963E-03 1.3612521E-01 4.1304489E-02 1.6652547E-04 1.4150550E+00 1.9038749E+01 -1.2340758E-01
3.1381000E+02 2.5927000E+02 8.6700000E+00 2.5600000E+02 10 5.4715164E+01 2.8766166E-01 7.3635166E-01 -7.2064386E-02 1.3923978E-02 1.1653971E-02 1.1218254E-02 7.8057905E-04 2.8805928E-04 7.5597000E-03 1.4651853E-04 7.3513563E-03 1.3657472E-01 4.1542624E-02 1.6646397E-04 1.4151677E+00 1.9038599E+01 -1.2359463E-01
3.1381000E+02 2.5927000E+02 8.6700000E+00 2.6100000E+02 10 5.4712859E+01 2.8864453E-01 7.3884011E-01 -7.2343970E-02 1.3994565E-02 1.1691773E-02 1.1258866E-02 7.7554586E-04 2.8984388E-04 7.5930122E-03 1.4557377E-04 7.3808949E-03 1.3696761E-01 4.1753123E-02 1.6640813E-04 1.4153133E+00 1.9038431E+01 -1.2374749E-01
3.1381000E+02 2.5927000E+02 8.6700000E+00 2.6400000E+02 10 5.4706644E+01 2.9911349E-01 7.5998681E-01 -7.2499056E-02 1.5541179E-02 1.2624794E-02 1.2193541E-02 7.7258138E-04 3.0767947E-04 8.3821936E-03 1.4501733E-04 8.1211688E-03 1.3719260E-01 4.6367018E-02 1.8666328E-04 1.4524283E+00 1.8956525E+01 -1.1584362E-01
3.1381000E+02 2.5927000E+02 8.6700000E+00 2.6500000E+02 10 5.4701333E+01 3.0912722E-01 7.8009872E-01 -7.2549404E-02 1.7046276E-02 1.3565456E-02 1.3134752E-02 7.7159930E-04 3.2247607E-04 9.1501209E-03 1.4483298E-04 8.8446529E-03 1.3726975E-01 5.0857710E-02 2.0565586E-04 1.4916877E+00 1.8848756E+01 -1.0790097E-01
3.1381000E+02 2.5927000E+02 8.6700000E+00 2.7000000E+02 10 5.4708787E+01 2.9167678E-01 7.4595497E-01 -7.2739827E-02 1.4363528E-02 1.1948482E-02 1.1520187E-02 7.6728346E-04 3.0187750E-04 7.7765857E-03 1.4402288E-04 7.5514829E-03 1.3752553E-01 4.2853737E-02 1.6728330E-04 1.4224062E+00 1.9028993E+01 -1.2245540E-01
3.1381000E+02 2.5927000E+02 8.6700000E+00 2.7500000E+02 10 5.4705877E+01 2.9530382E-01 7.5359117E-01 -7.2911173E-02 1.4866806E-02 1.2276805E-02 1.1850661E-02 7.6343033E-04 3.0650697E-04 8.0309758E-03 1.4329963E-04 7.7908484E-03 1.3776888E-01 4.4355405E-02 1.7419330E-04 1.4339084E+00 1.9004011E+01 -1.2005718E-01
3.1381000E+02 2.5927000E+02 8.6700000E+00 2.8000000E+02 10 5.4703311E+01 2.9837175E-01 7.6016694E-01 -7.3072315E-02 1.5291201E-02 1.2570685E-02 1.2146871E-02 7.5925606E-04 3.1170804E-04 8.2446452E-03 1.4251610E-04 7.9923061E-03 1.3799800E-01 4.5621840E-02 1.7785436E-04 1.4438300E+00 1.8986514E+01 -1.1803469E-01
3.1381000E+02 2.5927000E+02 8.6700000E+00 2.8500000E+02 10 5.4701191E+01 3.0068990E-01 7.6534251E-01 -7.3222231E-02 1.5611329E-02 1.2817754E-02 1.2396320E-02 7.5499116E-04 3.1642757E-04 8.4046122E-03 1.4171555E-04 8.1440174E-03 1.3821152E-01 4.6577366E-02 1.7965367E-04 1.4514916E+00 1.8975006E+01 -1.1651226E-01
3.1381000E+02 2.5927000E+02 8.6700000E+00 2.8900000E+02 10 5.4697439E+01 3.0676971E-01 7.7802884E-01 -7.3334739E-02 1.6518962E-02 1.3432692E-02 1.3013142E-02 7.5161817E-04 3.2761411E-04 8.8652429E-03 1.4108243E-04 8.5789990E-03 1.3837502E-01 4.9285746E-02 1.8924462E-04 1.4747483E+00 1.8926978E+01 -1.1178109E-01
3.1381000E+02 2.5927000E+02 8.6700000E+00 2.9000000E+02 10 5.4689924E+01 3.2150622E-01 8.0786189E-01 -7.3362401E-02 1.8762657E-02 1.4893044E-02 1.4473962E-02 7.5077866E-04 3.4660981E-04 1.0008768E-02 1.4092485E-04 9.6601337E-03 1.3842326E-01 5.5981132E-02 2.1610839E-04 1.5371624E+00 1.8735351E+01 -9.9737289E-02
3.1381000E+02 2.5927000E+02 8.6700000E+00 2.9500000E+02 10 5.4737836E+01 2.9245960E-01 7.4069683E-01 -6.8701036E-02 1.5796458E-02 1.3080117E-02 1.2663293E-02 7.4673262E-04 3.2462019E-04 8.4914217E-03 1.4016539E-04 8.2296561E-03 1.3136362E-01 4.7130708E-02 1.7653190E-04 1.4901010E+00 1.8942661E+01 -1.0584406E-01
3.1381000E+02 2.5927000E+02 8.6700000E+00 3.0000000E+02 10 5.4800258E+01 2.7598466E-01 6.9372332E-01 -6.1136819E-02 1.5670555E-02 1.3190073E-02 1.2775421E-02 7.4284245E-04 3.2120486E-04 8.4192437E-03 1.3943518E-04 8.1728055E-03 1.1993747E-01 4.6757730E-02 1.7613516E-04 1.5496385E+00 1.8879275E+01 -9.0526246E-02
3.1381000E+02 2.5927000E+02 8.6700000E+00 3.0100000E+02 10 5.4805268E+01 2.8902667E-01 7.1854882E-01 -5.9531981E-02 1.8244001E-02 1.5115750E-02 1.4701529E-02 7.4207061E-04 3.4230781E-04 9.7235582E-03 1.3929030E-04 9.4222138E-03 1.1752663E-01 5.4440801E-02 2.1039621E-04 1.6588516E+00 1.8612389E+01 -7.2861757E-02
3.1381000E+02 2.5927000E+02 8.6700000E+00 3.0200000E+02 10 5.4819390E+01 2.8466446E-01 7.0703002E-01 -5.7864389E-02 1.8121292E-02 1.5126250E-02 1.4712456E-02 7.4130489E-04 3.4415306E-04 9.6582614E-03 1.3914657E-04 9.3652355E-03 1.1500740E-01 5.4075704E-02 2.0730461E-04 1.6746400E+00 1.8611871E+01 -6.9908179E-02
3.1381000E+02 2.5927000E+02 8.6700000E+00 3.0300000E+02 10 5.4836318E+01 2.7871325E-01 6.9199001E-01 -5.5913826E-02 1.7861227E-02 1.5087395E-02 1.4669503E-02 7.4864657E-04 3.4466191E-04 9.5271198E-03 1.4052464E-04 9.2493941E-03 1.1204206E-01 5.3300950E-02 2.0291163E-04 1.6898034E+00 1.8616500E+01 -6.6997514E-02
3.1381000E+02 2.5927000E+02 8.6700000E+00 3.0800000E+02 10 5.4913955E+01 2.3866876E-01 5.9613195E-01 -4.7861276E-02 1.4262967E-02 1.2930329E-02 1.2511025E-02 7.5117601E-04 3.0402490E-04 7.6891207E-03 1.4099943E-04 7.5223870E-03 9.9848859E-02 4.2565540E-02 1.5733286E-04 1.6416248E+00 1.8810735E+01 -6.9405586E-02
3.1381000E+02 2.5927000E+02 8.6700000E+00 3.1300000E+02 10 5.4964896E+01 2.2094712E-01 5.5117319E-01 -4.1985227E-02 1.3487039E-02 1.2826675E-02 1.2408120E-02 7.4983309E-04 2.8563693E-04 7.2818442E-03 1.4074736E-04 7.1605734E-03 9.0969730E-02 4.0255224E-02 1.5260885E-04 1.6871978E+00 1.8763070E+01 -6.0704416E-02
3.1381000E+02 2.5927000E+02 8.6700000E+00 3.1800000E+02 10 5.5000502E+01 2.0822623E-01 5.1961779E-01 -3.7902536E-02 1.2910884E-02 1.2821627E-02 1.2402960E-02 7.5003498E-04 2.6980518E-04 6.9789256E-03 1.4078525E-04 6.8943237E-03 8.4795955E-02 3.8540163E-02 1.4862618E-04 1.7231442E+00 1.8724746E+01 -5.4677518E-02
3.1381000E+02 2.5927000E+02 8.6700000E+00 3.2300000E+02 10 5.5025206E+01 1.9897409E-01 4.9732065E-01 -3.5100985E-02 1.2456806E-02 1.2854586E-02 1.2435057E-02 7.5157884E-04 2.5586818E-04 6.7403300E-03 1.4107504E-04 6.6862960E-03 8.0553599E-02 3.7188483E-02 1.4508375E-04 1.7488190E+00 1.8697559E+01 -5.0702172E-02
3.1381000E+02 2.5927000E+02 8.6700000E+00 3.2800000E+02 10 5.5042580E+01 1.9208583E-01 4.8118868E-01 -3.3158738E-02 1.2084159E-02 1.2892125E-02 1.2471459E-02 7.5361554E-04 2.4367137E-04 6.5448194E-03 1.4145734E-04 6.5162443E-03 7.7607417E-02 3.6078963E-02 1.4200656E-04 1.7658630E+00 1.8679738E+01 -4.8145112E-02
3.1381000E+02 2.5927000E+02 8.6700000E+00 3.2900000E+02 10 5.5039871E+01 2.0268783E-01 5.0617934E-01 -3.2801479E-02 1.4056251E-02 1.4790157E-02 1.4369257E-02 7.5403563E-04 2.5936023E-04 7.5352474E-03 1.4153620E-04 7.4862033E-03 7.7080996E-02 4.1970644E-02 1.7232575E-04 1.9131325E+00 1.8401597E+01 -3.5598217E-02
3.1381000E+02 2.5927000E+02 8.6700000E+00 3.3000000E+02 10 5.5042910E+01 2.0132985E-01 5.0308291E-01 -3.2472450E-02 1.3966261E-02 1.4779807E-02 1.4358669E-02 7.5446187E-04 2.5885661E-04 7.4888696E-03 1.4161620E-04 7.4439605E-03 7.6580621E-02 4.1702209E-02 1.6969212E-04 1.9156285E+00 1.8411992E+01 -3.5307926E-02
3.1381000E+02 2.5927000E+02 8.6700000E+00 3.3500000E+02 10 5.5036639E+01 1.9199358E-01 4.7985487E-01 -3.1739169E-02 1.1486514E-02 1.2817607E-02 1.2395438E-02 7.5630879E-04 2.2921379E-04 6.2353548E-03 1.4196288E-04 6.2375489E-03 7.9086160E-02 3.4297398E-02 1.3432800E-04 1.6992798E+00 1.8755381E+01 -5.5151236E-02
3.1381000E+02 2.5927000E+02 8.6700000E+00 3.4000000E+02 10 5.5008388E+01 2.0282351E-01 5.0089444E-01 -3.1537395E-02 1.1523835E-02 1.2806305E-02 1.2383360E-02 7.5769817E-04 2.2445994E-04 6.2565429E-03 1.4222367E-04 6.2548315E-03 8.4242147E-02 3.4407740E-02 1.3721703E-04 1.6215608E+00 1.8829178E+01 -6.5660947E-02
3.1381000E+02 2.5927000E+02 8.6700000E+00 3.4500000E+02 10 5.4978506E+01 2.1609252E-01 5.2615765E-01 -3.1517757E-02 1.1884355E-02 1.2827786E-02 1.2404340E-02 7.5859690E-04 2.2602373E-04 6.4471728E-03 1.4239237E-04 6.4215533E-03 8.9474299E-02 3.5480428E-02 1.4227905E-04 1.5654735E+00 1.8881959E+01 -7.4774951E-02
3.1381000E+02 2.5927000E+02 8.6700000E+00 3.5000000E+02 10 5.4953969E+01 2.2796893E-01 5.4835747E-01 -3.1510652E-02 1.2337794E-02 1.2856162E-02 1.2432471E-02 7.5903488E-04 2.3059530E-04 6.6869080E-03 1.4247458E-04 6.6303377E-03 9.3660302E-02 3.6829671E-02 1.4734638E-04 1.5298801E+00 1.8915400E+01 -8.1373280E-02
3.1381000E+02 2.5927000E+02 8.6700000E+00 3.5500000E+02 10 5.4936084E+01 2.3720670E-01 5.6532479E-01 -3.1466463E-02 1.2754366E-02 1.2879558E-02 1.2455851E-02 7.5906496E-04 2.3619744E-04 6.9073918E-03 1.4248023E-04 6.8213508E-03 9.6650776E-02 3.8069153E-02 1.5148527E-04 1.5082730E+00 1.8935799E+01 -8.5747772E-02
3.1381000E+02 2.5927000E+02 8.6700000E+00 3.6000000E+02 10 5.4923774E+01 2.4393195E-01 5.7745998E-01 -3.1386328E-02 1.3091485E-02 1.2895664E-02 1.2472135E-02 7.5874424E-04 2.4190267E-04 7.0859689E-03 1.4242003E-04 6.9752794E-03 9.8673771E-02 3.9072190E-02 1.5457394E-04 1.4952842E+00 1.8948151E+01 -8.8533661E-02
3.1381000E+02 2.5927000E+02 8.6700000E+00 3.6500000E+02 10 5.4915478E+01 2.4870855E-01 5.8592199E-01 -3.1284564E-02 1.3350044E-02 1.2905972E-02 1.2482788E-02 7.5812640E-04 2.4733014E-04 7.2229826E-03 1.4230405E-04 7.0927586E-03 1.0001547E-01 3.9841481E-02 1.5678987E-04 1.4874033E+00 1.8955702E+01 -9.0289033E-02
3.1381000E+02 2.5927000E+02 8.6700000E+00 3.7000000E+02 10 5.4909874E+01 2.5210435E-01 5.9182538E-01 -3.1174403E-02 1.3545273E-02 1.2912688E-02 1.2489989E-02 7.5725909E-04 2.5229938E-04 7.3264337E-03 1.4214126E-04 7.1809069E-03 1.0090791E-01 4.0422358E-02 1.5836171E-04 1.4825164E+00 1.8960417E+01 -9.1404861E-02
3.1381000E+02 2.5927000E+02 8.6700000E+00 3.7500000E+02 10 5.4906024E+01 2.5455865E-01 5.9601286E-01 -3.1064673E-02 1.3693493E-02 1.2917601E-02 1.2495502E-02 7.5618347E-04 2.5670901E-04 7.4049472E-03 1.4193936E-04 7.2472808E-03 1.0151219E-01 4.0863390E-02 1.5948208E-04 1.4793940E+00 1.8963450E+01 -9.2129438E-02
3.1381000E+02 2.5927000E+02 8.6700000E+00 3.8000000E+02 10 5.4903309E+01 2.5637643E-01 5.9906000E-01 -3.0960298E-02 1.3807855E-02 1.2921876E-02 1.2500474E-02 7.5493465E-04 2.6054411E-04 7.4654854E-03 1.4170495E-04 7.2979534E-03 1.0193240E-01 4.1203700E-02 1.6029241E-04 1.4773296E+00 1.8965469E+01 -9.2613541E-02
3.1381000E+02 2.5927000E+02 8.6700000E+00 3.8500000E+02 10 5.4901338E+01 2.5775952E-01 6.0134225E-01 -3.0863563E-02 1.3897873E-02 1.2926161E-02 1.2505536E-02 7.5354237E-04 2.6383615E-04 7.5130876E-03 1.4144361E-04 7.3373203E-03 1.0223375E-01 4.1471588E-02 1.6088954E-04 1.4759152E+00 1.8966861E+01 -9.2947391E-02
3.1381000E+02 2.5927000E+02 8.6700000E+00 3.9000000E+02 10 5.4899864E+01 2.5883953E-01 6.0310085E-01 -3.0775204E-02 1.3970146E-02 1.2930755E-02 1.2510973E-02 7.5203171E-04 2.6662616E-04 7.5512469E-03 1.4116005E-04 7.3684381E-03 1.0245673E-01 4.1686680E-02 1.6133826E-04 1.4749113E+00 1.8967856E+01 -9.3185186E-02
3.1381000E+02 2.5927000E+02 8.6700000E+00 3.9500000E+02 10 5.4898732E+01 2.5970271E-01 6.0449151E-01 -3.0695124E-02 1.4029212E-02 1.2935738E-02 1.2516854E-02 7.5042377E-04 2.6896704E-04 7.5823637E-03 1.4085823E-04 7.3934184E-03 1.0262672E-01 4.1862481E-02 1.6168183E-04 1.4741743E+00 1.8968592E+01 -9.3359980E-02
3.1381000E+02 2.5927000E+02 8.6700000E+00 4.0000000E+02 10 5.4897840E+01 2.6040663E-01 6.0561647E-01 -3.0622833E-02 1.4078233E-02 1.2941074E-02 1.2523132E-02 7.4873625E-04 2.7091849E-04 7.6081048E-03 1.4054148E-04 7.4137377E-03 1.0275991E-01 4.2008386E-02 1.6194919E-04 1.4736155E+00 1.8969155E+01 -9.3492389E-02
3.1381000E+02 2.5927000E+02 8.6700000E+00 4.0500000E+02 10 5.4897122E+01 2.6099069E-01 6.0654456E-01 -3.0557682E-02 1.4119452E-02 1.2946671E-02 1.2529707E-02 7.4698396E-04 2.7254305E-04 7.6296545E-03 1.4021256E-04 7.4304505E-03 1.0286687E-01 4.2131078E-02 1.6216036E-04 1.4731787E+00 1.8969599E+01 -9.3595606E-02
3.1381000E+02 2.5927000E+02 8.6700000E+00 4.1000000E+02 10 5.4896532E+01 2.6148265E-01 6.0732342E-01 -3.0498990E-02 1.4154511E-02 1.2952416E-02 1.2536460E-02 7.4517932E-04 2.7389593E-04 7.6478772E-03 1.3987382E-04 7.4443279E-03 1.0295472E-01 4.2235432E-02 1.6232928E-04 1.4728275E+00 1.8969960E+01 -9.3678303E-02
3.1381000E+02 2.5927000E+02 8.6700000E+00 4.1200000E+02 10 5.4889362E+01 2.7563541E-01 6.3602588E-01 -3.0476503E-02 1.6330252E-02 1.4326512E-02 1.3910963E-02 7.4444982E-04 2.9605165E-04 8.7598499E-03 1.3973689E-04 8.4894659E-03 1.0299777E-01 4.8727454E-02 1.9140905E-04 1.5417500E+00 1.8816259E+01 -8.2157030E-02
3.1381000E+02 2.5927000E+02 8.6700000E+00 4.1700000E+02 10 5.4896453E+01 2.6086132E-01 6.0598630E-01 -3.0425836E-02 1.4022407E-02 1.2873333E-02 1.2458823E-02 7.4258794E-04 2.7631865E-04 7.5804737E-03 1.3938741E-04 7.3768841E-03 1.0305443E-01 4.1840950E-02 1.5860187E-04 1.4675316E+00 1.8982720E+01 -9.4651564E-02
3.1381000E+02 2.5927000E+02 8.6700000E+00 4.2200000E+02 10 5.4896089E+01 2.6114922E-01 6.0637276E-01 -3.0380141E-02 1.4036453E-02 1.2864907E-02 1.2451453E-02 7.4069595E-04 2.7509637E-04 7.5875593E-03 1.3903227E-04 7.3809780E-03 1.0311409E-01 4.1882697E-02 1.6030204E-04 1.4668800E+00 1.8980277E+01 -9.4776639E-02
3.1381000E+02 2.5927000E+02 8.6700000E+00 4.2700000E+02 10 5.4895590E+01 2.6176958E-01 6.0739703E-01 -3.0338904E-02 1.4101914E-02 1.2883432E-02 1.2471047E-02 7.3878059E-04 2.7543126E-04 7.6211046E-03 1.3867275E-04 7.4095194E-03 1.0316618E-01 4.2077739E-02 1.6152494E-04 1.4678045E+00 1.8977244E+01 -9.4619536E-02
3.1381000E+02 2.5927000E+02 8.6700000E+00 4.2900000E+02 10 5.4888395E+01 2.7608295E-01 6.3634802E-01 -3.0323091E-02 1.6301974E-02 1.4260539E-02 1.3848584E-02 7.3801110E-04 2.9751674E-04 8.7459172E-03 1.3852831E-04 8.4658137E-03 1.0319659E-01 4.8642186E-02 1.9117691E-04 1.5368989E+00 1.8823570E+01 -8.2960617E-02
3.1381000E+02 2.5927000E+02 8.6700000E+00 4.3000000E+02 10 5.4886160E+01 2.8050118E-01 6.4533467E-01 -3.0315351E-02 1.6978708E-02 1.4706104E-02 1.4294364E-02 7.3762557E-04 3.0595360E-04 9.0915156E-03 1.3845595E-04 8.7909962E-03 1.0320865E-01 5.0661569E-02 1.9812170E-04 1.5602013E+00 1.8765477E+01 -7.9340269E-02
3.1381000E+02 2.5927000E+02 8.6700000E+00 4.3500000E+02 10 5.4894925E+01 2.6309892E-01 6.1026701E-01 -3.0267740E-02 1.4317406E-02 1.3061766E-02 1.2646231E-02 7.4442354E-04 2.8443575E-04 7.7362188E-03 1.3973196E-04 7.5158867E-03 1.0315937E-01 4.2720267E-02 1.6112951E-04 1.4744204E+00 1.8970515E+01 -9.3442278E-02
3.1381000E+02 2.5927000E+02 8.6700000E+00 4.3600000E+02 10 5.4885430E+01 2.8219990E-01 6.4906166E-01 -3.0259100E-02 1.7261411E-02 1.4960871E-02 1.4544764E-02 7.4544974E-04 3.0906947E-04 9.2402673E-03 1.3992458E-04 8.9339376E-03 1.0316952E-01 5.1505575E-02 2.0197695E-04 1.5712580E+00 1.8727295E+01 -7.7653892E-02
3.1381000E+02 2.5927000E+02 8.6700000E+00 4.3700000E+02 10 5.4886066E+01 2.8239572E-01 6.4912179E-01 -3.0075845E-02 1.7310238E-02 1.4995888E-02 1.4579624E-02 7.4573113E-04 3.1314172E-04 9.2659447E-03 1.3997740E-04 8.9569661E-03 1.0302171E-01 5.1651020E-02 2.0040761E-04 1.5734228E+00 1.8734095E+01 -7.7270689E-02
3.1381000E+02 2.5927000E+02 8.6700000E+00 4.3800000E+02 10 5.4888453E+01 2.8219946E-01 6.4767677E-01 -2.9521086E-02 1.7339010E-02 1.5021859E-02 1.4605654E-02 7.4562312E-04 3.1640589E-04 9.2810217E-03 1.3995713E-04 8.9701767E-03 1.0256188E-01 5.1736671E-02 1.9923152E-04 1.5757147E+00 1.8738293E+01 -7.6728777E-02
3.1381000E+02 2.5927000E+02 8.6700000E+00 4.4300000E+02 10 5.4945878E+01 2.5829635E-01 5.7775699E-01 -1.8617114E-02 1.4798077E-02 1.3420994E-02 1.3010155E-02 7.3601185E-04 2.9385122E-04 7.9770704E-03 1.3815304E-04 7.7399682E-03 9.3423338E-02 4.4154549E-02 1.6522738E-04 1.5082566E+00 1.8927712E+01 -8.2769610E-02
3.1381000E+02 2.5927000E+02 8.6700000E+00 4.4400000E+02 10 5.4948054E+01 2.7470273E-01 6.0670850E-01 -1.6144799E-02 1.7608652E-02 1.5325650E-02 1.4915609E-02 7.3458006E-04 3.1646323E-04 9.4086888E-03 1.3788429E-04 9.0953167E-03 9.1361779E-02 5.2543100E-02 2.0354248E-04 1.6191153E+00 1.8660908E+01 -6.5815391E-02
3.1381000E+02 2.5927000E+02 8.6700000E+00 4.4500000E+02 10 5.4960368E+01 2.7296223E-01 5.9794803E-01 -1.3413240E-02 1.7637655E-02 1.5373541E-02 1.4963883E-02 7.3389578E-04 3.1950072E-04 9.4227995E-03 1.3775585E-04 9.1090840E-03 8.9061188E-02 5.2629790E-02 2.0203720E-04 1.6281633E+00 1.8660822E+01 -6.3698439E-02
3.1381000E+02 2.5927000E+02 8.6700000E+00 4.5000000E+02 10 5.5027723E+01 2.4877457E-01 5.2305919E-01 -2.3115525E-04 1.5323631E-02 1.3936268E-02 1.3526861E-02 7.3344607E-04 2.9956804E-04 8.2403049E-03 1.3767144E-04 7.9953929E-03 7.7926340E-02 4.5724665E-02 1.7111378E-04 1.5667576E+00 1.8852010E+01 -6.6753529E-02
3.1381000E+02 2.5927000E+02 8.6700000E+00 4.5300000E+02 10 5.5057268E+01 2.5263286E-01 5.1735077E-01 7.2679739E-03 1.6777374E-02 1.5088393E-02 1.4679124E-02 7.3319894E-04 3.1188366E-04 8.9769541E-03 1.3762505E-04 8.7018847E-03 7.1606445E-02 5.0065388E-02 1.8989181E-04 1.6556110E+00 1.8693405E+01 -5.3309652E-02
3.1381000E+02 2.5927000E+02 8.6700000E+00 4.5400000E+02 10 5.5064612E+01 2.5845940E-01 5.2554848E-01 9.7101506E-03 1.7989954E-02 1.6082705E-02 1.5673506E-02 7.3307358E-04 3.2134246E-04 9.5904386E-03 1.3760152E-04 9.2924697E-03 6.9551449E-02 5.3686460E-02 2.0320496E-04 1.7339396E+00 1.8511386E+01 -4.4699501E-02
3.1381000E+02 2.5927000E+02 8.6700000E+00 4.5900000E+02 10 5.5124109E+01 2.3244399E-01 4.5045910E-01 2.0822313E-02 1.5131851E-02 1.4218932E-02 1.3811321E-02 7.3022766E-04 2.9345286E-04 8.1291426E-03 1.3706732E-04 7.9139200E-03 6.0186234E-02 4.5156700E-02 1.6677102E-04 1.6206553E+00 1.8801554E+01 -5.2323189E-02
3.1381000E+02 2.5927000E+02 8.6700000E+00 4.6400000E+02 10 5.5162495E+01 2.2443921E-01 4.1907364E-01 2.9044538E-02 1.4815961E-02 1.4213993E-02 1.3807878E-02 7.2754889E-04 2.8369333E-04 7.9596645E-03 1.3656450E-04 7.7673431E-03 5.3277426E-02 4.4216263E-02 1.6514433E-04 1.6342666E+00 1.8786769E+01 -4.7946408E-02
3.1381000E+02 2.5927000E+02 8.6700000E+00 4.6900000E+02 10 5.5189928E+01 2.1873998E-01 3.9678388E-01 3.4931945E-02 1.4597540E-02 1.4236787E-02 1.3831980E-02 7.2520502E-04 2.7547143E-04 7.8413005E-03 1.3612455E-04 7.6664965E-03 4.8340043E-02 4.3566037E-02 1.6403133E-04 1.6457721E+00 1.8773513E+01 -4.4752371E-02
3.1381000E+02 2.5927000E+02 8.6700000E+00 4.7400000E+02 10 5.5209632E+01 2.1454544E-01 3.8068796E-01 3.9157617E-02 1.4426601E-02 1.4266473E-02 1.3862931E-02 7.2293830E-04 2.6820527E-04 7.7480432E-03 1.3569907E-04 7.5875386E-03 4.4806206E-02 4.3057067E-02 1.6300405E-04 1.6542303E+00 1.8763872E+01 -4.2513526E-02
3.1381000E+02 2.5927000E+02 8.6700000E+00 4.7900000E+02 10 5.5224045E+01 2.1133116E-01 3.6872719E-01 4.2239351E-02 1.4279407E-02 1.4291189E-02 1.3888901E-02 7.2069208E-04 2.6180564E-04 7.6678357E-03 1.3527745E-04 7.5189537E-03 4.2238280E-02 4.2618630E-02 1.6201045E-04 1.6596832E+00 1.8757793E+01 -4.0985998E-02
3.1381000E+02 2.5927000E+02 8.6700000E+00 4.8100000E+02 10 5.5223940E+01 2.2053961E-01 3.8748167E-01 4.3317772E-02 1.5937795E-02 1.5659907E-02 1.5258119E-02 7.1979620E-04 2.7292784E-04 8.5068221E-03 1.3510929E-04 8.3254728E-03 4.1351171E-02 4.7570558E-02 1.8434861E-04 1.7873094E+00 1.8533625E+01 -3.0823205E-02
3.1381000E+02 2.5927000E+02 8.6700000E+00 4.8200000E+02 10 5.5224807E+01 2.2299555E-01 3.9235119E-01 4.3821732E-02 1.6414453E-02 1.6105846E-02 1.5704308E-02 7.1934896E-04 2.7553736E-04 8.7469814E-03 1.3502534E-04 8.5581246E-03 4.0934689E-02 4.8994101E-02 1.8922157E-04 1.8350773E+00 1.8443235E+01 -2.7669928E-02
3.1381000E+02 2.5927000E+02 8.6700000E+00 4.8700000E+02 10 5.5242256E+01 2.0474367E-01 3.4899267E-01 4.5844621E-02 1.3664567E-02 1.4044152E-02 1.3643872E-02 7.1709442E-04 2.5080675E-04 7.3493239E-03 1.3460215E-04 7.2224555E-03 3.9246634E-02 4.0783926E-02 1.5353079E-04 1.6395657E+00 1.8795146E+01 -4.1572572E-02
3.1381000E+02 2.5927000E+02 8.6700000E+00 4.9200000E+02 10 5.5250053E+01 2.0202080E-01 3.4048313E-01 4.7408639E-02 1.3408167E-02 1.3892816E-02 1.3493843E-02 7.1475376E-04 2.4329956E-04 7.2169208E-03 1.3416280E-04 7.0972121E-03 3.7960798E-02 4.0018842E-02 1.5339503E-04 1.6300790E+00 1.8803198E+01 -4.1893784E-02
3.1381000E+02 2.5927000E+02 8.6700000E+00 4.9700000E+02 10 5.5255870E+01 2.0052167E-01 3.3492305E-01 4.8644128E-02 1.3295830E-02 1.3807020E-02 1.3409235E-02 7.1262506E-04 2.3871061E-04 7.1591836E-03 1.3376323E-04 7.0403428E-03 3.6949812E-02 3.9683301E-02 1.5382325E-04 1.6272237E+00 1.8804181E+01 -4.1725389E-02
3.1381000E+02 2.5927000E+02 8.6700000E+00 5.0200000E+02 10 5.5260452E+01 1.9953829E-01 3.3085337E-01 4.9645278E-02 1.3236769E-02 1.3754802E-02 1.3358145E-02 7.1060327E-04 2.3559558E-04 7.1288805E-03 1.3338373E-04 7.0090310E-03 3.6134824E-02 3.9506718E-02 1.5410959E-04 1.6266267E+00 1.8803524E+01 -4.1434084E-02
3.1381000E+02 2.5927000E+02 8.6700000E+00 5.0500000E+02 10 5.5259346E+01 2.0611735E-01 3.4426270E-01 5.0177072E-02 1.4375938E-02 1.4608147E-02 1.4212156E-02 7.0941037E-04 2.4504842E-04 7.7080617E-03 1.3315982E-04 7.5588154E-03 3.5710349E-02 4.2907186E-02 1.7003868E-04 1.7043649E+00 1.8675827E+01 -3.4791752E-02
3.1381000E+02 2.5927000E+02 8.6700000E+00 5.0600000E+02 10 5.5256835E+01 2.1255498E-01 3.5834998E-01 5.0347200E-02 1.5463808E-02 1.5495044E-02 1.5099274E-02 7.0901441E-04 2.5230774E-04 8.2592658E-03 1.3308549E-04 8.0872940E-03 3.5578572E-02 4.6155540E-02 1.8395340E-04 1.7943632E+00 1.8508702E+01 -2.8518876E-02
3.1381000E+02 2.5927000E+02 8.6700000E+00 5.1100000E+02 10 5.5268364E+01 1.9553852E-01 3.1970103E-01 5.1104449E-02 1.2749256E-02 1.3425224E-02 1.3030895E-02 7.0643359E-04 2.2922105E-04 6.8804722E-03 1.3260106E-04 6.7673953E-03 3.4956760E-02 3.8050888E-02 1.4700181E-04 1.6025619E+00 1.8842507E+01 -4.3163676E-02
3.1381000E+02 2.5927000E+02 8.6700000E+00 5.1600000E+02 10 5.5271548E+01 1.9433157E-01 3.1565548E-01 5.1744932E-02 1.2608640E-02 1.3270719E-02 1.2877618E-02 7.0423290E-04 2.2493252E-04 6.8092072E-03 1.3218798E-04 6.6958696E-03 3.4446088E-02 3.7630904E-02 1.4792494E-04 1.5949737E+00 1.8847979E+01 -4.3654686E-02
3.1381000E+02 2.5927000E+02 8.6700000E+00 5.2100000E+02 10 5.5273941E+01 1.9394755E-01 3.1339196E-01 5.2292898E-02 1.2580640E-02 1.3181650E-02 1.2789671E-02 7.0222494E-04 2.2297864E-04 6.7958145E-03 1.3181107E-04 6.6783823E-03 3.4011250E-02 3.7546813E-02 1.4896091E-04 1.5932528E+00 1.8847694E+01 -4.3620360E-02
3.1381000E+02 2.5927000E+02 8.6700000E+00 5.2600000E+02 10 5.5275920E+01 1.9379112E-01 3.1178905E-01 5.2768367E-02 1.2582090E-02 1.3123948E-02 1.2733085E-02 7.0022511E-04 2.2194698E-04 6.7971374E-03 1.3143570E-04 6.6754559E-03 3.3636619E-02 3.7550701E-02 1.4961721E-04 1.5932114E+00 1.8846508E+01 -4.3453219E-02
3.1381000E+02 2.5927000E+02 8.6700000E+00 5.3100000E+02 10 5.5277647E+01 1.9365146E-01 3.1040725E-01 5.3185225E-02 1.2583358E-02 1.3078978E-02 1.2689242E-02 6.9820598E-04 2.2119897E-04 6.7979995E-03 1.3105670E-04 6.6728475E-03 3.3310766E-02 3.7554177E-02 1.4992750E-04 1.5932565E+00 1.8845853E+01 -4.3300887E-02
3.1381000E+02 2.5927000E+02 8.6700000E+00 5.3600000E+02 10 5.5279184E+01 1.9349001E-01 3.0912818E-01 5.3553705E-02 1.2578830E-02 1.3039048E-02 1.2650442E-02 6.9618154E-04 2.2053329E-04 6.7956608E-03 1.3067670E-04 6.6677250E-03 3.3025054E-02 3.7540442E-02 1.5003605E-04 1.5930190E+00 1.8845820E+01 -4.3194137E-02
3.1381000E+02 2.5927000E+02 8.6700000E+00 5.4100000E+02 10 5.5280561E+01 1.9331673E-01 3.0793718E-01 5.3881705E-02 1.2569992E-02 1.3001699E-02 1.2614216E-02 6.9416923E-04 2.1991322E-04 6.7909848E-03 1.3029898E-04 6.6607032E-03 3.2772768E-02 3.7513889E-02 1.5004841E-04 1.5925332E+00 1.8846196E+01 -4.3126219E-02
3.1381000E+02 2.5927000E+02 8.6700000E+00 5.4600000E+02 10 5.5281796E+01 1.9314583E-01 3.0683897E-01 5.4175502E-02 1.2559140E-02 1.2966402E-02 1.2580029E-02 6.9218068E-04 2.1934258E-04 6.7852156E-03 1.2992572E-04 6.6528197E-03 3.2548587E-02 3.7481345E-02 1.5002144E-04 1.5919048E+00 1.8846785E+01 -4.3084492E-02
3.1381000E+02 2.5927000E+02 8.6700000E+00 5.5100000E+02 10 5.5282906E+01 1.9298616E-01 3.0583516E-01 5.4440171E-02 1.2547858E-02 1.2933132E-02 1.2547852E-02 6.9022163E-04 2.1882738E-04 6.7792011E-03 1.2955799E-04 6.6448009E-03 3.2348237E-02 3.7447527E-02 1.4998159E-04 1.5912163E+00 1.8847459E+01 -4.3059101E-02
3.1381000E+02 2.5927000E+02 8.6700000E+00 5.5600000E+02 10 5.5283907E+01 1.9284150E-01 3.0492201E-01 5.4679856E-02 1.2536998E-02 1.2901893E-02 1.2517689E-02 6.8829393E-04 2.1837747E-04 6.7733922E-03 1.2919616E-04 6.6370426E-03 3.2168247E-02 3.7414975E-02 1.4993896E-04 1.5905176E+00 1.8848156E+01 -4.3043774E-02
3.1381000E+02 2.5927000E+02 8.6700000E+00 5.6100000E+02 10 5.5284812E+01 1.9271264E-01 3.0409247E-01 5.4897965E-02 1.2526938E-02 1.2872618E-02 1.2489473E-02 6.8639732E-04 2.1798230E-04 6.7679820E-03 1.2884015E-04 6.6297249E-03 3.2005784E-02 3.7384813E-02 1.4989765E-04 1.5898335E+00 1.8848843E+01 -4.3034854E-02
3.1381000E+02 2.5927000E+02 8.6700000E+00 5.6600000E+02 10 5.5285633E+01 1.9259916E-01 3.0333860E-01 5.5097320E-02 1.2517812E-02 1.2845178E-02 1.2463075E-02 6.8453056E-04 2.1762571E-04 6.7630449E-03 1.2848975E-04 6.6229054E-03 3.1858511E-02 3.7357444E-02 1.4985899E-04 1.5891755E+00 1.8849507E+01 -4.3030204E-02
3.1381000E+02 2.5927000E+02 8.6700000E+00 5.7100000E+02 10 5.5286381E+01 1.9249973E-01 3.0265224E-01 5.5280267E-02 1.2509620E-02 1.2819416E-02 1.2438339E-02 6.8269212E-04 2.1730949E-04 6.7585845E-03 1.2814467E-04 6.6165770E-03 3.1724489E-02 3.7332864E-02 1.4982314E-04 1.5885476E+00 1.8850139E+01 -4.3028601E-02
3.1381000E+02 2.5927000E+02 8.6700000E+00 5.7600000E+02 10 5.5287064E+01 1.9241295E-01 3.0202591E-01 5.5448778E-02 1.2502304E-02 1.2795168E-02 1.2415103E-02 6.8088048E-04 2.1702962E-04 6.7545743E-03 1.2780462E-04 6.6107085E-03 3.1602095E-02 3.7310905E-02 1.4978949E-04 1.5879498E+00 1.8850745E+01 -4.3029312E-02
3.1381000E+02 2.5927000E+02 8.6700000E+00 5.8100000E+02 10 5.5287689E+01 1.9233752E-01 3.0145300E-01 5.5604514E-02 1.2495794E-02 1.2772280E-02 1.2393212E-02 6.7909424E-04 2.1678303E-04 6.7509792E-03 1.2746933E-04 6.6052626E-03 3.1489965E-02 3.7291357E-02 1.4975875E-04 1.5873809E+00 1.8851322E+01 -4.3031856E-02
3.1381000E+02 2.5927000E+02 8.6700000E+00 5.8200000E+02 10 5.5280335E+01 2.0734809E-01 3.3378877E-01 5.5635163E-02 1.4936404E-02 1.4563065E-02 1.4184196E-02 6.7873799E-04 2.3542237E-04 7.9925368E-03 1.2740246E-04 7.7859395E-03 3.1482427E-02 4.4577441E-02 1.8438671E-04 1.7564278E+00 1.8545179E+01 -2.9584385E-02
3.1381000E+02 2.5927000E+02 8.6700000E+00 5.8700000E+02 10 5.5288742E+01 1.9144268E-01 2.9933194E-01 5.5747676E-02 1.2372988E-02 1.2694742E-02 1.2314389E-02 6.8139612E-04 2.1700462E-04 6.6909350E-03 1.2790140E-04 6.5465369E-03 3.1360701E-02 3.6924514E-02 1.4689966E-04 1.5812385E+00 1.8863018E+01 -4.3569536E-02
3.1381000E+02 2.5927000E+02 8.6700000E+00 5.9200000E+02 10 5.5289310E+01 1.9123089E-01 2.9857133E-01 5.5867892E-02 1.2345786E-02 1.2658746E-02 1.2278842E-02 6.8059062E-04 2.1620469E-04 6.6773969E-03 1.2775021E-04 6.5319077E-03 3.1271012E-02 3.6843251E-02 1.4762957E-04 1.5795510E+00 1.8863002E+01 -4.3690110E-02
3.1381000E+02 2.5927000E+02 8.6700000E+00 5.9700000E+02 10 5.5289667E+01 1.9135271E-01 2.9848468E-01 5.5977960E-02 1.2366305E-02 1.2652857E-02 1.2273596E-02 6.7944128E-04 2.1628233E-04 6.6881555E-03 1.2753447E-04 6.5397940E-03 3.1191460E-02 3.6904305E-02 1.4829267E-04 1.5804184E+00 1.8860697E+01 -4.3568488E-02
3.1381000E+02 2.5927000E+02 8.6700000E+00 6.0200000E+02 10 5.5289977E+01 1.9149023E-01 2.9850453E-01 5.6077156E-02 1.2391321E-02 1.2659563E-02 1.2280767E-02 6.7860832E-04 2.1656421E-04 6.7012443E-03 1.2737812E-04 6.5502818E-03 3.1118422E-02 3.6978825E-02 1.4866543E-04 1.5817550E+00 1.8858472E+01 -4.3406217E-02
3.1381000E+02 2.5927000E+02 8.6700000E+00 6.0700000E+02 10 5.5290296E+01 1.9155728E-01 2.9843930E-01 5.6168779E-02 1.2407338E-02 1.2667507E-02 1.2289074E-02 6.7795643E-04 2.1677379E-04 6.7097310E-03 1.2725576E-04 6.5567284E-03 3.1050250E-02 3.7026550E-02 1.4879722E-04 1.5827493E+00 1.8857020E+01 -4.3280275E-02
3.1381000E+02 2.5927000E+02 8.6700000E+00 6.1200000E+02 10 5.5290624E+01 1.9156179E-01 2.9827527E-01 5.6255230E-02 1.2414260E-02 1.2672229E-02 1.2294150E-02 6.7732199E-04 2.1686783E-04 6.7135644E-03 1.2713667E-04 6.5588424E-03 3.0986160E-02 3.7047158E-02 1.4879717E-04 1.5832846E+00 1.8856268E+01 -4.3200626E-02
3.1381000E+02 2.5927000E+02 8.6700000E+00 6.1700000E+02 10 5.5290953E+01 1.9153046E-01 2.9804683E-01 5.6337763E-02 1.2415248E-02 1.2672934E-02 1.2295248E-02 6.7661815E-04 2.1687904E-04 6.7143657E-03 1.2700455E-04 6.5580051E-03 3.0925744E-02 3.7050060E-02 1.4874149E-04 1.5834665E+00 1.8855989E+01 -4.3156436E-02
3.1381000E+02 2.5927000E+02 8.6700000E+00 6.2200000E+02 10 5.5291274E+01 1.9148449E-01 2.9778782E-01 5.6416939E-02 1.2413120E-02 1.2670200E-02 1.2292962E-02 6.7581611E-04 2.1684381E-04 6.7135709E-03 1.2685401E-04 6.5555303E-03 3.0868746E-02 3.7043658E-02 1.4866984E-04 1.5834225E+00 1.8855990E+01 -4.3135186E-02
3.1381000E+02 2.5927000E+02 8.6700000E+00 6.2700000E+02 10 5.5291581E+01 1.9143605E-01 2.9752043E-01 5.6492994E-02 1.2409660E-02 1.2664889E-02 1.2288152E-02 6.7491700E-04 2.1678845E-04 6.7120831E-03 1.2668524E-04 6.5522840E-03 3.0814964E-02 3.7033268E-02 1.4859917E-04 1.5832462E+00 1.8856148E+01 -4.3127779E-02
3.1381000E+02 2.5927000E+02 8.6700000E+00 6.3200000E+02 10 5.5291873E+01 1.9139117E-01 2.9725711E-01 5.6566044E-02 1.2405841E-02 1.2657760E-02 1.2281572E-02 6.7393389E-04 2.1672845E-04 6.7103901E-03 1.2650071E-04 6.5487643E-03 3.0764210E-02 3.7021799E-02 1.4853527E-04 1.5829968E+00 1.8856392E+01 -4.3128501E-02
3.1381000E+02 2.5927000E+02 8.6700000E+00 6.3700000E+02 10 5.5292149E+01 1.9135231E-01 2.9700406E-01 5.6636181E-02 1.2402144E-02 1.2649385E-02 1.2273784E-02 6.7288264E-04 2.1667238E-04 6.7087283E-03 1.2630338E-04 6.5452358E-03 3.0716298E-02 3.7010689E-02 1.4847931E-04 1.5827089E+00 1.8856677E+01 -4.3133988E-02
3.1381000E+02 2.5927000E+02 8.6700000E+00 6.4200000E+02 10 5.5292408E+01 1.9131997E-01 2.9676370E-01 5.6703502E-02 1.2398769E-02 1.2640168E-02 1.2265184E-02 6.7177808E-04 2.1662295E-04 6.7071977E-03 1.2609605E-04 6.5418172E-03 3.0671042E-02 3.7000534E-02 1.4843012E-04 1.5824017E+00 1.8856990E+01 -4.3142361E-02
3.1381000E+02 2.5927000E+02 8.6700000E+00 6.4700000E+02 10 5.5292653E+01 1.9129394E-01 2.9653674E-01 5.6768121E-02 1.2395784E-02 1.2630388E-02 1.2256043E-02 6.7063273E-04 2.1658239E-04 6.7058359E-03 1.2588106E-04 6.5385590E-03 3.0628260E-02 3.6991543E-02 1.4838763E-04 1.5820862E+00 1.8857311E+01 -4.3152531E-02
3.1381000E+02 2.5927000E+02 8.6700000E+00 6.5000000E+02 10 5.5289103E+01 1.9870025E-01 3.1231232E-01 5.6805947E-02 1.3599983E-02 1.3471569E-02 1.3097614E-02 6.6993324E-04 2.2865184E-04 7.3205955E-03 1.2574976E-04 7.1177650E-03 3.0610548E-02 4.0585647E-02 1.6499636E-04 1.6562324E+00 1.8736910E+01 -3.6596731E-02
