x y z_datum Time Well_no H2O H O Charge Al C Ca Cl Fe K Mg Na S Si U pH pe Alkalinity
3.1381000E+02 2.5927000E+02 8.6700000E+00 0.0000000E+00 10 9.9704301E-01 7.2098600E-06 6.6484776E-04 -3.2324431E-06 0.0000000E+00 1.0067647E-04 6.3262499E-05 4.3211171E-04 0.0000000E+00 2.8240956E-04 5.5605062E-05 2.2967748E-04 1.4127542E-04 0.0000000E+00 0.0000000E+00 7.0300000E+00 1.1068788E+01 7.1999443E-03
3.1381000E+02 2.5927000E+02 8.6700000E+00 5.0000000E+00 10 5.5329887E+01 1.7925531E-02 6.0336407E-02 -3.0493482E-03 0.0000000E+00 7.3914615E-03 1.3919558E-03 1.0748013E-02 0.0000000E+00 6.3695192E-03 2.0174549E-03 8.8098468E-03 9.7933282E-03 0.0000000E+00 0.0000000E+00 2.4815568E+00 1.7889632E+01 -5.3034365E-03
3.1381000E+02 2.5927000E+02 8.6700000E+00 1.0000000E+01 10 5.5311881E+01 3.0933144E-02 1.0255346E-01 -2.7654745E-03 1.0544445E-03 8.0171412E-03 3.2641135E-03 8.5149688E-03 1.5269449E-05 5.5650535E-03 1.5983015E-03 7.5094821E-03 1.8160252E-02 3.1529361E-03 1.4786619E-05 2.0420087E+00 1.8374373E+01 -1.6118736E-02
3.1381000E+02 2.5927000E+02 8.6700000E+00 1.5000000E+01 10 5.5288529E+01 5.6778932E-02 1.5287993E-01 -2.5078202E-03 2.7451373E-03 8.2884802E-03 4.6668025E-03 6.4881746E-03 3.7226828E-05 5.2091857E-03 1.2178623E-03 6.6831875E-03 2.5754682E-02 8.2045431E-03 3.8107081E-05 1.9052251E+00 1.8532559E+01 -2.3571751E-02
3.1381000E+02 2.5927000E+02 8.6700000E+00 2.0000000E+01 10 5.5269445E+01 7.9187159E-02 1.9381208E-01 -2.3130302E-03 4.2194442E-03 8.4525783E-03 5.6862158E-03 4.9558918E-03 5.9313286E-05 5.0442392E-03 9.3024526E-04 6.1482531E-03 3.1496692E-02 1.2607396E-02 5.8876826E-05 1.8408571E+00 1.8607008E+01 -2.8497178E-02
3.1381000E+02 2.5927000E+02 8.6700000E+00 2.5000000E+01 10 5.5255830E+01 9.5439998E-02 2.2347290E-01 -2.1773386E-03 5.3367782E-03 8.6003619E-03 6.4298156E-03 3.8884970E-03 7.7956155E-05 4.9771255E-03 7.2989002E-04 5.8170816E-03 3.5496890E-02 1.5943257E-02 7.4628020E-05 1.8090320E+00 1.8643634E+01 -3.1496068E-02
3.1381000E+02 2.5927000E+02 8.6700000E+00 3.0000000E+01 10 5.5246488E+01 1.0669354E-01 2.4418887E-01 -2.0854535E-03 6.1374945E-03 8.7514021E-03 6.9843195E-03 3.1656987E-03 9.2242751E-05 4.9546901E-03 5.9421721E-04 5.6134355E-03 3.8205834E-02 1.8333509E-02 8.5756111E-05 1.7932200E+00 1.8661790E+01 -3.3246276E-02
3.1381000E+02 2.5927000E+02 8.6700000E+00 3.5000000E+01 10 5.5240108E+01 1.1440546E-01 2.5860938E-01 -2.0230339E-03 6.7019637E-03 8.9037808E-03 7.4107802E-03 2.6746853E-03 1.0280651E-04 4.9499006E-03 5.0205159E-04 5.4849834E-03 4.0046181E-02 2.0018464E-02 9.3411367E-05 1.7855001E+00 1.8670710E+01 -3.4252400E-02
3.1381000E+02 2.5927000E+02 8.6700000E+00 4.0000000E+01 10 5.5235687E+01 1.1974325E-01 2.6880652E-01 -1.9796999E-03 7.1019708E-03 9.0524391E-03 7.7497165E-03 2.3338055E-03 1.1056814E-04 4.9505113E-03 4.3806677E-04 5.3999609E-03 4.1323887E-02 2.1212531E-02 9.8669683E-05 1.7819047E+00 1.8674957E+01 -3.4832032E-02
3.1381000E+02 2.5927000E+02 8.6700000E+00 4.5000000E+01 10 5.5232545E+01 1.2351690E-01 2.7620552E-01 -1.9486538E-03 7.3903018E-03 9.1938101E-03 8.0274095E-03 2.0895869E-03 1.1629564E-04 4.9515981E-03 3.9222575E-04 5.3401700E-03 4.2239329E-02 2.2073297E-02 1.0232875E-04 1.7804130E+00 1.8676835E+01 -3.5170344E-02
3.1381000E+02 2.5927000E+02 8.6700000E+00 5.0000000E+01 10 5.5230244E+01 1.2625672E-01 2.8173728E-01 -1.9256174E-03 7.6029449E-03 9.3261177E-03 8.2608689E-03 1.9083753E-03 1.2058305E-04 4.9515300E-03 3.5821143E-04 5.2954208E-03 4.2918628E-02 2.2708172E-02 1.0492976E-04 1.7799886E+00 1.8677507E+01 -3.5371733E-02
3.1381000E+02 2.5927000E+02 8.6700000E+00 5.5000000E+01 10 5.5228505E+01 1.2830280E-01 2.8599965E-01 -1.9079236E-03 7.7637222E-03 9.4487926E-03 8.4612366E-03 1.7691898E-03 1.2386375E-04 4.9500142E-03 3.3208563E-04 5.2600076E-03 4.3440413E-02 2.3188244E-02 1.0682553E-04 1.7800958E+00 1.8677570E+01 -3.5494572E-02
3.1381000E+02 2.5927000E+02 8.6700000E+00 6.0000000E+01 10 5.5227152E+01 1.2987381E-01 2.8937796E-01 -1.8938973E-03 7.8883355E-03 9.5619404E-03 8.6359734E-03 1.6588542E-03 1.2643629E-04 4.9472528E-03 3.1137509E-04 5.2306958E-03 4.3854065E-02 2.3560370E-02 1.0824382E-04 1.7804567E+00 1.8677330E+01 -3.5571588E-02
3.1381000E+02 2.5927000E+02 8.6700000E+00 6.5000000E+01 10 5.5226071E+01 1.3111138E-01 2.9212351E-01 -1.8824683E-03 7.9871909E-03 9.6660057E-03 8.7902230E-03 1.5689499E-03 1.2850610E-04 4.9435637E-03 2.9449961E-04 5.2056006E-03 4.4191136E-02 2.3855602E-02 1.0933190E-04 1.7809258E+00 1.8676950E+01 -3.5621420E-02
3.1381000E+02 2.5927000E+02 8.6700000E+00 6.6000000E+01 10 5.5220208E+01 1.4271673E-01 3.2034166E-01 -1.8802787E-03 1.0006197E-02 1.1678652E-02 1.0812484E-02 1.5517257E-03 1.4687509E-04 5.9439917E-03 2.9126654E-04 6.1872993E-03 4.4272734E-02 2.9887512E-02 1.4111877E-04 1.9765988E+00 1.8365881E+01 -2.3552034E-02
3.1381000E+02 2.5927000E+02 8.6700000E+00 6.7000000E+01 10 5.5220033E+01 1.4289363E-01 3.2067507E-01 -1.8781784E-03 1.0013789E-02 1.1677991E-02 1.0821045E-02 1.5352035E-03 1.4912714E-04 5.9387138E-03 2.8816525E-04 6.1766043E-03 4.4333735E-02 2.9909828E-02 1.3911511E-04 1.9750600E+00 1.8379045E+01 -2.3644193E-02
3.1381000E+02 2.5927000E+02 8.6700000E+00 7.2000000E+01 10 5.5222457E+01 1.3226972E-01 2.9506334E-01 -1.8412364E-03 7.9083614E-03 9.6602394E-03 8.8421364E-03 1.4656177E-03 1.3016370E-04 4.8426968E-03 2.7510365E-04 5.0821536E-03 4.5064443E-02 2.3620013E-02 1.0605563E-04 1.7565853E+00 1.8851199E+01 -3.7719649E-02
3.1381000E+02 2.5927000E+02 8.6700000E+00 7.7000000E+01 10 5.5217213E+01 1.3485149E-01 3.0080839E-01 -1.7925140E-03 8.0146929E-03 9.7204761E-03 8.9356657E-03 1.4059745E-03 1.4337328E-04 4.8618566E-03 2.6390833E-04 5.0841780E-03 4.6027624E-02 2.3937176E-02 1.3259799E-04 1.7429831E+00 1.8931750E+01 -3.9074577E-02
3.1381000E+02 2.5927000E+02 8.6700000E+00 8.2000000E+01 10 5.5212083E+01 1.3784828E-01 3.0729662E-01 -1.7478919E-03 8.2066744E-03 9.8240073E-03 9.0681449E-03 1.3541146E-03 1.6252802E-04 4.9294425E-03 2.5417398E-04 5.1336752E-03 4.6915884E-02 2.4509800E-02 1.6490121E-04 1.7368812E+00 1.8972903E+01 -3.9829197E-02
3.1381000E+02 2.5927000E+02 8.6700000E+00 8.7000000E+01 10 5.5208004E+01 1.4040376E-01 3.1284054E-01 -1.7130766E-03 8.3896572E-03 9.9330664E-03 9.2026752E-03 1.3084835E-03 1.8082192E-04 4.9959324E-03 2.4560879E-04 5.1841683E-03 4.7622113E-02 2.5055630E-02 1.9316714E-04 1.7343765E+00 1.8994542E+01 -4.0243306E-02
3.1381000E+02 2.5927000E+02 8.6700000E+00 9.1000000E+01 10 5.5204032E+01 1.4496427E-01 3.2330152E-01 -1.6915099E-03 9.0148008E-03 1.0466332E-02 9.7544374E-03 1.2753465E-03 2.0492845E-04 5.2917088E-03 2.3938880E-04 5.4623244E-03 4.8084607E-02 2.6922230E-02 2.2896193E-04 1.7699036E+00 1.8963902E+01 -3.7508600E-02
3.1381000E+02 2.5927000E+02 8.6700000E+00 9.2000000E+01 10 5.5199040E+01 1.5424115E-01 3.4547798E-01 -1.6865018E-03 1.0589980E-02 1.1957841E-02 1.1250458E-02 1.2672637E-03 2.4254359E-04 6.0772168E-03 2.3787162E-04 6.2304670E-03 4.8244194E-02 3.1627539E-02 2.9307493E-04 1.9046772E+00 1.8814156E+01 -2.8343334E-02
3.1381000E+02 2.5927000E+02 8.6700000E+00 9.7000000E+01 10 5.5199372E+01 1.4353841E-01 3.2078101E-01 -2.1276446E-03 8.4469246E-03 9.9748227E-03 9.2876660E-03 1.2310297E-03 2.0371427E-04 4.9803436E-03 2.3107033E-04 5.1468354E-03 4.9285976E-02 2.5225810E-02 2.2086288E-04 1.7112874E+00 1.9045090E+01 -4.2761135E-02
3.1381000E+02 2.5927000E+02 8.6700000E+00 1.0200000E+02 10 5.5191665E+01 1.4650440E-01 3.2834015E-01 -2.7867268E-03 8.5852842E-03 1.0040139E-02 9.3712446E-03 1.1983126E-03 2.1499169E-04 5.0319942E-03 2.2492917E-04 5.1861024E-03 5.0658740E-02 2.5638407E-02 2.3915928E-04 1.7013382E+00 1.9067591E+01 -4.4119768E-02
3.1381000E+02 2.5927000E+02 8.6700000E+00 1.0700000E+02 10 5.5184559E+01 1.4959000E-01 3.3595395E-01 -3.3981282E-03 8.7753352E-03 1.0133522E-02 9.4812190E-03 1.1685894E-03 2.2741792E-04 5.1118754E-03 2.1934998E-04 5.2526099E-03 5.1890056E-02 2.6205180E-02 2.5632018E-04 1.6965900E+00 1.9081459E+01 -4.4979838E-02
3.1381000E+02 2.5927000E+02 8.6700000E+00 1.1200000E+02 10 5.5179046E+01 1.5213281E-01 3.4217265E-01 -3.8643146E-03 8.9471836E-03 1.0226646E-02 9.5894971E-03 1.1414413E-03 2.3889801E-04 5.1837972E-03 2.1425414E-04 5.3126954E-03 5.2843493E-02 2.6717715E-02 2.7059410E-04 1.6944738E+00 1.9089529E+01 -4.5507010E-02
3.1381000E+02 2.5927000E+02 8.6700000E+00 1.1700000E+02 10 5.5175077E+01 1.5404349E-01 3.4684047E-01 -4.1894684E-03 9.0821413E-03 1.0308801E-02 9.6855586E-03 1.1165279E-03 2.4850577E-04 5.2379941E-03 2.0957778E-04 5.3571157E-03 5.3538176E-02 2.7120265E-02 2.8152281E-04 1.6935556E+00 1.9094207E+01 -4.5833792E-02
3.1381000E+02 2.5927000E+02 8.6700000E+00 1.2200000E+02 10 5.5172274E+01 1.5544538E-01 3.5027387E-01 -4.4088163E-03 9.1837904E-03 1.0379023E-02 9.7685958E-03 1.0935698E-03 2.5622876E-04 5.2761847E-03 2.0526843E-04 5.3872988E-03 5.4038929E-02 2.7423499E-02 2.8958472E-04 1.6931820E+00 1.9096965E+01 -4.6041936E-02
3.1381000E+02 2.5927000E+02 8.6700000E+00 1.2400000E+02 10 5.5166405E+01 1.6584268E-01 3.7431772E-01 -4.4821285E-03 1.0896793E-02 1.1854648E-02 1.1249181E-02 1.0846829E-03 3.0267447E-04 6.1339313E-03 2.0360032E-04 6.2183173E-03 5.4278784E-02 3.2539129E-02 3.6302449E-04 1.8084239E+00 1.8970466E+01 -3.6406458E-02
3.1381000E+02 2.5927000E+02 8.6700000E+00 1.2500000E+02 10 5.5164541E+01 1.6893571E-01 3.8166601E-01 -4.5154926E-03 1.1405185E-02 1.2331207E-02 1.1728180E-02 1.0803116E-03 3.1707208E-04 6.3868538E-03 2.0277979E-04 6.4642405E-03 5.4378504E-02 3.4057557E-02 3.8210099E-04 1.8488751E+00 1.8926791E+01 -3.3518677E-02
3.1381000E+02 2.5927000E+02 8.6700000E+00 1.3000000E+02 10 5.5169798E+01 1.5596977E-01 3.5215481E-01 -4.6256494E-03 9.1496961E-03 1.0390374E-02 9.7993079E-03 1.0588853E-03 2.6257085E-04 5.2384701E-03 1.9875799E-04 5.3419900E-03 5.4586408E-02 2.7321306E-02 2.8705382E-04 1.6848348E+00 1.9109051E+01 -4.7029056E-02
3.1381000E+02 2.5927000E+02 8.6700000E+00 1.3100000E+02 10 5.5162896E+01 1.6948229E-01 3.8334230E-01 -4.6457812E-03 1.1415329E-02 1.2369913E-02 1.1781042E-02 1.0549535E-03 3.2265241E-04 6.3764259E-03 1.9801996E-04 6.4489605E-03 5.4738684E-02 3.4087895E-02 3.9169674E-04 1.8439061E+00 1.8932601E+01 -3.3961427E-02
3.1381000E+02 2.5927000E+02 8.6700000E+00 1.3200000E+02 10 5.5162620E+01 1.6963000E-01 3.8363266E-01 -4.6643313E-03 1.1422955E-02 1.2367910E-02 1.1781157E-02 1.0511577E-03 3.2298452E-04 6.3786177E-03 1.9730748E-04 6.4488114E-03 5.4785197E-02 3.4110326E-02 3.8575533E-04 1.8432567E+00 1.8934565E+01 -3.4020466E-02
3.1381000E+02 2.5927000E+02 8.6700000E+00 1.3700000E+02 10 5.5162638E+01 1.5785161E-01 3.5779668E-01 -5.6983782E-03 9.1678451E-03 1.0424686E-02 9.8481588E-03 1.0328379E-03 2.6714606E-04 5.2322647E-03 1.9386876E-04 5.3292986E-03 5.6039699E-02 2.7375220E-02 2.8996724E-04 1.6731067E+00 1.9102251E+01 -4.8719526E-02
3.1381000E+02 2.5927000E+02 8.6700000E+00 1.4200000E+02 10 5.5152666E+01 1.6137870E-01 3.6708740E-01 -7.2065160E-03 9.3563257E-03 1.0532205E-02 9.9654553E-03 1.0153218E-03 2.6720969E-04 5.3180394E-03 1.9058090E-04 5.4057258E-03 5.7923649E-02 2.7937568E-02 2.9268931E-04 1.6672466E+00 1.9071267E+01 -5.0017637E-02
3.1381000E+02 2.5927000E+02 8.6700000E+00 1.4700000E+02 10 5.5143047E+01 1.6517059E-01 3.7667213E-01 -8.6299240E-03 9.6011774E-03 1.0667046E-02 1.0109532E-02 9.9877855E-04 2.6198297E-04 5.4334678E-03 1.8747565E-04 5.5097234E-03 5.9681130E-02 2.8667989E-02 2.8270246E-04 1.6650808E+00 1.9026926E+01 -5.0896349E-02
3.1381000E+02 2.5927000E+02 8.6700000E+00 1.5200000E+02 10 5.5135402E+01 1.6831976E-01 3.8452299E-01 -9.7428541E-03 9.8163743E-03 1.0791916E-02 1.0243062E-02 9.8326194E-04 2.5317356E-04 5.5343071E-03 1.8456310E-04 5.6003625E-03 6.1055416E-02 2.9309960E-02 2.6416960E-04 1.6643932E+00 1.8977413E+01 -5.1474926E-02
3.1381000E+02 2.5927000E+02 8.6700000E+00 1.5700000E+02 10 5.5129826E+01 1.7067588E-01 3.9036159E-01 -1.0540438E-02 9.9809262E-03 1.0894740E-02 1.0353994E-02 9.6873824E-04 2.4323547E-04 5.6097619E-03 1.8183693E-04 5.6675840E-03 6.2048841E-02 2.9800877E-02 2.4231859E-04 1.6641830E+00 1.8929349E+01 -5.1858340E-02
3.1381000E+02 2.5927000E+02 8.6700000E+00 1.6200000E+02 10 5.5125875E+01 1.7238086E-01 3.9457494E-01 -1.1093419E-02 1.0101238E-02 1.0976470E-02 1.0443318E-02 9.5513285E-04 2.3398207E-04 5.6630949E-03 1.7928313E-04 5.7143647E-03 6.2749938E-02 3.0159837E-02 2.2110547E-04 1.6641190E+00 1.8887944E+01 -5.2116500E-02
3.1381000E+02 2.5927000E+02 8.6700000E+00 1.6700000E+02 10 5.5123064E+01 1.7362004E-01 3.9763657E-01 -1.1476438E-02 1.0189327E-02 1.1041812E-02 1.0515789E-02 9.4236107E-04 2.2625833E-04 5.7004354E-03 1.7688581E-04 5.7463653E-03 6.3249224E-02 3.0422673E-02 2.0268129E-04 1.6641115E+00 1.8856175E+01 -5.2293963E-02
3.1381000E+02 2.5927000E+02 8.6700000E+00 1.6800000E+02 10 5.5115571E+01 1.8787074E-01 4.2970223E-01 -1.1546829E-02 1.2528346E-02 1.3007581E-02 1.2482966E-02 9.3983937E-04 2.4955922E-04 6.8783258E-03 1.7641247E-04 6.8879415E-03 6.3364291E-02 3.7407746E-02 2.4181342E-04 1.8084847E+00 1.8624274E+01 -3.8993197E-02
3.1381000E+02 2.5927000E+02 8.6700000E+00 1.6900000E+02 10 5.5115105E+01 1.8804881E-01 4.3008733E-01 -1.1611568E-02 1.2534965E-02 1.3001910E-02 1.2478684E-02 9.3734965E-04 2.5007584E-04 6.8809465E-03 1.7594514E-04 6.8881810E-03 6.3447909E-02 3.7427116E-02 2.3420620E-04 1.8075452E+00 1.8624838E+01 -3.9095735E-02
3.1381000E+02 2.5927000E+02 8.6700000E+00 1.7400000E+02 10 5.5127299E+01 1.6788530E-01 3.9362594E-01 -1.5275111E-02 1.0084938E-02 1.0990232E-02 1.0473552E-02 9.2562299E-04 2.1738596E-04 5.6378482E-03 1.7374399E-04 5.6815366E-03 6.2608039E-02 3.0110718E-02 1.7655590E-04 1.7117745E+00 1.8786567E+01 -4.7753630E-02
3.1381000E+02 2.5927000E+02 8.6700000E+00 1.7500000E+02 10 5.5122412E+01 1.7893313E-01 4.2164530E-01 -1.6156751E-02 1.2192217E-02 1.2931653E-02 1.2416267E-02 9.2330594E-04 2.3695399E-04 6.6949450E-03 1.7330907E-04 6.7148937E-03 6.2411342E-02 3.6405447E-02 2.1198764E-04 1.8782598E+00 1.8524292E+01 -3.3998121E-02
3.1381000E+02 2.5927000E+02 8.6700000E+00 1.7600000E+02 10 5.5124344E+01 1.7660875E-01 4.1927447E-01 -1.7182086E-02 1.2089061E-02 1.2908447E-02 1.2394339E-02 9.2101657E-04 2.3596636E-04 6.6403698E-03 1.7287934E-04 6.6640117E-03 6.2140217E-02 3.6097842E-02 2.0564036E-04 1.8948922E+00 1.8511509E+01 -3.2892769E-02
3.1381000E+02 2.5927000E+02 8.6700000E+00 1.8100000E+02 10 5.5085932E+01 1.6831740E-01 4.1927085E-01 -2.6998850E-02 9.5288609E-03 1.0894044E-02 1.0385973E-02 9.1019928E-04 2.0202614E-04 5.3393573E-03 1.7084888E-04 5.4078282E-03 7.0734819E-02 2.8453796E-02 1.5545895E-04 1.6773009E+00 1.8810827E+01 -5.4836208E-02
3.1381000E+02 2.5927000E+02 8.6700000E+00 1.8600000E+02 10 5.5009481E+01 1.8658927E-01 4.7736581E-01 -3.7932014E-02 9.6735380E-03 1.0934071E-02 1.0431717E-02 8.9995804E-04 1.9928998E-04 5.4082798E-03 1.6892655E-04 5.4677021E-03 8.4817602E-02 2.8884985E-02 1.5297394E-04 1.5846246E+00 1.8892912E+01 -7.1641662E-02
3.1381000E+02 2.5927000E+02 8.6700000E+00 1.9100000E+02 10 5.4933386E+01 2.0903008E-01 5.3927834E-01 -4.7285556E-02 1.0262381E-02 1.1019708E-02 1.0522776E-02 8.9024689E-04 2.0534784E-04 5.7105337E-03 1.6710372E-04 5.7341048E-03 9.8507961E-02 3.0638563E-02 1.5536485E-04 1.5171514E+00 1.8952312E+01 -8.7395581E-02
3.1381000E+02 2.5927000E+02 8.6700000E+00 1.9600000E+02 10 5.4872355E+01 2.2898975E-01 5.9112046E-01 -5.4296711E-02 1.0970729E-02 1.1109889E-02 1.0618103E-02 8.8102587E-04 2.1510854E-04 6.0763151E-03 1.6537289E-04 6.0556398E-03 1.0932009E-01 3.2747582E-02 1.5897896E-04 1.4756016E+00 1.8988231E+01 -9.9214107E-02
3.1381000E+02 2.5927000E+02 8.6700000E+00 2.0100000E+02 10 5.4828017E+01 2.4447275E-01 6.3002875E-01 -5.9238100E-02 1.1617661E-02 1.1189208E-02 1.0702316E-02 8.7225981E-04 2.2549536E-04 6.4104119E-03 1.6372746E-04 6.3487073E-03 1.1708499E-01 3.4673596E-02 1.6206895E-04 1.4512915E+00 1.9008831E+01 -1.0722126E-01
3.1381000E+02 2.5927000E+02 8.6700000E+00 2.0600000E+02 10 5.4797057E+01 2.5580793E-01 6.5795221E-01 -6.2653777E-02 1.2147501E-02 1.1256071E-02 1.0773835E-02 8.6391736E-04 2.3510634E-04 6.6833830E-03 1.6216154E-04 6.5877624E-03 1.2245726E-01 3.6251044E-02 1.6424336E-04 1.4372962E+00 1.9020376E+01 -1.1241256E-01
3.1381000E+02 2.5927000E+02 8.6700000E+00 2.1100000E+02 10 5.4775548E+01 2.6397697E-01 6.7783463E-01 -6.5030852E-02 1.2563803E-02 1.1313295E-02 1.0835495E-02 8.5597032E-04 2.4352628E-04 6.8968836E-03 1.6066984E-04 6.7746650E-03 1.2616141E-01 3.7490592E-02 1.6561871E-04 1.4292608E+00 1.9026731E+01 -1.1574246E-01
3.1381000E+02 2.5927000E+02 8.6700000E+00 2.1600000E+02 10 5.4760372E+01 2.6991494E-01 6.9218905E-01 -6.6722554E-02 1.2888509E-02 1.1364038E-02 1.0890468E-02 8.4839310E-04 2.5081064E-04 7.0623043E-03 1.5924756E-04 6.9196831E-03 1.2875898E-01 3.8457573E-02 1.6641811E-04 1.4246412E+00 1.9030151E+01 -1.1789843E-01
3.1381000E+02 2.5927000E+02 8.6700000E+00 2.2100000E+02 10 5.4749371E+01 2.7432611E-01 7.0282209E-01 -6.7963637E-02 1.3144408E-02 1.1410656E-02 1.0941122E-02 8.4116230E-04 2.5715405E-04 7.1915876E-03 1.5789030E-04 7.0333552E-03 1.3063275E-01 3.9219800E-02 1.6683948E-04 1.4219906E+00 1.9031913E+01 -1.1932405E-01
3.1381000E+02 2.5927000E+02 8.6700000E+00 2.2600000E+02 10 5.4741139E+01 2.7769466E-01 7.1094331E-01 -6.8904662E-02 1.3349796E-02 1.1454650E-02 1.0988970E-02 8.3425643E-04 2.6274746E-04 7.2943908E-03 1.5659403E-04 7.1240635E-03 1.3202998E-01 3.9831710E-02 1.6702591E-04 1.4204892E+00 1.9032739E+01 -1.2029290E-01
3.1381000E+02 2.5927000E+02 8.6700000E+00 2.3100000E+02 10 5.4734776E+01 2.8034114E-01 7.1734044E-01 -6.9641378E-02 1.3518014E-02 1.1496891E-02 1.1034897E-02 8.2765566E-04 2.6774242E-04 7.3777949E-03 1.5535504E-04 7.1978737E-03 1.3310750E-01 4.0332995E-02 1.6707230E-04 1.4196685E+00 1.9033037E+01 -1.2097153E-01
3.1381000E+02 2.5927000E+02 8.6700000E+00 2.3600000E+02 10 5.4729707E+01 2.8247594E-01 7.2252438E-01 -7.0235102E-02 1.3658441E-02 1.1537847E-02 1.1079377E-02 8.2134162E-04 2.7224929E-04 7.4467904E-03 1.5416986E-04 7.2590279E-03 1.3396495E-01 4.0751550E-02 1.6703894E-04 1.4192564E+00 1.9033042E+01 -1.2146183E-01
3.1381000E+02 2.5927000E+02 8.6700000E+00 2.4100000E+02 10 5.4725559E+01 2.8423804E-01 7.2682967E-01 -7.0725750E-02 1.3777617E-02 1.1577737E-02 1.1122641E-02 8.1529729E-04 2.7634279E-04 7.5048541E-03 1.5303531E-04 7.3104830E-03 1.3466641E-01 4.1106831E-02 1.6696355E-04 1.4190915E+00 1.9032888E+01 -1.2182702E-01
3.1381000E+02 2.5927000E+02 8.6700000E+00 2.4600000E+02 10 5.4722089E+01 2.8572086E-01 7.3047944E-01 -7.1139877E-02 1.3880153E-02 1.1616640E-02 1.1164776E-02 8.0950679E-04 2.8007292E-04 7.5544251E-03 1.5194841E-04 7.3543293E-03 1.3525394E-01 4.1412552E-02 1.6686915E-04 1.4190762E+00 1.9032657E+01 -1.2210708E-01
3.1381000E+02 2.5927000E+02 8.6700000E+00 2.5100000E+02 10 5.4719130E+01 2.8698871E-01 7.3362608E-01 -7.1495594E-02 1.3969365E-02 1.1654557E-02 1.1205792E-02 8.0395535E-04 2.8347652E-04 7.5972445E-03 1.5090637E-04 7.3920793E-03 1.3575579E-01 4.1678577E-02 1.6676950E-04 1.4191506E+00 1.9032393E+01 -1.2232780E-01
3.1381000E+02 2.5927000E+02 8.6700000E+00 2.5600000E+02 10 5.4716568E+01 2.8808702E-01 7.3637646E-01 -7.1805584E-02 1.4047699E-02 1.1691452E-02 1.1245660E-02 7.9862918E-04 2.8658284E-04 7.6345855E-03 1.4990662E-04 7.4248571E-03 1.3619143E-01 4.1912187E-02 1.6667274E-04 1.4192771E+00 1.9032124E+01 -1.2250619E-01
3.1381000E+02 2.5927000E+02 8.6700000E+00 2.6100000E+02 10 5.4714321E+01 2.8904885E-01 7.3880765E-01 -7.2078966E-02 1.4117009E-02 1.1727272E-02 1.1284334E-02 7.9351540E-04 2.8941839E-04 7.6674052E-03 1.4894674E-04 7.4535201E-03 1.3657467E-01 4.2118902E-02 1.6658340E-04 1.4194322E+00 1.9031861E+01 -1.2265373E-01
3.1381000E+02 2.5927000E+02 8.6700000E+00 2.6400000E+02 10 5.4708115E+01 2.9954007E-01 7.6000642E-01 -7.2231430E-02 1.5669228E-02 1.2663746E-02 1.2222480E-02 7.9052091E-04 3.0809419E-04 8.4595288E-03 1.4838466E-04 8.1964010E-03 1.3679519E-01 4.6749585E-02 1.8640362E-04 1.4570141E+00 1.8948943E+01 -1.1471382E-01
3.1381000E+02 2.5927000E+02 8.6700000E+00 2.6500000E+02 10 5.4702817E+01 3.0954054E-01 7.8011538E-01 -7.2281023E-02 1.7174442E-02 1.3606818E-02 1.3166105E-02 7.8953085E-04 3.2337506E-04 9.2274515E-03 1.4819882E-04 8.9200320E-03 1.3687093E-01 5.1240702E-02 2.0489168E-04 1.4966592E+00 1.8840110E+01 -1.0676426E-01
3.1381000E+02 2.5927000E+02 8.6700000E+00 2.7000000E+02 10 5.4710233E+01 2.9218161E-01 7.4609158E-01 -7.2470954E-02 1.4501684E-02 1.1988384E-02 1.1550250E-02 7.8491048E-04 3.0259789E-04 7.8594683E-03 1.4733156E-04 7.6307217E-03 1.3712616E-01 4.3266402E-02 1.6765871E-04 1.4269503E+00 1.9021294E+01 -1.2127826E-01
3.1381000E+02 2.5927000E+02 8.6700000E+00 2.7500000E+02 10 5.4707394E+01 2.9575145E-01 7.5363210E-01 -7.2637037E-02 1.5000543E-02 1.2317556E-02 1.1881164E-02 7.8179022E-04 3.0813832E-04 8.1122546E-03 1.4674587E-04 7.8683710E-03 1.3735857E-01 4.4754943E-02 1.7429204E-04 1.4385401E+00 1.8996266E+01 -1.1887907E-01
3.1381000E+02 2.5927000E+02 8.6700000E+00 2.8000000E+02 10 5.4704821E+01 2.9882761E-01 7.6023075E-01 -7.2799551E-02 1.5426589E-02 1.2612143E-02 1.2178066E-02 7.7764072E-04 3.1437469E-04 8.3270738E-03 1.4596699E-04 8.0703658E-03 1.3758820E-01 4.6026334E-02 1.7782842E-04 1.4485998E+00 1.8978505E+01 -1.1684729E-01
3.1381000E+02 2.5927000E+02 8.6700000E+00 2.8500000E+02 10 5.4702669E+01 3.0117499E-01 7.6546789E-01 -7.2952920E-02 1.5750626E-02 1.2859922E-02 1.2428251E-02 7.7333034E-04 3.2003203E-04 8.4893485E-03 1.4515791E-04 8.2235913E-03 1.3780527E-01 4.6993541E-02 1.7959269E-04 1.4564114E+00 1.8966660E+01 -1.1531047E-01
3.1381000E+02 2.5927000E+02 8.6700000E+00 2.8900000E+02 10 5.4698880E+01 3.0729709E-01 7.7824520E-01 -7.3068664E-02 1.6664515E-02 1.3477445E-02 1.3047644E-02 7.6998143E-04 3.3203514E-04 8.9534545E-03 1.4452930E-04 8.6613598E-03 1.3797201E-01 4.9720634E-02 1.8895686E-04 1.4800338E+00 1.8917772E+01 -1.1055174E-01
3.1381000E+02 2.5927000E+02 8.6700000E+00 2.9000000E+02 10 5.4691391E+01 3.2197153E-01 8.0800012E-01 -7.3097155E-02 1.8901368E-02 1.4939486E-02 1.4510148E-02 7.6915257E-04 3.5164467E-04 1.0093313E-02 1.4437372E-04 9.7394573E-03 1.3802085E-01 5.6395739E-02 2.1493875E-04 1.5429587E+00 1.8723996E+01 -9.8533802E-02
3.1381000E+02 2.5927000E+02 8.6700000E+00 2.9500000E+02 10 5.4736622E+01 2.9370575E-01 7.4296365E-01 -6.8757392E-02 1.5951685E-02 1.3124749E-02 1.2697580E-02 7.6526729E-04 3.2981071E-04 8.5852559E-03 1.4364443E-04 8.3162151E-03 1.3144450E-01 4.7594427E-02 1.7668108E-04 1.4934622E+00 1.8935454E+01 -1.0523477E-01
3.1381000E+02 2.5927000E+02 8.6700000E+00 3.0000000E+02 10 5.4797839E+01 2.7749635E-01 6.9682476E-01 -6.1344506E-02 1.5820974E-02 1.3230021E-02 1.2804889E-02 7.6161683E-04 3.2760373E-04 8.5110957E-03 1.4295922E-04 8.2569058E-03 1.2024391E-01 4.7207084E-02 1.7623465E-04 1.5520157E+00 1.8873289E+01 -9.0250829E-02
3.1381000E+02 2.5927000E+02 8.6700000E+00 3.0100000E+02 10 5.4802706E+01 2.9053938E-01 7.2171657E-01 -5.9759734E-02 1.8390178E-02 1.5156047E-02 1.4731318E-02 7.6089585E-04 3.4952586E-04 9.8131714E-03 1.4282389E-04 9.5044477E-03 1.1786240E-01 5.4877559E-02 2.0947513E-04 1.6612802E+00 1.8604884E+01 -7.2642546E-02
3.1381000E+02 2.5927000E+02 8.6700000E+00 3.0200000E+02 10 5.4816744E+01 2.8623024E-01 7.1031515E-01 -5.8100375E-02 1.8272978E-02 1.5168667E-02 1.4744335E-02 7.6018366E-04 3.5202382E-04 9.7507446E-03 1.4269021E-04 9.4501417E-03 1.1535506E-01 5.4528904E-02 2.0639032E-04 1.6772632E+00 1.8604116E+01 -6.9677519E-02
3.1381000E+02 2.5927000E+02 8.6700000E+00 3.0300000E+02 10 5.4833808E+01 2.8026751E-01 6.9519360E-01 -5.6132441E-02 1.8015768E-02 1.5126909E-02 1.4698429E-02 7.6761577E-04 3.5327472E-04 9.6210975E-03 1.4408526E-04 9.3357781E-03 1.1236230E-01 5.3762694E-02 2.0211178E-04 1.6928030E+00 1.8607930E+01 -6.6722073E-02
3.1381000E+02 2.5927000E+02 8.6700000E+00 3.0800000E+02 10 5.4912955E+01 2.3960572E-01 5.9780254E-01 -4.7913966E-02 1.4378972E-02 1.2943802E-02 1.2513941E-02 7.7008904E-04 3.1419306E-04 7.7628502E-03 1.4454950E-04 7.5907119E-03 9.9915829E-02 4.2912293E-02 1.5757372E-04 1.6450431E+00 1.8804116E+01 -6.8988902E-02
3.1381000E+02 2.5927000E+02 8.6700000E+00 3.1300000E+02 10 5.4965090E+01 2.2133562E-01 5.5156127E-01 -4.1911174E-02 1.3564140E-02 1.2820629E-02 1.2391734E-02 7.6835789E-04 2.9850675E-04 7.3343288E-03 1.4422455E-04 7.2110275E-03 9.0843193E-02 4.0485938E-02 1.5250474E-04 1.6911588E+00 1.8756581E+01 -6.0217891E-02
3.1381000E+02 2.5927000E+02 8.6700000E+00 3.1800000E+02 10 5.5001408E+01 2.0829514E-01 5.1926592E-01 -3.7753100E-02 1.2966300E-02 1.2805222E-02 1.2376818E-02 7.6747803E-04 2.8516253E-04 7.0183555E-03 1.4405940E-04 6.9347964E-03 8.4555317E-02 3.8706174E-02 1.4832954E-04 1.7276925E+00 1.8717863E+01 -5.4142193E-02
3.1381000E+02 2.5927000E+02 8.6700000E+00 3.2300000E+02 10 5.5026452E+01 1.9888575E-01 4.9662468E-01 -3.4916710E-02 1.2501281E-02 1.2835136E-02 1.2406757E-02 7.6743457E-04 2.7293388E-04 6.7722063E-03 1.4405124E-04 6.7212096E-03 8.0261532E-02 3.7321807E-02 1.4470079E-04 1.7538000E+00 1.8690235E+01 -5.0146374E-02
3.1381000E+02 2.5927000E+02 8.6700000E+00 3.2800000E+02 10 5.5043904E+01 1.9194851E-01 4.8041933E-01 -3.2968717E-02 1.2124404E-02 1.2874727E-02 1.2446244E-02 7.6761990E-04 2.6170335E-04 6.5730174E-03 1.4408603E-04 6.5479919E-03 7.7308703E-02 3.6199595E-02 1.4158635E-04 1.7710599E+00 1.8672157E+01 -4.7593276E-02
3.1381000E+02 2.5927000E+02 8.6700000E+00 3.2900000E+02 10 5.5041210E+01 2.0252489E-01 5.0534493E-01 -3.2611384E-02 1.4089140E-02 1.4775023E-02 1.4346517E-02 7.6766108E-04 2.7745047E-04 7.5592561E-03 1.4409376E-04 7.5143485E-03 7.6782310E-02 4.2069405E-02 1.7104763E-04 1.9199487E+00 1.8392258E+01 -3.5073315E-02
3.1381000E+02 2.5927000E+02 8.6700000E+00 3.3000000E+02 10 5.5044212E+01 2.0123159E-01 5.0237168E-01 -3.2283272E-02 1.4008110E-02 1.4769020E-02 1.4340492E-02 7.6770164E-04 2.7721579E-04 7.5172679E-03 1.4410137E-04 7.4760666E-03 7.6283827E-02 4.1827720E-02 1.6841196E-04 1.9231040E+00 1.8401767E+01 -3.4740735E-02
3.1381000E+02 2.5927000E+02 8.6700000E+00 3.3500000E+02 10 5.5038986E+01 1.9156368E-01 4.7851407E-01 -3.1547381E-02 1.1540473E-02 1.2812117E-02 1.2383626E-02 7.6763466E-04 2.4783831E-04 6.2687718E-03 1.4408880E-04 6.2738592E-03 7.8597307E-02 3.4458867E-02 1.3413961E-04 1.7076444E+00 1.8744256E+01 -5.4135292E-02
3.1381000E+02 2.5927000E+02 8.6700000E+00 3.4000000E+02 10 5.5010873E+01 2.0229297E-01 4.9943950E-01 -3.1369383E-02 1.1573604E-02 1.2804005E-02 1.2375726E-02 7.6725512E-04 2.4359240E-04 6.2872910E-03 1.4401756E-04 6.2871110E-03 8.3735793E-02 3.4556613E-02 1.3678616E-04 1.6289332E+00 1.8819372E+01 -6.4594441E-02
3.1381000E+02 2.5927000E+02 8.6700000E+00 3.4500000E+02 10 5.4980361E+01 2.1579765E-01 5.2528895E-01 -3.1391021E-02 1.1944457E-02 1.2831586E-02 1.2403665E-02 7.6661190E-04 2.4624349E-04 6.4834347E-03 1.4389682E-04 6.4563069E-03 8.9083211E-02 3.5659961E-02 1.4175032E-04 1.5712620E+00 1.8873832E+01 -7.3844096E-02
3.1381000E+02 2.5927000E+02 8.6700000E+00 3.5000000E+02 10 5.4955013E+01 2.2800990E-01 5.4826915E-01 -3.1428562E-02 1.2414985E-02 1.2867251E-02 1.2439797E-02 7.6577720E-04 2.5206364E-04 6.7323340E-03 1.4374015E-04 6.6709813E-03 9.3412688E-02 3.7059994E-02 1.4685359E-04 1.5345002E+00 1.8908412E+01 -8.0602442E-02
3.1381000E+02 2.5927000E+02 8.6700000E+00 3.5500000E+02 10 5.4936415E+01 2.3755743E-01 5.6594159E-01 -3.1425302E-02 1.2848691E-02 1.2897251E-02 1.2470333E-02 7.6481644E-04 2.5878585E-04 6.9618588E-03 1.4355981E-04 6.8684611E-03 9.6527099E-02 3.8350423E-02 1.5108295E-04 1.5121761E+00 1.8929488E+01 -8.5102803E-02
3.1381000E+02 2.5927000E+02 8.6700000E+00 3.6000000E+02 10 5.4923559E+01 2.4452795E-01 5.7862979E-01 -3.1380060E-02 1.3200361E-02 1.2918341E-02 1.2492002E-02 7.6377893E-04 2.6525889E-04 7.1478445E-03 1.4336506E-04 7.0283363E-03 9.8643704E-02 3.9396745E-02 1.5427487E-04 1.4987819E+00 1.8942224E+01 -8.7973424E-02
3.1381000E+02 2.5927000E+02 8.6700000E+00 3.6500000E+02 10 5.4914876E+01 2.4948433E-01 5.8749094E-01 -3.1306820E-02 1.3470191E-02 1.2931705E-02 1.2505970E-02 7.6269795E-04 2.7100395E-04 7.2902034E-03 1.4316216E-04 7.1509562E-03 1.0005053E-01 4.0199585E-02 1.5658742E-04 1.4906898E+00 1.8949981E+01 -8.9779906E-02
3.1381000E+02 2.5927000E+02 8.6700000E+00 3.7000000E+02 10 5.4909020E+01 2.5300224E-01 5.9365877E-01 -3.1219229E-02 1.3673467E-02 1.2939554E-02 1.2514435E-02 7.6159401E-04 2.7590021E-04 7.3969614E-03 1.4295494E-04 7.2434288E-03 1.0098448E-01 4.0804439E-02 1.5823947E-04 1.4857095E+00 1.8954793E+01 -9.0922304E-02
3.1381000E+02 2.5927000E+02 8.6700000E+00 3.7500000E+02 10 5.4905022E+01 2.5553154E-01 5.9800138E-01 -3.1126835E-02 1.3826928E-02 1.2943840E-02 1.2519343E-02 7.6047856E-04 2.7999348E-04 7.4770233E-03 1.4274557E-04 7.3133995E-03 1.0161189E-01 4.1261115E-02 1.5942015E-04 1.4825637E+00 1.8957855E+01 -9.1656633E-02
3.1381000E+02 2.5927000E+02 8.6700000E+00 3.8000000E+02 10 5.4902238E+01 2.5738863E-01 6.0112072E-01 -3.1035378E-02 1.3944312E-02 1.2945964E-02 1.2522094E-02 7.5935714E-04 2.8339293E-04 7.5377630E-03 1.4253507E-04 7.3670657E-03 1.0204174E-01 4.1610478E-02 1.6027105E-04 1.4805146E+00 1.8959867E+01 -9.2139807E-02
3.1381000E+02 2.5927000E+02 8.6700000E+00 3.8500000E+02 10 5.4900250E+01 2.5878658E-01 6.0341683E-01 -3.0947943E-02 1.4035768E-02 1.2946835E-02 1.2523592E-02 7.5823169E-04 2.8622034E-04 7.5846538E-03 1.4232382E-04 7.4089741E-03 1.0234346E-01 4.1882711E-02 1.6089248E-04 1.4791342E+00 1.8961235E+01 -9.2466607E-02
3.1381000E+02 2.5927000E+02 8.6700000E+00 3.9000000E+02 10 5.4898794E+01 2.5986643E-01 6.0515148E-01 -3.0865969E-02 1.4108468E-02 1.2946999E-02 1.2524387E-02 7.5710216E-04 2.8858756E-04 7.6215780E-03 1.4211180E-04 7.4423218E-03 1.0256088E-01 4.2099143E-02 1.6135326E-04 1.4781707E+00 1.8962199E+01 -9.2694394E-02
3.1381000E+02 2.5927000E+02 8.6700000E+00 3.9500000E+02 10 5.4897698E+01 2.6072158E-01 6.0649600E-01 -3.0789953E-02 1.4167406E-02 1.2946769E-02 1.2524791E-02 7.5596753E-04 2.9058869E-04 7.6512344E-03 1.4189882E-04 7.4693389E-03 1.0272184E-01 4.2274633E-02 1.6170035E-04 1.4774732E+00 1.8962905E+01 -9.2858264E-02
3.1381000E+02 2.5927000E+02 8.6700000E+00 4.0000000E+02 10 5.4896852E+01 2.6141452E-01 6.0756360E-01 -3.0719872E-02 1.4216068E-02 1.2946313E-02 1.2524972E-02 7.5482646E-04 2.9229929E-04 7.6754936E-03 1.4168464E-04 7.4915910E-03 1.0284421E-01 4.2419539E-02 1.6196581E-04 1.4769494E+00 1.8963440E+01 -9.2980026E-02
3.1381000E+02 2.5927000E+02 8.6700000E+00 4.0500000E+02 10 5.4896183E+01 2.6198767E-01 6.0843017E-01 -3.0655444E-02 1.4256907E-02 1.2945714E-02 1.2525014E-02 7.5367763E-04 2.9377837E-04 7.6956665E-03 1.4146900E-04 7.5101876E-03 1.0293964E-01 4.2541160E-02 1.6217157E-04 1.4765417E+00 1.8963862E+01 -9.3073479E-02
3.1381000E+02 2.5927000E+02 8.6700000E+00 4.1000000E+02 10 5.4895643E+01 2.6247033E-01 6.0914747E-01 -3.0596270E-02 1.4291668E-02 1.2945010E-02 1.2524956E-02 7.5251991E-04 2.9507144E-04 7.7126796E-03 1.4125169E-04 7.5259247E-03 1.0301585E-01 4.2644691E-02 1.6233288E-04 1.4762131E+00 1.8964207E+01 -9.3147547E-02
3.1381000E+02 2.5927000E+02 8.6700000E+00 4.1200000E+02 10 5.4888447E+01 2.7671010E-01 6.3792046E-01 -3.0573413E-02 1.6472073E-02 1.4320478E-02 1.3900683E-02 7.5205534E-04 3.1799880E-04 8.8264020E-03 1.4116449E-04 8.5743633E-03 1.0305410E-01 4.9150729E-02 1.9070661E-04 1.5457513E+00 1.8809512E+01 -8.1595745E-02
3.1381000E+02 2.5927000E+02 8.6700000E+00 4.1700000E+02 10 5.4895607E+01 2.6188335E-01 6.0781155E-01 -3.0520907E-02 1.4166113E-02 1.2859302E-02 1.2440161E-02 7.5088392E-04 2.9764599E-04 7.6471007E-03 1.4094460E-04 7.4645311E-03 1.0309973E-01 4.2269810E-02 1.5879089E-04 1.4710957E+00 1.8976565E+01 -9.4077691E-02
3.1381000E+02 2.5927000E+02 8.6700000E+00 4.2200000E+02 10 5.4895316E+01 2.6210924E-01 6.0803874E-01 -3.0472612E-02 1.4171900E-02 1.2841405E-02 1.2422923E-02 7.4970212E-04 2.9647550E-04 7.6491315E-03 1.4072278E-04 7.4665157E-03 1.0314847E-01 4.2286965E-02 1.6035234E-04 1.4702310E+00 1.8974579E+01 -9.4236113E-02
3.1381000E+02 2.5927000E+02 8.6700000E+00 4.2700000E+02 10 5.4894865E+01 2.6271166E-01 6.0898075E-01 -3.0428131E-02 1.4235117E-02 1.2852431E-02 1.2434615E-02 7.4850984E-04 2.9695189E-04 7.6809419E-03 1.4049898E-04 7.4956053E-03 1.0319009E-01 4.2475348E-02 1.6150388E-04 1.4711025E+00 1.8971664E+01 -9.4085482E-02
3.1381000E+02 2.5927000E+02 8.6700000E+00 4.2900000E+02 10 5.4887642E+01 2.7711165E-01 6.3800405E-01 -3.0410924E-02 1.6439989E-02 1.4230808E-02 1.3813259E-02 7.4803124E-04 3.1987175E-04 8.8077821E-03 1.4040914E-04 8.5550990E-03 1.0321623E-01 4.9054239E-02 1.9044293E-04 1.5408003E+00 1.8817059E+01 -8.2397744E-02
3.1381000E+02 2.5927000E+02 8.6700000E+00 4.3000000E+02 10 5.4885386E+01 2.8158659E-01 6.4706939E-01 -3.0402464E-02 1.7123118E-02 1.4678244E-02 1.4260829E-02 7.4779153E-04 3.2870818E-04 9.1564381E-03 1.4036415E-04 8.8837881E-03 1.0322623E-01 5.1092736E-02 1.9721753E-04 1.5644829E+00 1.8758078E+01 -7.8744287E-02
3.1381000E+02 2.5927000E+02 8.6700000E+00 4.3500000E+02 10 5.4894197E+01 2.6413291E-01 6.1193407E-01 -3.0352391E-02 1.4462290E-02 1.3022812E-02 1.2601593E-02 7.5460754E-04 3.0664726E-04 7.8004066E-03 1.4164355E-04 7.6098840E-03 1.0317309E-01 4.3152798E-02 1.6123912E-04 1.4780087E+00 1.8964245E+01 -9.2860300E-02
3.1381000E+02 2.5927000E+02 8.6700000E+00 4.3600000E+02 10 5.4884717E+01 2.8322661E-01 6.5063694E-01 -3.0342646E-02 1.7396839E-02 1.4921353E-02 1.4499405E-02 7.5591198E-04 3.3198919E-04 9.2992504E-03 1.4188840E-04 9.0242250E-03 1.0317968E-01 5.1910034E-02 2.0099243E-04 1.5752828E+00 1.8720357E+01 -7.7106280E-02
3.1381000E+02 2.5927000E+02 8.6700000E+00 4.3700000E+02 10 5.4885081E+01 2.8349465E-01 6.5094545E-01 -3.0216774E-02 1.7450683E-02 1.4957479E-02 1.4535246E-02 7.5642283E-04 3.3656695E-04 9.3273841E-03 1.4198429E-04 9.0501042E-03 1.0307849E-01 5.2070462E-02 1.9931228E-04 1.5775203E+00 1.8727423E+01 -7.6736999E-02
3.1381000E+02 2.5927000E+02 8.6700000E+00 4.3800000E+02 10 5.4886831E+01 2.8344532E-01 6.5004965E-01 -2.9797065E-02 1.7487140E-02 1.4985685E-02 1.4563457E-02 7.5641455E-04 3.4017701E-04 9.3462101E-03 1.4198273E-04 9.0673302E-03 1.0273195E-01 5.2179046E-02 1.9818696E-04 1.5797931E+00 1.8731127E+01 -7.6252589E-02
3.1381000E+02 2.5927000E+02 8.6700000E+00 4.4300000E+02 10 5.4941843E+01 2.5993129E-01 5.8203045E-01 -1.9419514E-02 1.4957981E-02 1.3386602E-02 1.2969946E-02 7.4643246E-04 3.1716632E-04 8.0476202E-03 1.4010904E-04 7.8428439E-03 9.4041113E-02 4.4631911E-02 1.6541133E-04 1.5114227E+00 1.8921368E+01 -8.2617386E-02
3.1381000E+02 2.5927000E+02 8.6700000E+00 4.4400000E+02 10 5.4943617E+01 2.7640898E-01 6.1122933E-01 -1.7034868E-02 1.7761717E-02 1.5292457E-02 1.4876529E-02 7.4512932E-04 3.4037072E-04 9.4754255E-03 1.3986444E-04 9.1954582E-03 9.2052454E-02 5.3000165E-02 2.0266364E-04 1.6222586E+00 1.8653521E+01 -6.5747777E-02
3.1381000E+02 2.5927000E+02 8.6700000E+00 4.4500000E+02 10 5.4955641E+01 2.7474426E-01 6.0273447E-01 -1.4363591E-02 1.7795748E-02 1.5342212E-02 1.4926624E-02 7.4451990E-04 3.4387330E-04 9.4919967E-03 1.3975005E-04 9.2118611E-03 8.9802358E-02 5.3101864E-02 2.0107023E-04 1.6314054E+00 1.8653741E+01 -6.3647814E-02
3.1381000E+02 2.5927000E+02 8.6700000E+00 4.5000000E+02 10 5.5023436E+01 2.5048117E-01 5.2756291E-01 -1.0853070E-03 1.5487409E-02 1.3903837E-02 1.3488602E-02 7.4388700E-04 3.2388284E-04 8.3121817E-03 1.3963125E-04 8.1008188E-03 7.8587607E-02 4.6213598E-02 1.7117326E-04 1.5704361E+00 1.8844862E+01 -6.6615873E-02
3.1381000E+02 2.5927000E+02 8.6700000E+00 4.5300000E+02 10 5.5053522E+01 2.5425702E-01 5.2142871E-01 6.5307324E-03 1.6937762E-02 1.5058502E-02 1.4643145E-02 7.4410380E-04 3.3662506E-04 9.0473429E-03 1.3967194E-04 8.8061320E-03 7.2165448E-02 5.0544288E-02 1.8935424E-04 1.6601503E+00 1.8684748E+01 -5.3091547E-02
3.1381000E+02 2.5927000E+02 8.6700000E+00 4.5400000E+02 10 5.5061074E+01 2.6004023E-01 5.2944265E-01 9.0165697E-03 1.8146530E-02 1.6054254E-02 1.5638893E-02 7.4411084E-04 3.4617587E-04 9.6589340E-03 1.3967326E-04 9.3950545E-03 7.0072474E-02 5.4154063E-02 2.0218483E-04 1.7390814E+00 1.8500609E+01 -4.4461428E-02
3.1381000E+02 2.5927000E+02 8.6700000E+00 4.5900000E+02 10 5.5121685E+01 2.3380176E-01 4.5350454E-01 2.0363865E-02 1.5288482E-02 1.4188167E-02 1.3773917E-02 7.4212275E-04 3.1701954E-04 8.1999703E-03 1.3930009E-04 8.0153760E-03 6.0503288E-02 4.5624344E-02 1.6683601E-04 1.6261044E+00 1.8792531E+01 -5.1914693E-02
3.1381000E+02 2.5927000E+02 8.6700000E+00 4.6400000E+02 10 5.5161004E+01 2.2554782E-01 4.2124347E-01 2.8777916E-02 1.4955464E-02 1.4174589E-02 1.3761682E-02 7.3971559E-04 3.0576028E-04 8.0238210E-03 1.3884825E-04 7.8588633E-03 5.3431008E-02 4.4632797E-02 1.6505597E-04 1.6398604E+00 1.8778006E+01 -4.7489333E-02
3.1381000E+02 2.5927000E+02 8.6700000E+00 4.6900000E+02 10 5.5189089E+01 2.1969356E-01 3.9836924E-01 3.4798496E-02 1.4728871E-02 1.4191786E-02 1.3779616E-02 7.3839576E-04 2.9606483E-04 7.9041227E-03 1.3860052E-04 7.7526957E-03 4.8374980E-02 4.3958199E-02 1.6382323E-04 1.6517622E+00 1.8764465E+01 -4.4236319E-02
3.1381000E+02 2.5927000E+02 8.6700000E+00 4.7400000E+02 10 5.5209209E+01 2.1542218E-01 3.8192824E-01 3.9109765E-02 1.4556481E-02 1.4217811E-02 1.3806217E-02 7.3736369E-04 2.8743042E-04 7.8133329E-03 1.3840679E-04 7.6715875E-03 4.4761512E-02 4.3444927E-02 1.6271853E-04 1.6607527E+00 1.8754261E+01 -4.1938358E-02
3.1381000E+02 2.5927000E+02 8.6700000E+00 4.7900000E+02 10 5.5223851E+01 2.1218752E-01 3.6979879E-01 4.2239231E-02 1.4411778E-02 1.4239420E-02 1.3828385E-02 7.3636165E-04 2.7954735E-04 7.7376542E-03 1.3821870E-04 7.6027231E-03 4.2146051E-02 4.3013967E-02 1.6166548E-04 1.6667270E+00 1.8747611E+01 -4.0361474E-02
3.1381000E+02 2.5927000E+02 8.6700000E+00 4.8100000E+02 10 5.5223793E+01 2.2142739E-01 3.8852938E-01 4.3331259E-02 1.6070937E-02 1.5610125E-02 1.5199315E-02 7.3595827E-04 2.9021484E-04 8.5780914E-03 1.3814299E-04 8.4093388E-03 4.1244419E-02 4.7968371E-02 1.8325373E-04 1.7970239E+00 1.8520039E+01 -3.0178030E-02
3.1381000E+02 2.5927000E+02 8.6700000E+00 4.8200000E+02 10 5.5224665E+01 2.2392800E-01 3.9344304E-01 4.3840720E-02 1.6552215E-02 1.6058098E-02 1.5647402E-02 7.3575539E-04 2.9287630E-04 8.8211598E-03 1.3810490E-04 8.6440495E-03 4.0821873E-02 4.9405779E-02 1.8793459E-04 1.8464162E+00 1.8427073E+01 -2.6995838E-02
3.1381000E+02 2.5927000E+02 8.6700000E+00 4.8700000E+02 10 5.5242118E+01 2.0572218E-01 3.5018306E-01 4.5865874E-02 1.3817918E-02 1.3989894E-02 1.3579724E-02 7.3481183E-04 2.6663245E-04 7.4346853E-03 1.3792779E-04 7.3144443E-03 3.9124958E-02 4.1241988E-02 1.5344804E-04 1.6475505E+00 1.8783746E+01 -4.0833386E-02
3.1381000E+02 2.5927000E+02 8.6700000E+00 4.9200000E+02 10 5.5249876E+01 2.0298268E-01 3.4160074E-01 4.7416604E-02 1.3554566E-02 1.3827112E-02 1.3417766E-02 7.3333617E-04 2.5779652E-04 7.3009215E-03 1.3765080E-04 7.1849035E-03 3.7846030E-02 4.0456193E-02 1.5312375E-04 1.6373728E+00 1.8792969E+01 -4.1208121E-02
3.1381000E+02 2.5927000E+02 8.6700000E+00 4.9700000E+02 10 5.5255568E+01 2.0153955E-01 3.3613121E-01 4.8626247E-02 1.3445520E-02 1.3733102E-02 1.3324372E-02 7.3223366E-04 2.5224831E-04 7.2468820E-03 1.3744386E-04 7.1290695E-03 3.6851605E-02 4.0130512E-02 1.5345588E-04 1.6344390E+00 1.8794176E+01 -4.1051978E-02
3.1381000E+02 2.5927000E+02 8.6700000E+00 5.0200000E+02 10 5.5259989E+01 2.0064167E-01 3.3222536E-01 4.9596571E-02 1.3394099E-02 1.3675093E-02 1.3266948E-02 7.3118500E-04 2.4829814E-04 7.2221249E-03 1.3724702E-04 7.1011880E-03 3.6057805E-02 3.9976774E-02 1.5371265E-04 1.6340172E+00 1.8793336E+01 -4.0754644E-02
3.1381000E+02 2.5927000E+02 8.6700000E+00 5.0500000E+02 10 5.5258753E+01 2.0733186E-01 3.4582015E-01 5.0109288E-02 1.4543183E-02 1.4529229E-02 1.4121443E-02 7.3054143E-04 2.5731770E-04 7.8070825E-03 1.3712622E-04 7.6558777E-03 3.5646677E-02 4.3406971E-02 1.6921973E-04 1.7137136E+00 1.8663175E+01 -3.4080007E-02
3.1381000E+02 2.5927000E+02 8.6700000E+00 5.0600000E+02 10 5.5256199E+01 2.1380255E-01 3.5993487E-01 5.0273032E-02 1.5629923E-02 1.5417393E-02 1.5009728E-02 7.3032452E-04 2.6460387E-04 8.3577581E-03 1.3708550E-04 8.1840783E-03 3.5519316E-02 4.6652075E-02 1.8267104E-04 1.8058033E+00 1.8493196E+01 -2.7812388E-02
3.1381000E+02 2.5927000E+02 8.6700000E+00 5.1100000E+02 10 5.5267567E+01 1.9686636E-01 3.2151497E-01 5.0998982E-02 1.2931577E-02 1.3340242E-02 1.2933486E-02 7.2869631E-04 2.4052545E-04 6.9886516E-03 1.3677988E-04 6.8718290E-03 3.4919736E-02 3.8595614E-02 1.4691807E-04 1.6104443E+00 1.8831584E+01 -4.2419622E-02
3.1381000E+02 2.5927000E+02 8.6700000E+00 5.1600000E+02 10 5.5270656E+01 1.9564467E-01 3.1743951E-01 5.1614287E-02 1.2783420E-02 1.3175614E-02 1.2769736E-02 7.2712312E-04 2.3553672E-04 6.9142416E-03 1.3648459E-04 6.7968546E-03 3.4427889E-02 3.8153130E-02 1.4767679E-04 1.6021390E+00 1.8838164E+01 -4.2975083E-02
3.1381000E+02 2.5927000E+02 8.6700000E+00 5.2100000E+02 10 5.5272952E+01 1.9528599E-01 3.1522553E-01 5.2140542E-02 1.2755644E-02 1.3080289E-02 1.2675077E-02 7.2593115E-04 2.3304995E-04 6.9016979E-03 1.3626085E-04 6.7798909E-03 3.4007723E-02 3.8069704E-02 1.4863568E-04 1.6002511E+00 1.8838148E+01 -4.2961157E-02
3.1381000E+02 2.5927000E+02 8.6700000E+00 5.2600000E+02 10 5.5274850E+01 1.9516315E-01 3.1368926E-01 5.2599197E-02 1.2759807E-02 1.3018880E-02 1.2614335E-02 7.2473592E-04 2.3155559E-04 6.9049868E-03 1.3603650E-04 6.7788273E-03 3.3643703E-02 3.8081692E-02 1.4927026E-04 1.6002455E+00 1.8836903E+01 -4.2795864E-02
3.1381000E+02 2.5927000E+02 8.6700000E+00 5.3100000E+02 10 5.5276520E+01 1.9504941E-01 3.1235711E-01 5.3004254E-02 1.2763490E-02 1.2971300E-02 1.2567464E-02 7.2346472E-04 2.3037545E-04 6.9075148E-03 1.3579789E-04 6.7780067E-03 3.3324581E-02 3.8092378E-02 1.4957241E-04 1.6003501E+00 1.8836153E+01 -4.2641519E-02
3.1381000E+02 2.5927000E+02 8.6700000E+00 5.3600000E+02 10 5.5278024E+01 1.9490472E-01 3.1110510E-01 5.3365508E-02 1.2760590E-02 1.2929123E-02 1.2526031E-02 7.2213240E-04 2.2928002E-04 6.9063694E-03 1.3554780E-04 6.7742845E-03 3.3042079E-02 3.8083504E-02 1.4967514E-04 1.6001514E+00 1.8836056E+01 -4.2532660E-02
3.1381000E+02 2.5927000E+02 8.6700000E+00 5.4100000E+02 10 5.5279386E+01 1.9474132E-01 3.0992179E-01 5.3690230E-02 1.2752756E-02 1.2889582E-02 1.2487253E-02 7.2076475E-04 2.2822244E-04 6.9025740E-03 1.3529109E-04 6.7682904E-03 3.2789951E-02 3.8059953E-02 1.4968145E-04 1.5996830E+00 1.8836397E+01 -4.2462832E-02
3.1381000E+02 2.5927000E+02 8.6700000E+00 5.4600000E+02 10 5.5280623E+01 1.9457538E-01 3.0881579E-01 5.3984048E-02 1.2742477E-02 1.2852013E-02 1.2450456E-02 7.1938114E-04 2.2720752E-04 6.8975040E-03 1.3503138E-04 6.7611313E-03 3.2563365E-02 3.8029122E-02 1.4964759E-04 1.5990561E+00 1.8836974E+01 -4.2419234E-02
3.1381000E+02 2.5927000E+02 8.6700000E+00 5.5100000E+02 10 5.5281747E+01 1.9441721E-01 3.0779202E-01 5.4251440E-02 1.2731469E-02 1.2816336E-02 1.2415554E-02 7.1799340E-04 2.2624781E-04 6.8920777E-03 1.3477089E-04 6.7536038E-03 3.2358504E-02 3.7996124E-02 1.4960001E-04 1.5983582E+00 1.8837651E+01 -4.2391906E-02
3.1381000E+02 2.5927000E+02 8.6700000E+00 5.5600000E+02 10 5.5282772E+01 1.9427137E-01 3.0684910E-01 5.4496035E-02 1.2720657E-02 1.2782544E-02 1.2382535E-02 7.1660809E-04 2.2534997E-04 6.8867782E-03 1.3451086E-04 6.7461486E-03 3.2172298E-02 3.7963713E-02 1.4954916E-04 1.5976412E+00 1.8838364E+01 -4.2374603E-02
3.1381000E+02 2.5927000E+02 8.6700000E+00 5.6100000E+02 10 5.5283709E+01 1.9413943E-01 3.0598214E-01 5.4720807E-02 1.2710475E-02 1.2750583E-02 1.2351344E-02 7.1522878E-04 2.2451541E-04 6.8818195E-03 1.3425196E-04 6.7389893E-03 3.2002248E-02 3.7933189E-02 1.4949965E-04 1.5969330E+00 1.8839073E+01 -4.2363632E-02
3.1381000E+02 2.5927000E+02 8.6700000E+00 5.6600000E+02 10 5.5284569E+01 1.9402110E-01 3.0518456E-01 5.4928216E-02 1.2701085E-02 1.2720351E-02 1.2321878E-02 7.1385750E-04 2.2374380E-04 6.8772709E-03 1.3399456E-04 6.7322179E-03 3.1846297E-02 3.7905030E-02 1.4945280E-04 1.5962464E+00 1.8839767E+01 -4.2356886E-02
3.1381000E+02 2.5927000E+02 8.6700000E+00 5.7100000E+02 10 5.5285361E+01 1.9391537E-01 3.0444949E-01 5.5120314E-02 1.2692507E-02 1.2691723E-02 1.2294010E-02 7.1249551E-04 2.2303372E-04 6.8731319E-03 1.3373891E-04 6.7258572E-03 3.1702734E-02 3.7879298E-02 1.4940925E-04 1.5955864E+00 1.8840431E+01 -4.2353158E-02
3.1381000E+02 2.5927000E+02 8.6700000E+00 5.7600000E+02 10 5.5286092E+01 1.9382111E-01 3.0377049E-01 5.5298828E-02 1.2684703E-02 1.2664565E-02 1.2267607E-02 7.1114369E-04 2.2238049E-04 6.8693760E-03 1.3348517E-04 6.7198975E-03 3.1570125E-02 3.7855879E-02 1.4936808E-04 1.5949542E+00 1.8841070E+01 -4.2351715E-02
3.1381000E+02 2.5927000E+02 8.6700000E+00 5.8100000E+02 10 5.5286769E+01 1.9373716E-01 3.0314175E-01 5.5465217E-02 1.2677616E-02 1.2638750E-02 1.2242540E-02 7.0980271E-04 2.2177783E-04 6.8659689E-03 1.3323346E-04 6.7143173E-03 3.1447259E-02 3.7834603E-02 1.4932945E-04 1.5943490E+00 1.8841680E+01 -4.2352080E-02
3.1381000E+02 2.5927000E+02 8.6700000E+00 5.8200000E+02 10 5.5279431E+01 2.0873309E-01 3.3537521E-01 5.5498021E-02 1.5107085E-02 1.4430442E-02 1.4034382E-02 7.0953495E-04 2.4059904E-04 8.1015367E-03 1.3318320E-04 7.8901559E-03 3.1437261E-02 4.5087641E-02 1.8291473E-04 1.7660876E+00 1.8532612E+01 -2.8946150E-02
3.1381000E+02 2.5927000E+02 8.6700000E+00 5.8700000E+02 10 5.5287875E+01 1.9286308E-01 3.0099898E-01 5.5624465E-02 1.2558648E-02 1.2556101E-02 1.2158562E-02 7.1218578E-04 2.2165282E-04 6.8081297E-03 1.3368077E-04 6.6573170E-03 3.1305045E-02 3.7479229E-02 1.4654816E-04 1.5881964E+00 1.8853349E+01 -4.2874984E-02
3.1381000E+02 2.5927000E+02 8.6700000E+00 5.9200000E+02 10 5.5288518E+01 1.9260960E-01 3.0009883E-01 5.5759918E-02 1.2523749E-02 1.2513187E-02 1.2116321E-02 7.1097797E-04 2.2051259E-04 6.7905874E-03 1.3345406E-04 6.6384860E-03 3.1205837E-02 3.7374994E-02 1.4718699E-04 1.5860012E+00 1.8854052E+01 -4.3036818E-02
3.1381000E+02 2.5927000E+02 8.6700000E+00 5.9700000E+02 10 5.5288931E+01 1.9273203E-01 2.9994777E-01 5.5886606E-02 1.2542822E-02 1.2502041E-02 1.2106129E-02 7.0927021E-04 2.2038059E-04 6.8005436E-03 1.3313351E-04 6.6449456E-03 3.1116668E-02 3.7431719E-02 1.4780256E-04 1.5866859E+00 1.8852019E+01 -4.2929008E-02
3.1381000E+02 2.5927000E+02 8.6700000E+00 6.0200000E+02 10 5.5289288E+01 1.9289027E-01 2.9994169E-01 5.6003071E-02 1.2569455E-02 1.2504871E-02 1.2109785E-02 7.0778982E-04 2.2045513E-04 6.8143345E-03 1.3285563E-04 6.6554171E-03 3.1034066E-02 3.7511055E-02 1.4817138E-04 1.5879958E+00 1.8849826E+01 -4.2766146E-02
3.1381000E+02 2.5927000E+02 8.6700000E+00 6.0700000E+02 10 5.5289652E+01 1.9298065E-01 2.9986010E-01 5.6111712E-02 1.2587713E-02 1.2509863E-02 1.2115498E-02 7.0649810E-04 2.2043022E-04 6.8237801E-03 1.3261317E-04 6.6622238E-03 3.0956467E-02 3.7565465E-02 1.4831168E-04 1.5890044E+00 1.8848352E+01 -4.2635280E-02
3.1381000E+02 2.5927000E+02 8.6700000E+00 6.1200000E+02 10 5.5290026E+01 1.9300496E-01 2.9967821E-01 5.6214487E-02 1.2596641E-02 1.2512175E-02 1.2118480E-02 7.0529781E-04 2.2027520E-04 6.8284158E-03 1.3238787E-04 6.6647273E-03 3.0883011E-02 3.7592059E-02 1.4832127E-04 1.5895555E+00 1.8847579E+01 -4.2550020E-02
3.1381000E+02 2.5927000E+02 8.6700000E+00 6.1700000E+02 10 5.5290401E+01 1.9298860E-01 2.9942710E-01 5.6312489E-02 1.2599206E-02 1.2510720E-02 1.2117673E-02 7.0413748E-04 2.2003126E-04 6.8297907E-03 1.3217007E-04 6.6642380E-03 3.0813186E-02 3.7599670E-02 1.4827336E-04 1.5897454E+00 1.8847290E+01 -4.2500542E-02
3.1381000E+02 2.5927000E+02 8.6700000E+00 6.2200000E+02 10 5.5290770E+01 1.9295284E-01 2.9913982E-01 5.6406243E-02 1.2598220E-02 1.2505869E-02 1.2113456E-02 7.0300194E-04 2.1975131E-04 6.8293559E-03 1.3195692E-04 6.6620672E-03 3.0746674E-02 3.7596679E-02 1.4820720E-04 1.5897005E+00 1.8847294E+01 -4.2474590E-02
3.1381000E+02 2.5927000E+02 8.6700000E+00 6.2700000E+02 10 5.5291125E+01 1.9291040E-01 2.9883878E-01 5.6495989E-02 1.2595508E-02 1.2498367E-02 1.2106573E-02 7.0189220E-04 2.1945749E-04 6.8280514E-03 1.3174862E-04 6.6590849E-03 3.0683263E-02 3.7588526E-02 1.4814011E-04 1.5895150E+00 1.8847464E+01 -4.2463119E-02
3.1381000E+02 2.5927000E+02 8.6700000E+00 6.3200000E+02 10 5.5291466E+01 1.9286789E-01 2.9853710E-01 5.6581864E-02 1.2592096E-02 1.2488928E-02 1.2097737E-02 7.0081296E-04 2.1917384E-04 6.8264021E-03 1.3154604E-04 6.6557910E-03 3.0622795E-02 3.7578274E-02 1.4807826E-04 1.5892495E+00 1.8847726E+01 -4.2460374E-02
3.1381000E+02 2.5927000E+02 8.6700000E+00 6.3700000E+02 10 5.5291790E+01 1.9282831E-01 2.9824180E-01 5.6663985E-02 1.2588513E-02 1.2478128E-02 1.2087520E-02 6.9976748E-04 2.1890736E-04 6.8246758E-03 1.3134980E-04 6.6524495E-03 3.0565141E-02 3.7567507E-02 1.4802297E-04 1.5889401E+00 1.8848039E+01 -4.2462921E-02
3.1381000E+02 2.5927000E+02 8.6700000E+00 6.4200000E+02 10 5.5292099E+01 1.9279272E-01 2.9795628E-01 5.6742485E-02 1.2585013E-02 1.2466400E-02 1.2076356E-02 6.9875627E-04 2.1866134E-04 6.8229995E-03 1.3115999E-04 6.6491860E-03 3.0510180E-02 3.7556982E-02 1.4797415E-04 1.5886078E+00 1.8848374E+01 -4.2468764E-02
3.1381000E+02 2.5927000E+02 8.6700000E+00 6.4700000E+02 10 5.5292392E+01 1.9276138E-01 2.9768212E-01 5.6817510E-02 1.2581709E-02 1.2454061E-02 1.2064564E-02 6.9777744E-04 2.1843522E-04 6.8214280E-03 1.3097626E-04 6.6460549E-03 3.0457796E-02 3.7547035E-02 1.4793025E-04 1.5882646E+00 1.8848723E+01 -4.2476732E-02
3.1381000E+02 2.5927000E+02 8.6700000E+00 6.5000000E+02 10 5.5288831E+01 2.0024168E-01 3.1353671E-01 5.6861308E-02 1.3792921E-02 1.3297507E-02 1.2908331E-02 6.9720116E-04 2.3056614E-04 7.4396994E-03 1.3086809E-04 7.2289268E-03 3.0434284E-02 4.1162161E-02 1.6415763E-04 1.6641151E+00 1.8726253E+01 -3.5883243E-02
