x y z_datum Time Well_no H2O H O Charge Al C Ca Cl Fe K Mg Na S Si U pH pe Alkalinity
3.1381000E+02 2.5927000E+02 8.6700000E+00 0.0000000E+00 10 9.9704301E-01 7.2098600E-06 6.6484776E-04 -3.2324431E-06 0.0000000E+00 1.0067647E-04 6.3262499E-05 4.3211171E-04 0.0000000E+00 2.8240956E-04 5.5605062E-05 2.2967748E-04 1.4127542E-04 0.0000000E+00 0.0000000E+00 7.0300000E+00 1.1068788E+01 7.1999443E-03
3.1381000E+02 2.5927000E+02 8.6700000E+00 5.0000000E+00 10 5.5328440E+01 1.9142067E-02 6.2457676E-02 -3.0286708E-03 0.0000000E+00 7.2796023E-03 1.3708905E-03 1.0585357E-02 0.0000000E+00 6.2731257E-03 1.9869236E-03 8.6765224E-03 1.0401762E-02 0.0000000E+00 0.0000000E+00 2.3823542E+00 1.8000480E+01 -6.7157644E-03
3.1381000E+02 2.5927000E+02 8.6700000E+00 1.0000000E+01 10 5.5309607E+01 3.3159338E-02 1.0602105E-01 -2.7368219E-03 1.0942944E-03 7.8410850E-03 3.2138698E-03 8.2895778E-03 1.5981124E-05 5.4519639E-03 1.5559945E-03 7.3437824E-03 1.9003459E-02 3.2720112E-03 1.5864668E-05 1.9975435E+00 1.8428283E+01 -1.7957053E-02
3.1381000E+02 2.5927000E+02 8.6700000E+00 1.5000000E+01 10 5.5286141E+01 5.9092411E-02 1.5633212E-01 -2.4774205E-03 2.7666376E-03 8.0891114E-03 4.6009172E-03 6.2490410E-03 3.8875467E-05 5.0793835E-03 1.1729757E-03 6.4964267E-03 2.6649347E-02 8.2683939E-03 3.9403713E-05 1.8704571E+00 1.8575370E+01 -2.5630900E-02
3.1381000E+02 2.5927000E+02 8.6700000E+00 2.0000000E+01 10 5.5266993E+01 8.1491834E-02 1.9736729E-01 -2.2809778E-03 4.2419815E-03 8.2364182E-03 5.6107965E-03 4.7037569E-03 6.2345302E-05 4.9074519E-03 8.8291831E-04 5.9510920E-03 3.2440001E-02 1.2674089E-02 6.0279455E-05 1.8100331E+00 1.8645557E+01 -3.0680424E-02
3.1381000E+02 2.5927000E+02 8.6700000E+00 2.5000000E+01 10 5.5253120E+01 9.8056868E-02 2.2752912E-01 -2.1427424E-03 5.3813829E-03 8.3639721E-03 6.3453365E-03 3.6163516E-03 8.2447938E-05 4.8395312E-03 6.7880698E-04 5.6143666E-03 3.6515114E-02 1.6075704E-02 7.6244620E-05 1.7798154E+00 1.8680627E+01 -3.3776866E-02
3.1381000E+02 2.5927000E+02 8.6700000E+00 3.0000000E+01 10 5.5243458E+01 1.0973421E-01 2.4887610E-01 -2.0481964E-03 6.2128394E-03 8.4929347E-03 6.8894467E-03 2.8726218E-03 9.8135073E-05 4.8201042E-03 5.3920524E-04 5.4086738E-03 3.9302443E-02 1.8557663E-02 8.7653115E-05 1.7646812E+00 1.8698224E+01 -3.5600104E-02
3.1381000E+02 2.5927000E+02 8.6700000E+00 3.5000000E+01 10 5.5236797E+01 1.1783405E-01 2.6385515E-01 -1.9836039E-03 6.8064565E-03 8.6239825E-03 7.3041174E-03 2.3645160E-03 1.0979119E-04 4.8198127E-03 4.4383129E-04 5.2805265E-03 4.1206807E-02 2.0329594E-02 9.5574454E-05 1.7572536E+00 1.8706946E+01 -3.6656225E-02
3.1381000E+02 2.5927000E+02 8.6700000E+00 4.0000000E+01 10 5.5232162E+01 1.2347559E-01 2.7446977E-01 -1.9387405E-03 7.2298166E-03 8.7530927E-03 7.6302211E-03 2.0116055E-03 1.1828120E-04 4.8250307E-03 3.7758825E-04 5.1970925E-03 4.2529572E-02 2.1593347E-02 1.0104808E-04 1.7537716E+00 1.8711142E+01 -3.7268776E-02
3.1381000E+02 2.5927000E+02 8.6700000E+00 4.5000000E+01 10 5.5228870E+01 1.2746973E-01 2.8215143E-01 -1.9067177E-03 7.5354068E-03 8.8766727E-03 7.8944117E-03 1.7597039E-03 1.2445680E-04 4.8302489E-03 3.3030508E-04 5.1394540E-03 4.3473788E-02 2.2505609E-02 1.0487088E-04 1.7522963E+00 1.8713034E+01 -3.7629358E-02
3.1381000E+02 2.5927000E+02 8.6700000E+00 5.0000000E+01 10 5.5226467E+01 1.3036581E-01 2.8786304E-01 -1.8831031E-03 7.7604095E-03 8.9926320E-03 8.1140620E-03 1.5739433E-03 1.2899830E-04 4.8337035E-03 2.9543690E-04 5.0970267E-03 4.4170120E-02 2.3177355E-02 1.0759581E-04 1.7518291E+00 1.8713762E+01 -3.7847011E-02
3.1381000E+02 2.5927000E+02 8.6700000E+00 5.5000000E+01 10 5.5224660E+01 1.3252340E-01 2.9223481E-01 -1.8650940E-03 7.9300377E-03 9.1001770E-03 8.3006839E-03 1.4322782E-03 1.3239925E-04 4.8351635E-03 2.6884567E-04 5.0639207E-03 4.4701184E-02 2.3683826E-02 1.0958867E-04 1.7518581E+00 1.8713904E+01 -3.7982718E-02
3.1381000E+02 2.5927000E+02 8.6700000E+00 6.0000000E+01 10 5.5223261E+01 1.3417505E-01 2.9567605E-01 -1.8509185E-03 8.0610509E-03 9.1993550E-03 8.4621063E-03 1.3207686E-03 1.3500475E-04 4.8348928E-03 2.4791475E-04 5.0368110E-03 4.5119224E-02 2.4075035E-02 1.1108616E-04 1.7521205E+00 1.8713760E+01 -3.8070625E-02
3.1381000E+02 2.5927000E+02 8.6700000E+00 6.5000000E+01 10 5.5222148E+01 1.3547243E-01 2.9845512E-01 -1.8394420E-03 8.1646217E-03 9.2906617E-03 8.6038059E-03 1.2304907E-03 1.3704523E-04 4.8332927E-03 2.3096915E-04 5.0137776E-03 4.5457682E-02 2.4384323E-02 1.1224142E-04 1.7524838E+00 1.8713484E+01 -3.8129867E-02
3.1381000E+02 2.5927000E+02 8.6700000E+00 6.6000000E+01 10 5.5215921E+01 1.4780989E-01 3.2753630E-01 -1.8372465E-03 1.0247891E-02 1.1296541E-02 1.0619326E-02 1.2132201E-03 1.5604483E-04 5.8672601E-03 2.2772738E-04 6.0254623E-03 4.5540206E-02 3.0607676E-02 1.4638060E-04 1.9377895E+00 1.8417381E+01 -2.5812358E-02
3.1381000E+02 2.5927000E+02 8.6700000E+00 6.7000000E+01 10 5.5215792E+01 1.4789536E-01 3.2767776E-01 -1.8351435E-03 1.0241252E-02 1.1285010E-02 1.0617029E-02 1.1966767E-03 1.5831747E-04 5.8546006E-03 2.2462210E-04 6.0080093E-03 4.5601115E-02 3.0587537E-02 1.4405995E-04 1.9349568E+00 1.8432279E+01 -2.5983899E-02
3.1381000E+02 2.5927000E+02 8.6700000E+00 7.2000000E+01 10 5.5218231E+01 1.3669244E-01 3.0147951E-01 -1.7951649E-03 8.0758202E-03 9.2633863E-03 8.6341058E-03 1.1273455E-03 1.3871000E-04 4.7268703E-03 2.1160829E-04 4.8862969E-03 4.6383376E-02 2.4119036E-02 1.0848669E-04 1.7275929E+00 1.8890679E+01 -4.0421258E-02
3.1381000E+02 2.5927000E+02 8.6700000E+00 7.7000000E+01 10 5.5212793E+01 1.3943854E-01 3.0750276E-01 -1.7452040E-03 8.1967744E-03 9.3227502E-03 8.7265179E-03 1.0681400E-03 1.5184339E-04 4.7537102E-03 2.0049513E-04 4.8957406E-03 4.7367807E-02 2.4479772E-02 1.3643311E-04 1.7151772E+00 1.8966943E+01 -4.1761158E-02
3.1381000E+02 2.5927000E+02 8.6700000E+00 8.2000000E+01 10 5.5207622E+01 1.4247998E-01 3.1402367E-01 -1.7004051E-03 8.3915783E-03 9.4186028E-03 8.8510402E-03 1.0167788E-03 1.7064355E-04 4.8231251E-03 1.9085437E-04 4.9468924E-03 4.8257950E-02 2.5060767E-02 1.6927217E-04 1.7094472E+00 1.9006090E+01 -4.2523662E-02
3.1381000E+02 2.5927000E+02 8.6700000E+00 8.7000000E+01 10 5.5203513E+01 1.4506770E-01 3.1957205E-01 -1.6654584E-03 8.5757043E-03 9.5182157E-03 8.9758592E-03 9.7162240E-04 1.8861734E-04 4.8906148E-03 1.8237830E-04 4.9981752E-03 4.8965168E-02 2.5609968E-02 1.9779356E-04 1.7069741E+00 1.9027088E+01 -4.2954536E-02
3.1381000E+02 2.5927000E+02 8.6700000E+00 9.1000000E+01 10 5.5199440E+01 1.4978687E-01 3.3017591E-01 -1.6436713E-03 9.2112179E-03 1.0039899E-02 9.5158534E-03 9.3881814E-04 2.1292869E-04 5.1921232E-03 1.7622078E-04 5.2813158E-03 4.9430831E-02 2.7507424E-02 2.3452879E-04 1.7405377E+00 1.8998405E+01 -4.0206170E-02
3.1381000E+02 2.5927000E+02 8.6700000E+00 9.2000000E+01 10 5.5194170E+01 1.5961189E-01 3.5299792E-01 -1.6386002E-03 1.0833818E-02 1.1525354E-02 1.1005776E-02 9.3081514E-04 2.5166745E-04 6.0025547E-03 1.7471858E-04 6.0715534E-03 4.9592643E-02 3.2353964E-02 3.0218299E-04 1.8683417E+00 1.8855920E+01 -3.0858739E-02
3.1381000E+02 2.5927000E+02 8.6700000E+00 9.7000000E+01 10 5.5194354E+01 1.4834620E-01 3.2783048E-01 -2.1295352E-03 8.6302127E-03 9.5420931E-03 9.0425857E-03 8.9485903E-04 2.1154181E-04 4.8740107E-03 1.6796944E-04 4.9601184E-03 5.0718125E-02 2.5771944E-02 2.2526024E-04 1.6838619E+00 1.9078058E+01 -4.5650510E-02
3.1381000E+02 2.5927000E+02 8.6700000E+00 1.0200000E+02 10 5.5186379E+01 1.5146359E-01 3.3570038E-01 -2.8094587E-03 8.7801200E-03 9.6083401E-03 9.1270193E-03 8.6227808E-04 2.2274715E-04 4.9317478E-03 1.6185384E-04 5.0049196E-03 5.2130169E-02 2.6218938E-02 2.4467158E-04 1.6747274E+00 1.9099560E+01 -4.7017616E-02
3.1381000E+02 2.5927000E+02 8.6700000E+00 1.0700000E+02 10 5.5179197E+01 1.5459971E-01 3.4338626E-01 -3.4245554E-03 8.9728280E-03 9.6976020E-03 9.2328804E-03 8.3254085E-04 2.3491171E-04 5.0130426E-03 1.5627201E-04 5.0726100E-03 5.3371800E-02 2.6793594E-02 2.6244725E-04 1.6702923E+00 1.9112859E+01 -4.7891904E-02
3.1381000E+02 2.5927000E+02 8.6700000E+00 1.1200000E+02 10 5.5173626E+01 1.5718368E-01 3.4965189E-01 -3.8937079E-03 9.1463705E-03 9.7852373E-03 9.3357612E-03 8.0522880E-04 2.4606396E-04 5.0857444E-03 1.5114541E-04 5.1333523E-03 5.4333208E-02 2.7311152E-02 2.7705636E-04 1.6682598E+00 1.9120717E+01 -4.8436379E-02
3.1381000E+02 2.5927000E+02 8.6700000E+00 1.1700000E+02 10 5.5169575E+01 1.5914955E-01 3.5439962E-01 -4.2243062E-03 9.2845752E-03 9.8626617E-03 9.4272636E-03 7.8000830E-04 2.5537531E-04 5.1413925E-03 1.4641139E-04 5.1791015E-03 5.5039256E-02 2.7723372E-02 2.8826207E-04 1.6673717E+00 1.9125332E+01 -4.8776988E-02
3.1381000E+02 2.5927000E+02 8.6700000E+00 1.2200000E+02 10 5.5166687E+01 1.6061202E-01 3.5792871E-01 -4.4497731E-03 9.3903997E-03 9.9291809E-03 9.5068435E-03 7.5661033E-04 2.6283641E-04 5.1814056E-03 1.4201948E-04 5.2109808E-03 5.5552278E-02 2.8039054E-02 2.9659220E-04 1.6670242E+00 1.9128068E+01 -4.8994173E-02
3.1381000E+02 2.5927000E+02 8.6700000E+00 1.2400000E+02 10 5.5160563E+01 1.7148402E-01 3.8250613E-01 -4.5254897E-03 1.1141448E-02 1.1394260E-02 1.0976993E-02 7.4752700E-04 3.1027602E-04 6.0590987E-03 1.4031449E-04 6.0593772E-03 5.5798334E-02 3.3267932E-02 3.7366022E-04 1.7766039E+00 1.9007483E+01 -3.9228378E-02
3.1381000E+02 2.5927000E+02 8.6700000E+00 1.2500000E+02 10 5.5158629E+01 1.7469636E-01 3.8995977E-01 -4.5600264E-03 1.1657150E-02 1.1863138E-02 1.1448368E-02 7.4305242E-04 3.2515193E-04 6.3158481E-03 1.3947459E-04 6.3085488E-03 5.5900592E-02 3.4808111E-02 3.9354912E-04 1.8143809E+00 1.8966605E+01 -3.6328319E-02
3.1381000E+02 2.5927000E+02 8.6700000E+00 1.3000000E+02 10 5.5164155E+01 1.6112876E-01 3.5974559E-01 -4.6743251E-03 9.3487260E-03 9.9278176E-03 9.5246390E-03 7.2228766E-04 2.6907864E-04 5.1396793E-03 1.3557695E-04 5.1627331E-03 5.6109768E-02 2.7914353E-02 2.9300924E-04 1.6585530E+00 1.9140382E+01 -5.0052264E-02
3.1381000E+02 2.5927000E+02 8.6700000E+00 1.3100000E+02 10 5.5156879E+01 1.7538202E-01 3.9187517E-01 -4.6952985E-03 1.1684626E-02 1.1905053E-02 1.1504133E-02 7.1824100E-04 3.3063533E-04 6.3144414E-03 1.3481737E-04 6.3022202E-03 5.6266495E-02 3.4890179E-02 4.0359484E-04 1.8107748E+00 1.8971060E+01 -3.6701054E-02
3.1381000E+02 2.5927000E+02 8.6700000E+00 1.3200000E+02 10 5.5156623E+01 1.7547440E-01 3.9205555E-01 -4.7146329E-03 1.1683369E-02 1.1897004E-02 1.1498304E-02 7.1426472E-04 3.3101492E-04 6.3119169E-03 1.3407100E-04 6.2977303E-03 5.6314857E-02 3.4886121E-02 3.9739733E-04 1.8095167E+00 1.8973622E+01 -3.6811283E-02
3.1381000E+02 2.5927000E+02 8.6700000E+00 1.3700000E+02 10 5.5156259E+01 1.6323656E-01 3.6596090E-01 -5.8629723E-03 9.3725082E-03 9.9566736E-03 9.5686997E-03 6.9504875E-04 2.7359773E-04 5.1353630E-03 1.3046407E-04 5.1520685E-03 5.7706016E-02 2.7985091E-02 2.9621175E-04 1.6466834E+00 1.9132290E+01 -5.1902489E-02
3.1381000E+02 2.5927000E+02 8.6700000E+00 1.4200000E+02 10 5.5145915E+01 1.6694784E-01 3.7565275E-01 -7.4228935E-03 9.5743178E-03 1.0066105E-02 9.6884432E-03 6.7657396E-04 2.7327697E-04 5.2273810E-03 1.2699626E-04 5.2340781E-03 5.9655594E-02 2.8587123E-02 2.9953632E-04 1.6414234E+00 1.9100527E+01 -5.3223170E-02
3.1381000E+02 2.5927000E+02 8.6700000E+00 1.4700000E+02 10 5.5136209E+01 1.7079041E-01 3.8531408E-01 -8.8566364E-03 9.8210030E-03 1.0196518E-02 9.8286610E-03 6.5900992E-04 2.6785342E-04 5.3431425E-03 1.2369940E-04 5.3380902E-03 6.1430111E-02 2.9322951E-02 2.8977513E-04 1.6394237E+00 1.9057175E+01 -5.4127516E-02
3.1381000E+02 2.5927000E+02 8.6700000E+00 1.5200000E+02 10 5.5128504E+01 1.7397912E-01 3.9321055E-01 -9.9759636E-03 1.0037075E-02 1.0315810E-02 9.9572056E-03 6.4243343E-04 2.5899382E-04 5.4437787E-03 1.2058791E-04 5.4282857E-03 6.2817011E-02 2.9967493E-02 2.7150469E-04 1.6387492E+00 1.9009348E+01 -5.4732533E-02
3.1381000E+02 2.5927000E+02 8.6700000E+00 1.5700000E+02 10 5.5122829E+01 1.7639721E-01 3.9914706E-01 -1.0785290E-02 1.0204856E-02 1.0414474E-02 1.0064577E-02 6.2683472E-04 2.4894388E-04 5.5201860E-03 1.1765996E-04 5.4962285E-03 6.3829201E-02 3.0468020E-02 2.4986892E-04 1.6385460E+00 1.8962653E+01 -5.5137123E-02
3.1381000E+02 2.5927000E+02 8.6700000E+00 1.6200000E+02 10 5.5118764E+01 1.7817565E-01 4.0348692E-01 -1.1352116E-02 1.0329901E-02 1.0493547E-02 1.0151844E-02 6.1215539E-04 2.3937703E-04 5.5751932E-03 1.1490458E-04 5.5445086E-03 6.4551174E-02 3.0841088E-02 2.2863764E-04 1.6385059E+00 1.8921717E+01 -5.5410094E-02
3.1381000E+02 2.5927000E+02 8.6700000E+00 1.6700000E+02 10 5.5115848E+01 1.7948618E-01 4.0667196E-01 -1.1747300E-02 1.0422984E-02 1.0557158E-02 1.0223178E-02 5.9831827E-04 2.3114996E-04 5.6143000E-03 1.1230728E-04 5.5781926E-03 6.5069013E-02 3.1118824E-02 2.0991857E-04 1.6385299E+00 1.8889529E+01 -5.5597129E-02
3.1381000E+02 2.5927000E+02 8.6700000E+00 1.6800000E+02 10 5.5107993E+01 1.9443904E-01 4.3961792E-01 -1.1820028E-02 1.2828039E-02 1.2518732E-02 1.2186279E-02 5.9558389E-04 2.5490726E-04 6.8268182E-03 1.1179403E-04 6.7501190E-03 6.5188620E-02 3.8300489E-02 2.5187886E-04 1.7767189E+00 1.8666204E+01 -4.2038994E-02
3.1381000E+02 2.5927000E+02 8.6700000E+00 1.6900000E+02 10 5.5107557E+01 1.9453197E-01 4.3983869E-01 -1.1886986E-02 1.2821281E-02 1.2504801E-02 1.2173856E-02 5.9288191E-04 2.5558088E-04 6.8223774E-03 1.1128685E-04 6.7438683E-03 6.5275462E-02 3.8279977E-02 2.4379760E-04 1.7750029E+00 1.8667443E+01 -4.2216945E-02
3.1381000E+02 2.5927000E+02 8.6700000E+00 1.7400000E+02 10 5.5120754E+01 1.7308219E-01 4.0210316E-01 -1.5955131E-02 1.0311310E-02 1.0496852E-02 1.0173039E-02 5.8010416E-04 2.2219898E-04 5.5466804E-03 1.0888840E-04 5.5091432E-03 6.4316067E-02 3.0785241E-02 1.8241602E-04 1.6895254E+00 1.8815671E+01 -5.0467373E-02
3.1381000E+02 2.5927000E+02 8.6700000E+00 1.7500000E+02 10 5.5115711E+01 1.8460123E-01 4.3076641E-01 -1.6921887E-02 1.2474092E-02 1.2436823E-02 1.2114421E-02 5.7757729E-04 2.4243370E-04 6.6326725E-03 1.0841410E-04 6.5682384E-03 6.4094835E-02 3.7245333E-02 2.2000899E-04 1.8511063E+00 1.8560835E+01 -3.6350186E-02
3.1381000E+02 2.5927000E+02 8.6700000E+00 1.7600000E+02 10 5.5117798E+01 1.8209930E-01 4.2819326E-01 -1.8020932E-02 1.2362165E-02 1.2408869E-02 1.2087862E-02 5.7507848E-04 2.4161752E-04 6.5733281E-03 1.0794506E-04 6.5131639E-03 6.3801823E-02 3.6911624E-02 2.1324067E-04 1.8678091E+00 1.8547888E+01 -3.5171598E-02
3.1381000E+02 2.5927000E+02 8.6700000E+00 1.8100000E+02 10 5.5073300E+01 1.7510642E-01 4.3233971E-01 -2.8375825E-02 9.7634939E-03 1.0404334E-02 1.0089946E-02 5.6322074E-04 2.0684161E-04 5.2509003E-03 1.0571930E-04 5.2389532E-03 7.3567932E-02 2.9153157E-02 1.6027881E-04 1.6477965E+00 1.8846442E+01 -5.9085528E-02
3.1381000E+02 2.5927000E+02 8.6700000E+00 1.8600000E+02 10 5.4993866E+01 1.9439650E-01 4.9283257E-01 -3.9526807E-02 9.9265966E-03 1.0451658E-02 1.0143566E-02 5.5194326E-04 2.0285863E-04 5.3286374E-03 1.0360246E-04 5.3067453E-03 8.8188834E-02 2.9639161E-02 1.5801486E-04 1.5577958E+00 1.8925398E+01 -7.6682889E-02
3.1381000E+02 2.5927000E+02 8.6700000E+00 1.9100000E+02 10 5.4917290E+01 2.1690449E-01 5.5500268E-01 -4.8950968E-02 1.0503728E-02 1.0536005E-02 1.0233910E-02 5.4119821E-04 2.0789998E-04 5.6242583E-03 1.0158557E-04 5.5666526E-03 1.0197535E-01 3.1357688E-02 1.6021773E-04 1.4941705E+00 1.8981060E+01 -9.2623054E-02
3.1381000E+02 2.5927000E+02 8.6700000E+00 1.9600000E+02 10 5.4856042E+01 2.3679699E-01 6.0686483E-01 -5.6038064E-02 1.1196281E-02 1.0621842E-02 1.0325471E-02 5.3094459E-04 2.1821300E-04 5.9814841E-03 9.9660912E-05 5.8795752E-03 1.1283902E-01 3.3419490E-02 1.6350412E-04 1.4548342E+00 1.9015097E+01 -1.0455113E-01
3.1381000E+02 2.5927000E+02 8.6700000E+00 2.0100000E+02 10 5.4811138E+01 2.5236300E-01 6.4613308E-01 -6.1079566E-02 1.1836540E-02 1.0696982E-02 1.0406080E-02 5.2114690E-04 2.3060238E-04 6.3120104E-03 9.7821837E-05 6.1680621E-03 1.2071453E-01 3.5325440E-02 1.6634155E-04 1.4314713E+00 1.9035082E+01 -1.1272246E-01
3.1381000E+02 2.5927000E+02 8.6700000E+00 2.0600000E+02 10 5.4779437E+01 2.6388795E-01 6.7461869E-01 -6.4594667E-02 1.2367654E-02 1.0760438E-02 1.0474767E-02 5.1177405E-04 2.4286198E-04 6.5856997E-03 9.6062507E-05 6.4061026E-03 1.2622488E-01 3.6906478E-02 1.6836936E-04 1.4177841E+00 1.9046614E+01 -1.1809826E-01
3.1381000E+02 2.5927000E+02 8.6700000E+00 2.1100000E+02 10 5.4757246E+01 2.7225936E-01 6.9504814E-01 -6.7052187E-02 1.2788271E-02 1.0814743E-02 1.0534082E-02 5.0279854E-04 2.5385806E-04 6.8016515E-03 9.4377759E-05 6.5932651E-03 1.3005454E-01 3.8158665E-02 1.6967461E-04 1.4097920E+00 1.9053192E+01 -1.2159166E-01
3.1381000E+02 2.5927000E+02 8.6700000E+00 2.1600000E+02 10 5.4741549E+01 2.7835881E-01 7.0982434E-01 -6.8800824E-02 1.3116782E-02 1.0862687E-02 1.0586828E-02 4.9419576E-04 2.6323038E-04 6.9693940E-03 9.2762974E-05 6.7381741E-03 1.3274803E-01 3.9136769E-02 1.7045107E-04 1.4051187E+00 1.9056905E+01 -1.2387593E-01
3.1381000E+02 2.5927000E+02 8.6700000E+00 2.2100000E+02 10 5.4730196E+01 2.8287821E-01 7.2073644E-01 -7.0078515E-02 1.3374570E-02 1.0906365E-02 1.0635113E-02 4.8594350E-04 2.7102010E-04 7.1000724E-03 9.1213985E-05 6.8507792E-03 1.3468792E-01 3.9904424E-02 1.7087766E-04 1.4023797E+00 1.9058968E+01 -1.2539764E-01
3.1381000E+02 2.5927000E+02 8.6700000E+00 2.2600000E+02 10 5.4721744E+01 2.8631116E-01 7.2902064E-01 -7.1041162E-02 1.3580007E-02 1.0947130E-02 1.0680300E-02 4.7802157E-04 2.7744297E-04 7.2032426E-03 8.9726999E-05 6.9396438E-03 1.3612782E-01 4.0516299E-02 1.7108798E-04 1.4007782E+00 1.9060083E+01 -1.2643809E-01
3.1381000E+02 2.5927000E+02 8.6700000E+00 2.3100000E+02 10 5.4715253E+01 2.8899351E-01 7.3550147E-01 -7.1789338E-02 1.3747151E-02 1.0985807E-02 1.0723225E-02 4.7041145E-04 2.8274619E-04 7.2862076E-03 8.8298542E-05 7.0113236E-03 1.3723160E-01 4.1014219E-02 1.7117214E-04 1.3998569E+00 1.9060648E+01 -1.2717056E-01
3.1381000E+02 2.5927000E+02 8.6700000E+00 2.3600000E+02 10 5.4710114E+01 2.9114880E-01 7.4072136E-01 -7.2387957E-02 1.3886142E-02 1.1022898E-02 1.0764400E-02 4.6309609E-04 2.8715547E-04 7.3542778E-03 8.6925413E-05 7.0705001E-03 1.3810447E-01 4.1428359E-02 1.7118657E-04 1.3993506E+00 1.9060889E+01 -1.2770150E-01
3.1381000E+02 2.5927000E+02 8.6700000E+00 2.4100000E+02 10 5.4705933E+01 2.9292476E-01 7.4503689E-01 -7.2879403E-02 1.4004050E-02 1.1058728E-02 1.0804157E-02 4.5605969E-04 2.9085584E-04 7.4112037E-03 8.5604647E-05 7.1203815E-03 1.3881446E-01 4.1779748E-02 1.7116472E-04 1.3991025E+00 1.9060940E+01 -1.2809727E-01
3.1381000E+02 2.5927000E+02 8.6700000E+00 2.4600000E+02 10 5.4702450E+01 2.9441985E-01 7.4868505E-01 -7.3291888E-02 1.4105748E-02 1.1093509E-02 1.0842718E-02 4.4928757E-04 2.9399367E-04 7.4596027E-03 8.4333486E-05 7.1631426E-03 1.3940624E-01 4.2082887E-02 1.7112568E-04 1.3990167E+00 1.9060879E+01 -1.2840011E-01
3.1381000E+02 2.5927000E+02 8.6700000E+00 2.5100000E+02 10 5.4699489E+01 2.9570071E-01 7.5182633E-01 -7.3644642E-02 1.4194632E-02 1.1127381E-02 1.0880230E-02 4.4276600E-04 2.9668267E-04 7.5013129E-03 8.3109356E-05 7.2002768E-03 1.3990981E-01 4.2347874E-02 1.7108004E-04 1.3990333E+00 1.9060755E+01 -1.2863761E-01
3.1381000E+02 2.5927000E+02 8.6700000E+00 2.5600000E+02 10 5.4696930E+01 2.9681377E-01 7.5457237E-01 -7.3951118E-02 1.4273132E-02 1.1160429E-02 1.0916786E-02 4.3648216E-04 2.9900923E-04 7.5376512E-03 8.1929849E-05 7.2328488E-03 1.4034584E-01 4.2581936E-02 1.7103356E-04 1.3991137E+00 1.9060596E+01 -1.2882823E-01
3.1381000E+02 2.5927000E+02 8.6700000E+00 2.6100000E+02 10 5.4694688E+01 2.9779241E-01 7.5700306E-01 -7.4220973E-02 1.4343051E-02 1.1192695E-02 1.0952434E-02 4.3042400E-04 3.0103866E-04 7.5695922E-03 8.0792701E-05 7.2616462E-03 1.4072895E-01 4.2790437E-02 1.7098902E-04 1.3992330E+00 1.9060422E+01 -1.2898456E-01
3.1381000E+02 2.5927000E+02 8.6700000E+00 2.6400000E+02 10 5.4688370E+01 3.0852459E-01 7.7844763E-01 -7.4371410E-02 1.5915079E-02 1.2118331E-02 1.1880055E-02 4.2686783E-04 3.1969799E-04 8.3717052E-03 8.0125191E-05 8.0132324E-03 1.4094957E-01 4.7479904E-02 1.9180466E-04 1.4354565E+00 1.8981051E+01 -1.2098465E-01
3.1381000E+02 2.5927000E+02 8.6700000E+00 2.6500000E+02 10 5.4682937E+01 3.1880326E-01 7.9890044E-01 -7.4420339E-02 1.7448109E-02 1.3055366E-02 1.2817746E-02 4.2569110E-04 3.3503072E-04 9.1542950E-03 7.9904313E-05 8.7493476E-03 1.4102556E-01 5.2053666E-02 2.1148805E-04 1.4737730E+00 1.8877597E+01 -1.1293145E-01
3.1381000E+02 2.5927000E+02 8.6700000E+00 2.7000000E+02 10 5.4690633E+01 3.0093141E-01 7.6416862E-01 -7.4605764E-02 1.4721382E-02 1.1436221E-02 1.1201318E-02 4.2082531E-04 3.1445120E-04 7.7564924E-03 7.8990981E-05 7.4363251E-03 1.4127543E-01 4.3919027E-02 1.7173437E-04 1.4061913E+00 1.9051353E+01 -1.2766761E-01
3.1381000E+02 2.5927000E+02 8.6700000E+00 2.7500000E+02 10 5.4687688E+01 3.0466169E-01 7.7193426E-01 -7.4774995E-02 1.5237005E-02 1.1759869E-02 1.1527392E-02 4.1647948E-04 3.1925627E-04 8.0167604E-03 7.8175246E-05 7.6813096E-03 1.4151681E-01 4.5457426E-02 1.7896847E-04 1.4174866E+00 1.9026792E+01 -1.2522562E-01
3.1381000E+02 2.5927000E+02 8.6700000E+00 2.8000000E+02 10 5.4685095E+01 3.0780520E-01 7.7860222E-01 -7.4934864E-02 1.5670751E-02 1.2048445E-02 1.1818509E-02 4.1192674E-04 3.2482642E-04 8.2347619E-03 7.7320675E-05 7.8871484E-03 1.4174457E-01 4.6751706E-02 1.8274575E-04 1.4271967E+00 1.9009706E+01 -1.2317344E-01
3.1381000E+02 2.5927000E+02 8.6700000E+00 2.8500000E+02 10 5.4682938E+01 3.1019635E-01 7.8386850E-01 -7.5085472E-02 1.5999351E-02 1.2289634E-02 1.2062282E-02 4.0729674E-04 3.3004044E-04 8.3985953E-03 7.6451602E-05 8.0428703E-03 1.4195917E-01 4.7732489E-02 1.8458686E-04 1.4346963E+00 1.8998451E+01 -1.2162922E-01
3.1381000E+02 2.5927000E+02 8.6700000E+00 2.8900000E+02 10 5.4679080E+01 3.1647041E-01 7.9679929E-01 -7.5199936E-02 1.6926700E-02 1.2897782E-02 1.2672488E-02 4.0361023E-04 3.4198270E-04 8.8692131E-03 7.5759624E-05 8.4869207E-03 1.4212551E-01 5.0499582E-02 1.9443863E-04 1.4574204E+00 1.8951917E+01 -1.1683334E-01
3.1381000E+02 2.5927000E+02 8.6700000E+00 2.9000000E+02 10 5.4671348E+01 3.3163808E-01 8.2721150E-01 -7.5228174E-02 1.9216448E-02 1.4355435E-02 1.4130654E-02 4.0269067E-04 3.6151240E-04 1.0037100E-02 7.5587018E-05 9.5890493E-03 1.4217489E-01 5.7331958E-02 2.2245558E-04 1.5183509E+00 1.8768982E+01 -1.0460440E-01
3.1381000E+02 2.5927000E+02 8.6700000E+00 2.9500000E+02 10 5.4722073E+01 3.0147217E-01 7.5749021E-01 -7.0252386E-02 1.6199940E-02 1.2538679E-02 1.2316396E-02 3.9821508E-04 3.3959320E-04 8.4924279E-03 7.4746928E-05 8.1357079E-03 1.3463965E-01 4.8332059E-02 1.8124555E-04 1.4739883E+00 1.8965281E+01 -1.1027172E-01
3.1381000E+02 2.5927000E+02 8.6700000E+00 3.0000000E+02 10 5.4786119E+01 2.8465281E-01 7.0939256E-01 -6.2486428E-02 1.6082640E-02 1.2647391E-02 1.2427522E-02 3.9389197E-04 3.3597783E-04 8.4244073E-03 7.3935460E-05 8.0826550E-03 1.2290824E-01 4.7984818E-02 1.8096533E-04 1.5326694E+00 1.8902638E+01 -9.4494975E-02
3.1381000E+02 2.5927000E+02 8.6700000E+00 3.0100000E+02 10 5.4791120E+01 2.9819085E-01 7.3476185E-01 -6.0848608E-02 1.8714343E-02 1.4571591E-02 1.4352201E-02 3.9303363E-04 3.5750441E-04 9.7594604E-03 7.3774345E-05 9.3587864E-03 1.2044787E-01 5.5841313E-02 2.1665228E-04 1.6392672E+00 1.8646127E+01 -7.6522834E-02
3.1381000E+02 2.5927000E+02 8.6700000E+00 3.0200000E+02 10 5.4805435E+01 2.9379595E-01 7.2310429E-01 -5.9156505E-02 1.8593018E-02 1.4578903E-02 1.4359988E-02 3.9218170E-04 3.5953354E-04 9.6948092E-03 7.3614434E-05 9.3024403E-03 1.1789138E-01 5.5480398E-02 2.1331657E-04 1.6544933E+00 1.8646214E+01 -7.3517752E-02
3.1381000E+02 2.5927000E+02 8.6700000E+00 3.0300000E+02 10 5.4822333E+01 2.8792574E-01 7.0809772E-01 -5.7205575E-02 1.8334340E-02 1.4518173E-02 1.4298953E-02 3.9272901E-04 3.6032962E-04 9.5604969E-03 7.3717167E-05 9.1815643E-03 1.1494132E-01 5.4709799E-02 2.0877163E-04 1.6683196E+00 1.8652041E+01 -7.0673036E-02
3.1381000E+02 2.5927000E+02 8.6700000E+00 3.0800000E+02 10 5.4900771E+01 2.4728689E-01 6.1137997E-01 -4.9082700E-02 1.4698118E-02 1.2379124E-02 1.2161638E-02 3.8962336E-04 3.1799905E-04 7.6983548E-03 7.3134222E-05 7.4334347E-03 1.0265554E-01 4.3861803E-02 1.6196007E-04 1.6212202E+00 1.8837085E+01 -7.3078190E-02
3.1381000E+02 2.5927000E+02 8.6700000E+00 3.1300000E+02 10 5.4952771E+01 2.2933011E-01 5.6585831E-01 -4.3074800E-02 1.3935880E-02 1.2309862E-02 1.2093486E-02 3.8763431E-04 2.9822729E-04 7.2969600E-03 7.2760866E-05 7.0785553E-03 9.3579552E-02 4.1592631E-02 1.5749185E-04 1.6665421E+00 1.8789338E+01 -6.3981615E-02
3.1381000E+02 2.5927000E+02 8.6700000E+00 3.1800000E+02 10 5.4989607E+01 2.1623356E-01 5.3346552E-01 -3.8846147E-02 1.3358640E-02 1.2333953E-02 1.2117824E-02 3.8719223E-04 2.8155327E-04 6.9921081E-03 7.2677886E-05 6.8124286E-03 8.7187481E-02 3.9874684E-02 1.5349480E-04 1.7027098E+00 1.8750834E+01 -5.7602640E-02
3.1381000E+02 2.5927000E+02 8.6700000E+00 3.2300000E+02 10 5.5015356E+01 2.0662519E-01 5.1041729E-01 -3.5923316E-02 1.2898776E-02 1.2391572E-02 1.2175214E-02 3.8760085E-04 2.6736624E-04 6.7489838E-03 7.2754586E-05 6.6017588E-03 8.2764955E-02 3.8506078E-02 1.4985685E-04 1.7288297E+00 1.8723258E+01 -5.3356425E-02
3.1381000E+02 2.5927000E+02 8.6700000E+00 3.2800000E+02 10 5.5033441E+01 1.9947515E-01 4.9379135E-01 -3.3900427E-02 1.2521695E-02 1.2451712E-02 1.2234998E-02 3.8824022E-04 2.5531440E-04 6.5494758E-03 7.2874598E-05 6.4294860E-03 7.9700076E-02 3.7383633E-02 1.4668560E-04 1.7463474E+00 1.8704979E+01 -5.0611003E-02
3.1381000E+02 2.5927000E+02 8.6700000E+00 3.2900000E+02 10 5.5030545E+01 2.1065875E-01 5.1940741E-01 -3.3528754E-02 1.4543148E-02 1.4352648E-02 1.4135860E-02 3.8837269E-04 2.7185956E-04 7.5655127E-03 7.2899463E-05 7.4223151E-03 7.9152917E-02 4.3422444E-02 1.7825104E-04 1.8889623E+00 1.8436897E+01 -3.7826880E-02
3.1381000E+02 2.5927000E+02 8.6700000E+00 3.3000000E+02 10 5.5033700E+01 2.0924977E-01 5.1620330E-01 -3.3187075E-02 1.4450160E-02 1.4343417E-02 1.4126555E-02 3.8850557E-04 2.7160594E-04 7.5172297E-03 7.2924406E-05 7.3786449E-03 7.8633945E-02 4.3145174E-02 1.7536165E-04 1.8914126E+00 1.8447500E+01 -3.7521506E-02
3.1381000E+02 2.5927000E+02 8.6700000E+00 3.3500000E+02 10 5.5026581E+01 1.9966902E-01 4.9319993E-01 -3.2454705E-02 1.1921822E-02 1.2404714E-02 1.2187618E-02 3.8892278E-04 2.4144658E-04 6.2357221E-03 7.3002718E-05 6.1502595E-03 8.1360795E-02 3.5595873E-02 1.3865914E-04 1.6798722E+00 1.8780453E+01 -5.7965724E-02
3.1381000E+02 2.5927000E+02 8.6700000E+00 3.4000000E+02 10 5.4997541E+01 2.1077687E-01 5.1493453E-01 -3.2268356E-02 1.1963156E-02 1.2417051E-02 1.2199908E-02 3.8900792E-04 2.3687693E-04 6.2575156E-03 7.3018700E-05 6.1690733E-03 8.6665067E-02 3.5718183E-02 1.4174750E-04 1.6041747E+00 1.8852081E+01 -6.8698644E-02
3.1381000E+02 2.5927000E+02 8.6700000E+00 3.4500000E+02 10 5.4967127E+01 2.2419261E-01 5.4064569E-01 -3.2273144E-02 1.2323023E-02 1.2457066E-02 1.2240057E-02 3.8876719E-04 2.3857624E-04 6.4469862E-03 7.2973513E-05 6.3346531E-03 9.2001146E-02 3.6788831E-02 1.4684688E-04 1.5495833E+00 1.8903461E+01 -7.7966752E-02
3.1381000E+02 2.5927000E+02 8.6700000E+00 3.5000000E+02 10 5.4941904E+01 2.3629798E-01 5.6344263E-01 -3.2300047E-02 1.2781120E-02 1.2500688E-02 1.2283971E-02 3.8824494E-04 2.4348000E-04 6.6886613E-03 7.2875485E-05 6.5446892E-03 9.6314617E-02 3.8151827E-02 1.5194884E-04 1.5145668E+00 1.8936415E+01 -8.4741895E-02
3.1381000E+02 2.5927000E+02 8.6700000E+00 3.5500000E+02 10 5.4923173E+01 2.4587443E-01 5.8119401E-01 -3.2295000E-02 1.3210646E-02 1.2537414E-02 1.2321115E-02 3.8749501E-04 2.4967465E-04 6.9156832E-03 7.2734719E-05 6.7408143E-03 9.9455490E-02 3.9429764E-02 1.5617422E-04 1.4930153E+00 1.8956795E+01 -8.9304128E-02
3.1381000E+02 2.5927000E+02 8.6700000E+00 3.6000000E+02 10 5.4910021E+01 2.5296933E-01 5.9414442E-01 -3.2253542E-02 1.3565205E-02 1.2565029E-02 1.2349248E-02 3.8656742E-04 2.5606882E-04 7.1033374E-03 7.2560606E-05 6.9020043E-03 1.0162404E-01 4.0484632E-02 1.5937746E-04 1.4799146E+00 1.8969268E+01 -9.2253396E-02
3.1381000E+02 2.5927000E+02 8.6700000E+00 3.6500000E+02 10 5.4901019E+01 2.5807235E-01 6.0331219E-01 -3.2186300E-02 1.3840950E-02 1.2584656E-02 1.2369469E-02 3.8550373E-04 2.6207994E-04 7.2493610E-03 7.2360947E-05 7.0268000E-03 1.0308562E-01 4.1305019E-02 1.6170253E-04 1.4719293E+00 1.8976927E+01 -9.4129403E-02
3.1381000E+02 2.5927000E+02 8.6700000E+00 3.7000000E+02 10 5.4894893E+01 2.6171762E-01 6.0975064E-01 -3.2105047E-02 1.4050295E-02 1.2598197E-02 1.2383662E-02 3.8433652E-04 2.6741009E-04 7.3601689E-03 7.2141855E-05 7.1211043E-03 1.0406554E-01 4.1927885E-02 1.6335851E-04 1.4669978E+00 1.8981692E+01 -9.5323154E-02
3.1381000E+02 2.5927000E+02 8.6700000E+00 3.7500000E+02 10 5.4890691E+01 2.6434341E-01 6.1430416E-01 -3.2018617E-02 1.4208796E-02 1.2607370E-02 1.2393530E-02 3.8309049E-04 2.7195287E-04 7.4439185E-03 7.1907969E-05 7.1921594E-03 1.0472775E-01 4.2399514E-02 1.6453414E-04 1.4638868E+00 1.8984721E+01 -9.6092029E-02
3.1381000E+02 2.5927000E+02 8.6700000E+00 3.8000000E+02 10 5.4887759E+01 2.6627016E-01 6.1758046E-01 -3.1932597E-02 1.4330059E-02 1.2613484E-02 1.2400373E-02 3.8178409E-04 2.7573854E-04 7.5077846E-03 7.1662751E-05 7.2462513E-03 1.0518298E-01 4.2760382E-02 1.6537447E-04 1.4618692E+00 1.8986702E+01 -9.6597524E-02
3.1381000E+02 2.5927000E+02 8.6700000E+00 3.8500000E+02 10 5.4885663E+01 2.6771868E-01 6.1999362E-01 -3.1850107E-02 1.4424493E-02 1.2617478E-02 1.2405122E-02 3.8043102E-04 2.7886986E-04 7.5572825E-03 7.1408774E-05 7.2881584E-03 1.0550332E-01 4.3041446E-02 1.6598335E-04 1.4605177E+00 1.8988040E+01 -9.6938756E-02
3.1381000E+02 2.5927000E+02 8.6700000E+00 3.9000000E+02 10 5.4884126E+01 2.6883683E-01 6.2181828E-01 -3.1772651E-02 1.4499567E-02 1.2620015E-02 1.2408435E-02 3.7904147E-04 2.8145150E-04 7.5963952E-03 7.1147949E-05 7.3212856E-03 1.0573486E-01 4.3264924E-02 1.6643160E-04 1.4595795E+00 1.8988978E+01 -9.7176199E-02
3.1381000E+02 2.5927000E+02 8.6700000E+00 3.9500000E+02 10 5.4882967E+01 2.6972258E-01 6.2323490E-01 -3.1700762E-02 1.4560490E-02 1.2621567E-02 1.2410779E-02 3.7762309E-04 2.8357754E-04 7.6279169E-03 7.0881711E-05 7.3479883E-03 1.0590697E-01 4.3446301E-02 1.6676742E-04 1.4589031E+00 1.8989662E+01 -9.7346903E-02
3.1381000E+02 2.5927000E+02 8.6700000E+00 4.0000000E+02 10 5.4882069E+01 2.7044105E-01 6.2436237E-01 -3.1634445E-02 1.4610862E-02 1.2622473E-02 1.2412490E-02 3.7618167E-04 2.8533244E-04 7.6537927E-03 7.0611149E-05 7.3698828E-03 1.0603851E-01 4.3596284E-02 1.6702286E-04 1.4583963E+00 1.8990180E+01 -9.7473827E-02
3.1381000E+02 2.5927000E+02 8.6700000E+00 4.0500000E+02 10 5.4881357E+01 2.7103597E-01 6.2527998E-01 -3.1573433E-02 1.4653189E-02 1.2622976E-02 1.2413807E-02 3.7472168E-04 2.8679026E-04 7.6753829E-03 7.0337102E-05 7.3880868E-03 1.0614172E-01 4.3722321E-02 1.6721990E-04 1.4580019E+00 1.8990586E+01 -9.7571434E-02
3.1381000E+02 2.5927000E+02 8.6700000E+00 4.1000000E+02 10 5.4880780E+01 2.7153737E-01 6.2604159E-01 -3.1517343E-02 1.4689242E-02 1.2623247E-02 1.2414902E-02 3.7324662E-04 2.8801129E-04 7.6936522E-03 7.0060227E-05 7.4033903E-03 1.0622471E-01 4.3829685E-02 1.6737321E-04 1.4576836E+00 1.8990918E+01 -9.7649017E-02
3.1381000E+02 2.5927000E+02 8.6700000E+00 4.1200000E+02 10 5.4873400E+01 2.8612483E-01 6.5522168E-01 -3.1495668E-02 1.6900441E-02 1.3991325E-02 1.3783310E-02 3.7265439E-04 3.1066148E-04 8.8243294E-03 6.9949062E-05 8.4650298E-03 1.0626592E-01 5.0427189E-02 1.9732138E-04 1.5248242E+00 1.8842449E+01 -8.5987575E-02
3.1381000E+02 2.5927000E+02 8.6700000E+00 4.1700000E+02 10 5.4880726E+01 2.7091898E-01 6.2465271E-01 -3.1445821E-02 1.4556970E-02 1.2534272E-02 1.2327090E-02 3.7116256E-04 2.9043371E-04 7.6253896E-03 6.9669038E-05 7.3374208E-03 1.0631679E-01 4.3434834E-02 1.6342247E-04 1.4525402E+00 1.9003438E+01 -9.8626668E-02
3.1381000E+02 2.5927000E+02 8.6700000E+00 4.2200000E+02 10 5.4880372E+01 2.7122706E-01 6.2504382E-01 -3.1399913E-02 1.4573670E-02 1.2522748E-02 1.2316404E-02 3.6966156E-04 2.8888849E-04 7.6336056E-03 6.9387293E-05 7.3435597E-03 1.0637088E-01 4.3484481E-02 1.6524985E-04 1.4519796E+00 1.9000844E+01 -9.8736496E-02
3.1381000E+02 2.5927000E+02 8.6700000E+00 4.2700000E+02 10 5.4879896E+01 2.7184366E-01 6.2602721E-01 -3.1357579E-02 1.4638352E-02 1.2536153E-02 1.2330651E-02 3.6815313E-04 2.8913443E-04 7.6666374E-03 6.9104152E-05 7.3724126E-03 1.0641739E-01 4.3677192E-02 1.6648796E-04 1.4528407E+00 1.8997953E+01 -9.8582892E-02
3.1381000E+02 2.5927000E+02 8.6700000E+00 4.2900000E+02 10 5.4872498E+01 2.8657996E-01 6.5543987E-01 -3.1341195E-02 1.6872770E-02 1.3907161E-02 1.3701997E-02 3.6754866E-04 3.1176516E-04 8.8097448E-03 6.8990692E-05 8.4445571E-03 1.0644583E-01 5.0343820E-02 1.9701383E-04 1.5201347E+00 1.8849481E+01 -8.6789439E-02
3.1381000E+02 2.5927000E+02 8.6700000E+00 4.3000000E+02 10 5.4870209E+01 2.9111592E-01 6.6454830E-01 -3.1333137E-02 1.7559330E-02 1.4348538E-02 1.4143543E-02 3.6724617E-04 3.2054923E-04 9.1605344E-03 6.8933913E-05 8.7743761E-03 1.0645684E-01 5.2392452E-02 2.0413090E-04 1.5427249E+00 1.8794489E+01 -8.3134607E-02
3.1381000E+02 2.5927000E+02 8.6700000E+00 4.3500000E+02 10 5.4878925E+01 2.7345809E-01 6.2931844E-01 -3.1300852E-02 1.4873122E-02 1.2700701E-02 1.2495706E-02 3.6724548E-04 2.9897828E-04 7.7868013E-03 6.8933784E-05 7.4836544E-03 1.0646277E-01 4.4377336E-02 1.6605460E-04 1.4591212E+00 1.8991871E+01 -9.7443878E-02
3.1381000E+02 2.5927000E+02 8.6700000E+00 4.3600000E+02 10 5.4869092E+01 2.9318813E-01 6.6891106E-01 -3.1294521E-02 1.7874550E-02 1.4599126E-02 1.4394121E-02 3.6726392E-04 3.2397569E-04 9.3207035E-03 6.8937244E-05 8.9271229E-03 1.0648144E-01 5.3333453E-02 2.0852620E-04 1.5535554E+00 1.8757365E+01 -8.1432607E-02
3.1381000E+02 2.5927000E+02 8.6700000E+00 4.3700000E+02 10 5.4869997E+01 2.9336086E-01 6.6879282E-01 -3.1049023E-02 1.7925544E-02 1.4634118E-02 1.4429157E-02 3.6718427E-04 3.2825528E-04 9.3471228E-03 6.8922294E-05 8.9510666E-03 1.0628255E-01 5.3485399E-02 2.0680309E-04 1.5557902E+00 1.8764248E+01 -8.0999745E-02
3.1381000E+02 2.5927000E+02 8.6700000E+00 4.3800000E+02 10 5.4873056E+01 2.9306104E-01 6.6684966E-01 -3.0347704E-02 1.7954360E-02 1.4660331E-02 1.4455437E-02 3.6706506E-04 3.3177845E-04 9.3619974E-03 6.8899917E-05 8.9645419E-03 1.0569789E-01 5.3571251E-02 2.0544932E-04 1.5582796E+00 1.8768472E+01 -8.0351617E-02
3.1381000E+02 2.5927000E+02 8.6700000E+00 4.4300000E+02 10 5.4933684E+01 2.6810026E-01 5.9411893E-01 -1.8845963E-02 1.5370098E-02 1.3079331E-02 1.2875033E-02 3.6599732E-04 3.0848728E-04 8.0394103E-03 6.8699497E-05 7.7223357E-03 9.5994574E-02 4.5860417E-02 1.7006522E-04 1.4936502E+00 1.8948505E+01 -8.5988825E-02
3.1381000E+02 2.5927000E+02 8.6700000E+00 4.4400000E+02 10 5.4936082E+01 2.8497122E-01 6.2338293E-01 -1.6272201E-02 1.8232031E-02 1.4985841E-02 1.4781572E-02 3.6594348E-04 3.3129932E-04 9.4991175E-03 6.8689392E-05 9.1022582E-03 9.3838261E-02 5.4401761E-02 2.0985201E-04 1.6021719E+00 1.8691272E+01 -6.8727966E-02
3.1381000E+02 2.5927000E+02 8.6700000E+00 4.4500000E+02 10 5.4948750E+01 2.8318270E-01 6.1436443E-01 -1.3465512E-02 1.8262609E-02 1.5032982E-02 1.4828668E-02 3.6602549E-04 3.3434110E-04 9.5143954E-03 6.8704785E-05 9.1175142E-03 9.1468821E-02 5.4493176E-02 2.0818357E-04 1.6110082E+00 1.8691581E+01 -6.6541997E-02
3.1381000E+02 2.5927000E+02 8.6700000E+00 4.5000000E+02 10 5.5016594E+01 2.5851959E-01 5.3873810E-01 -2.2641852E-04 1.5911228E-02 1.3591687E-02 1.3387222E-02 3.6629582E-04 3.1339484E-04 8.3119831E-03 6.8755526E-05 7.9879160E-03 8.0280787E-02 4.7477012E-02 1.7605694E-04 1.5501923E+00 1.8875350E+01 -6.9705959E-02
3.1381000E+02 2.5927000E+02 8.6700000E+00 4.5300000E+02 10 5.5046043E+01 2.6273724E-01 5.3341313E-01 7.2914328E-03 1.7400648E-02 1.4737471E-02 1.4532958E-02 3.6638183E-04 3.2566730E-04 9.0677980E-03 6.8771671E-05 8.7109895E-03 7.3943469E-02 5.1923966E-02 1.9558870E-04 1.6359365E+00 1.8722795E+01 -5.6109486E-02
3.1381000E+02 2.5927000E+02 8.6700000E+00 4.5400000E+02 10 5.5053254E+01 2.6888709E-01 5.4200897E-01 9.7398454E-03 1.8646366E-02 1.5729080E-02 1.5524570E-02 3.6637566E-04 3.3548576E-04 9.6989612E-03 6.8770513E-05 9.3168384E-03 7.1882779E-02 5.5643726E-02 2.0960835E-04 1.7114844E+00 1.8550927E+01 -4.7362525E-02
3.1381000E+02 2.5927000E+02 8.6700000E+00 4.5900000E+02 10 5.5113932E+01 2.4208312E-01 4.6546265E-01 2.1034286E-02 1.5730815E-02 1.3858950E-02 1.3655082E-02 3.6522584E-04 3.0628697E-04 8.2090997E-03 6.8554687E-05 7.9125302E-03 6.2353535E-02 4.6943082E-02 1.7168259E-04 1.6011841E+00 1.8827552E+01 -5.5085389E-02
3.1381000E+02 2.5927000E+02 8.6700000E+00 4.6400000E+02 10 5.5153588E+01 2.3386595E-01 4.3311146E-01 2.9533153E-02 1.5415182E-02 1.3849389E-02 1.3646605E-02 3.6328347E-04 2.9587022E-04 8.0413355E-03 6.8190094E-05 7.7655532E-03 5.5208544E-02 4.6003450E-02 1.7019640E-04 1.6142472E+00 1.8813077E+01 -5.0516611E-02
3.1381000E+02 2.5927000E+02 8.6700000E+00 4.6900000E+02 10 5.5182366E+01 2.2791063E-01 4.0973914E-01 3.5712311E-02 1.5190342E-02 1.3865181E-02 1.3663556E-02 3.6120721E-04 2.8729432E-04 7.9211687E-03 6.7800370E-05 7.6605510E-03 5.0025795E-02 4.5334134E-02 1.6909497E-04 1.6252039E+00 1.8800434E+01 -4.7159729E-02
3.1381000E+02 2.5927000E+02 8.6700000E+00 4.7400000E+02 10 5.5203202E+01 2.2348195E-01 3.9271288E-01 4.0182359E-02 1.5011669E-02 1.3889324E-02 1.3688891E-02 3.5907179E-04 2.7993499E-04 7.8254310E-03 6.7399540E-05 7.5766255E-03 4.6287695E-02 4.4802163E-02 1.6803430E-04 1.6332284E+00 1.8791293E+01 -4.4796103E-02
3.1381000E+02 2.5927000E+02 8.6700000E+00 4.7900000E+02 10 5.5218430E+01 2.2009080E-01 3.8008105E-01 4.3440025E-02 1.4858367E-02 1.3911667E-02 1.3712424E-02 3.5693976E-04 2.7351983E-04 7.7432763E-03 6.6999349E-05 7.5041281E-03 4.3573469E-02 4.4345576E-02 1.6700262E-04 1.6384047E+00 1.8785512E+01 -4.3179263E-02
3.1381000E+02 2.5927000E+02 8.6700000E+00 4.8100000E+02 10 5.5218322E+01 2.2979291E-01 3.9921697E-01 4.4577435E-02 1.6556599E-02 1.5277374E-02 1.5078605E-02 3.5609098E-04 2.8547449E-04 8.6036135E-03 6.6840028E-05 8.3287826E-03 4.2637681E-02 4.9416188E-02 1.9022159E-04 1.7612062E+00 1.8570711E+01 -3.2820466E-02
3.1381000E+02 2.5927000E+02 8.6700000E+00 4.8200000E+02 10 5.5219227E+01 2.3239373E-01 4.0416817E-01 4.5108040E-02 1.7045109E-02 1.5721168E-02 1.5522635E-02 3.5566798E-04 2.8836885E-04 8.8500118E-03 6.6760630E-05 8.5669809E-03 4.2199201E-02 5.0875085E-02 1.9528472E-04 1.8067696E+00 1.8486058E+01 -2.9605458E-02
3.1381000E+02 2.5927000E+02 8.6700000E+00 4.8700000E+02 10 5.5237454E+01 2.1321138E-01 3.5959150E-01 4.7208935E-02 1.4227408E-02 1.3665952E-02 1.3468639E-02 3.5348369E-04 2.6254511E-04 7.4159909E-03 6.6350627E-05 7.2007615E-03 4.0447532E-02 4.2463070E-02 1.5810028E-04 1.6187794E+00 1.8822039E+01 -4.3721821E-02
3.1381000E+02 2.5927000E+02 8.6700000E+00 4.9200000E+02 10 5.5245389E+01 2.1045678E-01 3.5099777E-01 4.8804746E-02 1.3970196E-02 1.3523696E-02 1.3327623E-02 3.5126172E-04 2.5520881E-04 7.2831703E-03 6.5933552E-05 7.0752742E-03 3.9137193E-02 4.1695515E-02 1.5813717E-04 1.6098364E+00 1.8829307E+01 -4.4009908E-02
3.1381000E+02 2.5927000E+02 8.6700000E+00 4.9700000E+02 10 5.5251221E+01 2.0894241E-01 3.4542592E-01 5.0044939E-02 1.3856367E-02 1.3442682E-02 1.3247737E-02 3.4924076E-04 2.5099709E-04 7.2250277E-03 6.5554209E-05 7.0174756E-03 3.8124579E-02 4.1355509E-02 1.5860403E-04 1.6070305E+00 1.8830315E+01 -4.3838678E-02
3.1381000E+02 2.5927000E+02 8.6700000E+00 5.0200000E+02 10 5.5255745E+01 2.0796357E-01 3.4140722E-01 5.1035258E-02 1.3797266E-02 1.3393539E-02 1.3199647E-02 3.4735365E-04 2.4832957E-04 7.1951911E-03 6.5199989E-05 6.9858558E-03 3.7320814E-02 4.1178824E-02 1.5889224E-04 1.6063736E+00 1.8829804E+01 -4.3552446E-02
3.1381000E+02 2.5927000E+02 8.6700000E+00 5.0500000E+02 10 5.5254411E+01 2.1490423E-01 3.5523628E-01 5.1557028E-02 1.4962267E-02 1.4246049E-02 1.4052770E-02 3.4625680E-04 2.5859609E-04 7.7881259E-03 6.4994104E-05 7.5475921E-03 3.6906041E-02 4.4656263E-02 1.7531500E-04 1.6812779E+00 1.8706993E+01 -3.6815469E-02
3.1381000E+02 2.5927000E+02 8.6700000E+00 5.0600000E+02 10 5.5251687E+01 2.2173289E-01 3.6975307E-01 5.1723495E-02 1.6078123E-02 1.5131982E-02 1.4938904E-02 3.4589469E-04 2.6646936E-04 8.3540591E-03 6.4926134E-05 8.0890786E-03 3.6777890E-02 4.7987980E-02 1.8984631E-04 1.7675919E+00 1.8547882E+01 -3.0433732E-02
3.1381000E+02 2.5927000E+02 8.6700000E+00 5.1100000E+02 10 5.5263525E+01 2.0390220E-01 3.3031259E-01 5.2457917E-02 1.3304423E-02 1.3070301E-02 1.2878302E-02 3.4396235E-04 2.4264141E-04 6.9439163E-03 6.4563426E-05 6.7430048E-03 3.6173670E-02 3.9707302E-02 1.5144432E-04 1.5831033E+00 1.8867732E+01 -4.5316231E-02
3.1381000E+02 2.5927000E+02 8.6700000E+00 5.1600000E+02 10 5.5266604E+01 2.0273148E-01 3.2637954E-01 5.3079839E-02 1.3165537E-02 1.2922400E-02 1.2731494E-02 3.4200442E-04 2.3841445E-04 6.8739654E-03 6.4195912E-05 6.6721863E-03 3.5680132E-02 3.9292405E-02 1.5253563E-04 1.5759311E+00 1.8872653E+01 -4.5802533E-02
3.1381000E+02 2.5927000E+02 8.6700000E+00 5.2100000E+02 10 5.5268918E+01 2.0236584E-01 3.2417744E-01 5.3613739E-02 1.3137207E-02 1.2835260E-02 1.2645395E-02 3.4013875E-04 2.3660808E-04 6.8609518E-03 6.3845716E-05 6.6541763E-03 3.5259232E-02 3.9207295E-02 1.5360866E-04 1.5741944E+00 1.8872479E+01 -4.5779333E-02
3.1381000E+02 2.5927000E+02 8.6700000E+00 5.2600000E+02 10 5.5270836E+01 2.0222405E-01 3.2262142E-01 5.4078907E-02 1.3138742E-02 1.2778224E-02 1.2589381E-02 3.3830852E-04 2.3575588E-04 6.8628298E-03 6.3502173E-05 6.6510159E-03 3.4895098E-02 3.9211433E-02 1.5426828E-04 1.5740741E+00 1.8871451E+01 -4.5621076E-02
3.1381000E+02 2.5927000E+02 8.6700000E+00 5.3100000E+02 10 5.5272519E+01 2.0209956E-01 3.2128278E-01 5.4489202E-02 1.3140973E-02 1.2734394E-02 1.2546563E-02 3.3649621E-04 2.3514869E-04 6.8645731E-03 6.3161994E-05 6.6487767E-03 3.4576253E-02 3.9217788E-02 1.5457767E-04 1.5741018E+00 1.8870842E+01 -4.5469957E-02
3.1381000E+02 2.5927000E+02 8.6700000E+00 5.3600000E+02 10 5.5274030E+01 2.0195040E-01 3.2003729E-01 5.4854842E-02 1.3137662E-02 1.2696228E-02 1.2509400E-02 3.3469891E-04 2.3455789E-04 6.8630998E-03 6.2824631E-05 6.6443216E-03 3.4294190E-02 3.9207694E-02 1.5468254E-04 1.5739009E+00 1.8870775E+01 -4.5359217E-02
3.1381000E+02 2.5927000E+02 8.6700000E+00 5.4100000E+02 10 5.5275399E+01 2.0178402E-01 3.1886445E-01 5.5183552E-02 1.3129767E-02 1.2660866E-02 1.2475032E-02 3.3291811E-04 2.3393366E-04 6.8590348E-03 6.2490368E-05 6.6379582E-03 3.4042451E-02 3.9183970E-02 1.5468769E-04 1.5734716E+00 1.8871087E+01 -4.5285371E-02
3.1381000E+02 2.5927000E+02 8.6700000E+00 5.4600000E+02 10 5.5276642E+01 2.0161419E-01 3.1776724E-01 5.5481310E-02 1.3119392E-02 1.2627391E-02 1.2442541E-02 3.3115600E-04 2.3333078E-04 6.8535569E-03 6.2159610E-05 6.6305834E-03 3.3816030E-02 3.9152864E-02 1.5465084E-04 1.5728978E+00 1.8871614E+01 -4.5237611E-02
3.1381000E+02 2.5927000E+02 8.6700000E+00 5.5100000E+02 10 5.5277776E+01 2.0145079E-01 3.1674856E-01 5.5752828E-02 1.3108149E-02 1.2595559E-02 1.2411681E-02 3.2941410E-04 2.3274783E-04 6.8475652E-03 6.1832647E-05 6.6228939E-03 3.3610989E-02 3.9119177E-02 1.5459957E-04 1.5722525E+00 1.8872242E+01 -4.5206723E-02
3.1381000E+02 2.5927000E+02 8.6700000E+00 5.5600000E+02 10 5.5278812E+01 2.0129894E-01 3.1580706E-01 5.6001875E-02 1.3096994E-02 1.2565297E-02 1.2382379E-02 3.2769309E-04 2.3219759E-04 6.8415927E-03 6.1509604E-05 6.6153026E-03 3.3424185E-02 3.9085752E-02 1.5454569E-04 1.5715839E+00 1.8872906E+01 -4.5186452E-02
3.1381000E+02 2.5927000E+02 8.6700000E+00 5.6100000E+02 10 5.5279763E+01 2.0116043E-01 3.1493817E-01 5.6231492E-02 1.3086403E-02 1.2536543E-02 1.2354575E-02 3.2599292E-04 2.3168691E-04 6.8359125E-03 6.1190474E-05 6.6080094E-03 3.3253090E-02 3.9054014E-02 1.5449376E-04 1.5709191E+00 1.8873573E+01 -4.5172957E-02
3.1381000E+02 2.5927000E+02 8.6700000E+00 5.6600000E+02 10 5.5280639E+01 2.0103516E-01 3.1413558E-01 5.6444164E-02 1.3076554E-02 1.2509214E-02 1.2328184E-02 3.2431312E-04 2.3121743E-04 6.8306205E-03 6.0875168E-05 6.6010933E-03 3.3095647E-02 3.9024491E-02 1.5444503E-04 1.5702706E+00 1.8874226E+01 -4.5164050E-02
3.1381000E+02 2.5927000E+02 8.6700000E+00 5.7100000E+02 10 5.5281449E+01 2.0092246E-01 3.1339297E-01 5.6641935E-02 1.3067497E-02 1.2483208E-02 1.2303105E-02 3.2265298E-04 2.3078793E-04 6.8257461E-03 6.0563551E-05 6.5945747E-03 3.2950168E-02 3.8997335E-02 1.5439965E-04 1.5696444E+00 1.8874858E+01 -4.5158386E-02
3.1381000E+02 2.5927000E+02 8.6700000E+00 5.7600000E+02 10 5.5282199E+01 2.0082130E-01 3.1270432E-01 5.6826502E-02 1.3059216E-02 1.2458416E-02 1.2279228E-02 3.2101168E-04 2.3039575E-04 6.8212826E-03 6.0255472E-05 6.5884422E-03 3.2815257E-02 3.8972495E-02 1.5435726E-04 1.5690422E+00 1.8875467E+01 -4.5155150E-02
3.1381000E+02 2.5927000E+02 8.6700000E+00 5.8100000E+02 10 5.5282898E+01 2.0073067E-01 3.1206425E-01 5.6999286E-02 1.3051668E-02 1.2434729E-02 1.2256448E-02 3.1938843E-04 2.3003793E-04 6.8172121E-03 5.9950778E-05 6.5826707E-03 3.2689746E-02 3.8949845E-02 1.5431761E-04 1.5684641E+00 1.8876052E+01 -4.5153810E-02
3.1381000E+02 2.5927000E+02 8.6700000E+00 5.8200000E+02 10 5.5275191E+01 2.1647549E-01 3.4519736E-01 5.7033382E-02 1.5547719E-02 1.4224033E-02 1.4045932E-02 3.1906449E-04 2.4940535E-04 8.0882507E-03 5.9889974E-05 7.7886940E-03 3.2679895E-02 4.6400935E-02 1.9034287E-04 1.7314060E+00 1.8581831E+01 -3.1481776E-02
3.1381000E+02 2.5927000E+02 8.6700000E+00 5.8700000E+02 10 5.5284008E+01 1.9987294E-01 3.0995150E-01 5.7178259E-02 1.2931702E-02 1.2356152E-02 1.2178627E-02 3.1803343E-04 2.3023318E-04 6.7558165E-03 5.9696439E-05 6.5229926E-03 3.2556268E-02 3.8591558E-02 1.5137576E-04 1.5623732E+00 1.8887681E+01 -4.5708592E-02
3.1381000E+02 2.5927000E+02 8.6700000E+00 5.9200000E+02 10 5.5284607E+01 1.9968102E-01 3.0923814E-01 5.7310485E-02 1.2908477E-02 1.2330987E-02 1.2154092E-02 3.1690329E-04 2.2928580E-04 6.7438718E-03 5.9484306E-05 6.5102484E-03 3.2459666E-02 3.8522145E-02 1.5222974E-04 1.5611150E+00 1.8887082E+01 -4.5789413E-02
3.1381000E+02 2.5927000E+02 8.6700000E+00 5.9700000E+02 10 5.5285009E+01 1.9978556E-01 3.0915003E-01 5.7428469E-02 1.2929959E-02 1.2334935E-02 1.2158447E-02 3.1617548E-04 2.2924236E-04 6.7553092E-03 5.9347693E-05 6.5190119E-03 3.2371525E-02 3.8586084E-02 1.5290802E-04 1.5622295E+00 1.8884525E+01 -4.5635039E-02
3.1381000E+02 2.5927000E+02 8.6700000E+00 6.0200000E+02 10 5.5285373E+01 1.9989750E-01 3.0914371E-01 5.7536318E-02 1.2954644E-02 1.2348887E-02 1.2172629E-02 3.1576296E-04 2.2937732E-04 6.7684960E-03 5.9270261E-05 6.5296805E-03 3.2289205E-02 3.8659644E-02 1.5326239E-04 1.5636930E+00 1.8882186E+01 -4.5449836E-02
3.1381000E+02 2.5927000E+02 8.6700000E+00 6.0700000E+02 10 5.5285750E+01 1.9993859E-01 3.0903846E-01 5.7638070E-02 1.2969874E-02 1.2361974E-02 1.2185869E-02 3.1548989E-04 2.2939657E-04 6.7768376E-03 5.9219004E-05 6.5360413E-03 3.2210776E-02 3.8705050E-02 1.5337148E-04 1.5647682E+00 1.8880656E+01 -4.5306570E-02
3.1381000E+02 2.5927000E+02 8.6700000E+00 6.1200000E+02 10 5.5286143E+01 1.9991712E-01 3.0882225E-01 5.7736124E-02 1.2975675E-02 1.2370136E-02 1.2194174E-02 3.1523318E-04 2.2926534E-04 6.7803389E-03 5.9170818E-05 6.5379232E-03 3.2135230E-02 3.8722343E-02 1.5334998E-04 1.5653595E+00 1.8879844E+01 -4.5213458E-02
3.1381000E+02 2.5927000E+02 8.6700000E+00 6.1700000E+02 10 5.5286543E+01 1.9985921E-01 3.0853019E-01 5.7831569E-02 1.2975220E-02 1.2372821E-02 1.2197030E-02 3.1492727E-04 2.2905810E-04 6.7806287E-03 5.9113398E-05 6.5367378E-03 3.2062176E-02 3.8720959E-02 1.5327462E-04 1.5655756E+00 1.8879527E+01 -4.5158971E-02
3.1381000E+02 2.5927000E+02 8.6700000E+00 6.2200000E+02 10 5.5286939E+01 1.9978615E-01 3.0819796E-01 5.7924743E-02 1.2971389E-02 1.2370829E-02 1.2195250E-02 3.1454544E-04 2.2881803E-04 6.7791820E-03 5.9041726E-05 6.5338274E-03 3.1991532E-02 3.8709493E-02 1.5318515E-04 1.5655450E+00 1.8879512E+01 -4.5130007E-02
3.1381000E+02 2.5927000E+02 8.6700000E+00 6.2700000E+02 10 5.5287325E+01 1.9971091E-01 3.0785074E-01 5.8015626E-02 1.2966091E-02 1.2365260E-02 1.2189940E-02 3.1408263E-04 2.2857673E-04 6.7769673E-03 5.8954854E-05 6.5301071E-03 3.1923340E-02 3.8693631E-02 1.5309841E-04 1.5653660E+00 1.8879674E+01 -4.5116716E-02
3.1381000E+02 2.5927000E+02 8.6700000E+00 6.3200000E+02 10 5.5287698E+01 1.9963980E-01 3.0750340E-01 5.8104082E-02 1.2960383E-02 1.2357113E-02 1.2182093E-02 3.1354411E-04 2.2835165E-04 6.7745189E-03 5.8853772E-05 6.5261010E-03 3.1857663E-02 3.8676535E-02 1.5302029E-04 1.5651021E+00 1.8879932E+01 -4.5112814E-02
3.1381000E+02 2.5927000E+02 8.6700000E+00 6.3700000E+02 10 5.5288056E+01 1.9957551E-01 3.0716407E-01 5.8189964E-02 1.2954798E-02 1.2347171E-02 1.2172489E-02 3.1293902E-04 2.2814938E-04 6.7720993E-03 5.8740194E-05 6.5220891E-03 3.1794540E-02 3.8659795E-02 1.5295142E-04 1.5647918E+00 1.8880244E+01 -4.5114524E-02
3.1381000E+02 2.5927000E+02 8.6700000E+00 6.4200000E+02 10 5.5288398E+01 1.9951867E-01 3.0683675E-01 5.8273165E-02 1.2949570E-02 1.2336014E-02 1.2161702E-02 3.1227706E-04 2.2797124E-04 6.7698224E-03 5.8615940E-05 6.5182050E-03 3.1733982E-02 3.8644114E-02 1.5289109E-04 1.5644574E+00 1.8880583E+01 -4.5119654E-02
3.1381000E+02 2.5927000E+02 8.6700000E+00 6.4700000E+02 10 5.5288724E+01 1.9946899E-01 3.0652307E-01 5.8353627E-02 1.2944772E-02 1.2324056E-02 1.2150140E-02 3.1156710E-04 2.2781543E-04 6.7677167E-03 5.8482677E-05 6.5145067E-03 3.1675961E-02 3.8629713E-02 1.5283768E-04 1.5641115E+00 1.8880935E+01 -4.5126977E-02
3.1381000E+02 2.5927000E+02 8.6700000E+00 6.5000000E+02 10 5.5285065E+01 2.0717722E-01 3.2257912E-01 5.8400912E-02 1.4170641E-02 1.3161130E-02 1.2987460E-02 3.1112560E-04 2.4031756E-04 7.3940006E-03 5.8399804E-05 7.1039877E-03 3.1649278E-02 4.2288358E-02 1.6989831E-04 1.6358161E+00 1.8764746E+01 -3.8482539E-02
