x y z_datum Time Well_no H2O H O Charge Al C Ca Cl Fe K Mg Na S Si U pH pe Alkalinity
3.1381000E+02 2.5927000E+02 8.6700000E+00 0.0000000E+00 10 9.9704301E-01 7.2098600E-06 6.6484776E-04 -3.2324431E-06 0.0000000E+00 1.0067647E-04 6.3262499E-05 4.3211171E-04 0.0000000E+00 2.8240956E-04 5.5605062E-05 2.2967748E-04 1.4127542E-04 0.0000000E+00 0.0000000E+00 7.0300000E+00 1.1068788E+01 7.1999443E-03
3.1381000E+02 2.5927000E+02 8.6700000E+00 5.0000000E+00 10 5.5327978E+01 1.9530124E-02 6.3134331E-02 -3.0220750E-03 0.0000000E+00 7.2439209E-03 1.3641710E-03 1.0533473E-02 0.0000000E+00 6.2423776E-03 1.9771846E-03 8.6339939E-03 1.0595843E-02 0.0000000E+00 0.0000000E+00 2.3551761E+00 1.8031126E+01 -7.1662931E-03
3.1381000E+02 2.5927000E+02 8.6700000E+00 1.0000000E+01 10 5.5308519E+01 3.4383472E-02 1.0761288E-01 -2.7250817E-03 1.1177117E-03 7.7554430E-03 3.1797785E-03 8.1972258E-03 1.5540601E-05 5.4097004E-03 1.5386596E-03 7.2787814E-03 1.9348934E-02 3.3418433E-03 1.6492041E-05 1.9806347E+00 1.8448778E+01 -1.8709434E-02
3.1381000E+02 2.5927000E+02 8.6700000E+00 1.5000000E+01 10 5.5285426E+01 5.9747667E-02 1.5699716E-01 -2.4678652E-03 2.7396569E-03 7.9895069E-03 4.5432699E-03 6.1738753E-03 3.6936275E-05 5.0228954E-03 1.1588668E-03 6.4196604E-03 2.6930429E-02 8.1872511E-03 3.9899853E-05 1.8563389E+00 1.8592282E+01 -2.6489832E-02
3.1381000E+02 2.5927000E+02 8.6700000E+00 2.0000000E+01 10 5.5266895E+01 8.1356888E-02 1.9672663E-01 -2.2769014E-03 4.1599565E-03 8.1443417E-03 5.5366193E-03 4.6716907E-03 5.8000415E-05 4.8487602E-03 8.7689932E-04 5.8826899E-03 3.2559648E-02 1.2428461E-02 6.0325294E-05 1.7990543E+00 1.8658546E+01 -3.1432821E-02
3.1381000E+02 2.5927000E+02 8.6700000E+00 2.5000000E+01 10 5.5253575E+01 9.7230200E-02 2.2572925E-01 -2.1437957E-03 5.2500247E-03 8.2861525E-03 6.2628918E-03 3.6246374E-03 7.5790739E-05 4.7796294E-03 6.8036227E-04 5.5551992E-03 3.6483634E-02 1.5682816E-02 7.5761493E-05 1.7708838E+00 1.8690998E+01 -3.4406244E-02
3.1381000E+02 2.5927000E+02 8.6700000E+00 3.0000000E+01 10 5.5244307E+01 1.0840520E-01 2.4626469E-01 -2.0527629E-03 6.0462932E-03 8.4275852E-03 6.8040460E-03 2.9085432E-03 8.9685833E-05 4.7584583E-03 5.4594786E-04 5.3553827E-03 3.9167474E-02 1.8059806E-02 8.6757224E-05 1.7568859E+00 1.8707092E+01 -3.6145655E-02
3.1381000E+02 2.5927000E+02 8.6700000E+00 3.5000000E+01 10 5.5237878E+01 1.1620520E-01 2.6076174E-01 -1.9902341E-03 6.6185178E-03 8.5669658E-03 7.2179878E-03 2.4166711E-03 1.0012952E-04 4.7566260E-03 4.5362106E-04 5.2305023E-03 4.1011056E-02 1.9767965E-02 9.4422537E-05 1.7500573E+00 1.8714989E+01 -3.7153580E-02
3.1381000E+02 2.5927000E+02 8.6700000E+00 4.0000000E+01 10 5.5233377E+01 1.2167587E-01 2.7109851E-01 -1.9465537E-03 7.0293350E-03 8.7009264E-03 7.5437471E-03 2.0730670E-03 1.0785623E-04 4.7607155E-03 3.8912487E-04 5.1489161E-03 4.2298984E-02 2.0994351E-02 9.9753948E-05 1.7468919E+00 1.8718717E+01 -3.7739539E-02
3.1381000E+02 2.5927000E+02 8.6700000E+00 4.5000000E+01 10 5.5230173E+01 1.2555757E-01 2.7859219E-01 -1.9153193E-03 7.3263103E-03 8.8272213E-03 7.8071913E-03 1.8273665E-03 1.1354647E-04 4.7650206E-03 3.4300568E-04 5.0924135E-03 4.3219987E-02 2.1880954E-02 1.0349101E-04 1.7455907E+00 1.8720331E+01 -3.8084431E-02
3.1381000E+02 2.5927000E+02 8.6700000E+00 5.0000000E+01 10 5.5227847E+01 1.2835470E-01 2.8413471E-01 -1.8923889E-03 7.5434348E-03 8.9448057E-03 8.0254620E-03 1.6469888E-03 1.1775986E-04 4.7675226E-03 3.0914790E-04 5.0507278E-03 4.3896162E-02 2.2529221E-02 1.0614700E-04 1.7452235E+00 1.8720882E+01 -3.8291426E-02
3.1381000E+02 2.5927000E+02 8.6700000E+00 5.5000000E+01 10 5.5226122E+01 1.3040636E-01 2.8832405E-01 -1.8750910E-03 7.7044438E-03 9.0534273E-03 8.2100380E-03 1.5109176E-03 1.2091640E-04 4.7678433E-03 2.8360667E-04 5.0181058E-03 4.4406273E-02 2.3009985E-02 1.0806743E-04 1.7453087E+00 1.8720911E+01 -3.8418913E-02
3.1381000E+02 2.5927000E+02 8.6700000E+00 6.0000000E+01 10 5.5224813E+01 1.3194034E-01 2.9156189E-01 -1.8616881E-03 7.8257814E-03 9.1532838E-03 8.3687461E-03 1.4054861E-03 1.2331706E-04 4.7662435E-03 2.6381665E-04 4.9913007E-03 4.4801539E-02 2.3372323E-02 1.0948291E-04 1.7455976E+00 1.8720697E+01 -3.8500056E-02
3.1381000E+02 2.5927000E+02 8.6700000E+00 6.5000000E+01 10 5.5223797E+01 1.3311085E-01 2.9412055E-01 -1.8510351E-03 7.9188633E-03 9.2448081E-03 8.5070473E-03 1.3216860E-03 1.2517578E-04 4.7631881E-03 2.4808696E-04 4.9684521E-03 4.5115723E-02 2.3650304E-02 1.1054768E-04 1.7459639E+00 1.8720385E+01 -3.8553779E-02
3.1381000E+02 2.5927000E+02 8.6700000E+00 6.6000000E+01 10 5.5217611E+01 1.4537866E-01 3.2320523E-01 -1.8490062E-03 1.0008685E-02 1.1251171E-02 1.0522319E-02 1.3057258E-03 1.4417308E-04 5.8015737E-03 2.4509116E-04 5.9839906E-03 4.5193129E-02 2.9893055E-02 1.4458782E-04 1.9293623E+00 1.8428599E+01 -2.6199699E-02
3.1381000E+02 2.5927000E+02 8.6700000E+00 6.7000000E+01 10 5.5217523E+01 1.4539626E-01 3.2323497E-01 -1.8470714E-03 9.9944240E-03 1.1239197E-02 1.0518841E-02 1.2905062E-03 1.4597875E-04 5.7859202E-03 2.4223435E-04 5.9638075E-03 4.5249062E-02 2.9850111E-02 1.4231263E-04 1.9261534E+00 1.8443583E+01 -2.6393364E-02
3.1381000E+02 2.5927000E+02 8.6700000E+00 7.2000000E+01 10 5.5219969E+01 1.3408942E-01 2.9672775E-01 -1.8070468E-03 7.8016170E-03 9.2104559E-03 8.5250436E-03 1.2279045E-03 1.2631996E-04 4.6480583E-03 2.3048371E-04 4.8346402E-03 4.6021975E-02 2.3300072E-02 1.0665005E-04 1.7202399E+00 1.8900386E+01 -4.0938002E-02
3.1381000E+02 2.5927000E+02 8.6700000E+00 7.7000000E+01 10 5.5214520E+01 1.3679768E-01 3.0270678E-01 -1.7572119E-03 7.9221633E-03 9.2717201E-03 8.6156418E-03 1.1753533E-03 1.3964483E-04 4.6787152E-03 2.2061959E-04 4.8492647E-03 4.6994253E-02 2.3659616E-02 1.3488986E-04 1.7082798E+00 1.8976012E+01 -4.2252588E-02
3.1381000E+02 2.5927000E+02 8.6700000E+00 8.2000000E+01 10 5.5209452E+01 1.3973963E-01 3.0905616E-01 -1.7134728E-03 8.1121894E-03 9.3695402E-03 8.7385297E-03 1.1304447E-03 1.5808465E-04 4.7495842E-03 2.1219003E-04 4.9033398E-03 4.7856120E-02 2.4226376E-02 1.6766271E-04 1.7030129E+00 1.9013850E+01 -4.2974955E-02
3.1381000E+02 2.5927000E+02 8.6700000E+00 8.7000000E+01 10 5.5205517E+01 1.4217804E-01 3.1432267E-01 -1.6800669E-03 8.2860558E-03 9.4677711E-03 8.8585175E-03 1.0914676E-03 1.7547939E-04 4.8155620E-03 2.0487383E-04 4.9546883E-03 4.8526939E-02 2.4744985E-02 1.9570291E-04 1.7007810E+00 1.9033783E+01 -4.3378515E-02
3.1381000E+02 2.5927000E+02 8.6700000E+00 9.1000000E+01 10 5.5201606E+01 1.4673340E-01 3.2462660E-01 -1.6595143E-03 8.9082817E-03 9.9846062E-03 9.3910125E-03 1.0634131E-03 1.9891125E-04 5.1132585E-03 1.9960787E-04 5.2351411E-03 4.8963610E-02 2.6602748E-02 2.3188329E-04 1.7338229E+00 1.9005143E+01 -4.0637306E-02
3.1381000E+02 2.5927000E+02 8.6700000E+00 9.2000000E+01 10 5.5196396E+01 1.5647875E-01 3.4740366E-01 -1.6547474E-03 1.0533790E-02 1.1468894E-02 1.0879112E-02 1.0565852E-03 2.3719796E-04 5.9261299E-03 1.9832624E-04 6.0274196E-03 4.9117649E-02 3.1457841E-02 2.9915801E-04 1.8603363E+00 1.8864003E+01 -3.1266687E-02
3.1381000E+02 2.5927000E+02 8.6700000E+00 9.7000000E+01 10 5.5196580E+01 1.4513286E-01 3.2198215E-01 -2.1616440E-03 8.3080052E-03 9.4782633E-03 8.9054448E-03 1.0261948E-03 1.9720072E-04 4.7893974E-03 1.9262181E-04 4.9101070E-03 5.0237761E-02 2.4809800E-02 2.2210039E-04 1.6772021E+00 1.9084453E+01 -4.6136729E-02
3.1381000E+02 2.5927000E+02 8.6700000E+00 1.0200000E+02 10 5.5188578E+01 1.4822885E-01 3.2982472E-01 -2.8543051E-03 8.4582748E-03 9.5428009E-03 8.9852277E-03 9.9888303E-04 2.0839734E-04 4.8505224E-03 1.8749526E-04 4.9593315E-03 5.1643788E-02 2.5257907E-02 2.4126656E-04 1.6684401E+00 1.9105557E+01 -4.7483180E-02
3.1381000E+02 2.5927000E+02 8.6700000E+00 1.0700000E+02 10 5.5181505E+01 1.5128953E-01 3.3734881E-01 -3.4662961E-03 8.6475501E-03 9.6301266E-03 9.0863657E-03 9.7413848E-04 2.2025999E-04 4.9331482E-03 1.8285058E-04 5.0293452E-03 5.2857730E-02 2.5822346E-02 2.5890214E-04 1.6643441E+00 1.9118346E+01 -4.8324723E-02
3.1381000E+02 2.5927000E+02 8.6700000E+00 1.1200000E+02 10 5.5176123E+01 1.5375531E-01 3.4334967E-01 -3.9238261E-03 8.8133691E-03 9.7136661E-03 9.1825059E-03 9.5156443E-04 2.3098056E-04 5.0049120E-03 1.7861332E-04 5.0900624E-03 5.3779865E-02 2.6316882E-02 2.7328754E-04 1.6624941E+00 1.9125800E+01 -4.8843429E-02
3.1381000E+02 2.5927000E+02 8.6700000E+00 1.1700000E+02 10 5.5172261E+01 1.5559979E-01 3.4782298E-01 -4.2429222E-03 8.9427441E-03 9.7857622E-03 9.2661659E-03 9.3084796E-04 2.3987355E-04 5.0589877E-03 1.7472474E-04 5.1349894E-03 5.4447962E-02 2.6702770E-02 2.8421923E-04 1.6616762E+00 1.9130153E+01 -4.9167736E-02
3.1381000E+02 2.5927000E+02 8.6700000E+00 1.2200000E+02 10 5.5169525E+01 1.5695615E-01 3.5111252E-01 -4.4604311E-03 9.0404365E-03 9.8467462E-03 9.3378168E-03 9.1173837E-04 2.4699359E-04 5.0977046E-03 1.7113778E-04 5.1661533E-03 5.4929426E-02 2.6994192E-02 2.9228415E-04 1.6613427E+00 1.9132727E+01 -4.9375394E-02
3.1381000E+02 2.5927000E+02 8.6700000E+00 1.2400000E+02 10 5.5163482E+01 1.6773246E-01 3.7556969E-01 -4.5336124E-03 1.0788720E-02 1.1308474E-02 1.0803676E-02 9.0433699E-04 2.9326521E-04 5.9753775E-03 1.6974850E-04 6.0141270E-03 5.5163074E-02 3.2214672E-02 3.6879078E-04 1.7698703E+00 1.9013177E+01 -3.9608487E-02
3.1381000E+02 2.5927000E+02 8.6700000E+00 1.2500000E+02 10 5.5161602E+01 1.7087000E-01 3.8292134E-01 -4.5670457E-03 1.1299637E-02 1.1774844E-02 1.1272079E-02 9.0069517E-04 3.0752026E-04 6.2303897E-03 1.6906491E-04 6.2614279E-03 5.5259650E-02 3.3740499E-02 3.8859252E-04 1.8070187E+00 1.8972902E+01 -3.6723629E-02
3.1381000E+02 2.5927000E+02 8.6700000E+00 1.3000000E+02 10 5.5167215E+01 1.5721694E-01 3.5239029E-01 -4.6789242E-03 8.9684453E-03 9.8254003E-03 9.3327844E-03 8.8251297E-04 2.5208133E-04 5.0444108E-03 1.6565203E-04 5.1065610E-03 5.5454463E-02 2.6778962E-02 2.8833017E-04 1.6518211E+00 1.9145927E+01 -5.0539651E-02
3.1381000E+02 2.5927000E+02 8.6700000E+00 1.3100000E+02 10 5.5159951E+01 1.7146062E-01 3.8458822E-01 -4.6994721E-03 1.1315573E-02 1.1801195E-02 1.1310560E-02 8.7896457E-04 3.1294086E-04 6.2256289E-03 1.6498597E-04 6.2513480E-03 5.5606623E-02 3.3788120E-02 3.9806301E-04 1.8028328E+00 1.8977867E+01 -3.7140985E-02
3.1381000E+02 2.5927000E+02 8.6700000E+00 1.3200000E+02 10 5.5159720E+01 1.7151810E-01 3.8470404E-01 -4.7184484E-03 1.1310110E-02 1.1791997E-02 1.1303302E-02 8.7548878E-04 3.1288092E-04 6.2214241E-03 1.6433355E-04 6.2450502E-03 5.5652127E-02 3.3771468E-02 3.9190955E-04 1.8013889E+00 1.8980599E+01 -3.7265554E-02
3.1381000E+02 2.5927000E+02 8.6700000E+00 1.3700000E+02 10 5.5159217E+01 1.5928902E-01 3.5855898E-01 -5.8988034E-03 8.9851675E-03 9.8479202E-03 9.3683536E-03 8.5913535E-04 2.5627707E-04 5.0395083E-03 1.6126393E-04 5.0949227E-03 5.7068457E-02 2.6828620E-02 2.9122298E-04 1.6397825E+00 1.9136892E+01 -5.2437571E-02
3.1381000E+02 2.5927000E+02 8.6700000E+00 1.4200000E+02 10 5.5148733E+01 1.6305238E-01 3.6839115E-01 -7.4871339E-03 9.1938024E-03 9.9609284E-03 9.4899244E-03 8.4379575E-04 2.5588992E-04 5.1370822E-03 1.5838461E-04 5.1825887E-03 5.9035564E-02 2.7451052E-02 2.9383352E-04 1.6349841E+00 1.9102807E+01 -5.3733014E-02
3.1381000E+02 2.5927000E+02 8.6700000E+00 1.4700000E+02 10 5.5139126E+01 1.6684032E-01 3.7794512E-01 -8.9138962E-03 9.4392370E-03 1.0093732E-02 9.6307404E-03 8.2944086E-04 2.4986837E-04 5.2542101E-03 1.5569013E-04 5.2885336E-03 6.0785635E-02 2.8183169E-02 2.8326648E-04 1.6333550E+00 1.9057197E+01 -5.4598607E-02
3.1381000E+02 2.5927000E+02 8.6700000E+00 1.5200000E+02 10 5.5131671E+01 1.6989776E-01 3.8555393E-01 -1.0004483E-02 9.6470122E-03 1.0211866E-02 9.7563748E-03 8.1600498E-04 2.4030971E-04 5.3525656E-03 1.5316815E-04 5.3772197E-03 6.2123039E-02 2.8802968E-02 2.6444388E-04 1.6328661E+00 1.9007721E+01 -5.5171208E-02
3.1381000E+02 2.5927000E+02 8.6700000E+00 1.5700000E+02 10 5.5126262E+01 1.7217175E-01 3.9117115E-01 -1.0783145E-02 9.8045804E-03 1.0307290E-02 9.8588316E-03 8.0340552E-04 2.2965913E-04 5.4256784E-03 1.5080317E-04 5.4425634E-03 6.3084267E-02 2.9273028E-02 2.4265511E-04 1.6327333E+00 1.8960012E+01 -5.5553281E-02
3.1381000E+02 2.5927000E+02 8.6700000E+00 1.6200000E+02 10 5.5122411E+01 1.7382600E-01 3.9523707E-01 -1.1326636E-02 9.9204173E-03 1.0382564E-02 9.9407182E-03 7.9155894E-04 2.1958084E-04 5.4778610E-03 1.4857951E-04 5.4885315E-03 6.3764593E-02 2.9618619E-02 2.2153985E-04 1.6327133E+00 1.8918619E+01 -5.5811558E-02
3.1381000E+02 2.5927000E+02 8.6700000E+00 1.6700000E+02 10 5.5119655E+01 1.7503716E-01 3.9820547E-01 -1.1706626E-02 1.0005924E-02 1.0442508E-02 1.0006898E-02 7.8038861E-04 2.1084852E-04 5.5149196E-03 1.4648278E-04 5.5205086E-03 6.4250926E-02 2.9873740E-02 2.0300198E-04 1.6327368E+00 1.8886588E+01 -5.5989160E-02
3.1381000E+02 2.5927000E+02 8.6700000E+00 1.6800000E+02 10 5.5111835E+01 1.8995856E-01 4.3117485E-01 -1.1776636E-02 1.2418716E-02 1.2403860E-02 1.1969482E-02 7.7818100E-04 2.3370757E-04 6.7320448E-03 1.4606840E-04 6.6961632E-03 6.4363322E-02 3.7078325E-02 2.4352140E-04 1.7701273E+00 1.8660689E+01 -4.2393656E-02
3.1381000E+02 2.5927000E+02 8.6700000E+00 1.6900000E+02 10 5.5111445E+01 1.8999581E-01 4.3129719E-01 -1.1841181E-02 1.2405578E-02 1.2389078E-02 1.1955918E-02 7.7599925E-04 2.3367092E-04 6.7247694E-03 1.4565888E-04 6.6871255E-03 6.4444780E-02 3.7038722E-02 2.3574845E-04 1.7681796E+00 1.8662606E+01 -4.2590807E-02
3.1381000E+02 2.5927000E+02 8.6700000E+00 1.7400000E+02 10 5.5124992E+01 1.6822393E-01 3.9305582E-01 -1.6019850E-02 9.8709181E-03 1.0371700E-02 9.9443035E-03 7.6567382E-04 2.0047002E-04 5.4380613E-03 1.4372074E-04 5.4424666E-03 6.3425865E-02 2.9470484E-02 1.7589926E-04 1.6845736E+00 1.8813416E+01 -5.0724732E-02
3.1381000E+02 2.5927000E+02 8.6700000E+00 1.7500000E+02 10 5.5120056E+01 1.7961771E-01 4.2163820E-01 -1.7017088E-02 1.2035703E-02 1.2310615E-02 1.1884358E-02 7.6363158E-04 2.2005653E-04 6.5256392E-03 1.4333740E-04 6.5025968E-03 6.3188899E-02 3.5936452E-02 2.1233739E-04 1.8459086E+00 1.8556310E+01 -3.6543506E-02
3.1381000E+02 2.5927000E+02 8.6700000E+00 1.7600000E+02 10 5.5122264E+01 1.7697939E-01 4.1889553E-01 -1.8155122E-02 1.1915392E-02 1.2281749E-02 1.1856620E-02 7.6161170E-04 2.1885732E-04 6.4623833E-03 1.4295826E-04 6.4437904E-03 6.2878706E-02 3.5577720E-02 2.0575942E-04 1.8630320E+00 1.8543697E+01 -3.5326770E-02
3.1381000E+02 2.5927000E+02 8.6700000E+00 1.8100000E+02 10 5.5076015E+01 1.7047206E-01 4.2427294E-01 -2.8711263E-02 9.3107519E-03 1.0273602E-02 9.8538270E-03 7.5202057E-04 1.8556316E-04 5.1385269E-03 1.4115796E-04 5.1683672E-03 7.2958767E-02 2.7801604E-02 1.5392962E-04 1.6413825E+00 1.8847634E+01 -5.9698891E-02
3.1381000E+02 2.5927000E+02 8.6700000E+00 1.8600000E+02 10 5.4994725E+01 1.9051603E-01 4.8633006E-01 -3.9907848E-02 9.4973886E-03 1.0323592E-02 9.9089112E-03 7.4289375E-04 1.8216351E-04 5.2299832E-03 1.3944481E-04 5.2487795E-03 8.7901656E-02 2.8357749E-02 1.5183885E-04 1.5499384E+00 1.8929014E+01 -7.7802430E-02
3.1381000E+02 2.5927000E+02 8.6700000E+00 1.9100000E+02 10 5.4918290E+01 2.1314980E-01 5.4846046E-01 -4.9185760E-02 1.0084403E-02 1.0408889E-02 9.9990649E-03 7.3419298E-04 1.8587522E-04 5.5318188E-03 1.3781163E-04 5.5151456E-03 1.0165124E-01 3.0105736E-02 1.5421537E-04 1.4870826E+00 1.8984742E+01 -9.3776744E-02
3.1381000E+02 2.5927000E+02 8.6700000E+00 1.9600000E+02 10 5.4858527E+01 2.3263451E-01 5.9909448E-01 -5.6053317E-02 1.0765969E-02 1.0492047E-02 1.0086860E-02 7.2588467E-04 1.9280504E-04 5.8841911E-03 1.3625212E-04 5.8248381E-03 1.1224315E-01 3.2134890E-02 1.5756564E-04 1.4491617E+00 1.9018132E+01 -1.0542889E-01
3.1381000E+02 2.5927000E+02 8.6700000E+00 2.0100000E+02 10 5.4815303E+01 2.4765327E-01 6.3691262E-01 -6.0901067E-02 1.1386860E-02 1.0562563E-02 1.0161811E-02 7.1793910E-04 2.0070837E-04 6.2052515E-03 1.3476070E-04 6.1063169E-03 1.1981662E-01 3.3983295E-02 1.6044615E-04 1.4270080E+00 1.9037585E+01 -1.1327419E-01
3.1381000E+02 2.5927000E+02 8.6700000E+00 2.0600000E+02 10 5.4784896E+01 2.5873594E-01 6.6425767E-01 -6.4280722E-02 1.1901182E-02 1.0621114E-02 1.0224610E-02 7.1032977E-04 2.0861141E-04 6.4705394E-03 1.3333239E-04 6.3387214E-03 1.2509428E-01 3.5514489E-02 1.6256787E-04 1.4141415E+00 1.9048852E+01 -1.1839536E-01
3.1381000E+02 2.5927000E+02 8.6700000E+00 2.1100000E+02 10 5.4763536E+01 2.6682671E-01 6.8395051E-01 -6.6653354E-02 1.2311442E-02 1.0671092E-02 1.0278661E-02 7.0303296E-04 2.1607745E-04 6.6812237E-03 1.3196275E-04 6.5233597E-03 1.2877249E-01 3.6735997E-02 1.6402573E-04 1.4066577E+00 1.9055363E+01 -1.2172009E-01
3.1381000E+02 2.5927000E+02 8.6700000E+00 2.1600000E+02 10 5.4748336E+01 2.7277163E-01 6.9829133E-01 -6.8348579E-02 1.2635118E-02 1.0715604E-02 1.0327084E-02 6.9602734E-04 2.2287366E-04 6.8464640E-03 1.3064775E-04 6.6683168E-03 1.3137270E-01 3.7699849E-02 1.6498813E-04 1.4022977E+00 1.9059108E+01 -1.2389720E-01
3.1381000E+02 2.5927000E+02 8.6700000E+00 2.2100000E+02 10 5.4737298E+01 2.7720509E-01 7.0893309E-01 -6.9588019E-02 1.2891026E-02 1.0756807E-02 1.0372045E-02 6.8929363E-04 2.2889129E-04 6.9761925E-03 1.2938381E-04 6.7822204E-03 1.3325120E-01 3.8462035E-02 1.6560441E-04 1.3997644E+00 1.9061238E+01 -1.2534677E-01
3.1381000E+02 2.5927000E+02 8.6700000E+00 2.2600000E+02 10 5.4729090E+01 2.8057354E-01 7.1700798E-01 -7.0517491E-02 1.3095118E-02 1.0796000E-02 1.0414855E-02 6.8281444E-04 2.3411502E-04 7.0788441E-03 1.2816763E-04 6.8723612E-03 1.3464309E-01 3.9070006E-02 1.6598656E-04 1.3983101E+00 1.9062420E+01 -1.2633271E-01
3.1381000E+02 2.5927000E+02 8.6700000E+00 2.3100000E+02 10 5.4722832E+01 2.8318514E-01 7.2328040E-01 -7.1232732E-02 1.3259833E-02 1.0833880E-02 1.0456219E-02 6.7657397E-04 2.3858676E-04 7.1609915E-03 1.2699626E-04 6.9444284E-03 1.3570213E-01 3.9560770E-02 1.6621326E-04 1.3974994E+00 1.9063042E+01 -1.2701959E-01
3.1381000E+02 2.5927000E+02 8.6700000E+00 2.3600000E+02 10 5.4717940E+01 2.8525171E-01 7.2826679E-01 -7.1797099E-02 1.3394554E-02 1.0870767E-02 1.0496464E-02 6.7055788E-04 2.4238336E-04 7.2275805E-03 1.2586701E-04 7.0027223E-03 1.3652936E-01 3.9962244E-02 1.6633817E-04 1.3970759E+00 1.9063332E+01 -1.2751052E-01
3.1381000E+02 2.5927000E+02 8.6700000E+00 2.4100000E+02 10 5.4714025E+01 2.8691965E-01 7.3231908E-01 -7.2253066E-02 1.3506269E-02 1.0906765E-02 1.0535702E-02 6.6475312E-04 2.4559775E-04 7.2822815E-03 1.2477743E-04 7.0504539E-03 1.3719193E-01 4.0295214E-02 1.6639695E-04 1.3968862E+00 1.9063425E+01 -1.2787082E-01
3.1381000E+02 2.5927000E+02 8.6700000E+00 2.4600000E+02 10 5.4710822E+01 2.8829124E-01 7.3568010E-01 -7.2629540E-02 1.3600165E-02 1.0941872E-02 1.0573938E-02 6.5914779E-04 2.4832247E-04 7.3278123E-03 1.2372528E-04 7.0900136E-03 1.3773512E-01 4.0575117E-02 1.6641336E-04 1.3968375E+00 1.9063404E+01 -1.2814250E-01
3.1381000E+02 2.5927000E+02 8.6700000E+00 2.5100000E+02 10 5.4708148E+01 2.8943881E-01 7.3851982E-01 -7.2946517E-02 1.3680106E-02 1.0976041E-02 1.0611131E-02 6.5373105E-04 2.5064246E-04 7.3661925E-03 1.2270853E-04 7.1231844E-03 1.3818995E-01 4.0813455E-02 1.6640306E-04 1.3968729E+00 1.9063317E+01 -1.2835295E-01
3.1381000E+02 2.5927000E+02 8.6700000E+00 2.5600000E+02 10 5.4705875E+01 2.9041420E-01 7.4095894E-01 -7.3218054E-02 1.3748989E-02 1.1009212E-02 1.0647225E-02 6.4849295E-04 2.5263159E-04 7.3989312E-03 1.2172532E-04 7.1513042E-03 1.3857802E-01 4.1018844E-02 1.6637652E-04 1.3969571E+00 1.9063196E+01 -1.2852033E-01
3.1381000E+02 2.5927000E+02 8.6700000E+00 2.6100000E+02 10 5.4703911E+01 2.9125509E-01 7.4308451E-01 -7.3454194E-02 1.3808998E-02 1.1041332E-02 1.0682175E-02 6.4342439E-04 2.5435224E-04 7.4271636E-03 1.2077392E-04 7.1753859E-03 1.3891462E-01 4.1197793E-02 1.6634087E-04 1.3970684E+00 1.9063060E+01 -1.2865684E-01
3.1381000E+02 2.5927000E+02 8.6700000E+00 2.6400000E+02 10 5.4697790E+01 3.0184232E-01 7.6425638E-01 -7.3584899E-02 1.5368469E-02 1.1964904E-02 1.1607411E-02 6.4044242E-04 2.7169637E-04 8.2237788E-03 1.2021419E-04 7.9207994E-03 1.3910786E-01 4.5849741E-02 1.8704314E-04 1.4331719E+00 1.8984666E+01 -1.2067914E-01
3.1381000E+02 2.5927000E+02 8.6700000E+00 2.6500000E+02 10 5.4692428E+01 3.1205916E-01 7.8461099E-01 -7.3627308E-02 1.6897340E-02 1.2901065E-02 1.2544123E-02 6.3945494E-04 2.8641356E-04 9.0046241E-03 1.2002884E-04 8.6547702E-03 1.3917477E-01 5.0411032E-02 2.0664735E-04 1.4714724E+00 1.8883073E+01 -1.1263485E-01
3.1381000E+02 2.5927000E+02 8.6700000E+00 2.7000000E+02 10 5.4700394E+01 2.9399763E-01 7.4944715E-01 -7.3784852E-02 1.4146873E-02 1.1276537E-02 1.0921810E-02 6.3548661E-04 2.6476697E-04 7.5958473E-03 1.1928396E-04 7.3305067E-03 1.3938581E-01 4.2205689E-02 1.6702820E-04 1.4034893E+00 1.9054801E+01 -1.2742544E-01
3.1381000E+02 2.5927000E+02 8.6700000E+00 2.7500000E+02 10 5.4697622E+01 2.9764878E-01 7.5702935E-01 -7.3932321E-02 1.4656578E-02 1.1599579E-02 1.1247249E-02 6.3119436E-04 2.6945463E-04 7.8539512E-03 1.1847829E-04 7.5718493E-03 1.3959926E-01 4.3726406E-02 1.7418991E-04 1.4147749E+00 1.9030532E+01 -1.2497438E-01
3.1381000E+02 2.5927000E+02 8.6700000E+00 2.8000000E+02 10 5.4695205E+01 3.0069374E-01 7.6347993E-01 -7.4071509E-02 1.5081284E-02 1.1886558E-02 1.1536711E-02 6.2674472E-04 2.7452284E-04 8.0681487E-03 1.1764307E-04 7.7726588E-03 1.3980028E-01 4.4993689E-02 1.7794024E-04 1.4244020E+00 1.9013727E+01 -1.2292936E-01
3.1381000E+02 2.5927000E+02 8.6700000E+00 2.8500000E+02 10 5.4693244E+01 3.0295683E-01 7.6847518E-01 -7.4200644E-02 1.5397057E-02 1.2125291E-02 1.1777863E-02 6.2241178E-04 2.7889486E-04 8.2262289E-03 1.1682975E-04 7.9218210E-03 1.3998642E-01 4.5936180E-02 1.7974786E-04 1.4317436E+00 1.9002802E+01 -1.2140698E-01
3.1381000E+02 2.5927000E+02 8.6700000E+00 2.8900000E+02 10 5.4689566E+01 3.0908774E-01 7.8112526E-01 -7.4297594E-02 1.6309715E-02 1.2729932E-02 1.2384375E-02 6.1905954E-04 2.8950429E-04 8.6900024E-03 1.1620052E-04 8.3585909E-03 1.4012917E-01 4.8659390E-02 1.8953280E-04 1.4542401E+00 1.8957200E+01 -1.1664976E-01
3.1381000E+02 2.5927000E+02 8.6700000E+00 2.9000000E+02 10 5.4681878E+01 3.2422126E-01 8.1149979E-01 -7.4321438E-02 1.8599721E-02 1.4186919E-02 1.3841826E-02 6.1822895E-04 3.0880120E-04 9.8583530E-03 1.1604461E-04 9.4605786E-03 1.4017259E-01 5.5492417E-02 2.1751054E-04 1.5152079E+00 1.8779289E+01 -1.0441616E-01
3.1381000E+02 2.5927000E+02 8.6700000E+00 2.9500000E+02 10 5.4734229E+01 2.9353182E-01 7.4033650E-01 -6.9152128E-02 1.5558345E-02 1.2364437E-02 1.2021559E-02 6.1425978E-04 2.8551179E-04 8.3012701E-03 1.1529958E-04 7.9957679E-03 1.3234855E-01 4.6418460E-02 1.7633698E-04 1.4714900E+00 1.8969350E+01 -1.0980346E-01
3.1381000E+02 2.5927000E+02 8.6700000E+00 3.0000000E+02 10 5.4800284E+01 2.7614860E-01 6.9065677E-01 -6.1141946E-02 1.5431198E-02 1.2471865E-02 1.2131109E-02 6.1045773E-04 2.8262908E-04 8.2285077E-03 1.1458592E-04 7.9384545E-03 1.2025158E-01 4.6041897E-02 1.7595004E-04 1.5319312E+00 1.8905045E+01 -9.3576198E-02
3.1381000E+02 2.5927000E+02 8.6700000E+00 3.0100000E+02 10 5.4805724E+01 2.8949273E-01 7.1563521E-01 -5.9455792E-02 1.8056112E-02 1.4396504E-02 1.4056170E-02 6.0970386E-04 3.0450926E-04 9.5601683E-03 1.1444441E-04 9.2113811E-03 1.1771883E-01 5.3878113E-02 2.1144349E-04 1.6397002E+00 1.8653670E+01 -7.5537176E-02
3.1381000E+02 2.5927000E+02 8.6700000E+00 3.0200000E+02 10 5.4820415E+01 2.8496513E-01 7.0364884E-01 -5.7719785E-02 1.7929143E-02 1.4404398E-02 1.4064481E-02 6.0895636E-04 3.0632323E-04 9.4926472E-03 1.1430410E-04 9.1524583E-03 1.1509665E-01 5.3500367E-02 2.0809964E-04 1.6553886E+00 1.8652599E+01 -7.2465971E-02
3.1381000E+02 2.5927000E+02 8.6700000E+00 3.0300000E+02 10 5.4837521E+01 2.7902115E-01 6.8852577E-01 -5.5744267E-02 1.7673380E-02 1.4360082E-02 1.4017654E-02 6.1345353E-04 3.0672243E-04 9.3619396E-03 1.1514824E-04 9.0364752E-03 1.1210038E-01 5.2738529E-02 2.0362472E-04 1.6700831E+00 1.8655704E+01 -6.9509965E-02
3.1381000E+02 2.5927000E+02 8.6700000E+00 3.0800000E+02 10 5.4914903E+01 2.3872925E-01 5.9270629E-01 -4.7742111E-02 1.4054162E-02 1.2236705E-02 1.1889978E-02 6.2115652E-04 2.6895974E-04 7.5148456E-03 1.1659413E-04 7.3054110E-03 9.9973711E-02 4.1941253E-02 1.5707981E-04 1.6220472E+00 1.8836742E+01 -7.2015275E-02
3.1381000E+02 2.5927000E+02 8.6700000E+00 3.1300000E+02 10 5.4965491E+01 2.2117482E-01 5.4822703E-01 -4.1901723E-02 1.3301183E-02 1.2153892E-02 1.1804662E-02 6.2563943E-04 2.5493061E-04 7.1222564E-03 1.1743560E-04 6.9599236E-03 9.1136909E-02 3.9699469E-02 1.5263790E-04 1.6661128E+00 1.8790054E+01 -6.3224053E-02
3.1381000E+02 2.5927000E+02 8.6700000E+00 3.1800000E+02 10 5.5001343E+01 2.0834558E-01 5.1642158E-01 -3.7790999E-02 1.2721568E-02 1.2144706E-02 1.1793468E-02 6.2923656E-04 2.4296723E-04 6.8190072E-03 1.1811080E-04 6.6953653E-03 8.4914079E-02 3.7974087E-02 1.4873001E-04 1.7004332E+00 1.8753297E+01 -5.7143975E-02
3.1381000E+02 2.5927000E+02 8.6700000E+00 3.2300000E+02 10 5.5026633E+01 1.9883755E-01 4.9347542E-01 -3.4924553E-02 1.2249735E-02 1.2160816E-02 1.1807931E-02 6.3218821E-04 2.3229649E-04 6.5720841E-03 1.1866484E-04 6.4800354E-03 8.0571321E-02 3.6569418E-02 1.4514614E-04 1.7246608E+00 1.8727617E+01 -5.3132667E-02
3.1381000E+02 2.5927000E+02 8.6700000E+00 3.2800000E+02 10 5.5044609E+01 1.9168857E-01 4.7667915E-01 -3.2915808E-02 1.1858239E-02 1.2180399E-02 1.1826228E-02 6.3449152E-04 2.2282400E-04 6.3674674E-03 1.1909718E-04 6.3007660E-03 7.7524962E-02 3.5403650E-02 1.4198744E-04 1.7406051E+00 1.8710951E+01 -5.0548968E-02
3.1381000E+02 2.5927000E+02 8.6700000E+00 3.2900000E+02 10 5.5041728E+01 2.0282226E-01 5.0229481E-01 -3.2545462E-02 1.3884942E-02 1.4073860E-02 1.3719447E-02 6.3492613E-04 2.3969054E-04 7.3869148E-03 1.1917876E-04 7.2957208E-03 7.6979138E-02 4.1457932E-02 1.7344833E-04 1.8831968E+00 1.8445856E+01 -3.7762857E-02
3.1381000E+02 2.5927000E+02 8.6700000E+00 3.3000000E+02 10 5.5044897E+01 2.0138309E-01 4.9900626E-01 -3.2203816E-02 1.3786255E-02 1.4057031E-02 1.3702390E-02 6.3533464E-04 2.3939257E-04 7.3362569E-03 1.1925544E-04 7.2491043E-03 7.6459817E-02 4.1163543E-02 1.7063885E-04 1.8851286E+00 1.8456603E+01 -3.7495098E-02
3.1381000E+02 2.5927000E+02 8.6700000E+00 3.3500000E+02 10 5.5037267E+01 1.9197341E-01 4.7604060E-01 -3.1471538E-02 1.1230840E-02 1.2080415E-02 1.1724960E-02 6.3679143E-04 2.1114344E-04 6.0426571E-03 1.1952888E-04 6.0073837E-03 7.9279890E-02 3.3533377E-02 1.3395756E-04 1.6709503E+00 1.8789624E+01 -5.8307460E-02
3.1381000E+02 2.5927000E+02 8.6700000E+00 3.4000000E+02 10 5.5007608E+01 2.0335648E-01 4.9819982E-01 -3.1287137E-02 1.1277158E-02 1.2068301E-02 1.1712307E-02 6.3775688E-04 2.0817882E-04 6.0686467E-03 1.1971010E-04 6.0281003E-03 8.4690117E-02 3.3670383E-02 1.3702963E-04 1.5944597E+00 1.8862082E+01 -6.9279184E-02
3.1381000E+02 2.5927000E+02 8.6700000E+00 3.4500000E+02 10 5.4977216E+01 2.1679176E-01 5.2386923E-01 -3.1287162E-02 1.1640541E-02 1.2091127E-02 1.1734818E-02 6.3832157E-04 2.1090470E-04 6.2608228E-03 1.1981610E-04 6.1955470E-03 9.0017287E-02 3.4751420E-02 1.4214426E-04 1.5405345E+00 1.8912744E+01 -7.8552502E-02
3.1381000E+02 2.5927000E+02 8.6700000E+00 3.5000000E+02 10 5.4952456E+01 2.2871160E-01 5.4624475E-01 -3.1307901E-02 1.2094921E-02 1.2120505E-02 1.1764062E-02 6.3856046E-04 2.1610288E-04 6.5007552E-03 1.1986094E-04 6.4047236E-03 9.4246281E-02 3.6103345E-02 1.4719244E-04 1.5065532E+00 1.8944660E+01 -8.5205351E-02
3.1381000E+02 2.5927000E+02 8.6700000E+00 3.5500000E+02 10 5.4934197E+01 2.3809286E-01 5.6356550E-01 -3.1302373E-02 1.2519729E-02 1.2145201E-02 1.1788775E-02 6.3853193E-04 2.2186405E-04 6.7251156E-03 1.1985558E-04 6.5998974E-03 9.7301022E-02 3.7367304E-02 1.5134571E-04 1.4858469E+00 1.8964223E+01 -8.9636637E-02
3.1381000E+02 2.5927000E+02 8.6700000E+00 3.6000000E+02 10 5.4921315E+01 2.4508408E-01 5.7627604E-01 -3.1268548E-02 1.2873419E-02 1.2163226E-02 1.1806940E-02 6.3828085E-04 2.2732232E-04 6.9120495E-03 1.1980845E-04 6.7619480E-03 9.9417985E-02 3.8419673E-02 1.5450943E-04 1.4732850E+00 1.8976189E+01 -9.2497042E-02
3.1381000E+02 2.5927000E+02 8.6700000E+00 3.6500000E+02 10 5.4912368E+01 2.5018439E-01 5.8541085E-01 -3.1215797E-02 1.3152905E-02 1.2175743E-02 1.1819702E-02 6.3784224E-04 2.3214808E-04 7.0598024E-03 1.1972612E-04 6.8896372E-03 1.0086436E-01 3.9251283E-02 1.5684101E-04 1.4655992E+00 1.8983571E+01 -9.4327870E-02
3.1381000E+02 2.5927000E+02 8.6700000E+00 3.7000000E+02 10 5.4906156E+01 2.5389215E-01 5.9195384E-01 -3.1153345E-02 1.3368970E-02 1.2184428E-02 1.1828721E-02 6.3724428E-04 2.3625681E-04 7.1739435E-03 1.1961389E-04 6.9880879E-03 1.0185318E-01 3.9894221E-02 1.5853803E-04 1.4608270E+00 1.8988187E+01 -9.5504558E-02
3.1381000E+02 2.5927000E+02 8.6700000E+00 3.7500000E+02 10 5.4901809E+01 2.5660367E-01 5.9666914E-01 -3.1087660E-02 1.3534964E-02 1.2190655E-02 1.1835357E-02 6.3651046E-04 2.3966817E-04 7.2614691E-03 1.1947614E-04 7.0635219E-03 1.0253516E-01 4.0388208E-02 1.5976967E-04 1.4578087E+00 1.8991126E+01 -9.6269473E-02
3.1381000E+02 2.5927000E+02 8.6700000E+00 3.8000000E+02 10 5.4898728E+01 2.5860853E-01 6.0010529E-01 -3.1022653E-02 1.3662733E-02 1.2195367E-02 1.1840543E-02 6.3566088E-04 2.4245200E-04 7.3286289E-03 1.1931667E-04 7.1214108E-03 1.0301177E-01 4.0768473E-02 1.6066482E-04 1.4558582E+00 1.8993036E+01 -9.6774764E-02
3.1381000E+02 2.5927000E+02 8.6700000E+00 3.8500000E+02 10 5.4896512E+01 2.6011119E-01 6.0264384E-01 -3.0960451E-02 1.3761690E-02 1.2199154E-02 1.1844859E-02 6.3471309E-04 2.4469333E-04 7.3804196E-03 1.1913877E-04 7.1660779E-03 1.0335013E-01 4.1063023E-02 1.6131776E-04 1.4545658E+00 1.8994311E+01 -9.7115197E-02
3.1381000E+02 2.5927000E+02 8.6700000E+00 3.9000000E+02 10 5.4894892E+01 2.6125462E-01 6.0454793E-01 -3.0902068E-02 1.3839011E-02 1.2202357E-02 1.1848637E-02 6.3368264E-04 2.4648202E-04 7.4206621E-03 1.1894535E-04 7.2008063E-03 1.0359452E-01 4.1293196E-02 1.6179606E-04 1.4536844E+00 1.8995188E+01 -9.7349898E-02
3.1381000E+02 2.5927000E+02 8.6700000E+00 3.9500000E+02 10 5.4893688E+01 2.6213872E-01 6.0599932E-01 -3.0847869E-02 1.3900064E-02 1.2205157E-02 1.1852051E-02 6.3258332E-04 2.4790254E-04 7.4522268E-03 1.1873900E-04 7.2280451E-03 1.0377432E-01 4.1474960E-02 1.6214794E-04 1.4530628E+00 1.8995813E+01 -9.7516037E-02
3.1381000E+02 2.5927000E+02 8.6700000E+00 4.0000000E+02 10 5.4892777E+01 2.6283391E-01 6.0712453E-01 -3.0797864E-02 1.3948848E-02 1.2207641E-02 1.1855180E-02 6.3142737E-04 2.4902976E-04 7.4772551E-03 1.1852202E-04 7.2496190E-03 1.0390922E-01 4.1620213E-02 1.6240795E-04 1.4526076E+00 1.8996276E+01 -9.7637201E-02
3.1381000E+02 2.5927000E+02 8.6700000E+00 4.0500000E+02 10 5.4892074E+01 2.6339019E-01 6.0801240E-01 -3.0751875E-02 1.3988341E-02 1.2209843E-02 1.1858053E-02 6.3022566E-04 2.4992751E-04 7.4973428E-03 1.1829646E-04 7.2668867E-03 1.0401256E-01 4.1737811E-02 1.6260069E-04 1.4522604E+00 1.8996633E+01 -9.7728514E-02
3.1381000E+02 2.5927000E+02 8.6700000E+00 4.1000000E+02 10 5.4891521E+01 2.6384334E-01 6.0872588E-01 -3.0709636E-02 1.4020760E-02 1.2211772E-02 1.1860673E-02 6.2898776E-04 2.5064859E-04 7.5136815E-03 1.1806410E-04 7.2808604E-03 1.0409349E-01 4.1834350E-02 1.6274398E-04 1.4519843E+00 1.8996921E+01 -9.7799780E-02
3.1381000E+02 2.5927000E+02 8.6700000E+00 4.1200000E+02 10 5.4884143E+01 2.7843098E-01 6.3794092E-01 -3.0693321E-02 1.6236460E-02 1.3580234E-02 1.3229414E-02 6.2848739E-04 2.7262948E-04 8.6469110E-03 1.1797018E-04 8.3444535E-03 1.0413344E-01 4.8445108E-02 1.9261341E-04 1.5190579E+00 1.8850094E+01 -8.6114706E-02
3.1381000E+02 2.5927000E+02 8.6700000E+00 4.1700000E+02 10 5.4891551E+01 2.6307757E-01 6.0712802E-01 -3.0655866E-02 1.3872851E-02 1.2121759E-02 1.1771652E-02 6.2721189E-04 2.5197190E-04 7.4373221E-03 1.1773076E-04 7.2079312E-03 1.0418061E-01 4.1392878E-02 1.5878547E-04 1.4466540E+00 1.9009592E+01 -9.8815538E-02
3.1381000E+02 2.5927000E+02 8.6700000E+00 4.2200000E+02 10 5.4891217E+01 2.6337138E-01 6.0752382E-01 -3.0621442E-02 1.3890963E-02 1.2112755E-02 1.1763369E-02 6.2591875E-04 2.5075486E-04 7.4463127E-03 1.1748803E-04 7.2150049E-03 1.0423032E-01 4.1446771E-02 1.6056427E-04 1.4462711E+00 1.9006843E+01 -9.8893876E-02
3.1381000E+02 2.5927000E+02 8.6700000E+00 4.2700000E+02 10 5.4890762E+01 2.6397169E-01 6.0850716E-01 -3.0589768E-02 1.3956668E-02 1.2128982E-02 1.1780324E-02 6.2461398E-04 2.5086866E-04 7.4798692E-03 1.1724312E-04 7.2446496E-03 1.0427230E-01 4.1642562E-02 1.6180244E-04 1.4472899E+00 1.9003763E+01 -9.8710644E-02
3.1381000E+02 2.5927000E+02 8.6700000E+00 4.2900000E+02 10 5.4883366E+01 2.7871512E-01 6.3796415E-01 -3.0577522E-02 1.6196565E-02 1.3500651E-02 1.3152286E-02 6.2409057E-04 2.7287374E-04 8.6260442E-03 1.1714487E-04 8.3191889E-03 1.0429875E-01 4.8325365E-02 1.9224377E-04 1.5145566E+00 1.8856837E+01 -8.6888848E-02
3.1381000E+02 2.5927000E+02 8.6700000E+00 4.3000000E+02 10 5.4881091E+01 2.8322726E-01 6.4704831E-01 -3.0571502E-02 1.6881973E-02 1.3941870E-02 1.3593651E-02 6.2382853E-04 2.8103645E-04 8.9763139E-03 1.1709568E-04 8.6484110E-03 1.0430881E-01 5.0370497E-02 1.9939639E-04 1.5370684E+00 1.8802804E+01 -8.3236324E-02
3.1381000E+02 2.5927000E+02 8.6700000E+00 4.3500000E+02 10 5.4890189E+01 2.6530418E-01 6.1136291E-01 -3.0527610E-02 1.4178917E-02 1.2311077E-02 1.1957960E-02 6.3260411E-04 2.5894730E-04 7.5985966E-03 1.1874290E-04 7.3575119E-03 1.0423751E-01 4.2305439E-02 1.6140658E-04 1.4541383E+00 1.8996705E+01 -9.7434206E-02
3.1381000E+02 2.5927000E+02 8.6700000E+00 4.3600000E+02 10 5.4880401E+01 2.8504030E-01 6.5100845E-01 -3.0519100E-02 1.7190853E-02 1.4213709E-02 1.3859645E-02 6.3429855E-04 2.8420539E-04 9.1391571E-03 1.1906096E-04 8.8070276E-03 1.0424115E-01 5.1292745E-02 2.0355888E-04 1.5488847E+00 1.8764897E+01 -8.1348080E-02
3.1381000E+02 2.5927000E+02 8.6700000E+00 4.3700000E+02 10 5.4881237E+01 2.8518604E-01 6.5091619E-01 -3.0300865E-02 1.7239417E-02 1.4251841E-02 1.3897055E-02 6.3559246E-04 2.8811208E-04 9.1651003E-03 1.1930383E-04 8.8309708E-03 1.0405444E-01 5.1437429E-02 2.0185261E-04 1.5511482E+00 1.8771526E+01 -8.0916722E-02
3.1381000E+02 2.5927000E+02 8.6700000E+00 4.3800000E+02 10 5.4884177E+01 2.8486574E-01 6.4902547E-01 -2.9637123E-02 1.7264848E-02 1.4279469E-02 1.3924106E-02 6.3662611E-04 2.9108567E-04 9.1788765E-03 1.1949785E-04 8.8438058E-03 1.0349228E-01 5.1513165E-02 2.0058761E-04 1.5535652E+00 1.8775289E+01 -8.0288007E-02
3.1381000E+02 2.5927000E+02 8.6700000E+00 4.4300000E+02 10 5.4946579E+01 2.5949321E-01 5.7453847E-01 -1.7743649E-02 1.4639501E-02 1.2654546E-02 1.2302970E-02 6.2984162E-04 2.6794586E-04 7.8317312E-03 1.1822437E-04 7.5773834E-03 9.3490017E-02 4.3679834E-02 1.6521826E-04 1.4874884E+00 1.8955178E+01 -8.5965360E-02
3.1381000E+02 2.5927000E+02 8.6700000E+00 4.4400000E+02 10 5.4949376E+01 2.7636880E-01 6.0358027E-01 -1.5070138E-02 1.7511598E-02 1.4552853E-02 1.4202014E-02 6.2852247E-04 2.9125725E-04 9.2963351E-03 1.1797676E-04 8.9605809E-03 9.1256474E-02 5.2251257E-02 2.0486324E-04 1.5960220E+00 1.8702467E+01 -6.8627889E-02
3.1381000E+02 2.5927000E+02 8.6700000E+00 4.4500000E+02 10 5.4962550E+01 2.7449298E-01 5.9413316E-01 -1.2149565E-02 1.7537633E-02 1.4592514E-02 1.4242259E-02 6.2747584E-04 2.9424400E-04 9.3086543E-03 1.1778030E-04 8.9726629E-03 8.8797189E-02 5.2329049E-02 2.0320930E-04 1.6046939E+00 1.8703008E+01 -6.6408511E-02
3.1381000E+02 2.5927000E+02 8.6700000E+00 4.5000000E+02 10 5.5031380E+01 2.4961840E-01 5.1754640E-01 1.3059846E-03 1.5164626E-02 1.3128586E-02 1.2779698E-02 6.2502702E-04 2.7436762E-04 8.0932084E-03 1.1732064E-04 7.8308452E-03 7.7439635E-02 4.5248428E-02 1.7119007E-04 1.5427705E+00 1.8883988E+01 -6.9577423E-02
3.1381000E+02 2.5927000E+02 8.6700000E+00 4.5300000E+02 10 5.5060722E+01 2.5392499E-01 5.1237336E-01 8.8112627E-03 1.6663193E-02 1.4267191E-02 1.3918983E-02 6.2380852E-04 2.8758393E-04 8.8532005E-03 1.1709193E-04 8.5568486E-03 7.1118419E-02 4.9722426E-02 1.9077036E-04 1.6280679E+00 1.8733693E+01 -5.5980888E-02
3.1381000E+02 2.5927000E+02 8.6700000E+00 4.5400000E+02 10 5.5067821E+01 2.6013596E-01 5.2112682E-01 1.1240772E-02 1.7917692E-02 1.5256996E-02 1.4909014E-02 6.2340320E-04 2.9768793E-04 9.4888787E-03 1.1701585E-04 9.1662469E-03 6.9075285E-02 5.3468222E-02 2.0488327E-04 1.7035955E+00 1.8566281E+01 -4.7220502E-02
3.1381000E+02 2.5927000E+02 8.6700000E+00 4.5900000E+02 10 5.5127100E+01 2.3353452E-01 4.4551199E-01 2.2229382E-02 1.4987931E-02 1.3381763E-02 1.3035757E-02 6.1986299E-04 2.7023927E-04 7.9904812E-03 1.1635133E-04 7.7530606E-03 5.9813603E-02 4.4725287E-02 1.6695532E-04 1.5912833E+00 1.8838848E+01 -5.5238493E-02
3.1381000E+02 2.5927000E+02 8.6700000E+00 4.6400000E+02 10 5.5165306E+01 2.2564656E-01 4.1440654E-01 3.0416925E-02 1.4687493E-02 1.3379310E-02 1.3034750E-02 6.1727415E-04 2.6215039E-04 7.8308554E-03 1.1586539E-04 7.6120556E-03 5.2928494E-02 4.3830896E-02 1.6553111E-04 1.6035341E+00 1.8825148E+01 -5.0803783E-02
3.1381000E+02 2.5927000E+02 8.6700000E+00 4.6900000E+02 10 5.5193016E+01 2.1993249E-01 3.9198992E-01 3.6362118E-02 1.4476418E-02 1.3407365E-02 1.3063937E-02 6.1524517E-04 2.5521741E-04 7.7181979E-03 1.1548454E-04 7.5132296E-03 4.7935508E-02 4.3202583E-02 1.6450541E-04 1.6141215E+00 1.8812746E+01 -4.7513085E-02
3.1381000E+02 2.5927000E+02 8.6700000E+00 4.7400000E+02 10 5.5213227E+01 2.1562261E-01 3.7550706E-01 4.0688558E-02 1.4303407E-02 1.3441143E-02 1.3098747E-02 6.1339630E-04 2.4900174E-04 7.6255738E-03 1.1513750E-04 7.4321952E-03 4.4309619E-02 4.2687474E-02 1.6345496E-04 1.6218358E+00 1.8803877E+01 -4.5188380E-02
3.1381000E+02 2.5927000E+02 8.6700000E+00 4.7900000E+02 10 5.5228148E+01 2.1226749E-01 3.6311800E-01 4.3868702E-02 1.4150018E-02 1.3468820E-02 1.3127415E-02 6.1162153E-04 2.4342239E-04 7.5434257E-03 1.1480437E-04 7.3601071E-03 4.1651924E-02 4.2230624E-02 1.6239415E-04 1.6267062E+00 1.8798402E+01 -4.3596647E-02
3.1381000E+02 2.5927000E+02 8.6700000E+00 4.8100000E+02 10 5.5227947E+01 2.2199493E-01 3.8243885E-01 4.4983666E-02 1.5862193E-02 1.4835723E-02 1.4494710E-02 6.1092024E-04 2.5562161E-04 8.4115329E-03 1.1467273E-04 8.1908964E-03 4.0731483E-02 4.7342572E-02 1.8571440E-04 1.7483115E+00 1.8587313E+01 -3.3189451E-02
3.1381000E+02 2.5927000E+02 8.6700000E+00 4.8200000E+02 10 5.5228833E+01 2.2456764E-01 3.8741643E-01 4.5504921E-02 1.6352785E-02 1.5279613E-02 1.4938794E-02 6.1057148E-04 2.5880845E-04 8.6593184E-03 1.1460727E-04 8.4298240E-03 4.0299155E-02 4.8807574E-02 1.9086276E-04 1.7932292E+00 1.8504894E+01 -2.9969058E-02
3.1381000E+02 2.5927000E+02 8.6700000E+00 4.8700000E+02 10 5.5247020E+01 2.0529101E-01 3.4257527E-01 4.7577408E-02 1.3501604E-02 1.3220049E-02 1.2880241E-02 6.0876059E-04 2.3344441E-04 7.2076546E-03 1.1426736E-04 7.0487670E-03 3.8563387E-02 4.0296064E-02 1.5339290E-04 1.6063314E+00 1.8835540E+01 -4.4229271E-02
3.1381000E+02 2.5927000E+02 8.6700000E+00 4.9200000E+02 10 5.5254852E+01 2.0258997E-01 3.3413042E-01 4.9147136E-02 1.3252410E-02 1.3079420E-02 1.2740525E-02 6.0712432E-04 2.2702894E-04 7.0787686E-03 1.1396022E-04 6.9281679E-03 3.7266085E-02 3.9552520E-02 1.5335824E-04 1.5978503E+00 1.8842317E+01 -4.4481257E-02
3.1381000E+02 2.5927000E+02 8.6700000E+00 4.9700000E+02 10 5.5260539E+01 2.0114699E-01 3.2875824E-01 5.0354218E-02 1.3148223E-02 1.3001604E-02 1.2663558E-02 6.0560381E-04 2.2330030E-04 7.0252421E-03 1.1367481E-04 6.8760456E-03 3.6273606E-02 3.9241328E-02 1.5383941E-04 1.5954849E+00 1.8842765E+01 -4.4271857E-02
3.1381000E+02 2.5927000E+02 8.6700000E+00 5.0200000E+02 10 5.5264881E+01 2.0022877E-01 3.2493023E-01 5.1302524E-02 1.3095388E-02 1.2953277E-02 1.2616061E-02 6.0411686E-04 2.2094415E-04 6.9983234E-03 1.1339571E-04 6.8482991E-03 3.5498708E-02 3.9083360E-02 1.5414084E-04 1.5950148E+00 1.8842014E+01 -4.3974598E-02
3.1381000E+02 2.5927000E+02 8.6700000E+00 5.0500000E+02 10 5.5263422E+01 2.0720741E-01 3.3891419E-01 5.1795775E-02 1.4268768E-02 1.3803852E-02 1.3467129E-02 6.0323284E-04 2.3089898E-04 7.5959021E-03 1.1322977E-04 7.4139130E-03 3.5104316E-02 4.2585622E-02 1.7062797E-04 1.6690703E+00 1.8721026E+01 -3.7221787E-02
3.1381000E+02 2.5927000E+02 8.6700000E+00 5.0600000E+02 10 5.5260670E+01 2.1401905E-01 3.5352310E-01 5.1952367E-02 1.5394252E-02 1.4688853E-02 1.4352294E-02 6.0293904E-04 2.3905898E-04 8.1671483E-03 1.1317462E-04 7.9596512E-03 3.4983279E-02 4.5945904E-02 1.8524811E-04 1.7544888E+00 1.8565062E+01 -3.0808437E-02
3.1381000E+02 2.5927000E+02 8.6700000E+00 5.1100000E+02 10 5.5272273E+01 1.9619845E-01 3.1405211E-01 5.2629866E-02 1.2597376E-02 1.2620371E-02 1.2285050E-02 6.0072164E-04 2.1560312E-04 6.7439981E-03 1.1275841E-04 6.6033816E-03 3.4425859E-02 3.7596448E-02 1.4668938E-04 1.5713701E+00 1.8880227E+01 -4.5831626E-02
3.1381000E+02 2.5927000E+02 8.6700000E+00 5.1600000E+02 10 5.5275022E+01 1.9516953E-01 3.1050625E-01 5.3186008E-02 1.2473777E-02 1.2474496E-02 1.2140171E-02 5.9893920E-04 2.1241425E-04 6.6815043E-03 1.1242383E-04 6.5405381E-03 3.3983650E-02 3.7227207E-02 1.4779015E-04 1.5647848E+00 1.8884524E+01 -4.6288760E-02
3.1381000E+02 2.5927000E+02 8.6700000E+00 5.2100000E+02 10 5.5276997E+01 1.9493217E-01 3.0869052E-01 5.3650091E-02 1.2459185E-02 1.2392261E-02 1.2058803E-02 5.9738499E-04 2.1128693E-04 6.6753809E-03 1.1213210E-04 6.5297101E-03 3.3616804E-02 3.7183100E-02 1.4892424E-04 1.5635467E+00 1.8883754E+01 -4.6238655E-02
3.1381000E+02 2.5927000E+02 8.6700000E+00 5.2600000E+02 10 5.5278593E+01 1.9488427E-01 3.0745835E-01 5.4045364E-02 1.2469331E-02 1.2338712E-02 1.2006078E-02 5.9590876E-04 2.1090587E-04 6.6817655E-03 1.1185500E-04 6.5310855E-03 3.3306736E-02 3.7212934E-02 1.4962483E-04 1.5636759E+00 1.8882433E+01 -4.6077111E-02
3.1381000E+02 2.5927000E+02 8.6700000E+00 5.3100000E+02 10 5.5279971E+01 1.9483330E-01 3.0639876E-01 5.4387738E-02 1.2477161E-02 1.2296821E-02 1.1964985E-02 5.9447803E-04 2.1071075E-04 6.6866794E-03 1.1158645E-04 6.5317649E-03 3.3040328E-02 3.7235989E-02 1.4996020E-04 1.5638107E+00 1.8881712E+01 -4.5936687E-02
3.1381000E+02 2.5927000E+02 8.6700000E+00 5.3600000E+02 10 5.5281195E+01 1.9474961E-01 3.0540859E-01 5.4688526E-02 1.2478401E-02 1.2259891E-02 1.1928832E-02 5.9308770E-04 2.1051733E-04 6.6879854E-03 1.1132548E-04 6.5296154E-03 3.2808142E-02 3.7239467E-02 1.5008720E-04 1.5636766E+00 1.8881582E+01 -4.5840202E-02
3.1381000E+02 2.5927000E+02 8.6700000E+00 5.4100000E+02 10 5.5282293E+01 1.9464446E-01 3.0447523E-01 5.4956004E-02 1.2474757E-02 1.2225639E-02 1.1895333E-02 5.9173794E-04 2.1028778E-04 6.6866290E-03 1.1107212E-04 6.5253634E-03 3.2603240E-02 3.7228417E-02 1.5011310E-04 1.5633165E+00 1.8881829E+01 -4.5779599E-02
3.1381000E+02 2.5927000E+02 8.6700000E+00 5.4600000E+02 10 5.5283283E+01 1.9453203E-01 3.0360271E-01 5.5196356E-02 1.2468447E-02 1.2193355E-02 1.1863779E-02 5.9042896E-04 2.1003119E-04 6.6838033E-03 1.1082642E-04 6.5200058E-03 3.2420434E-02 3.7209436E-02 1.5009467E-04 1.5628209E+00 1.8882277E+01 -4.5743073E-02
3.1381000E+02 2.5927000E+02 8.6700000E+00 5.5100000E+02 10 5.5284181E+01 1.9442148E-01 3.0279297E-01 5.5414290E-02 1.2461008E-02 1.2162795E-02 1.1833927E-02 5.8915998E-04 2.0976490E-04 6.6803335E-03 1.1058823E-04 6.5142346E-03 3.2255787E-02 3.7187098E-02 1.5005870E-04 1.5622593E+00 1.8882821E+01 -4.5721694E-02
3.1381000E+02 2.5927000E+02 8.6700000E+00 5.5600000E+02 10 5.5285000E+01 1.9431743E-01 3.0204406E-01 5.5613438E-02 1.2453321E-02 1.2133820E-02 1.1805640E-02 5.8792941E-04 2.0950238E-04 6.6766952E-03 1.1035724E-04 6.5084425E-03 3.2106271E-02 3.7164024E-02 1.5001708E-04 1.5616741E+00 1.8883402E+01 -4.5709733E-02
3.1381000E+02 2.5927000E+02 8.6700000E+00 5.6100000E+02 10 5.5285751E+01 1.9422182E-01 3.0135168E-01 5.5796640E-02 1.2445838E-02 1.2106300E-02 1.1778787E-02 5.8673513E-04 2.0925119E-04 6.6731346E-03 1.1013307E-04 6.5028297E-03 3.1969529E-02 3.7141566E-02 1.4997471E-04 1.5610888E+00 1.8883989E+01 -4.5703724E-02
3.1381000E+02 2.5927000E+02 8.6700000E+00 5.6600000E+02 10 5.5286442E+01 1.9413493E-01 3.0071049E-01 5.5966145E-02 1.2438763E-02 1.2080102E-02 1.1753236E-02 5.8557482E-04 2.0901451E-04 6.6697642E-03 1.0991527E-04 6.4974800E-03 3.1843702E-02 3.7120326E-02 1.4993341E-04 1.5605149E+00 1.8884567E+01 -4.5701642E-02
3.1381000E+02 2.5927000E+02 8.6700000E+00 5.7100000E+02 10 5.5287081E+01 1.9405651E-01 3.0011524E-01 5.6123756E-02 1.2432171E-02 1.2055092E-02 1.1728856E-02 5.8444612E-04 2.0879325E-04 6.6666295E-03 1.0970341E-04 6.4924211E-03 3.1727308E-02 3.7100534E-02 1.4989385E-04 1.5599578E+00 1.8885130E+01 -4.5702266E-02
3.1381000E+02 2.5927000E+02 8.6700000E+00 5.7600000E+02 10 5.5287675E+01 1.9398594E-01 2.9956103E-01 5.6270933E-02 1.2426075E-02 1.2031148E-02 1.1705526E-02 5.8334677E-04 2.0858706E-04 6.6637414E-03 1.0949706E-04 6.4876507E-03 3.1619153E-02 3.7082225E-02 1.4985612E-04 1.5594192E+00 1.8885675E+01 -4.5704856E-02
3.1381000E+02 2.5927000E+02 8.6700000E+00 5.8100000E+02 10 5.5288229E+01 1.9392259E-01 2.9904355E-01 5.6408876E-02 1.2420460E-02 1.2008161E-02 1.1683137E-02 5.8227464E-04 2.0839502E-04 6.6610929E-03 1.0929581E-04 6.4831575E-03 3.1518259E-02 3.7065353E-02 1.4982013E-04 1.5588994E+00 1.8886202E+01 -4.5708930E-02
3.1381000E+02 2.5927000E+02 8.6700000E+00 5.8200000E+02 10 5.5280470E+01 2.0971906E-01 3.3238247E-01 5.6436105E-02 1.4936702E-02 1.3798001E-02 1.3473096E-02 5.8206128E-04 2.2787329E-04 7.9432069E-03 1.0925577E-04 7.6981401E-03 3.1513077E-02 4.4576391E-02 1.8586041E-04 1.7201619E+00 1.8597049E+01 -3.1958891E-02
3.1381000E+02 2.5927000E+02 8.6700000E+00 5.8700000E+02 10 5.5289216E+01 1.9301049E-01 2.9699357E-01 5.6528436E-02 1.2299378E-02 1.1938741E-02 1.1611524E-02 5.8620407E-04 2.0854559E-04 6.6024239E-03 1.1003339E-04 6.4271226E-03 3.1399030E-02 3.6703772E-02 1.4690449E-04 1.5534072E+00 1.8896937E+01 -4.6220523E-02
3.1381000E+02 2.5927000E+02 8.6700000E+00 5.9200000E+02 10 5.5289716E+01 1.9281780E-01 2.9634215E-01 5.6622380E-02 1.2278332E-02 1.1912318E-02 1.1583889E-02 5.8837431E-04 2.0787716E-04 6.5935600E-03 1.1044075E-04 6.4181421E-03 3.1312369E-02 3.6640912E-02 1.4770317E-04 1.5524529E+00 1.8896006E+01 -4.6277629E-02
3.1381000E+02 2.5927000E+02 8.6700000E+00 5.9700000E+02 10 5.5290033E+01 1.9294373E-01 2.9629076E-01 5.6714235E-02 1.2301367E-02 1.1907199E-02 1.1578113E-02 5.8955189E-04 2.0793590E-04 6.6069815E-03 1.1066179E-04 6.4291499E-03 3.1233550E-02 3.6709482E-02 1.4837680E-04 1.5535395E+00 1.8893482E+01 -4.6128350E-02
3.1381000E+02 2.5927000E+02 8.6700000E+00 6.0200000E+02 10 5.5290321E+01 1.9308620E-01 2.9630366E-01 5.6802939E-02 1.2326971E-02 1.1908210E-02 1.1578705E-02 5.9030258E-04 2.0816249E-04 6.6214087E-03 1.1080270E-04 6.4411190E-03 3.1159865E-02 3.6785760E-02 1.4875006E-04 1.5548067E+00 1.8891368E+01 -4.5963904E-02
3.1381000E+02 2.5927000E+02 8.6700000E+00 6.0700000E+02 10 5.5290625E+01 1.9316346E-01 2.9622076E-01 5.6888675E-02 1.2343386E-02 1.1908220E-02 1.1578432E-02 5.9080815E-04 2.0833926E-04 6.6308719E-03 1.1089759E-04 6.4486137E-03 3.1090078E-02 3.6834664E-02 1.4888728E-04 1.5556674E+00 1.8890085E+01 -4.5843554E-02
3.1381000E+02 2.5927000E+02 8.6700000E+00 6.1200000E+02 10 5.5290946E+01 1.9318051E-01 2.9603927E-01 5.6971729E-02 1.2350942E-02 1.1905249E-02 1.1575278E-02 5.9113730E-04 2.0842658E-04 6.6356151E-03 1.1095938E-04 6.4518041E-03 3.1023567E-02 3.6857159E-02 1.4889590E-04 1.5560981E+00 1.8889460E+01 -4.5768836E-02
3.1381000E+02 2.5927000E+02 8.6700000E+00 6.1700000E+02 10 5.5291273E+01 1.9315963E-01 2.9579269E-01 5.7052327E-02 1.2352579E-02 1.1899354E-02 1.1569279E-02 5.9132331E-04 2.0844254E-04 6.6372078E-03 1.1099429E-04 6.4520724E-03 3.0959955E-02 3.6861993E-02 1.4884722E-04 1.5562166E+00 1.8889255E+01 -4.5727204E-02
3.1381000E+02 2.5927000E+02 8.6700000E+00 6.2200000E+02 10 5.5291598E+01 1.9311921E-01 2.9551144E-01 5.7130616E-02 1.2350836E-02 1.1891130E-02 1.1561019E-02 5.9138820E-04 2.0840968E-04 6.6369886E-03 1.1100647E-04 6.4506263E-03 3.0898985E-02 3.6856736E-02 1.4877831E-04 1.5561368E+00 1.8889300E+01 -4.5706831E-02
3.1381000E+02 2.5927000E+02 8.6700000E+00 6.2700000E+02 10 5.5291916E+01 1.9307108E-01 2.9521607E-01 5.7206687E-02 1.2347391E-02 1.1881191E-02 1.1551102E-02 5.9134973E-04 2.0834783E-04 6.6358418E-03 1.1099925E-04 6.4482689E-03 3.0840466E-02 3.6846392E-02 1.4870616E-04 1.5559388E+00 1.8889485E+01 -4.5699431E-02
3.1381000E+02 2.5927000E+02 8.6700000E+00 6.3200000E+02 10 5.5292225E+01 1.9302175E-01 2.9491863E-01 5.7280594E-02 1.2343219E-02 1.1870028E-02 1.1540009E-02 5.9122307E-04 2.0827151E-04 6.6342799E-03 1.1097548E-04 6.4454778E-03 3.0784250E-02 3.6833872E-02 1.4863729E-04 1.5556729E+00 1.8889749E+01 -4.5699843E-02
3.1381000E+02 2.5927000E+02 8.6700000E+00 6.3700000E+02 10 5.5292523E+01 1.9297466E-01 2.9462587E-01 5.7352372E-02 1.2338859E-02 1.1858008E-02 1.1528102E-02 5.9102140E-04 2.0818996E-04 6.6325867E-03 1.1093762E-04 6.4425230E-03 3.0730217E-02 3.6820786E-02 1.4857377E-04 1.5553693E+00 1.8890056E+01 -4.5704953E-02
3.1381000E+02 2.5927000E+02 8.6700000E+00 6.4200000E+02 10 5.5292810E+01 1.9293113E-01 2.9434104E-01 5.7422050E-02 1.2334575E-02 1.1845401E-02 1.1515643E-02 5.9075602E-04 2.0810862E-04 6.6308950E-03 1.1088781E-04 6.4395497E-03 3.0678264E-02 3.6807921E-02 1.4851596E-04 1.5550454E+00 1.8890385E+01 -4.5712985E-02
3.1381000E+02 2.5927000E+02 8.6700000E+00 6.4700000E+02 10 5.5293085E+01 1.9289196E-01 2.9406601E-01 5.7489654E-02 1.2330511E-02 1.1832404E-02 1.1502824E-02 5.9043664E-04 2.0803015E-04 6.6292843E-03 1.1082786E-04 6.4366357E-03 3.0628302E-02 3.6795709E-02 1.4846332E-04 1.5547120E+00 1.8890726E+01 -4.5722817E-02
3.1381000E+02 2.5927000E+02 8.6700000E+00 6.5000000E+02 10 5.5289387E+01 2.0062452E-01 3.1018006E-01 5.7529477E-02 1.3560790E-02 1.2667590E-02 1.2338127E-02 5.9022747E-04 2.1991361E-04 7.2583594E-03 1.1078860E-04 7.0279375E-03 3.0606146E-02 4.0467333E-02 1.6555347E-04 1.6253779E+00 1.8776302E+01 -3.9067426E-02
