x y z_datum Time Well_no H2O H O Charge Al C Ca Cl Fe K Mg Na S Si U pH pe Alkalinity
3.1381000E+02 2.5927000E+02 8.6700000E+00 0.0000000E+00 10 9.9704301E-01 7.2098600E-06 6.6484776E-04 -3.2324431E-06 0.0000000E+00 1.0067647E-04 6.3262499E-05 4.3211171E-04 0.0000000E+00 2.8240956E-04 5.5605062E-05 2.2967748E-04 1.4127542E-04 0.0000000E+00 0.0000000E+00 7.0300000E+00 1.1068788E+01 7.1999443E-03
3.1381000E+02 2.5927000E+02 8.6700000E+00 5.0000000E+00 10 5.5328624E+01 1.8987752E-02 6.2188597E-02 -3.0312937E-03 0.0000000E+00 7.2937915E-03 1.3735626E-03 1.0605990E-02 0.0000000E+00 6.2853531E-03 1.9907965E-03 8.6934344E-03 1.0324583E-02 0.0000000E+00 0.0000000E+00 2.3936857E+00 1.7987738E+01 -6.5366085E-03
3.1381000E+02 2.5927000E+02 8.6700000E+00 1.0000000E+01 10 5.5310325E+01 3.2702270E-02 1.0452870E-01 -2.7489096E-03 1.0627162E-03 7.8644544E-03 3.1841625E-03 8.3846639E-03 1.4753964E-05 5.4927870E-03 1.5738426E-03 7.4058226E-03 1.8647222E-02 3.1780214E-03 1.5512135E-05 2.0114117E+00 1.8412571E+01 -1.7342622E-02
3.1381000E+02 2.5927000E+02 8.6700000E+00 1.5000000E+01 10 5.5288655E+01 5.6408033E-02 1.5120180E-01 -2.5063723E-03 2.5845244E-03 8.1762441E-03 4.5609239E-03 6.4767850E-03 3.4726414E-05 5.1237466E-03 1.2157244E-03 6.5925976E-03 2.5796198E-02 7.7245428E-03 3.7398193E-05 1.8871375E+00 1.8555481E+01 -2.4526222E-02
3.1381000E+02 2.5927000E+02 8.6700000E+00 2.0000000E+01 10 5.5271500E+01 7.6273495E-02 1.8836095E-01 -2.3278546E-03 3.9022217E-03 8.4099472E-03 5.5784910E-03 5.0725060E-03 5.4261838E-05 4.9553340E-03 9.5213433E-04 6.0863908E-03 3.1058655E-02 1.1659635E-02 5.6300414E-05 1.8309341E+00 1.8620267E+01 -2.9008221E-02
3.1381000E+02 2.5927000E+02 8.6700000E+00 2.5000000E+01 10 5.5259274E+01 9.0716075E-02 2.1535781E-01 -2.2041300E-03 4.9074849E-03 8.6277434E-03 6.3395570E-03 4.0992474E-03 7.0666202E-05 4.8861916E-03 7.6944890E-04 5.7790767E-03 3.4706168E-02 1.4661117E-02 7.0435461E-05 1.8042369E+00 1.8651049E+01 -3.1631050E-02
3.1381000E+02 2.5927000E+02 8.6700000E+00 3.0000000E+01 10 5.5250788E+01 1.0084182E-01 2.3449220E-01 -2.1194719E-03 5.6381444E-03 8.8422395E-03 6.9257834E-03 3.4332987E-03 8.3526183E-05 4.8607539E-03 6.4444705E-04 5.5893550E-03 3.7202135E-02 1.6842543E-02 8.0387510E-05 1.7915999E+00 1.8665717E+01 -3.3121377E-02
3.1381000E+02 2.5927000E+02 8.6700000E+00 3.5000000E+01 10 5.5244883E+01 1.0790264E-01 2.4809877E-01 -2.0607630E-03 6.1616975E-03 9.0517861E-03 7.3931186E-03 2.9714749E-03 9.3309624E-05 4.8516119E-03 5.5776045E-04 5.4660184E-03 3.8933157E-02 1.8405644E-02 8.7254210E-05 1.7858320E+00 1.8672555E+01 -3.3964814E-02
3.1381000E+02 2.5927000E+02 8.6700000E+00 4.0000000E+01 10 5.5240702E+01 1.1287902E-01 2.5795928E-01 -2.0189018E-03 6.5391587E-03 9.2526122E-03 7.7777556E-03 2.6421806E-03 1.0072769E-04 4.8469611E-03 4.9595030E-04 5.3803558E-03 4.0167512E-02 1.9532632E-02 9.2005047E-05 1.7834677E+00 1.8675510E+01 -3.4446309E-02
3.1381000E+02 2.5927000E+02 8.6700000E+00 4.5000000E+01 10 5.5237659E+01 1.1646644E-01 2.6530508E-01 -1.9880084E-03 6.8162198E-03 9.4419288E-03 8.1027240E-03 2.3991629E-03 1.0639474E-04 4.8425070E-03 4.5033468E-04 5.3166978E-03 4.1078523E-02 2.0359919E-02 9.5343611E-05 1.7827958E+00 1.8676531E+01 -3.4725322E-02
3.1381000E+02 2.5927000E+02 8.6700000E+00 5.0000000E+01 10 5.5235374E+01 1.1912529E-01 2.7094600E-01 -1.9643833E-03 7.0244777E-03 9.6182557E-03 8.3827873E-03 2.2133207E-03 1.1078284E-04 4.8370411E-03 4.1545119E-04 5.2665125E-03 4.1775245E-02 2.0981821E-02 9.7744567E-05 1.7829533E+00 1.8676591E+01 -3.4890104E-02
3.1381000E+02 2.5927000E+02 8.6700000E+00 5.5000000E+01 10 5.5233604E+01 1.2115406E-01 2.7540678E-01 -1.9457078E-03 7.1850882E-03 9.7811127E-03 8.6276478E-03 2.0664130E-03 1.1423737E-04 4.8305114E-03 3.8787588E-04 5.2250837E-03 4.2326036E-02 2.1461482E-02 9.9517732E-05 1.7834992E+00 1.8676188E+01 -3.4989605E-02
3.1381000E+02 2.5927000E+02 8.6700000E+00 6.0000000E+01 10 5.5232193E+01 1.2274553E-01 2.7902796E-01 -1.9305142E-03 7.3120661E-03 9.9306765E-03 8.8439263E-03 1.9468946E-03 1.1701262E-04 4.8231932E-03 3.6544168E-04 5.1897376E-03 4.2774163E-02 2.1840730E-02 1.0086326E-04 1.7842060E+00 1.8675579E+01 -3.5051299E-02
3.1381000E+02 2.5927000E+02 8.6700000E+00 6.5000000E+01 10 5.5231041E+01 1.2402610E-01 2.8203426E-01 -1.9178559E-03 7.4147857E-03 1.0067520E-02 9.0363515E-03 1.8473203E-03 1.1928673E-04 4.8154580E-03 3.4675111E-04 5.1588900E-03 4.3147530E-02 2.2147545E-02 1.0191116E-04 1.7849591E+00 1.8674896E+01 -3.5090618E-02
3.1381000E+02 2.5927000E+02 8.6700000E+00 6.6000000E+01 10 5.5225419E+01 1.3512943E-01 3.0971916E-01 -1.9154188E-03 9.3946770E-03 1.2082901E-02 1.1062434E-02 1.8281495E-03 1.3710488E-04 5.7948567E-03 3.4315265E-04 6.1199869E-03 4.3236418E-02 2.8062577E-02 1.3376022E-04 1.9805719E+00 1.8367625E+01 -2.3188440E-02
3.1381000E+02 2.5927000E+02 8.6700000E+00 6.7000000E+01 10 5.5225343E+01 1.3508873E-01 3.0972198E-01 -1.9130702E-03 9.3726564E-03 1.2079973E-02 1.1069819E-02 1.8096741E-03 1.3887351E-04 5.7734704E-03 3.3968473E-04 6.0931939E-03 4.3304562E-02 2.7996384E-02 1.3156639E-04 1.9762645E+00 1.8384655E+01 -2.3418828E-02
3.1381000E+02 2.5927000E+02 8.6700000E+00 7.2000000E+01 10 5.5227148E+01 1.2514031E-01 2.8518411E-01 -1.8723182E-03 7.3133891E-03 1.0091948E-02 9.1259300E-03 1.7306058E-03 1.2085816E-04 4.6949892E-03 3.2484322E-04 5.0137345E-03 4.4116118E-02 2.1844571E-02 9.8256753E-05 1.7577998E+00 1.8857685E+01 -3.7410956E-02
3.1381000E+02 2.5927000E+02 8.6700000E+00 7.7000000E+01 10 5.5221727E+01 1.2799994E-01 2.9158617E-01 -1.8225351E-03 7.4581922E-03 1.0189959E-02 9.2622256E-03 1.6620182E-03 1.3473460E-04 4.7280131E-03 3.1196898E-04 5.0275028E-03 4.5111993E-02 2.2276687E-02 1.2514841E-04 1.7463024E+00 1.8932320E+01 -3.8597947E-02
3.1381000E+02 2.5927000E+02 8.6700000E+00 8.2000000E+01 10 5.5216734E+01 1.3101701E-01 2.9821028E-01 -1.7790211E-03 7.6619963E-03 1.0320795E-02 9.4266290E-03 1.6018830E-03 1.5343401E-04 4.7962895E-03 3.0068131E-04 5.0764220E-03 4.5992795E-02 2.2884734E-02 1.5588311E-04 1.7415432E+00 1.8969113E+01 -3.9234721E-02
3.1381000E+02 2.5927000E+02 8.6700000E+00 8.7000000E+01 10 5.5212866E+01 1.3350124E-01 3.0369232E-01 -1.7456643E-03 7.8442328E-03 1.0448856E-02 9.5843781E-03 1.5486970E-03 1.7096071E-04 4.8576154E-03 2.9069804E-04 5.1207297E-03 4.6683900E-02 2.3428459E-02 1.8181789E-04 1.7397273E+00 1.8988169E+01 -3.9584414E-02
3.1381000E+02 2.5927000E+02 8.6700000E+00 9.1000000E+01 10 5.5209146E+01 1.3777674E-01 3.1375848E-01 -1.7249574E-03 8.4408460E-03 1.0988787E-02 1.0145920E-02 1.5099808E-03 1.9395153E-04 5.1353915E-03 2.8343083E-04 5.3807181E-03 4.7138718E-02 2.5209952E-02 2.1525328E-04 1.7746149E+00 1.8957255E+01 -3.6938562E-02
3.1381000E+02 2.5927000E+02 8.6700000E+00 9.2000000E+01 10 5.5204401E+01 1.4660781E-01 3.3541264E-01 -1.7201388E-03 9.9804350E-03 1.2478919E-02 1.1641327E-02 1.5005323E-03 2.3065549E-04 5.9019529E-03 2.8165729E-04 6.1305172E-03 4.7296112E-02 2.9808949E-02 2.7814920E-04 1.9090612E+00 1.8807527E+01 -2.7918017E-02
3.1381000E+02 2.5927000E+02 8.6700000E+00 9.7000000E+01 10 5.5204169E+01 1.3649660E-01 3.1164231E-01 -2.2041441E-03 7.8795575E-03 1.0514846E-02 9.7009046E-03 1.4581619E-03 1.9302378E-04 4.8228167E-03 2.7370415E-04 5.0624105E-03 4.8410603E-02 2.3533255E-02 2.0521553E-04 1.7151002E+00 1.9039557E+01 -4.2228629E-02
3.1381000E+02 2.5927000E+02 8.6700000E+00 1.0200000E+02 10 5.5196405E+01 1.3963654E-01 3.1958996E-01 -2.8618265E-03 8.0445776E-03 1.0603482E-02 9.8108705E-03 1.4199496E-03 2.0468809E-04 4.8846648E-03 2.6653153E-04 5.1102332E-03 4.9792859E-02 2.4025541E-02 2.2305264E-04 1.7065537E+00 1.9060420E+01 -4.3452338E-02
3.1381000E+02 2.5927000E+02 8.6700000E+00 1.0700000E+02 10 5.5189584E+01 1.4269041E-01 3.2713126E-01 -3.4375168E-03 8.2412836E-03 1.0712901E-02 9.9396235E-03 1.3853127E-03 2.1711540E-04 4.9648434E-03 2.6003001E-04 5.1761697E-03 5.0982854E-02 2.4612301E-02 2.3946738E-04 1.7027162E+00 1.9072888E+01 -4.4205654E-02
3.1381000E+02 2.5927000E+02 8.6700000E+00 1.1200000E+02 10 5.5184407E+01 1.4513816E-01 3.3314258E-01 -3.8636335E-03 8.4109098E-03 1.0817033E-02 1.0061364E-02 1.3537694E-03 2.2851451E-04 5.0328655E-03 2.5410917E-04 5.2317975E-03 5.1889594E-02 2.5118313E-02 2.5280909E-04 1.7010821E+00 1.9080058E+01 -4.4666022E-02
3.1381000E+02 2.5927000E+02 8.6700000E+00 1.1700000E+02 10 5.5180677E+01 1.4697577E-01 3.3766241E-01 -4.1585520E-03 8.5430617E-03 1.0908674E-02 1.0169109E-02 1.3249172E-03 2.3818049E-04 5.0831971E-03 2.4869348E-04 5.2717777E-03 5.2553674E-02 2.5512572E-02 2.6291535E-04 1.7004291E+00 1.9084202E+01 -4.4953798E-02
3.1381000E+02 2.5927000E+02 8.6700000E+00 1.2200000E+02 10 5.5178001E+01 1.4834425E-01 3.4104719E-01 -4.3591541E-03 8.6438054E-03 1.0988431E-02 1.0263659E-02 1.2984177E-03 2.4614104E-04 5.1187605E-03 2.4371940E-04 5.2987173E-03 5.3041890E-02 2.5813161E-02 2.7037735E-04 1.7002238E+00 1.9086638E+01 -4.5139625E-02
3.1381000E+02 2.5927000E+02 8.6700000E+00 1.2400000E+02 10 5.5172438E+01 1.5818896E-01 3.6433732E-01 -4.4266954E-03 1.0301164E-02 1.2458355E-02 1.1739300E-02 1.2881742E-03 2.9087975E-04 5.9471690E-03 2.4179663E-04 6.1019232E-03 5.3278172E-02 3.0762677E-02 3.4212157E-04 1.8145514E+00 1.8960865E+01 -3.5743195E-02
3.1381000E+02 2.5927000E+02 8.6700000E+00 1.2500000E+02 10 5.5170728E+01 1.6099680E-01 3.7127462E-01 -4.4575819E-03 1.0778802E-02 1.2929058E-02 1.2212814E-02 1.2831390E-03 3.0469019E-04 6.1839895E-03 2.4085151E-04 6.3324611E-03 5.3376854E-02 3.2189252E-02 3.6047480E-04 1.8536834E+00 1.8918474E+01 -3.2993203E-02
3.1381000E+02 2.5927000E+02 8.6700000E+00 1.3000000E+02 10 5.5175721E+01 1.4856923E-01 3.4244578E-01 -4.5625841E-03 8.5696284E-03 1.0995584E-02 1.0292870E-02 1.2589002E-03 2.5249122E-04 5.0579100E-03 2.3630176E-04 5.2299349E-03 5.3593386E-02 2.5591318E-02 2.6619809E-04 1.6897001E+00 1.9100937E+01 -4.6319157E-02
3.1381000E+02 2.5927000E+02 8.6700000E+00 1.3100000E+02 10 5.5169018E+01 1.6167519E-01 3.7318736E-01 -4.5819387E-03 1.0804443E-02 1.2974818E-02 1.2274741E-02 1.2541760E-03 3.1105541E-04 6.1796549E-03 2.3541500E-04 6.3213910E-03 5.3747033E-02 3.2265876E-02 3.6947526E-04 1.8494156E+00 1.8923559E+01 -3.3384777E-02
3.1381000E+02 2.5927000E+02 8.6700000E+00 1.3200000E+02 10 5.5168809E+01 1.6168111E-01 3.7325062E-01 -4.5998661E-03 1.0792596E-02 1.2969736E-02 1.2272216E-02 1.2495954E-03 3.1119571E-04 6.1714937E-03 2.3455520E-04 6.3111221E-03 5.3796684E-02 3.2230104E-02 3.6347417E-04 1.8474515E+00 1.8926861E+01 -3.3535216E-02
3.1381000E+02 2.5927000E+02 8.6700000E+00 1.3700000E+02 10 5.5167918E+01 1.5064106E-01 3.4868022E-01 -5.7318914E-03 8.5932574E-03 1.1047217E-02 1.0361348E-02 1.2287222E-03 2.5794339E-04 5.0523952E-03 2.3063720E-04 5.2161566E-03 5.5181966E-02 2.5661584E-02 2.6889790E-04 1.6771213E+00 1.9091921E+01 -4.8126288E-02
3.1381000E+02 2.5927000E+02 8.6700000E+00 1.4200000E+02 10 5.5157775E+01 1.5438105E-01 3.5845070E-01 -7.2472189E-03 8.8117164E-03 1.1179861E-02 1.0504773E-02 1.2094084E-03 2.5860193E-04 5.1525733E-03 2.2701190E-04 5.3054261E-03 5.7085322E-02 2.6313480E-02 2.7163371E-04 1.6726285E+00 1.9056646E+01 -4.9283875E-02
3.1381000E+02 2.5927000E+02 8.6700000E+00 1.4700000E+02 10 5.5148561E+01 1.5807308E-01 3.6782023E-01 -8.5977032E-03 9.0582839E-03 1.1330057E-02 1.0665033E-02 1.1913792E-03 2.5386624E-04 5.2678261E-03 2.2362774E-04 5.4092489E-03 5.8767517E-02 2.7049112E-02 2.6190298E-04 1.6712629E+00 1.9009986E+01 -5.0044508E-02
3.1381000E+02 2.5927000E+02 8.6700000E+00 1.5200000E+02 10 5.5141452E+01 1.6102143E-01 3.7524104E-01 -9.6221495E-03 9.2636378E-03 1.1463987E-02 1.0808406E-02 1.1744621E-03 2.4582586E-04 5.3624441E-03 2.2045232E-04 5.4944093E-03 6.0048719E-02 2.7661795E-02 2.4452596E-04 1.6709721E+00 1.8960080E+01 -5.0541791E-02
3.1381000E+02 2.5927000E+02 8.6700000E+00 1.5700000E+02 10 5.5136299E+01 1.6320446E-01 3.8072756E-01 -1.0350328E-02 9.4183469E-03 1.1574357E-02 1.0927666E-02 1.1585370E-03 2.3681784E-04 5.4316246E-03 2.1746310E-04 5.5561942E-03 6.0971690E-02 2.8123406E-02 2.2459720E-04 1.6709875E+00 1.8912917E+01 -5.0871755E-02
3.1381000E+02 2.5927000E+02 8.6700000E+00 1.6200000E+02 10 5.5132609E+01 1.6479633E-01 3.8473792E-01 -1.0859374E-02 9.5322769E-03 1.1664209E-02 1.1025906E-02 1.1435089E-03 2.2835542E-04 5.4804449E-03 2.1464224E-04 5.5991708E-03 6.1631876E-02 2.8463367E-02 2.0555438E-04 1.6710849E+00 1.8872945E+01 -5.1095063E-02
3.1381000E+02 2.5927000E+02 8.6700000E+00 1.6700000E+02 10 5.5129928E+01 1.6597420E-01 3.8772203E-01 -1.1218865E-02 9.6172670E-03 1.1738570E-02 1.1108201E-02 1.1292958E-03 2.2113119E-04 5.5149732E-03 2.1197438E-04 5.6288909E-03 6.2113463E-02 2.8716990E-02 1.8909714E-04 1.6712101E+00 1.8842511E+01 -5.1249717E-02
3.1381000E+02 2.5927000E+02 8.6700000E+00 1.6800000E+02 10 5.5122713E+01 1.7969816E-01 4.1915027E-01 -1.1285313E-02 1.1911261E-02 1.3702997E-02 1.3074196E-02 1.1264851E-03 2.4287970E-04 6.6694315E-03 2.1144680E-04 6.7488073E-03 6.2225100E-02 3.5567670E-02 2.2761380E-04 1.8162910E+00 1.8607032E+01 -3.8133838E-02
3.1381000E+02 2.5927000E+02 8.6700000E+00 1.6900000E+02 10 5.5122368E+01 1.7965994E-01 4.1917750E-01 -1.1346811E-02 1.1889393E-02 1.3691575E-02 1.3064326E-02 1.1237058E-03 2.4297475E-04 6.6572221E-03 2.1092511E-04 6.7351599E-03 6.2306884E-02 3.5501937E-02 2.2047327E-04 1.8137314E+00 1.8610227E+01 -3.8361373E-02
3.1381000E+02 2.5927000E+02 8.6700000E+00 1.7400000E+02 10 5.5134981E+01 1.5939069E-01 3.8286433E-01 -1.5356015E-02 9.4803839E-03 1.1690228E-02 1.1070338E-02 1.1105227E-03 2.1230799E-04 5.4343488E-03 2.0845057E-04 5.5469727E-03 6.1354039E-02 2.8308033E-02 1.6482557E-04 1.7247018E+00 1.8769124E+01 -4.6250150E-02
3.1381000E+02 2.5927000E+02 8.6700000E+00 1.7500000E+02 10 5.5130536E+01 1.6970873E-01 4.1003562E-01 -1.6313002E-02 1.1531377E-02 1.3632490E-02 1.3014056E-02 1.1079140E-03 2.3053817E-04 6.4621044E-03 2.0796091E-04 6.5534629E-03 6.1132565E-02 3.4434884E-02 1.9950002E-04 1.8956637E+00 1.8500553E+01 -3.2597749E-02
3.1381000E+02 2.5927000E+02 8.6700000E+00 1.7600000E+02 10 5.5132672E+01 1.6710525E-01 4.0731305E-01 -1.7404943E-02 1.1405962E-02 1.3607217E-02 1.2990224E-02 1.1053328E-03 2.2927919E-04 6.3959345E-03 2.0747641E-04 6.4916434E-03 6.0840555E-02 3.4060779E-02 1.9336974E-04 1.9132225E+00 1.8487793E+01 -3.1476782E-02
3.1381000E+02 2.5927000E+02 8.6700000E+00 1.8100000E+02 10 5.5087778E+01 1.6169732E-01 4.1304008E-01 -2.7480637E-02 8.9396301E-03 1.1614918E-02 1.1004780E-02 1.0930525E-03 1.9785307E-04 5.1432153E-03 2.0517133E-04 5.2781418E-03 7.0547986E-02 2.6696682E-02 1.4489707E-04 1.6764748E+00 1.8808085E+01 -5.4975266E-02
3.1381000E+02 2.5927000E+02 8.6700000E+00 1.8600000E+02 10 5.5010016E+01 1.8112460E-01 4.7280242E-01 -3.8096982E-02 9.1561529E-03 1.1678686E-02 1.1075084E-02 1.0813437E-03 1.9520308E-04 5.2489734E-03 2.0297353E-04 5.3703019E-03 8.4831024E-02 2.7342104E-02 1.4358244E-04 1.5813154E+00 1.8892545E+01 -7.2165710E-02
3.1381000E+02 2.5927000E+02 8.6700000E+00 1.9100000E+02 10 5.4937502E+01 2.0291987E-01 5.3223514E-01 -4.6824070E-02 9.7601501E-03 1.1776451E-02 1.1179092E-02 1.0701579E-03 1.9987195E-04 5.5577734E-03 2.0087390E-04 5.6432435E-03 9.7854099E-02 2.9141170E-02 1.4634985E-04 1.5173894E+00 1.8948890E+01 -8.7113413E-02
3.1381000E+02 2.5927000E+02 8.6700000E+00 1.9600000E+02 10 5.4881286E+01 2.2153955E-01 5.8034143E-01 -5.3239374E-02 1.0446566E-02 1.1871854E-02 1.1280471E-02 1.0594520E-03 2.0818795E-04 5.9100744E-03 1.9886435E-04 5.9547345E-03 1.0779647E-01 3.1185400E-02 1.4980519E-04 1.4796075E+00 1.8981856E+01 -9.7844314E-02
3.1381000E+02 2.5927000E+02 8.6700000E+00 2.0100000E+02 10 5.4840867E+01 2.3581787E-01 6.1612904E-01 -5.7754551E-02 1.1066051E-02 1.1955457E-02 1.1369804E-02 1.0491873E-03 2.1796693E-04 6.2276885E-03 1.9693762E-04 6.2353242E-03 1.1486108E-01 3.3030277E-02 1.5262000E-04 1.4579989E+00 1.9000583E+01 -1.0495781E-01
3.1381000E+02 2.5927000E+02 8.6700000E+00 2.0600000E+02 10 5.4812454E+01 2.4633822E-01 6.4203390E-01 -6.0914623E-02 1.1577514E-02 1.2028555E-02 1.1448405E-02 1.0393295E-03 2.2776757E-04 6.4889830E-03 1.9508725E-04 6.4660270E-03 1.1978064E-01 3.4553570E-02 1.5458852E-04 1.4457206E+00 1.9011157E+01 -1.0954449E-01
3.1381000E+02 2.5927000E+02 8.6700000E+00 2.1100000E+02 10 5.4792356E+01 2.5405435E-01 6.6084867E-01 -6.3162133E-02 1.1986769E-02 1.2094618E-02 1.1519761E-02 1.0298475E-03 2.3679315E-04 6.6968847E-03 1.9330744E-04 6.6496379E-03 1.2323490E-01 3.5772623E-02 1.5586852E-04 1.4387357E+00 1.9017115E+01 -1.1250377E-01
3.1381000E+02 2.5927000E+02 8.6700000E+00 2.1600000E+02 10 5.4777817E+01 2.5979792E-01 6.7479433E-01 -6.4805600E-02 1.2313397E-02 1.2156456E-02 1.1586697E-02 1.0207136E-03 2.4474304E-04 6.8615645E-03 1.9159297E-04 6.7953035E-03 1.2571953E-01 3.6745733E-02 1.5667001E-04 1.4347636E+00 1.9020448E+01 -1.1444518E-01
3.1381000E+02 2.5927000E+02 8.6700000E+00 2.2100000E+02 10 5.4766974E+01 2.6418011E-01 6.8543154E-01 -6.6047237E-02 1.2577270E-02 1.2215776E-02 1.1650935E-02 1.0119029E-03 2.5163075E-04 6.9933905E-03 1.8993915E-04 6.9122574E-03 1.2756473E-01 3.7532043E-02 1.5716547E-04 1.4325291E+00 1.9022264E+01 -1.1575147E-01
3.1381000E+02 2.5927000E+02 8.6700000E+00 2.2600000E+02 10 5.4758619E+01 2.6762020E-01 6.9380196E-01 -6.7016613E-02 1.2794442E-02 1.2273440E-02 1.1713350E-02 1.0033928E-03 2.5757221E-04 7.1007737E-03 1.8834176E-04 7.0079188E-03 1.2898273E-01 3.8179334E-02 1.5746713E-04 1.4313146E+00 1.9023214E+01 -1.1665647E-01
3.1381000E+02 2.5927000E+02 8.6700000E+00 2.3100000E+02 10 5.4751974E+01 2.7039778E-01 7.0058774E-01 -6.7796569E-02 1.2976763E-02 1.2329801E-02 1.1774304E-02 9.9516292E-04 2.6270170E-04 7.1899410E-03 1.8679697E-04 7.0877394E-03 1.3010863E-01 3.8722868E-02 1.5765579E-04 1.4307096E+00 1.9023646E+01 -1.1730258E-01
3.1381000E+02 2.5927000E+02 8.6700000E+00 2.3600000E+02 10 5.4746538E+01 2.7269817E-01 7.0623522E-01 -6.8440609E-02 1.3132666E-02 1.2384945E-02 1.1833896E-02 9.8719482E-04 2.6714598E-04 7.2653141E-03 1.8530132E-04 7.1556012E-03 1.3102891E-01 3.9187739E-02 1.5777974E-04 1.4304750E+00 1.9023767E+01 -1.1777729E-01
3.1381000E+02 2.5927000E+02 8.6700000E+00 2.4100000E+02 10 5.4741986E+01 2.7464381E-01 7.1103839E-01 -6.8983926E-02 1.3268017E-02 1.2438845E-02 1.1892107E-02 9.7947175E-04 2.7101615E-04 7.3299826E-03 1.8385166E-04 7.2141861E-03 1.3179969E-01 3.9591403E-02 1.5786472E-04 1.4304673E+00 1.9023702E+01 -1.1813555E-01
3.1381000E+02 2.5927000E+02 8.6700000E+00 2.4600000E+02 10 5.4738101E+01 2.7631700E-01 7.1519429E-01 -6.9450233E-02 1.3386890E-02 1.2491436E-02 1.1948881E-02 9.7197849E-04 2.7440730E-04 7.3861173E-03 1.8244514E-04 7.2653250E-03 1.3245822E-01 3.9945981E-02 1.5792687E-04 1.4305975E+00 1.9023529E+01 -1.1841276E-01
3.1381000E+02 2.5927000E+02 8.6700000E+00 2.5100000E+02 10 5.4734734E+01 2.7777436E-01 7.1883840E-01 -6.9855974E-02 1.3492174E-02 1.2542652E-02 1.2004159E-02 9.6470119E-04 2.7739785E-04 7.4352768E-03 1.8107916E-04 7.3102923E-03 1.3302983E-01 4.0260066E-02 1.5797557E-04 1.4308093E+00 1.9023290E+01 -1.1863232E-01
3.1381000E+02 2.5927000E+02 8.6700000E+00 2.5600000E+02 10 5.4731782E+01 2.7905623E-01 7.2206693E-01 -7.0212905E-02 1.3585998E-02 1.2592429E-02 1.2057885E-02 9.5762719E-04 2.8005009E-04 7.4786157E-03 1.7975133E-04 7.3500172E-03 1.3353232E-01 4.0539990E-02 1.5801464E-04 1.4310665E+00 1.9023022E+01 -1.1881002E-01
3.1381000E+02 2.5927000E+02 8.6700000E+00 2.6100000E+02 10 5.4729168E+01 2.8019236E-01 7.2495065E-01 -7.0529700E-02 1.3669997E-02 1.2640719E-02 1.2110016E-02 9.5074497E-04 2.8241530E-04 7.5170211E-03 1.7845951E-04 7.3852134E-03 1.3397856E-01 4.0790625E-02 1.5804799E-04 1.4313457E+00 1.9022740E+01 -1.1895676E-01
3.1381000E+02 2.5927000E+02 8.6700000E+00 2.6400000E+02 10 5.4722964E+01 2.9035902E-01 7.4574383E-01 -7.0706893E-02 1.5177324E-02 1.3575536E-02 1.3047101E-02 9.4668230E-04 2.9935074E-04 8.2844797E-03 1.7769692E-04 8.1068663E-03 1.3423524E-01 4.5287645E-02 1.7763479E-04 1.4688412E+00 1.8942455E+01 -1.1125374E-01
3.1381000E+02 2.5927000E+02 8.6700000E+00 2.6500000E+02 10 5.4717760E+01 3.0006645E-01 7.6544319E-01 -7.0764580E-02 1.6645699E-02 1.4515785E-02 1.3988102E-02 9.4533541E-04 3.1348957E-04 9.0327607E-03 1.7744410E-04 8.8131899E-03 1.3432292E-01 4.9669032E-02 1.9618047E-04 1.5086748E+00 1.8837864E+01 -1.0347761E-01
3.1381000E+02 2.5927000E+02 8.6700000E+00 2.7000000E+02 10 5.4724800E+01 2.8313900E-01 7.3214426E-01 -7.0979657E-02 1.4018779E-02 1.2906657E-02 1.2381733E-02 9.4039244E-04 2.9352819E-04 7.6880503E-03 1.7651629E-04 7.5455233E-03 1.3461238E-01 4.1831314E-02 1.5868605E-04 1.4380483E+00 1.9014492E+01 -1.1782802E-01
3.1381000E+02 2.5927000E+02 8.6700000E+00 2.7500000E+02 10 5.4721650E+01 2.8683322E-01 7.4002554E-01 -7.1183122E-02 1.4525019E-02 1.3244007E-02 1.2722234E-02 9.3474759E-04 2.9872949E-04 7.9425859E-03 1.7545672E-04 7.7852170E-03 1.3490353E-01 4.3341950E-02 1.6551566E-04 1.4498710E+00 1.8989505E+01 -1.1546377E-01
3.1381000E+02 2.5927000E+02 8.6700000E+00 2.8000000E+02 10 5.4718891E+01 2.8991280E-01 7.4675666E-01 -7.1373264E-02 1.4946016E-02 1.3548245E-02 1.3029723E-02 9.2892192E-04 3.0418859E-04 8.1532375E-03 1.7436321E-04 7.9840524E-03 1.3517604E-01 4.4598370E-02 1.6904126E-04 1.4599655E+00 1.8972324E+01 -1.1349278E-01
3.1381000E+02 2.5927000E+02 8.6700000E+00 2.8500000E+02 10 5.4716620E+01 2.9220228E-01 7.5201865E-01 -7.1548637E-02 1.5258702E-02 1.3806238E-02 1.3290873E-02 9.2326769E-04 3.0907071E-04 8.3083425E-03 1.7330189E-04 8.1313380E-03 1.3542751E-01 4.5531801E-02 1.7072951E-04 1.4676717E+00 1.8961148E+01 -1.1202961E-01
3.1381000E+02 2.5927000E+02 8.6700000E+00 2.8900000E+02 10 5.4712860E+01 2.9805611E-01 7.6446705E-01 -7.1679950E-02 1.6136438E-02 1.4428019E-02 1.3915091E-02 9.1890124E-04 3.1983188E-04 8.7527068E-03 1.7248228E-04 8.5516297E-03 1.3561889E-01 4.8151177E-02 1.7994752E-04 1.4910437E+00 1.8914589E+01 -1.0744493E-01
3.1381000E+02 2.5927000E+02 8.6700000E+00 2.9000000E+02 10 5.4705535E+01 3.1235089E-01 7.9370031E-01 -7.1712227E-02 1.8329347E-02 1.5889527E-02 1.5377203E-02 9.1781973E-04 3.3835695E-04 9.8693641E-03 1.7227928E-04 9.6090842E-03 1.3567402E-01 5.4695363E-02 2.0638916E-04 1.5545364E+00 1.8731602E+01 -9.5617368E-02
3.1381000E+02 2.5927000E+02 8.6700000E+00 2.9500000E+02 10 5.4755336E+01 2.8326608E-01 7.2570283E-01 -6.6791645E-02 1.5419592E-02 1.4089809E-02 1.3580383E-02 9.1262752E-04 3.1735411E-04 8.3810905E-03 1.7130467E-04 8.2037154E-03 1.2822265E-01 4.6012982E-02 1.6745285E-04 1.5095370E+00 1.8925951E+01 -1.0093333E-01
3.1381000E+02 2.5927000E+02 8.6700000E+00 3.0000000E+02 10 5.4818160E+01 2.6669718E-01 6.7855028E-01 -5.9179782E-02 1.5299656E-02 1.4219088E-02 1.3712465E-02 9.0760743E-04 3.1570870E-04 8.3110878E-03 1.7036238E-04 8.1490346E-03 1.1672436E-01 4.5657853E-02 1.6707847E-04 1.5733472E+00 1.8858074E+01 -8.5462044E-02
3.1381000E+02 2.5927000E+02 8.6700000E+00 3.0100000E+02 10 5.4823495E+01 2.7904016E-01 7.0241639E-01 -5.7578575E-02 1.7793133E-02 1.6148223E-02 1.5642156E-02 9.0660995E-04 3.3638399E-04 9.5731511E-03 1.7017515E-04 9.3612969E-03 1.1431897E-01 5.3102798E-02 2.0045206E-04 1.6866483E+00 1.8597765E+01 -6.8128893E-02
3.1381000E+02 2.5927000E+02 8.6700000E+00 3.0200000E+02 10 5.4837477E+01 2.7466174E-01 6.9094554E-01 -5.5932009E-02 1.7663502E-02 1.6160861E-02 1.5655348E-02 9.0561870E-04 3.3789036E-04 9.5041634E-03 1.6998908E-04 9.3007880E-03 1.1183129E-01 5.2716972E-02 1.9723292E-04 1.7032155E+00 1.8596985E+01 -6.5244486E-02
3.1381000E+02 2.5927000E+02 8.6700000E+00 3.0300000E+02 10 5.4853569E+01 2.6900766E-01 6.7679333E-01 -5.4076723E-02 1.7421258E-02 1.6149892E-02 1.5642274E-02 9.0938849E-04 3.3930342E-04 9.3796509E-03 1.7069669E-04 9.1909368E-03 1.0902052E-01 5.1995359E-02 1.9292684E-04 1.7193333E+00 1.8599032E+01 -6.2422890E-02
3.1381000E+02 2.5927000E+02 8.6700000E+00 3.0800000E+02 10 5.4925906E+01 2.3127398E-01 5.8645310E-01 -4.6603704E-02 1.3977754E-02 1.4060575E-02 1.3551553E-02 9.1190463E-04 3.0505024E-04 7.6206368E-03 1.7116898E-04 7.5380225E-03 9.7702955E-02 4.1720898E-02 1.4903850E-04 1.6684040E+00 1.8784839E+01 -6.5256332E-02
3.1381000E+02 2.5927000E+02 8.6700000E+00 3.1300000E+02 10 5.4972802E+01 2.1488014E-01 5.4499574E-01 -4.1203629E-02 1.3254012E-02 1.3968521E-02 1.3460467E-02 9.1016877E-04 2.9063732E-04 7.2388913E-03 1.7084316E-04 7.2015831E-03 8.9538471E-02 3.9565689E-02 1.4490137E-04 1.7133075E+00 1.8736799E+01 -5.7288851E-02
3.1381000E+02 2.5927000E+02 8.6700000E+00 3.1800000E+02 10 5.5005703E+01 2.0303193E-01 5.1562558E-01 -3.7442454E-02 1.2701079E-02 1.3943630E-02 1.3437237E-02 9.0719458E-04 2.7701191E-04 6.9450283E-03 1.7028489E-04 6.9444918E-03 8.3851239E-02 3.7919245E-02 1.4129761E-04 1.7476067E+00 1.8699826E+01 -5.1867852E-02
3.1381000E+02 2.5927000E+02 8.6700000E+00 3.2300000E+02 10 5.5028763E+01 1.9429926E-01 4.9456111E-01 -3.4838795E-02 1.2252988E-02 1.3947475E-02 1.3442895E-02 9.0394513E-04 2.6403586E-04 6.7059245E-03 1.6967495E-04 6.7358255E-03 7.9912924E-02 3.6584790E-02 1.3801672E-04 1.7713867E+00 1.8674495E+01 -4.8341182E-02
3.1381000E+02 2.5927000E+02 8.6700000E+00 3.2800000E+02 10 5.5045161E+01 1.8772147E-01 4.7912401E-01 -3.3015262E-02 1.1880130E-02 1.3959063E-02 1.3456284E-02 9.0071939E-04 2.5199482E-04 6.5069273E-03 1.6906946E-04 6.5613404E-03 7.7153203E-02 3.5474075E-02 1.3513257E-04 1.7867815E+00 1.8658341E+01 -4.6093361E-02
3.1381000E+02 2.5927000E+02 8.6700000E+00 3.2900000E+02 10 5.5042545E+01 1.9784732E-01 5.0351649E-01 -3.2678936E-02 1.3795863E-02 1.5851322E-02 1.5348902E-02 9.0007675E-04 2.6628451E-04 7.4673799E-03 1.6894883E-04 7.5038674E-03 7.6659626E-02 4.1197582E-02 1.6454109E-04 1.9372306E+00 1.8381132E+01 -3.3833480E-02
3.1381000E+02 2.5927000E+02 8.6700000E+00 3.3000000E+02 10 5.5045460E+01 1.9648328E-01 5.0043090E-01 -3.2368376E-02 1.3698138E-02 1.5833859E-02 1.5331795E-02 8.9943752E-04 2.6533463E-04 7.4164407E-03 1.6882885E-04 7.4569191E-03 7.6188575E-02 4.0905887E-02 1.6192779E-04 1.9387469E+00 1.8393260E+01 -3.3629518E-02
3.1381000E+02 2.5927000E+02 8.6700000E+00 3.3500000E+02 10 5.5037603E+01 1.8812341E-01 4.7885211E-01 -3.1709030E-02 1.1270189E-02 1.3855054E-02 1.3354739E-02 8.9630467E-04 2.3667683E-04 6.1869408E-03 1.6824080E-04 6.2705907E-03 7.8947083E-02 3.3655128E-02 1.2764615E-04 1.7124761E+00 1.8741956E+01 -5.3729277E-02
3.1381000E+02 2.5927000E+02 8.6700000E+00 3.4000000E+02 10 5.5009263E+01 1.9907077E-01 5.0013054E-01 -3.1539161E-02 1.1323614E-02 1.3840059E-02 1.3341484E-02 8.9318985E-04 2.3202973E-04 6.2149884E-03 1.6765613E-04 6.2905032E-03 8.4118574E-02 3.3813268E-02 1.3073289E-04 1.6333449E+00 1.8816799E+01 -6.4177974E-02
3.1381000E+02 2.5927000E+02 8.6700000E+00 3.4500000E+02 10 5.4980592E+01 2.1186243E-01 5.2448284E-01 -3.1516989E-02 1.1679048E-02 1.3859391E-02 1.3362563E-02 8.9005948E-04 2.3337734E-04 6.4017279E-03 1.6706854E-04 6.4503863E-03 8.9142672E-02 3.4870785E-02 1.3572587E-04 1.5783122E+00 1.8868496E+01 -7.2895746E-02
3.1381000E+02 2.5927000E+02 8.6700000E+00 3.5000000E+02 10 5.4957605E+01 2.2305842E-01 5.4538704E-01 -3.1493904E-02 1.2113098E-02 1.3884871E-02 1.3389808E-02 8.8689666E-04 2.3774973E-04 6.6295280E-03 1.6647486E-04 6.6469092E-03 9.3067123E-02 3.6162412E-02 1.4058184E-04 1.5440530E+00 1.8900704E+01 -7.9061899E-02
3.1381000E+02 2.5927000E+02 8.6700000E+00 3.5500000E+02 10 5.4940980E+01 2.3173240E-01 5.6127910E-01 -3.1433205E-02 1.2511169E-02 1.3905607E-02 1.3412330E-02 8.8369705E-04 2.4345092E-04 6.8382406E-03 1.6587428E-04 6.8269458E-03 9.5847347E-02 3.7347015E-02 1.4452152E-04 1.5234259E+00 1.8920235E+01 -8.3104350E-02
3.1381000E+02 2.5927000E+02 8.6700000E+00 3.6000000E+02 10 5.4929494E+01 2.3810323E-01 5.7273071E-01 -3.1339786E-02 1.2837542E-02 1.3920052E-02 1.3428580E-02 8.8046383E-04 2.4949440E-04 7.0092324E-03 1.6526739E-04 6.9738479E-03 9.7733485E-02 3.8318304E-02 1.4748134E-04 1.5110550E+00 1.8932047E+01 -8.5670447E-02
3.1381000E+02 2.5927000E+02 8.6700000E+00 3.6500000E+02 10 5.4921673E+01 2.4270187E-01 5.8083611E-01 -3.1227529E-02 1.3092942E-02 1.3929794E-02 1.3440142E-02 8.7720374E-04 2.5534556E-04 7.1429081E-03 1.6465546E-04 7.0879389E-03 9.8996156E-02 3.9078443E-02 1.4963378E-04 1.5035537E+00 1.8939264E+01 -8.7287889E-02
3.1381000E+02 2.5927000E+02 8.6700000E+00 3.7000000E+02 10 5.4916322E+01 2.4603342E-01 5.8659311E-01 -3.1108446E-02 1.3290083E-02 1.3936821E-02 1.3448999E-02 8.7392475E-04 2.6073283E-04 7.2458955E-03 1.6403997E-04 7.1751576E-03 9.9846106E-02 3.9665254E-02 1.5118233E-04 1.4989123E+00 1.8943769E+01 -8.8316358E-02
3.1381000E+02 2.5927000E+02 8.6700000E+00 3.7500000E+02 10 5.4912597E+01 2.4848722E-01 5.9075319E-01 -3.0990571E-02 1.3442997E-02 1.3942662E-02 1.3456676E-02 8.7063469E-04 2.6553277E-04 7.3255054E-03 1.6342241E-04 7.2420607E-03 1.0042883E-01 4.0120483E-02 1.5230364E-04 1.4959630E+00 1.8946650E+01 -8.8983053E-02
3.1381000E+02 2.5927000E+02 8.6700000E+00 3.8000000E+02 10 5.4909934E+01 2.5033938E-01 5.9383887E-01 -3.0878547E-02 1.3563474E-02 1.3948280E-02 1.3464134E-02 8.6734070E-04 2.6971767E-04 7.3878795E-03 1.6280411E-04 7.2941589E-03 1.0083944E-01 4.0479205E-02 1.5312729E-04 1.4940311E+00 1.8948547E+01 -8.9426616E-02
3.1381000E+02 2.5927000E+02 8.6700000E+00 3.8500000E+02 10 5.4907970E+01 2.5177770E-01 5.9619971E-01 -3.0774684E-02 1.3660434E-02 1.3954193E-02 1.3471883E-02 8.6404899E-04 2.7332251E-04 7.4376694E-03 1.6218624E-04 7.3356156E-03 1.0113851E-01 4.0767951E-02 1.5374404E-04 1.4927256E+00 1.8949835E+01 -8.9730563E-02
3.1381000E+02 2.5927000E+02 8.6700000E+00 3.9000000E+02 10 5.4906472E+01 2.5292717E-01 5.9806493E-01 -3.0679838E-02 1.3740249E-02 1.3960615E-02 1.3480139E-02 8.6076489E-04 2.7640972E-04 7.4782079E-03 1.6156980E-04 7.3693983E-03 1.0136432E-01 4.1005680E-02 1.5421650E-04 1.4918158E+00 1.8950742E+01 -8.9945408E-02
3.1381000E+02 2.5927000E+02 8.6700000E+00 3.9500000E+02 10 5.4905292E+01 2.5387046E-01 5.9958386E-01 -3.0594025E-02 1.3807350E-02 1.3967583E-02 1.3488934E-02 8.5749290E-04 2.7905102E-04 7.5118338E-03 1.6095563E-04 7.3975497E-03 1.0154100E-01 4.1205574E-02 1.5458760E-04 1.4911631E+00 1.8951400E+01 -9.0102091E-02
3.1381000E+02 2.5927000E+02 8.6700000E+00 4.0000000E+02 10 5.4904332E+01 2.5466247E-01 6.0085401E-01 -3.0516810E-02 1.3864792E-02 1.3975038E-02 1.3498206E-02 8.5423682E-04 2.8131661E-04 7.5401855E-03 1.6034445E-04 7.4214513E-03 1.0168389E-01 4.1376716E-02 1.5488591E-04 1.4906816E+00 1.8951892E+01 -9.0219913E-02
3.1381000E+02 2.5927000E+02 8.6700000E+00 4.0500000E+02 10 5.4903533E+01 2.5533991E-01 6.0193952E-01 -3.0447543E-02 1.3914671E-02 1.3982876E-02 1.3507850E-02 8.5099988E-04 2.8326948E-04 7.5644032E-03 1.5973686E-04 7.4420367E-03 1.0180288E-01 4.1525339E-02 1.5513020E-04 1.4903164E+00 1.8952269E+01 -9.0311255E-02
3.1381000E+02 2.5927000E+02 8.6700000E+00 4.1000000E+02 10 5.4902852E+01 2.5592804E-01 6.0288357E-01 -3.0385495E-02 1.3958464E-02 1.3990980E-02 1.3517750E-02 8.4778480E-04 2.8496404E-04 7.5853096E-03 1.5913338E-04 7.4599470E-03 1.0190442E-01 4.1655843E-02 1.5533336E-04 1.4900319E+00 1.8952567E+01 -9.0384185E-02
3.1381000E+02 2.5927000E+02 8.6700000E+00 4.1200000E+02 10 5.4895873E+01 2.6966016E-01 6.3096246E-01 -3.0361784E-02 1.6081294E-02 1.5363057E-02 1.4890542E-02 8.4650243E-04 3.0610177E-04 8.6685457E-03 1.5889267E-04 8.4807495E-03 1.0195293E-01 4.7990370E-02 1.8354640E-04 1.5598667E+00 1.8801060E+01 -7.9095876E-02
3.1381000E+02 2.5927000E+02 8.6700000E+00 4.1700000E+02 10 5.4902668E+01 2.5537693E-01 6.0167326E-01 -3.0308707E-02 1.3829735E-02 1.3912969E-02 1.3442230E-02 8.4332153E-04 2.8747359E-04 7.5169300E-03 1.5829560E-04 7.3942352E-03 1.0202497E-01 4.1271532E-02 1.5166043E-04 1.4844259E+00 1.8965735E+01 -9.1386645E-02
3.1381000E+02 2.5927000E+02 8.6700000E+00 4.2200000E+02 10 5.4902166E+01 2.5583391E-01 6.0236376E-01 -3.0261165E-02 1.3862766E-02 1.3911376E-02 1.3442397E-02 8.4016749E-04 2.8723883E-04 7.5321355E-03 1.5770357E-04 7.4072786E-03 1.0210027E-01 4.1369965E-02 1.5345286E-04 1.4841220E+00 1.8962723E+01 -9.1453352E-02
3.1381000E+02 2.5927000E+02 8.6700000E+00 4.2700000E+02 10 5.4901552E+01 2.5657419E-01 6.0360643E-01 -3.0218548E-02 1.3940385E-02 1.3934615E-02 1.3467381E-02 8.3704184E-04 2.8808458E-04 7.5704070E-03 1.5711687E-04 7.4414702E-03 1.0216802E-01 4.1601334E-02 1.5470156E-04 1.4852588E+00 1.8959465E+01 -9.1269908E-02
3.1381000E+02 2.5927000E+02 8.6700000E+00 4.2900000E+02 10 5.4894548E+01 2.7045843E-01 6.3192873E-01 -3.0202252E-02 1.6087023E-02 1.5310122E-02 1.4843583E-02 8.3579621E-04 3.0913863E-04 8.6663228E-03 1.5688306E-04 8.4731925E-03 1.0220444E-01 4.8006766E-02 1.8345524E-04 1.5552973E+00 1.8807831E+01 -7.9845550E-02
3.1381000E+02 2.5927000E+02 8.6700000E+00 4.3000000E+02 10 5.4892388E+01 2.7470487E-01 6.4065455E-01 -3.0194288E-02 1.6741548E-02 1.5753642E-02 1.5287450E-02 8.3517457E-04 3.1685608E-04 8.9999024E-03 1.5676637E-04 8.7880860E-03 1.0221954E-01 4.9959992E-02 1.9018687E-04 1.5787546E+00 1.8751850E+01 -7.6326575E-02
3.1381000E+02 2.5927000E+02 8.6700000E+00 4.3500000E+02 10 5.4900643E+01 2.5802971E-01 6.0691704E-01 -3.0158394E-02 1.4169035E-02 1.4146007E-02 1.3679033E-02 8.3657452E-04 2.9761427E-04 7.6865218E-03 1.5702915E-04 7.5513908E-03 1.0221639E-01 4.2283376E-02 1.5433520E-04 1.4923467E+00 1.8952364E+01 -9.0070873E-02
3.1381000E+02 2.5927000E+02 8.6700000E+00 4.3600000E+02 10 5.4891372E+01 2.7663359E-01 6.4502760E-01 -3.0151472E-02 1.7053319E-02 1.6051293E-02 1.5584217E-02 8.3675872E-04 3.2192719E-04 9.1580559E-03 1.5706373E-04 8.9417950E-03 1.0223371E-01 5.0891017E-02 1.9414420E-04 1.5911418E+00 1.8711736E+01 -7.4526454E-02
3.1381000E+02 2.5927000E+02 8.6700000E+00 4.3700000E+02 10 5.4892100E+01 2.7679196E-01 6.4500140E-01 -2.9948326E-02 1.7099065E-02 1.6089388E-02 1.5622326E-02 8.3673466E-04 3.2555197E-04 9.1816913E-03 1.5705921E-04 8.9633767E-03 1.0207192E-01 5.1027265E-02 1.9254544E-04 1.5933639E+00 1.8719113E+01 -7.4141672E-02
3.1381000E+02 2.5927000E+02 8.6700000E+00 4.3800000E+02 10 5.4894816E+01 2.7650576E-01 6.4325829E-01 -2.9324660E-02 1.7121882E-02 1.6115211E-02 1.5648227E-02 8.3659390E-04 3.2826789E-04 9.1933805E-03 1.5703279E-04 8.9740285E-03 1.0155536E-01 5.1095162E-02 1.9137626E-04 1.5957501E+00 1.8723353E+01 -7.3579331E-02
3.1381000E+02 2.5927000E+02 8.6700000E+00 4.4300000E+02 10 5.4954355E+01 2.5249692E-01 5.7170061E-01 -1.7929376E-02 1.4595358E-02 1.4455390E-02 1.3991434E-02 8.3116849E-04 3.0550441E-04 7.8998028E-03 1.5601441E-04 7.7533957E-03 9.1991403E-02 4.3555533E-02 1.5803047E-04 1.5271936E+00 1.8909538E+01 -7.9318089E-02
3.1381000E+02 2.5927000E+02 8.6700000E+00 4.4400000E+02 10 5.4957222E+01 2.6827603E-01 5.9945062E-01 -1.5365294E-02 1.7333925E-02 1.6348241E-02 1.5884844E-02 8.3016725E-04 3.2742331E-04 9.2936032E-03 1.5582648E-04 9.0759594E-03 8.9852746E-02 5.1729655E-02 1.9541286E-04 1.6409116E+00 1.8646934E+01 -6.2619471E-02
3.1381000E+02 2.5927000E+02 8.6700000E+00 4.4500000E+02 10 5.4969852E+01 2.6644502E-01 5.9034220E-01 -1.2565184E-02 1.7353589E-02 1.6385580E-02 1.5922658E-02 8.2931609E-04 3.2986081E-04 9.3027423E-03 1.5566671E-04 9.0851617E-03 8.7498281E-02 5.1788405E-02 1.9383821E-04 1.6502882E+00 1.8647605E+01 -6.0523341E-02
3.1381000E+02 2.5927000E+02 8.6700000E+00 4.5000000E+02 10 5.5035356E+01 2.4293853E-01 5.1722426E-01 2.7527932E-04 1.5084581E-02 1.4936488E-02 1.4475001E-02 8.2674705E-04 3.1092310E-04 8.1423440E-03 1.5518449E-04 7.9908089E-03 7.6674849E-02 4.5017148E-02 1.6362828E-04 1.5873237E+00 1.8833344E+01 -6.3707224E-02
3.1381000E+02 2.5927000E+02 8.6700000E+00 4.5300000E+02 10 5.5063368E+01 2.4672935E-01 5.1227270E-01 7.4107478E-03 1.6495075E-02 1.6087614E-02 1.5626918E-02 8.2532879E-04 3.2271071E-04 8.8553786E-03 1.5491827E-04 8.6764120E-03 7.0674055E-02 4.9228921E-02 1.8188304E-04 1.6782292E+00 1.8676168E+01 -5.0722198E-02
3.1381000E+02 2.5927000E+02 8.6700000E+00 4.5400000E+02 10 5.5070227E+01 2.5235853E-01 5.2051168E-01 9.7170453E-03 1.7672238E-02 1.7081962E-02 1.6621531E-02 8.2485400E-04 3.3146422E-04 9.4500753E-03 1.5482915E-04 9.2502031E-03 6.8737511E-02 5.2744399E-02 1.9497506E-04 1.7586674E+00 1.8500539E+01 -4.2358979E-02
3.1381000E+02 2.5927000E+02 8.6700000E+00 4.5900000E+02 10 5.5125912E+01 2.2741840E-01 4.4885192E-01 2.0060193E-02 1.4874432E-02 1.5230650E-02 1.4772343E-02 8.2104940E-04 3.0481799E-04 8.0201254E-03 1.5411501E-04 7.8984678E-03 6.0034846E-02 4.4393964E-02 1.5929265E-04 1.6410999E+00 1.8783203E+01 -5.0277527E-02
3.1381000E+02 2.5927000E+02 8.6700000E+00 4.6400000E+02 10 5.5161588E+01 2.1985931E-01 4.1963721E-01 2.7696193E-02 1.4566892E-02 1.5252956E-02 1.4796373E-02 8.1796056E-04 2.9510558E-04 7.8550783E-03 1.5353522E-04 7.7550131E-03 5.3628446E-02 4.3478141E-02 1.5777373E-04 1.6549123E+00 1.8767739E+01 -4.6237153E-02
3.1381000E+02 2.5927000E+02 8.6700000E+00 4.6900000E+02 10 5.5187321E+01 2.1437130E-01 3.9865970E-01 3.3208616E-02 1.4345539E-02 1.5301803E-02 1.4846677E-02 8.1535065E-04 2.8613646E-04 7.7356224E-03 1.5304533E-04 7.6518319E-03 4.9013148E-02 4.2818882E-02 1.5665205E-04 1.6664596E+00 1.8754272E+01 -4.3276167E-02
3.1381000E+02 2.5927000E+02 8.6700000E+00 4.7400000E+02 10 5.5206076E+01 2.1021460E-01 3.8321458E-01 3.7217049E-02 1.4161975E-02 1.5351959E-02 1.4898230E-02 8.1284827E-04 2.7773801E-04 7.6366729E-03 1.5257562E-04 7.5655834E-03 4.5667624E-02 4.2271986E-02 1.5553613E-04 1.6746336E+00 1.8744882E+01 -4.1209576E-02
3.1381000E+02 2.5927000E+02 8.6700000E+00 4.7900000E+02 10 5.5219999E+01 2.0695835E-01 3.7152531E-01 4.0181584E-02 1.3999455E-02 1.5392238E-02 1.4939922E-02 8.1031719E-04 2.7000354E-04 7.5498398E-03 1.5210052E-04 7.4879061E-03 4.3203718E-02 4.1787591E-02 1.5443224E-04 1.6796619E+00 1.8739228E+01 -3.9805745E-02
3.1381000E+02 2.5927000E+02 8.6700000E+00 4.8100000E+02 10 5.5220011E+01 2.1562712E-01 3.8964981E-01 4.1225752E-02 1.5598085E-02 1.6763956E-02 1.6312210E-02 8.0929617E-04 2.7984289E-04 8.3578784E-03 1.5190887E-04 8.2659053E-03 4.2347446E-02 4.6561179E-02 1.7609776E-04 1.8082533E+00 1.8519050E+01 -2.9906113E-02
3.1381000E+02 2.5927000E+02 8.6700000E+00 4.8200000E+02 10 5.5220927E+01 2.1785715E-01 3.9425107E-01 4.1715349E-02 1.6049353E-02 1.7210242E-02 1.6758782E-02 8.0878325E-04 2.8216017E-04 8.5847800E-03 1.5181259E-04 8.4864926E-03 4.1944112E-02 4.7908873E-02 1.8084787E-04 1.8558853E+00 1.8432576E+01 -2.6866352E-02
3.1381000E+02 2.5927000E+02 8.6700000E+00 4.8700000E+02 10 5.5237911E+01 2.0020409E-01 3.5178851E-01 4.3705178E-02 1.3354295E-02 1.5160367E-02 1.4710575E-02 8.0579444E-04 2.5675857E-04 7.2171259E-03 1.5125158E-04 7.1740394E-03 4.0292240E-02 3.9862038E-02 1.4585453E-04 1.6576566E+00 1.8778352E+01 -4.0565489E-02
3.1381000E+02 2.5927000E+02 8.6700000E+00 4.9200000E+02 10 5.5245566E+01 1.9764554E-01 3.4362115E-01 4.5260074E-02 1.3118606E-02 1.5025622E-02 1.4577387E-02 8.0300501E-04 2.4883780E-04 7.0972080E-03 1.5072799E-04 7.0561774E-03 3.9020347E-02 3.9158664E-02 1.4581200E-04 1.6491958E+00 1.8784785E+01 -4.0789540E-02
3.1381000E+02 2.5927000E+02 8.6700000E+00 4.9700000E+02 10 5.5251351E+01 1.9623651E-01 3.3822166E-01 4.6504333E-02 1.3018005E-02 1.4949742E-02 1.4502985E-02 8.0035767E-04 2.4367363E-04 7.0469534E-03 1.5023107E-04 7.0027212E-03 3.8008627E-02 3.8858116E-02 1.4621685E-04 1.6470249E+00 1.8784899E+01 -4.0562077E-02
3.1381000E+02 2.5927000E+02 8.6700000E+00 5.0200000E+02 10 5.5255986E+01 1.9527691E-01 3.3414909E-01 4.7526815E-02 1.2961633E-02 1.4900227E-02 1.4454933E-02 7.9773564E-04 2.3991685E-04 7.0190140E-03 1.4973890E-04 6.9708670E-03 3.7182797E-02 3.8689558E-02 1.4642634E-04 1.6466251E+00 1.8784022E+01 -4.0254838E-02
3.1381000E+02 2.5927000E+02 8.6700000E+00 5.0500000E+02 10 5.5255145E+01 2.0143060E-01 3.4693738E-01 4.8074989E-02 1.4055977E-02 1.5749600E-02 1.5305185E-02 7.9616180E-04 2.4805384E-04 7.5749406E-03 1.4944349E-04 7.4989444E-03 3.6748725E-02 4.1956353E-02 1.6174447E-04 1.7245897E+00 1.8658165E+01 -3.3799107E-02
3.1381000E+02 2.5927000E+02 8.6700000E+00 5.0600000E+02 10 5.5252843E+01 2.0748684E-01 3.6051727E-01 4.8250944E-02 1.5106774E-02 1.6634178E-02 1.6190057E-02 7.9563695E-04 2.5491701E-04 8.1066353E-03 1.4934497E-04 8.0099906E-03 3.6613444E-02 4.5094114E-02 1.7530208E-04 1.8152779E+00 1.8494502E+01 -2.7678837E-02
3.1381000E+02 2.5927000E+02 8.6700000E+00 5.1100000E+02 10 5.5264153E+01 1.9120459E-01 3.2268748E-01 4.9049565E-02 1.2463071E-02 1.4560108E-02 1.4117799E-02 7.9238838E-04 2.3219702E-04 6.7650861E-03 1.4873520E-04 6.7220986E-03 3.5964888E-02 3.7200700E-02 1.3926392E-04 1.6211620E+00 1.8824411E+01 -4.2034934E-02
3.1381000E+02 2.5927000E+02 8.6700000E+00 5.1600000E+02 10 5.5267397E+01 1.9017896E-01 3.1883273E-01 4.9732076E-02 1.2346836E-02 1.4408950E-02 1.3968253E-02 7.8950075E-04 2.2812368E-04 6.7067520E-03 1.4819317E-04 6.6608732E-03 3.5426423E-02 3.6853498E-02 1.4028729E-04 1.6145362E+00 1.8828474E+01 -4.2407249E-02
3.1381000E+02 2.5927000E+02 8.6700000E+00 5.2100000E+02 10 5.5269912E+01 1.8987318E-01 3.1658773E-01 5.0324217E-02 1.2330341E-02 1.4319873E-02 1.3880668E-02 7.8682901E-04 2.2612711E-04 6.6994527E-03 1.4769167E-04 6.6477945E-03 3.4961555E-02 3.6803789E-02 1.4130449E-04 1.6133318E+00 1.8827560E+01 -4.2310656E-02
3.1381000E+02 2.5927000E+02 8.6700000E+00 5.2600000E+02 10 5.5272058E+01 1.8972067E-01 3.1486778E-01 5.0845543E-02 1.2333352E-02 1.4258027E-02 1.3820276E-02 7.8422303E-04 2.2493005E-04 6.7016393E-03 1.4720252E-04 6.6447238E-03 3.4554970E-02 3.6812389E-02 1.4189264E-04 1.6133524E+00 1.8826328E+01 -4.2127433E-02
3.1381000E+02 2.5927000E+02 8.6700000E+00 5.3100000E+02 10 5.5273971E+01 1.8955502E-01 3.1331327E-01 5.1308937E-02 1.2332166E-02 1.4207057E-02 1.3770748E-02 7.8163910E-04 2.2400012E-04 6.7012597E-03 1.4671750E-04 6.6401405E-03 3.4196244E-02 3.6808572E-02 1.4213460E-04 1.6132509E+00 1.8825853E+01 -4.1977707E-02
3.1381000E+02 2.5927000E+02 8.6700000E+00 5.3600000E+02 10 5.5275697E+01 1.8936130E-01 3.1185156E-01 5.1723707E-02 1.2324403E-02 1.4160906E-02 1.3726029E-02 7.7907455E-04 2.2315262E-04 6.6972636E-03 1.4623612E-04 6.6327097E-03 3.3877650E-02 3.6785195E-02 1.4218838E-04 1.6128161E+00 1.8826037E+01 -4.1876858E-02
3.1381000E+02 2.5927000E+02 8.6700000E+00 5.4100000E+02 10 5.5277258E+01 1.8915799E-01 3.1048550E-01 5.2097021E-02 1.2312669E-02 1.4117751E-02 1.3684291E-02 7.7653633E-04 2.2235448E-04 6.6910899E-03 1.4575969E-04 6.6235708E-03 3.3593165E-02 3.6750001E-02 1.4215813E-04 1.6121427E+00 1.8826605E+01 -4.1813026E-02
3.1381000E+02 2.5927000E+02 8.6700000E+00 5.4600000E+02 10 5.5278669E+01 1.8896158E-01 3.0922484E-01 5.2434630E-02 1.2299492E-02 1.4077166E-02 1.3645104E-02 7.7403087E-04 2.2159924E-04 6.6840870E-03 1.4528940E-04 6.6138848E-03 3.3337948E-02 3.6710520E-02 1.4209717E-04 1.6113503E+00 1.8827355E+01 -4.1772880E-02
3.1381000E+02 2.5927000E+02 8.6700000E+00 5.5100000E+02 10 5.5279946E+01 1.8878071E-01 3.0807148E-01 5.2741271E-02 1.2286395E-02 1.4039058E-02 1.3608375E-02 7.7156203E-04 2.2089055E-04 6.6770674E-03 1.4482599E-04 6.6043512E-03 3.3108023E-02 3.6671286E-02 1.4202909E-04 1.6105196E+00 1.8828170E+01 -4.1747210E-02
3.1381000E+02 2.5927000E+02 8.6700000E+00 5.5600000E+02 10 5.5281103E+01 1.8861869E-01 3.0702098E-01 5.3020905E-02 1.2274137E-02 1.4003354E-02 1.3574027E-02 7.6913145E-04 2.2024274E-04 6.6704353E-03 1.4436976E-04 6.5953201E-03 3.2900078E-02 3.6634564E-02 1.4196337E-04 1.6096959E+00 1.8828989E+01 -4.1730410E-02
3.1381000E+02 2.5927000E+02 8.6700000E+00 5.6100000E+02 10 5.5282154E+01 1.8847590E-01 3.0606555E-01 5.3276881E-02 1.2263020E-02 1.3969927E-02 1.3541935E-02 7.6673927E-04 2.1965622E-04 6.6643544E-03 1.4392073E-04 6.5869263E-03 3.2711326E-02 3.6601251E-02 1.4190305E-04 1.6089011E+00 1.8829784E+01 -4.1719269E-02
3.1381000E+02 2.5927000E+02 8.6700000E+00 5.6600000E+02 10 5.5283112E+01 1.8835118E-01 3.0519607E-01 5.3512049E-02 1.2253103E-02 1.3938614E-02 1.3511937E-02 7.6438479E-04 2.1912880E-04 6.6588697E-03 1.4347879E-04 6.5791828E-03 3.2539404E-02 3.6571524E-02 1.4184866E-04 1.6081439E+00 1.8830543E+01 -4.1711985E-02
3.1381000E+02 2.5927000E+02 8.6700000E+00 5.7100000E+02 10 5.5283987E+01 1.8824295E-01 3.0440354E-01 5.3728846E-02 1.2244340E-02 1.3909234E-02 1.3483850E-02 7.6206685E-04 2.1865680E-04 6.6539598E-03 1.4304370E-04 6.5720628E-03 3.2382297E-02 3.6545245E-02 1.4179973E-04 1.6074263E+00 1.8831265E+01 -4.1707506E-02
3.1381000E+02 2.5927000E+02 8.6700000E+00 5.7600000E+02 10 5.5284789E+01 1.8814948E-01 3.0367962E-01 5.3929367E-02 1.2236641E-02 1.3881603E-02 1.3457494E-02 7.5978410E-04 2.1823572E-04 6.6495785E-03 1.4261521E-04 6.5655221E-03 3.2238275E-02 3.6522147E-02 1.4175563E-04 1.6067472E+00 1.8831948E+01 -4.1705187E-02
3.1381000E+02 2.5927000E+02 8.6700000E+00 5.8100000E+02 10 5.5285526E+01 1.8806880E-01 3.0301639E-01 5.4115419E-02 1.2229880E-02 1.3855547E-02 1.3432693E-02 7.5753519E-04 2.1786062E-04 6.6456732E-03 1.4219308E-04 6.5594852E-03 3.2105852E-02 3.6501850E-02 1.4171565E-04 1.6061031E+00 1.8832598E+01 -4.1704713E-02
3.1381000E+02 2.5927000E+02 8.6700000E+00 5.8200000E+02 10 5.5278552E+01 2.0236030E-01 3.3443299E-01 5.4152065E-02 1.4603057E-02 1.5644865E-02 1.5222262E-02 7.5708675E-04 2.3538776E-04 7.8515948E-03 1.4210891E-04 7.7088895E-03 3.2094093E-02 4.3586945E-02 1.7535757E-04 1.7777482E+00 1.8528949E+01 -2.8530158E-02
3.1381000E+02 2.5927000E+02 8.6700000E+00 5.8700000E+02 10 5.5286635E+01 1.8721115E-01 3.0097162E-01 5.4291161E-02 1.2113199E-02 1.3791338E-02 1.3369027E-02 7.5656380E-04 2.1812436E-04 6.5860838E-03 1.4201075E-04 6.5017671E-03 3.1971415E-02 3.6153296E-02 1.3894243E-04 1.6000557E+00 1.8844053E+01 -4.2212107E-02
3.1381000E+02 2.5927000E+02 8.6700000E+00 5.9200000E+02 10 5.5287259E+01 1.8709216E-01 3.0029247E-01 5.4439086E-02 1.2099875E-02 1.3753982E-02 1.3332286E-02 7.5546227E-04 2.1741212E-04 6.5797131E-03 1.4180398E-04 6.4933477E-03 3.1862473E-02 3.6113502E-02 1.3976761E-04 1.5989055E+00 1.8843149E+01 -4.2268520E-02
3.1381000E+02 2.5927000E+02 8.6700000E+00 5.9700000E+02 10 5.5287710E+01 1.8727741E-01 3.0016586E-01 5.4583308E-02 1.2127566E-02 1.3735229E-02 1.3314295E-02 7.5409525E-04 2.1733661E-04 6.5944619E-03 1.4154739E-04 6.5040699E-03 3.1758570E-02 3.6195995E-02 1.4047208E-04 1.5998689E+00 1.8840675E+01 -4.2129297E-02
3.1381000E+02 2.5927000E+02 8.6700000E+00 6.0200000E+02 10 5.5288123E+01 1.8746725E-01 3.0010284E-01 5.4719364E-02 1.2156450E-02 1.3724961E-02 1.3304863E-02 7.5259848E-04 2.1739756E-04 6.6095231E-03 1.4126644E-04 6.5154979E-03 3.1662045E-02 3.6282083E-02 1.4087931E-04 1.6010386E+00 1.8838635E+01 -4.1975296E-02
3.1381000E+02 2.5927000E+02 8.6700000E+00 6.0700000E+02 10 5.5288537E+01 1.8758387E-01 2.9995569E-01 5.4846930E-02 1.2175545E-02 1.3716448E-02 1.3297211E-02 7.5105607E-04 2.1739442E-04 6.6193054E-03 1.4097692E-04 6.5224500E-03 3.1572578E-02 3.6339001E-02 1.4105154E-04 1.6018024E+00 1.8837447E+01 -4.1863155E-02
3.1381000E+02 2.5927000E+02 8.6700000E+00 6.1200000E+02 10 5.5288952E+01 1.8763617E-01 2.9972408E-01 5.4966765E-02 1.2185612E-02 1.3707059E-02 1.3288684E-02 7.4951228E-04 2.1730817E-04 6.6243130E-03 1.4068714E-04 6.5252280E-03 3.1489308E-02 3.6368998E-02 1.4109477E-04 1.6021378E+00 1.8836920E+01 -4.1793970E-02
3.1381000E+02 2.5927000E+02 8.6700000E+00 6.1700000E+02 10 5.5289359E+01 1.8764925E-01 2.9944128E-01 5.5079795E-02 1.2189823E-02 1.3696205E-02 1.3278685E-02 7.4797953E-04 2.1715831E-04 6.6262436E-03 1.4039944E-04 6.5252899E-03 3.1411441E-02 3.6381521E-02 1.4107979E-04 1.6021700E+00 1.8836805E+01 -4.1755403E-02
3.1381000E+02 2.5927000E+02 8.6700000E+00 6.2200000E+02 10 5.5289753E+01 1.8764285E-01 2.9913633E-01 5.5186838E-02 1.2190800E-02 1.3684050E-02 1.3267381E-02 7.4645479E-04 2.1697296E-04 6.6265043E-03 1.4011324E-04 6.5238217E-03 3.1338353E-02 3.6384388E-02 1.4104312E-04 1.6020168E+00 1.8836925E+01 -4.1736088E-02
3.1381000E+02 2.5927000E+02 8.6700000E+00 6.2700000E+02 10 5.5290128E+01 1.8762864E-01 2.9882748E-01 5.5288552E-02 1.2190179E-02 1.3670954E-02 1.3255136E-02 7.4493065E-04 2.1678912E-04 6.6259441E-03 1.3982715E-04 6.5215862E-03 3.1269563E-02 3.6382479E-02 1.4100126E-04 1.6017584E+00 1.8837170E+01 -4.1728374E-02
3.1381000E+02 2.5927000E+02 8.6700000E+00 6.3200000E+02 10 5.5290485E+01 1.8761318E-01 2.9852510E-01 5.5385465E-02 1.2188895E-02 1.3657264E-02 1.3242300E-02 7.4340052E-04 2.1662051E-04 6.6250455E-03 1.3953993E-04 6.5190190E-03 3.1204687E-02 3.6378583E-02 1.4096067E-04 1.6014437E+00 1.8837483E+01 -4.1727548E-02
3.1381000E+02 2.5927000E+02 8.6700000E+00 6.3700000E+02 10 5.5290823E+01 1.8759952E-01 2.9823423E-01 5.5478002E-02 1.2187431E-02 1.3643255E-02 1.3229151E-02 7.4186028E-04 2.1647298E-04 6.6240398E-03 1.3925082E-04 6.5163629E-03 3.1143402E-02 3.6374143E-02 1.4092345E-04 1.6011006E+00 1.8837828E+01 -4.1730886E-02
3.1381000E+02 2.5927000E+02 8.6700000E+00 6.4200000E+02 10 5.5291143E+01 1.8758898E-01 2.9795701E-01 5.5566525E-02 1.2186026E-02 1.3629132E-02 1.3215894E-02 7.4030826E-04 2.1634786E-04 6.6230481E-03 1.3895950E-04 6.5137341E-03 3.1085421E-02 3.6369879E-02 1.4088980E-04 1.6007451E+00 1.8838189E+01 -4.1736801E-02
3.1381000E+02 2.5927000E+02 8.6700000E+00 6.4700000E+02 10 5.5291446E+01 1.8758185E-01 2.9769385E-01 5.5651341E-02 1.2184780E-02 1.3615031E-02 1.3202666E-02 7.3874464E-04 2.1624416E-04 6.6221237E-03 1.3866600E-04 6.5111770E-03 3.1030489E-02 3.6366084E-02 1.4085939E-04 1.6003856E+00 1.8838555E+01 -4.1744417E-02
3.1381000E+02 2.5927000E+02 8.6700000E+00 6.5000000E+02 10 5.5288139E+01 1.9457785E-01 3.1287494E-01 5.5700959E-02 1.3346043E-02 1.4450355E-02 1.4038516E-02 7.3780253E-04 2.2710445E-04 7.2139636E-03 1.3848916E-04 7.0704415E-03 3.1005483E-02 3.9832216E-02 1.5687139E-04 1.6750068E+00 1.8719170E+01 -3.5371550E-02
