x y z_datum Time Well_no H2O H O Charge Al C Ca Cl Fe K Mg Na S Si U pH pe Alkalinity
3.1381000E+02 2.5927000E+02 8.6700000E+00 0.0000000E+00 10 9.9704301E-01 7.2098600E-06 6.6484776E-04 -3.2324431E-06 0.0000000E+00 1.0067647E-04 6.3262499E-05 4.3211171E-04 0.0000000E+00 2.8240956E-04 5.5605062E-05 2.2967748E-04 1.4127542E-04 0.0000000E+00 0.0000000E+00 7.0300000E+00 1.1068788E+01 7.1999443E-03
3.1381000E+02 2.5927000E+02 8.6700000E+00 5.0000000E+00 10 5.5329737E+01 1.8051889E-02 6.0556737E-02 -3.0472005E-03 0.0000000E+00 7.3798430E-03 1.3897678E-03 1.0731119E-02 0.0000000E+00 6.3595071E-03 2.0142837E-03 8.7959988E-03 9.8565243E-03 0.0000000E+00 0.0000000E+00 2.4700644E+00 1.7902394E+01 -5.4501270E-03
3.1381000E+02 2.5927000E+02 8.6700000E+00 1.0000000E+01 10 5.5312327E+01 3.0569948E-02 1.0159590E-01 -2.7719804E-03 1.0184193E-03 8.0486768E-03 3.2670819E-03 8.5661464E-03 1.4301595E-05 5.5774811E-03 1.6079078E-03 7.5334932E-03 1.7968354E-02 3.0454714E-03 1.4370969E-05 2.0492342E+00 1.8366991E+01 -1.5826703E-02
3.1381000E+02 2.5927000E+02 8.6700000E+00 1.5000000E+01 10 5.5289972E+01 5.4991356E-02 1.5020823E-01 -2.5213750E-03 2.6345017E-03 8.3957742E-03 4.7145777E-03 6.5948013E-03 3.4919086E-05 5.2162760E-03 1.2378766E-03 6.7167818E-03 2.5355224E-02 7.8740911E-03 3.6698524E-05 1.9143538E+00 1.8522263E+01 -2.3023909E-02
3.1381000E+02 2.5927000E+02 8.6700000E+00 2.0000000E+01 10 5.5270886E+01 7.7350330E-02 1.9149251E-01 -2.3259576E-03 4.1277086E-03 8.6167474E-03 5.7936211E-03 5.0575831E-03 5.6457100E-05 5.0567217E-03 9.4933322E-04 6.1884854E-03 3.1115835E-02 1.2333688E-02 5.7302888E-05 1.8510310E+00 1.8595599E+01 -2.7796033E-02
3.1381000E+02 2.5927000E+02 8.6700000E+00 2.5000000E+01 10 5.5256529E+01 9.4529310E-02 2.2294321E-01 -2.1833712E-03 5.3224179E-03 8.7950538E-03 6.5980184E-03 3.9359519E-03 7.5489862E-05 4.9954897E-03 7.3879753E-04 5.8518658E-03 3.5319357E-02 1.5900880E-02 7.3658496E-05 1.8186208E+00 1.8633019E+01 -3.0819113E-02
3.1381000E+02 2.5927000E+02 8.6700000E+00 3.0000000E+01 10 5.5246130E+01 1.0712298E-01 2.4604331E-01 -2.0819283E-03 6.2267209E-03 8.9561202E-03 7.2045164E-03 3.1379686E-03 9.0993858E-05 4.9802859E-03 5.8901213E-04 5.6377765E-03 3.8310120E-02 1.8600588E-02 8.5823299E-05 1.8016762E+00 1.8652533E+01 -3.2681746E-02
3.1381000E+02 2.5927000E+02 8.6700000E+00 3.5000000E+01 10 5.5238684E+01 1.1620003E-01 2.6282284E-01 -2.0100145E-03 6.8956705E-03 9.1053921E-03 7.6695589E-03 2.5722708E-03 1.0305675E-04 4.9838946E-03 4.8282788E-04 5.4992363E-03 4.0430406E-02 2.0597545E-02 9.4614009E-05 1.7928199E+00 1.8662743E+01 -3.3819136E-02
3.1381000E+02 2.5927000E+02 8.6700000E+00 4.0000000E+01 10 5.5233336E+01 1.2273790E-01 2.7504779E-01 -1.9585845E-03 7.3876402E-03 9.2431104E-03 8.0331045E-03 2.1677052E-03 1.1223281E-04 4.9933268E-03 4.0688892E-04 5.4067631E-03 4.1946823E-02 2.2066166E-02 1.0090884E-04 1.7882781E+00 1.8668029E+01 -3.4515678E-02
3.1381000E+02 2.5927000E+02 8.6700000E+00 4.5000000E+01 10 5.5229451E+01 1.2748555E-01 2.8405303E-01 -1.9212144E-03 7.7509048E-03 9.3689699E-03 8.3230548E-03 1.8737392E-03 1.1915493E-04 5.0029637E-03 3.5171007E-04 5.3425500E-03 4.3048730E-02 2.3150613E-02 1.0542902E-04 1.7860571E+00 1.8670679E+01 -3.4946742E-02
3.1381000E+02 2.5927000E+02 8.6700000E+00 5.0000000E+01 10 5.5226585E+01 1.3097794E-01 2.9078878E-01 -1.8935223E-03 8.0216812E-03 9.4831825E-03 8.5588620E-03 1.6559046E-03 1.2436473E-04 5.0107394E-03 3.1082144E-04 5.2959329E-03 4.3865300E-02 2.3959000E-02 1.0870647E-04 1.7850827E+00 1.8671906E+01 -3.5217823E-02
3.1381000E+02 2.5927000E+02 8.6700000E+00 5.5000000E+01 10 5.5224434E+01 1.3358532E-01 2.9591373E-01 -1.8725653E-03 8.2259486E-03 9.5864583E-03 8.7541594E-03 1.4910496E-03 1.2830390E-04 5.0161538E-03 2.7987734E-04 5.2604955E-03 4.4483297E-02 2.4568868E-02 1.1111383E-04 1.7847689E+00 1.8672381E+01 -3.5391927E-02
3.1381000E+02 2.5927000E+02 8.6700000E+00 6.0000000E+01 10 5.5222791E+01 1.3556220E-01 2.9988171E-01 -1.8563681E-03 8.3820465E-03 9.6797684E-03 8.9185905E-03 1.3636373E-03 1.3131240E-04 5.0193449E-03 2.5596142E-04 5.2323537E-03 4.4960950E-02 2.5034950E-02 1.1290901E-04 1.7847946E+00 1.8672460E+01 -3.5506679E-02
3.1381000E+02 2.5927000E+02 8.6700000E+00 6.5000000E+01 10 5.5221513E+01 1.3708409E-01 3.0300679E-01 -1.8435944E-03 8.5029085E-03 9.7641459E-03 9.0590569E-03 1.2631551E-03 1.3364884E-04 5.0206705E-03 2.3710042E-04 5.2091355E-03 4.5337661E-02 2.5395846E-02 1.1426794E-04 1.7849843E+00 1.8672340E+01 -3.5584651E-02
3.1381000E+02 2.5927000E+02 8.6700000E+00 6.6000000E+01 10 5.5215584E+01 1.4880352E-01 3.3124031E-01 -1.8411668E-03 1.0516157E-02 1.1771316E-02 1.1076886E-02 1.2440590E-03 1.5166611E-04 6.0169841E-03 2.3351599E-04 6.1866090E-03 4.5426027E-02 3.1410606E-02 1.4588930E-04 1.9801371E+00 1.8363199E+01 -2.3562263E-02
3.1381000E+02 2.5927000E+02 8.6700000E+00 6.7000000E+01 10 5.5215398E+01 1.4898561E-01 3.3155036E-01 -1.8388576E-03 1.0520934E-02 1.1763398E-02 1.1079108E-02 1.2258931E-03 1.5355978E-04 6.0093072E-03 2.3010616E-04 6.1731996E-03 4.5493089E-02 3.1424522E-02 1.4389554E-04 1.9778458E+00 1.8377850E+01 -2.3692515E-02
3.1381000E+02 2.5927000E+02 8.6700000E+00 7.2000000E+01 10 5.5217691E+01 1.3853633E-01 3.0630853E-01 -1.8011331E-03 8.4467962E-03 9.7350204E-03 9.0918406E-03 1.1522458E-03 1.3528731E-04 4.9267589E-03 2.1628220E-04 5.0905801E-03 4.6243982E-02 2.5228068E-02 1.1126695E-04 1.7603745E+00 1.8848043E+01 -3.7703554E-02
3.1381000E+02 2.5927000E+02 8.6700000E+00 7.7000000E+01 10 5.5212493E+01 1.4121324E-01 3.1211295E-01 -1.7533879E-03 8.5668622E-03 9.7828844E-03 9.1736071E-03 1.0915100E-03 1.4850584E-04 4.9522058E-03 2.0488179E-04 5.0984039E-03 4.7191334E-02 2.5586225E-02 1.3765024E-04 1.7474236E+00 1.8926213E+01 -3.8995462E-02
3.1381000E+02 2.5927000E+02 8.6700000E+00 8.2000000E+01 10 5.5207476E+01 1.4417586E-01 3.1841897E-01 -1.7099226E-03 8.7556482E-03 9.8664205E-03 9.2855438E-03 1.0406308E-03 1.6715522E-04 5.0188696E-03 1.9533152E-04 5.1470298E-03 4.8057275E-02 2.6149298E-02 1.6957458E-04 1.7410755E+00 1.8967018E+01 -3.9758653E-02
3.1381000E+02 2.5927000E+02 8.6700000E+00 8.7000000E+01 10 5.5203412E+01 1.4671991E-01 3.2383339E-01 -1.6753781E-03 8.9343436E-03 9.9538538E-03 9.3971144E-03 9.9738925E-04 1.8526360E-04 5.0848937E-03 1.8721487E-04 5.1970823E-03 4.8755308E-02 2.6682281E-02 1.9818340E-04 1.7379686E+00 1.8989505E+01 -4.0217041E-02
3.1381000E+02 2.5927000E+02 8.6700000E+00 9.1000000E+01 10 5.5199365E+01 1.5133536E-01 3.3426561E-01 -1.6534454E-03 9.5564108E-03 1.0470801E-02 9.9311352E-03 9.6680223E-04 2.0933897E-04 5.3808751E-03 1.8147353E-04 5.4755628E-03 4.9220958E-02 2.8539664E-02 2.3476100E-04 1.7728821E+00 1.8959942E+01 -3.7533342E-02
3.1381000E+02 2.5927000E+02 8.6700000E+00 9.2000000E+01 10 5.5194320E+01 1.6068746E-01 3.5642697E-01 -1.6483112E-03 1.1126087E-02 1.1957293E-02 1.1421763E-02 9.5939299E-04 2.4676666E-04 6.1640071E-03 1.8008278E-04 6.2415765E-03 4.9381493E-02 3.3228558E-02 2.9891665E-04 1.9070892E+00 1.8810880E+01 -2.8401836E-02
3.1381000E+02 2.5927000E+02 8.6700000E+00 9.7000000E+01 10 5.5194478E+01 1.5004775E-01 3.3197010E-01 -2.0928507E-03 9.0029746E-03 9.9643831E-03 9.4468878E-03 9.2708408E-04 2.0939577E-04 5.0801520E-03 1.7401824E-04 5.1702073E-03 5.0443588E-02 2.6886251E-02 2.2885885E-04 1.7141896E+00 1.9042062E+01 -4.2793875E-02
3.1381000E+02 2.5927000E+02 8.6700000E+00 1.0200000E+02 10 5.5186784E+01 1.5306640E-01 3.3952316E-01 -2.7328015E-03 9.1484395E-03 1.0017849E-02 9.5162503E-03 8.9860547E-04 2.2165623E-04 5.1383269E-03 1.6867267E-04 5.2159550E-03 5.1798257E-02 2.7319995E-02 2.4881757E-04 1.7043887E+00 1.9064654E+01 -4.4127880E-02
3.1381000E+02 2.5927000E+02 8.6700000E+00 1.0700000E+02 10 5.5179735E+01 1.5613282E-01 3.4699007E-01 -3.3266818E-03 9.3355005E-03 1.0094415E-02 9.6069612E-03 8.7326474E-04 2.3449282E-04 5.2196110E-03 1.6391609E-04 5.2842515E-03 5.3008777E-02 2.7877788E-02 2.6723572E-04 1.6992929E+00 1.9079060E+01 -4.5008144E-02
3.1381000E+02 2.5927000E+02 8.6700000E+00 1.1200000E+02 10 5.5174148E+01 1.5869518E-01 3.5316703E-01 -3.7930270E-03 9.5053799E-03 1.0170150E-02 9.6953878E-03 8.5052751E-04 2.4621090E-04 5.2934460E-03 1.5964820E-04 5.3466605E-03 5.3964171E-02 2.8384372E-02 2.8268478E-04 1.6966601E+00 1.9087929E+01 -4.5580998E-02
3.1381000E+02 2.5927000E+02 8.6700000E+00 1.1700000E+02 10 5.5169978E+01 1.6068211E-01 3.5793290E-01 -4.1338134E-03 9.6428781E-03 1.0236839E-02 9.7735482E-03 8.2997687E-04 2.5611575E-04 5.3518161E-03 1.5579074E-04 5.3955459E-03 5.4680895E-02 2.8794422E-02 2.9484193E-04 1.6952882E+00 1.9093392E+01 -4.5956235E-02
3.1381000E+02 2.5927000E+02 8.6700000E+00 1.2200000E+02 10 5.5166926E+01 1.6218662E-01 3.6153250E-01 -4.3758686E-03 9.7498978E-03 1.0293670E-02 9.8408140E-03 8.1128386E-04 2.6418039E-04 5.3955570E-03 1.5228197E-04 5.4314888E-03 5.5211355E-02 2.9113604E-02 3.0411600E-04 1.6945771E+00 1.9096793E+01 -4.6205592E-02
3.1381000E+02 2.5927000E+02 8.6700000E+00 1.2400000E+02 10 5.5160916E+01 1.7270810E-01 3.8562249E-01 -4.4588329E-03 1.1458182E-02 1.1761075E-02 1.1312238E-02 8.0408481E-04 3.1041448E-04 6.2519449E-03 1.5093067E-04 6.2615689E-03 5.5463519E-02 3.4215156E-02 3.7829261E-04 1.8088726E+00 1.8971492E+01 -3.6619079E-02
3.1381000E+02 2.5927000E+02 8.6700000E+00 1.2500000E+02 10 5.5159002E+01 1.7581920E-01 3.9296409E-01 -4.4970970E-03 1.1963524E-02 1.2232805E-02 1.1785939E-02 8.0055256E-04 3.2471855E-04 6.5038618E-03 1.5026765E-04 6.5066550E-03 5.5569334E-02 3.5724479E-02 3.9769195E-04 1.8487300E+00 1.8928525E+01 -3.3760072E-02
3.1381000E+02 2.5927000E+02 8.6700000E+00 1.3000000E+02 10 5.5164083E+01 1.6289462E-01 3.6370967E-01 -4.6282683E-03 9.7285099E-03 1.0290737E-02 9.8531742E-03 7.8388551E-04 2.7083186E-04 5.3693803E-03 1.4713917E-04 5.3975034E-03 5.5797084E-02 2.9049268E-02 3.0325231E-04 1.6861933E+00 1.9109223E+01 -4.7210798E-02
3.1381000E+02 2.5927000E+02 8.6700000E+00 1.3100000E+02 10 5.5157069E+01 1.7656667E-01 3.9500299E-01 -4.6525130E-03 1.1995493E-02 1.2268860E-02 1.1833117E-02 7.8062760E-04 3.3119951E-04 6.5085044E-03 1.4652764E-04 6.5056027E-03 5.5954721E-02 3.5819899E-02 4.0860041E-04 1.8447262E+00 1.8933524E+01 -3.4144430E-02
3.1381000E+02 2.5927000E+02 8.6700000E+00 1.3200000E+02 10 5.5156759E+01 1.7671981E-01 3.9529887E-01 -4.6750537E-03 1.2002172E-02 1.2263789E-02 1.1829884E-02 7.7733275E-04 3.3137351E-04 6.5106113E-03 1.4590918E-04 6.5053077E-03 5.6006474E-02 3.5839506E-02 4.0288162E-04 1.8438621E+00 1.8935745E+01 -3.4219886E-02
3.1381000E+02 2.5927000E+02 8.6700000E+00 1.3700000E+02 10 5.5156570E+01 1.6497823E-01 3.6972035E-01 -5.7378200E-03 9.7636954E-03 1.0317474E-02 9.8925238E-03 7.6129083E-04 2.7596746E-04 5.3746645E-03 1.4289803E-04 5.3950863E-03 5.7295402E-02 2.9153996E-02 3.0740649E-04 1.6746395E+00 1.9102418E+01 -4.8900246E-02
3.1381000E+02 2.5927000E+02 8.6700000E+00 1.4200000E+02 10 5.5146721E+01 1.6849354E-01 3.7891165E-01 -7.2195937E-03 9.9549949E-03 1.0417484E-02 1.0000882E-02 7.4633434E-04 2.7651610E-04 5.4636970E-03 1.4009063E-04 5.4746485E-03 5.9145291E-02 2.9724721E-02 3.1091304E-04 1.6690131E+00 1.9073021E+01 -5.0158982E-02
3.1381000E+02 2.5927000E+02 8.6700000E+00 1.4700000E+02 10 5.5137323E+01 1.7217588E-01 3.8819604E-01 -8.6102068E-03 1.0190239E-02 1.0538912E-02 1.0129993E-02 7.3257055E-04 2.7161727E-04 5.5759784E-03 1.3750709E-04 5.5761648E-03 6.0858330E-02 3.0426429E-02 3.0207404E-04 1.6665816E+00 1.9032327E+01 -5.1045066E-02
3.1381000E+02 2.5927000E+02 8.6700000E+00 1.5200000E+02 10 5.5129708E+01 1.7527553E-01 3.9590270E-01 -9.7233797E-03 1.0398191E-02 1.0650307E-02 1.0248448E-02 7.1992298E-04 2.6298834E-04 5.6748693E-03 1.3513308E-04 5.6655854E-03 6.2224754E-02 3.1046720E-02 2.8488080E-04 1.6654769E+00 1.8986862E+01 -5.1661975E-02
3.1381000E+02 2.5927000E+02 8.6700000E+00 1.5700000E+02 10 5.5123948E+01 1.7767541E-01 4.0181830E-01 -1.0554392E-02 1.0562562E-02 1.0742433E-02 1.0347082E-02 7.0826500E-04 2.5284371E-04 5.7519778E-03 1.3294482E-04 5.7349848E-03 6.3247069E-02 3.1537029E-02 2.6386977E-04 1.6649133E+00 1.8941256E+01 -5.2091915E-02
3.1381000E+02 2.5927000E+02 8.6700000E+00 1.6200000E+02 10 5.5119702E+01 1.7948065E-01 4.0623772E-01 -1.1157667E-02 1.0687639E-02 1.0816037E-02 1.0426713E-02 6.9746912E-04 2.4279373E-04 5.8094598E-03 1.3091838E-04 5.7862755E-03 6.3994849E-02 3.1910138E-02 2.4247236E-04 1.6645953E+00 1.8899368E+01 -5.2393123E-02
3.1381000E+02 2.5927000E+02 8.6700000E+00 1.6700000E+02 10 5.5116580E+01 1.8083479E-01 4.0953423E-01 -1.1593053E-02 1.0782254E-02 1.0874705E-02 1.0490987E-02 6.8742339E-04 2.3376232E-04 5.8517995E-03 1.2903275E-04 5.8235691E-03 6.4541824E-02 3.2192387E-02 2.2276571E-04 1.6644074E+00 1.8864351E+01 -5.2606276E-02
3.1381000E+02 2.5927000E+02 8.6700000E+00 1.6800000E+02 10 5.5108951E+01 1.9525830E-01 4.4172012E-01 -1.1673890E-02 1.3122618E-02 1.2837777E-02 1.2455165E-02 6.8544338E-04 2.5697579E-04 7.0306921E-03 1.2866109E-04 6.9662413E-03 6.4667156E-02 3.9181473E-02 2.6277740E-04 1.8079000E+00 1.8636414E+01 -3.9312691E-02
3.1381000E+02 2.5927000E+02 8.6700000E+00 1.6900000E+02 10 5.5108444E+01 1.9541957E-01 4.4207406E-01 -1.1748946E-02 1.3124630E-02 1.2827664E-02 1.2446141E-02 6.8349167E-04 2.5680824E-04 7.0312652E-03 1.2829475E-04 6.9647185E-03 6.4759701E-02 3.9187097E-02 2.5452276E-04 1.8065294E+00 1.8635916E+01 -3.9452507E-02
3.1381000E+02 2.5927000E+02 8.6700000E+00 1.7400000E+02 10 5.5120521E+01 1.7518026E-01 4.0577336E-01 -1.5501986E-02 1.0688681E-02 1.0816680E-02 1.0440257E-02 6.7435473E-04 2.2265582E-04 5.7973351E-03 1.2657970E-04 5.7665074E-03 6.3939589E-02 3.1912667E-02 1.9348302E-04 1.7125941E+00 1.8787684E+01 -4.8012390E-02
3.1381000E+02 2.5927000E+02 8.6700000E+00 1.7500000E+02 10 5.5115512E+01 1.8640802E-01 4.3393548E-01 -1.6397804E-02 1.2800400E-02 1.2757818E-02 1.2382402E-02 6.7255154E-04 2.4212743E-04 6.8570640E-03 1.2624123E-04 6.8023708E-03 6.3747580E-02 3.8220662E-02 2.2859228E-04 1.8785380E+00 1.8526285E+01 -3.4234021E-02
3.1381000E+02 2.5927000E+02 8.6700000E+00 1.7600000E+02 10 5.5117382E+01 1.8412323E-01 4.3162215E-01 -1.7425308E-02 1.2699830E-02 1.2733105E-02 1.2358683E-02 6.7077193E-04 2.4081301E-04 6.8042237E-03 1.2590719E-04 6.7530360E-03 6.3484360E-02 3.7920768E-02 2.2162346E-04 1.8949734E+00 1.8512701E+01 -3.3136687E-02
3.1381000E+02 2.5927000E+02 8.6700000E+00 1.8100000E+02 10 5.5077646E+01 1.7649978E-01 4.3281107E-01 -2.7114254E-02 1.0169305E-02 1.0722140E-02 1.0352391E-02 6.6239874E-04 2.0646649E-04 5.5206813E-03 1.2433550E-04 5.5122098E-03 7.2308588E-02 3.0365150E-02 1.6911044E-04 1.6743618E+00 1.8811435E+01 -5.5555777E-02
3.1381000E+02 2.5927000E+02 8.6700000E+00 1.8600000E+02 10 5.5003060E+01 1.9433922E-01 4.8946350E-01 -3.7786319E-02 1.0311692E-02 1.0757647E-02 1.0392309E-02 6.5449692E-04 2.0209687E-04 5.5900654E-03 1.2285229E-04 5.5726481E-03 8.6040360E-02 3.0789496E-02 1.6448652E-04 1.5846132E+00 1.8889135E+01 -7.1942465E-02
3.1381000E+02 2.5927000E+02 8.6700000E+00 1.9100000E+02 10 5.4929503E+01 2.1571006E-01 5.4905156E-01 -4.7021046E-02 1.0857483E-02 1.0829782E-02 1.0468617E-02 6.4702151E-04 2.0526821E-04 5.8709675E-03 1.2144912E-04 5.8209554E-03 9.9285432E-02 3.2414815E-02 1.6471781E-04 1.5197821E+00 1.8945440E+01 -8.7123620E-02
3.1381000E+02 2.5927000E+02 8.6700000E+00 1.9600000E+02 10 5.4869156E+01 2.3510540E-01 6.0002580E-01 -5.4167775E-02 1.1532016E-02 1.0904541E-02 1.0547332E-02 6.3993418E-04 2.1219967E-04 6.2200832E-03 1.2011879E-04 6.1287173E-03 1.0998789E-01 3.4423117E-02 1.6663184E-04 1.4789224E+00 1.8980703E+01 -9.8757083E-02
3.1381000E+02 2.5927000E+02 8.6700000E+00 2.0100000E+02 10 5.4823451E+01 2.5080362E-01 6.3988279E-01 -5.9428178E-02 1.2177779E-02 1.0970461E-02 1.0617010E-02 6.3320188E-04 2.2064195E-04 6.5548205E-03 1.1885511E-04 6.4228371E-03 1.1799852E-01 3.6345605E-02 1.6865102E-04 1.4540079E+00 1.9002135E+01 -1.0697828E-01
3.1381000E+02 2.5927000E+02 8.6700000E+00 2.0600000E+02 10 5.4789972E+01 2.6288010E-01 6.6986520E-01 -6.3230014E-02 1.2734332E-02 1.1026453E-02 1.0676578E-02 6.2679576E-04 2.2935829E-04 6.8432070E-03 1.1765265E-04 6.6755726E-03 1.2381031E-01 3.8002491E-02 1.7027238E-04 1.4389033E+00 1.9015100E+01 -1.1259116E-01
3.1381000E+02 2.5927000E+02 8.6700000E+00 2.1100000E+02 10 5.4765674E+01 2.7198887E-01 6.9213849E-01 -6.5976147E-02 1.3191338E-02 1.1074577E-02 1.0728110E-02 6.2069045E-04 2.3775412E-04 7.0795778E-03 1.1650665E-04 6.8823709E-03 1.2799483E-01 3.9363075E-02 1.7143206E-04 1.4297263E+00 1.9022945E+01 -1.1638219E-01
3.1381000E+02 2.5927000E+02 8.6700000E+00 2.1600000E+02 10 5.4747960E+01 2.7883836E-01 7.0871856E-01 -6.7979157E-02 1.3558804E-02 1.1117188E-02 1.0773973E-02 6.1486348E-04 2.4558667E-04 7.2690526E-03 1.1541290E-04 7.0479832E-03 1.3102517E-01 4.0457169E-02 1.7220498E-04 1.4241281E+00 1.9027693E+01 -1.1894989E-01
3.1381000E+02 2.5927000E+02 8.6700000E+00 2.2100000E+02 10 5.4734886E+01 2.8402235E-01 7.2119062E-01 -6.9463251E-02 1.3852470E-02 1.1156101E-02 1.0815995E-02 6.0929480E-04 2.5277347E-04 7.4198447E-03 1.1436763E-04 7.1797201E-03 1.3324992E-01 4.1331618E-02 1.7269282E-04 1.4207016E+00 1.9030559E+01 -1.2070857E-01
3.1381000E+02 2.5927000E+02 8.6700000E+00 2.2600000E+02 10 5.4725074E+01 2.8799256E-01 7.3071576E-01 -7.0583685E-02 1.4087687E-02 1.1192504E-02 1.0855372E-02 6.0396644E-04 2.5928500E-04 7.5400079E-03 1.1336747E-04 7.2846678E-03 1.3491309E-01 4.2032103E-02 1.7298043E-04 1.4186026E+00 1.9032284E+01 -1.2193312E-01
3.1381000E+02 2.5927000E+02 8.6700000E+00 2.3100000E+02 10 5.4717568E+01 2.9107787E-01 7.3811761E-01 -7.1446538E-02 1.4277399E-02 1.1227085E-02 1.0892802E-02 5.9886220E-04 2.6512376E-04 7.6363412E-03 1.1240938E-04 7.3687909E-03 1.3618170E-01 4.2597139E-02 1.7313564E-04 1.4173222E+00 1.9033309E+01 -1.2280255E-01
3.1381000E+02 2.5927000E+02 8.6700000E+00 2.3600000E+02 10 5.4711716E+01 2.9351338E-01 7.4397353E-01 -7.2124245E-02 1.4431859E-02 1.1260190E-02 1.0928639E-02 5.9396746E-04 2.7031092E-04 7.7142237E-03 1.1149061E-04 7.4368189E-03 1.3716941E-01 4.3057242E-02 1.7320580E-04 1.4165516E+00 1.9033903E+01 -1.2343290E-01
3.1381000E+02 2.5927000E+02 8.6700000E+00 2.4100000E+02 10 5.4707066E+01 2.9546656E-01 7.4868849E-01 -7.2666650E-02 1.4558968E-02 1.1291958E-02 1.0963030E-02 5.8926891E-04 2.7488622E-04 7.7777945E-03 1.1060867E-04 7.4924004E-03 1.3795389E-01 4.3435923E-02 1.7322332E-04 1.4161015E+00 1.9034230E+01 -1.2389972E-01
3.1381000E+02 2.5927000E+02 8.6700000E+00 2.4600000E+02 10 5.4703304E+01 2.9705721E-01 7.5254872E-01 -7.3108491E-02 1.4664748E-02 1.1322416E-02 1.0996008E-02 5.8475447E-04 2.7890219E-04 7.8302066E-03 1.0976129E-04 7.5383138E-03 1.3858877E-01 4.3751100E-02 1.7320937E-04 1.4158545E+00 1.9034391E+01 -1.2425271E-01
3.1381000E+02 2.5927000E+02 8.6700000E+00 2.5100000E+02 10 5.4700210E+01 2.9837193E-01 7.5575896E-01 -7.3474347E-02 1.4753774E-02 1.1351541E-02 1.1027556E-02 5.8041305E-04 2.8241515E-04 7.8738592E-03 1.0894638E-04 7.5766677E-03 1.3911163E-01 4.4016398E-02 1.7317777E-04 1.4157368E+00 1.9034450E+01 -1.2452512E-01
3.1381000E+02 2.5927000E+02 8.6700000E+00 2.5600000E+02 10 5.4697626E+01 2.9947402E-01 7.5846773E-01 -7.3781889E-02 1.4829539E-02 1.1379298E-02 1.1057646E-02 5.7623453E-04 2.8548172E-04 7.9105832E-03 1.0816206E-04 7.6090679E-03 1.3954923E-01 4.4242211E-02 1.7313741E-04 1.4157014E+00 1.9034443E+01 -1.2473951E-01
3.1381000E+02 2.5927000E+02 8.6700000E+00 2.6100000E+02 10 5.4695435E+01 3.0041023E-01 7.6078420E-01 -7.4044021E-02 1.4894715E-02 1.1405661E-02 1.1086255E-02 5.7220960E-04 2.8815693E-04 7.9417815E-03 1.0740656E-04 7.6367381E-03 1.3992094E-01 4.4436489E-02 1.7309324E-04 1.4157179E+00 1.9034398E+01 -1.2491151E-01
3.1381000E+02 2.5927000E+02 8.6700000E+00 2.6400000E+02 10 5.4689235E+01 3.1097921E-01 7.8197063E-01 -7.4187247E-02 1.6448496E-02 1.2333771E-02 1.2015683E-02 5.6984802E-04 3.0597589E-04 8.7350198E-03 1.0696328E-04 8.3809039E-03 1.4013049E-01 4.9071745E-02 1.9277631E-04 1.4527014E+00 1.8952731E+01 -1.1696819E-01
3.1381000E+02 2.5927000E+02 8.6700000E+00 2.6500000E+02 10 5.4683912E+01 3.2106306E-01 8.0214141E-01 -7.4233508E-02 1.7959433E-02 1.3273253E-02 1.2955602E-02 5.6906669E-04 3.2072769E-04 9.5060608E-03 1.0681662E-04 9.1073524E-03 1.4020208E-01 5.3579867E-02 2.1116195E-04 1.4917785E+00 1.8845747E+01 -1.0899604E-01
3.1381000E+02 2.5927000E+02 8.6700000E+00 2.7000000E+02 10 5.4691528E+01 3.0356440E-01 7.6790273E-01 -7.4401291E-02 1.5282272E-02 1.1653104E-02 1.1337064E-02 5.6618097E-04 3.0037244E-04 8.1363719E-03 1.0627495E-04 7.8178667E-03 1.4042608E-01 4.5592505E-02 1.7419866E-04 1.4232068E+00 1.9024115E+01 -1.2349436E-01
3.1381000E+02 2.5927000E+02 8.6700000E+00 2.7500000E+02 10 5.4688718E+01 3.0721565E-01 7.7550234E-01 -7.4554109E-02 1.5791687E-02 1.1976810E-02 1.1662526E-02 5.6303397E-04 3.0581320E-04 8.3943504E-03 1.0568424E-04 8.0607217E-03 1.4064431E-01 4.7112473E-02 1.8086237E-04 1.4348077E+00 1.8999085E+01 -1.2104744E-01
3.1381000E+02 2.5927000E+02 8.6700000E+00 2.8000000E+02 10 5.4686239E+01 3.1031344E-01 7.8205667E-01 -7.4698485E-02 1.6222899E-02 1.2265383E-02 1.1953174E-02 5.5931706E-04 3.1167049E-04 8.6117674E-03 1.0498656E-04 8.2658467E-03 1.4085106E-01 4.8399264E-02 1.8432101E-04 1.4448359E+00 1.8981662E+01 -1.1897882E-01
3.1381000E+02 2.5927000E+02 8.6700000E+00 2.8500000E+02 10 5.4684201E+01 3.1267597E-01 7.8723476E-01 -7.4831346E-02 1.6552013E-02 1.2508059E-02 1.2197932E-02 5.5558790E-04 3.1687398E-04 8.7766353E-03 1.0428658E-04 8.4223433E-03 1.4104121E-01 4.9381636E-02 1.8601618E-04 1.4526768E+00 1.8970038E+01 -1.1739805E-01
3.1381000E+02 2.5927000E+02 8.6700000E+00 2.8900000E+02 10 5.4680480E+01 3.1886599E-01 8.0001795E-01 -7.4930168E-02 1.7473577E-02 1.3121515E-02 1.2812996E-02 5.5270702E-04 3.2817719E-04 9.2446973E-03 1.0374583E-04 8.8644373E-03 1.4118542E-01 5.2131645E-02 1.9524234E-04 1.4761394E+00 1.8922022E+01 -1.1258741E-01
3.1381000E+02 2.5927000E+02 8.6700000E+00 2.9000000E+02 10 5.4672944E+01 3.3368585E-01 8.2991842E-01 -7.4954411E-02 1.9722733E-02 1.4581921E-02 1.4273799E-02 5.5199434E-04 3.4732434E-04 1.0391026E-02 1.0361205E-04 9.9483960E-03 1.4122842E-01 5.8843389E-02 2.2102049E-04 1.5383272E+00 1.8733681E+01 -1.0051264E-01
3.1381000E+02 2.5927000E+02 8.6700000E+00 2.9500000E+02 10 5.4719360E+01 3.0506750E-01 7.6401248E-01 -7.0470537E-02 1.6774689E-02 1.2769188E-02 1.2462936E-02 5.4864437E-04 3.2568071E-04 8.8835777E-03 1.0298325E-04 8.5270154E-03 1.3443858E-01 5.0047145E-02 1.8310651E-04 1.4906781E+00 1.8938006E+01 -1.0691353E-01
3.1381000E+02 2.5927000E+02 8.6700000E+00 3.0000000E+02 10 5.4779288E+01 2.8932638E-01 7.1903870E-01 -6.3202011E-02 1.6667113E-02 1.2877558E-02 1.2573064E-02 5.4549468E-04 3.2394457E-04 8.8214475E-03 1.0239203E-04 8.4793381E-03 1.2345949E-01 4.9728846E-02 1.8275965E-04 1.5476868E+00 1.8877156E+01 -9.2127388E-02
3.1381000E+02 2.5927000E+02 8.6700000E+00 3.0100000E+02 10 5.4783659E+01 3.0273495E-01 7.4452286E-01 -6.1660497E-02 1.9260430E-02 1.4803234E-02 1.4499088E-02 5.4487261E-04 3.4565327E-04 1.0136187E-02 1.0227527E-04 9.7382161E-03 1.2114368E-01 5.7471155E-02 2.1570331E-04 1.6549857E+00 1.8615336E+01 -7.4506977E-02
3.1381000E+02 2.5927000E+02 8.6700000E+00 3.0200000E+02 10 5.4797186E+01 2.9860137E-01 7.3355139E-01 -6.0059777E-02 1.9149697E-02 1.4813867E-02 1.4510063E-02 5.4425822E-04 3.4789824E-04 1.0077213E-02 1.0215994E-04 9.6870015E-03 1.1872546E-01 5.7141780E-02 2.1263728E-04 1.6700509E+00 1.8616313E+01 -7.1640391E-02
3.1381000E+02 2.5927000E+02 8.6700000E+00 3.0300000E+02 10 5.4812941E+01 2.9319917E-01 7.1965058E-01 -5.8236706E-02 1.8919258E-02 1.4756815E-02 1.4452363E-02 5.4542044E-04 3.4899555E-04 9.9579721E-03 1.0237810E-04 9.5798702E-03 1.1596575E-01 5.6455316E-02 2.0867994E-04 1.6838193E+00 1.8621579E+01 -6.8930452E-02
3.1381000E+02 2.5927000E+02 8.6700000E+00 3.0800000E+02 10 5.4889286E+01 2.5339067E-01 6.2481644E-01 -5.0347005E-02 1.5331793E-02 1.2606399E-02 1.2297933E-02 5.5261012E-04 3.1282032E-04 8.1280000E-03 1.0372764E-04 7.8621801E-03 1.0400970E-01 4.5752235E-02 1.6512324E-04 1.6355396E+00 1.8812149E+01 -7.1589393E-02
3.1381000E+02 2.5927000E+02 8.6700000E+00 3.1300000E+02 10 5.4941952E+01 2.3493103E-01 5.7818075E-01 -4.4278971E-02 1.4521107E-02 1.2501504E-02 1.2188087E-02 5.6148102E-04 2.9892787E-04 7.7079466E-03 1.0539275E-04 7.4932198E-03 9.4818277E-02 4.3338483E-02 1.6031293E-04 1.6814798E+00 1.8764056E+01 -6.2584850E-02
3.1381000E+02 2.5927000E+02 8.6700000E+00 3.1800000E+02 10 5.4980932E+01 2.2082562E-01 5.4332503E-01 -3.9819540E-02 1.3869488E-02 1.2476248E-02 1.2158132E-02 5.6990003E-04 2.8635713E-04 7.3692123E-03 1.0697304E-04 7.1997406E-03 8.8057272E-02 4.1398673E-02 1.5589839E-04 1.7190570E+00 1.8724351E+01 -5.6090433E-02
3.1381000E+02 2.5927000E+02 8.6700000E+00 3.2300000E+02 10 5.5009404E+01 2.1002837E-01 5.1731708E-01 -3.6597926E-02 1.3326177E-02 1.2482469E-02 1.2160456E-02 5.7688161E-04 2.7430826E-04 7.0858788E-03 1.0828352E-04 6.9558521E-03 8.3168543E-02 3.9781213E-02 1.5183849E-04 1.7469297E+00 1.8695139E+01 -5.1642993E-02
3.1381000E+02 2.5927000E+02 8.6700000E+00 3.2800000E+02 10 5.5030206E+01 2.0172298E-01 4.9779182E-01 -3.4274653E-02 1.2868680E-02 1.2496327E-02 1.2171317E-02 5.8224895E-04 2.6269437E-04 6.8470427E-03 1.0929099E-04 6.7498942E-03 7.9639885E-02 3.8418979E-02 1.4824864E-04 1.7661735E+00 1.8675199E+01 -4.8681868E-02
3.1381000E+02 2.5927000E+02 8.6700000E+00 3.2900000E+02 10 5.5028041E+01 2.1229091E-01 5.2228562E-01 -3.3843308E-02 1.4829490E-02 1.4390357E-02 1.4064784E-02 5.8325754E-04 2.7851862E-04 7.8316650E-03 1.0948031E-04 7.7153749E-03 7.8999658E-02 4.4277149E-02 1.7745294E-04 1.9129210E+00 1.8398137E+01 -3.6032608E-02
3.1381000E+02 2.5927000E+02 8.6700000E+00 3.3000000E+02 10 5.5031713E+01 2.1068841E-01 5.1858717E-01 -3.3442769E-02 1.4726129E-02 1.4376665E-02 1.4050565E-02 5.8420183E-04 2.7784487E-04 7.7784747E-03 1.0965756E-04 7.6674803E-03 7.8390206E-02 4.3968952E-02 1.7469744E-04 1.9162652E+00 1.8408474E+01 -3.5655009E-02
3.1381000E+02 2.5927000E+02 8.6700000E+00 3.3500000E+02 10 5.5029091E+01 1.9975280E-01 4.9204600E-01 -3.2411398E-02 1.2185006E-02 1.2404590E-02 1.2076598E-02 5.8759209E-04 2.4715609E-04 6.4936666E-03 1.1029392E-04 6.4338437E-03 8.0281275E-02 3.6381372E-02 1.4015976E-04 1.7056477E+00 1.8744595E+01 -5.4826665E-02
3.1381000E+02 2.5927000E+02 8.6700000E+00 3.4000000E+02 10 5.5004223E+01 2.0916370E-01 5.0997902E-01 -3.1977258E-02 1.2157923E-02 1.2385883E-02 1.2056573E-02 5.8995291E-04 2.4126359E-04 6.4824724E-03 1.1073706E-04 6.4211868E-03 8.4856293E-02 3.6299924E-02 1.4236991E-04 1.6310461E+00 1.8815266E+01 -6.4672627E-02
3.1381000E+02 2.5927000E+02 8.6700000E+00 3.4500000E+02 10 5.4976666E+01 2.2135907E-01 5.3297133E-01 -3.1796500E-02 1.2460246E-02 1.2399796E-02 1.2069599E-02 5.9154359E-04 2.4161848E-04 6.6437473E-03 1.1103564E-04 6.5606692E-03 8.9700307E-02 3.7199273E-02 1.4674510E-04 1.5756449E+00 1.8867513E+01 -7.3415125E-02
3.1381000E+02 2.5927000E+02 8.6700000E+00 3.5000000E+02 10 5.4952920E+01 2.3284616E-01 5.5429661E-01 -3.1694942E-02 1.2884490E-02 1.2421796E-02 1.2091028E-02 5.9256539E-04 2.4521874E-04 6.8685941E-03 1.1122744E-04 6.7562759E-03 9.3760032E-02 3.8461541E-02 1.5143165E-04 1.5391494E+00 1.8901937E+01 -7.9984721E-02
3.1381000E+02 2.5927000E+02 8.6700000E+00 3.5500000E+02 10 5.4934532E+01 2.4235702E-01 5.7167686E-01 -3.1607435E-02 1.3308065E-02 1.2441080E-02 1.2109976E-02 5.9316695E-04 2.5018698E-04 7.0926605E-03 1.1134035E-04 6.9514232E-03 9.6835792E-02 3.9721847E-02 1.5553643E-04 1.5160001E+00 1.8923888E+01 -8.4556748E-02
3.1381000E+02 2.5927000E+02 8.6700000E+00 3.6000000E+02 10 5.4920982E+01 2.4977360E-01 5.8502162E-01 -3.1516875E-02 1.3679653E-02 1.2454995E-02 1.2123731E-02 5.9345554E-04 2.5549596E-04 7.2890858E-03 1.1139452E-04 7.1224354E-03 9.9059387E-02 4.0827497E-02 1.5883702E-04 1.5014502E+00 1.8937768E+01 -8.7626096E-02
3.1381000E+02 2.5927000E+02 8.6700000E+00 3.6500000E+02 10 5.4911210E+01 2.5540110E-01 5.9499458E-01 -3.1422813E-02 1.3986353E-02 1.2464060E-02 1.2132766E-02 5.9350803E-04 2.6061260E-04 7.4512548E-03 1.1140438E-04 7.2632986E-03 1.0063520E-01 4.1740115E-02 1.6137836E-04 1.4922757E+00 1.8946581E+01 -8.9657640E-02
3.1381000E+02 2.5927000E+02 8.6700000E+00 3.7000000E+02 10 5.4904203E+01 2.5962857E-01 6.0237643E-01 -3.1328784E-02 1.4232035E-02 1.2469581E-02 1.2138359E-02 5.9337968E-04 2.6527664E-04 7.5813405E-03 1.1138028E-04 7.3757359E-03 1.0174653E-01 4.2471207E-02 1.6329688E-04 1.4864313E+00 1.8952229E+01 -9.1000895E-02
3.1381000E+02 2.5927000E+02 8.6700000E+00 3.7500000E+02 10 5.4899162E+01 2.6280494E-01 6.0784317E-01 -3.1238085E-02 1.4426220E-02 1.2472782E-02 1.2141710E-02 5.9311062E-04 2.6940002E-04 7.6844048E-03 1.1132978E-04 7.4641381E-03 1.0253351E-01 4.3049085E-02 1.6473277E-04 1.4826516E+00 1.8955902E+01 -9.1895742E-02
3.1381000E+02 2.5927000E+02 8.6700000E+00 3.8000000E+02 10 5.4895505E+01 2.6520589E-01 6.1191723E-01 -3.1152809E-02 1.4579061E-02 1.2474576E-02 1.2143716E-02 5.9273044E-04 2.7298052E-04 7.7657727E-03 1.1125842E-04 7.5332452E-03 1.0309611E-01 4.3503950E-02 1.6580523E-04 1.4801599E+00 1.8958337E+01 -9.2499938E-02
3.1381000E+02 2.5927000E+02 8.6700000E+00 3.8500000E+02 10 5.4892821E+01 2.6703717E-01 6.1498187E-01 -3.1073943E-02 1.4699473E-02 1.2475569E-02 1.2144970E-02 5.9226128E-04 2.7606027E-04 7.8300832E-03 1.1117035E-04 7.5872496E-03 1.0350329E-01 4.3862318E-02 1.6660781E-04 1.4784791E+00 1.8959990E+01 -9.2915206E-02
3.1381000E+02 2.5927000E+02 8.6700000E+00 3.9000000E+02 10 5.4890827E+01 2.6844861E-01 6.1731193E-01 -3.1001712E-02 1.4794692E-02 1.2476127E-02 1.2145831E-02 5.9172000E-04 2.7869388E-04 7.8810921E-03 1.1106876E-04 7.6295632E-03 1.0380206E-01 4.4145711E-02 1.6721066E-04 1.4773147E+00 1.8961143E+01 -9.3206665E-02
3.1381000E+02 2.5927000E+02 8.6700000E+00 3.9500000E+02 10 5.4889325E+01 2.6954835E-01 6.1910305E-01 -3.0935898E-02 1.4870378E-02 1.2476455E-02 1.2146493E-02 5.9111971E-04 2.8094035E-04 7.9217338E-03 1.1095608E-04 7.6628585E-03 1.0402437E-01 4.4370967E-02 1.6766567E-04 1.4764835E+00 1.8961973E+01 -9.3416097E-02
3.1381000E+02 2.5927000E+02 8.6700000E+00 4.0000000E+02 10 5.4888181E+01 2.7041460E-01 6.2049490E-01 -3.0876056E-02 1.4930893E-02 1.2476648E-02 1.2147049E-02 5.9047072E-04 2.8285646E-04 7.9542720E-03 1.1083426E-04 7.6891958E-03 1.0419209E-01 4.4551066E-02 1.6801063E-04 1.4758701E+00 1.8962591E+01 -9.3570496E-02
3.1381000E+02 2.5927000E+02 8.6700000E+00 4.0500000E+02 10 5.4887299E+01 2.7110439E-01 6.2158805E-01 -3.0821659E-02 1.4979592E-02 1.2476739E-02 1.2147525E-02 5.8978131E-04 2.8449679E-04 7.9804522E-03 1.1070485E-04 7.7101557E-03 1.0432038E-01 4.4695992E-02 1.6827334E-04 1.4754011E+00 1.8963068E+01 -9.3687474E-02
3.1381000E+02 2.5927000E+02 8.6700000E+00 4.1000000E+02 10 5.4886610E+01 2.7165975E-01 6.2245577E-01 -3.0772173E-02 1.5019060E-02 1.2476725E-02 1.2147915E-02 5.8905820E-04 2.8590500E-04 8.0016264E-03 1.1056912E-04 7.7269501E-03 1.0441985E-01 4.4813440E-02 1.6847402E-04 1.4750294E+00 1.8963450E+01 -9.3778663E-02
3.1381000E+02 2.5927000E+02 8.6700000E+00 4.1200000E+02 10 5.4879316E+01 2.8601632E-01 6.5130747E-01 -3.0753130E-02 1.7199975E-02 1.3849697E-02 1.3521051E-02 5.8876396E-04 3.0788589E-04 9.1163078E-03 1.1051389E-04 8.7751565E-03 1.0446570E-01 5.1320961E-02 1.9653727E-04 1.5440472E+00 1.8810078E+01 -8.2241283E-02
3.1381000E+02 2.5927000E+02 8.6700000E+00 4.1700000E+02 10 5.4886419E+01 2.7116834E-01 6.2131480E-01 -3.0709734E-02 1.4902250E-02 1.2393502E-02 1.2065281E-02 5.8800227E-04 2.8835696E-04 7.9426987E-03 1.1037092E-04 7.6683380E-03 1.0452507E-01 4.4464532E-02 1.6501810E-04 1.4700429E+00 1.8975694E+01 -9.4699195E-02
3.1381000E+02 2.5927000E+02 8.6700000E+00 4.2200000E+02 10 5.4886056E+01 2.7144385E-01 6.2165958E-01 -3.0670111E-02 1.4914337E-02 1.2379600E-02 1.2051817E-02 5.8721880E-04 2.8766059E-04 7.9492869E-03 1.1022386E-04 7.6725299E-03 1.0458243E-01 4.4500392E-02 1.6662402E-04 1.4693505E+00 1.8973335E+01 -9.4832530E-02
3.1381000E+02 2.5927000E+02 8.6700000E+00 4.2700000E+02 10 5.4885595E+01 2.7200694E-01 6.2255643E-01 -3.0633873E-02 1.4972209E-02 1.2389984E-02 1.2062648E-02 5.8641721E-04 2.8813904E-04 7.9794562E-03 1.1007339E-04 7.6984768E-03 1.0462909E-01 4.4672759E-02 1.6773684E-04 1.4700957E+00 1.8970603E+01 -9.4706863E-02
3.1381000E+02 2.5927000E+02 8.6700000E+00 4.2900000E+02 10 5.4878328E+01 2.8647366E-01 6.5157132E-01 -3.0619897E-02 1.7172703E-02 1.3764706E-02 1.3437550E-02 5.8609389E-04 3.1001172E-04 9.1045008E-03 1.1001271E-04 8.7556355E-03 1.0465641E-01 5.1238573E-02 1.9632845E-04 1.5392134E+00 1.8817310E+01 -8.3043245E-02
3.1381000E+02 2.5927000E+02 8.6700000E+00 4.3000000E+02 10 5.4876072E+01 2.9094021E-01 6.6059385E-01 -3.0613035E-02 1.7851819E-02 1.4209383E-02 1.3882318E-02 5.8593159E-04 3.1819052E-04 9.4513145E-03 1.0998224E-04 9.0822961E-03 1.0466694E-01 5.3265096E-02 2.0300815E-04 1.5625832E+00 1.8759639E+01 -7.9411304E-02
3.1381000E+02 2.5927000E+02 8.6700000E+00 4.3500000E+02 10 5.4884730E+01 2.7365743E-01 6.2584705E-01 -3.0571308E-02 1.5220642E-02 1.2555595E-02 1.2225563E-02 5.9124546E-04 2.9719672E-04 8.1104371E-03 1.1097968E-04 7.8204875E-03 1.0463257E-01 4.5413548E-02 1.6774005E-04 1.4772726E+00 1.8962711E+01 -9.3433455E-02
3.1381000E+02 2.5927000E+02 8.6700000E+00 4.3600000E+02 10 5.4875166E+01 2.9291120E-01 6.6470852E-01 -3.0562662E-02 1.8164515E-02 1.4455146E-02 1.4124377E-02 5.9256659E-04 3.2203582E-04 9.6142743E-03 1.1122766E-04 9.2390920E-03 1.0463954E-01 5.4198576E-02 2.0703442E-04 1.5742472E+00 1.8719188E+01 -7.7638283E-02
3.1381000E+02 2.5927000E+02 8.6700000E+00 4.3700000E+02 10 5.4875736E+01 2.9314391E-01 6.6486883E-01 -3.0395924E-02 1.8219237E-02 1.4493071E-02 1.4161553E-02 5.9390947E-04 3.2611716E-04 9.6434230E-03 1.1147973E-04 9.2660093E-03 1.0449771E-01 5.4361640E-02 2.0538784E-04 1.5766709E+00 1.8726846E+01 -7.7221290E-02
3.1381000E+02 2.5927000E+02 8.6700000E+00 4.3800000E+02 10 5.4878017E+01 2.9297581E-01 6.6354225E-01 -2.9870720E-02 1.8252541E-02 1.4522832E-02 1.4190552E-02 5.9527432E-04 3.2918661E-04 9.6614356E-03 1.1173592E-04 9.2828748E-03 1.0405205E-01 5.4460847E-02 2.0425210E-04 1.5792071E+00 1.8730829E+01 -7.6652832E-02
3.1381000E+02 2.5927000E+02 8.6700000E+00 4.4300000E+02 10 5.4933843E+01 2.6896957E-01 5.9465927E-01 -1.9413109E-02 1.5701944E-02 1.2936904E-02 1.2603945E-02 5.9648980E-04 3.0682543E-04 8.3579101E-03 1.1196407E-04 8.0579126E-03 9.5213128E-02 4.6849844E-02 1.7152866E-04 1.5117825E+00 1.8919029E+01 -8.2861519E-02
3.1381000E+02 2.5927000E+02 8.6700000E+00 4.4400000E+02 10 5.4935554E+01 2.8550480E-01 6.2388569E-01 -1.7044081E-02 1.8503831E-02 1.4843087E-02 1.4510019E-02 5.9668567E-04 3.2959803E-04 9.7855368E-03 1.1200084E-04 9.4109976E-03 9.3226314E-02 5.5212602E-02 2.0816822E-04 1.6223641E+00 1.8653163E+01 -6.5986364E-02
3.1381000E+02 2.5927000E+02 8.6700000E+00 4.4500000E+02 10 5.4947319E+01 2.8386733E-01 6.1555734E-01 -1.4434702E-02 1.8536426E-02 1.4890285E-02 1.4557178E-02 5.9675562E-04 3.3276969E-04 9.8016503E-03 1.1201397E-04 9.4273917E-03 9.1023370E-02 5.5310015E-02 2.0654591E-04 1.6312964E+00 1.8654776E+01 -6.3930655E-02
3.1381000E+02 2.5927000E+02 8.6700000E+00 4.5000000E+02 10 5.5011649E+01 2.6019002E-01 5.4308951E-01 -1.9090829E-03 1.6244416E-02 1.3444743E-02 1.3112505E-02 5.9519835E-04 3.1409320E-04 8.6286917E-03 1.1172166E-04 8.3243554E-03 8.0449956E-02 4.8470410E-02 1.7711897E-04 1.5691921E+00 1.8844686E+01 -6.7384000E-02
3.1381000E+02 2.5927000E+02 8.6700000E+00 4.5300000E+02 10 5.5039550E+01 2.6451104E-01 5.3877013E-01 5.2568757E-03 1.7715037E-02 1.4595331E-02 1.4263791E-02 5.9394679E-04 3.2748199E-04 9.3727280E-03 1.1148673E-04 9.0387984E-03 7.4416598E-02 5.2861524E-02 1.9505749E-04 1.6569992E+00 1.8688073E+01 -5.4114765E-02
3.1381000E+02 2.5927000E+02 8.6700000E+00 4.5400000E+02 10 5.5046364E+01 2.7053614E-01 5.4745351E-01 7.5975920E-03 1.8936738E-02 1.5589645E-02 1.5258380E-02 5.9345577E-04 3.3751812E-04 9.9904943E-03 1.1139457E-04 9.6336502E-03 7.2449021E-02 5.6509847E-02 2.0776735E-04 1.7343397E+00 1.8509904E+01 -4.5539916E-02
3.1381000E+02 2.5927000E+02 8.6700000E+00 4.5900000E+02 10 5.5105670E+01 2.4451235E-01 4.7269158E-01 1.8665967E-02 1.6098000E-02 1.3731669E-02 1.3402961E-02 5.8887466E-04 3.1136934E-04 8.5387877E-03 1.1053467E-04 8.2622527E-03 6.3128563E-02 4.8037832E-02 1.7300000E-04 1.6232479E+00 1.8794245E+01 -5.3116335E-02
3.1381000E+02 2.5927000E+02 8.6700000E+00 4.6400000E+02 10 5.5145800E+01 2.3622764E-01 4.4003266E-01 2.7272670E-02 1.5781660E-02 1.3731043E-02 1.3404843E-02 5.8438025E-04 3.0293825E-04 8.3694525E-03 1.0969105E-04 8.1125928E-03 5.5902004E-02 4.7096189E-02 1.7137190E-04 1.6381621E+00 1.8778153E+01 -4.8474451E-02
3.1381000E+02 2.5927000E+02 8.6700000E+00 4.6900000E+02 10 5.5176054E+01 2.2994706E-01 4.1547627E-01 3.3762304E-02 1.5542767E-02 1.3755806E-02 1.3431598E-02 5.8081314E-04 2.9456539E-04 8.2420631E-03 1.0902148E-04 7.9988555E-03 5.0458659E-02 4.6385113E-02 1.7008219E-04 1.6510811E+00 1.8763619E+01 -4.4942947E-02
3.1381000E+02 2.5927000E+02 8.6700000E+00 4.7400000E+02 10 5.5198831E+01 2.2506288E-01 3.9682879E-01 3.8635440E-02 1.5341621E-02 1.3786222E-02 1.3463657E-02 5.7786959E-04 2.8605845E-04 8.1355516E-03 1.0846896E-04 7.9023743E-03 4.6377178E-02 4.5786291E-02 1.6880961E-04 1.6608822E+00 1.8752740E+01 -4.2371930E-02
3.1381000E+02 2.5927000E+02 8.6700000E+00 4.7900000E+02 10 5.5216076E+01 2.2118717E-01 3.8248353E-01 4.2308883E-02 1.5163156E-02 1.3812095E-02 1.3490911E-02 5.7539555E-04 2.7771142E-04 8.0415864E-03 1.0800457E-04 7.8163541E-03 4.3306109E-02 4.5254839E-02 1.6755941E-04 1.6675547E+00 1.8745489E+01 -4.0550701E-02
3.1381000E+02 2.5927000E+02 8.6700000E+00 4.8100000E+02 10 5.5216988E+01 2.3024710E-01 4.0031860E-01 4.3610448E-02 1.6800818E-02 1.5182572E-02 1.4861903E-02 5.7447359E-04 2.8766876E-04 8.8704225E-03 1.0783152E-04 8.6125841E-03 4.2228316E-02 5.0145236E-02 1.8876793E-04 1.7973233E+00 1.8520631E+01 -3.0309668E-02
3.1381000E+02 2.5927000E+02 8.6700000E+00 4.8200000E+02 10 5.5218364E+01 2.3259944E-01 4.0474603E-01 4.4222130E-02 1.7269518E-02 1.5629806E-02 1.5309385E-02 5.7402867E-04 2.8966522E-04 9.1066804E-03 1.0774800E-04 8.8413232E-03 4.1719795E-02 5.1545186E-02 1.9335358E-04 1.8463929E+00 1.8430193E+01 -2.7109436E-02
3.1381000E+02 2.5927000E+02 8.6700000E+00 4.8700000E+02 10 5.5238021E+01 2.1375810E-01 3.5971076E-01 4.6695552E-02 1.4517175E-02 1.3575034E-02 1.3255803E-02 5.7189828E-04 2.6262167E-04 7.7085548E-03 1.0734812E-04 7.5039016E-03 3.9646804E-02 4.3327763E-02 1.5908973E-04 1.6493571E+00 1.8780701E+01 -4.0686839E-02
3.1381000E+02 2.5927000E+02 8.6700000E+00 4.9200000E+02 10 5.5247471E+01 2.1059905E-01 3.4974426E-01 4.8594904E-02 1.4235325E-02 1.3425996E-02 1.3107734E-02 5.7016221E-04 2.5385824E-04 7.5633660E-03 1.0702225E-04 7.3671680E-03 3.8069893E-02 4.2486969E-02 1.5869093E-04 1.6401301E+00 1.8788495E+01 -4.0858327E-02
3.1381000E+02 2.5927000E+02 8.6700000E+00 4.9700000E+02 10 5.5254508E+01 2.0872406E-01 3.4301854E-01 5.0069034E-02 1.4096315E-02 1.3336118E-02 1.3018578E-02 5.6886745E-04 2.4798470E-04 7.4923600E-03 1.0677922E-04 7.2983908E-03 3.6848398E-02 4.2072048E-02 1.5883009E-04 1.6370911E+00 1.8789850E+01 -4.0623131E-02
3.1381000E+02 2.5927000E+02 8.6700000E+00 5.0200000E+02 10 5.5259949E+01 2.0745407E-01 3.3808402E-01 5.1233720E-02 1.4015242E-02 1.3276823E-02 1.2959910E-02 5.6774416E-04 2.4366294E-04 7.4512450E-03 1.0656837E-04 7.2574030E-03 3.5886342E-02 4.1829941E-02 1.5891853E-04 1.6361932E+00 1.8789624E+01 -4.0304405E-02
3.1381000E+02 2.5927000E+02 8.6700000E+00 5.0500000E+02 10 5.5259197E+01 2.1399044E-01 3.5109985E-01 5.1840791E-02 1.5139584E-02 1.4127814E-02 1.3811260E-02 5.6710222E-04 2.5193280E-04 8.0227673E-03 1.0644788E-04 7.8010379E-03 3.5392669E-02 4.5186409E-02 1.7412568E-04 1.7158760E+00 1.8660353E+01 -3.3665199E-02
3.1381000E+02 2.5927000E+02 8.6700000E+00 5.0600000E+02 10 5.5256797E+01 2.2040663E-01 3.6499861E-01 5.2033623E-02 1.6214705E-02 1.5014407E-02 1.4697970E-02 5.6689101E-04 2.5897015E-04 8.5671658E-03 1.0640823E-04 8.3240225E-03 3.5239685E-02 4.8396893E-02 1.8740933E-04 1.8084741E+00 1.8491649E+01 -2.7425570E-02
3.1381000E+02 2.5927000E+02 8.6700000E+00 5.1100000E+02 10 5.5268728E+01 2.0323840E-01 3.2619570E-01 5.2861176E-02 1.3520812E-02 1.2943446E-02 1.2627905E-02 5.6528637E-04 2.3521322E-04 7.1992202E-03 1.0610703E-04 7.0150552E-03 3.4550122E-02 4.0353704E-02 1.5204166E-04 1.6120928E+00 1.8828484E+01 -4.1922301E-02
3.1381000E+02 2.5927000E+02 8.6700000E+00 5.1600000E+02 10 5.5272142E+01 2.0193836E-01 3.2186917E-01 5.3540319E-02 1.3370220E-02 1.2783012E-02 1.2468336E-02 5.6373516E-04 2.3086210E-04 7.1228116E-03 1.0581586E-04 6.9397041E-03 3.4000285E-02 3.9903971E-02 1.5282676E-04 1.6040489E+00 1.8834506E+01 -4.2425810E-02
3.1381000E+02 2.5927000E+02 8.6700000E+00 5.2100000E+02 10 5.5274660E+01 2.0146109E-01 3.1937240E-01 5.4102055E-02 1.3330161E-02 1.2684407E-02 1.2370471E-02 5.6240997E-04 2.2869955E-04 7.1036427E-03 1.0556712E-04 6.9169992E-03 3.3547266E-02 3.9783907E-02 1.5372143E-04 1.6017637E+00 1.8834978E+01 -4.2436958E-02
3.1381000E+02 2.5927000E+02 8.6700000E+00 5.2600000E+02 10 5.5276677E+01 2.0124184E-01 3.1762641E-01 5.4573984E-02 1.3322553E-02 1.2617055E-02 1.2303807E-02 5.6117708E-04 2.2743149E-04 7.1010377E-03 1.0533570E-04 6.9100892E-03 3.3168702E-02 3.9760749E-02 1.5431327E-04 1.6012630E+00 1.8834357E+01 -4.2314696E-02
3.1381000E+02 2.5927000E+02 8.6700000E+00 5.3100000E+02 10 5.5278374E+01 2.0107973E-01 3.1620112E-01 5.4975767E-02 1.3319632E-02 1.2564634E-02 1.2252043E-02 5.6000217E-04 2.2649155E-04 7.1006138E-03 1.0511516E-04 6.9057860E-03 3.2848311E-02 3.9751691E-02 1.5461571E-04 1.6010651E+00 1.8833975E+01 -4.2190515E-02
3.1381000E+02 2.5927000E+02 8.6700000E+00 5.3600000E+02 10 5.5279838E+01 2.0092566E-01 3.1495289E-01 5.5321920E-02 1.3314730E-02 1.2519780E-02 1.2207817E-02 5.5887564E-04 2.2567907E-04 7.0989750E-03 1.0490371E-04 6.9008424E-03 3.2573977E-02 3.9736804E-02 1.5474055E-04 1.6007699E+00 1.8833997E+01 -4.2096104E-02
3.1381000E+02 2.5927000E+02 8.6700000E+00 5.4100000E+02 10 5.5281114E+01 2.0077588E-01 3.1383578E-01 5.5623413E-02 1.3307639E-02 1.2479366E-02 1.2168008E-02 5.5779163E-04 2.2493166E-04 7.0960678E-03 1.0470023E-04 6.8950834E-03 3.2336530E-02 3.9715441E-02 1.5477358E-04 1.6003352E+00 1.8834308E+01 -4.2031033E-02
3.1381000E+02 2.5927000E+02 8.6700000E+00 5.4600000E+02 10 5.5282237E+01 2.0063514E-01 3.1283137E-01 5.5888660E-02 1.3299421E-02 1.2442068E-02 1.2131295E-02 5.5674484E-04 2.2423823E-04 7.0924807E-03 1.0450374E-04 6.8889549E-03 3.2128945E-02 3.9690747E-02 1.5476362E-04 1.5998052E+00 1.8834786E+01 -4.1987938E-02
3.1381000E+02 2.5927000E+02 8.6700000E+00 5.5100000E+02 10 5.5283231E+01 2.0050708E-01 3.1192732E-01 5.6124173E-02 1.3290983E-02 1.2407286E-02 1.2097079E-02 5.5573053E-04 2.2360051E-04 7.0887080E-03 1.0431335E-04 6.8828481E-03 3.1945787E-02 3.9665414E-02 1.5473553E-04 1.5992275E+00 1.8835342E+01 -4.1959959E-02
3.1381000E+02 2.5927000E+02 8.6700000E+00 5.5600000E+02 10 5.5284117E+01 2.0039296E-01 3.1111229E-01 5.6335040E-02 1.3282857E-02 1.2374692E-02 1.2065036E-02 5.5474474E-04 2.2302032E-04 7.0850400E-03 1.0412832E-04 6.8769922E-03 3.1782819E-02 3.9641023E-02 1.5470082E-04 1.5986350E+00 1.8835928E+01 -4.1942171E-02
3.1381000E+02 2.5927000E+02 8.6700000E+00 5.6100000E+02 10 5.5284912E+01 2.0029240E-01 3.1037540E-01 5.6525265E-02 1.3275291E-02 1.2344065E-02 1.2034944E-02 5.5378419E-04 2.2249664E-04 7.0816142E-03 1.0394802E-04 6.8714887E-03 3.1636710E-02 3.9618310E-02 1.5466459E-04 1.5980470E+00 1.8836517E+01 -4.1931341E-02
3.1381000E+02 2.5927000E+02 8.6700000E+00 5.6600000E+02 10 5.5285630E+01 2.0020436E-01 3.0970676E-01 5.6698024E-02 1.3268373E-02 1.2315217E-02 1.2006620E-02 5.5284628E-04 2.2203076E-04 7.0784817E-03 1.0377197E-04 6.8663689E-03 3.1504821E-02 3.9597535E-02 1.5462908E-04 1.5974738E+00 1.8837095E+01 -4.1925363E-02
3.1381000E+02 2.5927000E+02 8.6700000E+00 5.7100000E+02 10 5.5286281E+01 2.0012740E-01 3.0909749E-01 5.6855860E-02 1.3262097E-02 1.2287981E-02 1.1979896E-02 5.5192886E-04 2.2161306E-04 7.0756462E-03 1.0359976E-04 6.8616207E-03 3.1385045E-02 3.9578682E-02 1.5459511E-04 1.5969198E+00 1.8837655E+01 -4.1922917E-02
3.1381000E+02 2.5927000E+02 8.6700000E+00 5.7600000E+02 10 5.5286876E+01 2.0006023E-01 3.0854005E-01 5.7000823E-02 1.3256424E-02 1.2262201E-02 1.1954617E-02 5.5103017E-04 2.2123538E-04 7.0730928E-03 1.0343107E-04 6.8572173E-03 3.1275685E-02 3.9561633E-02 1.5456268E-04 1.5963865E+00 1.8838194E+01 -4.1923125E-02
3.1381000E+02 2.5927000E+02 8.6700000E+00 5.8100000E+02 10 5.5287420E+01 2.0000153E-01 3.0802789E-01 5.7134581E-02 1.3251297E-02 1.2237733E-02 1.1930642E-02 5.5014875E-04 2.2089804E-04 7.0707942E-03 1.0326563E-04 6.8531257E-03 3.1175362E-02 3.9546213E-02 1.5453159E-04 1.5958738E+00 1.8838714E+01 -4.1925408E-02
3.1381000E+02 2.5927000E+02 8.6700000E+00 5.8200000E+02 10 5.5280010E+01 2.1509250E-01 3.4025450E-01 5.7160897E-02 1.5672254E-02 1.4028725E-02 1.3721732E-02 5.4997314E-04 2.3923005E-04 8.3018837E-03 1.0323266E-04 8.0251612E-03 3.1169527E-02 4.6773916E-02 1.8776478E-04 1.7688852E+00 1.8529819E+01 -2.8558122E-02
3.1381000E+02 2.5927000E+02 8.6700000E+00 5.8700000E+02 10 5.5288360E+01 1.9923630E-01 3.0613118E-01 5.7266506E-02 1.3144744E-02 1.2158223E-02 1.1849921E-02 5.5231746E-04 2.2079431E-04 7.0187692E-03 1.0367270E-04 6.8023332E-03 3.1056259E-02 3.9227905E-02 1.5191300E-04 1.5901709E+00 1.8849775E+01 -4.2410930E-02
3.1381000E+02 2.5927000E+02 8.6700000E+00 5.9200000E+02 10 5.5288876E+01 1.9898363E-01 3.0536707E-01 5.7351095E-02 1.3115679E-02 1.2124596E-02 1.1814514E-02 5.5550671E-04 2.2005106E-04 7.0063650E-03 1.0427134E-04 6.7903718E-03 3.0969102E-02 3.9141106E-02 1.5258728E-04 1.5887710E+00 1.8849346E+01 -4.2504940E-02
3.1381000E+02 2.5927000E+02 8.6700000E+00 5.9700000E+02 10 5.5289206E+01 1.9902669E-01 3.0519565E-01 5.7425706E-02 1.3129533E-02 1.2115619E-02 1.1803744E-02 5.5871835E-04 2.2009677E-04 7.0161271E-03 1.0487418E-04 6.7988126E-03 3.0889606E-02 3.9182300E-02 1.5313556E-04 1.5897070E+00 1.8847025E+01 -4.2382467E-02
3.1381000E+02 2.5927000E+02 8.6700000E+00 6.0200000E+02 10 5.5289492E+01 1.9910749E-01 3.0513450E-01 5.7496392E-02 1.3149029E-02 1.2115259E-02 1.1801853E-02 5.6146177E-04 2.2027090E-04 7.0283906E-03 1.0538914E-04 6.8097097E-03 3.0816258E-02 3.9240374E-02 1.5344085E-04 1.5910115E+00 1.8844872E+01 -4.2228701E-02
3.1381000E+02 2.5927000E+02 8.6700000E+00 6.0700000E+02 10 5.5289780E+01 1.9914908E-01 3.0502384E-01 5.7565316E-02 1.3162431E-02 1.2115428E-02 1.1800834E-02 5.6359095E-04 2.2035657E-04 7.0370214E-03 1.0578879E-04 6.8173520E-03 3.0748335E-02 3.9280313E-02 1.5354818E-04 1.5919966E+00 1.8843442E+01 -4.2107673E-02
3.1381000E+02 2.5927000E+02 8.6700000E+00 6.1200000E+02 10 5.5290073E+01 1.9914919E-01 3.0484568E-01 5.7632964E-02 1.3168942E-02 1.2113307E-02 1.1797847E-02 5.6514171E-04 2.2032993E-04 7.0416773E-03 1.0607988E-04 6.8213297E-03 3.0685237E-02 3.9299714E-02 1.5354459E-04 1.5925684E+00 1.8842654E+01 -4.2027399E-02
3.1381000E+02 2.5927000E+02 8.6700000E+00 6.1700000E+02 10 5.5290365E+01 1.9912294E-01 3.0462065E-01 5.7699208E-02 1.3170564E-02 1.2108435E-02 1.1792376E-02 5.6621462E-04 2.2022989E-04 7.0434981E-03 1.0628127E-04 6.8226219E-03 3.0626419E-02 3.9304534E-02 1.5349135E-04 1.5928119E+00 1.8842310E+01 -4.1979436E-02
3.1381000E+02 2.5927000E+02 8.6700000E+00 6.2200000E+02 10 5.5290650E+01 1.9908399E-01 3.0437135E-01 5.7763767E-02 1.3169299E-02 1.2101177E-02 1.1784725E-02 5.6691749E-04 2.2009591E-04 7.0436111E-03 1.0641320E-04 6.8222322E-03 3.0571397E-02 3.9300732E-02 1.5342143E-04 1.5928319E+00 1.8842246E+01 -4.1953723E-02
3.1381000E+02 2.5927000E+02 8.6700000E+00 6.2700000E+02 10 5.5290924E+01 1.9904117E-01 3.0411390E-01 5.7826391E-02 1.3166542E-02 1.2092084E-02 1.1775395E-02 5.6734281E-04 2.1995329E-04 7.0428109E-03 1.0649304E-04 6.8208796E-03 3.0519763E-02 3.9292469E-02 1.5335018E-04 1.5927101E+00 1.8842350E+01 -4.1942462E-02
3.1381000E+02 2.5927000E+02 8.6700000E+00 6.3200000E+02 10 5.5291185E+01 1.9899949E-01 3.0385820E-01 5.7886912E-02 1.3163149E-02 1.2081663E-02 1.1764852E-02 5.6756245E-04 2.1981667E-04 7.0415894E-03 1.0653426E-04 6.8190210E-03 3.0471176E-02 3.9282296E-02 1.5328366E-04 1.5925022E+00 1.8842553E+01 -4.1940356E-02
3.1381000E+02 2.5927000E+02 8.6700000E+00 6.3700000E+02 10 5.5291433E+01 1.9896133E-01 3.0360966E-01 5.7945241E-02 1.3159599E-02 1.2070316E-02 1.1753467E-02 5.6762942E-04 2.1969393E-04 7.0402289E-03 1.0654683E-04 6.8169254E-03 3.0425352E-02 3.9271645E-02 1.5322365E-04 1.5922436E+00 1.8842813E+01 -4.1944024E-02
3.1381000E+02 2.5927000E+02 8.6700000E+00 6.4200000E+02 10 5.5291667E+01 1.9892770E-01 3.0337101E-01 5.8001359E-02 1.3156144E-02 1.2058344E-02 1.1741522E-02 5.6758190E-04 2.1958792E-04 7.0388819E-03 1.0653791E-04 6.8147459E-03 3.0382052E-02 3.9261271E-02 1.5317001E-04 1.5919562E+00 1.8843106E+01 -4.1951358E-02
3.1381000E+02 2.5927000E+02 8.6700000E+00 6.4700000E+02 10 5.5291889E+01 1.9889876E-01 3.0314329E-01 5.8055291E-02 1.3152903E-02 1.2045966E-02 1.1729219E-02 5.6744711E-04 2.1949714E-04 7.0376232E-03 1.0651261E-04 6.8125643E-03 3.0341072E-02 3.9251531E-02 1.5312207E-04 1.5916533E+00 1.8843415E+01 -4.1961070E-02
3.1381000E+02 2.5927000E+02 8.6700000E+00 6.5000000E+02 10 5.5288275E+01 2.0640362E-01 3.1894422E-01 5.8086873E-02 1.4353247E-02 1.2887927E-02 1.2571239E-02 5.6733955E-04 2.3097478E-04 7.6502611E-03 1.0649242E-04 7.3909966E-03 3.0324085E-02 4.2834319E-02 1.6910778E-04 1.6678531E+00 1.8721052E+01 -3.5416103E-02
