x y z_datum Time Well_no H2O H O Charge Al C Ca Cl Fe K Mg Na S Si U pH pe Alkalinity
3.1381000E+02 2.5927000E+02 8.6700000E+00 0.0000000E+00 10 9.9704301E-01 7.2098600E-06 6.6484776E-04 -3.2324431E-06 0.0000000E+00 1.0067647E-04 6.3262499E-05 4.3211171E-04 0.0000000E+00 2.8240956E-04 5.5605062E-05 2.2967748E-04 1.4127542E-04 0.0000000E+00 0.0000000E+00 7.0300000E+00 1.1068788E+01 7.1999443E-03
3.1381000E+02 2.5927000E+02 8.6700000E+00 5.0000000E+00 10 5.5329501E+01 1.8250213E-02 6.0902554E-02 -3.0438296E-03 0.0000000E+00 7.3616073E-03 1.3863337E-03 1.0704602E-02 0.0000000E+00 6.3437927E-03 2.0093064E-03 8.7742638E-03 9.9557133E-03 0.0000000E+00 0.0000000E+00 2.4526495E+00 1.7921771E+01 -5.6803658E-03
3.1381000E+02 2.5927000E+02 8.6700000E+00 1.0000000E+01 10 5.5311307E+01 3.1647419E-02 1.0324232E-01 -2.7601233E-03 1.0485420E-03 7.9834725E-03 3.2539418E-03 8.4728743E-03 1.5769143E-05 5.5379710E-03 1.5904002E-03 7.4711433E-03 1.8317573E-02 3.1353449E-03 1.5006636E-05 2.0318638E+00 1.8387015E+01 -1.6516471E-02
3.1381000E+02 2.5927000E+02 8.6700000E+00 1.5000000E+01 10 5.5288164E+01 5.7014677E-02 1.5319327E-01 -2.5017106E-03 2.7091181E-03 8.2665568E-03 4.6717061E-03 6.4401143E-03 3.8759301E-05 5.1637112E-03 1.2088411E-03 6.6247959E-03 2.5934416E-02 8.0967043E-03 3.8287366E-05 1.8957084E+00 1.8544060E+01 -2.4109776E-02
3.1381000E+02 2.5927000E+02 8.6700000E+00 2.0000000E+01 10 5.5268871E+01 7.9535448E-02 1.9465599E-01 -2.3031637E-03 4.1971075E-03 8.4396951E-03 5.7166558E-03 4.8782790E-03 6.2334639E-05 4.9880332E-03 9.1567696E-04 6.0724174E-03 3.1787133E-02 1.2540205E-02 5.9325630E-05 1.8311097E+00 1.8618953E+01 -2.9176925E-02
3.1381000E+02 2.5927000E+02 8.6700000E+00 2.5000000E+01 10 5.5254726E+01 9.6400996E-02 2.2547082E-01 -2.1619376E-03 5.3567884E-03 8.5917143E-03 6.4887933E-03 3.7673475E-03 8.2334270E-05 4.9162984E-03 7.0714966E-04 5.7264256E-03 3.5950452E-02 1.6002358E-02 7.5606657E-05 1.7987377E+00 1.8656417E+01 -3.2314448E-02
3.1381000E+02 2.5927000E+02 8.6700000E+00 3.0000000E+01 10 5.5244787E+01 1.0838559E-01 2.4749069E-01 -2.0643406E-03 6.2101702E-03 8.7445751E-03 7.0701985E-03 2.9996174E-03 9.7742872E-05 4.8936496E-03 5.6304293E-04 5.5118297E-03 3.8827763E-02 1.8549747E-02 8.7346470E-05 1.7824485E+00 1.8675286E+01 -3.4177130E-02
3.1381000E+02 2.5927000E+02 8.6700000E+00 3.5000000E+01 10 5.5237863E+01 1.1678104E-01 2.6311390E-01 -1.9969086E-03 6.8258364E-03 8.8978192E-03 7.5195338E-03 2.4691749E-03 1.0921999E-04 4.8911758E-03 4.6347626E-04 5.3762146E-03 4.0815870E-02 2.0387487E-02 9.5569271E-05 1.7744212E+00 1.8684676E+01 -3.5263492E-02
3.1381000E+02 2.5927000E+02 8.6700000E+00 4.0000000E+01 10 5.5232987E+01 1.2269949E-01 2.7432355E-01 -1.9495071E-03 7.2705652E-03 9.0465955E-03 7.8764483E-03 2.0962990E-03 1.1767178E-04 4.8952080E-03 3.9348563E-04 5.2869964E-03 4.2213487E-02 2.1715037E-02 1.0130288E-04 1.7706586E+00 1.8689200E+01 -3.5896705E-02
3.1381000E+02 2.5927000E+02 8.6700000E+00 4.5000000E+01 10 5.5229479E+01 1.2694694E-01 2.8253977E-01 -1.9152755E-03 7.5961285E-03 9.1870957E-03 8.1672579E-03 1.8270223E-03 1.2392786E-04 4.8999998E-03 3.4294106E-04 5.2250934E-03 4.3222845E-02 2.2686951E-02 1.0534370E-04 1.7690874E+00 1.8691222E+01 -3.6270061E-02
3.1381000E+02 2.5927000E+02 8.6700000E+00 5.0000000E+01 10 5.5226888E+01 1.3006727E-01 2.8871832E-01 -1.8897804E-03 7.8390996E-03 9.3173572E-03 8.4094675E-03 1.6264691E-03 1.2862797E-04 4.9035015E-03 3.0529625E-04 5.1795890E-03 4.3974638E-02 2.3412378E-02 1.0824715E-04 1.7686258E+00 1.8691967E+01 -3.6494866E-02
3.1381000E+02 2.5927000E+02 8.6700000E+00 5.5000000E+01 10 5.5224921E+01 1.3241756E-01 2.9348750E-01 -1.8702010E-03 8.0243330E-03 9.4368047E-03 8.6148872E-03 1.4724513E-03 1.3222242E-04 4.9052492E-03 2.7638634E-04 5.1442661E-03 4.4552017E-02 2.3965480E-02 1.1038306E-04 1.7687093E+00 1.8692072E+01 -3.6634173E-02
3.1381000E+02 2.5927000E+02 8.6700000E+00 6.0000000E+01 10 5.5223389E+01 1.3423102E-01 2.9725956E-01 -1.8547371E-03 8.1685334E-03 9.5456762E-03 8.7916602E-03 1.3508070E-03 1.3502881E-04 4.9053765E-03 2.5355311E-04 5.1155602E-03 4.5008057E-02 2.4396103E-02 1.1199351E-04 1.7690446E+00 1.8691867E+01 -3.6723608E-02
3.1381000E+02 2.5927000E+02 8.6700000E+00 6.5000000E+01 10 5.5222168E+01 1.3566141E-01 3.0030810E-01 -1.8422216E-03 8.2829826E-03 9.6446131E-03 8.9455520E-03 1.2523562E-03 1.3725890E-04 4.9042034E-03 2.3507341E-04 5.0913774E-03 4.5377160E-02 2.4737908E-02 1.1323667E-04 1.7694794E+00 1.8691528E+01 -3.6783458E-02
3.1381000E+02 2.5927000E+02 8.6700000E+00 6.6000000E+01 10 5.5216134E+01 1.4759239E-01 3.2890129E-01 -1.8398280E-03 1.0327155E-02 1.1654467E-02 1.0965916E-02 1.2335274E-03 1.5551793E-04 5.9168082E-03 2.3153916E-04 6.0835223E-03 4.5465077E-02 3.0844761E-02 1.4621941E-04 1.9597011E+00 1.8387064E+01 -2.4628168E-02
3.1381000E+02 2.5927000E+02 8.6700000E+00 6.7000000E+01 10 5.5215967E+01 1.4773965E-01 3.2917568E-01 -1.8375364E-03 1.0328662E-02 1.1649503E-02 1.0971015E-02 1.2155000E-03 1.5790360E-04 5.9074547E-03 2.2815533E-04 6.0687342E-03 4.5531639E-02 3.0848902E-02 1.4415075E-04 1.9574206E+00 1.8401299E+01 -2.4764286E-02
3.1381000E+02 2.5927000E+02 8.6700000E+00 7.2000000E+01 10 5.5218335E+01 1.3702104E-01 3.0358788E-01 -1.7990552E-03 8.2172478E-03 9.6324797E-03 8.9959408E-03 1.1403487E-03 1.3971433E-04 4.8040816E-03 2.1404906E-04 4.9679612E-03 4.6297350E-02 2.4541453E-02 1.0988889E-04 1.7453635E+00 1.8865643E+01 -3.8934960E-02
3.1381000E+02 2.5927000E+02 8.6700000E+00 7.7000000E+01 10 5.5212992E+01 1.3974693E-01 3.0955414E-01 -1.7497477E-03 8.3368836E-03 9.6900815E-03 9.0890771E-03 1.0766892E-03 1.5238649E-04 4.8271833E-03 2.0209986E-04 4.9735943E-03 4.7276838E-02 2.4898356E-02 1.3700289E-04 1.7324026E+00 1.8944192E+01 -4.0273499E-02
3.1381000E+02 2.5927000E+02 8.6700000E+00 8.2000000E+01 10 5.5207802E+01 1.4282005E-01 3.1612628E-01 -1.7046936E-03 8.5332010E-03 9.7850709E-03 9.2145742E-03 1.0220351E-03 1.7091440E-04 4.8950455E-03 1.9184101E-04 5.0231801E-03 4.8176696E-02 2.5483932E-02 1.6967905E-04 1.7262432E+00 1.8985032E+01 -4.1050809E-02
3.1381000E+02 2.5927000E+02 8.6700000E+00 8.7000000E+01 10 5.5203624E+01 1.4546675E-01 3.2177939E-01 -1.6691479E-03 8.7211310E-03 9.8841280E-03 9.3401261E-03 9.7457024E-04 1.8904575E-04 4.9628344E-03 1.8293163E-04 5.0746924E-03 4.8898598E-02 2.6044519E-02 1.9849109E-04 1.7235031E+00 1.9007063E+01 -4.1496083E-02
3.1381000E+02 2.5927000E+02 8.6700000E+00 9.1000000E+01 10 5.5199518E+01 1.5017636E-01 3.3241466E-01 -1.6468448E-03 9.3552326E-03 1.0409057E-02 9.8840904E-03 9.4046945E-04 2.1352132E-04 5.2626203E-03 1.7653074E-04 5.3563416E-03 4.9375937E-02 2.7937802E-02 2.3532083E-04 1.7579576E+00 1.8977776E+01 -3.8769982E-02
3.1381000E+02 2.5927000E+02 8.6700000E+00 9.2000000E+01 10 5.5194394E+01 1.5968814E-01 3.5486196E-01 -1.6416447E-03 1.0948718E-02 1.1897306E-02 1.1376969E-02 9.3217550E-04 2.5150635E-04 6.0576257E-03 1.7497393E-04 6.1327786E-03 4.9539954E-02 3.2697596E-02 3.0144343E-04 1.8890525E+00 1.8831832E+01 -2.9541884E-02
3.1381000E+02 2.5927000E+02 8.6700000E+00 9.7000000E+01 10 5.5194607E+01 1.4885262E-01 3.3012823E-01 -2.0954616E-03 8.7937339E-03 9.9108287E-03 9.4109829E-03 8.9546538E-04 2.1337689E-04 4.9538505E-03 1.6808326E-04 5.0436472E-03 5.0620106E-02 2.6260477E-02 2.2740521E-04 1.7005424E+00 1.9058200E+01 -4.4083005E-02
3.1381000E+02 2.5927000E+02 8.6700000E+00 1.0200000E+02 10 5.5186766E+01 1.5193597E-01 3.3786186E-01 -2.7550070E-03 8.9415666E-03 9.9703176E-03 9.4887500E-03 8.6272021E-04 2.2467748E-04 5.0103046E-03 1.6193683E-04 5.0874754E-03 5.2009005E-02 2.6701354E-02 2.4673424E-04 1.6909165E+00 1.9080405E+01 -4.5445616E-02
3.1381000E+02 2.5927000E+02 8.6700000E+00 1.0700000E+02 10 5.5179562E+01 1.5509235E-01 3.4555492E-01 -3.3670942E-03 9.1351102E-03 1.0054325E-02 9.5891727E-03 8.3331249E-04 2.3696350E-04 5.0922876E-03 1.5641685E-04 5.1557895E-03 5.3252491E-02 2.7278544E-02 2.6466794E-04 1.6860792E+00 1.9094399E+01 -4.6333336E-02
3.1381000E+02 2.5927000E+02 8.6700000E+00 1.1200000E+02 10 5.5173903E+01 1.5772229E-01 3.5189469E-01 -3.8410055E-03 9.3114388E-03 1.0137689E-02 9.6873693E-03 8.0674016E-04 2.4843800E-04 5.1671012E-03 1.5142909E-04 5.2182336E-03 5.4225692E-02 2.7804432E-02 2.7959797E-04 1.6837755E+00 1.9102774E+01 -4.6893341E-02
3.1381000E+02 2.5927000E+02 8.6700000E+00 1.1700000E+02 10 5.5169752E+01 1.5973867E-01 3.5672963E-01 -4.1787008E-03 9.4529669E-03 1.0211093E-02 9.7742501E-03 7.8259670E-04 2.5819871E-04 5.2254600E-03 1.4689725E-04 5.2660886E-03 5.4945009E-02 2.8226572E-02 2.9116342E-04 1.6827098E+00 1.9107749E+01 -4.7247404E-02
3.1381000E+02 2.5927000E+02 8.6700000E+00 1.2200000E+02 10 5.5166769E+01 1.6124734E-01 3.6033744E-01 -4.4115291E-03 9.5619562E-03 1.0273594E-02 9.8490580E-03 7.6054952E-04 2.6616350E-04 5.2683326E-03 1.4275888E-04 5.3001511E-03 5.5469709E-02 2.8551694E-02 2.9982636E-04 1.6822449E+00 1.9110736E+01 -4.7475331E-02
3.1381000E+02 2.5927000E+02 8.6700000E+00 1.2400000E+02 10 5.5160735E+01 1.7188052E-01 3.8464261E-01 -4.4901584E-03 1.1290599E-02 1.1743125E-02 1.1323335E-02 7.5204646E-04 3.1305583E-04 6.1347924E-03 1.4116282E-04 6.1384325E-03 5.5719725E-02 3.3713832E-02 3.7569477E-04 1.7944461E+00 1.8987431E+01 -3.7798532E-02
3.1381000E+02 2.5927000E+02 8.6700000E+00 1.2500000E+02 10 5.5158821E+01 1.7502671E-01 3.9204946E-01 -4.5261369E-03 1.1802228E-02 1.2215980E-02 1.1798520E-02 7.4787154E-04 3.2781999E-04 6.3896916E-03 1.4037917E-04 6.3858408E-03 5.5824119E-02 3.5241867E-02 3.9545278E-04 1.8334866E+00 1.8945236E+01 -3.4910105E-02
3.1381000E+02 2.5927000E+02 8.6700000E+00 1.3000000E+02 10 5.5164082E+01 1.6189387E-01 3.6241394E-01 -4.6465209E-03 9.5368054E-03 1.0277676E-02 9.8707103E-03 7.2907289E-04 2.7374438E-04 5.2377741E-03 1.3685057E-04 5.2610970E-03 5.6039735E-02 2.8476209E-02 2.9740637E-04 1.6741929E+00 1.9122675E+01 -4.8468186E-02
3.1381000E+02 2.5927000E+02 8.6700000E+00 1.3100000E+02 10 5.5157005E+01 1.7572475E-01 3.9399656E-01 -4.6686854E-03 1.1830307E-02 1.2255806E-02 1.1850933E-02 7.2532385E-04 3.3429004E-04 6.3905946E-03 1.3614685E-04 6.3810061E-03 5.6196961E-02 3.5325757E-02 4.0549911E-04 1.8296404E+00 1.8950006E+01 -3.5291006E-02
3.1381000E+02 2.5927000E+02 8.6700000E+00 1.3200000E+02 10 5.5156723E+01 1.7584867E-01 3.9424394E-01 -4.6891892E-03 1.1833629E-02 1.2250809E-02 1.1847991E-02 7.2164069E-04 3.3467772E-04 6.3907524E-03 1.3545551E-04 6.3787753E-03 5.6246894E-02 3.5335334E-02 3.9968587E-04 1.8286491E+00 1.8952297E+01 -3.5378026E-02
3.1381000E+02 2.5927000E+02 8.6700000E+00 1.3700000E+02 10 5.5156584E+01 1.6392508E-01 3.6835952E-01 -5.7620970E-03 9.5637930E-03 1.0306368E-02 9.9133035E-03 7.0416820E-04 2.7882985E-04 5.2372733E-03 1.3217583E-04 5.2530910E-03 5.7548124E-02 2.8556513E-02 3.0083432E-04 1.6626258E+00 1.9115684E+01 -5.0201727E-02
3.1381000E+02 2.5927000E+02 8.6700000E+00 1.4200000E+02 10 5.5146516E+01 1.6750937E-01 3.7774132E-01 -7.2796612E-03 9.7566509E-03 1.0409671E-02 1.0025847E-02 6.8761328E-04 2.7853553E-04 5.3261294E-03 1.2906840E-04 5.3321287E-03 5.9444282E-02 2.9131908E-02 3.0419374E-04 1.6569796E+00 1.9085503E+01 -5.1505726E-02
3.1381000E+02 2.5927000E+02 8.6700000E+00 1.4700000E+02 10 5.5136855E+01 1.7130475E-01 3.8730691E-01 -8.7085642E-03 9.9990323E-03 1.0536983E-02 1.0161842E-02 6.7205743E-04 2.7303544E-04 5.4411558E-03 1.2614849E-04 5.4354528E-03 6.1208396E-02 2.9854917E-02 2.9478915E-04 1.6546529E+00 1.9043149E+01 -5.2417198E-02
3.1381000E+02 2.5927000E+02 8.6700000E+00 1.5200000E+02 10 5.5129087E+01 1.7448933E-01 3.9521647E-01 -9.8403278E-03 1.0213850E-02 1.0654862E-02 1.0287847E-02 6.5750116E-04 2.6404747E-04 5.5426737E-03 1.2341620E-04 5.5263678E-03 6.2604185E-02 3.0495706E-02 2.7671993E-04 1.6537438E+00 1.8995732E+01 -5.3035697E-02
3.1381000E+02 2.5927000E+02 8.6700000E+00 1.5700000E+02 10 5.5123318E+01 1.7691901E-01 4.0120151E-01 -1.0667227E-02 1.0381646E-02 1.0752572E-02 1.0393157E-02 6.4388619E-04 2.5382584E-04 5.6206531E-03 1.2086061E-04 5.5955400E-03 6.3630523E-02 3.0996250E-02 2.5500482E-04 1.6533746E+00 1.8948891E+01 -5.3453866E-02
3.1381000E+02 2.5927000E+02 8.6700000E+00 1.6200000E+02 10 5.5119154E+01 1.7871285E-01 4.0559546E-01 -1.1252016E-02 1.0507146E-02 1.0830705E-02 1.0478409E-02 6.3113129E-04 2.4406055E-04 5.6774811E-03 1.1846645E-04 5.6451519E-03 6.4366576E-02 3.1370648E-02 2.3347393E-04 1.6532171E+00 1.8907276E+01 -5.3738594E-02
3.1381000E+02 2.5927000E+02 8.6700000E+00 1.6700000E+02 10 5.5116149E+01 1.8003782E-01 4.0882947E-01 -1.1663988E-02 1.0600748E-02 1.0893303E-02 1.0547694E-02 6.1915253E-04 2.3562367E-04 5.7184436E-03 1.1621798E-04 5.6801014E-03 6.4896788E-02 3.1649899E-02 2.1432376E-04 1.6531575E+00 1.8874030E+01 -5.3935308E-02
3.1381000E+02 2.5927000E+02 8.6700000E+00 1.6800000E+02 10 5.5108471E+01 1.9460250E-01 4.4128024E-01 -1.1740019E-02 1.2966522E-02 1.2856951E-02 1.2512663E-02 6.1678716E-04 2.5866804E-04 6.9106439E-03 1.1577398E-04 6.8340130E-03 6.5018664E-02 3.8714576E-02 2.5530114E-04 1.7940919E+00 1.8647507E+01 -4.0534634E-02
3.1381000E+02 2.5927000E+02 8.6700000E+00 1.6900000E+02 10 5.5107997E+01 1.9474073E-01 4.4159703E-01 -1.1810217E-02 1.2966310E-02 1.2847655E-02 1.2504671E-02 6.1445149E-04 2.5892128E-04 6.9099513E-03 1.1533557E-04 6.8309983E-03 6.5107857E-02 3.8713545E-02 2.4728565E-04 1.7927100E+00 1.8647701E+01 -4.0678850E-02
3.1381000E+02 2.5927000E+02 8.6700000E+00 1.7400000E+02 10 5.5120377E+01 1.7420395E-01 4.0484814E-01 -1.5606743E-02 1.0501090E-02 1.0839099E-02 1.0502260E-02 6.0344111E-04 2.2620701E-04 5.6594717E-03 1.1326886E-04 5.6177922E-03 6.4252754E-02 3.1352044E-02 1.8641391E-04 1.7012701E+00 1.8801141E+01 -4.9234207E-02
3.1381000E+02 2.5927000E+02 8.6700000E+00 1.7500000E+02 10 5.5115352E+01 1.8553090E-01 4.3323295E-01 -1.6513844E-02 1.2636218E-02 1.2780264E-02 1.2444639E-02 6.0126516E-04 2.4568259E-04 6.7313543E-03 1.1286043E-04 6.6641096E-03 6.4053622E-02 3.7729716E-02 2.2299872E-04 1.8643424E+00 1.8543255E+01 -3.5333064E-02
3.1381000E+02 2.5927000E+02 8.6700000E+00 1.7600000E+02 10 5.5117291E+01 1.8317763E-01 4.3083463E-01 -1.7556689E-02 1.2531322E-02 1.2755498E-02 1.2421074E-02 5.9911478E-04 2.4470919E-04 6.6760795E-03 1.1245679E-04 6.6123979E-03 6.3781855E-02 3.7416919E-02 2.1631487E-04 1.8805431E+00 1.8530320E+01 -3.4219436E-02
3.1381000E+02 2.5927000E+02 8.6700000E+00 1.8100000E+02 10 5.5077022E+01 1.7532202E-01 4.3212335E-01 -2.7491630E-02 9.9638933E-03 1.0745742E-02 1.0416997E-02 5.8893983E-04 2.1118344E-04 5.3718811E-03 1.1054690E-04 5.3532486E-03 7.2731460E-02 2.9751526E-02 1.6378208E-04 1.6648972E+00 1.8825431E+01 -5.6789127E-02
3.1381000E+02 2.5927000E+02 8.6700000E+00 1.8600000E+02 10 5.5000343E+01 1.9362179E-01 4.9034953E-01 -3.8467972E-02 1.0105453E-02 1.0785228E-02 1.0461871E-02 5.7928782E-04 2.0697618E-04 5.4397531E-03 1.0873517E-04 5.4119284E-03 8.6856834E-02 3.0173444E-02 1.6065043E-04 1.5749268E+00 1.8904042E+01 -7.3659347E-02
3.1381000E+02 2.5927000E+02 8.6700000E+00 1.9100000E+02 10 5.4924374E+01 2.1578999E-01 5.5193165E-01 -4.7913278E-02 1.0670382E-02 1.0864880E-02 1.0546645E-02 5.7011173E-04 2.1120685E-04 5.7299399E-03 1.0701278E-04 5.6674528E-03 1.0053849E-01 3.1855705E-02 1.6231155E-04 1.5092945E+00 1.8961303E+01 -8.9420215E-02
3.1381000E+02 2.5927000E+02 8.6700000E+00 1.9600000E+02 10 5.4862687E+01 2.3572125E-01 6.0409007E-01 -5.5103739E-02 1.1362538E-02 1.0948032E-02 1.0634677E-02 5.6137042E-04 2.1983496E-04 6.0876741E-03 1.0537199E-04 5.9816296E-03 1.1148218E-01 3.3916366E-02 1.6532871E-04 1.4681802E+00 1.8996753E+01 -1.0141111E-01
3.1381000E+02 2.5927000E+02 8.6700000E+00 2.0100000E+02 10 5.4816993E+01 2.5148903E-01 6.4398853E-01 -6.0270041E-02 1.2010444E-02 1.1021054E-02 1.0712356E-02 5.5302775E-04 2.2991376E-04 6.4225765E-03 1.0380603E-04 6.2753726E-03 1.1949654E-01 3.5845120E-02 1.6805722E-04 1.4435814E+00 1.9017729E+01 -1.0971172E-01
3.1381000E+02 2.5927000E+02 8.6700000E+00 2.0600000E+02 10 5.4784424E+01 2.6329103E-01 6.7321501E-01 -6.3908177E-02 1.2555075E-02 1.1082246E-02 1.0778000E-02 5.4505180E-04 2.3993118E-04 6.7033325E-03 1.0230890E-04 6.5217150E-03 1.2515479E-01 3.7466468E-02 1.7006968E-04 1.4291023E+00 1.9029910E+01 -1.1521479E-01
3.1381000E+02 2.5927000E+02 8.6700000E+00 2.1100000E+02 10 5.4761387E+01 2.7197441E-01 6.9440983E-01 -6.6479189E-02 1.2993489E-02 1.1134007E-02 1.0834024E-02 5.3741423E-04 2.4928296E-04 6.9282978E-03 1.0087529E-04 6.7194017E-03 1.2912483E-01 3.8771751E-02 1.7140999E-04 1.4206306E+00 1.9036892E+01 -1.1881328E-01
3.1381000E+02 2.5927000E+02 8.6700000E+00 2.1600000E+02 10 5.4744903E+01 2.7839578E-01 7.0993183E-01 -6.8329229E-02 1.3342240E-02 1.1179293E-02 1.0883399E-02 5.3008979E-04 2.5777159E-04 7.1061869E-03 9.9500460E-05 6.8760488E-03 1.3194575E-01 3.9810255E-02 1.7224278E-04 1.4156841E+00 1.9040840E+01 -1.2117857E-01
3.1381000E+02 2.5927000E+02 8.6700000E+00 2.2100000E+02 10 5.4732841E+01 2.8322542E-01 7.2153992E-01 -6.9695542E-02 1.3620952E-02 1.1220441E-02 1.0928473E-02 5.2305584E-04 2.6536819E-04 7.2473517E-03 9.8180154E-05 7.0006523E-03 1.3399823E-01 4.0640365E-02 1.7272817E-04 1.4128045E+00 1.9043028E+01 -1.2276060E-01
3.1381000E+02 2.5927000E+02 8.6700000E+00 2.2600000E+02 10 5.4723766E+01 2.8694356E-01 7.3045161E-01 -7.0734207E-02 1.3846603E-02 1.1259005E-02 1.0970813E-02 5.1629205E-04 2.7211387E-04 7.3607589E-03 9.6910557E-05 7.1009772E-03 1.3553546E-01 4.1312578E-02 1.7298909E-04 1.4111453E+00 1.9044194E+01 -1.2384491E-01
3.1381000E+02 2.5927000E+02 8.6700000E+00 2.3100000E+02 10 5.4716741E+01 2.8987757E-01 7.3748059E-01 -7.1546499E-02 1.4032217E-02 1.1295913E-02 1.1011355E-02 5.0978005E-04 2.7807376E-04 7.4532674E-03 9.5688223E-05 7.1829962E-03 1.3672173E-01 4.1865634E-02 1.7311060E-04 1.4102143E+00 1.9044767E+01 -1.2460899E-01
3.1381000E+02 2.5927000E+02 8.6700000E+00 2.3600000E+02 10 5.4711155E+01 2.9224680E-01 7.4316536E-01 -7.2198354E-02 1.4187300E-02 1.1331661E-02 1.1050607E-02 5.0350323E-04 2.8331987E-04 7.5298677E-03 9.4510033E-05 7.2510794E-03 1.3766325E-01 4.2327806E-02 1.7314857E-04 1.4097227E+00 1.9044996E+01 -1.2516300E-01
3.1381000E+02 2.5927000E+02 8.6700000E+00 2.4100000E+02 10 5.4706605E+01 2.9419914E-01 7.4786482E-01 -7.2733321E-02 1.4318686E-02 1.1366478E-02 1.1088805E-02 4.9744649E-04 2.8792426E-04 7.5941526E-03 9.3373153E-05 7.3083609E-03 1.3842938E-01 4.2719427E-02 1.7313857E-04 1.4094982E+00 1.9045027E+01 -1.2557600E-01
3.1381000E+02 2.5927000E+02 8.6700000E+00 2.4600000E+02 10 5.4702824E+01 2.9583595E-01 7.5182238E-01 -7.3180796E-02 1.4431322E-02 1.1400443E-02 1.1126036E-02 4.9159609E-04 2.9195876E-04 7.6487299E-03 9.2275004E-05 7.3570967E-03 1.3906621E-01 4.3055207E-02 1.7310273E-04 1.4094368E+00 1.9044945E+01 -1.2589203E-01
3.1381000E+02 2.5927000E+02 8.6700000E+00 2.5100000E+02 10 5.4699629E+01 2.9722814E-01 7.5520697E-01 -7.3561130E-02 1.4528846E-02 1.1433552E-02 1.1162303E-02 4.8593950E-04 2.9549329E-04 7.6955217E-03 9.1213233E-05 7.3989403E-03 1.3960519E-01 4.3345972E-02 1.7305429E-04 1.4094742E+00 1.9044802E+01 -1.2613980E-01
3.1381000E+02 2.5927000E+02 8.6700000E+00 2.5600000E+02 10 5.4696888E+01 2.9842662E-01 7.5813900E-01 -7.3888792E-02 1.4613992E-02 1.1465770E-02 1.1197576E-02 4.8046524E-04 2.9859388E-04 7.7359731E-03 9.0185688E-05 7.4351331E-03 1.4006830E-01 4.3599864E-02 1.7300130E-04 1.4095704E+00 1.9044629E+01 -1.2633844E-01
3.1381000E+02 2.5927000E+02 8.6700000E+00 2.6100000E+02 10 5.4694509E+01 2.9946888E-01 7.6070652E-01 -7.4174337E-02 1.4688861E-02 1.1497047E-02 1.1231813E-02 4.7516280E-04 3.0131967E-04 7.7711887E-03 8.9190395E-05 7.4666300E-03 1.4047135E-01 4.3823129E-02 1.7294820E-04 1.4096998E+00 1.9044445E+01 -1.2650105E-01
3.1381000E+02 2.5927000E+02 8.6700000E+00 2.6400000E+02 10 5.4688154E+01 3.1017349E-01 7.8214757E-01 -7.4332386E-02 1.6256128E-02 1.2428098E-02 1.2164606E-02 4.7204105E-04 3.1988215E-04 8.5710250E-03 8.8604426E-05 8.2164475E-03 1.4070145E-01 4.8498517E-02 1.9334158E-04 1.4464860E+00 1.8962894E+01 -1.1852175E-01
3.1381000E+02 2.5927000E+02 8.6700000E+00 2.6500000E+02 10 5.4682754E+01 3.2035276E-01 8.0247255E-01 -7.4383659E-02 1.7776957E-02 1.3368510E-02 1.3105596E-02 4.7100702E-04 3.3499259E-04 9.3471797E-03 8.8410334E-05 8.9471766E-03 1.4078019E-01 5.3036033E-02 2.1244428E-04 1.4852936E+00 1.8855806E+01 -1.1051536E-01
3.1381000E+02 2.5927000E+02 8.6700000E+00 2.7000000E+02 10 5.4690299E+01 3.0276265E-01 7.6818532E-01 -7.4570651E-02 1.5087390E-02 1.1751815E-02 1.1490909E-02 4.6740840E-04 3.1500307E-04 7.9701363E-03 8.7734856E-05 7.6518686E-03 1.4102961E-01 4.5011924E-02 1.7394975E-04 1.4172024E+00 1.9034252E+01 -1.2509167E-01
3.1381000E+02 2.5927000E+02 8.6700000E+00 2.7500000E+02 10 5.4687323E+01 3.0647418E-01 7.7594404E-01 -7.4745281E-02 1.5599563E-02 1.2076358E-02 1.1817792E-02 4.6321675E-04 3.2021638E-04 8.2288305E-03 8.6948062E-05 7.8952620E-03 1.4127900E-01 4.6540108E-02 1.8089182E-04 1.4286121E+00 1.9009373E+01 -1.2267273E-01
3.1381000E+02 2.5927000E+02 8.6700000E+00 2.8000000E+02 10 5.4684712E+01 3.0961657E-01 7.8263746E-01 -7.4907260E-02 1.6033787E-02 1.2368621E-02 1.2112441E-02 4.5894311E-04 3.2605907E-04 8.4472884E-03 8.6145879E-05 8.1015313E-03 1.4151000E-01 4.7835852E-02 1.8455681E-04 1.4385256E+00 1.8991885E+01 -1.2061552E-01
3.1381000E+02 2.5927000E+02 8.6700000E+00 2.8500000E+02 10 5.4682546E+01 3.1201595E-01 7.8794441E-01 -7.5057793E-02 1.6364837E-02 1.2615140E-02 1.2361382E-02 4.5460262E-04 3.3138922E-04 8.6124014E-03 8.5331148E-05 8.2588188E-03 1.4172493E-01 4.8823957E-02 1.8636987E-04 1.4462532E+00 1.8980248E+01 -1.1905122E-01
3.1381000E+02 2.5927000E+02 8.6700000E+00 2.8900000E+02 10 5.4678706E+01 3.1826100E-01 8.0086305E-01 -7.5171004E-02 1.7290176E-02 1.3231165E-02 1.2979335E-02 4.5114980E-04 3.4311795E-04 9.0816338E-03 8.4683037E-05 8.7026241E-03 1.4188985E-01 5.1585120E-02 1.9600866E-04 1.4694501E+00 1.8932215E+01 -1.1424630E-01
3.1381000E+02 2.5927000E+02 8.6700000E+00 2.9000000E+02 10 5.4671084E+01 3.3320930E-01 8.3095507E-01 -7.5198857E-02 1.9552706E-02 1.4692065E-02 1.4440715E-02 4.5028892E-04 3.6231987E-04 1.0234922E-02 8.4521444E-05 9.7925751E-03 1.4193841E-01 5.8336560E-02 2.2295462E-04 1.5310937E+00 1.8741580E+01 -1.0212154E-01
3.1381000E+02 2.5927000E+02 8.6700000E+00 2.9500000E+02 10 5.4718038E+01 3.0425844E-01 7.6442858E-01 -7.0664612E-02 1.6579406E-02 1.2881133E-02 1.2632114E-02 4.4611378E-04 3.4070893E-04 8.7123520E-03 8.3737751E-05 8.3602069E-03 1.3507116E-01 4.9465170E-02 1.8331855E-04 1.4838145E+00 1.8948677E+01 -1.0851598E-01
3.1381000E+02 2.5927000E+02 8.6700000E+00 3.0000000E+02 10 5.4779507E+01 2.8807316E-01 7.1824394E-01 -6.3213393E-02 1.6462661E-02 1.2991426E-02 1.2744655E-02 4.4208630E-04 3.3777061E-04 8.6435189E-03 8.2981772E-05 8.3089021E-03 1.2381590E-01 4.9119520E-02 1.8298844E-04 1.5411607E+00 1.8887494E+01 -9.3384626E-02
3.1381000E+02 2.5927000E+02 8.6700000E+00 3.0100000E+02 10 5.4784158E+01 3.0153860E-01 7.4366163E-01 -6.1629252E-02 1.9070633E-02 1.4917352E-02 1.4671027E-02 4.4128678E-04 3.5916870E-04 9.9657351E-03 8.2831699E-05 9.5744946E-03 1.2143624E-01 5.6905367E-02 2.1747366E-04 1.6478866E+00 1.8623173E+01 -7.5615018E-02
3.1381000E+02 2.5927000E+02 8.6700000E+00 3.0200000E+02 10 5.4798110E+01 2.9726662E-01 7.3233553E-01 -5.9979073E-02 1.8955152E-02 1.4928418E-02 1.4682537E-02 4.4049325E-04 3.6139354E-04 9.9038506E-03 8.2682749E-05 9.5212313E-03 1.1894333E-01 5.6561831E-02 2.1438132E-04 1.6631244E+00 1.8623631E+01 -7.2664742E-02
3.1381000E+02 2.5927000E+02 8.6700000E+00 3.0300000E+02 10 5.4814698E+01 2.9153249E-01 7.1764131E-01 -5.8062386E-02 1.8705133E-02 1.4868058E-02 1.4622105E-02 4.4062054E-04 3.6254990E-04 9.7734531E-03 8.2706642E-05 9.4043963E-03 1.1604539E-01 5.5816988E-02 2.1012866E-04 1.6770775E+00 1.8629993E+01 -6.9854383E-02
3.1381000E+02 2.5927000E+02 8.6700000E+00 3.0800000E+02 10 5.4893456E+01 2.5084955E-01 6.2066635E-01 -4.9898211E-02 1.5075247E-02 1.2708452E-02 1.2462658E-02 4.4033535E-04 3.2362978E-04 7.9150678E-03 8.2653110E-05 7.6626468E-03 1.0369036E-01 4.4987639E-02 1.6442917E-04 1.6304642E+00 1.8821784E+01 -7.2173719E-02
3.1381000E+02 2.5927000E+02 8.6700000E+00 3.1300000E+02 10 5.4946436E+01 2.3243022E-01 5.7397931E-01 -4.3785681E-02 1.4275786E-02 1.2608072E-02 1.2361906E-02 4.4100299E-04 3.0678123E-04 7.4950779E-03 8.2778430E-05 7.2931754E-03 9.4449223E-02 4.2607373E-02 1.5959802E-04 1.6765369E+00 1.8773725E+01 -6.3059350E-02
3.1381000E+02 2.5927000E+02 8.6700000E+00 3.1800000E+02 10 5.4984393E+01 2.1884042E-01 5.4030881E-01 -3.9435103E-02 1.3659955E-02 1.2600413E-02 1.2353385E-02 4.4254787E-04 2.9196368E-04 7.1713714E-03 8.3068412E-05 7.0103887E-03 8.7867353E-02 4.0774196E-02 1.5536009E-04 1.7134626E+00 1.8734612E+01 -5.6637912E-02
3.1381000E+02 2.5927000E+02 8.6700000E+00 3.2300000E+02 10 5.5011264E+01 2.0874964E-01 5.1600219E-01 -3.6389366E-02 1.3162285E-02 1.2629616E-02 1.2381525E-02 4.4444981E-04 2.7839926E-04 6.9104646E-03 8.3425415E-05 6.7820540E-03 8.3255016E-02 3.9292676E-02 1.5154011E-04 1.7402351E+00 1.8706413E+01 -5.2341549E-02
3.1381000E+02 2.5927000E+02 8.6700000E+00 3.2800000E+02 10 5.5030414E+01 2.0114579E-01 4.9819307E-01 -3.4249114E-02 1.2749561E-02 1.2665907E-02 1.2416769E-02 4.4632755E-04 2.6596914E-04 6.6951645E-03 8.3777875E-05 6.5919085E-03 8.0009897E-02 3.8063762E-02 1.4820148E-04 1.7582824E+00 1.8687604E+01 -4.9542879E-02
3.1381000E+02 2.5927000E+02 8.6700000E+00 3.2900000E+02 10 5.5027855E+01 2.1198659E-01 5.2322922E-01 -3.3854231E-02 1.4736006E-02 1.4564163E-02 1.4314817E-02 4.4669939E-04 2.8157800E-04 7.6934626E-03 8.3847673E-05 7.5681336E-03 7.9426633E-02 4.3998204E-02 1.7871943E-04 1.9028885E+00 1.8412948E+01 -3.6857822E-02
3.1381000E+02 2.5927000E+02 8.6700000E+00 3.3000000E+02 10 5.5031203E+01 2.1051915E-01 5.1986580E-01 -3.3489639E-02 1.4641453E-02 1.4554756E-02 1.4305206E-02 4.4706516E-04 2.8104634E-04 7.6450524E-03 8.3916330E-05 7.5233388E-03 7.8872622E-02 4.3716209E-02 1.7599632E-04 1.9058788E+00 1.8423041E+01 -3.6511493E-02
3.1381000E+02 2.5927000E+02 8.6700000E+00 3.3500000E+02 10 5.5026847E+01 2.0014917E-01 4.9480679E-01 -3.2614832E-02 1.2115890E-02 1.2599731E-02 1.2349317E-02 4.4861355E-04 2.5116216E-04 6.3689737E-03 8.4206970E-05 6.2937662E-03 8.1078590E-02 3.6174973E-02 1.4023005E-04 1.6964280E+00 1.8758335E+01 -5.6066523E-02
3.1381000E+02 2.5927000E+02 8.6700000E+00 3.4000000E+02 10 5.4999927E+01 2.1034999E-01 5.1453534E-01 -3.2311594E-02 1.2115129E-02 1.2593151E-02 1.2342046E-02 4.4985040E-04 2.4526753E-04 6.3725074E-03 8.4439132E-05 6.2907534E-03 8.6016498E-02 3.6171765E-02 1.4280462E-04 1.6205555E+00 1.8830330E+01 -6.6384781E-02
3.1381000E+02 2.5927000E+02 8.6700000E+00 3.4500000E+02 10 5.4970520E+01 2.2330325E-01 5.3917676E-01 -3.2229792E-02 1.2445040E-02 1.2617783E-02 1.2366152E-02 4.5079169E-04 2.4588937E-04 6.5496522E-03 8.4615818E-05 6.4406347E-03 9.1183215E-02 3.7153073E-02 1.4759930E-04 1.5643365E+00 1.8883342E+01 -7.5549114E-02
3.1381000E+02 2.5927000E+02 8.6700000E+00 3.5000000E+02 10 5.4945660E+01 2.3524393E-01 5.6151383E-01 -3.2191090E-02 1.2887094E-02 1.2649093E-02 1.2397083E-02 4.5147128E-04 2.5015159E-04 6.7856109E-03 8.4743380E-05 6.6421553E-03 9.5437186E-02 3.8468168E-02 1.5258677E-04 1.5277515E+00 1.8917797E+01 -8.2359120E-02
3.1381000E+02 2.5927000E+02 8.6700000E+00 3.5500000E+02 10 5.4926987E+01 2.4481529E-01 5.7912645E-01 -3.2134456E-02 1.3310667E-02 1.2675389E-02 1.2423125E-02 4.5192613E-04 2.5593630E-04 7.0114393E-03 8.4828757E-05 6.8352369E-03 9.8567806E-02 3.9728279E-02 1.5681065E-04 1.5050021E+00 1.8939312E+01 -8.6997495E-02
3.1381000E+02 2.5927000E+02 8.6700000E+00 3.6000000E+02 10 5.4913750E+01 2.5199005E-01 5.9210778E-01 -3.2051642E-02 1.3666089E-02 1.2693815E-02 1.2441404E-02 4.5219004E-04 2.6198099E-04 7.2008345E-03 8.4878294E-05 6.9971840E-03 1.0074739E-01 4.0785642E-02 1.6007215E-04 1.4910361E+00 1.8952605E+01 -9.0026017E-02
3.1381000E+02 2.5927000E+02 8.6700000E+00 3.6500000E+02 10 5.4904598E+01 2.5721672E-01 6.0139810E-01 -3.1951070E-02 1.3947061E-02 1.2705267E-02 1.2452800E-02 4.5229164E-04 2.6766482E-04 7.3505105E-03 8.4897365E-05 7.1251166E-03 1.0222926E-01 4.1621545E-02 1.6248332E-04 1.4824286E+00 1.8960856E+01 -9.1972555E-02
3.1381000E+02 2.5927000E+02 8.6700000E+00 3.7000000E+02 10 5.4898294E+01 2.6100377E-01 6.0800418E-01 -3.1842975E-02 1.4164051E-02 1.2711609E-02 1.2459162E-02 4.5225434E-04 2.7274987E-04 7.4661072E-03 8.4890364E-05 7.2237709E-03 1.0323297E-01 4.2267144E-02 1.6423451E-04 1.4770450E+00 1.8966051E+01 -9.3225686E-02
3.1381000E+02 2.5927000E+02 8.6700000E+00 3.7500000E+02 10 5.4893912E+01 2.6377214E-01 6.1273924E-01 -3.1734984E-02 1.4331090E-02 1.2714576E-02 1.2462217E-02 4.5209708E-04 2.7719212E-04 7.5551455E-03 8.4860846E-05 7.2995032E-03 1.0391913E-01 4.2764170E-02 1.6550303E-04 1.4736011E+00 1.8969395E+01 -9.4043336E-02
3.1381000E+02 2.5927000E+02 8.6700000E+00 3.8000000E+02 10 5.4890810E+01 2.6583153E-01 6.1619102E-01 -3.1631718E-02 1.4460743E-02 1.2715484E-02 1.2463271E-02 4.5183518E-04 2.8103480E-04 7.6243005E-03 8.4811685E-05 7.3580626E-03 1.0439658E-01 4.3149993E-02 1.6642818E-04 1.4713364E+00 1.8971609E+01 -9.4588162E-02
3.1381000E+02 2.5927000E+02 8.6700000E+00 3.8500000E+02 10 5.4888565E+01 2.6739645E-01 6.1876178E-01 -3.1535524E-02 1.4562784E-02 1.2715240E-02 1.2463225E-02 4.5148115E-04 2.8434527E-04 7.6787338E-03 8.4745232E-05 7.4039511E-03 1.0473633E-01 4.3453678E-02 1.6711112E-04 1.4698008E+00 1.8973121E+01 -9.4960588E-02
3.1381000E+02 2.5927000E+02 8.6700000E+00 3.9000000E+02 10 5.4886901E+01 2.6861162E-01 6.2071999E-01 -3.1447289E-02 1.4644325E-02 1.2714437E-02 1.2462665E-02 4.5104539E-04 2.8719115E-04 7.7222094E-03 8.4663437E-05 7.4404377E-03 1.0498410E-01 4.3696374E-02 1.6762223E-04 1.4687246E+00 1.8974188E+01 -9.5222530E-02
3.1381000E+02 2.5927000E+02 8.6700000E+00 3.9500000E+02 10 5.4885639E+01 2.6957448E-01 6.2224413E-01 -3.1367067E-02 1.4710424E-02 1.2713440E-02 1.2461951E-02 4.5053667E-04 2.8963548E-04 7.7574192E-03 8.4567949E-05 7.4698353E-03 1.0516930E-01 4.3893126E-02 1.6800983E-04 1.4679437E+00 1.8974970E+01 -9.5412435E-02
3.1381000E+02 2.5927000E+02 8.6700000E+00 4.0000000E+02 10 5.4884660E+01 2.7035123E-01 6.2345392E-01 -3.1294468E-02 1.4764689E-02 1.2712453E-02 1.2461286E-02 4.4996256E-04 2.9173509E-04 7.7862917E-03 8.4460185E-05 7.4937846E-03 1.0531105E-01 4.4054656E-02 1.6830744E-04 1.4673566E+00 1.8975563E+01 -9.5554482E-02
3.1381000E+02 2.5927000E+02 8.6700000E+00 4.0500000E+02 10 5.4883885E+01 2.7098781E-01 6.2443110E-01 -3.1228909E-02 1.4809730E-02 1.2711579E-02 1.2460765E-02 4.4932965E-04 2.9354092E-04 7.8102244E-03 8.4341385E-05 7.5134757E-03 1.0542199E-01 4.4188733E-02 1.6853851E-04 1.4668994E+00 1.8976029E+01 -9.5664109E-02
3.1381000E+02 2.5927000E+02 8.6700000E+00 4.1000000E+02 10 5.4883261E+01 2.7151666E-01 6.2523260E-01 -3.1169742E-02 1.4847473E-02 1.2710851E-02 1.2460419E-02 4.4864381E-04 2.9509780E-04 7.8302480E-03 8.4212649E-05 7.5297863E-03 1.0551061E-01 4.4301081E-02 1.6871937E-04 1.4665307E+00 1.8976409E+01 -9.5751369E-02
3.1381000E+02 2.5927000E+02 8.6700000E+00 4.1200000E+02 10 5.4875914E+01 2.8601462E-01 6.5427603E-01 -3.1147056E-02 1.7044846E-02 1.4083650E-02 1.3833377E-02 4.4836136E-04 3.1763542E-04 8.9537679E-03 8.4159632E-05 8.5853703E-03 1.0555347E-01 5.0857461E-02 1.9794727E-04 1.5346342E+00 1.8823884E+01 -8.4142354E-02
3.1381000E+02 2.5927000E+02 8.6700000E+00 4.1700000E+02 10 5.4883130E+01 2.7098422E-01 6.2399966E-01 -3.1095838E-02 1.4725754E-02 1.2626304E-02 1.2376450E-02 4.4760959E-04 2.9821441E-04 7.7686735E-03 8.4018521E-05 7.4690062E-03 1.0560802E-01 4.3937574E-02 1.6503907E-04 1.4615211E+00 1.8988739E+01 -9.6689895E-02
3.1381000E+02 2.5927000E+02 8.6700000E+00 4.2200000E+02 10 5.4882779E+01 2.7125345E-01 6.2431943E-01 -3.1049535E-02 1.4736514E-02 1.2611201E-02 1.2361789E-02 4.4681675E-04 2.9709733E-04 7.7746056E-03 8.3869701E-05 7.4725415E-03 1.0566407E-01 4.3969508E-02 1.6671605E-04 1.4607627E+00 1.8986470E+01 -9.6835397E-02
3.1381000E+02 2.5927000E+02 8.6700000E+00 4.2700000E+02 10 5.4882303E+01 2.7184579E-01 6.2525697E-01 -3.1007623E-02 1.4797523E-02 1.2622069E-02 1.2373120E-02 4.4598703E-04 2.9749330E-04 7.8064292E-03 8.3713958E-05 7.4999111E-03 1.0571155E-01 4.4151247E-02 1.6790296E-04 1.4615238E+00 1.8983688E+01 -9.6703454E-02
3.1381000E+02 2.5927000E+02 8.6700000E+00 4.2900000E+02 10 5.4874950E+01 2.8648228E-01 6.5451248E-01 -3.0991529E-02 1.7016941E-02 1.3997346E-02 1.3748586E-02 4.4564950E-04 3.1989941E-04 8.9416813E-03 8.3650602E-05 8.5654778E-03 1.0573992E-01 5.0773256E-02 1.9769703E-04 1.5297546E+00 1.8831260E+01 -8.4963404E-02
3.1381000E+02 2.5927000E+02 8.6700000E+00 4.3000000E+02 10 5.4872668E+01 2.9100032E-01 6.6361324E-01 -3.0983645E-02 1.7702251E-02 1.4442491E-02 1.4193825E-02 4.4547935E-04 3.2858476E-04 9.2918465E-03 8.3618666E-05 8.8948718E-03 1.0575095E-01 5.2818165E-02 2.0468297E-04 1.5528083E+00 1.8773674E+01 -8.1306336E-02
3.1381000E+02 2.5927000E+02 8.6700000E+00 4.3500000E+02 10 5.4881355E+01 2.7351914E-01 6.2862042E-01 -3.0944479E-02 1.5044210E-02 1.2790056E-02 1.2539723E-02 4.4846776E-04 3.0813160E-04 7.9353871E-03 8.4179604E-05 7.6188806E-03 1.0573702E-01 4.4886788E-02 1.6774190E-04 1.4683719E+00 1.8976458E+01 -9.5475411E-02
3.1381000E+02 2.5927000E+02 8.6700000E+00 4.3600000E+02 10 5.4871650E+01 2.9301155E-01 6.6782758E-01 -3.0936987E-02 1.8013801E-02 1.4688480E-02 1.4437851E-02 4.4899677E-04 3.3300622E-04 9.4526849E-03 8.4278902E-05 9.0482402E-03 1.0575175E-01 5.3748201E-02 2.0878661E-04 1.5639223E+00 1.8734889E+01 -7.9589110E-02
3.1381000E+02 2.5927000E+02 8.6700000E+00 4.3700000E+02 10 5.4872242E+01 2.9324624E-01 6.6797256E-01 -3.0760367E-02 1.8068009E-02 1.4725666E-02 1.4474743E-02 4.4952483E-04 3.3745955E-04 9.4812222E-03 8.4378021E-05 9.0740924E-03 1.0560801E-01 5.3909697E-02 2.0719590E-04 1.5662198E+00 1.8741866E+01 -7.9180987E-02
3.1381000E+02 2.5927000E+02 8.6700000E+00 4.3800000E+02 10 5.4874545E+01 2.9309402E-01 6.6665342E-01 -3.0223469E-02 1.8103096E-02 1.4755789E-02 1.4504547E-02 4.5009469E-04 3.4117610E-04 9.4998433E-03 8.4484986E-05 9.0909877E-03 1.0515872E-01 5.4014208E-02 2.0599837E-04 1.5686997E+00 1.8745900E+01 -7.8608140E-02
3.1381000E+02 2.5927000E+02 8.6700000E+00 4.4300000E+02 10 5.4931094E+01 2.6897111E-01 5.9729296E-01 -1.9599386E-02 1.5554338E-02 1.3185029E-02 1.2933435E-02 4.5072699E-04 3.1932689E-04 8.1972068E-03 8.4603672E-05 7.8663152E-03 9.6187695E-02 4.6409049E-02 1.7181840E-04 1.5028192E+00 1.8932576E+01 -8.4679352E-02
3.1381000E+02 2.5927000E+02 8.6700000E+00 4.4400000E+02 10 5.4932859E+01 2.8571932E-01 6.2676078E-01 -1.7190659E-02 1.8386253E-02 1.5093684E-02 1.4842071E-02 4.5076116E-04 3.4203299E-04 9.6409900E-03 8.4610086E-05 9.2326404E-03 9.4169991E-02 5.4861084E-02 2.1017688E-04 1.6119577E+00 1.8667388E+01 -6.7651501E-02
3.1381000E+02 2.5927000E+02 8.6700000E+00 4.4500000E+02 10 5.4944864E+01 2.8404955E-01 6.1827135E-01 -1.4526996E-02 1.8419953E-02 1.5143484E-02 1.4891850E-02 4.5079799E-04 3.4530927E-04 9.6579269E-03 8.4617000E-05 9.2492519E-03 9.1922179E-02 5.4961777E-02 2.0864704E-04 1.6208006E+00 1.8668001E+01 -6.5549224E-02
3.1381000E+02 2.5927000E+02 8.6700000E+00 4.5000000E+02 10 5.5011604E+01 2.5979717E-01 5.4376260E-01 -1.4983205E-03 1.6100137E-02 1.3703207E-02 1.3451734E-02 4.5050873E-04 3.2586242E-04 8.4723360E-03 8.4562704E-05 8.1332135E-03 8.0917441E-02 4.8039519E-02 1.7771531E-04 1.5600527E+00 1.8858224E+01 -6.8740422E-02
3.1381000E+02 2.5927000E+02 8.6700000E+00 4.5300000E+02 10 5.5040975E+01 2.6394595E-01 5.3840278E-01 5.9966664E-03 1.7577701E-02 1.4851821E-02 1.4600735E-02 4.4981669E-04 3.3835799E-04 9.2216898E-03 8.4432805E-05 8.8499230E-03 7.4604692E-02 5.2451164E-02 1.9660503E-04 1.6470414E+00 1.8701689E+01 -5.5212605E-02
3.1381000E+02 2.5927000E+02 8.6700000E+00 4.5400000E+02 10 5.5048256E+01 2.6996361E-01 5.4681963E-01 8.4474230E-03 1.8808959E-02 1.5845223E-02 1.5594282E-02 4.4955689E-04 3.4793957E-04 9.8451733E-03 8.4384039E-05 9.4487887E-03 7.2543503E-02 5.6127854E-02 2.1002369E-04 1.7235246E+00 1.8521881E+01 -4.6522175E-02
3.1381000E+02 2.5927000E+02 8.6700000E+00 4.5900000E+02 10 5.5109359E+01 2.4343517E-01 4.7034957E-01 1.9880907E-02 1.5933385E-02 1.3978777E-02 1.3729358E-02 4.4682988E-04 3.1945534E-04 8.3766619E-03 8.3872165E-05 8.0604196E-03 6.2906521E-02 4.7546217E-02 1.7351140E-04 1.6137105E+00 1.8808067E+01 -5.3997134E-02
3.1381000E+02 2.5927000E+02 8.6700000E+00 4.6400000E+02 10 5.5149866E+01 2.3505170E-01 4.3730466E-01 2.8561928E-02 1.5610119E-02 1.3970110E-02 1.3722009E-02 4.4446915E-04 3.0853379E-04 8.2058184E-03 8.3429045E-05 7.9083925E-03 5.5607982E-02 4.6583875E-02 1.7184166E-04 1.6279099E+00 1.8792787E+01 -4.9331816E-02
3.1381000E+02 2.5927000E+02 8.6700000E+00 4.6900000E+02 10 5.5179524E+01 2.2891400E-01 4.1321036E-01 3.4926528E-02 1.5377042E-02 1.3987394E-02 1.3740544E-02 4.4222658E-04 2.9907917E-04 8.0821687E-03 8.3008103E-05 7.7985003E-03 5.0266694E-02 4.5890045E-02 1.7061636E-04 1.6399581E+00 1.8779147E+01 -4.5873294E-02
3.1381000E+02 2.5927000E+02 8.6700000E+00 4.7400000E+02 10 5.5201218E+01 2.2429591E-01 3.9546875E-01 3.9574611E-02 1.5189317E-02 1.4013173E-02 1.3767458E-02 4.4019435E-04 2.9084188E-04 7.9822159E-03 8.2626645E-05 7.7099887E-03 4.6374256E-02 4.5331129E-02 1.6945745E-04 1.6489477E+00 1.8769047E+01 -4.3412114E-02
3.1381000E+02 2.5927000E+02 8.6700000E+00 4.7900000E+02 10 5.5217260E+01 2.2070914E-01 3.8213882E-01 4.2998048E-02 1.5025641E-02 1.4036155E-02 1.3791480E-02 4.3833153E-04 2.8365780E-04 7.8947813E-03 8.2276985E-05 7.6328950E-03 4.3514896E-02 4.4843656E-02 1.6832958E-04 1.6548678E+00 1.8762513E+01 -4.1711194E-02
3.1381000E+02 2.5927000E+02 8.6700000E+00 4.8100000E+02 10 5.5217616E+01 2.3003469E-01 4.0063661E-01 4.4199569E-02 1.6691611E-02 1.5405526E-02 1.5161254E-02 4.3760949E-04 2.9458925E-04 8.7381578E-03 8.2141454E-05 8.4427741E-03 4.2522464E-02 4.9818175E-02 1.9068586E-04 1.7814680E+00 1.8539924E+01 -3.1427321E-02
3.1381000E+02 2.5927000E+02 8.6700000E+00 4.8200000E+02 10 5.5218723E+01 2.3250418E-01 4.0535902E-01 4.4761654E-02 1.7170992E-02 1.5852276E-02 1.5608202E-02 4.3725372E-04 2.9740776E-04 8.9798239E-03 8.2074674E-05 8.6767554E-03 4.2056209E-02 5.1249856E-02 1.9556018E-04 1.8290179E+00 1.8450160E+01 -2.8219158E-02
3.1381000E+02 2.5927000E+02 8.6700000E+00 4.8700000E+02 10 5.5237446E+01 2.1363460E-01 3.6077413E-01 4.7013339E-02 1.4392649E-02 1.3793651E-02 1.3550692E-02 4.3525642E-04 2.7246805E-04 7.5662851E-03 8.1699772E-05 7.3292550E-03 4.0173161E-02 4.2955073E-02 1.5968243E-04 1.6359582E+00 1.8798487E+01 -4.2068799E-02
3.1381000E+02 2.5927000E+02 8.6700000E+00 4.9200000E+02 10 5.5246081E+01 2.1062000E-01 3.5141996E-01 4.8739294E-02 1.4112519E-02 1.3641550E-02 1.3399519E-02 4.3359354E-04 2.6362657E-04 7.4205689E-03 8.1387640E-05 7.1948061E-03 3.8745887E-02 4.2119308E-02 1.5939227E-04 1.6261853E+00 1.8806917E+01 -4.2366337E-02
3.1381000E+02 2.5927000E+02 8.6700000E+00 4.9700000E+02 10 5.5252506E+01 2.0889312E-01 3.4520766E-01 5.0089940E-02 1.3979958E-02 1.3551025E-02 1.3309862E-02 4.3203919E-04 2.5771916E-04 7.3512380E-03 8.1095881E-05 7.1303281E-03 3.7633759E-02 4.1723517E-02 1.5968449E-04 1.6228465E+00 1.8808545E+01 -4.2202231E-02
3.1381000E+02 2.5927000E+02 8.6700000E+00 5.0200000E+02 10 5.5257515E+01 2.0775275E-01 3.4067682E-01 5.1171848E-02 1.3907186E-02 1.3493606E-02 1.3253260E-02 4.3057565E-04 2.5353404E-04 7.3127131E-03 8.0821168E-05 7.0944629E-03 3.6746835E-02 4.1506097E-02 1.5989186E-04 1.6218863E+00 1.8808332E+01 -4.1913953E-02
3.1381000E+02 2.5927000E+02 8.6700000E+00 5.0500000E+02 10 5.5256512E+01 2.1446222E-01 3.5407305E-01 5.1742065E-02 1.5052425E-02 1.4346016E-02 1.4106148E-02 4.2971967E-04 2.6260507E-04 7.8943596E-03 8.0660496E-05 7.6482707E-03 3.6287624E-02 4.4924662E-02 1.7586333E-04 1.6992279E+00 1.8681243E+01 -3.5217932E-02
3.1381000E+02 2.5927000E+02 8.6700000E+00 5.0600000E+02 10 5.5253982E+01 2.2103887E-01 3.6824553E-01 5.1923970E-02 1.6146982E-02 1.5233046E-02 1.4993336E-02 4.2943637E-04 2.6984158E-04 8.4487985E-03 8.0607318E-05 8.1802866E-03 3.6145119E-02 4.8192928E-02 1.8983870E-04 1.7886231E+00 1.8515211E+01 -2.8907886E-02
3.1381000E+02 2.5927000E+02 8.6700000E+00 5.1100000E+02 10 5.5265914E+01 2.0358936E-01 3.2908058E-01 5.2722315E-02 1.3412524E-02 1.3162940E-02 1.2924254E-02 4.2760251E-04 2.4645093E-04 7.0578557E-03 8.0263094E-05 6.8539527E-03 3.5483737E-02 4.0029094E-02 1.5275795E-04 1.5981910E+00 1.8846790E+01 -4.3596015E-02
3.1381000E+02 2.5927000E+02 8.6700000E+00 5.1600000E+02 10 5.5269284E+01 2.0227400E-01 3.2475014E-01 5.3391719E-02 1.3257526E-02 1.3003526E-02 1.2765739E-02 4.2599145E-04 2.4083099E-04 6.9779692E-03 7.9960690E-05 6.7776385E-03 3.4944762E-02 3.9566243E-02 1.5361070E-04 1.5901112E+00 1.8852886E+01 -4.4128232E-02
3.1381000E+02 2.5927000E+02 8.6700000E+00 5.2100000E+02 10 5.5271807E+01 2.0181529E-01 3.2227088E-01 5.3960164E-02 1.3218920E-02 1.2907216E-02 1.2670314E-02 4.2440644E-04 2.3763251E-04 6.9582793E-03 7.9663175E-05 6.7565399E-03 3.4489894E-02 3.9450535E-02 1.5459226E-04 1.5879018E+00 1.8853241E+01 -4.4132660E-02
3.1381000E+02 2.5927000E+02 8.6700000E+00 5.2600000E+02 10 5.5273868E+01 2.0162219E-01 3.2053921E-01 5.4448882E-02 1.3215149E-02 1.2843285E-02 1.2607250E-02 4.2285239E-04 2.3573476E-04 6.9564436E-03 7.9371472E-05 6.7522343E-03 3.4101186E-02 3.9438868E-02 1.5523346E-04 1.5875825E+00 1.8852390E+01 -4.3984935E-02
3.1381000E+02 2.5927000E+02 8.6700000E+00 5.3100000E+02 10 5.5275642E+01 2.0147120E-01 3.1909172E-01 5.4873732E-02 1.3214851E-02 1.2793977E-02 1.2558800E-02 4.2131596E-04 2.3439050E-04 6.9562886E-03 7.9083077E-05 6.7497820E-03 3.3765452E-02 3.9437694E-02 1.5554674E-04 1.5875316E+00 1.8851837E+01 -4.3836451E-02
3.1381000E+02 2.5927000E+02 8.6700000E+00 5.3600000E+02 10 5.5277206E+01 2.0131025E-01 3.1778230E-01 5.5246581E-02 1.3210503E-02 1.2751258E-02 1.2516932E-02 4.1979202E-04 2.3328247E-04 6.9539942E-03 7.8797027E-05 6.7455118E-03 3.3472813E-02 3.9424519E-02 1.5566035E-04 1.5873000E+00 1.8851784E+01 -4.3725606E-02
3.1381000E+02 2.5927000E+02 8.6700000E+00 5.4100000E+02 10 5.5278597E+01 2.0114132E-01 3.1657785E-01 5.5576467E-02 1.3202412E-02 1.2712051E-02 1.2478567E-02 4.1828247E-04 2.3229786E-04 6.9497663E-03 7.8513676E-05 6.7395074E-03 3.3215699E-02 3.9400225E-02 1.5567289E-04 1.5868603E+00 1.8852101E+01 -4.3651112E-02
3.1381000E+02 2.5927000E+02 8.6700000E+00 5.4600000E+02 10 5.5279839E+01 2.0097539E-01 3.1547370E-01 5.5870429E-02 1.3192363E-02 1.2675334E-02 1.2442682E-02 4.1679088E-04 2.3140323E-04 6.9445431E-03 7.8233698E-05 6.7325909E-03 3.2988203E-02 3.9370107E-02 1.5564195E-04 1.5862857E+00 1.8852624E+01 -4.3602990E-02
3.1381000E+02 2.5927000E+02 8.6700000E+00 5.5100000E+02 10 5.5280951E+01 2.0082049E-01 3.1446748E-01 5.6134052E-02 1.3181789E-02 1.2640790E-02 1.2408960E-02 4.1532007E-04 2.3058488E-04 6.9390662E-03 7.7957620E-05 6.7254411E-03 3.2785634E-02 3.9338432E-02 1.5559472E-04 1.5856463E+00 1.8853248E+01 -4.3572265E-02
3.1381000E+02 2.5927000E+02 8.6700000E+00 5.5600000E+02 10 5.5281949E+01 2.0068041E-01 3.1355385E-01 5.6371835E-02 1.3171533E-02 1.2608288E-02 1.2377266E-02 4.1387162E-04 2.2983563E-04 6.9337662E-03 7.7685738E-05 6.7184644E-03 3.2604227E-02 3.9307713E-02 1.5554459E-04 1.5849886E+00 1.8853900E+01 -4.3552748E-02
3.1381000E+02 2.5927000E+02 8.6700000E+00 5.6100000E+02 10 5.5282849E+01 2.0055619E-01 3.1272523E-01 5.6587443E-02 1.3162008E-02 1.2577707E-02 1.2347481E-02 4.1244611E-04 2.2915256E-04 6.9288514E-03 7.7418163E-05 6.7118602E-03 3.2440921E-02 3.9279174E-02 1.5549553E-04 1.5843388E+00 1.8854555E+01 -4.3540543E-02
3.1381000E+02 2.5927000E+02 8.6700000E+00 5.6600000E+02 10 5.5283663E+01 2.0044728E-01 3.1197312E-01 5.6783887E-02 1.3153366E-02 1.2548911E-02 1.2319467E-02 4.1104354E-04 2.2853260E-04 6.9243994E-03 7.7154895E-05 6.7057026E-03 3.2293210E-02 3.9253273E-02 1.5545002E-04 1.5837099E+00 1.8855188E+01 -4.3533295E-02
3.1381000E+02 2.5927000E+02 8.6700000E+00 5.7100000E+02 10 5.5284403E+01 2.0035237E-01 3.1128900E-01 5.6963666E-02 1.3145616E-02 1.2521746E-02 1.2293073E-02 4.0966357E-04 2.2796971E-04 6.9204130E-03 7.6895867E-05 6.6999972E-03 3.2159015E-02 3.9230035E-02 1.5540742E-04 1.5831067E+00 1.8855800E+01 -4.3529606E-02
3.1381000E+02 2.5927000E+02 8.6700000E+00 5.7600000E+02 10 5.5285077E+01 2.0027007E-01 3.1066509E-01 5.7128866E-02 1.3138712E-02 1.2496061E-02 1.2268146E-02 4.0830571E-04 2.2745970E-04 6.9168640E-03 7.6640989E-05 6.6947254E-03 3.2036610E-02 3.9209323E-02 1.5536840E-04 1.5825305E+00 1.8856382E+01 -4.3528593E-02
3.1381000E+02 2.5927000E+02 8.6700000E+00 5.8100000E+02 10 5.5285693E+01 2.0019893E-01 3.1009441E-01 5.7281242E-02 1.3132579E-02 1.2471708E-02 1.2244539E-02 4.0696939E-04 2.2699652E-04 6.9137119E-03 7.6390157E-05 6.6898532E-03 3.1924542E-02 3.9190914E-02 1.5533172E-04 1.5819805E+00 1.8856941E+01 -4.3529693E-02
3.1381000E+02 2.5927000E+02 8.6700000E+00 5.8200000E+02 10 5.5278178E+01 2.1552773E-01 3.4271254E-01 5.7311218E-02 1.5588630E-02 1.4262508E-02 1.4035488E-02 4.0670299E-04 2.4545544E-04 8.1635693E-03 7.6340151E-05 7.8776022E-03 3.1916953E-02 4.6522930E-02 1.9013322E-04 1.7496425E+00 1.8553042E+01 -3.0019041E-02
3.1381000E+02 2.5927000E+02 8.6700000E+00 5.8700000E+02 10 5.5286708E+01 1.9939883E-01 3.0811197E-01 5.7436932E-02 1.3020944E-02 1.2391608E-02 1.2164451E-02 4.0694846E-04 2.2748490E-04 6.8577965E-03 7.6386227E-05 6.6348208E-03 3.1800340E-02 3.8857443E-02 1.5255258E-04 1.5760962E+00 1.8868305E+01 -4.4049318E-02
3.1381000E+02 2.5927000E+02 8.6700000E+00 5.9200000E+02 10 5.5287256E+01 1.9918948E-01 3.0738436E-01 5.7546620E-02 1.2995318E-02 1.2360474E-02 1.2133046E-02 4.0743361E-04 2.2638659E-04 6.8455648E-03 7.6477293E-05 6.6222992E-03 3.1710646E-02 3.8780941E-02 1.5327491E-04 1.5746975E+00 1.8867950E+01 -4.4143958E-02
3.1381000E+02 2.5927000E+02 8.6700000E+00 5.9700000E+02 10 5.5287605E+01 1.9929032E-01 3.0728891E-01 5.7644491E-02 1.3015191E-02 1.2356875E-02 1.2129091E-02 4.0807143E-04 2.2610305E-04 6.8568554E-03 7.6597014E-05 6.6315669E-03 3.1629318E-02 3.8840131E-02 1.5389317E-04 1.5757272E+00 1.8865510E+01 -4.4005525E-02
3.1381000E+02 2.5927000E+02 8.6700000E+00 6.0200000E+02 10 5.5287908E+01 1.9941783E-01 3.0729915E-01 5.7734230E-02 1.3040202E-02 1.2362839E-02 1.2134669E-02 4.0876185E-04 2.2610321E-04 6.8706885E-03 7.6726609E-05 6.6434837E-03 3.1554130E-02 3.8914693E-02 1.5423738E-04 1.5771625E+00 1.8863200E+01 -4.3831767E-02
3.1381000E+02 2.5927000E+02 8.6700000E+00 6.0700000E+02 10 5.5288218E+01 1.9948530E-01 3.0723019E-01 5.7818352E-02 1.3056992E-02 1.2368512E-02 1.2139981E-02 4.0940933E-04 2.2610341E-04 6.8801723E-03 7.6848145E-05 6.6515588E-03 3.1483766E-02 3.8964774E-02 1.5435709E-04 1.5782401E+00 1.8861662E+01 -4.3695993E-02
3.1381000E+02 2.5927000E+02 8.6700000E+00 6.1200000E+02 10 5.5288538E+01 1.9949401E-01 3.0706369E-01 5.7898289E-02 1.3064898E-02 1.2370367E-02 1.2141526E-02 4.0996391E-04 2.2601971E-04 6.8849959E-03 7.6952242E-05 6.6553602E-03 3.1417448E-02 3.8988365E-02 1.5435146E-04 1.5788502E+00 1.8860831E+01 -4.3607702E-02
3.1381000E+02 2.5927000E+02 8.6700000E+00 6.1700000E+02 10 5.5288860E+01 1.9946581E-01 3.0682909E-01 5.7974797E-02 1.3066640E-02 1.2367958E-02 1.2138869E-02 4.1040962E-04 2.2585092E-04 6.8865941E-03 7.7035905E-05 6.6561168E-03 3.1354691E-02 3.8993558E-02 1.5429119E-04 1.5790923E+00 1.8860487E+01 -4.3556546E-02
3.1381000E+02 2.5927000E+02 8.6700000E+00 6.2200000E+02 10 5.5289176E+01 1.9942009E-01 3.0655811E-01 5.8048262E-02 1.3064873E-02 1.2361948E-02 1.2132669E-02 4.1074932E-04 2.2562796E-04 6.8863568E-03 7.7099667E-05 6.6550728E-03 3.1295162E-02 3.8988270E-02 1.5421393E-04 1.5790905E+00 1.8860445E+01 -4.3530172E-02
3.1381000E+02 2.5927000E+02 8.6700000E+00 6.2700000E+02 10 5.5289481E+01 1.9936900E-01 3.0627304E-01 5.8118887E-02 1.3061400E-02 1.2353218E-02 1.2123802E-02 4.1099403E-04 2.2538365E-04 6.8852226E-03 7.7145600E-05 6.6530921E-03 3.1238614E-02 3.8977877E-02 1.5413668E-04 1.5789402E+00 1.8860578E+01 -4.3519235E-02
3.1381000E+02 2.5927000E+02 8.6700000E+00 6.3200000E+02 10 5.5289774E+01 1.9931916E-01 3.0598731E-01 5.8186795E-02 1.3057279E-02 1.2342547E-02 1.2113041E-02 4.1115692E-04 2.2513811E-04 6.8837371E-03 7.7176175E-05 6.6506970E-03 3.1184845E-02 3.8965536E-02 1.5406555E-04 1.5787041E+00 1.8860810E+01 -4.3517626E-02
3.1381000E+02 2.5927000E+02 8.6700000E+00 6.3700000E+02 10 5.5290052E+01 1.9927349E-01 3.0570808E-01 5.8252082E-02 1.3053063E-02 1.2330543E-02 1.2100985E-02 4.1125034E-04 2.2490314E-04 6.8821825E-03 7.7193711E-05 6.6481732E-03 3.1133683E-02 3.8952900E-02 1.5400196E-04 1.5784200E+00 1.8861096E+01 -4.3521648E-02
3.1381000E+02 2.5927000E+02 8.6700000E+00 6.4200000E+02 10 5.5290316E+01 1.9923314E-01 3.0543892E-01 5.8314840E-02 1.3049023E-02 1.2317651E-02 1.2088073E-02 4.1128472E-04 2.2468448E-04 6.8806960E-03 7.7200164E-05 6.6456699E-03 3.1084974E-02 3.8940784E-02 1.5394535E-04 1.5781105E+00 1.8861411E+01 -4.3529092E-02
3.1381000E+02 2.5927000E+02 8.6700000E+00 6.4700000E+02 10 5.5290566E+01 1.9919812E-01 3.0518116E-01 5.8375162E-02 1.3045267E-02 1.2304191E-02 1.2074622E-02 4.1126840E-04 2.2448416E-04 6.8793327E-03 7.7197101E-05 6.6432497E-03 3.1038574E-02 3.8929507E-02 1.5389470E-04 1.5777883E+00 1.8861740E+01 -4.3538703E-02
3.1381000E+02 2.5927000E+02 8.6700000E+00 6.5000000E+02 10 5.5286924E+01 2.0679047E-01 3.2112961E-01 5.8410501E-02 1.4260236E-02 1.3145198E-02 1.2915644E-02 4.1124189E-04 2.3658976E-04 7.4999629E-03 7.7192126E-05 7.2281985E-03 3.1018608E-02 4.2555709E-02 1.7056761E-04 1.6518130E+00 1.8741624E+01 -3.6932932E-02
