x y z_datum Time Well_no H2O H O Charge Al C Ca Cl Fe K Mg Na S Si U pH pe Alkalinity
3.1381000E+02 2.5927000E+02 8.6700000E+00 0.0000000E+00 10 9.9704301E-01 7.2098600E-06 6.6484776E-04 -3.2324431E-06 0.0000000E+00 1.0067647E-04 6.3262499E-05 4.3211171E-04 0.0000000E+00 2.8240956E-04 5.5605061E-05 2.2967748E-04 1.4127542E-04 0.0000000E+00 0.0000000E+00 7.0300000E+00 -2.2001569E+00 7.1999443E-03
3.1381000E+02 2.5927000E+02 8.6700000E+00 5.0000000E+00 10 5.5329294E+01 1.8423949E-02 6.1205489E-02 -3.0408735E-03 0.0000000E+00 7.3456323E-03 1.3833253E-03 1.0681372E-02 0.0000000E+00 6.3300264E-03 2.0049461E-03 8.7552233E-03 1.0042603E-02 0.0000000E+00 0.0000000E+00 5.4415105E+00 8.7535534E+00 1.5803046E-03
3.1381000E+02 2.5927000E+02 8.6700000E+00 1.0000000E+01 10 5.5311060E+01 3.1768856E-02 1.0362704E-01 -2.7555100E-03 1.0472140E-03 7.9580817E-03 3.2487741E-03 8.4366450E-03 1.5233238E-05 5.5156456E-03 1.5835998E-03 7.4409788E-03 1.8453204E-02 3.1311955E-03 1.5139331E-05 2.5588180E+00 1.7580740E+01 -5.0964222E-03
3.1381000E+02 2.5927000E+02 8.6700000E+00 1.5000000E+01 10 5.5287807E+01 5.7329665E-02 1.5382249E-01 -2.4967786E-03 2.7252729E-03 8.2349142E-03 4.6616675E-03 6.4014113E-03 3.7090270E-05 5.1484442E-03 1.2015764E-03 6.6015185E-03 2.6079311E-02 8.1449088E-03 3.8611621E-05 2.2512635E+00 1.7958919E+01 -1.1068000E-02
3.1381000E+02 2.5927000E+02 8.6700000E+00 2.0000000E+01 10 5.5268337E+01 8.0152457E-02 1.9558444E-01 -2.2975958E-03 4.2299967E-03 8.3944478E-03 5.6957906E-03 4.8345988E-03 5.9678272E-05 4.9781264E-03 9.0747797E-04 6.0534113E-03 3.1950728E-02 1.2638508E-02 5.9820912E-05 2.1294831E+00 1.8109188E+01 -1.5307749E-02
3.1381000E+02 2.5927000E+02 8.6700000E+00 2.5000000E+01 10 5.5254012E+01 9.7289518E-02 2.2672580E-01 -2.1552585E-03 5.4094120E-03 8.5245412E-03 6.4508714E-03 3.7149444E-03 7.9405804E-05 4.9111189E-03 6.9731334E-04 5.7099836E-03 3.6146760E-02 1.6159660E-02 7.6324526E-05 2.0708729E+00 1.8180787E+01 -1.8033858E-02
3.1381000E+02 2.5927000E+02 8.6700000E+00 3.0000000E+01 10 5.5243880E+01 1.0957016E-01 2.4907825E-01 -2.0565422E-03 6.2833363E-03 8.6507337E-03 7.0105163E-03 2.9384218E-03 9.5050909E-05 4.8936962E-03 5.5155622E-04 5.4981371E-03 3.9057027E-02 1.8768414E-02 8.8327699E-05 2.0409330E+00 1.8216947E+01 -1.9700089E-02
3.1381000E+02 2.5927000E+02 8.6700000E+00 3.5000000E+01 10 5.5236808E+01 1.1820439E-01 2.6493541E-01 -1.9883916E-03 6.9154876E-03 8.7767213E-03 7.4357453E-03 2.4023359E-03 1.0676124E-04 4.8964257E-03 4.5093026E-04 5.3656965E-03 4.1066283E-02 2.0655367E-02 9.6794596E-05 2.0252887E+00 1.8235684E+01 -2.0697410E-02
3.1381000E+02 2.5927000E+02 8.6700000E+00 4.0000000E+01 10 5.5231854E+01 1.2426675E-01 2.7623287E-01 -1.9408313E-03 7.3698193E-03 8.9004182E-03 7.7682743E-03 2.0282166E-03 1.1530677E-04 4.9049329E-03 3.8070624E-04 5.2797501E-03 4.2468554E-02 2.2011550E-02 1.0270946E-04 2.0170500E+00 1.8245522E+01 -2.1293509E-02
3.1381000E+02 2.5927000E+02 8.6700000E+00 4.5000000E+01 10 5.5228337E+01 1.2856190E-01 2.8439535E-01 -1.9069598E-03 7.6978461E-03 9.0192382E-03 8.0358203E-03 1.7617765E-03 1.2151532E-04 4.9131099E-03 3.3069411E-04 5.2208755E-03 4.3467273E-02 2.2990763E-02 1.0685599E-04 2.0127175E+00 1.8250723E+01 -2.1654273E-02
3.1381000E+02 2.5927000E+02 8.6700000E+00 5.0000000E+01 10 5.5225790E+01 1.3165313E-01 2.9041214E-01 -1.8822048E-03 7.9375032E-03 9.1314003E-03 8.2566790E-03 1.5670486E-03 1.2603233E-04 4.9188931E-03 2.9414272E-04 5.1779863E-03 4.4197223E-02 2.3706230E-02 1.0979830E-04 2.0104599E+00 1.8253480E+01 -2.1877913E-02
3.1381000E+02 2.5927000E+02 8.6700000E+00 5.5000000E+01 10 5.5223902E+01 1.3392345E-01 2.9495327E-01 -1.8635869E-03 8.1155862E-03 9.2359828E-03 8.4430105E-03 1.4205965E-03 1.2936277E-04 4.9220138E-03 2.6665294E-04 5.1448388E-03 4.4746236E-02 2.4237920E-02 1.1192369E-04 2.0093087E+00 1.8254934E+01 -2.2021266E-02
3.1381000E+02 2.5927000E+02 8.6700000E+00 6.0000000E+01 10 5.5222466E+01 1.3562989E-01 2.9846811E-01 -1.8491694E-03 8.2506221E-03 9.3326900E-03 8.6030236E-03 1.3071850E-03 1.3186946E-04 4.9228708E-03 2.4536505E-04 5.1178988E-03 4.5171408E-02 2.4641123E-02 1.1349246E-04 2.0087447E+00 1.8255702E+01 -2.2117156E-02
3.1381000E+02 2.5927000E+02 8.6700000E+00 6.5000000E+01 10 5.5221344E+01 1.3694437E-01 3.0125794E-01 -1.8376861E-03 8.3553043E-03 9.4216229E-03 8.7423782E-03 1.2168554E-03 1.3380301E-04 4.9220202E-03 2.2840974E-04 5.0951394E-03 4.5510065E-02 2.4953720E-02 1.1467839E-04 2.0084870E+00 1.8256093E+01 -2.2184611E-02
3.1381000E+02 2.5927000E+02 8.6700000E+00 6.6000000E+01 10 5.5215273E+01 1.4896928E-01 3.2997027E-01 -1.8354977E-03 1.0411743E-02 1.1429063E-02 1.0759427E-02 1.1996406E-03 1.5219335E-04 5.9420601E-03 2.2517845E-04 6.0942719E-03 4.5591813E-02 3.1097126E-02 1.4761077E-04 2.0086402E+00 1.8289170E+01 -2.2192673E-02
3.1381000E+02 2.5927000E+02 8.6700000E+00 6.7000000E+01 10 5.5215124E+01 1.4909454E-01 3.3018760E-01 -1.8334092E-03 1.0410984E-02 1.1421026E-02 1.0760561E-02 1.1832119E-03 1.5416792E-04 5.9325897E-03 2.2209469E-04 6.0796125E-03 4.5652384E-02 3.1094510E-02 1.4553209E-04 2.0060779E+00 1.8306835E+01 -2.2328172E-02
3.1381000E+02 2.5927000E+02 8.6700000E+00 7.2000000E+01 10 5.5217592E+01 1.3817207E-01 3.0423704E-01 -1.7954005E-03 8.2766553E-03 9.3958778E-03 8.7733236E-03 1.1152954E-03 1.3535663E-04 4.8222975E-03 2.0934644E-04 4.9732451E-03 4.6398872E-02 2.4718687E-02 1.1129777E-04 1.9746385E+00 1.8568663E+01 -2.4029064E-02
3.1381000E+02 2.5927000E+02 8.6700000E+00 7.7000000E+01 10 5.5212303E+01 1.4081568E-01 3.1003464E-01 -1.7466776E-03 8.3894498E-03 9.4480920E-03 8.8575475E-03 1.0579505E-03 1.4832335E-04 4.8461242E-03 1.9858250E-04 4.9802577E-03 4.7358528E-02 2.5055124E-02 1.3857901E-04 1.9561899E+00 1.8674048E+01 -2.5192342E-02
3.1381000E+02 2.5927000E+02 8.6700000E+00 8.2000000E+01 10 5.5207177E+01 1.4380345E-01 3.1643182E-01 -1.7022372E-03 8.5782301E-03 9.5376928E-03 8.9746570E-03 1.0086691E-03 1.6691717E-04 4.9136711E-03 1.8933216E-04 5.0302475E-03 4.8239539E-02 2.5618164E-02 1.7148692E-04 1.9467980E+00 1.8726084E+01 -2.5889996E-02
3.1381000E+02 2.5927000E+02 8.6700000E+00 8.7000000E+01 10 5.5203050E+01 1.4637761E-01 3.2193512E-01 -1.6671570E-03 8.7593665E-03 9.6315776E-03 9.0925281E-03 9.6569801E-04 1.8488586E-04 4.9809350E-03 1.8126627E-04 5.0818705E-03 4.8946603E-02 2.6158437E-02 2.0062016E-04 1.9420574E+00 1.8753896E+01 -2.6306893E-02
3.1381000E+02 2.5927000E+02 8.6700000E+00 9.1000000E+01 10 5.5198958E+01 1.5106939E-01 3.3251173E-01 -1.6451162E-03 9.3923351E-03 1.0151732E-02 9.6299963E-03 9.3468141E-04 2.0905387E-04 5.2822066E-03 1.7544430E-04 5.3652460E-03 4.9414802E-02 2.8048299E-02 2.3783448E-04 1.9340988E+00 1.8775308E+01 -2.6853837E-02
3.1381000E+02 2.5927000E+02 8.6700000E+00 9.2000000E+01 10 5.5193794E+01 1.6066147E-01 3.5506983E-01 -1.6399749E-03 1.0995996E-02 1.1638402E-02 1.1120883E-02 9.2712746E-04 2.4705771E-04 6.0829966E-03 1.7402638E-04 6.1470164E-03 4.9576584E-02 3.2838415E-02 3.0416335E-04 1.9319440E+00 1.8782742E+01 -2.6998149E-02
3.1381000E+02 2.5927000E+02 8.6700000E+00 9.7000000E+01 10 5.5194021E+01 1.4968390E-01 3.3012313E-01 -2.1013071E-03 8.8224990E-03 9.6481013E-03 9.1493731E-03 8.9346325E-04 2.0832751E-04 4.9717583E-03 1.6770745E-04 5.0512927E-03 5.0660358E-02 2.6346069E-02 2.3043310E-04 1.9090063E+00 1.8820167E+01 -2.8612634E-02
3.1381000E+02 2.5927000E+02 8.6700000E+00 1.0200000E+02 10 5.5186167E+01 1.5274623E-01 3.3781621E-01 -2.7646176E-03 8.9676475E-03 9.7050258E-03 9.2231743E-03 8.6322888E-04 2.1980277E-04 5.0285736E-03 1.6203231E-04 5.0956171E-03 5.2047453E-02 2.6778884E-02 2.5007132E-04 1.8944341E+00 1.8849289E+01 -2.9844415E-02
3.1381000E+02 2.5927000E+02 8.6700000E+00 1.0700000E+02 10 5.5178981E+01 1.5586817E-01 3.4543789E-01 -3.3780715E-03 9.1575058E-03 9.7860393E-03 9.3194403E-03 8.3590419E-04 2.3199665E-04 5.1100124E-03 1.5690333E-04 5.1637397E-03 5.3285252E-02 2.7345033E-02 2.6823564E-04 1.8863190E+00 1.8867851E+01 -3.0668031E-02
3.1381000E+02 2.5927000E+02 8.6700000E+00 1.1200000E+02 10 5.5173340E+01 1.5846447E-01 3.5170745E-01 -3.8539800E-03 9.3300942E-03 9.8662424E-03 9.4135006E-03 8.1107922E-04 2.4315963E-04 5.1839574E-03 1.5224356E-04 5.2257894E-03 5.4253556E-02 2.7859720E-02 2.8334957E-04 1.8818389E+00 1.8879200E+01 -3.1203043E-02
3.1381000E+02 2.5927000E+02 8.6700000E+00 1.1700000E+02 10 5.5169199E+01 1.6045278E-01 3.5648381E-01 -4.1946549E-03 9.4683690E-03 9.9366549E-03 9.4965593E-03 7.8842390E-04 2.5249935E-04 5.2414920E-03 1.4799104E-04 5.2733230E-03 5.4969463E-02 2.8272111E-02 2.9505757E-04 1.8793029E+00 1.8886133E+01 -3.1551519E-02
3.1381000E+02 2.5927000E+02 8.6700000E+00 1.2200000E+02 10 5.5166228E+01 1.6193617E-01 3.6003772E-01 -4.4304232E-03 9.5744739E-03 9.9963580E-03 9.5678486E-03 7.6766749E-04 2.5999445E-04 5.2835922E-03 1.4409496E-04 5.3071008E-03 5.5490830E-02 2.8588589E-02 3.0381845E-04 1.8778172E+00 1.8890432E+01 -3.1782534E-02
3.1381000E+02 2.5927000E+02 8.6700000E+00 1.2400000E+02 10 5.5160155E+01 1.7264920E-01 3.8445249E-01 -4.5101432E-03 1.1313318E-02 1.1463350E-02 1.1039315E-02 7.5965276E-04 3.0671223E-04 6.1556067E-03 1.4259056E-04 6.1506098E-03 5.5739211E-02 3.3781114E-02 3.7986790E-04 1.8740366E+00 1.8898095E+01 -3.2077705E-02
3.1381000E+02 2.5927000E+02 8.6700000E+00 1.2500000E+02 10 5.5158229E+01 1.7582091E-01 3.9188694E-01 -4.5466358E-03 1.1827776E-02 1.1934466E-02 1.1512628E-02 7.5571543E-04 3.2111251E-04 6.4120557E-03 1.4185150E-04 6.3996062E-03 5.5842780E-02 3.5317582E-02 3.9972962E-04 1.8706989E+00 1.8903431E+01 -3.2320468E-02
3.1381000E+02 2.5927000E+02 8.6700000E+00 1.3000000E+02 10 5.5163557E+01 1.6255650E-01 3.6202934E-01 -4.6684665E-03 9.5450489E-03 9.9911696E-03 9.5797820E-03 7.3699397E-04 2.6611084E-04 5.2510126E-03 1.3833739E-04 5.2669495E-03 5.6058022E-02 2.8500324E-02 3.0169286E-04 1.8663902E+00 1.8906189E+01 -3.2693045E-02
3.1381000E+02 2.5927000E+02 8.6700000E+00 1.3100000E+02 10 5.5156414E+01 1.7652375E-01 3.9381000E-01 -4.6908380E-03 1.1855376E-02 1.1968407E-02 1.1559041E-02 7.3337356E-04 3.2700719E-04 6.4126574E-03 1.3765782E-04 6.3948654E-03 5.6214200E-02 3.5399996E-02 4.0995023E-04 1.8664244E+00 1.8908604E+01 -3.2703017E-02
3.1381000E+02 2.5927000E+02 8.6700000E+00 1.3200000E+02 10 5.5156135E+01 1.7664788E-01 3.9404839E-01 -4.7114927E-03 1.1858528E-02 1.1961980E-02 1.1554584E-02 7.2984415E-04 3.2712841E-04 6.4127402E-03 1.3699534E-04 6.3927624E-03 5.6263117E-02 3.5409075E-02 4.0408139E-04 1.8653395E+00 1.8911019E+01 -3.2789804E-02
3.1381000E+02 2.5927000E+02 8.6700000E+00 1.3700000E+02 10 5.5155995E+01 1.6459963E-01 3.6798904E-01 -5.8002114E-03 9.5714648E-03 1.0014736E-02 9.6166047E-03 7.1324601E-04 2.7065541E-04 5.2507201E-03 1.3387978E-04 5.2597902E-03 5.7576760E-02 2.8578899E-02 3.0516546E-04 1.8494042E+00 1.8901693E+01 -3.4272121E-02
3.1381000E+02 2.5927000E+02 8.6700000E+00 1.4200000E+02 10 5.5145916E+01 1.6818236E-01 3.7735929E-01 -7.3244021E-03 9.7637523E-03 1.0116354E-02 9.7269144E-03 6.9767443E-04 2.7047024E-04 5.3399668E-03 1.3095692E-04 5.3392442E-03 5.9473373E-02 2.9152560E-02 3.0818443E-04 1.8395838E+00 1.8869638E+01 -3.5484084E-02
3.1381000E+02 2.5927000E+02 8.6700000E+00 1.4700000E+02 10 5.5136290E+01 1.7195322E-01 3.8685958E-01 -8.7531673E-03 1.0003730E-02 1.0241082E-02 9.8597550E-03 6.8314086E-04 2.6474137E-04 5.4544802E-03 1.2822890E-04 5.4421310E-03 6.1229822E-02 2.9868380E-02 2.9835941E-04 1.8340914E+00 1.8821048E+01 -3.6354525E-02
3.1381000E+02 2.5927000E+02 8.6700000E+00 1.5200000E+02 10 5.5128553E+01 1.7511386E-01 3.9470384E-01 -9.8855249E-03 1.0215929E-02 1.0355835E-02 9.9820702E-03 6.6959414E-04 2.5525581E-04 5.5553355E-03 1.2568611E-04 5.5325279E-03 6.2619005E-02 3.0501337E-02 2.7988476E-04 1.8308290E+00 1.8762168E+01 -3.6961544E-02
3.1381000E+02 2.5927000E+02 8.6700000E+00 1.5700000E+02 10 5.5122794E+01 1.7752882E-01 4.0064313E-01 -1.0715563E-02 1.0381736E-02 1.0450324E-02 1.0083615E-02 6.5695189E-04 2.4436294E-04 5.6329069E-03 1.2331310E-04 5.6014996E-03 6.3642042E-02 3.0995929E-02 2.5770681E-04 1.8287232E+00 1.8697865E+01 -3.7383042E-02
3.1381000E+02 2.5927000E+02 8.6700000E+00 1.6200000E+02 10 5.5118632E+01 1.7931411E-01 4.0500250E-01 -1.1304258E-02 1.0505756E-02 1.0525203E-02 1.0165094E-02 6.4512777E-04 2.3379736E-04 5.6895102E-03 1.2109366E-04 5.6511720E-03 6.4376071E-02 3.1365890E-02 2.3559187E-04 1.8272825E+00 1.8633227E+01 -3.7677495E-02
3.1381000E+02 2.5927000E+02 8.6700000E+00 1.6700000E+02 10 5.5115633E+01 1.8063105E-01 4.0819978E-01 -1.1718813E-02 1.0598018E-02 1.0584410E-02 1.0230490E-02 6.3404290E-04 2.2452739E-04 5.7302476E-03 1.1901297E-04 5.6862709E-03 6.4903164E-02 3.1641126E-02 2.1577497E-04 1.8262693E+00 1.8574125E+01 -3.7885684E-02
3.1381000E+02 2.5927000E+02 8.6700000E+00 1.6800000E+02 10 5.5107893E+01 1.9532015E-01 4.4083755E-01 -1.1795291E-02 1.2980288E-02 1.2546937E-02 1.2194238E-02 6.3185488E-04 2.4769158E-04 6.9311563E-03 1.1860227E-04 6.8480464E-03 6.5023696E-02 3.8754943E-02 2.5599409E-04 1.8263475E+00 1.8579234E+01 -3.7911893E-02
3.1381000E+02 2.5927000E+02 8.6700000E+00 1.6900000E+02 10 5.5107422E+01 1.9545380E-01 4.4113672E-01 -1.1865852E-02 1.2979177E-02 1.2535828E-02 1.2184334E-02 6.2969521E-04 2.4774158E-04 6.9300242E-03 1.1819689E-04 6.8448345E-03 6.5112118E-02 3.8751242E-02 2.4786886E-04 1.8248147E+00 1.8579347E+01 -3.8058814E-02
3.1381000E+02 2.5927000E+02 8.6700000E+00 1.7400000E+02 10 5.5119999E+01 1.7467790E-01 4.0405731E-01 -1.5719734E-02 1.0495336E-02 1.0522982E-02 1.0177156E-02 6.1954087E-04 2.1378499E-04 5.6700699E-03 1.1629087E-04 5.6238816E-03 6.4232036E-02 3.1334261E-02 1.8716763E-04 1.8849969E+00 1.8465737E+01 -3.3785181E-02
3.1381000E+02 2.5927000E+02 8.6700000E+00 1.7500000E+02 10 5.5114946E+01 1.8609562E-01 4.3259045E-01 -1.6639528E-02 1.2645226E-02 1.2463121E-02 1.2118415E-02 6.1753526E-04 2.3343095E-04 6.7496773E-03 1.1591441E-04 6.6773337E-03 6.4026606E-02 3.7755933E-02 2.2306139E-04 1.9002360E+00 1.8464049E+01 -3.2781804E-02
3.1381000E+02 2.5927000E+02 8.6700000E+00 1.7600000E+02 10 5.5116915E+01 1.8371673E-01 4.3015760E-01 -1.7694226E-02 1.2539536E-02 1.2436864E-02 1.2093264E-02 6.1555442E-04 2.3226410E-04 6.6939635E-03 1.1554259E-04 6.6255229E-03 6.3749328E-02 3.7440787E-02 2.1634244E-04 1.9172868E+00 1.8451298E+01 -3.1688753E-02
3.1381000E+02 2.5927000E+02 8.6700000E+00 1.8100000E+02 10 5.5075828E+01 1.7598095E-01 4.3188651E-01 -2.7704845E-02 9.9557859E-03 1.0423642E-02 1.0085254E-02 6.0621627E-04 1.9812777E-04 5.3814192E-03 1.1378978E-04 5.3597340E-03 7.2860330E-02 2.9726740E-02 1.6415190E-04 1.8271934E+00 1.8496433E+01 -4.0982474E-02
3.1381000E+02 2.5927000E+02 8.6700000E+00 1.8600000E+02 10 5.4998720E+01 1.9441819E-01 4.9041364E-01 -3.8712925E-02 1.0097197E-02 1.0460048E-02 1.0126583E-02 5.9739725E-04 1.9399661E-04 5.4496834E-03 1.1213440E-04 5.4190297E-03 8.7061064E-02 3.0148174E-02 1.6083298E-04 1.7101865E+00 1.8582895E+01 -5.6579599E-02
3.1381000E+02 2.5927000E+02 8.6700000E+00 1.9100000E+02 10 5.4922716E+01 2.1657395E-01 5.5196689E-01 -4.8175193E-02 1.0657879E-02 1.0535519E-02 1.0206711E-02 5.8905557E-04 1.9739158E-04 5.7383865E-03 1.1056863E-04 5.6729933E-03 1.0074800E-01 3.1817744E-02 1.6239441E-04 1.6286082E+00 1.8638701E+01 -7.1257377E-02
3.1381000E+02 2.5927000E+02 8.6700000E+00 1.9600000E+02 10 5.4860960E+01 2.3648516E-01 6.0411125E-01 -5.5394991E-02 1.1344664E-02 1.0614361E-02 1.0289963E-02 5.8115380E-04 2.0472680E-04 6.0941146E-03 1.0908543E-04 5.9850158E-03 1.1170444E-01 3.3862342E-02 1.6543202E-04 1.5783136E+00 1.8669712E+01 -8.2540753E-02
3.1381000E+02 2.5927000E+02 8.6700000E+00 2.0100000E+02 10 5.4815050E+01 2.5226898E-01 6.4410691E-01 -6.0600162E-02 1.1987482E-02 1.0683937E-02 1.0363723E-02 5.7365830E-04 2.1375365E-04 6.4273096E-03 1.0767848E-04 6.2765666E-03 1.1975934E-01 3.5775817E-02 1.6827582E-04 1.5481403E+00 1.8686655E+01 -9.0452340E-02
3.1381000E+02 2.5927000E+02 8.6700000E+00 2.0600000E+02 10 5.4782224E+01 2.6408882E-01 6.7345254E-01 -6.4271898E-02 1.2525806E-02 1.0742828E-02 1.0426588E-02 5.6653871E-04 2.2310568E-04 6.7058478E-03 1.0634210E-04 6.5199961E-03 1.2546798E-01 3.7378180E-02 1.7044758E-04 1.5300785E+00 1.8695974E+01 -9.5774230E-02
3.1381000E+02 2.5927000E+02 8.6700000E+00 2.1100000E+02 10 5.4759007E+01 2.7275823E-01 6.9468855E-01 -6.6859935E-02 1.2955485E-02 1.0793080E-02 1.0480620E-02 5.5976761E-04 2.3201033E-04 6.9272732E-03 1.0507113E-04 6.7136790E-03 1.2947609E-01 3.8657195E-02 1.7195239E-04 1.5192046E+00 1.8701133E+01 -9.9303773E-02
3.1381000E+02 2.5927000E+02 8.6700000E+00 2.1600000E+02 10 5.4742486E+01 2.7911569E-01 7.1012437E-01 -6.8706781E-02 1.3293070E-02 1.0837051E-02 1.0528190E-02 5.5332016E-04 2.4009675E-04 7.1002173E-03 1.0386091E-04 6.8653320E-03 1.3231060E-01 3.9662179E-02 1.7293094E-04 1.5126056E+00 1.8703899E+01 -1.0164907E-01
3.1381000E+02 2.5927000E+02 8.6700000E+00 2.2100000E+02 10 5.4730534E+01 2.8383599E-01 7.2152081E-01 -7.0051912E-02 1.3558850E-02 1.0876557E-02 1.0571126E-02 5.4717383E-04 2.4721379E-04 7.2353381E-03 1.0270722E-04 6.9843201E-03 1.3435050E-01 4.0453533E-02 1.7353040E-04 1.5085699E+00 1.8705345E+01 -1.0322607E-01
3.1381000E+02 2.5927000E+02 8.6700000E+00 2.2600000E+02 10 5.4721688E+01 2.8741033E-01 7.3012282E-01 -7.1056467E-02 1.3770592E-02 1.0912846E-02 1.0610690E-02 5.4130813E-04 2.5336402E-04 7.3420101E-03 1.0160620E-04 7.0787903E-03 1.3585366E-01 4.1084122E-02 1.7386939E-04 1.5060886E+00 1.8706025E+01 -1.0430599E-01
3.1381000E+02 2.5927000E+02 8.6700000E+00 2.3100000E+02 10 5.4714968E+01 2.9017994E-01 7.3678061E-01 -7.1827281E-02 1.3942042E-02 1.0946755E-02 1.0647727E-02 5.3570443E-04 2.5862455E-04 7.4275491E-03 1.0055436E-04 7.1549734E-03 1.3699149E-01 4.1594839E-02 1.7403478E-04 1.5045604E+00 1.8706285E+01 -1.0506245E-01
3.1381000E+02 2.5927000E+02 8.6700000E+00 2.3600000E+02 10 5.4709725E+01 2.9237712E-01 7.4206690E-01 -7.2435048E-02 1.4083248E-02 1.0978846E-02 1.0682809E-02 5.3034568E-04 2.6310797E-04 7.4973312E-03 9.9548493E-05 7.2173867E-03 1.3787713E-01 4.2015566E-02 1.7408687E-04 1.5036212E+00 1.8706321E+01 -1.0560643E-01
3.1381000E+02 2.5927000E+02 8.6700000E+00 2.4100000E+02 10 5.4705526E+01 2.9415996E-01 7.4636770E-01 -7.2926807E-02 1.4201430E-02 1.1009489E-02 1.0716315E-02 5.2521632E-04 2.6693926E-04 7.5552127E-03 9.8585686E-05 7.2692752E-03 1.3858548E-01 4.2367771E-02 1.7406739E-04 1.5030477E+00 1.8706249E+01 -1.0600913E-01
3.1381000E+02 2.5927000E+02 8.6700000E+00 2.4600000E+02 10 5.4702080E+01 2.9563695E-01 7.4994539E-01 -7.3334168E-02 1.4301804E-02 1.1038921E-02 1.0748490E-02 5.2030207E-04 2.7023280E-04 7.6039525E-03 9.7663257E-05 7.3130061E-03 1.3916653E-01 4.2666962E-02 1.7400518E-04 1.5027019E+00 1.8706114E+01 -1.0631647E-01
3.1381000E+02 2.5927000E+02 8.6700000E+00 2.5100000E+02 10 5.4699191E+01 2.9688350E-01 7.5298063E-01 -7.3678644E-02 1.4388191E-02 1.1067283E-02 1.0779483E-02 5.1558981E-04 2.7308558E-04 7.6455419E-03 9.6778744E-05 7.3503413E-03 1.3965403E-01 4.2924504E-02 1.7391972E-04 1.5024985E+00 1.8705985E+01 -1.0655817E-01
3.1381000E+02 2.5927000E+02 8.6700000E+00 2.5600000E+02 10 5.4696722E+01 2.9795251E-01 7.5559938E-01 -7.3975102E-02 1.4463410E-02 1.1094656E-02 1.0809380E-02 5.1106749E-04 2.7557718E-04 7.6814301E-03 9.5929882E-05 7.3825957E-03 1.4007108E-01 4.3148777E-02 1.7382404E-04 1.5023840E+00 1.8705870E+01 -1.0675376E-01
3.1381000E+02 2.5927000E+02 8.6700000E+00 2.6100000E+02 10 5.4694580E+01 2.9888191E-01 7.5789099E-01 -7.4233992E-02 1.4529565E-02 1.1121078E-02 1.0838226E-02 5.0672398E-04 2.7777150E-04 7.7126926E-03 9.5114583E-05 7.4107580E-03 1.4043374E-01 4.3346046E-02 1.7372653E-04 1.5023247E+00 1.8705772E+01 -1.0691619E-01
3.1381000E+02 2.5927000E+02 8.6700000E+00 2.6400000E+02 10 5.4688319E+01 3.0959624E-01 7.7927351E-01 -7.4377618E-02 1.6099861E-02 1.2047984E-02 1.1766553E-02 5.0417995E-04 2.9577945E-04 8.5145176E-03 9.4637056E-05 8.1623593E-03 1.4064158E-01 4.8030378E-02 1.9405676E-04 1.5001869E+00 1.8757673E+01 -1.0743352E-01
3.1381000E+02 2.5927000E+02 8.6700000E+00 2.6500000E+02 10 5.4682920E+01 3.1983637E-01 7.9966094E-01 -7.4424254E-02 1.7628417E-02 1.2986714E-02 1.2705752E-02 5.0333875E-04 3.1072186E-04 9.2948930E-03 9.4479159E-05 8.8967554E-03 1.4071307E-01 5.2590852E-02 2.1309332E-04 1.4992007E+00 1.8784795E+01 -1.0766570E-01
3.1381000E+02 2.5927000E+02 8.6700000E+00 2.7000000E+02 10 5.4690665E+01 3.0202085E-01 7.6497596E-01 -7.4598585E-02 1.4913384E-02 1.1363909E-02 1.1084831E-02 4.9996409E-04 2.9000170E-04 7.9044748E-03 9.3845718E-05 7.5899592E-03 1.4094362E-01 4.4490919E-02 1.7472666E-04 1.5098787E+00 1.8688592E+01 -1.0567396E-01
3.1381000E+02 2.5927000E+02 8.6700000E+00 2.7500000E+02 10 5.4687803E+01 3.0571101E-01 7.7263671E-01 -7.4758506E-02 1.5425895E-02 1.1685216E-02 1.1407959E-02 4.9670035E-04 2.9513177E-04 8.1639354E-03 9.3233098E-05 7.8342015E-03 1.4116887E-01 4.6020051E-02 1.8161002E-04 1.5220040E+00 1.8620935E+01 -1.0344289E-01
3.1381000E+02 2.5927000E+02 8.6700000E+00 2.8000000E+02 10 5.4685286E+01 3.0882747E-01 7.7922402E-01 -7.4909125E-02 1.5858305E-02 1.1972232E-02 1.1696944E-02 4.9317359E-04 3.0084737E-04 8.3820913E-03 9.2571108E-05 8.0400039E-03 1.4138095E-01 4.7310335E-02 1.8522935E-04 1.5324672E+00 1.8571664E+01 -1.0156178E-01
3.1381000E+02 2.5927000E+02 8.6700000E+00 2.8500000E+02 10 5.4683209E+01 3.1119493E-01 7.8441875E-01 -7.5049262E-02 1.6186664E-02 1.2213349E-02 1.1940043E-02 4.8962462E-04 3.0602887E-04 8.5467318E-03 9.1904950E-05 8.1961901E-03 1.4157824E-01 4.8290368E-02 1.8700940E-04 1.5405852E+00 1.8541538E+01 -1.0013785E-01
3.1381000E+02 2.5927000E+02 8.6700000E+00 2.8900000E+02 10 5.4679421E+01 3.1744905E-01 7.9729705E-01 -7.5154606E-02 1.7113875E-02 1.2824560E-02 1.2552804E-02 4.8684685E-04 3.1754847E-04 9.0180123E-03 9.1383549E-05 8.6407156E-03 1.4172955E-01 5.1057034E-02 1.9659844E-04 1.5442242E+00 1.8586529E+01 -9.9537722E-02
3.1381000E+02 2.5927000E+02 8.6700000E+00 2.9000000E+02 10 5.4671752E+01 3.3251898E-01 8.2755818E-01 -7.5180520E-02 1.9391970E-02 1.4284058E-02 1.4012687E-02 4.8615721E-04 3.3688000E-04 1.0179849E-02 9.1254100E-05 9.7377194E-03 1.4177466E-01 5.7854756E-02 2.2341411E-04 1.5451057E+00 1.8641680E+01 -9.9402754E-02
3.1381000E+02 2.5927000E+02 8.6700000E+00 2.9500000E+02 10 5.4719631E+01 3.0317303E-01 7.6010266E-01 -7.0544572E-02 1.6393796E-02 1.2468084E-02 1.2198548E-02 4.8286767E-04 3.1496941E-04 8.6460640E-03 9.0636637E-05 8.2932236E-03 1.3475175E-01 4.8909309E-02 1.8393943E-04 1.5834663E+00 1.8542289E+01 -9.0110942E-02
3.1381000E+02 2.5927000E+02 8.6700000E+00 3.0000000E+02 10 5.4781632E+01 2.8685942E-01 7.1350237E-01 -6.3027958E-02 1.6276687E-02 1.2573990E-02 1.2306203E-02 4.7973514E-04 3.1262530E-04 8.5793213E-03 9.0048645E-05 8.2407128E-03 1.2339539E-01 4.8562537E-02 1.8355264E-04 1.6502401E+00 1.8467772E+01 -7.5844249E-02
3.1381000E+02 2.5927000E+02 8.6700000E+00 3.0100000E+02 10 5.4786289E+01 3.0046319E-01 7.3909620E-01 -6.1433280E-02 1.8905348E-02 1.4498808E-02 1.4231367E-02 4.7911485E-04 3.3443336E-04 9.9129476E-03 8.9932214E-05 9.5155921E-03 1.2099919E-01 5.6409960E-02 2.1786650E-04 1.6654146E+00 1.8522628E+01 -7.2932581E-02
3.1381000E+02 2.5927000E+02 8.6700000E+00 3.0200000E+02 10 5.4800303E+01 2.9617174E-01 7.2771061E-01 -5.9775888E-02 1.8788952E-02 1.4508313E-02 1.4241215E-02 4.7850067E-04 3.3666683E-04 9.8511043E-03 8.9816928E-05 9.4616367E-03 1.1849491E-01 5.6063701E-02 2.1474488E-04 1.6810326E+00 1.8531105E+01 -7.0017703E-02
3.1381000E+02 2.5927000E+02 8.6700000E+00 3.0300000E+02 10 5.4816938E+01 2.9039864E-01 7.1297123E-01 -5.7854905E-02 1.8538616E-02 1.4455491E-02 1.4186463E-02 4.8195833E-04 3.3750765E-04 9.7229770E-03 9.0465948E-05 9.3469307E-03 1.1558279E-01 5.5317939E-02 2.1052576E-04 1.6956012E+00 1.8545054E+01 -6.7210879E-02
3.1381000E+02 2.5927000E+02 8.6700000E+00 3.0800000E+02 10 5.4895628E+01 2.4963307E-01 6.1595209E-01 -4.9705113E-02 1.4896645E-02 1.2309775E-02 1.2038993E-02 4.8510125E-04 2.9981538E-04 7.8622644E-03 9.1055891E-05 7.6004493E-03 1.0324213E-01 4.4452711E-02 1.6510494E-04 1.7596122E+00 1.8463305E+01 -5.5966991E-02
3.1381000E+02 2.5927000E+02 8.6700000E+00 3.1300000E+02 10 5.4948788E+01 2.3119263E-01 5.6915611E-01 -4.3568729E-02 1.4100270E-02 1.2209435E-02 1.1937844E-02 4.8655091E-04 2.8460950E-04 7.4459286E-03 9.1327999E-05 7.2315285E-03 9.3963124E-02 4.2081732E-02 1.6021150E-04 1.8183196E+00 1.8402474E+01 -4.7490080E-02
3.1381000E+02 2.5927000E+02 8.6700000E+00 3.1800000E+02 10 5.4987153E+01 2.1751298E-01 5.3515106E-01 -3.9167668E-02 1.3483705E-02 1.2192206E-02 1.1919621E-02 4.8833095E-04 2.7110953E-04 7.1229118E-03 9.1662122E-05 6.9477284E-03 8.7303931E-02 4.0246510E-02 1.5589092E-04 1.8667164E+00 1.8350202E+01 -4.1528242E-02
3.1381000E+02 2.5927000E+02 8.6700000E+00 3.2300000E+02 10 5.5014441E+01 2.0734352E-01 5.1050856E-01 -3.6069671E-02 1.2987113E-02 1.2207739E-02 1.1934033E-02 4.9034103E-04 2.5874342E-04 6.8628019E-03 9.2039423E-05 6.7199154E-03 8.2611570E-02 3.8768399E-02 1.5199721E-04 1.9030037E+00 1.8311552E+01 -3.7532860E-02
3.1381000E+02 2.5927000E+02 8.6700000E+00 3.2800000E+02 10 5.5033877E+01 1.9971590E-01 4.9249397E-01 -3.3891675E-02 1.2579423E-02 1.2229971E-02 1.1955150E-02 4.9233759E-04 2.4748256E-04 6.6494673E-03 9.2414187E-05 6.5330736E-03 7.9308205E-02 3.7554723E-02 1.4860379E-04 1.9283574E+00 1.8285255E+01 -3.4923545E-02
3.1381000E+02 2.5927000E+02 8.6700000E+00 3.2900000E+02 10 5.5031313E+01 2.1066737E-01 5.1769429E-01 -3.3489936E-02 1.4585006E-02 1.4125098E-02 1.3850055E-02 4.9273449E-04 2.6383828E-04 7.6575552E-03 9.2488686E-05 7.5185191E-03 7.8714189E-02 4.3546252E-02 1.7906379E-04 1.9334114E+00 1.8321944E+01 -3.4438576E-02
3.1381000E+02 2.5927000E+02 8.6700000E+00 3.3000000E+02 10 5.5034708E+01 2.0919434E-01 5.1428610E-01 -3.3119272E-02 1.4490465E-02 1.4112037E-02 1.3836775E-02 4.9312732E-04 2.6338523E-04 7.6088338E-03 9.2562424E-05 7.4741167E-03 7.8150758E-02 4.3264355E-02 1.7632139E-04 1.9366426E+00 1.8336277E+01 -3.4093813E-02
3.1381000E+02 2.5927000E+02 8.6700000E+00 3.3500000E+02 10 5.5030089E+01 1.9889903E-01 4.8931306E-01 -3.2242390E-02 1.1956842E-02 1.2144283E-02 1.1868029E-02 4.9490560E-04 2.3353277E-04 6.3268223E-03 9.2896216E-05 6.2429416E-03 8.0407348E-02 3.5699340E-02 1.4063396E-04 1.8533375E+00 1.8385637E+01 -4.0718933E-02
3.1381000E+02 2.5927000E+02 8.6700000E+00 3.4000000E+02 10 5.5002832E+01 2.0932904E-01 5.0941478E-01 -3.1951964E-02 1.1972814E-02 1.2128898E-02 1.1851768E-02 4.9647286E-04 2.2893207E-04 6.3374903E-03 9.3190397E-05 6.2499286E-03 8.5392950E-02 3.5746199E-02 1.4319768E-04 1.7616259E+00 1.8461175E+01 -4.9999475E-02
3.1381000E+02 2.5927000E+02 8.6700000E+00 3.4500000E+02 10 5.4973124E+01 2.2249895E-01 5.3441450E-01 -3.1892795E-02 1.2320089E-02 1.2146342E-02 1.1868456E-02 4.9782796E-04 2.3029185E-04 6.5224872E-03 9.3444757E-05 6.4098233E-03 9.0599858E-02 3.6779435E-02 1.4799325E-04 1.6947882E+00 1.8513018E+01 -5.8313622E-02
3.1381000E+02 2.5927000E+02 8.6700000E+00 3.5000000E+02 10 5.4947882E+01 2.3468271E-01 5.5717655E-01 -3.1884278E-02 1.2780006E-02 1.2171909E-02 1.1893381E-02 4.9897917E-04 2.3445536E-04 6.7671213E-03 9.3660844E-05 6.6210854E-03 9.4908256E-02 3.8147895E-02 1.5300738E-04 1.6515542E+00 1.8545183E+01 -6.4557945E-02
3.1381000E+02 2.5927000E+02 8.6700000E+00 3.5500000E+02 10 5.4928738E+01 2.4452151E-01 5.7528140E-01 -3.1861917E-02 1.3221318E-02 1.2194172E-02 1.1915108E-02 4.9993889E-04 2.3948847E-04 7.0020800E-03 9.3840989E-05 6.8233419E-03 9.8109965E-02 3.9460930E-02 1.5728423E-04 1.6246049E+00 1.8564992E+01 -6.8866185E-02
3.1381000E+02 2.5927000E+02 8.6700000E+00 3.6000000E+02 10 5.4915016E+01 2.5195127E-01 5.8875140E-01 -3.1813540E-02 1.3592477E-02 1.2210278E-02 1.1930777E-02 5.0072179E-04 2.4441748E-04 7.1999385E-03 9.3987942E-05 6.9931324E-03 1.0036532E-01 4.0565178E-02 1.6061280E-04 1.6079293E+00 1.8577337E+01 -7.1719790E-02
3.1381000E+02 2.5927000E+02 8.6700000E+00 3.6500000E+02 10 5.4905442E+01 2.5738347E-01 5.9845184E-01 -3.1744499E-02 1.3885294E-02 1.2220872E-02 1.1941023E-02 5.0134374E-04 2.4883813E-04 7.3562279E-03 9.4104685E-05 7.1268789E-03 1.0191449E-01 4.1436313E-02 1.6308881E-04 1.5975428E+00 1.8585145E+01 -7.3579989E-02
3.1381000E+02 2.5927000E+02 8.6700000E+00 3.7000000E+02 10 5.4898827E+01 2.6130538E-01 6.0534502E-01 -3.1663281E-02 1.4109207E-02 1.2227448E-02 1.1947333E-02 5.0182110E-04 2.5265258E-04 7.4758731E-03 9.4194288E-05 7.2290131E-03 1.0296903E-01 4.2102438E-02 1.6488961E-04 1.5909762E+00 1.8590203E+01 -7.4791829E-02
3.1381000E+02 2.5927000E+02 8.6700000E+00 3.7500000E+02 10 5.4894256E+01 2.6413519E-01 6.1023473E-01 -3.1576930E-02 1.4278244E-02 1.2231349E-02 1.1951039E-02 5.0217002E-04 2.5590001E-04 7.5662643E-03 9.4259783E-05 7.3060276E-03 1.0368736E-01 4.2605302E-02 1.6618776E-04 1.5867365E+00 1.8593552E+01 -7.5588684E-02
3.1381000E+02 2.5927000E+02 8.6700000E+00 3.8000000E+02 10 5.4891075E+01 2.6619181E-01 6.1372297E-01 -3.1490263E-02 1.4405665E-02 1.2233529E-02 1.1953087E-02 5.0240596E-04 2.5864986E-04 7.6344055E-03 9.4304069E-05 7.3640408E-03 1.0417994E-01 4.2984368E-02 1.6712133E-04 1.5839278E+00 1.8595808E+01 -7.6121184E-02
3.1381000E+02 2.5927000E+02 8.6700000E+00 3.8500000E+02 10 5.4888837E+01 2.6770559E-01 6.1623849E-01 -3.1406239E-02 1.4502312E-02 1.2234590E-02 1.1954072E-02 5.0254326E-04 2.6096600E-04 7.6860355E-03 9.4329841E-05 7.4080389E-03 1.0452138E-01 4.3271884E-02 1.6779297E-04 1.5820106E+00 1.8597402E+01 -7.6484641E-02
3.1381000E+02 2.5927000E+02 8.6700000E+00 3.9000000E+02 10 5.4887240E+01 2.6883861E-01 6.1807941E-01 -3.1326516E-02 1.4576469E-02 1.2234887E-02 1.1954340E-02 5.0259499E-04 2.6291073E-04 7.7255608E-03 9.4339552E-05 7.4418172E-03 1.0476137E-01 4.3492504E-02 1.6827897E-04 1.5806577E+00 1.8598575E+01 -7.6739072E-02
3.1381000E+02 2.5927000E+02 8.6700000E+00 3.9500000E+02 10 5.4886079E+01 2.6970355E-01 6.1945087E-01 -3.1251904E-02 1.4634256E-02 1.2234616E-02 1.1954081E-02 5.0257284E-04 2.6454330E-04 7.7562553E-03 9.4335394E-05 7.4681599E-03 1.0493288E-01 4.3664428E-02 1.6863348E-04 1.5796679E+00 1.8599475E+01 -7.6922416E-02
3.1381000E+02 2.5927000E+02 8.6700000E+00 4.0000000E+02 10 5.4885218E+01 2.7037848E-01 6.2049355E-01 -3.1182690E-02 1.4680109E-02 1.2233882E-02 1.1953395E-02 5.0248710E-04 2.6591501E-04 7.7805081E-03 9.4319300E-05 7.4890729E-03 1.0505784E-01 4.3800856E-02 1.6889443E-04 1.5789157E+00 1.8600192E+01 -7.7058831E-02
3.1381000E+02 2.5927000E+02 8.6700000E+00 4.0500000E+02 10 5.4884565E+01 2.7091742E-01 6.2130395E-01 -3.1118846E-02 1.4717213E-02 1.2232740E-02 1.1952332E-02 5.0234674E-04 2.6706979E-04 7.8000415E-03 9.4292954E-05 7.5059899E-03 1.0515090E-01 4.3911258E-02 1.6908824E-04 1.5783221E+00 1.8600787E+01 -7.7163828E-02
3.1381000E+02 2.5927000E+02 8.6700000E+00 4.1000000E+02 10 5.4884058E+01 2.7135774E-01 6.2194827E-01 -3.1060161E-02 1.4747837E-02 1.2231219E-02 1.1950915E-02 5.0215954E-04 2.6804444E-04 7.8160868E-03 9.4257814E-05 7.5199303E-03 1.0522184E-01 4.4002382E-02 1.6923359E-04 1.5778364E+00 1.8601298E+01 -7.7247484E-02
3.1381000E+02 2.5927000E+02 8.6700000E+00 4.1200000E+02 10 5.4876715E+01 2.8590567E-01 6.5108697E-01 -3.1037496E-02 1.6957295E-02 1.3602612E-02 1.3322354E-02 5.0207762E-04 2.9031806E-04 8.9459981E-03 9.4242439E-05 8.5813363E-03 1.0525763E-01 5.0594706E-02 1.9837714E-04 1.5766263E+00 1.8663237E+01 -7.7447819E-02
3.1381000E+02 2.5927000E+02 8.6700000E+00 4.1700000E+02 10 5.4884078E+01 2.7071436E-01 6.2050295E-01 -3.0985552E-02 1.4616617E-02 1.2143504E-02 1.1863382E-02 5.0183515E-04 2.7007096E-04 7.7492791E-03 9.4196925E-05 7.4559899E-03 1.0529602E-01 4.3610584E-02 1.6555201E-04 1.5721774E+00 1.8634013E+01 -7.8109474E-02
3.1381000E+02 2.5927000E+02 8.6700000E+00 4.2200000E+02 10 5.4883814E+01 2.7093215E-01 6.2071956E-01 -3.0937963E-02 1.4623938E-02 1.2126984E-02 1.1847015E-02 5.0156030E-04 2.6871140E-04 7.7531696E-03 9.4145335E-05 7.4588960E-03 1.0533719E-01 4.3632273E-02 1.6717604E-04 1.5713114E+00 1.8623867E+01 -7.8239886E-02
3.1381000E+02 2.5927000E+02 8.6700000E+00 4.2700000E+02 10 5.4883417E+01 2.7147423E-01 6.2155281E-01 -3.0894362E-02 1.4681068E-02 1.2135697E-02 1.1855897E-02 5.0125761E-04 2.6880921E-04 7.7827871E-03 9.4088519E-05 7.4853808E-03 1.0537121E-01 4.3802464E-02 1.6832221E-04 1.5720859E+00 1.8615547E+01 -7.8124463E-02
3.1381000E+02 2.5927000E+02 8.6700000E+00 4.2900000E+02 10 5.4876054E+01 2.8617325E-01 6.5092143E-01 -3.0877537E-02 1.6913588E-02 1.3508990E-02 1.3229260E-02 5.0113235E-04 2.9104066E-04 8.9250175E-03 9.4065008E-05 8.5572083E-03 1.0539432E-01 5.0463453E-02 1.9803192E-04 1.5714755E+00 1.8672890E+01 -7.8233185E-02
3.1381000E+02 2.5927000E+02 8.6700000E+00 4.3000000E+02 10 5.4873774E+01 2.9070623E-01 6.6004436E-01 -3.0869275E-02 1.7602296E-02 1.3952760E-02 1.3673065E-02 5.0106871E-04 2.9947625E-04 9.2770148E-03 9.4053062E-05 8.8882798E-03 1.0540280E-01 5.2518479E-02 2.0499731E-04 1.5705938E+00 1.8695226E+01 -7.8375114E-02
3.1381000E+02 2.5927000E+02 8.6700000E+00 4.3500000E+02 10 5.4882671E+01 2.7303467E-01 6.2469833E-01 -3.0823432E-02 1.4922818E-02 1.2306001E-02 1.2022867E-02 5.0722983E-04 2.7792618E-04 7.9106782E-03 9.5209534E-05 7.6054851E-03 1.0535587E-01 4.4523348E-02 1.6820658E-04 1.5797945E+00 1.8606188E+01 -7.6973942E-02
3.1381000E+02 2.5927000E+02 8.6700000E+00 4.3600000E+02 10 5.4872935E+01 2.9263064E-01 6.6410804E-01 -3.0814720E-02 1.7913243E-02 1.4206046E-02 1.3922282E-02 5.0835855E-04 3.0298939E-04 9.4393057E-03 9.5421401E-05 9.0449464E-03 1.0536414E-01 5.3446764E-02 2.0907799E-04 1.5822846E+00 1.8644258E+01 -7.6615032E-02
3.1381000E+02 2.5927000E+02 8.6700000E+00 4.3700000E+02 10 5.4873581E+01 2.9285575E-01 6.6421469E-01 -3.0628826E-02 1.7967748E-02 1.4243611E-02 1.3959414E-02 5.0913437E-04 3.0721118E-04 9.4680613E-03 9.5567025E-05 9.0712372E-03 1.0520973E-01 5.3609172E-02 2.0746041E-04 1.5846873E+00 1.8655349E+01 -7.6200255E-02
3.1381000E+02 2.5927000E+02 8.6700000E+00 4.3800000E+02 10 5.4876008E+01 2.9268078E-01 6.6279374E-01 -3.0066245E-02 1.8002103E-02 1.4272805E-02 1.3988286E-02 5.0971187E-04 3.1053344E-04 9.4862619E-03 9.5675426E-05 9.0878472E-03 1.0473762E-01 5.3711518E-02 2.0628951E-04 1.5872693E+00 1.8661827E+01 -7.5620074E-02
3.1381000E+02 2.5927000E+02 8.6700000E+00 4.4300000E+02 10 5.4933305E+01 2.6838516E-01 5.9262955E-01 -1.9265884E-02 1.5428323E-02 1.2677528E-02 1.2395364E-02 5.0549156E-04 2.8778699E-04 8.1677437E-03 9.4883252E-05 7.8474407E-03 9.5647854E-02 4.6031802E-02 1.7227126E-04 1.6229434E+00 1.8530965E+01 -6.6769919E-02
3.1381000E+02 2.5927000E+02 8.6700000E+00 4.4400000E+02 10 5.4935135E+01 2.8527234E-01 6.2224611E-01 -1.6822703E-02 1.8283483E-02 1.4581519E-02 1.4299724E-02 5.0483136E-04 3.1076602E-04 9.6234987E-03 9.4759329E-05 9.2237719E-03 9.3605134E-02 5.4552998E-02 2.1052673E-04 1.6317592E+00 1.8568346E+01 -6.4784266E-02
3.1381000E+02 2.5927000E+02 8.6700000E+00 4.4500000E+02 10 5.4947260E+01 2.8360071E-01 6.1366221E-01 -1.4129281E-02 1.8317737E-02 1.4626560E-02 1.4344958E-02 5.0448441E-04 3.1391715E-04 9.6405546E-03 9.4694205E-05 9.2402711E-03 9.1334444E-02 5.4655342E-02 2.0896674E-04 1.6409618E+00 1.8573852E+01 -6.2699993E-02
3.1381000E+02 2.5927000E+02 8.6700000E+00 4.5000000E+02 10 5.5014104E+01 2.5926267E-01 5.3889770E-01 -1.0868082E-03 1.5981584E-02 1.3173246E-02 1.2891853E-02 5.0411084E-04 2.9406526E-04 8.4463444E-03 9.4624084E-05 8.1165927E-03 8.0317553E-02 4.7684467E-02 1.7820388E-04 1.6984738E+00 1.8380039E+01 -5.1817389E-02
3.1381000E+02 2.5927000E+02 8.6700000E+00 4.5300000E+02 10 5.5043335E+01 2.6355981E-01 5.3380217E-01 6.3892978E-03 1.7478829E-02 1.4317738E-02 1.4036469E-02 5.0388855E-04 3.0711891E-04 9.2062723E-03 9.4582360E-05 8.8428697E-03 7.4016640E-02 5.2154749E-02 1.9707194E-04 1.7356554E+00 1.8378503E+01 -4.5839438E-02
3.1381000E+02 2.5927000E+02 8.6700000E+00 4.5400000E+02 10 5.5050530E+01 2.6969214E-01 5.4241284E-01 8.8322637E-03 1.8725212E-02 1.5309803E-02 1.5028590E-02 5.0378684E-04 3.1718074E-04 9.8377593E-03 9.4563267E-05 9.4489250E-03 7.1960604E-02 5.5876504E-02 2.1044332E-04 1.7486303E+00 1.8401852E+01 -4.3929735E-02
3.1381000E+02 2.5927000E+02 8.6700000E+00 4.5900000E+02 10 5.5111718E+01 2.4302602E-01 4.6571005E-01 2.0264191E-02 1.5831940E-02 1.3440479E-02 1.3160373E-02 5.0180475E-04 2.8969994E-04 8.3594100E-03 9.4191219E-05 8.0540180E-03 6.2318046E-02 4.7242315E-02 1.7405999E-04 1.7803273E+00 1.8332439E+01 -3.7972293E-02
3.1381000E+02 2.5927000E+02 8.6700000E+00 4.6400000E+02 10 5.5152484E+01 2.3462351E-01 4.3251366E-01 2.8999186E-02 1.5514079E-02 1.3430485E-02 1.3151322E-02 5.0011612E-04 2.8070581E-04 8.1905630E-03 9.3874255E-05 7.9063529E-03 5.4967157E-02 4.6296197E-02 1.7238407E-04 1.8079444E+00 1.8303655E+01 -3.3520485E-02
3.1381000E+02 2.5927000E+02 8.6700000E+00 4.6900000E+02 10 5.5182526E+01 2.2842108E-01 4.0814523E-01 3.5441092E-02 1.5283169E-02 1.3447667E-02 1.3169202E-02 4.9886459E-04 2.7274830E-04 8.0675057E-03 9.3639338E-05 7.7994764E-03 4.9551761E-02 4.5608952E-02 1.7113289E-04 1.8319578E+00 1.8274919E+01 -3.0221397E-02
3.1381000E+02 2.5927000E+02 8.6700000E+00 4.7400000E+02 10 5.5204604E+01 2.2373267E-01 3.9011552E-01 4.0165902E-02 1.5096233E-02 1.3472521E-02 1.3194649E-02 4.9780348E-04 2.6544307E-04 7.9680403E-03 9.3440162E-05 7.7126917E-03 4.5586148E-02 4.5052513E-02 1.6994152E-04 1.8508369E+00 1.8252919E+01 -2.7871850E-02
3.1381000E+02 2.5927000E+02 8.6700000E+00 4.7900000E+02 10 5.5220934E+01 2.2010135E-01 3.7657386E-01 4.3647259E-02 1.4934093E-02 1.3494034E-02 1.3216707E-02 4.9682687E-04 2.5883621E-04 7.8821979E-03 9.3256847E-05 7.6368342E-03 4.2670387E-02 4.4569729E-02 1.6878591E-04 1.8644906E+00 1.8237935E+01 -2.6241744E-02
3.1381000E+02 2.5927000E+02 8.6700000E+00 4.8100000E+02 10 5.5221313E+01 2.2956099E-01 3.9520839E-01 4.4868018E-02 1.6617678E-02 1.4862014E-02 1.4584900E-02 4.9644537E-04 2.7019308E-04 8.7352594E-03 9.3185238E-05 8.4549691E-03 4.1658749E-02 4.9596785E-02 1.9109453E-04 1.8681335E+00 1.8310396E+01 -2.5757070E-02
3.1381000E+02 2.5927000E+02 8.6700000E+00 4.8200000E+02 10 5.5222441E+01 2.3206843E-01 3.9995749E-01 4.5438643E-02 1.7102203E-02 1.5307782E-02 1.5030773E-02 4.9625648E-04 2.7286527E-04 8.9798615E-03 9.3149782E-05 8.6913618E-03 4.1183864E-02 5.1043833E-02 1.9595197E-04 1.8688532E+00 1.8335824E+01 -2.5587773E-02
3.1381000E+02 2.5927000E+02 8.6700000E+00 4.8700000E+02 10 5.5241328E+01 2.1300615E-01 3.5505907E-01 4.7700889E-02 1.4303876E-02 1.3248452E-02 1.2971997E-02 4.9526397E-04 2.4767458E-04 7.5576845E-03 9.2963483E-05 7.3342031E-03 3.9284129E-02 4.2689637E-02 1.6013803E-04 1.8463030E+00 1.8329000E+01 -2.6325955E-02
3.1381000E+02 2.5927000E+02 8.6700000E+00 4.9200000E+02 10 5.5249885E+01 2.1004193E-01 3.4582673E-01 4.9410208E-02 1.4031261E-02 1.3096718E-02 1.2820804E-02 4.9429463E-04 2.4033391E-04 7.4178642E-03 9.2781533E-05 7.2023149E-03 3.7865243E-02 4.1876341E-02 1.5980827E-04 1.8364699E+00 1.8333658E+01 -2.6478599E-02
3.1381000E+02 2.5927000E+02 8.6700000E+00 4.9700000E+02 10 5.5256135E+01 2.0837443E-01 3.3979908E-01 5.0722369E-02 1.3905224E-02 1.3006691E-02 1.2731233E-02 4.9347894E-04 2.3584425E-04 7.3539374E-03 9.2628424E-05 7.1399650E-03 3.6779856E-02 4.1500054E-02 1.6007232E-04 1.8344435E+00 1.8329149E+01 -2.6276707E-02
3.1381000E+02 2.5927000E+02 8.6700000E+00 5.0200000E+02 10 5.5260913E+01 2.0729908E-01 3.3548696E-01 5.1753060E-02 1.3838104E-02 1.2949272E-02 1.2674239E-02 4.9271699E-04 2.3290821E-04 7.3202239E-03 9.2485403E-05 7.1058977E-03 3.5930861E-02 4.1299523E-02 1.6026937E-04 1.8350147E+00 1.8324093E+01 -2.5995751E-02
3.1381000E+02 2.5927000E+02 8.6700000E+00 5.0500000E+02 10 5.5259709E+01 2.1414476E-01 3.4914815E-01 5.2289603E-02 1.4996679E-02 1.3800603E-02 1.3525822E-02 4.9226534E-04 2.4260112E-04 7.9099607E-03 9.2400626E-05 7.6654002E-03 3.5496998E-02 4.4757852E-02 1.7622937E-04 1.8313275E+00 1.8380372E+01 -2.6084802E-02
3.1381000E+02 2.5927000E+02 8.6700000E+00 5.0600000E+02 10 5.5257081E+01 2.2082862E-01 3.6349546E-01 5.2460012E-02 1.6102639E-02 1.4687049E-02 1.4412352E-02 4.9211501E-04 2.5007186E-04 8.4707643E-03 9.2372408E-05 8.2025355E-03 3.5363144E-02 4.8060115E-02 1.9018407E-04 1.8297459E+00 1.8409569E+01 -2.6137831E-02
3.1381000E+02 2.5927000E+02 8.6700000E+00 5.1100000E+02 10 5.5268826E+01 2.0326628E-01 3.2431934E-01 5.3197440E-02 1.3352111E-02 1.2617113E-02 1.2343119E-02 4.9085623E-04 2.2702233E-04 7.0730075E-03 9.2136129E-05 6.8679529E-03 3.4749076E-02 3.9848461E-02 1.5318526E-04 1.8055844E+00 1.8406001E+01 -2.7374343E-02
3.1381000E+02 2.5927000E+02 8.6700000E+00 5.1600000E+02 10 5.5271931E+01 2.0201606E-01 3.2023985E-01 5.3808495E-02 1.3203010E-02 1.2459263E-02 1.2185846E-02 4.8982149E-04 2.2322534E-04 6.9976383E-03 9.1941903E-05 6.7937742E-03 3.4255087E-02 3.9403186E-02 1.5401098E-04 1.7959249E+00 1.8408815E+01 -2.7803571E-02
3.1381000E+02 2.5927000E+02 8.6700000E+00 5.2100000E+02 10 5.5274222E+01 2.0159823E-01 3.1796179E-01 5.4322980E-02 1.3167483E-02 1.2364884E-02 1.2091957E-02 4.8894337E-04 2.2157830E-04 6.9807572E-03 9.1777075E-05 6.7739090E-03 3.3840658E-02 3.9296646E-02 1.5497610E-04 1.7938470E+00 1.8404520E+01 -2.7798096E-02
3.1381000E+02 2.5927000E+02 8.6700000E+00 5.2600000E+02 10 5.5276085E+01 2.0143110E-01 3.1638808E-01 5.4764466E-02 1.3165031E-02 1.2302592E-02 1.2030139E-02 4.8809387E-04 2.2077846E-04 6.9805761E-03 9.1617619E-05 6.7702418E-03 3.3486762E-02 3.9288896E-02 1.5561571E-04 1.7940841E+00 1.8400282E+01 -2.7671085E-02
3.1381000E+02 2.5927000E+02 8.6700000E+00 5.3100000E+02 10 5.5277696E+01 2.0129887E-01 3.1506932E-01 5.5149172E-02 1.3165535E-02 1.2254907E-02 1.1982932E-02 4.8723977E-04 2.2022071E-04 6.9816501E-03 9.1457301E-05 6.7683084E-03 3.3180025E-02 3.9290092E-02 1.5593655E-04 1.7945750E+00 1.8397729E+01 -2.7544465E-02
3.1381000E+02 2.5927000E+02 8.6700000E+00 5.3600000E+02 10 5.5279127E+01 2.0115129E-01 3.1386468E-01 5.5488587E-02 1.3161812E-02 1.2213929E-02 1.1942434E-02 4.8637882E-04 2.1969923E-04 6.9804071E-03 9.1295696E-05 6.7645350E-03 3.2910853E-02 3.9278767E-02 1.5605915E-04 1.7947636E+00 1.8396585E+01 -2.7448602E-02
3.1381000E+02 2.5927000E+02 8.6700000E+00 5.4100000E+02 10 5.5280412E+01 2.0098992E-01 3.1274212E-01 5.5791059E-02 1.3154099E-02 1.2176516E-02 1.1905502E-02 4.8551692E-04 2.1916830E-04 6.9770545E-03 9.1133914E-05 6.7589359E-03 3.2672227E-02 3.9255584E-02 1.5607870E-04 1.7946207E+00 1.8396312E+01 -2.7382599E-02
3.1381000E+02 2.5927000E+02 8.6700000E+00 5.4600000E+02 10 5.5281573E+01 2.0082585E-01 3.1169839E-01 5.6062811E-02 1.3144087E-02 1.2141509E-02 1.1870973E-02 4.8466060E-04 2.1864187E-04 6.9724972E-03 9.0973178E-05 6.7522809E-03 3.2458906E-02 3.9225565E-02 1.5605043E-04 1.7942442E+00 1.8396521E+01 -2.7338689E-02
3.1381000E+02 2.5927000E+02 8.6700000E+00 5.5100000E+02 10 5.5282624E+01 2.0066759E-01 3.1073338E-01 5.6308588E-02 1.3133189E-02 1.2108477E-02 1.1838413E-02 4.8381477E-04 2.1814091E-04 6.9674752E-03 9.0814411E-05 6.7452328E-03 3.2266895E-02 3.9192915E-02 1.5600233E-04 1.7937286E+00 1.8396982E+01 -2.7309815E-02
3.1381000E+02 2.5927000E+02 8.6700000E+00 5.5600000E+02 10 5.5283579E+01 2.0051986E-01 3.0984473E-01 5.6532095E-02 1.3122289E-02 1.2077216E-02 1.1807616E-02 4.8298251E-04 2.1767248E-04 6.9624473E-03 9.0658192E-05 6.7382094E-03 3.2093087E-02 3.9160262E-02 1.5594788E-04 1.7931399E+00 1.8397562E+01 -2.7290980E-02
3.1381000E+02 2.5927000E+02 8.6700000E+00 5.6100000E+02 10 5.5284449E+01 2.0038474E-01 3.0902797E-01 5.6736287E-02 1.3111864E-02 1.2047582E-02 1.1778439E-02 4.8216546E-04 2.1723981E-04 6.9576591E-03 9.0504827E-05 6.7314407E-03 3.1935013E-02 3.9129030E-02 1.5589289E-04 1.7925186E+00 1.8398199E+01 -2.7278973E-02
3.1381000E+02 2.5927000E+02 8.6700000E+00 5.6600000E+02 10 5.5285244E+01 2.0026264E-01 3.0827751E-01 5.6923567E-02 1.3102138E-02 1.2019445E-02 1.1750749E-02 4.8136426E-04 2.1684371E-04 6.9532220E-03 9.0354438E-05 6.7250376E-03 3.1790673E-02 3.9099885E-02 1.5583995E-04 1.7918870E+00 1.8398861E+01 -2.7271817E-02
3.1381000E+02 2.5927000E+02 8.6700000E+00 5.7100000E+02 10 5.5285972E+01 2.0015308E-01 3.0758739E-01 5.7095921E-02 1.3093186E-02 1.1992679E-02 1.1724422E-02 4.8057893E-04 2.1648307E-04 6.9491689E-03 9.0207028E-05 6.7190420E-03 3.1658422E-02 3.9073053E-02 1.5578988E-04 1.7912579E+00 1.8399523E+01 -2.7268239E-02
3.1381000E+02 2.5927000E+02 8.6700000E+00 5.7600000E+02 10 5.5286641E+01 2.0005533E-01 3.0695196E-01 5.7255020E-02 1.3085014E-02 1.1967167E-02 1.1699339E-02 4.7980910E-04 2.1615567E-04 6.9454995E-03 9.0062528E-05 6.7134602E-03 3.1536878E-02 3.9048552E-02 1.5574290E-04 1.7906373E+00 1.8400181E+01 -2.7267451E-02
3.1381000E+02 2.5927000E+02 8.6700000E+00 5.8100000E+02 10 5.5287256E+01 1.9996834E-01 3.0636583E-01 5.7402286E-02 1.3077584E-02 1.1942797E-02 1.1675390E-02 4.7905422E-04 2.1585972E-04 6.9421923E-03 8.9920833E-05 6.7082743E-03 3.1424870E-02 3.9026268E-02 1.5569881E-04 1.7900283E+00 1.8400831E+01 -2.7268899E-02
3.1381000E+02 2.5927000E+02 8.6700000E+00 5.8200000E+02 10 5.5279644E+01 2.1548828E-01 3.3924681E-01 5.7431277E-02 1.5554632E-02 1.3733323E-02 1.3466001E-02 4.7890384E-04 2.3485581E-04 8.2032413E-03 8.9892606E-05 7.9057622E-03 3.1417126E-02 4.6420814E-02 1.9043316E-04 1.7903309E+00 1.8447299E+01 -2.7249485E-02
3.1381000E+02 2.5927000E+02 8.6700000E+00 5.8700000E+02 10 5.5288271E+01 1.9912874E-01 3.0435244E-01 5.7542329E-02 1.2963492E-02 1.1866538E-02 1.1597790E-02 4.8145746E-04 2.1606278E-04 6.8865597E-03 9.0371932E-05 6.6539589E-03 3.1297301E-02 3.8685496E-02 1.5293212E-04 1.7825408E+00 1.8426692E+01 -2.7690340E-02
3.1381000E+02 2.5927000E+02 8.6700000E+00 5.9200000E+02 10 5.5288832E+01 1.9888930E-01 3.0358774E-01 5.7649185E-02 1.2935400E-02 1.1835279E-02 1.1565966E-02 4.8246945E-04 2.1532650E-04 6.8734827E-03 9.0561889E-05 6.6405728E-03 3.1206327E-02 3.8601622E-02 1.5362740E-04 1.7806849E+00 1.8422655E+01 -2.7775211E-02
3.1381000E+02 2.5927000E+02 8.6700000E+00 5.9700000E+02 10 5.5289199E+01 1.9896721E-01 3.0344289E-01 5.7748111E-02 1.2952342E-02 1.1828604E-02 1.1558868E-02 4.8322673E-04 2.1535619E-04 6.8834066E-03 9.0704033E-05 6.6484541E-03 3.1123257E-02 3.8652037E-02 1.5422803E-04 1.7819121E+00 1.8416773E+01 -2.7673442E-02
3.1381000E+02 2.5927000E+02 8.6700000E+00 6.0200000E+02 10 5.5289522E+01 1.9907723E-01 3.0340284E-01 5.7839996E-02 1.2974724E-02 1.1830398E-02 1.1560228E-02 4.8400562E-04 2.1556583E-04 6.8959718E-03 9.0850235E-05 6.6591403E-03 3.1045640E-02 3.8718723E-02 1.5457126E-04 1.7836502E+00 1.8412178E+01 -2.7543091E-02
3.1381000E+02 2.5927000E+02 8.6700000E+00 6.0700000E+02 10 5.5289849E+01 1.9913301E-01 3.0329219E-01 5.7926346E-02 1.2989655E-02 1.1832103E-02 1.1561505E-02 4.8477203E-04 2.1571253E-04 6.9045686E-03 9.0994094E-05 6.6664106E-03 3.0972544E-02 3.8763225E-02 1.5469798E-04 1.7849482E+00 1.8409419E+01 -2.7441786E-02
3.1381000E+02 2.5927000E+02 8.6700000E+00 6.1200000E+02 10 5.5290185E+01 1.9913302E-01 3.0309281E-01 5.8008072E-02 1.2996301E-02 1.1830767E-02 1.1559769E-02 4.8548935E-04 2.1575732E-04 6.9088201E-03 9.1128738E-05 6.6697504E-03 3.0903507E-02 3.8783029E-02 1.5470049E-04 1.7856707E+00 1.8407986E+01 -2.7377049E-02
3.1381000E+02 2.5927000E+02 8.6700000E+00 6.1700000E+02 10 5.5290520E+01 1.9909657E-01 3.0283147E-01 5.8085667E-02 1.2997070E-02 1.1826054E-02 1.1554690E-02 4.8614364E-04 2.1571981E-04 6.9100109E-03 9.1251551E-05 6.6702338E-03 3.0838232E-02 3.8785300E-02 1.5464541E-04 1.7859392E+00 1.8407416E+01 -2.7341044E-02
3.1381000E+02 2.5927000E+02 8.6700000E+00 6.2200000E+02 10 5.5290848E+01 1.9904149E-01 3.0253731E-01 5.8159436E-02 1.2994389E-02 1.1818523E-02 1.1546831E-02 4.8673220E-04 2.1563491E-04 6.9094108E-03 9.1362028E-05 6.6689885E-03 3.0776491E-02 3.8777267E-02 1.5456960E-04 1.7859044E+00 1.8407334E+01 -2.7324406E-02
3.1381000E+02 2.5927000E+02 8.6700000E+00 6.2700000E+02 10 5.5291164E+01 1.9897944E-01 3.0223109E-01 5.8229606E-02 1.2989943E-02 1.1808892E-02 1.1536907E-02 4.8725574E-04 2.1552779E-04 6.9078938E-03 9.1460299E-05 6.6668123E-03 3.0718087E-02 3.8763957E-02 1.5449044E-04 1.7856821E+00 1.8407530E+01 -2.7320030E-02
3.1381000E+02 2.5927000E+02 8.6700000E+00 6.3200000E+02 10 5.5291465E+01 1.9891718E-01 3.0192562E-01 5.8296383E-02 1.2984759E-02 1.1797783E-02 1.1525542E-02 4.8771561E-04 2.1541461E-04 6.9059892E-03 9.1546619E-05 6.6641974E-03 3.0662838E-02 3.8748437E-02 1.5441507E-04 1.7853485E+00 1.8407869E+01 -2.7323258E-02
3.1381000E+02 2.5927000E+02 8.6700000E+00 6.3700000E+02 10 5.5291750E+01 1.9885821E-01 3.0162811E-01 5.8359960E-02 1.2979419E-02 1.1785674E-02 1.1513211E-02 4.8811346E-04 2.1530439E-04 6.9039944E-03 9.1621297E-05 6.6614246E-03 3.0610570E-02 3.8732438E-02 1.5434576E-04 1.7849512E+00 1.8408295E+01 -2.7331166E-02
3.1381000E+02 2.5927000E+02 8.6700000E+00 6.4200000E+02 10 5.5292020E+01 1.9880408E-01 3.0134215E-01 5.8420523E-02 1.2974219E-02 1.1772913E-02 1.1500261E-02 4.8845139E-04 2.1520163E-04 6.9020631E-03 9.1684727E-05 6.6586405E-03 3.0561113E-02 3.8716854E-02 1.5428283E-04 1.7845182E+00 1.8408763E+01 -2.7342022E-02
3.1381000E+02 2.5927000E+02 8.6700000E+00 6.4700000E+02 10 5.5292275E+01 1.9875543E-01 3.0106943E-01 5.8478252E-02 1.2969311E-02 1.1759746E-02 1.1486937E-02 4.8873207E-04 2.1510798E-04 6.9002669E-03 9.1737414E-05 6.6559276E-03 3.0514300E-02 3.8702136E-02 1.5422564E-04 1.7840664E+00 1.8409261E+01 -2.7354771E-02
3.1381000E+02 2.5927000E+02 8.6700000E+00 6.5000000E+02 10 5.5288581E+01 2.0644720E-01 3.1714772E-01 5.8511907E-02 1.4194603E-02 1.2599941E-02 1.2327049E-02 4.8888054E-04 2.2722434E-04 7.5264536E-03 9.1765282E-05 7.2457799E-03 3.0494146E-02 4.2359087E-02 1.7090421E-04 1.7787736E+00 1.8461942E+01 -2.7677687E-02
