9.31 15.8 15.52 4.47 2.44 3.41 1.39 1.25 2.06 2.74 3.16 5.17 4.74 1.93 1.93 2.08 2.16 2.06 2.32 5.41 6.13 10.91 6.31 5.38 5.66 4.04 3.2 2.75 3.2 6.56 7.19 7.59 7.21 16.07 8.56 13.91 12.06 18.33 9.52 9.43 5.76 6.78 6.35 8.72 8.95 9.4 9.02 14.73 7.99 7.69 4.36 5.86 8.96 9.89 8.92 11.62 12.76 12.44 10.38 5.22 4.81 5.95 5.31 5.97
8.08 10.66 8.65 3.77 2.89 2.7 1.81 1.94 1.88 1.69 4.36 3.04 3.91 1.95 1.54 1.85 2.04 1.61 2.47 5.8 5.28 8.17 4.41 5.08 6.57 6.58 3.94 3.34 3.53 6.59 7.25 4.73 7.13 9.44 13.9 11.95 13.0 12.12 10.63 6.76 6.27 8.09 8.78 11.0 11.99 5.9 10.76 13.71 10.61 4.98 5.68 7.44 15.25 8.11 7.76 9.5 12.68 9.99 9.68 5.61 6.49 7.28 6.71 5.58
6.66 16.35 8.3 4.53 3.59 3.47 1.62 2.26 1.25 2.37 4.54 4.23 1.84 2.22 0.92 2.06 1.63 1.95 3.0 4.53 4.91 4.46 4.05 7.9 6.13 4.87 3.69 4.8 3.51 7.06 7.52 6.07 6.29 8.04 11.84 10.1 10.26 10.18 9.78 5.33 8.18 16.7 12.57 16.36 13.5 9.41 5.98 7.57 11.1 4.68 4.38 13.28 13.16 14.71 6.37 9.62 6.31 8.32 6.29 5.7 10.4 8.6 12.33 6.63
8.18 14.09 9.97 6.68 5.45 2.65 2.31 1.57 1.94 3.02 5.64 5.06 4.28 2.25 2.31 2.33 2.69 2.42 3.03 2.3 6.49 3.87 3.62 6.01 7.31 2.23 4.2 2.95 7.52 6.02 7.76 4.19 4.88 5.72 10.48 8.64 7.27 13.94 13.53 7.0 9.26 15.03 20.64 11.88 7.94 7.14 9.88 5.38 7.88 3.67 5.83 8.8 18.32 13.06 11.87 9.62 6.59 7.33 5.52 5.8 8.72 8.45 10.72 5.72
17.51 13.32 9.86 17.1 9.95 2.78 2.31 2.62 2.73 2.01 3.07 4.8 7.15 2.04 2.91 2.93 3.11 2.58 3.14 3.28 8.27 7.33 4.39 6.24 3.58 3.64 3.36 4.35 7.76 7.41 6.36 5.35 2.98 5.14 9.46 10.46 6.58 11.63 10.21 11.81 17.42 10.49 13.25 11.44 6.0 6.38 9.74 16.69 6.45 4.8 5.74 17.5 17.61 9.46 16.82 18.67 10.65 7.98 3.83 4.82 5.65 12.31 7.79 4.32
22.26 15.72 13.65 17.21 15.14 3.85 3.32 2.23 2.93 1.65 2.86 4.65 6.26 4.3 3.02 4.52 3.89 5.65 3.92 3.59 7.42 6.05 4.52 5.33 5.04 4.52 3.03 4.54 9.22 5.96 7.33 5.94 4.61 6.08 12.35 10.72 8.66 10.51 11.35 8.43 8.66 10.18 9.82 5.94 8.38 12.41 10.37 9.05 9.4 3.2 6.18 13.74 11.17 9.45 13.7 21.58 15.92 5.94 3.71 5.92 4.55 6.03 8.48 3.92
14.67 20.16 12.89 19.19 8.8 9.26 3.03 2.61 2.12 2.37 4.52 7.48 3.24 2.89 4.01 3.06 2.74 7.75 5.66 4.04 5.63 5.2 5.35 5.12 5.97 5.86 2.39 3.73 7.13 6.97 4.89 5.56 4.95 4.2 9.22 6.19 6.75 4.89 8.3 9.13 4.15 10.02 11.77 9.1 7.9 16.94 11.3 6.47 8.52 3.74 7.11 12.77 16.24 16.28 12.85 13.45 10.93 2.7 2.82 4.75 6.41 6.82 7.43 7.27
26.3 11.02 16.09 14.32 11.65 6.19 1.73 1.51 2.4 2.35 4.43 5.57 3.8 2.83 5.8 2.92 3.96 4.72 5.46 3.73 4.79 4.6 11.53 3.76 4.91 4.68 3.44 3.14 6.92 7.89 7.86 7.49 4.69 8.6 11.44 8.75 10.11 4.19 5.69 6.23 7.03 6.06 13.0 10.38 12.66 12.43 10.75 6.66 6.82 5.94 8.09 10.25 14.9 13.45 12.8 10.3 7.13 3.01 3.58 2.63 3.98 6.03 6.82 8.34
14.29 8.05 14.25 12.76 6.79 3.63 2.84 2.73 2.67 3.32 6.2 8.24 4.92 7.08 5.82 6.08 5.54 5.4 6.56 6.03 3.29 4.78 6.39 5.31 3.72 5.46 7.03 9.81 12.67 9.75 15.77 15.87 11.18 14.33 4.59 6.81 5.27 3.48 4.86 4.27 8.4 8.96 8.89 9.06 12.76 12.07 11.38 13.25 7.16 9.6 10.64 7.97 10.61 9.69 5.98 6.87 6.64 4.06 2.83 2.38 2.98 8.63 5.77 9.41
12.1 11.76 16.75 7.56 6.43 2.92 3.13 3.91 2.92 2.48 4.8 6.54 4.83 7.03 5.86 5.3 6.79 5.65 9.52 4.71 4.43 3.81 5.32 5.7 9.16 10.92 13.94 16.16 16.66 15.73 19.63 14.52 19.84 13.7 5.96 3.77 3.32 3.17 8.18 4.33 6.84 10.46 10.24 9.17 12.27 12.65 17.58 15.96 10.95 12.96 12.01 10.48 9.51 8.18 8.31 7.15 5.42 3.45 3.45 2.49 5.73 9.8 8.71 9.95
9.69 11.28 9.65 6.03 8.32 4.12 2.93 4.65 4.21 3.21 4.81 4.34 5.68 6.0 6.15 7.49 7.47 12.2 12.95 5.66 4.1 4.46 4.76 4.77 12.96 12.49 20.86 32.28 21.19 18.93 20.33 19.75 15.05 11.63 8.59 7.15 4.22 3.78 5.63 6.47 4.51 5.66 5.0 7.87 8.73 12.84 13.88 11.77 18.62 13.86 11.41 13.69 7.6 4.15 6.58 4.96 2.02 2.08 2.41 3.59 6.98 8.78 10.1 14.91
20.56 15.76 13.43 13.6 11.34 5.58 3.51 3.93 4.84 5.41 5.81 5.34 7.86 4.93 6.66 10.79 11.26 16.71 13.41 6.3 6.46 6.84 4.2 5.65 11.39 18.59 27.6 21.67 18.21 15.23 9.59 12.68 10.33 8.28 4.72 6.91 5.65 3.9 4.17 3.21 6.63 3.89 3.13 7.75 10.66 16.3 16.76 12.26 12.3 13.44 11.12 14.02 6.73 3.35 3.82 3.2 2.3 2.26 2.94 2.83 6.37 11.74 11.73 11.57
13.95 20.36 16.42 10.78 9.59 4.23 4.42 3.82 4.97 7.62 5.14 6.98 7.15 7.41 8.04 12.13 16.28 17.5 12.99 7.5 7.39 6.1 5.77 7.33 9.93 28.51 45.92 13.74 16.84 13.99 11.18 7.75 9.73 9.65 10.88 10.48 8.17 6.85 7.47 4.4 8.24 3.38 4.47 8.11 10.5 10.05 13.22 11.18 15.97 12.53 10.99 13.82 7.86 2.73 3.65 2.81 5.98 2.76 3.05 2.7 7.88 9.57 15.72 10.71
15.27 19.89 10.35 7.68 10.9 4.87 5.37 5.04 9.38 13.42 7.51 7.4 8.91 8.53 10.24 11.53 18.26 12.84 14.93 5.77 8.53 7.24 12.35 14.06 14.99 26.7 33.09 19.14 14.63 11.16 11.53 8.02 12.11 10.52 12.89 12.09 12.23 9.19 6.33 5.02 4.74 4.17 11.28 7.88 11.06 13.37 10.49 10.57 18.49 15.22 18.99 15.18 6.03 3.15 3.11 2.25 5.8 3.66 2.98 4.95 8.39 12.29 26.41 17.58
27.43 17.55 11.47 10.66 8.57 6.39 4.99 3.14 6.66 6.34 8.12 6.44 7.39 6.2 10.54 12.14 10.48 9.95 9.98 9.16 11.82 8.08 15.58 17.91 16.03 20.24 27.76 16.38 11.47 5.65 7.45 10.62 12.91 12.67 11.39 10.23 17.57 11.06 4.86 4.92 7.29 6.01 11.33 9.22 13.17 10.89 12.34 12.85 14.39 11.33 20.34 14.3 5.68 6.29 6.02 6.05 6.47 6.16 5.87 4.75 7.58 21.99 18.18 11.97
14.37 7.7 10.09 8.94 5.47 4.13 3.87 3.69 6.91 7.13 10.45 7.88 13.42 10.33 9.32 8.53 14.24 13.67 5.22 12.34 11.33 10.07 13.58 13.2 16.95 18.08 26.2 13.64 9.21 5.87 14.53 16.92 10.11 14.22 13.12 7.46 15.43 15.35 6.74 6.91 8.08 9.28 4.31 6.52 10.04 10.36 8.14 13.76 12.66 12.24 17.11 15.71 5.93 9.24 11.7 9.3 5.88 4.91 6.11 2.91 3.7 11.08 5.73 7.33
12.5 8.46 10.63 7.76 5.94 4.41 6.08 4.63 5.66 10.79 10.59 7.57 8.28 9.95 11.12 8.6 14.49 14.72 8.96 9.74 14.62 16.77 17.93 24.04 30.27 12.95 14.78 15.38 6.73 5.96 14.48 15.96 10.03 8.67 9.31 10.59 8.68 10.15 12.02 10.38 5.18 10.16 7.01 5.94 21.11 12.48 9.7 11.17 12.76 9.67 16.24 12.26 8.07 7.12 7.97 10.76 7.38 3.05 5.4 3.73 3.72 2.58 3.6 4.14
10.01 11.44 6.0 7.89 5.59 5.54 4.96 5.37 6.83 7.37 8.13 8.35 5.16 7.86 14.39 16.39 16.72 14.91 9.43 9.39 10.61 19.84 9.76 28.57 19.71 17.41 8.39 13.85 14.38 10.25 10.56 13.51 21.06 13.7 12.38 14.01 11.78 11.02 13.07 11.14 5.27 11.33 10.09 10.75 17.66 13.93 12.54 7.31 10.16 9.03 10.91 7.28 11.55 6.51 6.31 11.47 6.47 4.52 6.48 5.06 4.2 2.74 2.3 3.17
12.93 9.17 6.48 8.02 8.59 6.83 5.51 6.3 7.94 9.44 9.27 5.25 6.09 10.27 16.19 9.44 16.16 8.49 9.88 8.62 12.14 20.35 21.52 16.75 21.11 15.16 15.99 11.66 20.79 10.18 13.22 10.92 15.99 15.83 20.44 10.87 15.62 6.49 12.18 7.82 13.06 10.15 17.69 15.23 16.82 14.53 14.69 7.19 8.11 7.5 5.75 4.35 6.97 5.01 6.42 6.32 4.52 3.31 3.13 2.8 4.81 2.4 2.7 3.55
15.91 8.58 7.33 9.85 10.08 7.11 6.81 5.28 7.58 8.09 7.49 3.81 6.55 10.05 15.27 10.2 12.94 13.65 10.52 11.08 12.61 17.81 19.65 14.11 14.71 7.89 14.56 10.35 11.41 9.55 10.81 12.6 17.49 15.6 14.25 18.57 12.56 14.8 11.73 12.97 9.53 9.55 6.52 9.01 8.4 11.16 11.66 11.65 5.35 6.54 4.39 4.14 4.68 5.68 5.42 5.43 3.97 6.3 2.41 4.2 3.96 2.76 1.76 2.16
11.55 8.53 7.52 5.78 7.74 7.71 7.24 5.99 12.41 8.15 8.14 6.07 8.46 8.55 11.55 8.32 13.49 10.23 11.25 9.61 13.23 11.96 12.43 13.56 7.52 7.83 10.46 11.31 8.48 10.24 11.91 17.59 25.36 12.52 14.23 11.78 11.18 13.26 9.34 10.31 7.85 9.19 8.77 9.39 7.68 6.97 15.64 11.09 8.86 4.83 6.46 6.37 5.33 3.94 7.48 5.12 4.93 3.47 2.62 2.66 4.22 2.06 1.75 1.68
10.07 7.77 5.7 6.94 10.09 7.42 4.88 5.02 7.71 10.71 6.24 5.61 4.41 9.01 7.72 11.65 15.13 16.66 14.82 10.63 9.98 13.84 9.89 14.55 14.8 14.67 9.13 8.95 7.61 6.92 6.24 11.41 13.96 12.02 11.5 11.02 17.39 11.71 6.29 8.23 8.22 10.41 13.63 7.88 9.65 8.24 13.22 6.09 7.74 5.0 7.07 5.64 3.01 7.77 9.88 5.77 3.96 3.82 3.47 4.59 5.03 2.91 1.96 1.73
11.39 8.99 6.4 7.82 9.71 10.02 5.47 4.25 6.76 11.22 11.24 4.81 3.38 3.76 13.44 11.58 12.35 12.41 13.2 8.91 6.88 8.32 10.58 11.37 12.85 9.81 12.75 7.26 8.98 5.38 8.34 10.33 18.75 9.21 15.18 11.05 18.36 6.9 4.77 4.97 8.9 9.62 8.88 7.27 11.57 13.91 10.71 10.19 5.51 5.04 10.59 6.71 8.15 7.57 13.5 4.85 4.26 3.66 6.74 8.11 5.49 4.63 3.72 3.07
9.76 6.18 6.82 9.36 8.84 7.7 4.07 5.21 5.06 6.77 5.7 7.05 4.52 6.93 12.69 12.64 14.94 8.2 8.01 8.72 10.07 6.62 8.62 11.82 11.61 10.39 11.48 12.13 8.99 7.34 6.09 15.51 13.24 11.37 9.56 10.4 9.2 7.23 5.79 6.12 9.48 11.68 10.15 9.16 15.46 27.96 14.29 11.37 5.85 8.5 7.41 6.91 8.51 6.06 5.96 4.99 4.52 5.29 7.36 8.73 5.03 4.47 5.49 6.41
14.52 4.27 4.32 5.44 11.37 3.83 5.46 4.72 7.91 5.2 6.39 7.97 11.54 12.69 13.78 9.49 9.64 6.84 11.87 7.14 7.41 6.55 8.34 7.47 8.46 10.78 11.62 10.31 10.38 9.2 7.18 10.37 17.51 8.9 5.72 4.77 9.66 4.97 4.85 6.83 5.81 7.92 11.62 8.33 10.1 10.48 21.35 7.28 7.1 13.4 16.14 9.06 7.62 9.62 6.42 4.67 5.77 6.37 6.85 6.42 7.43 6.08 4.45 8.98
12.37 7.33 5.79 6.1 8.82 7.09 3.17 3.83 5.11 8.42 5.38 11.16 10.52 11.07 9.34 12.43 6.76 6.61 8.35 10.25 5.72 3.67 7.13 6.76 6.84 11.01 8.69 7.99 3.98 7.0 4.63 8.81 11.55 8.44 4.19 4.17 11.32 6.43 3.57 6.18 6.86 10.12 7.2 10.49 13.29 16.29 20.4 13.39 6.12 12.82 9.92 11.46 7.92 12.07 6.52 4.57 4.14 6.14 7.73 6.71 12.38 12.23 7.26 9.94
9.35 11.35 13.79 9.48 7.73 5.9 3.55 4.26 7.99 9.04 5.12 6.92 8.33 16.4 11.25 9.77 9.91 8.7 8.88 12.4 9.48 4.86 7.73 5.88 8.5 6.43 9.47 6.79 3.72 3.73 5.2 9.73 4.96 5.16 4.06 7.43 10.38 7.64 6.91 5.16 7.63 6.06 4.98 7.52 16.01 14.74 9.28 8.17 7.07 7.41 8.17 8.73 9.44 6.16 7.98 6.56 4.99 7.73 10.45 11.33 12.31 6.94 10.89 10.57
12.72 19.18 19.53 13.01 11.93 6.74 6.46 7.78 16.08 9.71 5.05 6.18 10.23 20.41 11.02 5.57 7.17 6.37 10.28 12.36 9.26 8.47 5.7 7.17 5.59 5.25 5.79 3.95 2.83 3.32 5.58 6.7 4.49 3.56 3.56 7.44 14.46 11.9 11.76 5.99 9.61 6.33 3.98 6.17 12.15 8.92 4.18 5.36 9.69 10.85 9.53 8.77 8.51 4.28 8.64 7.06 8.09 10.34 12.26 14.57 14.16 12.71 13.12 9.33
9.68 11.69 21.34 6.99 9.78 8.79 12.42 10.29 13.44 12.01 8.78 6.35 10.3 18.91 10.61 6.6 5.5 5.59 10.52 10.82 10.1 6.06 7.54 6.13 6.2 4.77 4.06 2.75 2.49 4.11 7.01 5.44 5.02 3.19 4.91 8.7 12.95 13.44 12.22 8.63 9.51 7.73 7.07 5.98 9.16 7.55 5.49 5.25 10.91 13.31 6.68 6.3 6.99 5.05 4.98 6.98 11.18 11.32 12.18 18.94 15.61 12.97 13.06 6.98
11.73 14.0 12.03 16.83 9.2 10.47 11.65 23.56 16.37 9.83 11.16 9.25 16.02 16.54 9.6 11.64 5.87 6.62 9.87 12.22 10.6 5.21 8.34 6.7 7.73 4.39 3.34 3.91 3.28 4.76 4.6 5.35 4.66 2.34 2.63 5.14 8.36 7.33 6.98 7.87 8.31 7.61 8.47 7.13 7.87 8.33 4.86 4.1 4.81 6.59 4.92 5.21 7.58 5.84 5.71 8.67 17.3 13.97 19.73 23.67 16.54 10.43 15.8 11.31
17.93 12.61 7.6 9.9 12.37 10.02 14.08 19.29 18.34 10.01 11.22 11.19 31.18 23.79 13.21 11.4 7.29 6.94 7.74 8.89 9.07 4.7 6.95 7.23 8.33 3.34 4.41 4.15 3.38 4.76 5.08 6.85 2.87 2.44 3.02 4.63 7.52 8.95 10.47 7.16 6.32 6.42 8.89 7.94 9.56 7.41 4.14 3.3 3.99 5.42 4.93 8.97 6.96 5.07 7.23 16.78 24.27 19.02 20.36 25.95 10.5 7.86 9.41 13.78
11.5 8.35 8.07 9.23 14.29 11.11 21.01 23.15 10.38 10.01 10.43 15.69 25.08 15.06 10.47 8.73 7.85 11.67 7.17 10.25 9.78 10.6 6.27 9.73 9.36 7.65 5.22 4.27 5.33 6.24 7.07 8.7 4.03 2.16 2.41 5.4 6.09 8.51 9.03 11.62 7.05 6.21 8.54 6.82 5.01 5.19 4.27 4.35 6.18 11.68 9.12 8.05 6.33 7.58 6.65 11.41 21.59 21.82 13.21 15.56 14.44 11.88 8.1 8.88
11.63 11.12 7.97 11.49 10.57 12.55 11.52 14.65 10.71 11.86 7.75 15.05 16.06 11.13 11.13 11.71 7.15 9.22 5.13 8.63 6.97 7.8 7.34 9.84 6.94 9.24 4.49 2.71 4.65 5.98 6.86 6.33 4.83 3.59 2.77 6.64 7.06 9.56 7.33 13.75 8.7 6.3 8.21 7.78 4.57 3.73 3.75 5.93 5.65 7.16 13.27 10.28 10.17 10.31 10.71 18.09 21.8 17.62 17.44 16.94 19.87 9.54 10.29 11.35
9.83 8.46 6.09 10.82 6.43 12.85 11.04 8.43 12.17 7.73 7.49 6.89 9.28 8.15 12.85 8.39 6.06 6.36 4.57 10.87 8.78 5.76 8.48 9.24 12.47 8.16 6.13 3.75 5.3 3.52 5.43 4.24 3.24 3.26 4.31 6.07 9.29 9.64 13.82 13.12 8.21 7.57 7.32 6.29 8.45 5.02 4.85 5.53 10.05 5.0 10.04 10.38 24.33 11.2 9.82 14.3 19.07 12.57 10.71 18.35 14.14 10.75 10.94 15.62
14.7 8.29 11.27 14.9 8.72 12.15 7.58 6.33 4.31 3.75 8.29 8.2 8.87 10.63 16.28 6.11 5.77 8.64 10.01 15.63 10.34 13.73 15.56 10.34 10.58 11.22 4.55 3.57 2.78 3.98 5.8 4.82 3.83 3.88 6.03 9.35 11.25 11.47 16.31 12.97 6.62 6.67 6.25 6.89 7.28 9.8 6.45 7.39 4.86 8.45 5.53 9.07 11.7 19.07 10.34 14.6 12.79 18.81 9.94 12.85 9.68 19.62 12.73 16.59
8.71 4.71 11.89 12.41 12.27 7.33 4.96 5.25 3.28 3.65 11.22 17.52 16.46 16.95 13.33 8.34 9.99 8.48 11.24 14.55 7.91 10.54 15.02 13.6 9.14 6.81 4.1 4.34 5.58 6.98 14.39 5.56 6.66 5.23 4.75 9.31 8.69 16.85 12.5 17.45 9.02 7.0 8.09 9.94 10.14 10.52 12.3 12.8 10.32 10.55 9.52 9.11 10.84 14.07 9.98 10.4 9.53 12.44 11.12 8.71 16.2 12.86 12.33 13.26
9.03 8.52 7.59 10.02 7.68 5.28 2.81 3.98 3.81 7.67 16.24 21.73 16.21 12.79 10.77 9.66 13.46 6.97 7.6 9.75 7.53 16.79 12.93 24.1 12.03 6.26 3.84 7.11 6.8 13.94 14.56 5.96 5.3 5.78 4.19 8.02 6.7 12.14 13.9 17.43 11.41 13.27 14.23 25.99 16.89 12.23 14.44 21.15 11.74 6.9 14.78 16.24 15.8 9.63 8.64 8.28 8.97 8.92 9.26 9.53 15.9 11.11 9.84 12.39
9.8 9.5 8.04 6.18 8.04 5.73 3.82 4.69 5.72 10.22 23.5 25.19 15.67 13.52 13.99 20.16 9.99 7.39 7.42 7.89 6.9 8.9 8.84 11.63 12.23 5.02 5.38 6.85 8.39 12.15 7.04 4.05 5.41 5.16 6.58 7.54 6.62 9.14 12.32 7.32 15.72 11.69 13.93 20.89 27.04 13.39 14.25 13.37 11.35 7.03 13.18 12.48 12.84 6.64 11.97 13.18 8.08 13.14 11.22 9.24 8.13 9.62 11.32 6.82
6.87 12.97 6.13 6.98 8.67 8.6 4.26 6.63 5.41 14.14 27.67 20.8 18.62 20.22 15.01 18.55 6.97 9.36 8.32 6.92 6.65 9.14 8.71 11.66 12.01 8.19 4.33 5.07 8.51 8.13 4.92 3.0 5.77 3.17 4.65 3.95 3.51 10.96 7.94 7.07 8.35 12.3 16.72 27.13 17.94 21.23 15.0 14.03 10.91 8.99 10.62 12.81 8.41 7.07 12.23 15.37 8.34 14.77 8.92 12.38 7.28 7.67 6.43 9.57
6.36 6.62 5.45 8.61 14.02 7.97 5.77 4.44 5.4 12.63 20.85 23.6 28.26 14.48 25.24 14.59 11.2 5.58 9.91 5.26 12.24 9.04 13.47 19.85 14.84 8.52 4.33 3.67 5.51 9.26 5.48 4.48 7.26 3.62 4.64 4.36 7.13 10.92 5.72 6.13 7.96 8.62 12.35 16.56 14.73 10.29 12.49 22.14 13.57 7.52 8.45 16.25 7.8 7.97 7.13 7.55 13.68 10.08 11.67 8.04 12.18 9.85 7.07 6.84
3.66 4.38 5.91 8.86 10.3 9.53 7.8 4.73 8.67 20.23 21.01 39.24 24.95 18.77 16.97 13.8 6.92 8.38 4.48 8.75 7.86 9.45 14.16 25.96 7.23 6.72 4.39 5.37 4.23 10.02 5.71 8.67 4.62 7.21 5.63 5.03 6.74 12.96 2.88 3.09 4.14 11.18 9.18 13.12 10.27 17.24 18.28 27.12 13.8 9.86 10.75 17.06 7.2 6.0 5.29 7.28 7.07 11.77 13.44 11.24 7.04 15.59 12.91 15.72
8.0 6.77 7.44 8.82 5.72 7.15 6.77 6.64 5.42 16.62 21.31 28.13 11.77 14.02 11.58 7.63 5.53 7.61 6.24 10.16 8.99 10.14 17.61 16.81 9.39 5.77 3.9 8.98 7.6 5.42 5.26 7.75 4.67 7.89 8.91 6.69 10.8 6.34 5.72 2.2 4.23 8.36 18.06 14.21 10.75 30.76 18.92 22.48 14.21 9.78 14.62 11.06 8.99 8.59 11.7 12.38 12.19 11.86 11.03 8.32 8.32 8.02 18.29 14.13
10.16 7.74 4.52 6.3 6.41 6.32 5.48 6.74 8.13 19.06 20.1 33.48 8.99 15.65 10.64 7.18 7.35 9.67 8.54 8.19 11.23 13.17 15.1 14.0 13.71 5.81 4.82 8.6 11.4 6.88 6.82 9.26 6.07 9.1 9.03 19.47 10.32 5.77 5.59 3.55 3.99 6.0 7.95 8.11 13.98 17.42 12.58 26.77 20.48 16.77 16.63 11.94 9.98 17.83 14.39 20.36 11.32 9.25 10.24 8.08 6.67 8.03 11.33 6.86
7.6 7.28 6.92 6.31 7.8 7.79 6.92 6.52 13.57 9.8 21.42 16.02 8.75 11.25 10.88 5.06 6.72 4.98 7.77 10.85 18.03 18.3 25.75 21.57 14.34 6.95 5.03 11.58 12.21 6.44 6.97 7.64 7.07 6.32 7.88 10.22 6.31 4.44 3.27 4.18 6.56 11.7 10.03 8.72 22.5 17.15 22.9 36.28 35.73 33.96 21.55 20.5 16.26 11.91 14.46 19.51 13.42 8.91 12.82 9.19 9.36 13.33 7.84 7.84
6.6 7.36 7.72 7.92 5.44 5.76 4.7 7.09 9.53 10.64 16.13 9.48 7.19 17.31 8.74 7.79 3.74 4.57 8.95 12.71 13.49 21.65 21.74 16.15 20.32 15.95 5.53 13.09 10.65 11.23 6.81 5.84 6.89 9.57 7.49 7.09 5.42 6.16 9.69 5.43 5.75 10.81 15.3 12.16 11.28 18.58 29.05 34.96 19.78 30.95 19.77 20.57 14.4 13.28 14.25 24.67 19.68 13.21 11.98 9.94 12.67 8.51 6.43 5.98
8.03 8.07 8.47 6.92 6.77 4.41 4.98 8.98 15.91 17.47 18.32 11.91 10.78 12.96 7.69 5.15 2.86 4.11 10.53 10.54 10.2 14.93 13.38 12.04 17.28 9.99 7.77 5.78 10.9 10.4 6.32 5.74 7.14 4.09 3.96 8.27 7.18 7.07 10.4 5.37 6.09 8.04 9.38 16.99 11.05 18.34 28.83 27.44 19.78 28.33 18.99 13.19 18.53 15.56 15.95 22.06 19.4 10.23 5.34 6.81 13.19 9.35 7.04 8.19
9.02 11.49 7.82 6.93 6.27 4.49 2.56 6.69 6.42 13.04 7.86 8.36 9.78 11.48 6.47 3.95 4.19 4.8 6.36 6.91 7.7 10.81 7.2 9.68 5.19 4.72 4.14 4.08 5.3 10.27 6.3 9.19 5.75 7.11 5.73 13.59 11.88 12.76 5.74 4.99 5.95 7.15 8.85 12.59 11.96 20.36 36.56 28.8 17.59 24.07 16.19 21.28 11.0 18.0 29.29 27.17 18.29 15.08 6.2 8.26 14.49 8.67 6.37 6.93
7.59 6.73 6.69 7.94 3.66 2.92 4.82 6.83 6.46 8.45 8.89 7.48 9.65 10.79 6.19 5.84 3.62 5.04 4.19 3.94 6.57 7.14 4.64 5.11 2.53 3.26 4.22 5.07 5.21 10.36 16.63 11.34 7.67 11.81 11.63 9.83 6.64 6.15 3.93 4.67 5.3 5.64 9.23 10.54 10.27 10.97 25.02 26.23 18.77 13.73 22.06 31.86 10.82 17.44 25.13 19.65 14.34 13.26 8.25 8.62 15.22 12.23 9.95 5.88
7.79 7.52 5.43 9.26 4.54 5.44 5.88 5.33 5.7 6.22 6.41 5.58 4.71 8.26 4.72 3.93 2.86 5.68 4.8 4.79 7.83 4.82 4.65 4.53 4.72 5.5 4.05 4.04 5.21 5.04 6.78 9.46 7.28 6.98 12.12 7.58 4.95 4.62 5.03 5.72 6.06 6.46 6.26 9.96 11.53 16.98 21.22 13.31 15.66 13.23 15.28 18.23 13.39 21.82 23.45 20.66 14.56 11.12 11.81 13.6 17.27 16.72 13.37 6.82
6.49 7.2 4.74 6.41 7.83 6.91 6.89 7.0 5.39 5.25 5.65 3.84 2.85 4.12 5.09 3.37 3.5 5.87 7.44 10.27 6.69 5.93 4.3 4.28 5.41 5.37 3.56 5.37 11.83 6.48 4.47 9.28 8.16 5.89 6.24 9.24 7.87 6.82 5.62 8.04 3.95 5.67 4.86 7.61 9.58 17.39 14.66 8.84 11.85 11.72 11.31 13.14 12.6 27.97 20.68 17.93 13.15 11.97 6.96 16.21 9.11 11.14 6.25 6.7
5.33 4.88 6.39 9.72 10.71 6.43 4.53 5.87 5.79 4.99 4.15 4.25 4.71 3.48 5.66 5.27 5.16 4.93 7.42 9.31 6.69 9.38 4.68 4.91 3.19 5.85 5.78 4.35 5.82 5.49 6.5 3.9 3.99 5.1 3.66 5.55 6.99 6.6 5.99 5.93 4.89 7.21 6.59 8.76 10.68 14.69 13.87 11.12 7.77 5.98 10.02 8.34 8.66 18.31 16.69 13.49 8.98 8.51 6.59 5.65 4.58 9.7 6.5 5.47
2.56 3.37 6.4 8.2 5.65 5.06 5.08 4.72 4.96 4.3 3.15 2.61 2.96 5.01 4.0 4.97 4.66 3.48 4.27 6.16 5.72 5.22 4.56 4.87 3.61 4.93 5.51 5.16 3.36 2.98 5.05 4.13 2.35 4.66 4.18 4.94 4.79 5.34 4.86 5.29 6.27 9.03 5.2 8.85 7.22 11.83 12.32 10.12 9.25 8.15 9.83 8.75 8.89 13.59 8.87 13.13 6.4 7.02 4.42 3.87 6.16 7.63 5.2 5.35
3.05 6.98 4.38 5.74 3.56 4.56 5.35 6.17 5.81 4.26 3.02 2.11 3.27 5.22 2.76 4.41 5.74 3.83 3.12 4.4 5.63 4.96 3.91 4.72 5.36 4.73 3.53 4.48 3.18 3.59 2.65 2.36 3.96 5.04 4.94 2.95 4.25 4.68 5.1 4.32 6.34 10.73 6.23 8.39 6.71 8.94 11.46 8.68 7.92 6.49 11.71 6.09 8.2 6.32 8.69 5.01 5.71 4.56 3.63 4.6 7.78 5.88 5.76 5.77
4.68 5.95 5.57 3.99 3.04 5.16 5.08 5.79 6.05 6.08 3.87 3.49 4.12 5.09 3.28 6.05 5.91 5.76 3.99 4.47 7.53 4.05 3.64 6.17 4.18 3.87 5.31 4.27 2.79 4.81 4.21 2.17 2.46 3.7 5.0 3.91 2.64 4.97 6.48 4.92 9.39 7.65 5.45 5.72 10.82 5.43 5.79 7.57 9.5 8.35 8.66 9.55 7.12 6.16 8.86 7.56 4.75 4.8 4.06 6.1 3.55 5.24 4.36 6.76
6.21 4.45 6.28 4.54 4.58 3.84 6.98 4.87 5.0 5.47 8.76 4.32 6.05 4.76 5.07 3.76 4.85 6.58 5.67 5.48 7.44 5.97 4.38 5.17 5.73 3.77 5.37 4.11 5.85 3.47 7.82 3.41 2.58 3.11 6.31 3.95 2.79 4.8 6.87 7.41 10.68 10.42 5.31 4.88 6.98 7.56 5.66 6.26 15.54 11.94 6.92 9.22 6.43 5.9 8.25 7.43 4.52 4.39 5.38 6.92 4.05 8.08 5.87 12.29
5.28 5.92 5.13 5.43 4.25 3.75 6.22 7.91 4.6 9.07 7.75 7.15 6.99 6.12 4.99 6.01 6.43 6.08 4.41 6.16 5.71 7.93 5.61 5.78 7.72 5.11 3.13 6.47 6.5 7.6 3.61 5.0 2.32 5.16 4.91 3.76 3.02 5.77 5.67 6.54 4.85 12.36 5.59 9.22 4.99 11.55 5.16 8.82 9.67 8.03 3.75 6.44 5.39 4.77 3.62 5.38 6.73 5.86 5.91 10.77 7.11 7.7 8.3 13.34
7.92 6.71 6.34 6.1 6.16 5.69 6.73 7.6 8.6 7.42 5.57 5.49 5.91 4.88 3.35 4.81 5.62 6.06 4.06 7.09 7.77 6.46 6.96 7.68 8.8 8.64 8.87 10.68 10.32 8.55 2.5 3.02 2.45 3.39 3.76 3.8 3.94 4.6 6.24 4.03 4.76 5.89 6.72 5.87 5.16 6.06 6.76 4.75 7.68 5.69 6.05 2.95 5.32 5.44 4.29 3.73 8.37 8.17 7.58 12.71 11.8 7.11 12.34 13.75
10.17 10.24 4.44 4.65 4.52 7.27 5.78 6.06 5.17 6.73 6.07 8.81 6.02 4.87 5.19 5.56 3.85 4.31 5.96 10.18 6.34 7.43 6.86 11.02 5.59 11.02 16.12 16.78 10.29 6.89 4.97 3.81 4.79 5.38 6.11 8.31 9.48 4.0 3.9 4.01 6.48 4.06 4.64 4.52 3.46 4.8 5.47 7.98 4.62 6.15 6.27 5.56 3.53 7.32 8.1 4.8 6.92 5.45 7.56 7.61 7.06 8.32 5.56 16.32
9.21 8.24 6.37 4.92 6.07 5.22 7.62 4.07 4.13 7.49 4.86 8.16 10.64 8.04 4.75 4.61 7.86 5.11 5.0 5.7 11.84 7.82 8.89 8.28 16.65 9.38 17.95 16.64 14.1 8.48 10.22 5.74 5.38 8.42 7.81 5.4 3.85 3.14 2.42 2.76 5.51 4.47 3.99 2.54 6.63 6.09 8.28 12.63 7.53 7.2 4.7 6.66 5.35 6.98 5.97 4.15 6.16 4.73 10.39 6.47 4.82 5.36 5.07 8.71
7.27 6.74 6.43 6.2 4.61 3.4 4.65 3.26 3.95 5.19 6.73 6.24 11.53 14.22 6.72 3.11 5.86 7.46 4.22 4.57 7.23 9.1 10.3 8.9 11.2 8.86 8.12 9.71 8.32 8.61 7.43 9.49 5.51 6.35 7.34 5.19 2.33 2.35 2.76 4.45 5.05 5.8 3.72 6.44 9.3 8.6 7.96 9.09 5.71 5.28 5.07 5.32 7.39 6.83 4.75 4.82 8.0 10.84 9.07 7.89 6.58 4.61 3.94 6.95
6.47 2.85 5.41 3.24 5.01 4.09 5.25 4.26 5.82 4.85 7.26 8.81 9.72 8.84 8.81 4.86 5.42 5.41 8.25 7.95 6.06 7.13 12.89 9.69 6.91 8.28 11.26 6.56 8.11 10.82 6.62 5.5 3.93 5.62 6.65 5.29 4.56 2.44 3.88 3.66 7.01 3.99 4.69 7.53 9.48 8.15 7.97 8.05 7.55 5.18 4.45 3.44 2.71 3.07 3.53 4.08 4.29 7.15 7.02 4.28 6.22 3.72 4.6 5.0
5.78 5.25 5.94 7.9 3.86 4.89 5.1 5.86 5.43 8.82 6.17 10.33 7.76 6.99 6.47 9.04 8.74 13.83 11.08 11.33 6.48 14.59 10.9 7.77 4.47 5.89 7.13 5.55 6.2 10.05 12.4 7.22 4.04 5.52 6.33 6.96 3.42 3.04 3.07 6.28 5.23 4.31 6.06 6.46 8.48 7.77 6.04 6.51 5.32 5.63 2.11 2.91 3.02 3.03 2.93 3.27 4.21 5.38 5.65 5.39 6.16 5.82 6.81 8.68
5.76 4.63 3.26 7.96 6.01 4.69 4.19 6.26 8.73 6.98 6.33 7.42 15.92 15.08 14.54 11.75 17.1 11.71 12.09 5.53 6.02 8.44 9.63 4.1 4.34 6.97 7.05 7.1 6.99 11.77 21.44 12.49 14.35 8.95 12.0 6.77 4.39 2.91 3.71 8.18 7.87 4.06 4.49 5.6 12.09 6.55 6.58 5.63 4.3 7.03 4.09 2.93 3.87 3.0 3.59 1.77 5.34 4.39 5.61 3.63 4.99 5.42 7.39 4.8
5.39 6.91 7.44 5.29 7.72 6.51 6.14 8.93 9.15 5.45 6.64 9.23 14.73 21.78 13.81 16.7 16.39 10.07 12.22 11.76 8.55 7.31 11.95 7.78 5.41 8.02 9.35 6.15 4.97 12.75 14.36 15.7 14.14 11.79 8.95 5.05 3.91 3.44 4.13 7.35 6.28 3.19 3.12 7.65 8.82 3.73 5.1 4.63 4.98 7.13 8.58 5.86 2.45 2.61 2.39 2.3 3.3 5.95 4.86 5.32 4.31 4.72 7.12 5.81
