3.53 5.64 6.39 9.56 6.51 5.0 4.42 5.05 9.84 6.44 4.24 4.01 4.3 8.99 10.09 6.45 8.02 11.22 7.29 6.46 7.93 6.42 5.75 8.56 11.78 9.49 5.77 10.88 5.3 11.17 13.3 7.66 8.14 10.87 4.88 3.6 5.28 4.41 7.0 7.0 6.89 11.05 16.63 11.23 12.43 6.09 5.83 10.02 12.16 10.76 11.52 5.08 4.07 4.93 2.08 3.81 4.84 5.64 5.35 6.87 6.14 10.03 10.73 6.19
8.6 8.55 8.1 7.02 6.05 6.32 2.61 6.38 6.45 4.54 6.96 6.32 5.0 7.62 7.06 8.36 7.05 12.38 7.3 6.74 5.27 11.06 8.02 5.62 12.89 7.45 5.02 5.98 5.44 9.05 9.96 5.79 6.64 9.45 5.54 2.78 4.69 3.94 4.5 4.07 4.19 9.39 10.57 8.62 7.42 5.52 4.91 8.31 8.71 5.02 7.2 3.81 6.16 4.89 5.42 4.17 3.61 5.72 10.29 8.76 9.99 12.91 6.69 9.43
8.99 8.36 6.68 5.65 5.12 7.21 4.75 4.65 4.78 8.29 5.37 7.47 5.34 6.35 9.4 10.02 7.87 16.16 5.72 5.66 6.14 9.4 7.27 7.01 6.94 5.61 6.23 6.08 10.2 9.53 7.53 5.19 5.35 6.6 4.76 5.54 4.07 4.77 6.84 5.19 5.79 3.97 9.1 5.68 4.63 8.55 7.05 5.15 6.88 2.77 3.69 5.35 8.22 4.69 6.4 4.99 5.72 5.55 4.72 4.37 5.53 6.26 13.17 7.64
9.71 7.02 5.78 4.82 6.29 4.86 6.28 5.82 5.63 7.27 9.68 10.14 7.33 13.92 13.9 12.54 13.11 9.31 5.17 5.63 5.28 7.91 4.88 10.15 7.1 10.31 4.07 7.92 10.69 11.2 9.12 10.9 3.82 4.72 3.16 3.78 4.18 6.24 5.21 6.63 8.1 7.61 10.69 7.71 5.91 8.03 6.08 5.59 5.15 7.18 5.61 7.5 6.25 6.71 6.19 6.31 9.05 7.13 5.74 5.32 9.98 12.69 9.15 13.46
7.4 7.51 4.86 3.47 4.42 9.92 8.76 7.82 10.56 5.82 9.43 11.49 10.57 10.37 13.48 12.24 11.55 9.21 7.77 8.24 9.73 6.87 7.11 9.62 12.55 9.52 4.13 7.62 8.15 13.49 6.35 5.23 4.89 2.54 2.86 3.74 2.84 6.34 6.37 4.7 4.98 7.97 9.91 12.86 9.34 7.88 10.68 5.25 8.89 5.12 4.86 9.52 7.46 7.43 9.89 7.93 5.52 9.87 6.63 5.98 7.32 9.77 7.17 13.93
8.78 6.47 7.82 7.94 9.43 9.64 7.66 9.9 9.67 6.55 5.76 16.13 9.9 10.78 10.83 10.3 12.83 14.42 9.99 10.47 7.65 12.07 10.33 9.96 10.66 5.5 4.36 6.49 13.02 9.1 5.47 4.4 2.31 3.41 2.77 2.49 5.84 8.56 5.98 4.93 6.42 5.32 5.84 9.09 5.55 8.64 12.55 4.61 6.72 5.67 4.95 9.21 16.56 6.55 7.26 9.75 10.59 8.33 10.37 5.84 10.99 9.61 15.63 9.35
8.99 7.33 10.76 8.19 7.79 10.88 9.07 7.54 12.67 7.37 6.84 6.86 8.38 14.39 12.67 13.87 26.15 22.64 17.28 17.87 13.65 20.36 12.6 10.54 11.3 5.12 4.01 6.12 6.55 16.04 10.04 7.64 5.99 4.4 2.76 4.59 3.4 6.53 6.19 5.49 5.02 4.4 3.24 3.39 2.27 7.96 8.36 5.35 6.97 11.72 8.74 8.26 13.2 7.04 9.07 7.95 13.41 14.87 10.9 10.53 8.67 8.28 6.57 8.06
12.32 7.5 7.21 9.03 5.65 5.89 13.71 7.89 9.55 10.93 12.74 7.18 10.5 11.45 15.34 15.22 16.14 44.07 34.05 14.07 10.67 11.54 9.32 8.82 7.68 4.25 2.66 6.06 8.52 16.76 13.63 11.15 7.33 7.89 5.36 3.93 7.32 9.2 3.08 4.2 4.87 2.42 4.78 4.3 3.22 6.47 9.22 4.12 10.7 10.8 5.83 9.39 7.97 6.71 8.42 7.0 6.78 10.78 7.62 10.09 11.61 9.19 8.32 6.22
13.48 6.5 8.04 5.01 6.26 5.13 9.79 15.82 14.77 19.06 22.2 13.15 8.78 7.87 11.14 8.35 20.69 27.47 24.38 21.29 8.38 7.45 11.06 9.47 7.13 3.54 5.85 6.68 11.74 16.93 10.54 9.12 6.86 7.83 5.6 5.23 8.43 10.59 3.31 1.94 2.22 2.49 3.14 3.01 4.66 14.33 7.24 5.79 4.69 5.27 6.96 6.53 5.13 6.83 7.49 7.59 12.21 6.25 8.73 9.67 17.03 14.73 12.61 7.31
6.79 6.23 9.28 8.56 6.81 6.28 11.88 15.66 14.42 23.13 25.08 12.69 16.14 12.1 13.58 13.28 12.16 11.58 20.03 17.09 13.64 13.3 10.95 12.55 8.75 5.65 2.99 4.72 9.82 8.88 12.17 11.77 9.04 6.13 3.47 5.7 5.05 9.07 4.06 2.45 2.75 2.95 5.62 6.76 6.0 11.85 8.69 7.96 6.2 6.17 6.7 8.48 7.48 6.26 12.06 9.55 8.7 9.6 8.57 10.07 14.68 13.9 7.6 8.16
7.09 4.91 6.7 8.52 9.22 7.0 13.29 23.95 33.43 20.01 27.84 13.57 13.68 15.81 11.58 7.62 18.44 16.33 16.42 14.33 10.6 8.49 14.17 19.11 10.64 7.11 4.18 7.56 7.76 8.13 6.44 8.4 6.52 8.41 6.81 6.99 8.58 8.48 2.05 2.41 2.22 2.58 5.19 5.11 4.4 5.15 8.87 8.54 7.8 8.83 6.72 6.13 7.75 15.48 5.62 9.17 13.69 9.97 15.01 19.41 10.75 9.28 5.07 3.04
7.13 5.51 4.9 2.65 5.84 5.61 8.16 9.33 19.89 23.29 40.34 25.99 21.54 15.73 9.13 7.99 14.53 13.77 25.19 8.43 9.63 8.55 13.08 12.63 16.63 7.18 6.1 11.3 13.71 8.5 10.24 4.52 3.84 5.54 9.11 7.82 6.85 4.8 2.23 1.86 2.48 2.89 3.44 8.4 6.43 7.76 9.18 5.69 7.84 7.95 9.7 14.56 13.65 13.94 10.03 9.75 8.58 12.46 14.74 10.44 12.16 9.13 7.63 5.18
6.79 4.28 3.25 5.85 7.84 9.81 6.13 8.93 21.65 34.49 39.95 31.43 23.12 19.54 19.09 12.69 7.59 9.86 12.91 8.73 8.84 8.19 11.93 12.0 11.44 7.12 12.11 7.13 13.85 10.0 7.19 5.0 3.68 5.3 7.66 5.6 5.39 8.24 3.34 2.35 2.53 2.77 4.22 7.87 7.64 10.3 8.47 8.82 11.69 8.56 6.68 9.0 10.31 8.35 9.46 7.95 13.82 11.53 10.66 10.79 10.29 8.29 8.28 6.06
7.62 6.66 4.6 5.52 8.02 6.88 8.18 8.02 12.63 22.73 29.36 14.66 17.09 14.39 13.19 7.69 7.99 9.77 11.16 12.91 9.15 15.91 16.45 8.05 10.21 11.88 9.68 9.72 8.26 8.52 5.84 7.12 5.49 5.54 4.14 4.89 7.01 5.87 5.21 2.57 2.17 2.5 5.58 7.21 7.22 9.22 10.88 9.95 6.99 9.01 6.45 6.09 4.0 5.63 7.61 8.01 11.19 10.64 7.96 8.76 8.22 7.23 5.53 5.4
10.17 9.36 8.17 5.78 9.96 4.91 8.84 12.07 11.54 13.9 22.97 16.14 14.66 13.13 13.51 6.88 10.17 6.24 16.42 10.76 11.47 15.74 11.13 6.37 6.07 9.89 9.71 5.15 7.46 5.26 3.7 3.13 4.86 4.35 5.3 6.26 5.5 5.88 3.18 1.96 3.3 4.11 3.21 7.49 10.49 11.26 13.32 12.74 4.88 5.6 6.75 9.5 6.72 6.81 4.1 5.79 7.18 14.55 7.2 10.57 11.22 7.58 5.7 11.69
5.14 11.3 10.41 9.01 9.95 10.03 4.53 7.4 9.22 8.93 6.09 8.44 17.59 27.22 22.72 10.91 8.48 5.58 9.37 12.81 13.06 13.61 14.97 6.24 11.25 7.73 5.81 7.7 7.62 5.12 10.67 4.79 6.44 6.38 6.06 5.26 5.05 4.77 1.66 2.23 3.36 5.53 7.66 4.09 6.56 10.33 19.18 10.69 5.67 6.65 5.32 6.04 7.49 6.68 3.12 3.09 7.33 8.28 10.32 12.35 9.02 12.22 8.18 5.85
2.23 5.83 6.5 3.23 6.92 6.93 3.79 9.36 9.57 7.36 11.04 7.93 7.36 15.97 11.48 10.75 9.18 9.95 14.45 13.07 12.46 17.99 15.92 10.33 9.35 7.15 5.13 6.71 8.48 8.51 5.99 4.52 5.02 5.95 5.88 6.76 7.41 4.75 2.79 2.46 3.14 4.77 5.77 5.96 5.88 7.67 11.7 13.76 9.83 8.65 8.73 5.84 4.37 7.23 4.78 4.62 4.82 5.64 10.82 14.45 16.44 13.04 9.46 6.79
3.75 3.52 4.41 5.78 4.48 3.96 3.03 4.83 11.86 11.21 9.27 8.89 8.4 7.61 7.93 6.61 9.43 13.43 18.39 14.3 18.98 16.06 33.28 15.14 7.55 6.11 6.41 5.79 6.76 5.33 4.01 3.62 5.89 8.67 9.9 4.59 7.54 5.22 3.6 4.72 2.94 2.1 7.1 6.63 4.65 11.57 8.24 5.27 12.61 5.51 7.82 7.45 4.34 9.15 4.51 4.27 5.28 10.57 6.34 9.82 9.41 13.77 13.34 7.74
2.78 2.94 3.19 4.87 3.78 1.86 1.49 4.69 6.76 9.4 10.15 5.86 4.14 9.91 6.02 6.37 8.35 16.26 12.97 16.02 26.04 19.89 29.81 17.19 6.14 9.57 10.24 4.26 4.07 3.53 6.59 8.28 5.62 4.53 6.95 8.2 13.63 11.27 5.42 5.33 4.14 3.59 4.69 4.45 4.98 8.11 9.56 14.16 10.57 8.34 6.62 4.21 3.35 7.67 6.9 5.65 7.91 8.88 8.95 6.87 7.2 8.36 7.55 6.07
5.21 3.22 1.65 3.04 2.11 2.24 2.31 4.38 8.03 17.68 11.34 9.68 7.39 5.85 5.58 8.7 9.2 15.66 21.33 18.85 20.38 20.66 13.13 13.26 11.39 7.76 12.56 3.74 2.88 3.93 6.89 8.53 4.73 2.78 4.35 5.77 9.98 8.23 5.92 3.2 4.39 4.42 4.06 3.59 3.7 8.14 7.79 9.23 15.84 8.36 4.5 3.68 4.27 7.94 13.91 5.67 5.88 9.38 10.33 7.64 8.73 8.0 2.85 7.4
3.4 3.54 1.78 1.98 2.27 3.13 2.73 4.75 7.35 9.85 16.19 10.61 10.0 6.76 5.67 7.09 9.65 21.1 14.22 7.85 6.78 14.81 17.4 22.33 13.12 14.67 7.67 7.09 4.33 3.88 2.89 3.31 3.92 4.08 3.7 5.65 9.42 6.82 6.26 5.52 5.55 5.58 4.55 3.16 5.9 6.33 13.96 10.11 5.73 5.67 3.85 4.57 5.99 8.37 8.57 15.24 4.17 7.92 10.85 8.13 4.07 9.21 5.06 3.59
2.55 3.4 4.5 3.59 7.35 4.9 4.76 7.93 4.99 6.35 7.67 12.19 7.72 9.19 6.54 9.83 11.9 11.79 10.9 5.71 9.82 23.82 16.61 21.54 18.67 6.68 10.49 5.68 2.54 3.91 4.29 2.69 5.08 4.35 2.17 3.62 6.24 5.63 5.03 6.56 5.78 7.93 3.8 2.35 3.33 4.42 7.68 7.25 5.32 6.16 3.91 6.42 10.11 8.01 7.03 16.75 12.27 8.98 14.32 11.35 10.94 10.33 5.81 10.06
3.65 8.29 5.67 6.76 8.41 8.72 4.77 4.89 4.13 8.83 5.55 8.8 8.32 11.74 9.41 11.6 13.01 14.9 9.1 7.64 17.93 18.98 22.55 15.88 18.33 15.55 7.26 4.73 3.15 2.12 3.88 5.26 5.61 4.58 4.22 3.49 4.38 4.42 5.92 4.96 2.98 4.11 4.41 2.24 3.02 2.98 4.42 5.2 8.5 6.51 6.95 4.68 11.76 9.12 7.99 7.1 10.28 12.2 12.95 10.94 9.21 10.34 7.67 5.49
8.75 13.02 9.57 9.49 6.0 5.34 3.99 3.01 4.85 5.88 10.82 8.66 7.74 10.2 8.65 17.09 10.91 16.72 9.26 8.49 8.64 17.44 20.24 12.77 8.2 10.76 9.25 11.22 4.83 4.32 4.83 5.56 7.39 12.57 10.22 4.29 4.5 2.18 2.53 3.78 2.57 2.32 3.01 2.15 4.24 6.26 5.55 6.92 6.96 6.1 6.39 5.75 8.83 9.11 5.15 6.32 7.1 10.23 16.67 14.84 16.46 11.76 13.65 9.86
7.94 9.81 11.68 9.06 5.63 4.34 3.01 2.0 2.89 9.11 8.45 11.97 15.27 6.55 9.6 23.03 11.62 15.15 13.11 14.96 9.92 12.36 19.24 12.61 8.85 13.66 17.47 15.85 12.91 13.31 6.73 7.48 4.45 6.5 7.86 4.48 2.99 3.45 2.98 2.42 2.5 2.21 2.14 3.95 3.19 8.97 13.86 11.1 12.47 10.04 5.95 5.98 5.31 5.02 6.82 6.04 7.86 19.74 14.35 14.74 14.87 17.21 16.46 13.98
5.53 6.82 9.26 7.21 3.72 3.99 3.31 3.4 5.97 12.44 11.74 12.48 13.01 6.84 8.16 12.14 7.68 9.65 16.37 11.36 16.42 24.8 15.36 19.24 13.1 9.06 21.07 11.87 8.0 5.29 9.13 5.32 4.31 5.78 3.9 2.8 3.59 4.3 3.84 3.06 4.49 2.76 4.81 6.93 4.58 6.81 12.89 12.01 7.88 6.19 8.53 5.15 7.34 4.34 5.81 8.82 10.55 14.56 12.0 13.53 16.96 12.18 14.87 12.96
3.0 6.34 4.29 3.55 4.83 2.95 4.77 5.97 6.6 9.07 7.94 5.68 7.28 6.57 4.51 15.19 11.83 14.75 16.43 11.73 15.84 32.41 14.4 24.57 25.35 17.91 23.25 17.59 4.66 4.21 2.63 2.24 2.6 3.34 3.38 3.63 2.63 5.77 4.92 3.17 4.16 2.56 2.81 6.13 6.76 4.82 9.14 4.27 3.97 8.82 8.98 12.28 9.83 5.9 7.06 9.4 15.71 9.95 10.41 11.53 14.88 17.5 9.81 8.47
4.31 5.63 7.62 4.22 3.32 3.45 2.95 3.68 6.67 8.48 5.08 4.77 9.94 7.87 8.52 11.06 7.99 11.41 25.95 15.5 22.53 37.96 18.89 23.57 22.52 15.92 8.4 5.9 3.65 4.14 3.09 2.69 2.12 4.53 3.75 2.17 2.78 4.92 5.5 4.83 3.21 2.84 3.4 4.68 8.69 5.78 5.0 7.97 7.61 8.2 17.31 23.87 11.89 9.73 8.09 9.82 8.94 5.59 6.67 8.49 9.03 14.92 17.93 13.85
4.32 7.31 7.85 6.78 5.49 3.5 5.12 5.1 4.08 4.93 3.72 3.78 7.36 12.81 6.98 8.33 11.95 8.53 14.33 21.03 12.97 18.21 21.69 13.94 24.64 14.07 11.04 6.26 5.15 3.86 4.45 3.06 2.49 4.1 3.17 1.88 3.1 3.46 4.74 4.47 2.27 3.36 2.82 2.91 3.78 4.42 5.48 7.11 8.13 9.26 27.96 14.48 20.61 11.54 6.84 9.83 11.55 4.1 10.12 12.81 11.37 8.83 14.6 12.4
5.66 6.32 10.97 7.34 5.23 3.29 4.33 2.93 3.7 3.28 4.3 5.12 6.43 6.89 6.84 11.0 11.15 11.88 8.66 6.07 11.06 13.95 17.38 14.63 23.65 21.43 8.91 8.02 6.54 3.57 3.05 2.99 2.1 3.53 4.33 1.92 1.93 2.34 3.11 5.63 2.76 3.55 4.14 2.67 3.77 4.15 4.38 8.66 7.25 11.19 35.75 22.51 10.7 11.51 15.41 7.59 8.58 10.47 10.74 18.1 20.09 8.75 12.01 12.48
6.64 6.62 14.29 14.45 7.54 5.61 4.12 4.76 4.72 2.82 3.81 4.72 8.67 6.87 8.26 8.03 9.95 8.71 6.63 14.33 6.03 12.22 12.33 8.45 12.45 23.52 10.86 7.67 6.96 3.7 4.89 7.17 2.47 2.84 2.45 1.45 2.4 3.33 3.73 3.56 3.9 2.72 3.45 2.56 3.2 4.51 3.81 5.66 5.78 11.0 19.89 16.76 14.57 10.87 11.68 18.5 12.62 9.98 11.91 12.02 11.75 16.01 18.3 15.79
6.87 10.25 13.51 5.2 7.95 5.03 3.77 4.32 4.33 2.99 3.02 3.42 7.11 4.85 8.11 11.79 8.78 8.41 7.41 7.54 9.51 8.69 10.76 11.76 17.0 18.91 20.29 6.1 4.9 5.04 6.56 8.6 5.0 4.55 2.97 3.12 2.22 2.67 1.66 1.82 3.0 3.98 2.7 1.64 2.16 4.9 6.39 6.34 6.4 14.66 12.38 11.76 13.75 9.05 14.38 14.82 9.63 14.25 15.37 14.41 12.92 9.99 12.11 10.29
6.84 4.94 7.73 5.9 4.81 6.02 6.3 4.87 5.29 6.39 5.33 3.86 2.91 5.18 6.83 7.28 11.21 7.69 11.16 6.12 6.08 4.32 9.96 9.05 8.51 11.7 8.01 6.81 11.72 6.98 6.26 4.33 4.1 4.9 5.72 3.13 1.81 1.57 0.99 1.46 2.34 2.49 2.59 1.73 2.39 5.48 9.33 7.39 6.15 7.48 10.7 10.89 10.75 10.32 9.94 10.46 11.23 12.07 23.84 17.39 16.21 9.54 5.37 6.97
2.54 5.44 12.31 9.98 8.92 5.32 3.5 5.83 4.19 3.47 5.01 3.6 3.16 5.83 7.89 4.7 7.31 8.82 7.35 8.99 5.47 7.64 9.16 10.99 6.9 8.97 6.94 10.99 15.65 11.71 7.18 4.86 5.0 5.58 4.79 5.16 3.42 1.92 1.94 1.35 1.21 2.59 2.3 1.99 4.09 4.73 9.48 7.4 4.53 4.8 6.19 6.66 6.89 7.56 8.24 8.05 9.73 10.85 11.94 9.71 16.11 8.45 7.38 5.7
4.01 5.44 8.48 7.13 6.9 5.88 6.44 4.48 5.15 2.89 3.82 2.88 2.22 6.19 5.15 6.07 10.01 5.89 6.54 8.93 7.7 6.52 8.15 6.32 6.94 6.41 6.38 6.38 12.63 7.83 7.06 7.09 4.08 4.36 5.87 5.11 3.14 4.13 3.21 2.02 1.83 2.03 2.69 3.79 3.44 5.77 5.36 5.76 4.94 4.29 3.71 4.98 5.24 6.4 10.18 10.0 12.4 17.37 11.54 10.07 8.75 4.54 6.63 8.4
5.58 6.46 6.65 5.71 6.07 7.74 4.02 2.87 3.95 3.11 3.94 3.42 2.56 4.21 4.26 5.28 10.95 6.67 7.86 9.08 6.99 3.87 8.07 5.24 8.67 5.94 4.17 7.91 11.72 7.88 7.35 6.3 5.77 5.12 6.63 5.06 4.64 4.63 4.4 4.8 2.24 3.09 2.87 4.69 4.18 3.77 3.39 2.25 3.16 4.82 4.72 6.13 5.4 5.18 4.91 4.32 8.47 12.5 7.4 7.32 4.37 4.71 7.7 6.19
4.35 7.6 7.94 5.65 9.31 6.47 4.2 4.26 2.58 2.53 3.55 2.21 2.46 5.47 6.45 5.17 5.05 6.02 5.18 9.7 7.43 8.62 4.2 7.57 8.59 5.53 8.06 8.86 8.92 8.2 7.61 10.1 10.24 9.93 10.62 5.5 9.3 12.2 6.13 6.12 6.88 2.02 4.31 7.04 5.71 6.16 5.34 1.83 1.92 3.38 3.73 6.02 5.77 6.56 7.0 4.6 3.64 8.41 7.2 4.6 3.65 2.62 6.97 6.48
3.64 4.98 7.78 6.47 8.9 15.16 10.0 6.18 4.79 3.76 2.35 2.94 1.87 4.4 17.54 7.74 6.0 6.24 5.7 7.92 10.02 7.99 6.69 8.49 6.6 6.54 8.67 8.53 9.38 8.52 10.21 17.21 9.71 9.67 5.79 5.75 7.47 15.18 12.13 7.82 8.82 5.01 6.02 5.22 5.62 6.29 2.24 3.34 3.26 3.29 3.91 7.97 8.53 12.13 8.52 3.75 4.28 7.09 6.87 11.63 5.56 5.67 4.5 5.91
4.94 9.78 7.24 5.11 7.61 15.33 9.68 7.05 3.22 3.2 3.1 2.24 3.2 8.8 13.79 11.09 9.26 7.04 7.46 4.84 7.36 5.42 6.8 7.2 4.89 5.81 8.2 10.14 7.9 7.46 15.11 15.0 14.17 6.16 7.85 7.05 6.43 15.17 10.91 13.21 8.53 9.65 6.59 3.49 9.8 8.36 3.72 3.14 2.5 3.29 3.9 3.96 7.67 7.48 5.51 5.11 6.7 9.17 11.14 7.52 6.97 7.8 3.42 4.74
7.75 12.15 15.86 10.22 7.1 9.24 14.13 5.35 3.16 4.26 3.82 6.14 5.25 18.5 23.55 12.2 5.94 11.52 11.58 10.47 9.82 5.51 4.89 5.42 3.99 5.84 9.63 8.98 11.65 17.91 18.49 16.51 10.67 4.2 4.51 5.25 5.29 8.4 10.45 10.89 6.49 5.77 3.64 4.88 7.6 6.27 3.91 2.31 3.11 2.3 4.7 4.56 4.51 10.86 5.63 6.52 8.58 6.93 11.56 8.41 10.35 7.4 10.28 6.94
7.45 7.01 9.15 12.74 10.32 11.34 8.37 6.64 6.84 7.1 8.53 10.98 18.03 16.07 15.81 13.71 5.63 8.53 15.91 8.92 9.57 11.87 8.21 6.04 5.82 7.55 9.32 18.57 19.17 16.37 17.99 17.05 8.44 4.69 4.75 3.41 5.77 8.3 14.0 7.69 7.35 5.98 4.98 5.56 6.82 4.33 4.99 6.5 3.86 3.75 3.48 2.51 4.58 6.14 4.5 7.79 4.88 10.57 18.27 11.5 8.58 6.63 4.05 4.09
7.76 11.11 8.81 10.32 12.42 13.96 11.09 6.05 8.89 14.39 15.09 21.66 18.22 9.24 5.39 6.89 4.3 10.53 6.62 4.11 8.74 16.2 7.46 9.5 7.72 6.33 20.08 21.37 13.6 16.75 12.47 15.13 13.04 6.46 4.39 7.01 3.6 5.62 9.35 8.56 7.36 7.27 5.52 9.05 4.29 4.99 5.94 4.56 2.46 4.03 3.28 2.71 4.75 4.64 4.72 10.27 9.66 11.68 24.92 26.57 8.53 6.93 4.57 5.19
10.97 11.04 14.75 16.54 16.2 16.42 11.97 9.1 19.37 34.46 15.64 21.34 15.74 7.52 7.06 8.32 7.69 8.66 14.92 9.71 12.42 9.98 8.19 6.04 12.24 20.79 31.52 24.76 16.08 11.35 8.27 7.49 5.37 6.07 8.58 12.54 12.35 6.72 8.88 6.56 4.35 4.95 4.2 5.13 7.89 4.58 7.77 5.75 3.61 3.49 2.52 2.64 4.9 5.86 6.81 12.77 13.36 16.09 27.57 15.19 9.57 9.31 3.85 5.13
14.63 17.03 17.44 20.98 16.88 25.11 16.35 16.92 30.33 35.85 36.5 23.17 20.55 16.45 10.01 5.93 7.37 11.71 14.25 22.51 10.28 10.32 7.71 10.91 8.88 20.46 23.08 17.72 7.33 12.35 10.79 6.38 11.39 6.92 8.67 15.95 15.91 10.31 11.12 4.55 6.63 6.85 5.15 5.84 7.42 2.79 5.63 6.42 2.4 3.69 3.81 2.69 7.72 10.9 9.94 14.2 13.36 16.01 23.35 11.98 7.86 7.45 6.76 8.48
13.96 6.65 10.82 12.6 15.57 20.0 30.11 18.23 18.09 34.11 28.39 40.49 18.62 13.74 16.85 13.51 10.58 15.11 13.85 16.4 10.45 12.62 17.86 14.63 16.84 18.57 26.4 25.25 17.11 11.14 5.6 5.26 5.57 12.6 10.8 10.26 6.81 10.96 8.0 7.88 5.84 6.52 3.05 4.88 5.55 4.17 6.26 4.53 3.24 3.55 3.67 4.92 7.26 7.99 11.6 11.19 15.71 23.7 19.69 11.49 10.78 7.03 5.8 8.5
6.8 5.24 12.94 13.1 11.74 19.47 18.98 18.63 40.42 45.37 38.76 33.22 17.43 20.29 17.25 11.44 14.55 13.48 17.27 12.06 19.51 16.9 17.65 10.55 15.81 20.97 21.51 39.29 25.73 9.0 3.51 2.86 4.81 6.83 11.08 7.34 3.82 9.31 11.02 7.82 8.41 6.36 7.24 10.09 7.92 5.69 6.55 3.63 1.84 2.57 4.44 4.4 8.14 9.14 7.55 9.68 14.5 17.35 15.12 7.43 10.74 11.8 10.62 8.28
3.99 5.24 9.77 19.77 18.71 12.61 26.4 18.66 25.99 24.72 33.85 21.03 24.19 19.74 20.81 18.29 6.05 12.93 10.3 9.8 23.66 28.06 21.81 16.75 15.77 23.55 28.22 21.5 17.22 13.7 5.11 2.93 4.31 2.93 5.6 3.2 5.18 9.5 10.15 11.65 16.23 7.82 12.74 18.62 3.88 3.21 4.42 2.21 3.78 2.96 1.81 4.32 7.26 6.13 9.27 13.41 14.23 17.07 22.08 14.3 10.44 8.13 13.37 6.91
6.13 4.28 4.74 7.56 16.49 17.34 13.28 14.83 11.92 11.04 17.33 19.53 18.56 20.59 22.98 18.56 9.72 10.54 6.72 9.6 15.83 18.89 14.46 15.32 15.42 16.4 15.83 12.42 8.93 10.67 3.62 4.13 1.8 2.95 3.93 2.69 3.0 8.52 13.04 14.83 21.79 12.59 15.34 17.7 5.09 3.14 2.53 3.2 3.39 3.43 3.35 2.88 4.09 6.92 4.36 11.44 24.65 25.18 22.47 14.76 7.16 7.48 5.67 3.37
4.15 4.5 3.79 7.55 9.72 12.01 17.06 21.79 11.26 13.37 21.08 10.34 15.77 15.27 18.63 15.49 14.34 9.13 14.67 7.62 7.27 11.8 10.35 9.25 14.49 16.61 14.96 10.72 12.04 6.19 4.53 3.21 2.33 2.23 2.14 4.12 3.69 5.6 16.2 15.63 16.22 13.63 13.41 11.8 4.8 3.51 2.15 2.12 1.92 2.48 5.46 4.44 4.22 3.41 5.59 9.0 21.05 15.41 10.06 5.78 6.97 11.2 6.87 4.49
3.84 2.6 4.35 4.35 8.25 8.0 11.5 16.74 13.2 6.03 12.33 13.88 13.63 14.8 15.22 13.06 10.7 7.58 8.89 13.78 10.85 11.18 12.74 12.42 14.02 18.95 19.1 11.13 11.2 7.22 6.54 5.97 3.29 2.4 2.54 2.75 3.73 7.02 10.11 18.0 12.56 13.61 17.73 6.79 7.75 4.36 2.94 2.11 1.69 2.2 4.76 4.69 4.18 6.21 5.74 6.17 18.6 9.82 7.36 8.24 5.74 6.18 6.06 4.49
3.57 2.29 4.84 4.68 7.37 9.91 15.27 10.95 9.07 6.53 5.35 8.28 10.93 13.63 11.82 11.84 15.12 8.68 10.94 11.11 6.88 8.52 15.58 11.69 12.81 19.82 12.76 13.97 10.78 6.88 6.43 5.6 3.12 3.36 2.37 2.45 5.44 6.12 10.89 10.29 7.81 10.82 11.24 7.15 4.93 4.25 3.42 3.82 2.64 2.51 3.82 4.26 3.05 6.83 6.11 9.73 14.1 9.97 9.08 7.29 9.08 4.8 8.16 4.7
4.18 5.7 4.84 5.55 7.37 7.5 10.45 10.59 5.27 3.15 3.29 5.59 8.67 9.59 14.12 9.27 9.22 17.3 17.58 14.38 12.66 5.66 11.28 17.59 14.3 18.37 17.12 9.35 12.7 8.87 6.23 7.2 4.08 3.17 4.49 3.12 5.45 10.18 5.07 7.27 5.7 7.14 7.92 8.05 5.53 3.52 2.68 2.27 1.98 2.74 4.29 4.1 4.78 4.58 5.33 5.7 8.64 4.78 4.21 6.76 11.56 8.87 13.31 7.46
6.74 3.3 5.23 6.89 7.55 12.89 22.76 5.88 3.79 2.9 2.94 4.44 11.93 11.92 19.97 7.99 7.75 20.45 14.62 10.62 6.97 3.86 11.81 13.56 29.99 26.41 11.49 6.42 11.1 6.88 4.18 5.02 3.54 3.78 3.56 3.55 4.32 4.56 5.17 5.82 6.27 5.62 7.57 8.11 4.21 3.08 2.27 3.65 2.33 3.22 4.26 5.43 5.09 6.48 5.44 5.97 5.19 7.56 5.05 6.52 6.94 8.5 7.86 10.84
4.41 4.88 4.24 6.4 8.71 10.35 12.79 7.98 3.36 4.85 5.05 5.96 11.46 7.16 8.5 7.83 7.56 14.38 15.44 10.6 5.76 7.41 14.76 17.86 8.56 15.32 16.05 9.48 10.98 8.04 3.62 4.23 5.38 3.15 3.87 2.69 2.2 2.31 8.74 4.05 9.14 9.52 3.41 5.21 6.12 2.88 3.39 6.55 4.54 5.53 5.29 5.0 7.43 3.59 2.08 3.47 2.55 4.25 3.85 4.33 7.07 3.78 5.25 10.03
5.43 5.26 5.67 9.11 8.53 11.66 9.21 5.46 5.01 6.87 5.88 4.69 5.33 4.89 4.98 6.37 7.9 9.63 8.37 11.47 10.57 7.17 7.46 9.46 6.71 9.14 16.47 13.22 5.98 5.03 6.23 3.77 5.33 4.94 2.98 5.03 1.69 3.16 4.62 5.4 5.19 5.49 3.97 3.76 7.31 6.67 6.86 8.17 6.95 9.96 10.26 6.8 4.54 4.4 3.71 2.38 3.74 3.62 2.05 2.98 4.38 5.08 5.58 9.39
4.7 5.13 10.21 8.84 13.31 12.19 5.95 9.86 6.69 6.35 7.08 4.61 4.81 7.01 10.43 8.0 7.01 4.77 13.31 11.6 8.56 8.0 12.59 5.84 7.18 6.07 6.96 6.03 7.5 6.03 7.59 7.4 4.99 5.86 3.14 2.98 1.36 1.75 3.56 2.37 3.93 7.02 3.21 3.99 5.58 4.62 12.48 24.98 11.76 10.61 8.44 8.37 3.57 5.67 7.24 5.45 3.94 3.8 4.47 3.91 3.94 5.36 4.37 6.55
4.62 5.12 6.39 6.07 8.44 8.39 7.05 8.87 9.08 5.45 4.78 7.21 6.03 5.01 6.94 6.86 7.42 8.44 9.13 7.09 3.72 4.35 6.05 10.82 5.35 4.31 6.07 8.69 11.84 10.76 9.48 6.92 8.41 5.61 5.59 1.96 1.99 2.1 2.9 2.79 4.21 5.39 7.71 5.49 2.83 7.31 10.21 11.93 14.36 7.94 5.93 6.42 2.33 3.4 6.95 7.53 6.22 6.62 5.78 5.76 3.82 2.96 4.72 3.72
4.15 7.53 8.08 5.92 6.16 6.87 9.04 8.45 11.97 9.56 7.34 10.37 3.42 6.01 4.54 5.99 7.47 7.66 7.41 6.64 5.23 3.54 8.06 8.37 5.76 10.24 9.51 12.29 18.35 7.91 7.17 6.41 9.34 11.53 7.12 2.24 1.83 1.97 1.81 2.69 2.74 4.45 8.7 8.22 5.56 5.51 6.8 4.23 4.35 5.15 5.21 10.94 6.65 4.97 5.81 11.59 9.12 5.72 6.11 6.5 3.21 5.8 10.42 6.26
3.37 4.81 4.77 7.71 8.64 12.61 8.87 15.83 11.16 10.23 10.0 5.96 4.44 3.37 5.67 5.72 5.9 5.18 6.28 6.84 6.42 5.03 6.62 6.95 6.76 7.43 12.77 14.11 11.77 12.5 5.72 9.05 10.44 8.15 6.32 3.69 2.94 3.26 3.18 3.94 5.08 7.35 7.53 8.11 8.27 6.78 4.56 4.7 3.68 4.64 4.65 10.39 8.63 8.59 9.11 8.44 7.17 7.71 3.27 3.48 3.98 6.97 4.03 12.99
6.45 10.3 7.33 6.76 10.36 10.33 8.44 10.57 8.02 9.82 13.45 7.52 4.07 2.92 4.17 5.15 3.52 6.36 4.18 8.09 4.92 6.38 7.7 7.24 5.91 6.32 7.24 5.12 11.45 11.99 9.95 10.24 15.15 10.92 5.63 3.73 4.33 2.27 3.46 4.05 6.96 6.01 6.13 6.03 5.75 5.84 4.7 5.0 5.88 6.83 9.13 8.17 10.29 9.32 13.2 15.39 5.52 5.8 3.99 3.58 3.24 8.66 11.05 7.83
6.29 9.52 9.4 4.0 6.09 5.49 7.39 15.58 11.35 14.41 6.22 6.77 5.75 5.59 4.6 9.72 7.52 5.4 14.83 7.44 4.07 4.63 4.74 7.77 9.16 9.12 7.99 9.03 5.82 6.49 10.93 10.54 12.27 10.6 4.46 4.08 3.16 2.68 3.72 3.35 3.44 5.61 8.73 3.87 9.5 5.95 5.59 7.33 5.22 9.4 11.82 12.69 14.38 14.33 11.41 12.73 6.6 4.0 3.13 2.38 4.25 7.36 6.24 10.71
7.3 13.53 11.45 7.36 5.76 5.45 5.69 11.71 8.96 13.72 6.65 6.27 11.99 8.36 5.55 5.61 5.8 6.69 7.65 5.44 5.49 3.74 5.26 8.9 7.61 10.63 7.86 10.31 8.72 8.73 23.69 16.34 10.21 6.26 3.17 3.52 5.21 3.8 2.78 5.22 4.27 5.44 10.27 5.08 3.58 6.64 9.55 8.69 7.39 10.87 12.31 11.36 16.93 20.36 19.35 10.62 6.0 2.7 4.86 5.51 5.67 10.36 8.19 8.42
11.58 8.22 7.35 5.25 6.47 7.61 8.33 8.25 7.9 5.23 6.09 10.64 6.75 7.68 6.5 6.52 4.22 6.43 6.2 5.46 4.68 6.09 13.82 18.43 16.68 12.66 9.64 10.88 12.03 14.23 37.15 23.47 7.93 9.27 3.23 1.8 4.31 3.56 3.9 7.94 5.12 7.12 5.08 3.61 4.53 4.53 6.42 9.17 9.55 7.34 12.33 13.75 16.3 23.83 15.58 13.38 5.59 4.61 6.39 5.41 5.32 5.94 5.93 9.65
10.37 9.62 6.94 9.81 12.23 9.69 16.44 14.32 11.82 7.92 6.69 6.47 5.5 5.19 4.99 6.36 5.96 5.32 5.39 4.46 3.22 4.02 15.93 23.11 17.81 20.28 9.33 11.55 15.63 11.78 17.73 16.4 14.46 6.58 8.01 3.85 5.69 5.12 10.16 4.62 11.55 8.24 4.28 3.43 4.19 3.28 6.06 6.33 7.37 12.56 12.92 18.78 22.05 20.28 14.71 7.43 4.6 8.64 6.57 5.23 7.74 5.67 5.8 4.58
