x y z_datum Time Well_no H2O H O Charge Al C Ca Cl Fe K Mg Na S Si U pH pe Alkalinity
3.1381000E+02 2.5927000E+02 8.6700000E+00 0.0000000E+00 10 9.9704301E-01 7.2098600E-06 6.6484776E-04 -3.2324431E-06 0.0000000E+00 1.0067647E-04 6.3262499E-05 4.3211171E-04 0.0000000E+00 2.8240956E-04 5.5605062E-05 2.2967748E-04 1.4127542E-04 0.0000000E+00 0.0000000E+00 7.0300000E+00 1.1068788E+01 7.1999443E-03
3.1381000E+02 2.5927000E+02 8.6700000E+00 5.0000000E+00 10 5.5328707E+01 1.8917690E-02 6.2066431E-02 -3.0324845E-03 0.0000000E+00 7.3002335E-03 1.3747758E-03 1.0615357E-02 0.0000000E+00 6.2909045E-03 1.9925548E-03 8.7011127E-03 1.0289543E-02 0.0000000E+00 0.0000000E+00 2.3989360E+00 1.7981842E+01 -6.4552695E-03
3.1381000E+02 2.5927000E+02 8.6700000E+00 1.0000000E+01 10 5.5310145E+01 3.2730039E-02 1.0512679E-01 -2.7447932E-03 1.0860023E-03 7.8745001E-03 3.2122834E-03 8.3522826E-03 1.5030909E-05 5.4848712E-03 1.5677645E-03 7.3912074E-03 1.8768699E-02 3.2474135E-03 1.5771831E-05 2.0088513E+00 1.8414985E+01 -1.7465649E-02
3.1381000E+02 2.5927000E+02 8.6700000E+00 1.5000000E+01 10 5.5287397E+01 5.7754877E-02 1.5399649E-01 -2.4919125E-03 2.6956544E-03 8.1558127E-03 4.6039848E-03 6.3630397E-03 3.5831564E-05 5.1115242E-03 1.1943738E-03 6.5547240E-03 2.6222513E-02 8.0564505E-03 3.8749415E-05 1.8810057E+00 1.8562246E+01 -2.4951367E-02
3.1381000E+02 2.5927000E+02 8.6700000E+00 2.0000000E+01 10 5.5269023E+01 7.9147109E-02 1.9357463E-01 -2.3021416E-03 4.1113990E-03 8.3441472E-03 5.6255957E-03 4.8702390E-03 5.6590253E-05 4.9402267E-03 9.1416781E-04 6.0237321E-03 3.1816641E-02 1.2284264E-02 5.9003581E-05 1.8215836E+00 1.8630808E+01 -2.9776545E-02
3.1381000E+02 2.5927000E+02 8.6700000E+00 2.5000000E+01 10 5.5255711E+01 9.4992505E-02 2.2266689E-01 -2.1689044E-03 5.2039057E-03 8.5101576E-03 6.3766454E-03 3.8221509E-03 7.4089688E-05 4.8713736E-03 7.1743653E-04 5.6969873E-03 3.5744537E-02 1.5546038E-02 7.4427718E-05 1.7922752E+00 1.8664519E+01 -3.2698949E-02
3.1381000E+02 2.5927000E+02 8.6700000E+00 3.0000000E+01 10 5.5246400E+01 1.0620860E-01 2.4336951E-01 -2.0773410E-03 6.0055306E-03 8.6705039E-03 6.9390430E-03 3.1018831E-03 8.7643116E-05 4.8501881E-03 5.8223872E-04 5.4966603E-03 3.8444031E-02 1.7939124E-02 8.5465598E-05 1.7777557E+00 1.8681220E+01 -3.4409354E-02
3.1381000E+02 2.5927000E+02 8.6700000E+00 3.5000000E+01 10 5.5239922E+01 1.1406121E-01 2.5803889E-01 -2.0142099E-03 6.5832170E-03 8.8262003E-03 7.3719457E-03 2.6052725E-03 9.7733276E-05 4.8482038E-03 4.8902247E-04 5.3707029E-03 4.0305381E-02 1.9663665E-02 9.3171527E-05 1.7707318E+00 1.8689366E+01 -3.5397348E-02
3.1381000E+02 2.5927000E+02 8.6700000E+00 4.0000000E+01 10 5.5235373E+01 1.1957696E-01 2.6853546E-01 -1.9699206E-03 6.9987191E-03 8.9754316E-03 7.7156495E-03 2.2568784E-03 1.0515589E-04 4.8518374E-03 4.2362717E-04 5.2874892E-03 4.1611271E-02 2.0904092E-02 9.8525205E-05 1.7675286E+00 1.8693172E+01 -3.5969044E-02
3.1381000E+02 2.5927000E+02 8.6700000E+00 4.5000000E+01 10 5.5232123E+01 1.2349917E-01 2.7618313E-01 -1.9380551E-03 7.2997734E-03 9.1167580E-03 7.9968960E-03 2.0062140E-03 1.1062362E-04 4.8553439E-03 3.7657623E-04 5.2288460E-03 4.2550890E-02 2.1802909E-02 1.0226997E-04 1.7662623E+00 1.8694782E+01 -3.6303869E-02
3.1381000E+02 2.5927000E+02 8.6700000E+00 5.0000000E+01 10 5.5229750E+01 1.2633712E-01 2.8188306E-01 -1.9144475E-03 7.5208102E-03 9.2495000E-03 8.2332977E-03 1.8205092E-03 1.1470227E-04 4.8567795E-03 3.4171853E-04 5.1846024E-03 4.3247047E-02 2.2462878E-02 1.0492653E-04 1.7659643E+00 1.8695288E+01 -3.6503850E-02
3.1381000E+02 2.5927000E+02 8.6700000E+00 5.5000000E+01 10 5.5227972E+01 1.2843351E-01 2.8623923E-01 -1.8964144E-03 7.6859162E-03 9.3735196E-03 8.4365000E-03 1.6786548E-03 1.1780680E-04 4.8558652E-03 3.1509175E-04 5.1491259E-03 4.3778851E-02 2.2955889E-02 1.0684654E-04 1.7661366E+00 1.8695251E+01 -3.6626394E-02
3.1381000E+02 2.5927000E+02 8.6700000E+00 6.0000000E+01 10 5.5226606E+01 1.3001760E-01 2.8965528E-01 -1.8822199E-03 7.8117132E-03 9.4889865E-03 8.6142946E-03 1.5669957E-03 1.2023082E-04 4.8529514E-03 2.9413280E-04 5.1192744E-03 4.4197478E-02 2.3331549E-02 1.0826452E-04 1.7665231E+00 1.8694956E+01 -3.6703916E-02
3.1381000E+02 2.5927000E+02 8.6700000E+00 6.5000000E+01 10 5.5225528E+01 1.3124350E-01 2.9240239E-01 -1.8707291E-03 7.9096390E-03 9.5962270E-03 8.7719907E-03 1.4766054E-03 1.2217653E-04 4.8485519E-03 2.7716609E-04 5.0932776E-03 4.4536384E-02 2.3623998E-02 1.0933602E-04 1.7669933E+00 1.8694550E+01 -3.6754867E-02
3.1381000E+02 2.5927000E+02 8.6700000E+00 6.6000000E+01 10 5.5219531E+01 1.4311850E-01 3.2093894E-01 -1.8685308E-03 9.9522214E-03 1.1606585E-02 1.0792001E-02 1.4593134E-03 1.4069110E-04 5.8614244E-03 2.7392031E-04 6.0857237E-03 4.4618429E-02 2.9726060E-02 1.4214092E-04 1.9572259E+00 1.8392302E+01 -2.4594308E-02
3.1381000E+02 2.5927000E+02 8.6700000E+00 6.7000000E+01 10 5.5219415E+01 1.4317779E-01 3.2106401E-01 -1.8664252E-03 9.9433508E-03 1.1599961E-02 1.0794623E-02 1.4427490E-03 1.4247678E-04 5.8477558E-03 2.7081109E-04 6.0670115E-03 4.4679452E-02 2.9699216E-02 1.3998389E-04 1.9542520E+00 1.8407447E+01 -2.4765325E-02
3.1381000E+02 2.5927000E+02 8.6700000E+00 7.2000000E+01 10 5.5221738E+01 1.3231329E-01 2.9527931E-01 -1.8270129E-03 7.8086925E-03 9.5892624E-03 8.8227333E-03 1.3732239E-03 1.2343326E-04 4.7364253E-03 2.5776089E-04 4.9590715E-03 4.5452802E-02 2.3322393E-02 1.0568932E-04 1.7413298E+00 1.8874224E+01 -3.9034779E-02
3.1381000E+02 2.5927000E+02 8.6700000E+00 7.7000000E+01 10 5.5216376E+01 1.3500979E-01 3.0129145E-01 -1.7776128E-03 7.9304269E-03 9.6630667E-03 8.9297804E-03 1.3136701E-03 1.3698362E-04 4.7635342E-03 2.4658234E-04 4.9685496E-03 4.6428061E-02 2.3685511E-02 1.3319947E-04 1.7290547E+00 1.8950698E+01 -4.0323557E-02
3.1381000E+02 2.5927000E+02 8.6700000E+00 8.2000000E+01 10 5.5211318E+01 1.3797856E-01 3.0775105E-01 -1.7336500E-03 8.1234888E-03 9.7733466E-03 9.0690217E-03 1.2617862E-03 1.5562244E-04 4.8316389E-03 2.3684348E-04 5.0185713E-03 4.7304470E-02 2.4261370E-02 1.6548405E-04 1.7236316E+00 1.8989238E+01 -4.1036398E-02
3.1381000E+02 2.5927000E+02 8.6700000E+00 8.7000000E+01 10 5.5207337E+01 1.4047337E-01 3.1319099E-01 -1.6995794E-03 8.3024737E-03 9.8849735E-03 9.2062345E-03 1.2159494E-03 1.7320742E-04 4.8959424E-03 2.2823968E-04 5.0670023E-03 4.7997500E-02 2.4795285E-02 1.9336093E-04 1.7213616E+00 1.9009619E+01 -4.1435541E-02
3.1381000E+02 2.5927000E+02 8.6700000E+00 9.1000000E+01 10 5.5203414E+01 1.4500072E-01 3.2355319E-01 -1.6783585E-03 8.9212716E-03 1.0415226E-02 9.7551480E-03 1.1825185E-03 1.9663425E-04 5.1883570E-03 2.2196454E-04 5.3417943E-03 4.8454103E-02 2.6642918E-02 2.2911803E-04 1.7556174E+00 1.8979910E+01 -3.8720859E-02
3.1381000E+02 2.5927000E+02 8.6700000E+00 9.2000000E+01 10 5.5198337E+01 1.5446313E-01 3.4593290E-01 -1.6734181E-03 1.0511665E-02 1.1903643E-02 1.1248122E-02 1.1743540E-03 2.3435443E-04 5.9819215E-03 2.2043202E-04 6.1167761E-03 4.8612751E-02 3.1393463E-02 2.9459555E-04 1.8866446E+00 1.8833980E+01 -2.9496020E-02
3.1381000E+02 2.5927000E+02 8.6700000E+00 9.7000000E+01 10 5.5198456E+01 1.4355206E-01 3.2117791E-01 -2.1550330E-03 8.3434915E-03 9.9273888E-03 9.2924285E-03 1.1375207E-03 1.9534839E-04 4.8714125E-03 2.1351822E-04 5.0211319E-03 4.9720364E-02 2.4917012E-02 2.2021363E-04 1.6976498E+00 1.9060739E+01 -4.4097352E-02
3.1381000E+02 2.5927000E+02 8.6700000E+00 1.0200000E+02 10 5.5190585E+01 1.4664564E-01 3.2902072E-01 -2.8251741E-03 8.4957883E-03 1.0002393E-02 9.3861193E-03 1.1040431E-03 2.0685102E-04 4.9297383E-03 2.0723433E-04 5.0664775E-03 5.1116445E-02 2.5371201E-02 2.3910915E-04 1.6886052E+00 1.9082217E+01 -4.5414981E-02
3.1381000E+02 2.5927000E+02 8.6700000E+00 1.0700000E+02 10 5.5183543E+01 1.4973938E-01 3.3663600E-01 -3.4254999E-03 8.6891128E-03 1.0100052E-02 9.5008637E-03 1.0734349E-03 2.1896284E-04 5.0106804E-03 2.0148902E-04 5.1339338E-03 5.2336616E-02 2.5947766E-02 2.5655310E-04 1.6843643E+00 1.9095299E+01 -4.6241596E-02
3.1381000E+02 2.5927000E+02 8.6700000E+00 1.1200000E+02 10 5.5178122E+01 1.5226355E-01 3.4279328E-01 -3.8788455E-03 8.8605426E-03 1.0194426E-02 9.6109355E-03 1.0453140E-03 2.2989814E-04 5.0816792E-03 1.9621058E-04 5.1931690E-03 5.3275844E-02 2.6459082E-02 2.7087820E-04 1.6824651E+00 1.9102944E+01 -4.6752429E-02
3.1381000E+02 2.5927000E+02 8.6700000E+00 1.1700000E+02 10 5.5174191E+01 1.5417474E-01 3.4744614E-01 -4.1971321E-03 8.9959128E-03 1.0277429E-02 9.7084180E-03 1.0193739E-03 2.3900073E-04 5.1353370E-03 1.9134150E-04 5.2371013E-03 5.3965364E-02 2.6862891E-02 2.8182322E-04 1.6816484E+00 1.9107411E+01 -4.7072551E-02
3.1381000E+02 2.5927000E+02 8.6700000E+00 1.2200000E+02 10 5.5171379E+01 1.5559752E-01 3.5091563E-01 -4.4149704E-03 9.0993922E-03 1.0348990E-02 9.7933810E-03 9.9536391E-04 2.4634040E-04 5.1736955E-03 1.8683470E-04 5.2674583E-03 5.4469018E-02 2.7171608E-02 2.8992724E-04 1.6813402E+00 1.9110050E+01 -4.7278023E-02
3.1381000E+02 2.5927000E+02 8.6700000E+00 1.2400000E+02 10 5.5165447E+01 1.6611395E-01 3.7504373E-01 -4.4883723E-03 1.0817061E-02 1.1817664E-02 1.1267252E-02 9.8605391E-04 2.9226066E-04 6.0338011E-03 1.8508717E-04 6.1000745E-03 5.4711087E-02 3.2301013E-02 3.6468083E-04 1.7933490E+00 1.8986868E+01 -3.7639966E-02
3.1381000E+02 2.5927000E+02 8.6700000E+00 1.2500000E+02 10 5.5163585E+01 1.6919675E-01 3.8233340E-01 -4.5219293E-03 1.1320352E-02 1.2288472E-02 1.1740619E-02 9.8147064E-04 3.0646493E-04 6.2840226E-03 1.8422687E-04 6.3433148E-03 5.4811969E-02 3.3804170E-02 3.8404006E-04 1.8319966E+00 1.8945049E+01 -3.4785959E-02
3.1381000E+02 2.5927000E+02 8.6700000E+00 1.3000000E+02 10 5.5168942E+01 1.5598922E-01 3.5256102E-01 -4.6342778E-03 9.0444465E-03 1.0351907E-02 9.8161017E-03 9.5988644E-04 2.5193539E-04 5.1244249E-03 1.8017541E-04 5.2119261E-03 5.5023953E-02 2.7007246E-02 2.8658050E-04 1.6720854E+00 1.9123072E+01 -4.8380521E-02
3.1381000E+02 2.5927000E+02 8.6700000E+00 1.3100000E+02 10 5.5161873E+01 1.6982521E-01 3.8415946E-01 -4.6549216E-03 1.1340239E-02 1.2330528E-02 1.1797096E-02 9.5563505E-04 3.1223841E-04 6.2780615E-03 1.7937740E-04 6.3325628E-03 5.5178884E-02 3.3863591E-02 3.9354564E-04 1.8277433E+00 1.8950113E+01 -3.5193577E-02
3.1381000E+02 2.5927000E+02 8.6700000E+00 1.3200000E+02 10 5.5161621E+01 1.6991218E-01 3.8434362E-01 -4.6739968E-03 1.1338717E-02 1.2324946E-02 1.1793857E-02 9.5143826E-04 3.1231274E-04 6.2752651E-03 1.7858964E-04 6.3277544E-03 5.5227885E-02 3.3858710E-02 3.8757230E-04 1.8264594E+00 1.8952716E+01 -3.5301236E-02
3.1381000E+02 2.5927000E+02 8.6700000E+00 1.3700000E+02 10 5.5161174E+01 1.5805279E-01 3.5871114E-01 -5.8019472E-03 9.0674364E-03 1.0390092E-02 9.8700412E-03 9.3166291E-04 2.5662668E-04 5.1190710E-03 1.7487771E-04 5.2001199E-03 5.6599580E-02 2.7075617E-02 2.8955835E-04 1.6600193E+00 1.9114749E+01 -5.0194199E-02
3.1381000E+02 2.5927000E+02 8.6700000E+00 1.4200000E+02 10 5.5150938E+01 1.6175741E-01 3.6839069E-01 -7.3418907E-03 9.2738519E-03 1.0508026E-02 9.9983260E-03 9.1311837E-04 2.5661331E-04 5.2133676E-03 1.7139681E-04 5.2843598E-03 5.8525654E-02 2.7691473E-02 2.9228354E-04 1.6549821E+00 1.9081678E+01 -5.1452349E-02
3.1381000E+02 2.5927000E+02 8.6700000E+00 1.4700000E+02 10 5.5141429E+01 1.6554257E-01 3.7793380E-01 -8.7437573E-03 9.5208467E-03 1.0646399E-02 1.0146402E-02 8.9573510E-04 2.5098627E-04 5.3293029E-03 1.6813388E-04 5.3887984E-03 6.0261810E-02 2.8428303E-02 2.8220107E-04 1.6532410E+00 1.9036816E+01 -5.2294575E-02
3.1381000E+02 2.5927000E+02 8.6700000E+00 1.5200000E+02 10 5.5133962E+01 1.6863764E-01 3.8563721E-01 -9.8267530E-03 9.7329144E-03 1.0771486E-02 1.0280597E-02 8.7941812E-04 2.4173319E-04 5.4279143E-03 1.6507111E-04 5.4774452E-03 6.1605046E-02 2.9060964E-02 2.6389250E-04 1.6527230E+00 1.8987764E+01 -5.2852662E-02
3.1381000E+02 2.5927000E+02 8.6700000E+00 1.5700000E+02 10 5.5128490E+01 1.7096545E-01 3.9139380E-01 -1.0606121E-02 9.8956985E-03 1.0874577E-02 1.0392253E-02 8.6407522E-04 2.3129204E-04 5.5017895E-03 1.6219117E-04 5.5433501E-03 6.2581218E-02 2.9546633E-02 2.4244260E-04 1.6525997E+00 1.8940198E+01 -5.3225704E-02
3.1381000E+02 2.5927000E+02 8.6700000E+00 1.6200000E+02 10 5.5124561E+01 1.7267585E-01 3.9560835E-01 -1.1153292E-02 1.0016684E-02 1.0957614E-02 1.0483357E-02 8.4962351E-04 2.2136719E-04 5.5547490E-03 1.5947851E-04 5.5899901E-03 6.3279364E-02 2.9907627E-02 2.2148831E-04 1.6526045E+00 1.8898719E+01 -5.3478373E-02
3.1381000E+02 2.5927000E+02 8.6700000E+00 1.6700000E+02 10 5.5121725E+01 1.7394062E-01 3.9872115E-01 -1.1537729E-02 1.0106971E-02 1.1025095E-02 1.0558448E-02 8.3598917E-04 2.1279161E-04 5.5924632E-03 1.5691928E-04 5.6225905E-03 6.3783820E-02 3.0177042E-02 2.0302028E-04 1.6526597E+00 1.8866380E+01 -5.3652429E-02
3.1381000E+02 2.5927000E+02 8.6700000E+00 1.6800000E+02 10 5.5114098E+01 1.8845171E-01 4.3110140E-01 -1.1608647E-02 1.2469485E-02 1.2988666E-02 1.2523524E-02 8.3329442E-04 2.3534257E-04 6.7826809E-03 1.5641346E-04 6.7747865E-03 6.3899951E-02 3.7231993E-02 2.4272027E-04 1.7940511E+00 1.8636204E+01 -4.0262843E-02
3.1381000E+02 2.5927000E+02 8.6700000E+00 1.6900000E+02 10 5.5113676E+01 1.8853170E-01 4.3131071E-01 -1.1674106E-02 1.2461862E-02 1.2977301E-02 1.2513645E-02 8.3063123E-04 2.3529337E-04 6.7778021E-03 1.5591357E-04 6.7681530E-03 6.3985020E-02 3.7208866E-02 2.3502014E-04 1.7922800E+00 1.8637738E+01 -4.0436985E-02
3.1381000E+02 2.5927000E+02 8.6700000E+00 1.7400000E+02 10 5.5126573E+01 1.6756955E-01 3.9413129E-01 -1.5668861E-02 9.9872857E-03 1.0969637E-02 1.0513009E-02 8.1804058E-04 2.0266047E-04 5.5207830E-03 1.5355024E-04 5.5500066E-03 6.3045893E-02 2.9819511E-02 1.7616084E-04 1.7039328E+00 1.8792938E+01 -4.8653363E-02
3.1381000E+02 2.5927000E+02 8.6700000E+00 1.7500000E+02 10 5.5121726E+01 1.7867207E-01 4.2224944E-01 -1.6622756E-02 1.2107358E-02 1.2910753E-02 1.2455515E-02 8.1555096E-04 2.2191859E-04 6.5844715E-03 1.5308293E-04 6.5891739E-03 6.2827068E-02 3.6152325E-02 2.1179662E-04 1.8692889E+00 1.8530716E+01 -3.4729454E-02
3.1381000E+02 2.5927000E+02 8.6700000E+00 1.7600000E+02 10 5.5123811E+01 1.7616158E-01 4.1966365E-01 -1.7713976E-02 1.1993293E-02 1.2884836E-02 1.2430972E-02 8.1308937E-04 2.2073578E-04 6.5240555E-03 1.5262087E-04 6.5330819E-03 6.2536125E-02 3.5812194E-02 2.0530726E-04 1.8864353E+00 1.8517844E+01 -3.3567439E-02
3.1381000E+02 2.5927000E+02 8.6700000E+00 1.8100000E+02 10 5.5080076E+01 1.6942143E-01 4.2366987E-01 -2.7903833E-02 9.4389924E-03 1.0882470E-02 1.0435117E-02 8.0142632E-04 1.8810198E-04 5.2251802E-03 1.5043166E-04 5.2794769E-03 7.2119004E-02 2.8185866E-02 1.5436452E-04 1.6612112E+00 1.8825779E+01 -5.7084719E-02
3.1381000E+02 2.5927000E+02 8.6700000E+00 1.8600000E+02 10 5.5001466E+01 1.8870799E-01 4.8371784E-01 -3.8838225E-02 9.6199279E-03 1.0934237E-02 1.0493062E-02 7.9035714E-04 1.8501055E-04 5.3124737E-03 1.4835392E-04 5.3556962E-03 8.6575456E-02 2.8725083E-02 1.5206804E-04 1.5689125E+00 1.8907563E+01 -7.4480979E-02
3.1381000E+02 2.5927000E+02 8.6700000E+00 1.9100000E+02 10 5.4926429E+01 2.1096298E-01 5.4485053E-01 -4.7998924E-02 1.0207859E-02 1.1022418E-02 1.0587117E-02 7.7983513E-04 1.8899896E-04 5.6138554E-03 1.4637889E-04 5.6209386E-03 1.0006966E-01 3.0475973E-02 1.5434033E-04 1.5047860E+00 1.8964132E+01 -9.0038402E-02
3.1381000E+02 2.5927000E+02 8.6700000E+00 1.9600000E+02 10 5.4867093E+01 2.3036974E-01 5.9527132E-01 -5.4839690E-02 1.0897448E-02 1.1110443E-02 1.0680733E-02 7.6981763E-04 1.9641344E-04 5.9694094E-03 1.4449856E-04 5.9330643E-03 1.1058145E-01 3.2529206E-02 1.5770175E-04 1.4658113E+00 1.8998159E+01 -1.0150555E-01
3.1381000E+02 2.5927000E+02 8.6700000E+00 2.0100000E+02 10 5.4823828E+01 2.4545707E-01 6.3325314E-01 -5.9700155E-02 1.1529597E-02 1.1187274E-02 1.0762896E-02 7.6026575E-04 2.0511986E-04 6.2952878E-03 1.4270562E-04 6.2186709E-03 1.1815924E-01 3.4411296E-02 1.6063628E-04 1.4429347E+00 1.9017963E+01 -1.0928267E-01
3.1381000E+02 2.5927000E+02 8.6700000E+00 2.0600000E+02 10 5.4793220E+01 2.5665088E-01 6.6088172E-01 -6.3105396E-02 1.2055162E-02 1.1253052E-02 1.0833766E-02 7.5114406E-04 2.1404515E-04 6.5654171E-03 1.4099343E-04 6.4552815E-03 1.2347096E-01 3.5976097E-02 1.6280308E-04 1.4296175E+00 1.9029370E+01 -1.1438259E-01
3.1381000E+02 2.5927000E+02 8.6700000E+00 2.1100000E+02 10 5.4771627E+01 2.6485063E-01 6.8086865E-01 -6.5506589E-02 1.2475119E-02 1.1310826E-02 1.0896409E-02 7.4242033E-04 2.2262252E-04 6.7802306E-03 1.3935595E-04 6.6434157E-03 1.2719014E-01 3.7226582E-02 1.6427824E-04 1.4218676E+00 1.9035897E+01 -1.1770316E-01
3.1381000E+02 2.5927000E+02 8.6700000E+00 2.1600000E+02 10 5.4756200E+01 2.7088740E-01 6.9548309E-01 -6.7231141E-02 1.2806685E-02 1.1363465E-02 1.0953712E-02 7.3406529E-04 2.3057820E-04 6.9488075E-03 1.3778767E-04 6.7909723E-03 1.2983169E-01 3.8214005E-02 1.6523060E-04 1.4173544E+00 1.9039598E+01 -1.1988339E-01
3.1381000E+02 2.5927000E+02 8.6700000E+00 2.2100000E+02 10 5.4744940E+01 2.7539982E-01 7.0638211E-01 -6.8500991E-02 1.3069129E-02 1.1412920E-02 1.1007640E-02 7.2605237E-04 2.3776940E-04 7.0813109E-03 1.3628360E-04 6.9067884E-03 1.3175152E-01 3.8995713E-02 1.6581745E-04 1.4147337E+00 1.9041661E+01 -1.2134067E-01
3.1381000E+02 2.5927000E+02 8.6700000E+00 2.2600000E+02 10 5.4736505E+01 2.7884431E-01 7.1471201E-01 -6.9462610E-02 1.3279155E-02 1.1460304E-02 1.1059319E-02 7.1835743E-04 2.4415556E-04 7.1864675E-03 1.3483922E-04 6.9986025E-03 1.3318586E-01 3.9621407E-02 1.6615940E-04 1.4132316E+00 1.9042772E+01 -1.2233773E-01
3.1381000E+02 2.5927000E+02 8.6700000E+00 2.3100000E+02 10 5.4730006E+01 2.8153754E-01 7.2124991E-01 -7.0212046E-02 1.3449966E-02 1.1506168E-02 1.1109313E-02 7.1095857E-04 2.4976548E-04 7.2711199E-03 1.3345042E-04 7.0725842E-03 1.3428935E-01 4.0130377E-02 1.6634382E-04 1.4124008E+00 1.9043325E+01 -1.2303775E-01
3.1381000E+02 2.5927000E+02 8.6700000E+00 2.3600000E+02 10 5.4724857E+01 2.8369622E-01 7.2651959E-01 -7.0812560E-02 1.3591484E-02 1.1550752E-02 1.1157874E-02 7.0383589E-04 2.5466750E-04 7.3404356E-03 1.3211346E-04 7.1333411E-03 1.3516333E-01 4.0552151E-02 1.6642946E-04 1.4119793E+00 1.9043548E+01 -1.2354245E-01
3.1381000E+02 2.5927000E+02 8.6700000E+00 2.4100000E+02 10 5.4720669E+01 2.8546786E-01 7.3087439E-01 -7.1306245E-02 1.3710911E-02 1.1594148E-02 1.1205100E-02 6.9697130E-04 2.5894681E-04 7.3982034E-03 1.3082494E-04 7.1841733E-03 1.3587474E-01 4.0908160E-02 1.6645502E-04 1.4118101E+00 1.9043576E+01 -1.2391625E-01
3.1381000E+02 2.5927000E+02 8.6700000E+00 2.4600000E+02 10 5.4717179E+01 2.8695321E-01 7.3455425E-01 -7.1721490E-02 1.3813385E-02 1.1636381E-02 1.1251031E-02 6.9034833E-04 2.6269423E-04 7.4471508E-03 1.2958178E-04 7.2274047E-03 1.3646834E-01 4.1213691E-02 1.6644533E-04 1.4117963E+00 1.9043489E+01 -1.2420071E-01
3.1381000E+02 2.5927000E+02 8.6700000E+00 2.5100000E+02 10 5.4714210E+01 2.8822186E-01 7.3772410E-01 -7.2077738E-02 1.3902571E-02 1.1677456E-02 1.1295677E-02 6.8395199E-04 2.6599235E-04 7.4892331E-03 1.2838115E-04 7.2646786E-03 1.3697450E-01 4.1479650E-02 1.6641594E-04 1.4118772E+00 1.9043339E+01 -1.2442317E-01
3.1381000E+02 2.5927000E+02 8.6700000E+00 2.5600000E+02 10 5.4711638E+01 2.8932266E-01 7.4049912E-01 -7.2388530E-02 1.3981116E-02 1.1717367E-02 1.1339039E-02 6.7776860E-04 2.6891312E-04 7.5258647E-03 1.2722050E-04 7.2971751E-03 1.3741417E-01 4.1713910E-02 1.6637671E-04 1.4120139E+00 1.9043155E+01 -1.2460185E-01
3.1381000E+02 2.5927000E+02 8.6700000E+00 2.6100000E+02 10 5.4709376E+01 2.9029048E-01 7.4296116E-01 -7.2663466E-02 1.4050967E-02 1.1756104E-02 1.1381116E-02 6.7178566E-04 2.7151735E-04 7.5580819E-03 1.2609747E-04 7.3257621E-03 1.3780205E-01 4.1922261E-02 1.6633379E-04 1.4121816E+00 1.9042958E+01 -1.2474910E-01
3.1381000E+02 2.5927000E+02 8.6700000E+00 2.6400000E+02 10 5.4703156E+01 3.0079352E-01 7.6411641E-01 -7.2817196E-02 1.5597981E-02 1.2686819E-02 1.2313795E-02 6.6826549E-04 2.8918913E-04 8.3471285E-03 1.2543672E-04 8.0657816E-03 1.3802570E-01 4.6537346E-02 1.8648665E-04 1.4490105E+00 1.8962577E+01 -1.1684672E-01
3.1381000E+02 2.5927000E+02 8.6700000E+00 2.6500000E+02 10 5.4697824E+01 3.1085732E-01 7.8427665E-01 -7.2867250E-02 1.7106670E-02 1.3626069E-02 1.3253696E-02 6.6709974E-04 3.0385542E-04 9.1168725E-03 1.2521790E-04 8.7907318E-03 1.3810259E-01 5.1038715E-02 2.0546057E-04 1.4880156E+00 1.8857718E+01 -1.0889189E-01
3.1381000E+02 2.5927000E+02 8.6700000E+00 2.7000000E+02 10 5.4705385E+01 2.9325965E-01 7.4993959E-01 -7.3053724E-02 1.4411428E-02 1.2010459E-02 1.1640457E-02 6.6285249E-04 2.8314352E-04 7.7367116E-03 1.2442067E-04 7.4919829E-03 1.3835092E-01 4.2997645E-02 1.6713547E-04 1.4190868E+00 1.9033937E+01 -1.2348361E-01
3.1381000E+02 2.5927000E+02 8.6700000E+00 2.7500000E+02 10 5.4702422E+01 2.9693495E-01 7.5767455E-01 -7.3230534E-02 1.4919861E-02 1.2340264E-02 1.1972919E-02 6.5809185E-04 2.8833617E-04 7.9933072E-03 1.2352708E-04 7.7329711E-03 1.3860273E-01 4.4514687E-02 1.7405382E-04 1.4305857E+00 1.9009188E+01 -1.2107226E-01
3.1381000E+02 2.5927000E+02 8.6700000E+00 2.8000000E+02 10 5.4699805E+01 3.0002851E-01 7.6432238E-01 -7.3398269E-02 1.5346885E-02 1.2635579E-02 1.2271055E-02 6.5303831E-04 2.9393197E-04 8.2078443E-03 1.2257850E-04 7.9349353E-03 1.3884183E-01 4.5788982E-02 1.7766791E-04 1.4404603E+00 1.8992010E+01 -1.1904920E-01
3.1381000E+02 2.5927000E+02 8.6700000E+00 2.8500000E+02 10 5.4697641E+01 3.0235717E-01 7.6954688E-01 -7.3554928E-02 1.5667755E-02 1.2884261E-02 1.2522513E-02 6.4806493E-04 2.9882112E-04 8.3677583E-03 1.2164497E-04 8.0864494E-03 1.3906507E-01 4.6746749E-02 1.7942152E-04 1.4480568E+00 1.8980753E+01 -1.1753309E-01
3.1381000E+02 2.5927000E+02 8.6700000E+00 2.8900000E+02 10 5.4693843E+01 3.0846432E-01 7.8227881E-01 -7.3673167E-02 1.6576033E-02 1.3499314E-02 1.3139718E-02 6.4421005E-04 3.0971749E-04 8.8284652E-03 1.2092139E-04 8.5213211E-03 1.3923654E-01 4.9457068E-02 1.8892340E-04 1.4711072E+00 1.8933872E+01 -1.1280958E-01
3.1381000E+02 2.5927000E+02 8.6700000E+00 2.9000000E+02 10 5.4686268E+01 3.2330562E-01 8.1224053E-01 -7.3702287E-02 1.8828567E-02 1.4959370E-02 1.4600307E-02 6.4325476E-04 3.2873378E-04 9.9766478E-03 1.2074208E-04 9.6063565E-03 1.3928681E-01 5.6178735E-02 2.1584087E-04 1.5331630E+00 1.8749487E+01 -1.0073251E-01
3.1381000E+02 2.5927000E+02 8.6700000E+00 2.9500000E+02 10 5.4735963E+01 2.9368882E-01 7.4365576E-01 -6.8832910E-02 1.5850477E-02 1.3149600E-02 1.2793091E-02 6.3867993E-04 3.0639866E-04 8.4526464E-03 1.1988336E-04 8.1700871E-03 1.3191210E-01 4.7293019E-02 1.7621371E-04 1.4877704E+00 1.8947365E+01 -1.0644922E-01
3.1381000E+02 2.5927000E+02 8.6700000E+00 3.0000000E+02 10 5.4799396E+01 2.7697019E-01 6.9599215E-01 -6.1145924E-02 1.5728359E-02 1.3266555E-02 1.2912504E-02 6.3427715E-04 3.0393430E-04 8.3822038E-03 1.1905694E-04 8.1145538E-03 1.2029945E-01 4.6931379E-02 1.7582351E-04 1.5481695E+00 1.8883052E+01 -9.0844398E-02
3.1381000E+02 2.5927000E+02 8.6700000E+00 3.0100000E+02 10 5.4804508E+01 2.9007363E-01 7.2080710E-01 -5.9522901E-02 1.8307713E-02 1.5193416E-02 1.4839852E-02 6.3340323E-04 3.2536513E-04 9.6896133E-03 1.1889290E-04 9.3665676E-03 1.1786089E-01 5.4632048E-02 2.1002424E-04 1.6573502E+00 1.8623837E+01 -7.3115189E-02
3.1381000E+02 2.5927000E+02 8.6700000E+00 3.0200000E+02 10 5.4818705E+01 2.8569465E-01 7.0923699E-01 -5.7846201E-02 1.8185351E-02 1.5204269E-02 1.4851190E-02 6.3253568E-04 3.2718929E-04 9.6244549E-03 1.1873006E-04 9.3096592E-03 1.1532759E-01 5.4268002E-02 2.0680946E-04 1.6731957E+00 1.8623463E+01 -7.0140229E-02
3.1381000E+02 2.5927000E+02 8.6700000E+00 3.0300000E+02 10 5.4835200E+01 2.7998619E-01 6.9470669E-01 -5.5939592E-02 1.7940369E-02 1.5162905E-02 1.4809582E-02 6.3297207E-04 3.2831350E-04 9.4970805E-03 1.1881197E-04 9.1952631E-03 1.1244595E-01 5.3538246E-02 2.0256003E-04 1.6879738E+00 1.8627403E+01 -6.7295877E-02
3.1381000E+02 2.5927000E+02 8.6700000E+00 3.0800000E+02 10 5.4911676E+01 2.4019059E-01 5.9983867E-01 -4.8033059E-02 1.4351883E-02 1.3019020E-02 1.2665263E-02 6.3375007E-04 2.9084948E-04 7.6631922E-03 1.1895801E-04 7.4713669E-03 1.0047613E-01 4.2831997E-02 1.5729258E-04 1.6388026E+00 1.8815236E+01 -6.9938595E-02
3.1381000E+02 2.5927000E+02 8.6700000E+00 3.1300000E+02 10 5.4962091E+01 2.2260320E-01 5.5530364E-01 -4.2223581E-02 1.3581108E-02 1.2915954E-02 1.2561866E-02 6.3434281E-04 2.7621369E-04 7.2599602E-03 1.1906926E-04 7.1132881E-03 9.1688825E-02 4.0536930E-02 1.5271391E-04 1.6834742E+00 1.8768120E+01 -6.1330067E-02
3.1381000E+02 2.5927000E+02 8.6700000E+00 3.1800000E+02 10 5.4997801E+01 2.0979298E-01 5.2355176E-01 -3.8135399E-02 1.2995788E-02 1.2898075E-02 1.2543608E-02 6.3502183E-04 2.6373302E-04 6.9526842E-03 1.1919672E-04 6.8429247E-03 8.5500961E-02 3.8794417E-02 1.4873782E-04 1.7186680E+00 1.8730529E+01 -5.5339094E-02
3.1381000E+02 2.5927000E+02 8.6700000E+00 3.2300000E+02 10 5.5022912E+01 2.0034078E-01 5.0076692E-01 -3.5293516E-02 1.2525103E-02 1.2914461E-02 1.2559591E-02 6.3574326E-04 2.5257003E-04 6.7051990E-03 1.1933214E-04 6.6261092E-03 8.1195439E-02 3.7393096E-02 1.4513998E-04 1.7437457E+00 1.8703977E+01 -5.1373517E-02
3.1381000E+02 2.5927000E+02 8.6700000E+00 3.2800000E+02 10 5.5040708E+01 1.9325159E-01 4.8415073E-01 -3.3308744E-02 1.2135919E-02 1.2938522E-02 1.2583271E-02 6.3642550E-04 2.4260427E-04 6.5005167E-03 1.1946020E-04 6.4468733E-03 7.8184741E-02 3.6234151E-02 1.4198643E-04 1.7603334E+00 1.8686637E+01 -4.8819776E-02
3.1381000E+02 2.5927000E+02 8.6700000E+00 3.2900000E+02 10 5.5037962E+01 2.0405286E-01 5.0928439E-01 -3.2943135E-02 1.4119757E-02 1.4833602E-02 1.4478276E-02 6.3655971E-04 2.5870137E-04 7.4970259E-03 1.1948539E-04 7.4219560E-03 7.7645630E-02 4.2160795E-02 1.7237297E-04 1.9061533E+00 1.8413805E+01 -3.6213353E-02
3.1381000E+02 2.5927000E+02 8.6700000E+00 3.3000000E+02 10 5.5041083E+01 2.0265065E-01 5.0607956E-01 -3.2606128E-02 1.4025340E-02 1.4819521E-02 1.4464122E-02 6.3669104E-04 2.5834681E-04 7.4482222E-03 1.1951004E-04 7.3773291E-03 7.7133192E-02 4.1879147E-02 1.6965832E-04 1.9084398E+00 1.8424662E+01 -3.5931943E-02
3.1381000E+02 2.5927000E+02 8.6700000E+00 3.3500000E+02 10 5.5034308E+01 1.9323476E-01 4.8295071E-01 -3.1868702E-02 1.1517850E-02 1.2850907E-02 1.2495212E-02 6.3722110E-04 2.3033476E-04 6.1791214E-03 1.1960953E-04 6.1571367E-03 7.9765199E-02 3.4391575E-02 1.3416876E-04 1.6917932E+00 1.8764213E+01 -5.6158641E-02
3.1381000E+02 2.5927000E+02 8.6700000E+00 3.4000000E+02 10 5.5005695E+01 2.0419537E-01 5.0428715E-01 -3.1672989E-02 1.1557253E-02 1.2840953E-02 1.2485050E-02 6.3759377E-04 2.2668373E-04 6.2008742E-03 1.1967949E-04 6.1744162E-03 8.4990026E-02 3.4507992E-02 1.3707451E-04 1.6145751E+00 1.8837389E+01 -6.6790065E-02
3.1381000E+02 2.5927000E+02 8.6700000E+00 3.4500000E+02 10 5.4975877E+01 2.1741006E-01 5.2950486E-01 -3.1663818E-02 1.1916986E-02 1.2864113E-02 1.2508098E-02 6.3779454E-04 2.2848607E-04 6.3906962E-03 1.1971717E-04 6.3401410E-03 9.0214690E-02 3.5578254E-02 1.4207381E-04 1.5595549E+00 1.8889150E+01 -7.5878849E-02
3.1381000E+02 2.5927000E+02 8.6700000E+00 3.5000000E+02 10 5.4951357E+01 2.2926427E-01 5.5170812E-01 -3.1675496E-02 1.2371685E-02 1.2893249E-02 1.2537220E-02 6.3781956E-04 2.3268750E-04 6.6306563E-03 1.1972187E-04 6.5493585E-03 9.4398508E-02 3.6931239E-02 1.4709306E-04 1.5246591E+00 1.8921975E+01 -8.2448320E-02
3.1381000E+02 2.5927000E+02 8.6700000E+00 3.5500000E+02 10 5.4933219E+01 2.3862810E-01 5.6894784E-01 -3.1658298E-02 1.2797596E-02 1.2917117E-02 1.2561171E-02 6.3767175E-04 2.3744258E-04 6.8555200E-03 1.1969412E-04 6.7449979E-03 9.7429387E-02 3.8198575E-02 1.5126401E-04 1.5033196E+00 1.8942166E+01 -8.6840274E-02
3.1381000E+02 2.5927000E+02 8.6700000E+00 3.6000000E+02 10 5.4920448E+01 2.4560332E-01 5.8157370E-01 -3.1609288E-02 1.3151451E-02 1.2933666E-02 1.2577895E-02 6.3735827E-04 2.4191586E-04 7.0422596E-03 1.1963528E-04 6.9073573E-03 9.9524750E-02 3.9251514E-02 1.5445781E-04 1.4903602E+00 1.8954524E+01 -8.9674766E-02
3.1381000E+02 2.5927000E+02 8.6700000E+00 3.6500000E+02 10 5.4911635E+01 2.5067410E-01 5.9059437E-01 -3.1538281E-02 1.3429829E-02 1.2944207E-02 1.2588698E-02 6.3688884E-04 2.4584294E-04 7.1889798E-03 1.1954717E-04 7.0349744E-03 1.0094632E-01 4.0079893E-02 1.5681318E-04 1.4824380E+00 1.8962134E+01 -9.1482523E-02
3.1381000E+02 2.5927000E+02 8.6700000E+00 3.7000000E+02 10 5.4905575E+01 2.5433965E-01 5.9699945E-01 -3.1455460E-02 1.3643748E-02 1.2950676E-02 1.2595509E-02 6.3627458E-04 2.4922528E-04 7.3015120E-03 1.1943187E-04 7.1329183E-03 1.0190781E-01 4.0716500E-02 1.5852124E-04 1.4775250E+00 1.8966886E+01 -9.2637789E-02
3.1381000E+02 2.5927000E+02 8.6700000E+00 3.7500000E+02 10 5.4901384E+01 2.5700305E-01 6.0156819E-01 -3.1368266E-02 1.3807007E-02 1.2954693E-02 1.2599943E-02 6.3552722E-04 2.5214265E-04 7.3872006E-03 1.1929158E-04 7.2074877E-03 1.0256221E-01 4.1202387E-02 1.5975279E-04 1.4744169E+00 1.8969911E+01 -9.3384169E-02
3.1381000E+02 2.5927000E+02 8.6700000E+00 3.8000000E+02 10 5.4898451E+01 2.5896103E-01 6.0486354E-01 -3.1281418E-02 1.3931932E-02 1.2957386E-02 1.2603122E-02 6.3465858E-04 2.5467504E-04 7.4526161E-03 1.1912854E-04 7.2642976E-03 1.0301300E-01 4.1574215E-02 1.6064076E-04 1.4724015E+00 1.8971886E+01 -9.3874719E-02
3.1381000E+02 2.5927000E+02 8.6700000E+00 3.8500000E+02 10 5.4896366E+01 2.6042318E-01 6.0727712E-01 -3.1197641E-02 1.4028329E-02 1.2959463E-02 1.2605745E-02 6.3368021E-04 2.5688859E-04 7.5029845E-03 1.1894489E-04 7.3078227E-03 1.0332856E-01 4.1861163E-02 1.6128347E-04 1.4710558E+00 1.8973212E+01 -9.4204319E-02
3.1381000E+02 2.5927000E+02 8.6700000E+00 3.9000000E+02 10 5.4894858E+01 2.6153536E-01 6.0907763E-01 -3.1118366E-02 1.4103634E-02 1.2961325E-02 1.2608208E-02 6.3260313E-04 2.5883166E-04 7.5422573E-03 1.1874272E-04 7.3414668E-03 1.0355371E-01 4.2085344E-02 1.6175119E-04 1.4701268E+00 1.8974136E+01 -9.4431653E-02
3.1381000E+02 2.5927000E+02 8.6700000E+00 3.9500000E+02 10 5.4893743E+01 2.6239867E-01 6.1044886E-01 -3.1044238E-02 1.4163353E-02 1.2963180E-02 1.2610714E-02 6.3143771E-04 2.6054061E-04 7.5733499E-03 1.1852396E-04 7.3677670E-03 1.0371791E-01 4.2263139E-02 1.6209451E-04 1.4694615E+00 1.8974802E+01 -9.4593188E-02
3.1381000E+02 2.5927000E+02 8.6700000E+00 4.0000000E+02 10 5.4892900E+01 2.6308339E-01 6.1151696E-01 -3.0975441E-02 1.4211522E-02 1.2965117E-02 1.2613345E-02 6.3019357E-04 2.6204315E-04 7.5983883E-03 1.1829043E-04 7.3885974E-03 1.0384065E-01 4.2406559E-02 1.6234842E-04 1.4689662E+00 1.8975304E+01 -9.4711781E-02
3.1381000E+02 2.5927000E+02 8.6700000E+00 4.0500000E+02 10 5.4892247E+01 2.6363862E-01 6.1236896E-01 -3.0911897E-02 1.4251084E-02 1.2967157E-02 1.2616119E-02 6.2887957E-04 2.6336360E-04 7.6189131E-03 1.1804379E-04 7.4053366E-03 1.0393490E-01 4.2524359E-02 1.6253834E-04 1.4685829E+00 1.8975696E+01 -9.4801929E-02
3.1381000E+02 2.5927000E+02 8.6700000E+00 4.1000000E+02 10 5.4891728E+01 2.6409885E-01 6.1306530E-01 -3.0853391E-02 1.4284183E-02 1.2969288E-02 1.2619018E-02 6.2750380E-04 2.6452384E-04 7.6360407E-03 1.1778555E-04 7.4189975E-03 1.0400942E-01 4.2622920E-02 1.6268180E-04 1.4682747E+00 1.8976015E+01 -9.4872943E-02
3.1381000E+02 2.5927000E+02 8.6700000E+00 4.1200000E+02 10 5.4884500E+01 2.7840997E-01 6.4188349E-01 -3.0830777E-02 1.6467929E-02 1.4339926E-02 1.3989968E-02 6.2694410E-04 2.8635273E-04 8.7522561E-03 1.1768049E-04 8.4680349E-03 1.0404702E-01 4.9138753E-02 1.9172535E-04 1.5365779E+00 1.8825395E+01 -8.3315115E-02
3.1381000E+02 2.5927000E+02 8.6700000E+00 4.1700000E+02 10 5.4891755E+01 2.6341034E-01 6.1156878E-01 -3.0778873E-02 1.4145877E-02 1.2883229E-02 1.2534081E-02 6.2549325E-04 2.6638813E-04 7.5651989E-03 1.1740816E-04 7.3497168E-03 1.0409113E-01 4.2210046E-02 1.5890176E-04 1.4629725E+00 1.8988714E+01 -9.5851034E-02
3.1381000E+02 2.5927000E+02 8.6700000E+00 4.2200000E+02 10 5.4891439E+01 2.6369925E-01 6.1193467E-01 -3.0731273E-02 1.4162082E-02 1.2873685E-02 1.2525372E-02 6.2399712E-04 2.6553138E-04 7.5734531E-03 1.1712733E-04 7.3553481E-03 1.0413933E-01 4.2258247E-02 1.6060537E-04 1.4624631E+00 1.8986081E+01 -9.5948081E-02
3.1381000E+02 2.5927000E+02 8.6700000E+00 4.2700000E+02 10 5.4890989E+01 2.6430539E-01 6.1290992E-01 -3.0687658E-02 1.4227142E-02 1.2889787E-02 1.2542331E-02 6.2246144E-04 2.6603966E-04 7.6069344E-03 1.1683907E-04 7.3841001E-03 1.0418127E-01 4.2452110E-02 1.6179783E-04 1.4634227E+00 1.8983050E+01 -9.5779311E-02
3.1381000E+02 2.5927000E+02 8.6700000E+00 4.2900000E+02 10 5.4883732E+01 2.7877430E-01 6.4197879E-01 -3.0670829E-02 1.6435063E-02 1.4263606E-02 1.3916497E-02 6.2184118E-04 2.8787878E-04 8.7360020E-03 1.1672265E-04 8.4441036E-03 1.0420775E-01 4.9039924E-02 1.9140395E-04 1.5319029E+00 1.8832388E+01 -8.4088009E-02
3.1381000E+02 2.5927000E+02 8.6700000E+00 4.3000000E+02 10 5.4881488E+01 2.8322457E-01 6.5097509E-01 -3.0662566E-02 1.7112729E-02 1.4706686E-02 1.4359750E-02 6.2152960E-04 2.9600873E-04 9.0821149E-03 1.1666416E-04 8.7697953E-03 1.0421792E-01 5.1062079E-02 1.9834141E-04 1.5549211E+00 1.8776303E+01 -8.0465714E-02
3.1381000E+02 2.5927000E+02 8.6700000E+00 4.3500000E+02 10 5.4890138E+01 2.6578856E-01 6.1599356E-01 -3.0626567E-02 1.4449582E-02 1.3055689E-02 1.2708142E-02 6.2262442E-04 2.7465772E-04 7.7217729E-03 1.1686967E-04 7.4899530E-03 1.0421206E-01 4.3115474E-02 1.6147709E-04 1.4696925E+00 1.8976778E+01 -9.4663576E-02
3.1381000E+02 2.5927000E+02 8.6700000E+00 4.3600000E+02 10 5.4880496E+01 2.8515558E-01 6.5508418E-01 -3.0619182E-02 1.7412477E-02 1.4953565E-02 1.4605845E-02 6.2293461E-04 2.9953282E-04 9.2353736E-03 1.1692789E-04 8.9160934E-03 1.0422722E-01 5.1956975E-02 2.0245298E-04 1.5657431E+00 1.8738669E+01 -7.8808589E-02
3.1381000E+02 2.5927000E+02 8.6700000E+00 4.3700000E+02 10 5.4881203E+01 2.8534463E-01 6.5508761E-01 -3.0420284E-02 1.7461516E-02 1.4986924E-02 1.4639036E-02 6.2323540E-04 3.0342622E-04 9.2611231E-03 1.1698435E-04 8.9392905E-03 1.0406542E-01 5.2103059E-02 2.0081188E-04 1.5678976E+00 1.8745845E+01 -7.8415568E-02
3.1381000E+02 2.5927000E+02 8.6700000E+00 4.3800000E+02 10 5.4883856E+01 2.8509327E-01 6.5341388E-01 -2.9811027E-02 1.7488006E-02 1.5010165E-02 1.4662128E-02 6.2350273E-04 3.0635791E-04 9.2751823E-03 1.1703453E-04 8.9517946E-03 1.0355656E-01 5.2181921E-02 1.9961054E-04 1.5701965E+00 1.8750019E+01 -7.7844376E-02
3.1381000E+02 2.5927000E+02 8.6700000E+00 4.4300000E+02 10 5.4943761E+01 2.6037915E-01 5.8118250E-01 -1.8450621E-02 1.4908478E-02 1.3398419E-02 1.3050674E-02 6.2297964E-04 2.8282462E-04 7.9565940E-03 1.1693634E-04 7.7108535E-03 9.3973239E-02 4.4484812E-02 1.6536515E-04 1.5036999E+00 1.8934079E+01 -8.3625324E-02
3.1381000E+02 2.5927000E+02 8.6700000E+00 4.4400000E+02 10 5.4946265E+01 2.7691381E-01 6.0999901E-01 -1.5890161E-02 1.7731666E-02 1.5300647E-02 1.4952989E-02 6.2282382E-04 3.0554426E-04 9.3957621E-03 1.1690709E-04 9.0728903E-03 9.1828992E-02 5.2910850E-02 2.0375286E-04 1.6140062E+00 1.8673406E+01 -6.6546204E-02
3.1381000E+02 2.5927000E+02 8.6700000E+00 4.4500000E+02 10 5.4958928E+01 2.7511855E-01 6.0096153E-01 -1.3083604E-02 1.7760221E-02 1.5345564E-02 1.4998014E-02 6.2263026E-04 3.0842118E-04 9.4099187E-03 1.1687076E-04 9.0868568E-03 8.9461955E-02 5.2996197E-02 2.0214549E-04 1.6230853E+00 1.8673896E+01 -6.4378491E-02
3.1381000E+02 2.5927000E+02 8.6700000E+00 4.5000000E+02 10 5.5026196E+01 2.5079644E-01 5.2603498E-01 6.4437505E-05 1.5436499E-02 1.3904891E-02 1.3557952E-02 6.2153490E-04 2.8869937E-04 8.2214133E-03 1.1666516E-04 7.9687127E-03 7.8360234E-02 4.6062270E-02 1.7119779E-04 1.5615931E+00 1.8859549E+01 -6.7510948E-02
3.1381000E+02 2.5927000E+02 8.6700000E+00 4.5300000E+02 10 5.5055178E+01 2.5490207E-01 5.2088390E-01 7.4609598E-03 1.6904485E-02 1.5056421E-02 1.4709910E-02 6.2076905E-04 3.0130999E-04 8.9651020E-03 1.1652140E-04 8.6815150E-03 7.2130364E-02 5.0445399E-02 1.9001965E-04 1.6493295E+00 1.8704549E+01 -5.4088250E-02
3.1381000E+02 2.5927000E+02 8.6700000E+00 4.5400000E+02 10 5.5062263E+01 2.6089642E-01 5.2939204E-01 9.8620853E-03 1.8129500E-02 1.6050536E-02 1.5704183E-02 6.2048673E-04 3.1096785E-04 9.5850346E-03 1.1646841E-04 9.2777274E-03 7.0111090E-02 5.4103501E-02 2.0346546E-04 1.7267364E+00 1.8529923E+01 -4.5458378E-02
3.1381000E+02 2.5927000E+02 8.6700000E+00 4.5900000E+02 10 5.5121143E+01 2.3470871E-01 4.5458534E-01 2.0807059E-02 1.5252158E-02 1.4191459E-02 1.3846661E-02 6.1770058E-04 2.8367889E-04 8.1138084E-03 1.1594544E-04 7.8901683E-03 6.0887084E-02 4.5516455E-02 1.6687697E-04 1.6137315E+00 1.8810867E+01 -5.3265799E-02
3.1381000E+02 2.5927000E+02 8.6700000E+00 4.6400000E+02 10 5.5159403E+01 2.2670998E-01 4.2334048E-01 2.9000179E-02 1.4938261E-02 1.4196833E-02 1.3853528E-02 6.1502517E-04 2.7518159E-04 7.9459679E-03 1.1544325E-04 7.7438935E-03 5.4003127E-02 4.4581880E-02 1.6530581E-04 1.6270664E+00 1.8796132E+01 -4.8878864E-02
3.1381000E+02 2.5927000E+02 8.6700000E+00 4.6900000E+02 10 5.5187220E+01 2.2088431E-01 4.0073492E-01 3.4964386E-02 1.4713783E-02 1.4228582E-02 1.3886553E-02 6.1273798E-04 2.6803303E-04 7.8256803E-03 1.1501393E-04 7.6390054E-03 4.9001051E-02 4.3913508E-02 1.6415098E-04 1.6383970E+00 1.8783024E+01 -4.5636339E-02
3.1381000E+02 2.5927000E+02 8.6700000E+00 4.7400000E+02 10 5.5207524E+01 2.1649309E-01 3.8410113E-01 3.9309964E-02 1.4530798E-02 1.4264587E-02 1.3923751E-02 6.1060276E-04 2.6170218E-04 7.7280000E-03 1.1461314E-04 7.5526785E-03 4.5366028E-02 4.3368536E-02 1.6302557E-04 1.6466444E+00 1.8773612E+01 -4.3348652E-02
3.1381000E+02 2.5927000E+02 8.6700000E+00 4.7900000E+02 10 5.5222515E+01 2.1308520E-01 3.7160910E-01 4.2507099E-02 1.4370974E-02 1.4294112E-02 1.3954445E-02 6.0850686E-04 2.5610838E-04 7.6432678E-03 1.1421973E-04 7.4762779E-03 4.2700991E-02 4.2892364E-02 1.6192008E-04 1.6519028E+00 1.8767743E+01 -4.1781686E-02
3.1381000E+02 2.5927000E+02 8.6700000E+00 4.8100000E+02 10 5.5222515E+01 2.2244018E-01 3.9038188E-01 4.3628552E-02 1.6038512E-02 1.5663354E-02 1.5324154E-02 6.0767090E-04 2.6770490E-04 8.4879573E-03 1.1406282E-04 8.2861911E-03 4.1777656E-02 4.7871467E-02 1.8429515E-04 1.7775429E+00 1.8549267E+01 -3.1550705E-02
3.1381000E+02 2.5927000E+02 8.6700000E+00 4.8200000E+02 10 5.5223457E+01 2.2491797E-01 3.9520871E-01 4.4152989E-02 1.6516240E-02 1.6109024E-02 1.5770058E-02 6.0725321E-04 2.7061865E-04 8.7290702E-03 1.1398441E-04 8.5189774E-03 4.1343976E-02 4.9298173E-02 1.8918955E-04 1.8243430E+00 1.8462767E+01 -2.8379222E-02
3.1381000E+02 2.5927000E+02 8.6700000E+00 4.8700000E+02 10 5.5241420E+01 2.0619628E-01 3.5115777E-01 4.6245283E-02 1.3732539E-02 1.4051811E-02 1.3714187E-02 6.0484773E-04 2.4596802E-04 7.3145235E-03 1.1353289E-04 7.1665334E-03 3.9600428E-02 4.0987282E-02 1.5322064E-04 1.6315785E+00 1.8805094E+01 -4.2366830E-02
3.1381000E+02 2.5927000E+02 8.6700000E+00 4.9200000E+02 10 5.5249336E+01 2.0346697E-01 3.4261440E-01 4.7838819E-02 1.3479749E-02 1.3908556E-02 1.3572181E-02 6.0261047E-04 2.3955011E-04 7.1850414E-03 1.1311295E-04 7.0420688E-03 3.8291233E-02 4.0232914E-02 1.5308379E-04 1.6226541E+00 1.8812357E+01 -4.2638818E-02
3.1381000E+02 2.5927000E+02 8.6700000E+00 4.9700000E+02 10 5.5255135E+01 2.0198691E-01 3.3711402E-01 4.9074612E-02 1.3371109E-02 1.3827760E-02 1.3492532E-02 6.0055463E-04 2.3571776E-04 7.1302805E-03 1.1272706E-04 6.9859804E-03 3.7281909E-02 3.9908380E-02 1.5346853E-04 1.6200627E+00 1.8813049E+01 -4.2448492E-02
3.1381000E+02 2.5927000E+02 8.6700000E+00 5.0200000E+02 10 5.5259613E+01 2.0103373E-01 3.3315072E-01 5.0056860E-02 1.3314580E-02 1.3777530E-02 1.3443424E-02 5.9854651E-04 2.3311900E-04 7.1022413E-03 1.1235012E-04 6.9549335E-03 3.6485275E-02 3.9739348E-02 1.5370874E-04 1.6194963E+00 1.8812392E+01 -4.2160522E-02
3.1381000E+02 2.5927000E+02 8.6700000E+00 5.0500000E+02 10 5.5258359E+01 2.0775790E-01 3.4673737E-01 5.0572337E-02 1.4460520E-02 1.4629754E-02 1.4296319E-02 5.9734345E-04 2.4265408E-04 7.6855010E-03 1.1212430E-04 7.5073148E-03 3.6076063E-02 4.3159966E-02 1.6961417E-04 1.6959752E+00 1.8687475E+01 -3.5507532E-02
3.1381000E+02 2.5927000E+02 8.6700000E+00 5.0600000E+02 10 5.5255745E+01 2.1434733E-01 3.6098876E-01 5.0736542E-02 1.5557209E-02 1.5515886E-02 1.5182674E-02 5.9694225E-04 2.5034339E-04 8.2415200E-03 1.1204900E-04 8.0396848E-03 3.5949798E-02 4.6434566E-02 1.8361767E-04 1.7844674E+00 1.8525187E+01 -2.9205328E-02
3.1381000E+02 2.5927000E+02 8.6700000E+00 5.1100000E+02 10 5.5267245E+01 1.9705936E-01 3.2219397E-01 5.1456917E-02 1.2825855E-02 1.3448232E-02 1.3116382E-02 5.9450321E-04 2.2724427E-04 6.8541712E-03 1.1159118E-04 6.7119729E-03 3.5361015E-02 3.8279977E-02 1.4652202E-04 1.5954837E+00 1.8851163E+01 -4.3942927E-02
3.1381000E+02 2.5927000E+02 8.6700000E+00 5.1600000E+02 10 5.5270200E+01 1.9597084E-01 3.1844497E-01 5.2059935E-02 1.2697316E-02 1.3299277E-02 1.2968719E-02 5.9218890E-04 2.2364675E-04 6.7896314E-03 1.1115677E-04 6.6455221E-03 3.4885291E-02 3.7895989E-02 1.4750134E-04 1.5884492E+00 1.8855931E+01 -4.4406271E-02
3.1381000E+02 2.5927000E+02 8.6700000E+00 5.2100000E+02 10 5.5272393E+01 1.9567318E-01 3.1641106E-01 5.2573803E-02 1.2677133E-02 1.3213498E-02 1.2884151E-02 5.9002041E-04 2.2202039E-04 6.7807812E-03 1.1074973E-04 6.6310138E-03 3.4482716E-02 3.7835211E-02 1.4853788E-04 1.5869616E+00 1.8855421E+01 -4.4364307E-02
3.1381000E+02 2.5927000E+02 8.6700000E+00 5.2600000E+02 10 5.5274209E+01 1.9557393E-01 3.1497052E-01 5.3020471E-02 1.2682711E-02 1.3157042E-02 1.2828887E-02 5.8788573E-04 2.2110955E-04 6.7847431E-03 1.1034904E-04 6.6293550E-03 3.4135605E-02 3.7851423E-02 1.4918276E-04 1.5869525E+00 1.8854234E+01 -4.4204411E-02
3.1381000E+02 2.5927000E+02 8.6700000E+00 5.3100000E+02 10 5.5275807E+01 1.9547815E-01 3.1371354E-01 5.3414650E-02 1.2686853E-02 1.3112822E-02 1.2785856E-02 5.8575328E-04 2.2039962E-04 6.7875659E-03 1.0994877E-04 6.6274774E-03 3.3831865E-02 3.7863475E-02 1.4948660E-04 1.5869908E+00 1.8853606E+01 -4.4060702E-02
3.1381000E+02 2.5927000E+02 8.6700000E+00 5.3600000E+02 10 5.5277246E+01 1.9535304E-01 3.1253428E-01 5.3766683E-02 1.2684877E-02 1.3073899E-02 1.2748121E-02 5.8362577E-04 2.1972783E-04 6.7869620E-03 1.0954943E-04 6.6230049E-03 3.3562844E-02 3.7857352E-02 1.4959326E-04 1.5867675E+00 1.8853561E+01 -4.3958737E-02
3.1381000E+02 2.5927000E+02 8.6700000E+00 5.4100000E+02 10 5.5278553E+01 1.9520884E-01 3.1141971E-01 5.4084118E-02 1.2678291E-02 1.3037846E-02 1.2713248E-02 5.8151227E-04 2.1906188E-04 6.7838000E-03 1.0915271E-04 6.6165592E-03 3.3322176E-02 3.7837517E-02 1.4960360E-04 1.5863161E+00 1.8853899E+01 -4.3891962E-02
3.1381000E+02 2.5927000E+02 8.6700000E+00 5.4600000E+02 10 5.5279745E+01 1.9505973E-01 3.1037479E-01 5.4372622E-02 1.2669264E-02 1.3003910E-02 1.2680480E-02 5.7941992E-04 2.1840821E-04 6.7792516E-03 1.0875997E-04 6.6091177E-03 3.3105085E-02 3.7810417E-02 1.4957248E-04 1.5857276E+00 1.8854441E+01 -4.3849184E-02
3.1381000E+02 2.5927000E+02 8.6700000E+00 5.5100000E+02 10 5.5280834E+01 1.9491512E-01 3.0940270E-01 5.4636540E-02 1.2659336E-02 1.2971854E-02 1.2649578E-02 5.7735294E-04 2.1777849E-04 6.7741440E-03 1.0837199E-04 6.6013826E-03 3.2907922E-02 3.7780639E-02 1.4952562E-04 1.5850744E+00 1.8855077E+01 -4.3821667E-02
3.1381000E+02 2.5927000E+02 8.6700000E+00 5.5600000E+02 10 5.5281833E+01 1.9477998E-01 3.0850254E-01 5.4879267E-02 1.2649404E-02 1.2941563E-02 1.2620425E-02 5.7531344E-04 2.1718223E-04 6.7689578E-03 1.0798916E-04 6.5937638E-03 3.2727852E-02 3.7750855E-02 1.4947459E-04 1.5844019E+00 1.8855743E+01 -4.3803725E-02
3.1381000E+02 2.5927000E+02 8.6700000E+00 5.6100000E+02 10 5.5282752E+01 1.9465621E-01 3.0767047E-01 5.5103501E-02 1.2639918E-02 1.2912930E-02 1.2592914E-02 5.7330222E-04 2.1662406E-04 6.7639400E-03 1.0761165E-04 6.5864617E-03 3.2562634E-02 3.7722407E-02 1.4942391E-04 1.5837347E+00 1.8856411E+01 -4.3791952E-02
3.1381000E+02 2.5927000E+02 8.6700000E+00 5.6600000E+02 10 5.5283599E+01 1.9454442E-01 3.0690167E-01 5.5311422E-02 1.2631095E-02 1.2885837E-02 1.2566928E-02 5.7131937E-04 2.1610560E-04 6.7592149E-03 1.0723946E-04 6.5795670E-03 3.2410468E-02 3.7695942E-02 1.4937561E-04 1.5830860E+00 1.8857061E+01 -4.3784279E-02
3.1381000E+02 2.5927000E+02 8.6700000E+00 5.7100000E+02 10 5.5284382E+01 1.9444419E-01 3.0619081E-01 5.5504818E-02 1.2623003E-02 1.2860161E-02 1.2542343E-02 5.6936452E-04 2.1562489E-04 6.7548270E-03 1.0687252E-04 6.5731024E-03 3.2269882E-02 3.7671664E-02 1.4932956E-04 1.5824612E+00 1.8857692E+01 -4.3779515E-02
3.1381000E+02 2.5927000E+02 8.6700000E+00 5.7600000E+02 10 5.5285108E+01 1.9435472E-01 3.0553266E-01 5.5685186E-02 1.2615638E-02 1.2835782E-02 1.2519041E-02 5.6743709E-04 2.1518073E-04 6.7507825E-03 1.0651073E-04 6.5670564E-03 3.2139654E-02 3.7649560E-02 1.4928681E-04 1.5818620E+00 1.8858296E+01 -4.3776962E-02
3.1381000E+02 2.5927000E+02 8.6700000E+00 5.8100000E+02 10 5.5285782E+01 1.9427511E-01 3.0492239E-01 5.5853788E-02 1.2608960E-02 1.2812587E-02 1.2496907E-02 5.6553636E-04 2.1477031E-04 6.7470690E-03 1.0615396E-04 6.5614001E-03 3.2018754E-02 3.7629508E-02 1.4924666E-04 1.5812877E+00 1.8858876E+01 -4.3776207E-02
3.1381000E+02 2.5927000E+02 8.6700000E+00 5.8200000E+02 10 5.5278295E+01 2.0956843E-01 3.3752808E-01 5.5887048E-02 1.5066680E-02 1.4602957E-02 1.4287488E-02 5.6515728E-04 2.3360349E-04 7.9977608E-03 1.0608280E-04 7.7498011E-03 3.2009345E-02 4.4966483E-02 1.8396616E-04 1.7479736E+00 1.8559430E+01 -3.0259197E-02
3.1381000E+02 2.5927000E+02 8.6700000E+00 5.8700000E+02 10 5.5286864E+01 1.9343253E-01 3.0283560E-01 5.6026505E-02 1.2489809E-02 1.2733588E-02 1.2418570E-02 5.6434919E-04 2.1480570E-04 6.6865731E-03 1.0593112E-04 6.5018464E-03 3.1888708E-02 3.7273609E-02 1.4642660E-04 1.5750526E+00 1.8870625E+01 -4.4329193E-02
3.1381000E+02 2.5927000E+02 8.6700000E+00 5.9200000E+02 10 5.5287482E+01 1.9323082E-01 3.0204169E-01 5.6159142E-02 1.2463968E-02 1.2695053E-02 1.2380296E-02 5.6388205E-04 2.1399390E-04 6.6739101E-03 1.0584343E-04 6.4881577E-03 3.1787292E-02 3.7196384E-02 1.4718514E-04 1.5734502E+00 1.8870429E+01 -4.4438365E-02
3.1381000E+02 2.5927000E+02 8.6700000E+00 5.9700000E+02 10 5.5287904E+01 1.9334576E-01 3.0187837E-01 5.6281738E-02 1.2483936E-02 1.2683226E-02 1.2368656E-02 5.6354598E-04 2.1390649E-04 6.6849744E-03 1.0578035E-04 6.4963263E-03 3.1692972E-02 3.7255767E-02 1.4784557E-04 1.5742563E+00 1.8868199E+01 -4.4314191E-02
3.1381000E+02 2.5927000E+02 8.6700000E+00 6.0200000E+02 10 5.5288280E+01 1.9347791E-01 3.0181621E-01 5.6394884E-02 1.2507978E-02 1.2682608E-02 1.2368208E-02 5.6324221E-04 2.1397660E-04 6.6980108E-03 1.0572333E-04 6.5066381E-03 3.1605862E-02 3.7327364E-02 1.4822044E-04 1.5754499E+00 1.8866145E+01 -4.4156606E-02
3.1381000E+02 2.5927000E+02 8.6700000E+00 6.0700000E+02 10 5.5288657E+01 1.9354507E-01 3.0168136E-01 5.6500338E-02 1.2523519E-02 1.2683737E-02 1.2369518E-02 5.6291658E-04 2.1398514E-04 6.7065449E-03 1.0566221E-04 6.5130177E-03 3.1524963E-02 3.7373651E-02 1.4836135E-04 1.5763170E+00 1.8864845E+01 -4.4034835E-02
3.1381000E+02 2.5927000E+02 8.6700000E+00 6.1200000E+02 10 5.5289038E+01 1.9355268E-01 3.0146087E-01 5.6599574E-02 1.2530480E-02 1.2682819E-02 1.2368807E-02 5.6254804E-04 2.1390551E-04 6.7105934E-03 1.0559303E-04 6.5153266E-03 3.1449301E-02 3.7394368E-02 1.4837271E-04 1.5767717E+00 1.8864183E+01 -4.3956145E-02
3.1381000E+02 2.5927000E+02 8.6700000E+00 6.1700000E+02 10 5.5289415E+01 1.9352471E-01 3.0118427E-01 5.6693622E-02 1.2531742E-02 1.2678947E-02 1.2365167E-02 5.6213187E-04 2.1376028E-04 6.7116734E-03 1.0551492E-04 6.5148878E-03 3.1378120E-02 3.7398088E-02 1.4832524E-04 1.5769120E+00 1.8863949E+01 -4.3910184E-02
3.1381000E+02 2.5927000E+02 8.6700000E+00 6.2200000E+02 10 5.5289781E+01 1.9348020E-01 3.0088014E-01 5.6783176E-02 1.2529859E-02 1.2672339E-02 1.2358818E-02 5.6166911E-04 2.1357890E-04 6.7111199E-03 1.0542805E-04 6.5128946E-03 3.1310877E-02 3.7392418E-02 1.4825725E-04 1.5768478E+00 1.8863979E+01 -4.3885789E-02
3.1381000E+02 2.5927000E+02 8.6700000E+00 6.2700000E+02 10 5.5290133E+01 1.9343111E-01 3.0056807E-01 5.6868723E-02 1.2526507E-02 1.2663540E-02 1.2350301E-02 5.6116195E-04 2.1338602E-04 6.7097989E-03 1.0533286E-04 6.5101463E-03 3.1247177E-02 3.7382359E-02 1.4818696E-04 1.5766608E+00 1.8864154E+01 -4.3874788E-02
3.1381000E+02 2.5927000E+02 8.6700000E+00 6.3200000E+02 10 5.5290468E+01 1.9338373E-01 3.0025951E-01 5.6950619E-02 1.2522650E-02 1.2653104E-02 1.2340172E-02 5.6061227E-04 2.1319543E-04 6.7082035E-03 1.0522968E-04 6.5071068E-03 3.1186724E-02 3.7370784E-02 1.4812089E-04 1.5764032E+00 1.8864414E+01 -4.3871947E-02
3.1381000E+02 2.5927000E+02 8.6700000E+00 6.3700000E+02 10 5.5290786E+01 1.9334108E-01 2.9996060E-01 5.7029143E-02 1.2518795E-02 1.2641502E-02 1.2328900E-02 5.6002148E-04 2.1301507E-04 6.7065904E-03 1.0511879E-04 6.5040272E-03 3.1129283E-02 3.7359212E-02 1.4806144E-04 1.5761070E+00 1.8864715E+01 -4.3874078E-02
3.1381000E+02 2.5927000E+02 8.6700000E+00 6.4200000E+02 10 5.5291088E+01 1.9330417E-01 2.9967416E-01 5.7104525E-02 1.2515184E-02 1.2629106E-02 1.2316856E-02 5.5939073E-04 2.1284849E-04 6.7050798E-03 1.0500039E-04 6.5010282E-03 3.1074660E-02 3.7348363E-02 1.4800837E-04 1.5757909E+00 1.8865034E+01 -4.3879305E-02
3.1381000E+02 2.5927000E+02 8.6700000E+00 6.4700000E+02 10 5.5291374E+01 1.9327309E-01 2.9940125E-01 5.7176965E-02 1.2511911E-02 1.2616199E-02 1.2304322E-02 5.5872124E-04 2.1269581E-04 6.7037163E-03 1.0487472E-04 6.4981614E-03 3.1022680E-02 3.7338519E-02 1.4796054E-04 1.5754654E+00 1.8865363E+01 -4.3886533E-02
3.1381000E+02 2.5927000E+02 8.6700000E+00 6.5000000E+02 10 5.5287793E+01 2.0078782E-01 3.1523924E-01 5.7219409E-02 1.3720928E-02 1.3453764E-02 1.3142119E-02 5.5830587E-04 2.2439858E-04 7.3211796E-03 1.0479676E-04 7.0798207E-03 3.0999436E-02 4.0946954E-02 1.6456417E-04 1.6484618E+00 1.8747281E+01 -3.7312593E-02
