x y z_datum Time Well_no H2O H O Charge Al C Ca Cl Fe K Mg Na S Si U pH pe Alkalinity
3.1381000E+02 2.5927000E+02 8.6700000E+00 0.0000000E+00 10 9.9704301E-01 7.2098600E-06 6.6484776E-04 -3.2324431E-06 0.0000000E+00 1.0067647E-04 6.3262499E-05 4.3211171E-04 0.0000000E+00 2.8240956E-04 5.5605062E-05 2.2967748E-04 1.4127542E-04 0.0000000E+00 0.0000000E+00 7.0300000E+00 1.1068788E+01 7.1999443E-03
3.1381000E+02 2.5927000E+02 8.6700000E+00 5.0000000E+00 10 5.5327969E+01 1.9538397E-02 6.3148755E-02 -3.0219343E-03 0.0000000E+00 7.2431602E-03 1.3640278E-03 1.0532366E-02 0.0000000E+00 6.2417221E-03 1.9769770E-03 8.6330873E-03 1.0599980E-02 0.0000000E+00 0.0000000E+00 2.3546160E+00 1.8031758E+01 -7.1758972E-03
3.1381000E+02 2.5927000E+02 8.6700000E+00 1.0000000E+01 10 5.5308680E+01 3.4258710E-02 1.0737148E-01 -2.7275104E-03 1.1178282E-03 7.7677046E-03 3.1813759E-03 8.2163304E-03 1.5373548E-05 5.4210217E-03 1.5422456E-03 7.2945906E-03 1.9277314E-02 3.3425048E-03 1.6438945E-05 1.9842741E+00 1.8444947E+01 -1.8544651E-02
3.1381000E+02 2.5927000E+02 8.6700000E+00 1.5000000E+01 10 5.5285998E+01 5.9089577E-02 1.5597418E-01 -2.4738775E-03 2.7060859E-03 8.0270015E-03 4.5543648E-03 6.2211701E-03 3.6381577E-05 5.0336903E-03 1.1677442E-03 6.4423663E-03 2.6753273E-02 8.0871962E-03 3.9386310E-05 1.8606253E+00 1.8587369E+01 -2.6204239E-02
3.1381000E+02 2.5927000E+02 8.6700000E+00 2.0000000E+01 10 5.5267744E+01 8.0351225E-02 1.9528445E-01 -2.2854505E-03 4.1178806E-03 8.1984148E-03 5.5531535E-03 4.7389409E-03 5.7141767E-05 4.8662177E-03 8.8952251E-04 5.9186030E-03 3.2307736E-02 1.2303216E-02 5.9504082E-05 1.8045747E+00 1.8652282E+01 -3.1002430E-02
3.1381000E+02 2.5927000E+02 8.6700000E+00 2.5000000E+01 10 5.5254436E+01 9.6267585E-02 2.2434347E-01 -2.1531683E-03 5.2196859E-03 8.3450881E-03 6.2806727E-03 3.6983652E-03 7.4831647E-05 4.8060875E-03 6.9420133E-04 5.6030666E-03 3.6207430E-02 1.5592908E-02 7.4866086E-05 1.7773002E+00 1.8683875E+01 -3.3871451E-02
3.1381000E+02 2.5927000E+02 8.6700000E+00 3.0000000E+01 10 5.5245046E+01 1.0765450E-01 2.4517097E-01 -2.0617696E-03 6.0363368E-03 8.4832035E-03 6.8201159E-03 2.9793935E-03 8.8874074E-05 4.7931807E-03 5.5924681E-04 5.4112726E-03 3.8902028E-02 1.8030988E-02 8.5953841E-05 1.7637670E+00 1.8699576E+01 -3.5556301E-02
3.1381000E+02 2.5927000E+02 8.6700000E+00 3.5000000E+01 10 5.5238474E+01 1.1567887E-01 2.5998701E-01 -1.9984379E-03 6.6280820E-03 8.6154066E-03 7.2304062E-03 2.4812049E-03 9.9588493E-05 4.7975706E-03 4.6573436E-04 5.2906862E-03 4.0769260E-02 1.9797554E-02 9.3771268E-05 1.7570786E+00 1.8707391E+01 -3.6545958E-02
3.1381000E+02 2.5927000E+02 8.6700000E+00 4.0000000E+01 10 5.5233856E+01 1.2132235E-01 2.7056541E-01 -1.9540248E-03 7.0531518E-03 8.7411666E-03 7.5511824E-03 2.1318367E-03 1.0757335E-04 4.8058070E-03 4.0015623E-04 5.2109723E-03 4.2078771E-02 2.1066526E-02 9.9241724E-05 1.7538717E+00 1.8711208E+01 -3.7132895E-02
3.1381000E+02 2.5927000E+02 8.6700000E+00 4.5000000E+01 10 5.5230581E+01 1.2530988E-01 2.7819457E-01 -1.9223429E-03 7.3584039E-03 8.8595138E-03 7.8086432E-03 1.8826169E-03 1.1346636E-04 4.8126621E-03 3.5337645E-04 5.1551482E-03 4.3012948E-02 2.1977816E-02 1.0307474E-04 1.7524539E+00 1.8712974E+01 -3.7485946E-02
3.1381000E+02 2.5927000E+02 8.6700000E+00 5.0000000E+01 10 5.5228227E+01 1.2815353E-01 2.8377694E-01 -1.8992769E-03 7.5788453E-03 8.9697143E-03 8.0201257E-03 1.7011719E-03 1.1780934E-04 4.8166536E-03 3.1931834E-04 5.1137281E-03 4.3693110E-02 2.2635936E-02 1.0577928E-04 1.7519531E+00 1.8713682E+01 -3.7702067E-02
3.1381000E+02 2.5927000E+02 8.6700000E+00 5.5000000E+01 10 5.5226505E+01 1.3020791E-01 2.8793476E-01 -1.8820974E-03 7.7396627E-03 9.0714093E-03 8.1972554E-03 1.5660319E-03 1.2103455E-04 4.8178269E-03 2.9395189E-04 5.0813454E-03 4.4199719E-02 2.3116073E-02 1.0770847E-04 1.7519116E+00 1.8713856E+01 -3.7837322E-02
3.1381000E+02 2.5927000E+02 8.6700000E+00 6.0000000E+01 10 5.5225221E+01 1.3171636E-01 2.9109428E-01 -1.8689898E-03 7.8586127E-03 9.1645948E-03 8.3479956E-03 1.4629236E-03 1.2345945E-04 4.8167392E-03 2.7459796E-04 5.0549083E-03 4.4586267E-02 2.3471231E-02 1.0910425E-04 1.7520877E+00 1.8713770E+01 -3.7924418E-02
3.1381000E+02 2.5927000E+02 8.6700000E+00 6.5000000E+01 10 5.5224242E+01 1.3284489E-01 2.9354695E-01 -1.8587419E-03 7.9480662E-03 9.2495464E-03 8.4779456E-03 1.3823099E-03 1.2531317E-04 4.8140266E-03 2.5946636E-04 5.0325884E-03 4.4888499E-02 2.3738335E-02 1.1013120E-04 1.7523538E+00 1.8713569E+01 -3.7982607E-02
3.1381000E+02 2.5927000E+02 8.6700000E+00 6.6000000E+01 10 5.5218101E+01 1.4502977E-01 3.2245662E-01 -1.8567978E-03 1.0022620E-02 1.1254583E-02 1.0491518E-02 1.3670175E-03 1.4420737E-04 5.8448866E-03 2.5659590E-04 6.0414875E-03 4.4963374E-02 2.9935604E-02 1.4397922E-04 1.9378768E+00 1.8419428E+01 -2.5687959E-02
3.1381000E+02 2.5927000E+02 8.6700000E+00 6.7000000E+01 10 5.5218014E+01 1.4505060E-01 3.2248054E-01 -1.8549514E-03 1.0009046E-02 1.1240905E-02 1.0485948E-02 1.3524922E-03 1.4605271E-04 5.8300402E-03 2.5386944E-04 6.0221659E-03 4.5016684E-02 2.9894724E-02 1.4170086E-04 1.9346776E+00 1.8434601E+01 -2.5877118E-02
3.1381000E+02 2.5927000E+02 8.6700000E+00 7.2000000E+01 10 5.5220468E+01 1.3376591E-01 2.9600140E-01 -1.8154001E-03 7.8265217E-03 9.2047856E-03 8.4826457E-03 1.2937015E-03 1.2629062E-04 4.7002003E-03 2.4283413E-04 4.9004948E-03 4.5775520E-02 2.3375249E-02 1.0614702E-04 1.7261705E+00 1.8894396E+01 -4.0367669E-02
3.1381000E+02 2.5927000E+02 8.6700000E+00 7.7000000E+01 10 5.5215094E+01 1.3642358E-01 3.0184661E-01 -1.7663914E-03 7.9436839E-03 9.2609979E-03 8.5659899E-03 1.2450952E-03 1.3962433E-04 4.7316645E-03 2.3371048E-04 4.9164939E-03 4.6727235E-02 2.3724638E-02 1.3422110E-04 1.7141591E+00 1.8969702E+01 -4.1665352E-02
3.1381000E+02 2.5927000E+02 8.6700000E+00 8.2000000E+01 10 5.5210130E+01 1.3929141E-01 3.0801991E-01 -1.7236774E-03 8.1284991E-03 9.3529220E-03 8.6807726E-03 1.2041443E-03 1.5795875E-04 4.8022861E-03 2.2602380E-04 4.9712152E-03 4.7564774E-02 2.4275815E-02 1.6661668E-04 1.7088972E+00 1.9007241E+01 -4.2372591E-02
3.1381000E+02 2.5927000E+02 8.6700000E+00 8.7000000E+01 10 5.5206287E+01 1.4165334E-01 3.1310837E-01 -1.6911562E-03 8.2962138E-03 9.4443918E-03 8.7918210E-03 1.1690695E-03 1.7514084E-04 4.8674662E-03 2.1944009E-04 5.0227520E-03 4.8213757E-02 2.4776039E-02 1.9432196E-04 1.7065997E+00 1.9027126E+01 -4.2771714E-02
3.1381000E+02 2.5927000E+02 8.6700000E+00 9.1000000E+01 10 5.5202440E+01 1.4613937E-01 3.2325764E-01 -1.6711387E-03 8.9112589E-03 9.9552829E-03 9.3166610E-03 1.1440804E-03 1.9831535E-04 5.1632753E-03 2.1474952E-04 5.3023037E-03 4.8636054E-02 2.6612392E-02 2.3024576E-04 1.7398838E+00 1.8998245E+01 -4.0043568E-02
3.1381000E+02 2.5927000E+02 8.6700000E+00 9.2000000E+01 10 5.5197263E+01 1.5582932E-01 3.4590321E-01 -1.6664939E-03 1.0525682E-02 1.1438042E-02 1.0802806E-02 1.1380151E-03 2.3655723E-04 5.9707835E-03 2.1361102E-04 6.0900593E-03 4.8786657E-02 3.1434475E-02 2.9716617E-04 1.8677825E+00 1.8855630E+01 -3.0714519E-02
3.1381000E+02 2.5927000E+02 8.6700000E+00 9.7000000E+01 10 5.5197445E+01 1.4451262E-01 3.2052495E-01 -2.1739845E-03 8.3103050E-03 9.4414741E-03 8.8211370E-03 1.1113234E-03 1.9645469E-04 4.8417669E-03 2.0860087E-04 4.9805130E-03 4.9894148E-02 2.4817367E-02 2.2062405E-04 1.6825825E+00 1.9078444E+01 -4.5528886E-02
3.1381000E+02 2.5927000E+02 8.6700000E+00 1.0200000E+02 10 5.5189516E+01 1.4756174E-01 3.2824220E-01 -2.8616716E-03 8.4571886E-03 9.5016788E-03 8.8945918E-03 1.0875862E-03 2.0775462E-04 4.9033584E-03 2.0414528E-04 5.0309298E-03 5.1280487E-02 2.5255315E-02 2.3997086E-04 1.6737351E+00 1.9099683E+01 -4.6863620E-02
3.1381000E+02 2.5927000E+02 8.6700000E+00 1.0700000E+02 10 5.5182550E+01 1.5055753E-01 3.3560261E-01 -3.4654593E-03 8.6417657E-03 9.5842420E-03 8.9890445E-03 1.0662862E-03 2.1969441E-04 4.9857047E-03 2.0014716E-04 5.1014044E-03 5.2469730E-02 2.5805698E-02 2.5766279E-04 1.6696031E+00 1.9112510E+01 -4.7692956E-02
3.1381000E+02 2.5927000E+02 8.6700000E+00 1.1200000E+02 10 5.5177262E+01 1.5295752E-01 3.4144416E-01 -3.9169915E-03 8.8022966E-03 9.6626604E-03 9.0782154E-03 1.0470234E-03 2.3040420E-04 5.0567893E-03 1.9653143E-04 5.1622121E-03 5.3370260E-02 2.6284421E-02 2.7200574E-04 1.6676881E+00 1.9120042E+01 -4.8206824E-02
3.1381000E+02 2.5927000E+02 8.6700000E+00 1.1700000E+02 10 5.5173460E+01 1.5474738E-01 3.4578996E-01 -4.2341666E-03 8.9269269E-03 9.7299054E-03 9.1552514E-03 1.0294829E-03 2.3924629E-04 5.1103569E-03 1.9323901E-04 5.2074070E-03 5.4022856E-02 2.6656119E-02 2.8287595E-04 1.6667909E+00 1.9124508E+01 -4.8531830E-02
3.1381000E+02 2.5927000E+02 8.6700000E+00 1.2200000E+02 10 5.5170758E+01 1.5605923E-01 3.4897985E-01 -4.4527188E-03 9.0205855E-03 9.7865577E-03 9.2208735E-03 1.0134136E-03 2.4629500E-04 5.1488151E-03 1.9022271E-04 5.2391031E-03 5.4493359E-02 2.6935473E-02 2.9088591E-04 1.6663827E+00 1.9127201E+01 -4.8742440E-02
3.1381000E+02 2.5927000E+02 8.6700000E+00 1.2400000E+02 10 5.5164750E+01 1.6677132E-01 3.7330922E-01 -4.5266712E-03 1.0759135E-02 1.1246034E-02 1.0683815E-02 1.0072065E-03 2.9248688E-04 6.0220478E-03 1.8905762E-04 6.0835889E-03 5.4723118E-02 3.2126991E-02 3.6712888E-04 1.7759304E+00 1.9006613E+01 -3.9011640E-02
3.1381000E+02 2.5927000E+02 8.6700000E+00 1.2500000E+02 10 5.5162877E+01 1.6989493E-01 3.8061936E-01 -4.5605614E-03 1.1266874E-02 1.1711008E-02 1.1150491E-02 1.0041565E-03 3.0683604E-04 6.2757136E-03 1.8848511E-04 6.3299379E-03 5.4817805E-02 3.3643374E-02 3.8681946E-04 1.8134772E+00 1.8965951E+01 -3.6138437E-02
3.1381000E+02 2.5927000E+02 8.6700000E+00 1.3000000E+02 10 5.5168511E+01 1.5623254E-01 3.5007330E-01 -4.6746099E-03 8.9410508E-03 9.7580875E-03 9.2054659E-03 9.9001211E-04 2.5090637E-04 5.0950467E-03 1.8583014E-04 5.1807244E-03 5.4998121E-02 2.6697739E-02 2.8667475E-04 1.6566448E+00 1.9140720E+01 -4.9909931E-02
3.1381000E+02 2.5927000E+02 8.6700000E+00 1.3100000E+02 10 5.5161288E+01 1.7039955E-01 3.8211860E-01 -4.6955804E-03 1.1274997E-02 1.1733432E-02 1.1182392E-02 9.8717868E-04 3.1170588E-04 6.2697636E-03 1.8529829E-04 6.3199891E-03 5.5147922E-02 3.3667650E-02 3.9610977E-04 1.8090920E+00 1.8971153E+01 -3.6560991E-02
3.1381000E+02 2.5927000E+02 8.6700000E+00 1.3200000E+02 10 5.5161060E+01 1.7045737E-01 3.8223304E-01 -4.7149423E-03 1.1270281E-02 1.1724106E-02 1.1174617E-02 9.8440158E-04 3.1172262E-04 6.2663372E-03 1.8477702E-04 6.3146472E-03 5.5190865E-02 3.3653241E-02 3.8999299E-04 1.8077278E+00 1.8973820E+01 -3.6677340E-02
3.1381000E+02 2.5927000E+02 8.6700000E+00 1.3700000E+02 10 5.5160551E+01 1.5825196E-01 3.5614723E-01 -5.8985244E-03 8.9549407E-03 9.7796890E-03 9.2376436E-03 9.7106507E-04 2.5491015E-04 5.0913231E-03 1.8227369E-04 5.1713453E-03 5.6597716E-02 2.6738934E-02 2.8947951E-04 1.6445689E+00 1.9131615E+01 -5.1789715E-02
3.1381000E+02 2.5927000E+02 8.6700000E+00 1.4200000E+02 10 5.5150170E+01 1.6195891E-01 3.6585045E-01 -7.4768941E-03 9.1601928E-03 9.8918436E-03 9.3568755E-03 9.5838637E-04 2.5455867E-04 5.1888187E-03 1.7989383E-04 5.2594714E-03 5.8541364E-02 2.7351235E-02 2.9210600E-04 1.6397981E+00 1.9097580E+01 -5.3063847E-02
3.1381000E+02 2.5927000E+02 8.6700000E+00 1.4700000E+02 10 5.5140728E+01 1.6566541E-01 3.7521054E-01 -8.8839619E-03 9.4003698E-03 1.0021822E-02 9.4935243E-03 9.4643646E-04 2.4872949E-04 5.3047243E-03 1.7765078E-04 5.3648094E-03 6.0257510E-02 2.8067647E-02 2.8168703E-04 1.6382015E+00 1.9052540E+01 -5.3907793E-02
3.1381000E+02 2.5927000E+02 8.6700000E+00 1.5200000E+02 10 5.5133420E+01 1.6864404E-01 3.8263315E-01 -9.9578630E-03 9.6024466E-03 1.0136147E-02 9.6141225E-03 9.3519766E-04 2.3943805E-04 5.4014607E-03 1.7554120E-04 5.4525585E-03 6.1565358E-02 2.8670434E-02 2.6316920E-04 1.6376994E+00 1.9004118E+01 -5.4467846E-02
3.1381000E+02 2.5927000E+02 8.6700000E+00 1.5700000E+02 10 5.5128102E+01 1.7086039E-01 3.8811720E-01 -1.0728602E-02 9.7554692E-03 1.0228003E-02 9.7118834E-03 9.2462028E-04 2.2904353E-04 5.4733949E-03 1.7355577E-04 5.5174206E-03 6.2507897E-02 2.9126920E-02 2.4168978E-04 1.6375319E+00 1.8957509E+01 -5.4845339E-02
3.1381000E+02 2.5927000E+02 8.6700000E+00 1.6200000E+02 10 5.5124294E+01 1.7247657E-01 3.9209887E-01 -1.1271461E-02 9.8680499E-03 1.0300405E-02 9.7898504E-03 9.1464927E-04 2.1911371E-04 5.5249360E-03 1.7168417E-04 5.5634409E-03 6.3178452E-02 2.9462781E-02 2.2069730E-04 1.6374741E+00 1.8916782E+01 -5.5103581E-02
3.1381000E+02 2.5927000E+02 8.6700000E+00 1.6700000E+02 10 5.5121555E+01 1.7366016E-01 3.9500903E-01 -1.1654318E-02 9.9510299E-03 1.0358083E-02 9.8527852E-03 9.0523201E-04 2.1041509E-04 5.5616281E-03 1.6991650E-04 5.5957454E-03 6.3659409E-02 2.9710349E-02 2.0201431E-04 1.6374628E+00 1.8884816E+01 -5.5282979E-02
3.1381000E+02 2.5927000E+02 8.6700000E+00 1.6800000E+02 10 5.5113774E+01 1.8850319E-01 4.2783754E-01 -1.1725009E-02 1.2351534E-02 1.2318981E-02 1.1814723E-02 9.0337030E-04 2.3319475E-04 6.7724580E-03 1.6956705E-04 6.7660437E-03 6.3771299E-02 3.6878367E-02 2.4287321E-04 1.7761607E+00 1.8658903E+01 -4.1735873E-02
3.1381000E+02 2.5927000E+02 8.6700000E+00 1.6900000E+02 10 5.5113381E+01 1.8854701E-01 4.2796552E-01 -1.1790309E-02 1.2339337E-02 1.2303417E-02 1.1800186E-02 9.0152990E-04 2.3317257E-04 6.7658381E-03 1.6922160E-04 6.7577766E-03 6.3851832E-02 3.6841592E-02 2.3498591E-04 1.7742333E+00 1.8660726E+01 -4.1928500E-02
3.1381000E+02 2.5927000E+02 8.6700000E+00 1.7400000E+02 10 5.5126920E+01 1.6680841E-01 3.8978723E-01 -1.5979019E-02 9.8139611E-03 1.0283387E-02 9.7850211E-03 8.9281410E-04 1.9992918E-04 5.4849405E-03 1.6758560E-04 5.5187381E-03 6.2825645E-02 2.9300957E-02 1.7428122E-04 1.6900162E+00 1.8810433E+01 -5.0007944E-02
3.1381000E+02 2.5927000E+02 8.6700000E+00 1.7500000E+02 10 5.5122034E+01 1.7810818E-01 4.1820590E-01 -1.6978779E-02 1.1964678E-02 1.2221968E-02 1.1724565E-02 8.9109001E-04 2.1949475E-04 6.5652976E-03 1.6726198E-04 6.5726294E-03 6.2587438E-02 3.5725040E-02 2.1085823E-04 1.8531923E+00 1.8552623E+01 -3.5879087E-02
3.1381000E+02 2.5927000E+02 8.6700000E+00 1.7600000E+02 10 5.5124244E+01 1.7547010E-01 4.1546357E-01 -1.8118933E-02 1.1845038E-02 1.2192743E-02 1.1696291E-02 8.8938464E-04 2.1836775E-04 6.5025483E-03 1.6694187E-04 6.5144328E-03 6.2275675E-02 3.5368324E-02 2.0412945E-04 1.8707068E+00 1.8539446E+01 -3.4655477E-02
3.1381000E+02 2.5927000E+02 8.6700000E+00 1.8100000E+02 10 5.5077746E+01 1.6916444E-01 4.2112873E-01 -2.8620344E-02 9.2547384E-03 1.0184007E-02 9.6920765E-03 8.8128458E-04 1.8490014E-04 5.1870936E-03 1.6542145E-04 5.2468545E-03 7.2390490E-02 2.7634831E-02 1.5165419E-04 1.6450904E+00 1.8845779E+01 -5.9097208E-02
3.1381000E+02 2.5927000E+02 8.6700000E+00 1.8600000E+02 10 5.4996924E+01 1.8918846E-01 4.8284863E-01 -3.9692577E-02 9.4439073E-03 1.0233877E-02 9.7462508E-03 8.7357419E-04 1.8134115E-04 5.2807311E-03 1.6397417E-04 5.3295506E-03 8.7239136E-02 2.8198440E-02 1.4935537E-04 1.5529359E+00 1.8927498E+01 -7.7125031E-02
3.1381000E+02 2.5927000E+02 8.6700000E+00 1.9100000E+02 10 5.4921587E+01 2.1151687E-01 5.4408440E-01 -4.8836489E-02 1.0023144E-02 1.0317603E-02 9.8340821E-03 8.6622019E-04 1.8553502E-04 5.5792896E-03 1.6259379E-04 5.5933748E-03 1.0078619E-01 2.9923208E-02 1.5150134E-04 1.4904344E+00 1.8982616E+01 -9.2856917E-02
3.1381000E+02 2.5927000E+02 8.6700000E+00 1.9600000E+02 10 5.4862825E+01 2.3063482E-01 5.9384321E-01 -5.5619516E-02 1.0691074E-02 1.0398778E-02 9.9191794E-03 8.5919277E-04 1.9397300E-04 5.9251492E-03 1.6127471E-04 5.8978860E-03 1.1119938E-01 3.1911724E-02 1.5462115E-04 1.4529066E+00 1.9015404E+01 -1.0428776E-01
3.1381000E+02 2.5927000E+02 8.6700000E+00 2.0100000E+02 10 5.4820123E+01 2.4540773E-01 6.3116207E-01 -6.0442416E-02 1.1300369E-02 1.0468412E-02 9.9925687E-03 8.5246531E-04 2.0418688E-04 6.2408218E-03 1.6001193E-04 6.1749779E-03 1.1868237E-01 3.3725544E-02 1.5733532E-04 1.4308948E+00 1.9034505E+01 -1.1201946E-01
3.1381000E+02 2.5927000E+02 8.6700000E+00 2.0600000E+02 10 5.4789812E+01 2.5638339E-01 6.5836536E-01 -6.3835676E-02 1.1807277E-02 1.0527778E-02 1.0055536E-02 8.4601403E-04 2.1466135E-04 6.5031237E-03 1.5880099E-04 6.4046244E-03 1.2394622E-01 3.5234566E-02 1.5936204E-04 1.4179540E+00 1.9045636E+01 -1.1712383E-01
3.1381000E+02 2.5927000E+02 8.6700000E+00 2.1100000E+02 10 5.4768331E+01 2.6444655E-01 6.7810317E-01 -6.6235040E-02 1.2212597E-02 1.0580044E-02 1.0111260E-02 8.3981767E-04 2.2449803E-04 6.7123319E-03 1.5763791E-04 6.5873367E-03 1.2764948E-01 3.6441224E-02 1.6077207E-04 1.4102850E+00 1.9052134E+01 -1.2048519E-01
3.1381000E+02 2.5927000E+02 8.6700000E+00 2.1600000E+02 10 5.4752971E+01 2.7038128E-01 6.9252148E-01 -6.7953424E-02 1.2531540E-02 1.0627736E-02 1.0162279E-02 8.3385718E-04 2.3324587E-04 6.8763340E-03 1.5651909E-04 6.7302427E-03 1.3028203E-01 3.7390813E-02 1.6170804E-04 1.4057123E+00 1.9055915E+01 -1.2271542E-01
3.1381000E+02 2.5927000E+02 8.6700000E+00 2.2100000E+02 10 5.4741829E+01 2.7478787E-01 7.0318969E-01 -6.9205337E-02 1.2781631E-02 1.0672418E-02 1.0210167E-02 8.2811544E-04 2.4077300E-04 7.0042628E-03 1.5544134E-04 6.8415045E-03 1.3218320E-01 3.8135498E-02 1.6230304E-04 1.4029850E+00 1.9058086E+01 -1.2421360E-01
3.1381000E+02 2.5927000E+02 8.6700000E+00 2.2600000E+02 10 5.4733603E+01 2.7810237E-01 7.1121477E-01 -7.0135744E-02 1.2978520E-02 1.0714941E-02 1.0255781E-02 8.2257704E-04 2.4713324E-04 7.1043000E-03 1.5440176E-04 6.9283821E-03 1.3358276E-01 3.8721855E-02 1.6266094E-04 1.4013719E+00 1.9059297E+01 -1.2523562E-01
3.1381000E+02 2.5927000E+02 8.6700000E+00 2.3100000E+02 10 5.4727406E+01 2.8063516E-01 7.1736756E-01 -7.0842420E-02 1.3134902E-02 1.0755719E-02 1.0299545E-02 8.1722806E-04 2.5246805E-04 7.1831014E-03 1.5339773E-04 6.9967403E-03 1.3463547E-01 3.9187659E-02 1.6285981E-04 1.4004382E+00 1.9059934E+01 -1.2594541E-01
3.1381000E+02 2.5927000E+02 8.6700000E+00 2.3600000E+02 10 5.4722635E+01 2.8260519E-01 7.2218271E-01 -7.1391496E-02 1.3260592E-02 1.0794939E-02 1.0341652E-02 8.1205590E-04 2.5694409E-04 7.2458270E-03 1.5242689E-04 7.0510964E-03 1.3544572E-01 3.9562116E-02 1.6295277E-04 1.3999212E+00 1.9060234E+01 -1.2644852E-01
3.1381000E+02 2.5927000E+02 8.6700000E+00 2.4100000E+02 10 5.4718880E+01 2.8416642E-01 7.2603114E-01 -7.1827937E-02 1.3362985E-02 1.0832673E-02 1.0382181E-02 8.0704911E-04 2.6072255E-04 7.2963728E-03 1.5148709E-04 7.0948410E-03 1.3608424E-01 3.9867227E-02 1.6297967E-04 1.3996596E+00 1.9060336E+01 -1.2681337E-01
3.1381000E+02 2.5927000E+02 8.6700000E+00 2.4600000E+02 10 5.4715859E+01 2.8542710E-01 7.2917095E-01 -7.2182533E-02 1.3447576E-02 1.0868951E-02 1.0421167E-02 8.0219726E-04 2.6394295E-04 7.3376390E-03 1.5057637E-04 7.1304859E-03 1.3659922E-01 4.0119340E-02 1.6296683E-04 1.3995541E+00 1.9060324E+01 -1.2708461E-01
3.1381000E+02 2.5927000E+02 8.6700000E+00 2.5100000E+02 10 5.4713378E+01 2.8646369E-01 7.3178282E-01 -7.2476558E-02 1.3518426E-02 1.0903785E-02 1.0458629E-02 7.9749083E-04 2.6671884E-04 7.3717699E-03 1.4969295E-04 7.1598849E-03 1.3702375E-01 4.0330539E-02 1.6293176E-04 1.3995426E+00 1.9060250E+01 -1.2729164E-01
3.1381000E+02 2.5927000E+02 8.6700000E+00 2.5600000E+02 10 5.4711299E+01 2.8733052E-01 7.3399429E-01 -7.2724881E-02 1.3578543E-02 1.0937192E-02 1.0494586E-02 7.9292111E-04 2.6913852E-04 7.4003520E-03 1.4883519E-04 7.1844080E-03 1.3738079E-01 4.0509767E-02 1.6288558E-04 1.3995865E+00 1.9060145E+01 -1.2745393E-01
3.1381000E+02 2.5927000E+02 8.6700000E+00 2.6100000E+02 10 5.4709529E+01 2.8806658E-01 7.3589642E-01 -7.2938033E-02 1.3630159E-02 1.0969190E-02 1.0529063E-02 7.8848011E-04 2.7126959E-04 7.4245630E-03 1.4800159E-04 7.2050731E-03 1.3768645E-01 4.0663675E-02 1.6283555E-04 1.3996616E+00 1.9060028E+01 -1.2758457E-01
3.1381000E+02 2.5927000E+02 8.6700000E+00 2.6400000E+02 10 5.4703546E+01 2.9854391E-01 7.5687172E-01 -7.3055100E-02 1.5179890E-02 1.1891974E-02 1.1453309E-02 7.8586022E-04 2.8888233E-04 8.2162351E-03 1.4750983E-04 7.9463178E-03 1.3786126E-01 4.5286637E-02 1.8343851E-04 1.4359213E+00 1.8981569E+01 -1.1962477E-01
3.1381000E+02 2.5927000E+02 8.6700000E+00 2.6500000E+02 10 5.4698245E+01 3.0869375E-01 7.7712410E-01 -7.3092982E-02 1.6702851E-02 1.2827760E-02 1.2389580E-02 7.8499183E-04 3.0363803E-04 8.9940013E-03 1.4734683E-04 8.6777055E-03 1.3792203E-01 4.9830358E-02 2.0297058E-04 1.4744323E+00 1.8879899E+01 -1.1159806E-01
3.1381000E+02 2.5927000E+02 8.6700000E+00 2.7000000E+02 10 5.4706402E+01 2.9057413E-01 7.4177624E-01 -7.3225325E-02 1.3948964E-02 1.1202934E-02 1.0766027E-02 7.8271176E-04 2.8269169E-04 7.5845668E-03 1.4691885E-04 7.3530509E-03 1.3809481E-01 4.1614731E-02 1.6339340E-04 1.4060270E+00 1.9051987E+01 -1.2634896E-01
3.1381000E+02 2.5927000E+02 8.6700000E+00 2.7500000E+02 10 5.4703779E+01 2.9414505E-01 7.4918628E-01 -7.3355239E-02 1.4452297E-02 1.1525434E-02 1.1090662E-02 7.7888704E-04 2.8786705E-04 7.8396387E-03 1.4620093E-04 7.5917714E-03 1.3828441E-01 4.3116447E-02 1.7055526E-04 1.4173698E+00 1.9027621E+01 -1.2389374E-01
3.1381000E+02 2.5927000E+02 8.6700000E+00 2.8000000E+02 10 5.4701512E+01 2.9711689E-01 7.5547782E-01 -7.3476135E-02 1.4871655E-02 1.1813264E-02 1.1380734E-02 7.7486928E-04 2.9349602E-04 8.0513538E-03 1.4544678E-04 7.7903820E-03 1.3846073E-01 4.4367799E-02 1.7426700E-04 1.4270790E+00 1.9010790E+01 -1.2183660E-01
3.1381000E+02 2.5927000E+02 8.6700000E+00 2.8500000E+02 10 5.4699695E+01 2.9930599E-01 7.6031293E-01 -7.3587744E-02 1.5181722E-02 1.2052163E-02 1.1621852E-02 7.7089398E-04 2.9851920E-04 8.2068319E-03 1.4470059E-04 7.9370104E-03 1.3862341E-01 4.5293303E-02 1.7602679E-04 1.4344700E+00 1.8999883E+01 -1.2030650E-01
3.1381000E+02 2.5927000E+02 8.6700000E+00 2.8900000E+02 10 5.4696141E+01 3.0535463E-01 7.7280634E-01 -7.3671276E-02 1.6087598E-02 1.2656139E-02 1.2227555E-02 7.6779939E-04 3.0974112E-04 8.6674150E-03 1.4411972E-04 8.3706397E-03 1.3874823E-01 4.7996341E-02 1.8575151E-04 1.4570911E+00 1.8954289E+01 -1.1555513E-01
3.1381000E+02 2.5927000E+02 8.6700000E+00 2.9000000E+02 10 5.4688516E+01 3.2040290E-01 8.0306490E-01 -7.3691804E-02 1.8370349E-02 1.4112925E-02 1.3684770E-02 7.6703179E-04 3.2903178E-04 9.8319919E-03 1.4397564E-04 9.4693404E-03 1.3878719E-01 5.4807814E-02 2.1361646E-04 1.5184599E+00 1.8776769E+01 -1.0334708E-01
3.1381000E+02 2.5927000E+02 8.6700000E+00 2.9500000E+02 10 5.4741140E+01 2.8970394E-01 7.3174009E-01 -6.8482955E-02 1.5333280E-02 1.2289627E-02 1.1863526E-02 7.6335181E-04 3.0694015E-04 8.2779199E-03 1.4328489E-04 8.0061615E-03 1.3090629E-01 4.5746633E-02 1.7258564E-04 1.4747515E+00 1.8965969E+01 -1.0864180E-01
3.1381000E+02 2.5927000E+02 8.6700000E+00 3.0000000E+02 10 5.4807052E+01 2.7234359E-01 6.8214755E-01 -6.0488996E-02 1.5204230E-02 1.2397128E-02 1.1973003E-02 7.5981250E-04 3.0478921E-04 8.2048195E-03 1.4262054E-04 7.9476725E-03 1.1883650E-01 4.5364396E-02 1.7222676E-04 1.5356983E+00 1.8901071E+01 -9.2463673E-02
3.1381000E+02 2.5927000E+02 8.6700000E+00 3.0100000E+02 10 5.4812495E+01 2.8558358E-01 7.0702327E-01 -5.8809283E-02 1.7818535E-02 1.4321837E-02 1.3898105E-02 7.5911011E-04 3.2652933E-04 9.5309525E-03 1.4248870E-04 9.2157358E-03 1.1631395E-01 5.3169077E-02 2.0752517E-04 1.6444230E+00 1.8649533E+01 -7.4484399E-02
3.1381000E+02 2.5927000E+02 8.6700000E+00 3.0200000E+02 10 5.4827092E+01 2.8108451E-01 6.9511284E-01 -5.7084019E-02 1.7692327E-02 1.4329659E-02 1.3906316E-02 7.5841301E-04 3.2846830E-04 9.4639581E-03 1.4235785E-04 9.1571164E-03 1.1370850E-01 5.2793610E-02 2.0419883E-04 1.6602464E+00 1.8648313E+01 -7.1433903E-02
3.1381000E+02 2.5927000E+02 8.6700000E+00 3.0300000E+02 10 5.4843389E+01 2.7553278E-01 6.8092916E-01 -5.5192733E-02 1.7466166E-02 1.4300484E-02 1.3876673E-02 7.5924942E-04 3.3048767E-04 9.3464805E-03 1.4251485E-04 9.0520870E-03 1.1085115E-01 5.2120074E-02 1.9989439E-04 1.6751931E+00 1.8650324E+01 -6.8522103E-02
3.1381000E+02 2.5927000E+02 8.6700000E+00 3.0800000E+02 10 5.4919306E+01 2.3583732E-01 5.8636897E-01 -4.7352509E-02 1.3866188E-02 1.2153185E-02 1.1729195E-02 7.5957179E-04 2.9324518E-04 7.5060833E-03 1.4257536E-04 7.3228365E-03 9.8990020E-02 4.1379892E-02 1.5379169E-04 1.6248563E+00 1.8833358E+01 -7.1370504E-02
3.1381000E+02 2.5927000E+02 8.6700000E+00 3.1300000E+02 10 5.4969432E+01 2.1841403E-01 5.4214769E-01 -4.1566770E-02 1.3108470E-02 1.2048981E-02 1.1623739E-02 7.6181364E-04 2.7766402E-04 7.1105310E-03 1.4299617E-04 6.9723955E-03 9.0242824E-02 3.9123861E-02 1.4953418E-04 1.6680554E+00 1.8787384E+01 -6.2769694E-02
3.1381000E+02 2.5927000E+02 8.6700000E+00 3.1800000E+02 10 5.5005355E+01 2.0554422E-01 5.1019908E-01 -3.7447628E-02 1.2522466E-02 1.2028184E-02 1.1601083E-02 7.6514348E-04 2.6353356E-04 6.8043089E-03 1.4362119E-04 6.7041100E-03 8.4009989E-02 3.7379444E-02 1.4570524E-04 1.7022342E+00 1.8750717E+01 -5.6729678E-02
3.1381000E+02 2.5927000E+02 8.6700000E+00 3.2300000E+02 10 5.5030984E+01 1.9589991E-01 4.8690367E-01 -3.4541808E-02 1.2042452E-02 1.2038284E-02 1.1609228E-02 7.6864737E-04 2.5049320E-04 6.5535516E-03 1.4427889E-04 6.4853378E-03 7.9608942E-02 3.5950481E-02 1.4212138E-04 1.7267301E+00 1.8724770E+01 -5.2688246E-02
3.1381000E+02 2.5927000E+02 8.6700000E+00 3.2800000E+02 10 5.5049363E+01 1.8858934E-01 4.6971028E-01 -3.2486263E-02 1.1642352E-02 1.2054398E-02 1.1623530E-02 7.7189313E-04 2.3871191E-04 6.3447888E-03 1.4488814E-04 6.3030884E-03 7.6492368E-02 3.4759196E-02 1.3892548E-04 1.7430672E+00 1.8707726E+01 -5.0054392E-02
3.1381000E+02 2.5927000E+02 8.6700000E+00 3.2900000E+02 10 5.5046580E+01 1.9965779E-01 4.9519575E-01 -3.2106432E-02 1.3663081E-02 1.3947368E-02 1.3516144E-02 7.7252923E-04 2.5490681E-04 7.3610857E-03 1.4500754E-04 7.2956039E-03 7.5932237E-02 4.0795754E-02 1.7028032E-04 1.8871065E+00 1.8440415E+01 -3.7275949E-02
3.1381000E+02 2.5927000E+02 8.6700000E+00 3.3000000E+02 10 5.5049824E+01 1.9819793E-01 4.9184460E-01 -3.1755331E-02 1.3564011E-02 1.3930063E-02 1.3498493E-02 7.7315022E-04 2.5429870E-04 7.3102575E-03 1.4512410E-04 7.2491098E-03 7.5398686E-02 4.0500287E-02 1.6747060E-04 1.8892342E+00 1.8451113E+01 -3.6991880E-02
3.1381000E+02 2.5927000E+02 8.6700000E+00 3.3500000E+02 10 5.5042593E+01 1.8864612E-01 4.6853018E-01 -3.0983539E-02 1.1005328E-02 1.1950018E-02 1.1516973E-02 7.7579343E-04 2.2419740E-04 6.0153738E-03 1.4562024E-04 6.0071456E-03 7.8145856E-02 3.2860449E-02 1.3081408E-04 1.6733134E+00 1.8786609E+01 -5.7716959E-02
3.1381000E+02 2.5927000E+02 8.6700000E+00 3.4000000E+02 10 5.5013383E+01 1.9988718E-01 4.9031314E-01 -3.0767823E-02 1.1048606E-02 1.1935329E-02 1.1501070E-02 7.7796631E-04 2.1943632E-04 6.0401008E-03 1.4602810E-04 6.0278663E-03 8.3471089E-02 3.2988490E-02 1.3389667E-04 1.5968469E+00 1.8858963E+01 -6.8566402E-02
3.1381000E+02 2.5927000E+02 8.6700000E+00 3.4500000E+02 10 5.4983474E+01 2.1317177E-01 5.1558572E-01 -3.0743963E-02 1.1409577E-02 1.1954535E-02 1.1519312E-02 7.7969332E-04 2.2081079E-04 6.2314298E-03 1.4635227E-04 6.1954666E-03 8.8705768E-02 3.4062445E-02 1.3899652E-04 1.5431994E+00 1.8909323E+01 -7.7693780E-02
3.1381000E+02 2.5927000E+02 8.6700000E+00 3.5000000E+02 10 5.4959069E+01 2.2498076E-01 5.3766087E-01 -3.0749451E-02 1.1861958E-02 1.1979007E-02 1.1543048E-02 7.8101332E-04 2.2527413E-04 6.4706734E-03 1.4660004E-04 6.4049265E-03 9.2866232E-02 3.5408508E-02 1.4401995E-04 1.5093948E+00 1.8941076E+01 -8.4240975E-02
3.1381000E+02 2.5927000E+02 8.6700000E+00 3.5500000E+02 10 5.4940949E+01 2.3433356E-01 5.5486416E-01 -3.0736886E-02 1.2287523E-02 1.1998344E-02 1.1561850E-02 7.8197043E-04 2.3103297E-04 6.6955973E-03 1.4677970E-04 6.6017056E-03 9.5891086E-02 3.6674779E-02 1.4817800E-04 1.4886918E+00 1.8960656E+01 -8.8625966E-02
3.1381000E+02 2.5927000E+02 8.6700000E+00 3.6000000E+02 10 5.4928025E+01 2.4137734E-01 5.6762397E-01 -3.0701975E-02 1.2645435E-02 1.2011290E-02 1.1574440E-02 7.8260893E-04 2.3710837E-04 6.8846714E-03 1.4689955E-04 6.7670593E-03 9.8009456E-02 3.7739745E-02 1.5138507E-04 1.4760325E+00 1.8972725E+01 -9.1482606E-02
3.1381000E+02 2.5927000E+02 8.6700000E+00 3.6500000E+02 10 5.4918943E+01 2.4657108E-01 5.7689713E-01 -3.0651487E-02 1.2931186E-02 1.2019362E-02 1.1582311E-02 7.8297055E-04 2.4296839E-04 7.0355742E-03 1.4696742E-04 6.8989249E-03 9.9473299E-02 3.8590014E-02 1.5378100E-04 1.4682264E+00 1.8980222E+01 -9.3329116E-02
3.1381000E+02 2.5927000E+02 8.6700000E+00 3.7000000E+02 10 5.4912581E+01 2.5037446E-01 5.8359389E-01 -3.0592705E-02 1.3153608E-02 1.2024309E-02 1.1587189E-02 7.8309299E-04 2.4831585E-04 7.1530391E-03 1.4699041E-04 7.0013470E-03 1.0048309E-01 3.9251865E-02 1.5554308E-04 1.4633532E+00 1.8984933E+01 -9.4525286E-02
3.1381000E+02 2.5927000E+02 8.6700000E+00 3.7500000E+02 10 5.4908108E+01 2.5316215E-01 5.8843539E-01 -3.0531015E-02 1.3324727E-02 1.2027431E-02 1.1590358E-02 7.8300943E-04 2.5301008E-04 7.2434629E-03 1.4697472E-04 7.0798540E-03 1.0118266E-01 3.9761083E-02 1.5682965E-04 1.4602660E+00 1.8987937E+01 -9.5306209E-02
3.1381000E+02 2.5927000E+02 8.6700000E+00 3.8000000E+02 10 5.4904941E+01 2.5521695E-01 5.9195543E-01 -3.0469894E-02 1.3455906E-02 1.2029560E-02 1.1592632E-02 7.8274848E-04 2.5702798E-04 7.3128591E-03 1.4692574E-04 7.1396945E-03 1.0167122E-01 4.0151473E-02 1.5776613E-04 1.4582762E+00 1.8989883E+01 -9.5822101E-02
3.1381000E+02 2.5927000E+02 8.6700000E+00 3.8500000E+02 10 5.4902675E+01 2.5674541E-01 5.9453795E-01 -3.0411398E-02 1.3556656E-02 1.2031175E-02 1.1594479E-02 7.8233450E-04 2.6040803E-04 7.3662365E-03 1.4684803E-04 7.1852837E-03 1.0201619E-01 4.0451325E-02 1.5844724E-04 1.4569665E+00 1.8991173E+01 -9.6168325E-02
3.1381000E+02 2.5927000E+02 8.6700000E+00 3.9000000E+02 10 5.4901033E+01 2.5789606E-01 5.9645529E-01 -3.0356624E-02 1.3634489E-02 1.2032538E-02 1.1596146E-02 7.8178808E-04 2.6322199E-04 7.4075373E-03 1.4674547E-04 7.2201278E-03 1.0226320E-01 4.0682992E-02 1.5894324E-04 1.4560820E+00 1.8992051E+01 -9.6405406E-02
3.1381000E+02 2.5927000E+02 8.6700000E+00 3.9500000E+02 10 5.4899825E+01 2.5877475E-01 5.9789940E-01 -3.0306053E-02 1.3695157E-02 1.2033776E-02 1.1597754E-02 7.8112654E-04 2.6555591E-04 7.4397701E-03 1.4662129E-04 7.2469198E-03 1.0244303E-01 4.0863578E-02 1.5930538E-04 1.4554653E+00 1.8992669E+01 -9.6571843E-02
3.1381000E+02 2.5927000E+02 8.6700000E+00 4.0000000E+02 10 5.4898920E+01 2.5945662E-01 5.9900506E-01 -3.0259783E-02 1.3742973E-02 1.2034949E-02 1.1599352E-02 7.8036443E-04 2.6749640E-04 7.4651900E-03 1.4647824E-04 7.2676860E-03 1.0257652E-01 4.1005918E-02 1.5957061E-04 1.4550191E+00 1.8993121E+01 -9.6692215E-02
3.1381000E+02 2.5927000E+02 8.6700000E+00 4.0500000E+02 10 5.4898230E+01 2.5999493E-01 5.9986689E-01 -3.0217690E-02 1.3781137E-02 1.2036075E-02 1.1600953E-02 7.7951400E-04 2.6912158E-04 7.4854694E-03 1.4631861E-04 7.2839303E-03 1.0267780E-01 4.1119532E-02 1.5976550E-04 1.4546825E+00 1.8993466E+01 -9.6782293E-02
3.1381000E+02 2.5927000E+02 8.6700000E+00 4.1000000E+02 10 5.4897692E+01 2.6042750E-01 6.0055139E-01 -3.0179527E-02 1.3812008E-02 1.2037158E-02 1.1602554E-02 7.7858564E-04 2.7049739E-04 7.5018426E-03 1.4614435E-04 7.2967612E-03 1.0275648E-01 4.1211432E-02 1.5990923E-04 1.4544172E+00 1.8993742E+01 -9.6852255E-02
3.1381000E+02 2.5927000E+02 8.6700000E+00 4.1200000E+02 10 5.4890348E+01 2.7494928E-01 6.2970072E-01 -3.0164873E-02 1.6023935E-02 1.3405258E-02 1.2970868E-02 7.7820244E-04 2.9261598E-04 8.6333424E-03 1.4607243E-04 8.3585521E-03 1.0279549E-01 4.7811023E-02 1.8970328E-04 1.5220388E+00 1.8845983E+01 -8.5180724E-02
3.1381000E+02 2.5927000E+02 8.6700000E+00 4.1700000E+02 10 5.4897738E+01 2.5964226E-01 5.9892587E-01 -3.0131735E-02 1.3662950E-02 1.1945845E-02 1.1512027E-02 7.7717863E-04 2.7270875E-04 7.4259692E-03 1.4588025E-04 7.2227268E-03 1.0284056E-01 4.0766531E-02 1.5593826E-04 1.4490807E+00 1.9006485E+01 -9.7862197E-02
3.1381000E+02 2.5927000E+02 8.6700000E+00 4.2200000E+02 10 5.4897418E+01 2.5991743E-01 5.9930065E-01 -3.0101770E-02 1.3679938E-02 1.1936910E-02 1.1503696E-02 7.7609611E-04 2.7191368E-04 7.4349646E-03 1.4567706E-04 7.2289629E-03 1.0288836E-01 4.0817039E-02 1.5774009E-04 1.4487232E+00 1.9003648E+01 -9.7936128E-02
3.1381000E+02 2.5927000E+02 8.6700000E+00 4.2700000E+02 10 5.4896979E+01 2.6049295E-01 6.0025396E-01 -3.0074666E-02 1.3743688E-02 1.1953204E-02 1.1520623E-02 7.7496103E-04 2.7244491E-04 7.4680084E-03 1.4546400E-04 7.2574093E-03 1.0292863E-01 4.1006975E-02 1.5898401E-04 1.4497600E+00 1.9000527E+01 -9.7752204E-02
3.1381000E+02 2.5927000E+02 8.6700000E+00 4.2900000E+02 10 5.4889620E+01 2.7516542E-01 6.2964064E-01 -3.0064262E-02 1.5979356E-02 1.3324789E-02 1.2892466E-02 7.7449897E-04 2.9450776E-04 8.6120771E-03 1.4537727E-04 8.3299921E-03 1.0295440E-01 4.7677250E-02 1.8934667E-04 1.5175702E+00 1.8852665E+01 -8.5945656E-02
3.1381000E+02 2.5927000E+02 8.6700000E+00 4.3000000E+02 10 5.4887355E+01 2.7965919E-01 6.3870505E-01 -3.0059168E-02 1.6663536E-02 1.3765855E-02 1.3333663E-02 7.7426597E-04 3.0275677E-04 8.9617787E-03 1.4533353E-04 8.6586256E-03 1.0296413E-01 4.9718759E-02 1.9646355E-04 1.5402888E+00 1.8798287E+01 -8.2297130E-02
3.1381000E+02 2.5927000E+02 8.6700000E+00 4.3500000E+02 10 5.4896110E+01 2.6204439E-01 6.0354285E-01 -3.0035620E-02 1.3983757E-02 1.2133379E-02 1.1700172E-02 7.7608227E-04 2.8239490E-04 7.5925760E-03 1.4567446E-04 7.3723947E-03 1.0295112E-01 4.1722986E-02 1.5870466E-04 1.4566954E+00 1.8993312E+01 -9.6496445E-02
3.1381000E+02 2.5927000E+02 8.6700000E+00 4.3600000E+02 10 5.4886298E+01 2.8174741E-01 6.4317314E-01 -3.0031034E-02 1.6992164E-02 1.4032586E-02 1.3599244E-02 7.7632557E-04 3.0762731E-04 9.1304019E-03 1.4572013E-04 8.8191395E-03 1.0296721E-01 5.0699847E-02 2.0076833E-04 1.5521073E+00 1.8759643E+01 -8.0454010E-02
3.1381000E+02 2.5927000E+02 8.6700000E+00 4.3700000E+02 10 5.4887036E+01 2.8194437E-01 6.4317124E-01 -2.9825966E-02 1.7043264E-02 1.4065673E-02 1.3632151E-02 7.7664702E-04 3.1168422E-04 9.1572430E-03 1.4578047E-04 8.8433199E-03 1.0279804E-01 5.0852083E-02 1.9911921E-04 1.5542998E+00 1.8766369E+01 -8.0044410E-02
3.1381000E+02 2.5927000E+02 8.6700000E+00 4.3800000E+02 10 5.4889855E+01 2.8166767E-01 6.4137430E-01 -2.9183192E-02 1.7070124E-02 1.4088100E-02 1.3654336E-02 7.7708042E-04 3.1480796E-04 9.1715902E-03 1.4586182E-04 8.8561489E-03 1.0225767E-01 5.0932073E-02 1.9788341E-04 1.5566277E+00 1.8770292E+01 -7.9443173E-02
3.1381000E+02 2.5927000E+02 8.6700000E+00 4.4300000E+02 10 5.4952657E+01 2.5599622E-01 5.6626030E-01 -1.7270774E-02 1.4418014E-02 1.2457414E-02 1.2022348E-02 7.7941302E-04 2.9067991E-04 7.8165504E-03 1.4629966E-04 7.5839271E-03 9.2177332E-02 4.3018856E-02 1.6237219E-04 1.4899030E+00 1.8952086E+01 -8.5105564E-02
3.1381000E+02 2.5927000E+02 8.6700000E+00 4.4400000E+02 10 5.4955594E+01 2.7272540E-01 5.9508157E-01 -1.4588868E-02 1.7279195E-02 1.4355847E-02 1.3920598E-02 7.7974073E-04 3.1352292E-04 9.2763844E-03 1.4636117E-04 8.9634538E-03 8.9925223E-02 5.1557833E-02 2.0185386E-04 1.5994000E+00 1.8697773E+01 -6.7785928E-02
3.1381000E+02 2.5927000E+02 8.6700000E+00 4.4500000E+02 10 5.4968822E+01 2.7081762E-01 5.8558129E-01 -1.1665423E-02 1.7304217E-02 1.4397869E-02 1.3962514E-02 7.7993154E-04 3.1637869E-04 9.2889672E-03 1.4639699E-04 8.9760354E-03 8.7454463E-02 5.1632646E-02 2.0018842E-04 1.6083245E+00 1.8698134E+01 -6.5546523E-02
3.1381000E+02 2.5927000E+02 8.6700000E+00 4.5000000E+02 10 5.5037128E+01 2.4603749E-01 5.0946660E-01 1.6612385E-03 1.4937717E-02 1.2948305E-02 1.2513054E-02 7.7974508E-04 2.9631936E-04 8.0783749E-03 1.4636199E-04 7.8390236E-03 7.6185652E-02 4.4571465E-02 1.6820137E-04 1.5461264E+00 1.8879917E+01 -6.8711498E-02
3.1381000E+02 2.5927000E+02 8.6700000E+00 4.5300000E+02 10 5.5066029E+01 2.5036049E-01 5.0461087E-01 9.0587840E-03 1.6433944E-02 1.4092726E-02 1.3657953E-02 7.7888775E-04 3.0899078E-04 8.8372208E-03 1.4620106E-04 8.5644398E-03 6.9950158E-02 4.9038636E-02 1.8763275E-04 1.6323609E+00 1.8728633E+01 -5.5180101E-02
3.1381000E+02 2.5927000E+02 8.6700000E+00 4.5400000E+02 10 5.5072974E+01 2.5656067E-01 5.1344931E-01 1.1449244E-02 1.7684812E-02 1.5084357E-02 1.4649771E-02 7.7855382E-04 3.1880635E-04 9.4709302E-03 1.4613838E-04 9.1723556E-03 6.7938574E-02 5.2773697E-02 2.0164752E-04 1.7088105E+00 1.8560101E+01 -4.6456421E-02
3.1381000E+02 2.5927000E+02 8.6700000E+00 4.5900000E+02 10 5.5131436E+01 2.3014583E-01 4.3854361E-01 2.2260781E-02 1.4765089E-02 1.3213092E-02 1.2780550E-02 7.7489206E-04 2.9036058E-04 7.9771494E-03 1.4545105E-04 7.7643349E-03 5.8822488E-02 4.4060709E-02 1.6387723E-04 1.5949887E+00 1.8834535E+01 -5.4542505E-02
3.1381000E+02 2.5927000E+02 8.6700000E+00 4.6400000E+02 10 5.5169252E+01 2.2230827E-01 4.0774923E-01 3.0357547E-02 1.4466170E-02 1.3213417E-02 1.2782517E-02 7.7194868E-04 2.8061342E-04 7.8170380E-03 1.4489856E-04 7.6248581E-03 5.2011485E-02 4.3170922E-02 1.6248291E-04 1.6073018E+00 1.8820679E+01 -5.0156540E-02
3.1381000E+02 2.5927000E+02 8.6700000E+00 4.6900000E+02 10 5.5196954E+01 2.1657809E-01 3.8532010E-01 3.6297262E-02 1.4253442E-02 1.3239339E-02 1.2809973E-02 7.6920045E-04 2.7194818E-04 7.7020621E-03 1.4438271E-04 7.5257291E-03 4.7023385E-02 4.2537742E-02 1.6147420E-04 1.6179069E+00 1.8808237E+01 -4.6883099E-02
3.1381000E+02 2.5927000E+02 8.6700000E+00 4.7400000E+02 10 5.5217369E+01 2.1220728E-01 3.6863916E-01 4.0663717E-02 1.4076445E-02 1.3268391E-02 1.2840473E-02 7.6660741E-04 2.6409780E-04 7.6062317E-03 1.4389598E-04 7.4429301E-03 4.3364322E-02 4.2010807E-02 1.6042153E-04 1.6255889E+00 1.8799406E+01 -4.4559019E-02
3.1381000E+02 2.5927000E+02 8.6700000E+00 4.7900000E+02 10 5.5232550E+01 2.0878306E-01 3.5600731E-01 4.3896188E-02 1.3918934E-02 1.3290729E-02 1.2864196E-02 7.6412674E-04 2.5704816E-04 7.5212115E-03 1.4343035E-04 7.3686568E-03 4.0662876E-02 4.1541712E-02 1.5935325E-04 1.6304130E+00 1.8793991E+01 -4.2960531E-02
3.1381000E+02 2.5927000E+02 8.6700000E+00 4.8100000E+02 10 5.5232454E+01 2.1848142E-01 3.7518583E-01 4.5032263E-02 1.5623938E-02 1.4655584E-02 1.4229596E-02 7.6315049E-04 2.6856701E-04 8.3851609E-03 1.4324710E-04 8.1961649E-03 3.9724700E-02 4.6632387E-02 1.8256716E-04 1.7536404E+00 1.8581026E+01 -3.2573281E-02
3.1381000E+02 2.5927000E+02 8.6700000E+00 4.8200000E+02 10 5.5233387E+01 2.2105244E-01 3.8010501E-01 4.5563919E-02 1.6111663E-02 1.5098448E-02 1.4672730E-02 7.6266620E-04 2.7152704E-04 8.6312351E-03 1.4315620E-04 8.4337988E-03 3.9283628E-02 4.8088895E-02 1.8767825E-04 1.7992910E+00 1.8497818E+01 -2.9359796E-02
3.1381000E+02 2.5927000E+02 8.6700000E+00 4.8700000E+02 10 5.5251762E+01 2.0173249E-01 3.3516879E-01 4.7676150E-02 1.3267470E-02 1.3033698E-02 1.2609609E-02 7.5974866E-04 2.4488495E-04 7.1829454E-03 1.4260856E-04 7.0546996E-03 3.7517257E-02 3.9598160E-02 1.5034172E-04 1.6096386E+00 1.8831645E+01 -4.3580447E-02
3.1381000E+02 2.5927000E+02 8.6700000E+00 4.9200000E+02 10 5.5259670E+01 1.9905348E-01 3.2669965E-01 4.9264661E-02 1.3021987E-02 1.2891026E-02 1.2468200E-02 7.5748513E-04 2.3779371E-04 7.0562737E-03 1.4218368E-04 6.9346681E-03 3.6203801E-02 3.8865661E-02 1.5037555E-04 1.6012248E+00 1.8838231E+01 -4.3808430E-02
3.1381000E+02 2.5927000E+02 8.6700000E+00 4.9700000E+02 10 5.5265359E+01 1.9764631E-01 3.2136339E-01 5.0474225E-02 1.2922033E-02 1.2811494E-02 1.2389814E-02 7.5543257E-04 2.3353067E-04 7.0053649E-03 1.4179841E-04 6.8833721E-03 3.5208429E-02 3.8567093E-02 1.5089817E-04 1.5989898E+00 1.8838509E+01 -4.3582550E-02
3.1381000E+02 2.5927000E+02 8.6700000E+00 5.0200000E+02 10 5.5269652E+01 1.9676263E-01 3.1760108E-01 5.1412292E-02 1.2872475E-02 1.2761627E-02 1.2341038E-02 7.5347755E-04 2.3063200E-04 6.9805559E-03 1.4143144E-04 6.8561093E-03 3.4441029E-02 3.8418910E-02 1.5121797E-04 1.5986004E+00 1.8837685E+01 -4.3280492E-02
3.1381000E+02 2.5927000E+02 8.6700000E+00 5.0500000E+02 10 5.5268147E+01 2.0376259E-01 3.3160507E-01 5.1895769E-02 1.4043975E-02 1.3611312E-02 1.3191367E-02 7.5232422E-04 2.4020319E-04 7.5772282E-03 1.4121496E-04 7.4204328E-03 3.4054122E-02 4.1915658E-02 1.6764174E-04 1.6736965E+00 1.8715541E+01 -3.6543178E-02
3.1381000E+02 2.5927000E+02 8.6700000E+00 5.0600000E+02 10 5.5265368E+01 2.1060264E-01 3.4620404E-01 5.2048735E-02 1.5165218E-02 1.4496085E-02 1.4076353E-02 7.5194150E-04 2.4837867E-04 8.1462165E-03 1.4114312E-04 7.9641338E-03 3.3935869E-02 4.5263359E-02 1.8218803E-04 1.7604957E+00 1.8557934E+01 -3.0149816E-02
3.1381000E+02 2.5927000E+02 8.6700000E+00 5.1100000E+02 10 5.5276866E+01 1.9279405E-01 3.0690704E-01 5.2699400E-02 1.2380331E-02 1.2427368E-02 1.2009025E-02 7.4945400E-04 2.2428251E-04 6.7301759E-03 1.4067620E-04 6.6122043E-03 3.3398726E-02 3.6949555E-02 1.4377641E-04 1.5747487E+00 1.8876239E+01 -4.5138507E-02
3.1381000E+02 2.5927000E+02 8.6700000E+00 5.1600000E+02 10 5.5279462E+01 1.9183711E-01 3.0354401E-01 5.3224528E-02 1.2263121E-02 1.2284533E-02 1.1867366E-02 7.4734826E-04 2.2060203E-04 6.6716985E-03 1.4028094E-04 6.5511941E-03 3.2980539E-02 3.6599314E-02 1.4494587E-04 1.5683209E+00 1.8880277E+01 -4.5581427E-02
3.1381000E+02 2.5927000E+02 8.6700000E+00 5.2100000E+02 10 5.5281286E+01 1.9166349E-01 3.0189994E-01 5.3657719E-02 1.2253776E-02 1.2204810E-02 1.1788782E-02 7.4530721E-04 2.1902889E-04 6.6686923E-03 1.3989783E-04 6.5417459E-03 3.2638892E-02 3.6570822E-02 1.4611892E-04 1.5672372E+00 1.8879327E+01 -4.5525211E-02
3.1381000E+02 2.5927000E+02 8.6700000E+00 5.2600000E+02 10 5.5282736E+01 1.9166391E-01 3.0081790E-01 5.4022054E-02 1.2267384E-02 1.2153363E-02 1.1738459E-02 7.4329381E-04 2.1816786E-04 6.6770559E-03 1.3951990E-04 6.5438051E-03 3.2354570E-02 3.6610960E-02 1.4683666E-04 1.5674514E+00 1.8877935E+01 -4.5366643E-02
3.1381000E+02 2.5927000E+02 8.6700000E+00 5.3100000E+02 10 5.5283970E+01 1.9165436E-01 2.9990169E-01 5.4333494E-02 1.2278012E-02 1.2113892E-02 1.1700102E-02 7.4129714E-04 2.1748813E-04 6.6834796E-03 1.3914512E-04 6.5449389E-03 3.2114257E-02 3.6642339E-02 1.4718542E-04 1.5676452E+00 1.8877175E+01 -4.5231918E-02
3.1381000E+02 2.5927000E+02 8.6700000E+00 5.3600000E+02 10 5.5285050E+01 1.9160979E-01 2.9905643E-01 5.4603420E-02 1.2282015E-02 1.2080139E-02 1.1667452E-02 7.3932127E-04 2.1684661E-04 6.6862111E-03 1.3877424E-04 6.5432661E-03 3.1908392E-02 3.6654038E-02 1.4732760E-04 1.5675767E+00 1.8876991E+01 -4.5140222E-02
3.1381000E+02 2.5927000E+02 8.6700000E+00 5.4100000E+02 10 5.5286005E+01 1.9154285E-01 2.9827111E-01 5.4840166E-02 1.2281231E-02 1.2049860E-02 1.1638261E-02 7.3737251E-04 2.1622368E-04 6.6862901E-03 1.3840845E-04 6.5395575E-03 3.1729943E-02 3.6651496E-02 1.4736921E-04 1.5672970E+00 1.8877165E+01 -4.5082753E-02
3.1381000E+02 2.5927000E+02 8.6700000E+00 5.4600000E+02 10 5.5286852E+01 1.9146786E-01 2.9754873E-01 5.5049969E-02 1.2277835E-02 1.2022177E-02 1.1611648E-02 7.3545476E-04 2.1563116E-04 6.6848935E-03 1.3804848E-04 6.5347901E-03 3.1573653E-02 3.6641186E-02 1.4736610E-04 1.5668935E+00 1.8877524E+01 -4.5048131E-02
3.1381000E+02 2.5927000E+02 8.6700000E+00 5.5100000E+02 10 5.5287608E+01 1.9139394E-01 2.9688996E-01 5.5237585E-02 1.2273310E-02 1.1996640E-02 1.1587164E-02 7.3356934E-04 2.1507950E-04 6.6828208E-03 1.3769457E-04 6.5296310E-03 3.1435524E-02 3.6627520E-02 1.4734435E-04 1.5664303E+00 1.8877973E+01 -4.5027990E-02
3.1381000E+02 2.5927000E+02 8.6700000E+00 5.5600000E+02 10 5.5288285E+01 1.9132596E-01 2.9629210E-01 5.5406701E-02 1.2268515E-02 1.1972942E-02 1.1564501E-02 7.3171597E-04 2.1457440E-04 6.6805353E-03 1.3734669E-04 6.5244681E-03 3.1312468E-02 3.6613061E-02 1.4731644E-04 1.5659466E+00 1.8878453E+01 -4.5016962E-02
3.1381000E+02 2.5927000E+02 8.6700000E+00 5.6100000E+02 10 5.5288894E+01 1.9126603E-01 2.9575035E-01 5.5560218E-02 1.2263906E-02 1.1950841E-02 1.1543417E-02 7.2989355E-04 2.1411620E-04 6.6782833E-03 1.3700461E-04 6.5195022E-03 3.1202064E-02 3.6599160E-02 1.4728720E-04 1.5654640E+00 1.8878940E+01 -4.5011751E-02
3.1381000E+02 2.5927000E+02 8.6700000E+00 5.6600000E+02 10 5.5289446E+01 1.9121453E-01 2.9525900E-01 5.5700449E-02 1.2259683E-02 1.1930132E-02 1.1523709E-02 7.2810058E-04 2.1370357E-04 6.6761798E-03 1.3666806E-04 6.5148162E-03 3.1102391E-02 3.6586420E-02 1.4725909E-04 1.5649930E+00 1.8879416E+01 -4.5010405E-02
3.1381000E+02 2.5927000E+02 8.6700000E+00 5.7100000E+02 10 5.5289947E+01 1.9117115E-01 2.9481234E-01 5.5829262E-02 1.2255918E-02 1.1910644E-02 1.1505206E-02 7.2633543E-04 2.1333268E-04 6.6742694E-03 1.3633673E-04 6.5104330E-03 3.1011900E-02 3.6575051E-02 1.4723239E-04 1.5645381E+00 1.8879879E+01 -4.5011750E-02
3.1381000E+02 2.5927000E+02 8.6700000E+00 5.7600000E+02 10 5.5290405E+01 1.9113517E-01 2.9440506E-01 5.5948184E-02 1.2252614E-02 1.1892231E-02 1.1487764E-02 7.2459648E-04 2.1300026E-04 6.6725617E-03 1.3601032E-04 6.5063438E-03 3.0929329E-02 3.6565062E-02 1.4720756E-04 1.5641007E+00 1.8880323E+01 -4.5015061E-02
3.1381000E+02 2.5927000E+02 8.6700000E+00 5.8100000E+02 10 5.5290825E+01 1.9110584E-01 2.9403243E-01 5.6058475E-02 1.2249743E-02 1.1874770E-02 1.1471260E-02 7.2288217E-04 2.1270206E-04 6.6710464E-03 1.3568854E-04 6.5025283E-03 3.0853640E-02 3.6556369E-02 1.4718405E-04 1.5636807E+00 1.8880752E+01 -4.5019880E-02
3.1381000E+02 2.5927000E+02 8.6700000E+00 5.8200000E+02 10 5.5283049E+01 2.0689053E-01 3.2729750E-01 5.6080197E-02 1.4754760E-02 1.3665871E-02 1.3262551E-02 7.2254028E-04 2.3205476E-04 7.9470467E-03 1.3562436E-04 7.7123777E-03 3.0853443E-02 4.4034051E-02 1.8306840E-04 1.7271546E+00 1.8588764E+01 -3.1317633E-02
3.1381000E+02 2.5927000E+02 8.6700000E+00 5.8700000E+02 10 5.5291589E+01 1.9036982E-01 2.9234479E-01 5.6164503E-02 1.2144440E-02 1.1809733E-02 1.1406905E-02 7.2166067E-04 2.1318404E-04 6.6177479E-03 1.3545926E-04 6.4494977E-03 3.0776791E-02 3.6241856E-02 1.4437737E-04 1.5582984E+00 1.8891354E+01 -4.5528875E-02
3.1381000E+02 2.5927000E+02 8.6700000E+00 5.9200000E+02 10 5.5291967E+01 1.9023840E-01 2.9182254E-01 5.6242045E-02 1.2126722E-02 1.1781074E-02 1.1377997E-02 7.2210590E-04 2.1255162E-04 6.6099185E-03 1.3554283E-04 6.4403194E-03 3.0713533E-02 3.6188866E-02 1.4522761E-04 1.5572162E+00 1.8890517E+01 -4.5607079E-02
3.1381000E+02 2.5927000E+02 8.6700000E+00 5.9700000E+02 10 5.5292175E+01 1.9038881E-01 2.9186868E-01 5.6309831E-02 1.2151037E-02 1.1777040E-02 1.1373426E-02 7.2306716E-04 2.1265474E-04 6.6240591E-03 1.3572326E-04 6.4515556E-03 3.0654619E-02 3.6261223E-02 1.4592962E-04 1.5583260E+00 1.8887944E+01 -4.5466232E-02
3.1381000E+02 2.5927000E+02 8.6700000E+00 6.0200000E+02 10 5.5292355E+01 1.9054055E-01 2.9197666E-01 5.6370805E-02 1.2177259E-02 1.1782110E-02 1.1377942E-02 7.2405971E-04 2.1287592E-04 6.6390060E-03 1.3590957E-04 6.4639547E-03 3.0600785E-02 3.6339335E-02 1.4631026E-04 1.5596916E+00 1.8885719E+01 -4.5303357E-02
3.1381000E+02 2.5927000E+02 8.6700000E+00 6.0700000E+02 10 5.5292551E+01 1.9062309E-01 2.9199165E-01 5.6427700E-02 1.2194196E-02 1.1787559E-02 1.1382925E-02 7.2489462E-04 2.1299469E-04 6.6489281E-03 1.3606629E-04 6.4719788E-03 3.0551154E-02 3.6389808E-02 1.4644541E-04 1.5606753E+00 1.8884308E+01 -4.5181770E-02
3.1381000E+02 2.5927000E+02 8.6700000E+00 6.1200000E+02 10 5.5292762E+01 1.9064682E-01 2.9191161E-01 5.6482085E-02 1.2202483E-02 1.1790369E-02 1.1385388E-02 7.2551684E-04 2.1299795E-04 6.6541967E-03 1.3618308E-04 6.4757915E-03 3.0504899E-02 3.6414502E-02 1.4644964E-04 1.5612341E+00 1.8883551E+01 -4.5104683E-02
3.1381000E+02 2.5927000E+02 8.6700000E+00 6.1700000E+02 10 5.5292979E+01 1.9063590E-01 2.9176903E-01 5.6534776E-02 1.2205134E-02 1.1790042E-02 1.1384834E-02 7.2592262E-04 2.1292632E-04 6.6564161E-03 1.3625925E-04 6.4767607E-03 3.0461425E-02 3.6422386E-02 1.4639695E-04 1.5614771E+00 1.8883219E+01 -4.5060474E-02
3.1381000E+02 2.5927000E+02 8.6700000E+00 6.2200000E+02 10 5.5293196E+01 1.9060903E-01 2.9159311E-01 5.6586171E-02 1.2204673E-02 1.1786935E-02 1.1381614E-02 7.2612607E-04 2.1282018E-04 6.6569202E-03 1.3629744E-04 6.4760692E-03 3.0420337E-02 3.6420975E-02 1.4632519E-04 1.5615139E+00 1.8883144E+01 -4.5037819E-02
3.1381000E+02 2.5927000E+02 8.6700000E+00 6.2700000E+02 10 5.5293407E+01 1.9057757E-01 2.9140331E-01 5.6636450E-02 1.2202724E-02 1.1781608E-02 1.1376275E-02 7.2614707E-04 2.1270640E-04 6.6565668E-03 1.3630138E-04 6.4744978E-03 3.0381362E-02 3.6415118E-02 1.4625149E-04 1.5614233E+00 1.8883221E+01 -4.5028665E-02
3.1381000E+02 2.5927000E+02 8.6700000E+00 6.3200000E+02 10 5.5293610E+01 1.9054758E-01 2.9121114E-01 5.6685680E-02 1.2200225E-02 1.1774599E-02 1.1369344E-02 7.2600676E-04 2.1260197E-04 6.6558532E-03 1.3627504E-04 6.4725085E-03 3.0344306E-02 3.6407609E-02 1.4618276E-04 1.5612563E+00 1.8883384E+01 -4.5027831E-02
3.1381000E+02 2.5927000E+02 8.6700000E+00 6.3700000E+02 10 5.5293804E+01 1.9052184E-01 2.9102287E-01 5.6733874E-02 1.2197671E-02 1.1766363E-02 1.1361265E-02 7.2572571E-04 2.1251135E-04 6.6550454E-03 1.3622229E-04 6.4703562E-03 3.0309021E-02 3.6399930E-02 1.4612102E-04 1.5610443E+00 1.8883599E+01 -4.5032132E-02
3.1381000E+02 2.5927000E+02 8.6700000E+00 6.4200000E+02 10 5.5293990E+01 1.9050129E-01 2.9084155E-01 5.6781026E-02 1.2195299E-02 1.1757260E-02 1.1352387E-02 7.2532306E-04 2.1243451E-04 6.6542735E-03 1.3614671E-04 6.4681736E-03 3.0275381E-02 3.6392785E-02 1.4606631E-04 1.5608063E+00 1.8883843E+01 -4.5039643E-02
3.1381000E+02 2.5927000E+02 8.6700000E+00 6.4700000E+02 10 5.5294166E+01 1.9048596E-01 2.9066846E-01 5.6827123E-02 1.2193203E-02 1.1747571E-02 1.1342981E-02 7.2481607E-04 2.1236977E-04 6.6535928E-03 1.3605154E-04 6.4660244E-03 3.0243278E-02 3.6386462E-02 1.4601783E-04 1.5605537E+00 1.8884102E+01 -4.5049202E-02
3.1381000E+02 2.5927000E+02 8.6700000E+00 6.5000000E+02 10 5.5290418E+01 1.9821655E-01 3.0679670E-01 5.6854399E-02 1.3419907E-02 1.2584619E-02 1.2180218E-02 7.2447778E-04 2.2424950E-04 7.2805695E-03 1.3598804E-04 7.0557577E-03 3.0231653E-02 4.0047540E-02 1.6302949E-04 1.6321835E+00 1.8768512E+01 -3.8413113E-02
