x y z_datum Time Well_no H2O H O Charge Al C Ca Cl Fe K Mg Na S Si U pH pe Alkalinity
3.1381000E+02 2.5927000E+02 8.6700000E+00 0.0000000E+00 10 9.9704301E-01 7.2098600E-06 6.6484776E-04 -3.2324431E-06 0.0000000E+00 1.0067647E-04 6.3262499E-05 4.3211171E-04 0.0000000E+00 2.8240956E-04 5.5605062E-05 2.2967748E-04 1.4127542E-04 0.0000000E+00 0.0000000E+00 7.0300000E+00 1.1068788E+01 7.1999443E-03
3.1381000E+02 2.5927000E+02 8.6700000E+00 5.0000000E+00 10 5.5328840E+01 1.8805809E-02 6.1871343E-02 -3.0343861E-03 0.0000000E+00 7.3105209E-03 1.3767131E-03 1.0630316E-02 0.0000000E+00 6.2997695E-03 1.9953627E-03 8.7133742E-03 1.0233587E-02 0.0000000E+00 0.0000000E+00 2.4074623E+00 1.7972275E+01 -6.3253797E-03
3.1381000E+02 2.5927000E+02 8.6700000E+00 1.0000000E+01 10 5.5310104E+01 3.2632371E-02 1.0530620E-01 -2.7425814E-03 1.0868545E-03 7.8824177E-03 3.2299126E-03 8.3348842E-03 1.5602305E-05 5.4750536E-03 1.5644988E-03 7.3772915E-03 1.8834081E-02 3.2496238E-03 1.5776591E-05 2.0064452E+00 1.8416955E+01 -1.7573523E-02
3.1381000E+02 2.5927000E+02 8.6700000E+00 1.5000000E+01 10 5.5286557E+01 5.8673512E-02 1.5584647E-01 -2.4825219E-03 2.7748483E-03 8.1278626E-03 4.6172686E-03 6.2891698E-03 3.7620251E-05 5.1071145E-03 1.1805081E-03 6.5335618E-03 2.6499393E-02 8.2928524E-03 3.9525054E-05 1.8770930E+00 1.8566578E+01 -2.5228003E-02
3.1381000E+02 2.5927000E+02 8.6700000E+00 2.0000000E+01 10 5.5267328E+01 8.1250694E-02 1.9699971E-01 -2.2862481E-03 4.2571313E-03 8.2718848E-03 5.6231211E-03 4.7452155E-03 5.9960892E-05 4.9393081E-03 8.9070028E-04 5.9928992E-03 3.2285095E-02 1.2719391E-02 6.0539850E-05 1.8160191E+00 1.8637392E+01 -3.0247285E-02
3.1381000E+02 2.5927000E+02 8.6700000E+00 2.5000000E+01 10 5.5253489E+01 9.7808275E-02 2.2706433E-01 -2.1487705E-03 5.3939349E-03 8.3981837E-03 6.3530788E-03 3.6637709E-03 7.9042750E-05 4.8736112E-03 6.8770781E-04 5.6598051E-03 3.6337901E-02 1.6113340E-02 7.6536481E-05 1.7855982E+00 1.8672566E+01 -3.3313839E-02
3.1381000E+02 2.5927000E+02 8.6700000E+00 3.0000000E+01 10 5.5243914E+01 1.0938848E-01 2.4821087E-01 -2.0551610E-03 6.2171208E-03 8.5268463E-03 6.8927769E-03 2.9274077E-03 9.3803575E-05 4.8544667E-03 5.4948882E-04 5.4560249E-03 3.9097650E-02 1.8570654E-02 8.7908303E-05 1.7703368E+00 1.8690186E+01 -3.5117775E-02
3.1381000E+02 2.5927000E+02 8.6700000E+00 3.5000000E+01 10 5.5237354E+01 1.1736129E-01 2.6295424E-01 -1.9915138E-03 6.8000368E-03 8.6575012E-03 7.3029041E-03 2.4267380E-03 1.0471843E-04 4.8533566E-03 4.5551065E-04 5.3285671E-03 4.0974168E-02 2.0310656E-02 9.5757635E-05 1.7627882E+00 1.8698939E+01 -3.6163924E-02
3.1381000E+02 2.5927000E+02 8.6700000E+00 4.0000000E+01 10 5.5232825E+01 1.2286627E-01 2.7332208E-01 -1.9475788E-03 7.2118376E-03 8.7857924E-03 7.6241122E-03 2.0811305E-03 1.1269343E-04 4.8572694E-03 3.9063843E-04 5.2452645E-03 4.2269576E-02 2.1539900E-02 1.0113823E-04 1.7591946E+00 1.8703185E+01 -3.6771597E-02
3.1381000E+02 2.5927000E+02 8.6700000E+00 4.5000000E+01 10 5.5229639E+01 1.2672258E-01 2.8075545E-01 -1.9164727E-03 7.5057333E-03 8.9082074E-03 7.8831127E-03 1.8364399E-03 1.1851620E-04 4.8610465E-03 3.4470880E-04 5.1876285E-03 4.3186776E-02 2.2417245E-02 1.0485605E-04 1.7576266E+00 1.8705128E+01 -3.7129075E-02
3.1381000E+02 2.5927000E+02 8.6700000E+00 5.0000000E+01 10 5.5227340E+01 1.2948331E-01 2.8622336E-01 -1.8937579E-03 7.7193187E-03 9.0228298E-03 8.0974750E-03 1.6577574E-03 1.2280909E-04 4.8630957E-03 3.1116922E-04 5.1452565E-03 4.3856585E-02 2.3054901E-02 1.0746980E-04 1.7570891E+00 1.8705894E+01 -3.7343743E-02
3.1381000E+02 2.5927000E+02 8.6700000E+00 5.5000000E+01 10 5.5225633E+01 1.3151123E-01 2.9036164E-01 -1.8766156E-03 7.8780902E-03 9.1289794E-03 8.2788956E-03 1.5229107E-03 1.2603302E-04 4.8632496E-03 2.8585784E-04 5.1122988E-03 4.4362098E-02 2.3528959E-02 1.0935075E-04 1.7570668E+00 1.8706066E+01 -3.7476166E-02
3.1381000E+02 2.5927000E+02 8.6700000E+00 6.0000000E+01 10 5.5224327E+01 1.3304213E-01 2.9358469E-01 -1.8632562E-03 7.9990467E-03 9.2267244E-03 8.4353012E-03 1.4178214E-03 1.2850107E-04 4.8618274E-03 2.6613204E-04 5.0854172E-03 4.4756077E-02 2.3890145E-02 1.1074077E-04 1.7572927E+00 1.8705943E+01 -3.7560529E-02
3.1381000E+02 2.5927000E+02 8.6700000E+00 6.5000000E+01 10 5.5223300E+01 1.3422915E-01 2.9616344E-01 -1.8525330E-03 8.0934669E-03 9.3165173E-03 8.5721793E-03 1.3334689E-03 1.3043173E-04 4.8592330E-03 2.5029868E-04 5.0626574E-03 4.5072329E-02 2.4172118E-02 1.1179662E-04 1.7576275E+00 1.8705682E+01 -3.7616341E-02
3.1381000E+02 2.5927000E+02 8.6700000E+00 6.6000000E+01 10 5.5217166E+01 1.4639142E-01 3.2507454E-01 -1.8504855E-03 1.0167569E-02 1.1324014E-02 1.0588666E-02 1.3173630E-03 1.4942066E-04 5.8890892E-03 2.4727551E-04 6.0710417E-03 4.5150183E-02 3.0368194E-02 1.4527619E-04 1.9453078E+00 1.8405923E+01 -2.5324702E-02
3.1381000E+02 2.5927000E+02 8.6700000E+00 6.7000000E+01 10 5.5217030E+01 1.4650299E-01 3.2526430E-01 -1.8485279E-03 1.0165877E-02 1.1315442E-02 1.0588691E-02 1.3019631E-03 1.5138389E-04 5.8797284E-03 2.4438487E-04 6.0568069E-03 4.5206901E-02 3.0362809E-02 1.4318382E-04 1.9430251E+00 1.8419629E+01 -2.5462101E-02
3.1381000E+02 2.5927000E+02 8.6700000E+00 7.2000000E+01 10 5.5219564E+01 1.3531726E-01 2.9891506E-01 -1.8100621E-03 7.9972542E-03 9.2870845E-03 8.5961442E-03 1.2378079E-03 1.3174402E-04 4.7539315E-03 2.3234263E-04 4.9372507E-03 4.5955213E-02 2.3884689E-02 1.0813366E-04 1.7328921E+00 1.8882407E+01 -3.9856374E-02
3.1381000E+02 2.5927000E+02 8.6700000E+00 7.7000000E+01 10 5.5214214E+01 1.3794668E-01 3.0472220E-01 -1.7607655E-03 8.1074233E-03 9.3418179E-03 8.6813222E-03 1.1832669E-03 1.4498567E-04 4.7781101E-03 2.2210501E-04 4.9452447E-03 4.6920923E-02 2.4213254E-02 1.3584652E-04 1.7200609E+00 1.8960317E+01 -4.1212309E-02
3.1381000E+02 2.5927000E+02 8.6700000E+00 8.2000000E+01 10 5.5209088E+01 1.4091625E-01 3.1111514E-01 -1.7163679E-03 8.2961521E-03 9.4361294E-03 8.8019542E-03 1.1361141E-03 1.6375098E-04 4.8469168E-03 2.1325421E-04 4.9969155E-03 4.7797991E-02 2.4776118E-02 1.6885733E-04 1.7141880E+00 1.9000083E+01 -4.1976579E-02
3.1381000E+02 2.5927000E+02 8.6700000E+00 8.7000000E+01 10 5.5205033E+01 1.4343456E-01 3.1653724E-01 -1.6818953E-03 8.4746129E-03 9.5345465E-03 8.9234469E-03 1.0947748E-03 1.8156686E-04 4.9137599E-03 2.0549461E-04 5.0486060E-03 4.8491513E-02 2.5308405E-02 1.9752819E-04 1.7116525E+00 1.9021238E+01 -4.2405613E-02
3.1381000E+02 2.5927000E+02 8.6700000E+00 9.1000000E+01 10 5.5201017E+01 1.4808129E-01 3.2703102E-01 -1.6605386E-03 9.1055768E-03 1.0056218E-02 9.4618469E-03 1.0648063E-03 2.0549328E-04 5.2146250E-03 1.9986937E-04 5.3318767E-03 4.8945571E-02 2.7192282E-02 2.3423579E-04 1.7456259E+00 1.8992079E+01 -3.9653148E-02
3.1381000E+02 2.5927000E+02 8.6700000E+00 9.2000000E+01 10 5.5195819E+01 1.5777311E-01 3.4973123E-01 -1.6555778E-03 1.0722140E-02 1.1543031E-02 1.0952738E-02 1.0574991E-03 2.4391051E-04 6.0222709E-03 1.9849778E-04 6.1199219E-03 4.9103883E-02 3.2020865E-02 3.0105547E-04 1.8750306E+00 1.8847974E+01 -3.0322478E-02
3.1381000E+02 2.5927000E+02 8.6700000E+00 9.7000000E+01 10 5.5196116E+01 1.4655904E-01 3.2445554E-01 -2.1330946E-03 8.5191412E-03 9.5542873E-03 8.9822757E-03 1.0247491E-03 2.0382910E-04 4.8961659E-03 1.9235045E-04 5.0111243E-03 5.0193669E-02 2.5440556E-02 2.2527457E-04 1.6884821E+00 1.9071973E+01 -4.5062743E-02
3.1381000E+02 2.5927000E+02 8.6700000E+00 1.0200000E+02 10 5.5188220E+01 1.4959426E-01 3.3216375E-01 -2.8123746E-03 8.6617427E-03 9.6166978E-03 9.0612112E-03 9.9514483E-04 2.1495175E-04 4.9519215E-03 1.8679358E-04 5.0548637E-03 5.1590062E-02 2.5865757E-02 2.4422794E-04 1.6790862E+00 1.9093817E+01 -4.6437860E-02
3.1381000E+02 2.5927000E+02 8.6700000E+00 1.0700000E+02 10 5.5181073E+01 1.5267765E-01 3.3975476E-01 -3.4301517E-03 8.8501304E-03 9.7043856E-03 9.1639464E-03 9.6818767E-04 2.2692458E-04 5.0326988E-03 1.8173359E-04 5.1227062E-03 5.2822314E-02 2.6427516E-02 2.6181868E-04 1.6745521E+00 1.9107269E+01 -4.7312451E-02
3.1381000E+02 2.5927000E+02 8.6700000E+00 1.1200000E+02 10 5.5175555E+01 1.5520360E-01 3.4591283E-01 -3.8999588E-03 9.0190877E-03 9.7908398E-03 9.2641909E-03 9.4348260E-04 2.3782758E-04 5.1047322E-03 1.7709632E-04 5.1832408E-03 5.3771869E-02 2.6931379E-02 2.7629076E-04 1.6724708E+00 1.9115164E+01 -4.7854484E-02
3.1381000E+02 2.5927000E+02 8.6700000E+00 1.1700000E+02 10 5.5171575E+01 1.5710460E-01 3.5053644E-01 -4.2294185E-03 9.1521109E-03 9.8669512E-03 9.3530127E-03 9.2071214E-04 2.4687750E-04 5.1593873E-03 1.7282220E-04 5.2282927E-03 5.4463843E-02 2.7328122E-02 2.8731996E-04 1.6715422E+00 1.9119776E+01 -4.8192696E-02
3.1381000E+02 2.5927000E+02 8.6700000E+00 1.2200000E+02 10 5.5168761E+01 1.5850099E-01 3.5393772E-01 -4.4530593E-03 9.2525914E-03 9.9321260E-03 9.4299622E-03 8.9961801E-04 2.5409310E-04 5.1982963E-03 1.6886273E-04 5.2592174E-03 5.4962327E-02 2.7627839E-02 2.9543714E-04 1.6711569E+00 1.9122496E+01 -4.8407978E-02
3.1381000E+02 2.5927000E+02 8.6700000E+00 1.2400000E+02 10 5.5162702E+01 1.6927241E-01 3.7842665E-01 -4.5279954E-03 1.1000403E-02 1.1400035E-02 1.0902440E-02 8.9143340E-04 3.0097883E-04 6.0749021E-03 1.6732643E-04 6.1067758E-03 5.5201980E-02 3.2847092E-02 3.7171368E-04 1.7820783E+00 1.9000498E+01 -3.8640106E-02
3.1381000E+02 2.5927000E+02 8.6700000E+00 1.2500000E+02 10 5.5160793E+01 1.7245288E-01 3.8586424E-01 -4.5621355E-03 1.1516550E-02 1.1871029E-02 1.1375684E-02 8.8740253E-04 3.1542362E-04 6.3322078E-03 1.6656982E-04 6.3564601E-03 5.5301323E-02 3.4388603E-02 3.9158545E-04 1.8205263E+00 1.8958892E+01 -3.5729231E-02
3.1381000E+02 2.5927000E+02 8.6700000E+00 1.3000000E+02 10 5.5166330E+01 1.5893484E-01 3.5559970E-01 -4.6744404E-03 9.2049714E-03 9.9305138E-03 9.4459727E-03 8.6804722E-04 2.5949197E-04 5.1559717E-03 1.6293673E-04 5.2095180E-03 5.5500751E-02 2.7485324E-02 2.9207474E-04 1.6626105E+00 1.9134743E+01 -4.9456474E-02
3.1381000E+02 2.5927000E+02 8.6700000E+00 1.3100000E+02 10 5.5159140E+01 1.7302702E-01 3.8756745E-01 -4.6949927E-03 1.1531734E-02 1.1908519E-02 1.1426071E-02 8.6429775E-04 3.2068119E-04 6.3261637E-03 1.6223294E-04 6.3449737E-03 5.5653835E-02 3.4433970E-02 4.0088716E-04 1.8163323E+00 1.8963905E+01 -3.6137935E-02
3.1381000E+02 2.5927000E+02 8.6700000E+00 1.3200000E+02 10 5.5158881E+01 1.7314188E-01 3.8778924E-01 -4.7139122E-03 1.1534394E-02 1.1902768E-02 1.1422344E-02 8.6067117E-04 3.2081454E-04 6.3259833E-03 1.6155221E-04 6.3425144E-03 5.5699879E-02 3.4441592E-02 3.9500907E-04 1.8153717E+00 1.8966135E+01 -3.6223279E-02
3.1381000E+02 2.5927000E+02 8.6700000E+00 1.3700000E+02 10 5.5158711E+01 1.6092483E-01 3.6154309E-01 -5.8285936E-03 9.2231926E-03 9.9601773E-03 9.4893675E-03 8.4344790E-04 2.6366672E-04 5.1512124E-03 1.5831932E-04 5.1974984E-03 5.7041731E-02 2.7539453E-02 2.9492192E-04 1.6509137E+00 1.9126758E+01 -5.1252417E-02
3.1381000E+02 2.5927000E+02 8.6700000E+00 1.4200000E+02 10 5.5148464E+01 1.6455688E-01 3.7108989E-01 -7.3825082E-03 9.4187973E-03 1.0070043E-02 9.6084524E-03 8.2693109E-04 2.6337842E-04 5.2415396E-03 1.5521903E-04 5.2778193E-03 5.8973152E-02 2.8122994E-02 2.9753314E-04 1.6455561E+00 1.9094720E+01 -5.2568416E-02
3.1381000E+02 2.5927000E+02 8.6700000E+00 1.4700000E+02 10 5.5138793E+01 1.6835416E-01 3.8068785E-01 -8.8186761E-03 9.6625047E-03 1.0203217E-02 9.7504194E-03 8.1117979E-04 2.5760020E-04 5.3570558E-03 1.5226244E-04 5.3816833E-03 6.0740103E-02 2.8849939E-02 2.8720604E-04 1.6435735E+00 1.9050366E+01 -5.3463401E-02
3.1381000E+02 2.5927000E+02 8.6700000E+00 1.5200000E+02 10 5.5131145E+01 1.7148901E-01 3.8849951E-01 -9.9365231E-03 9.8748545E-03 1.0325044E-02 9.8805950E-03 7.9622265E-04 2.4823231E-04 5.4569158E-03 1.4945491E-04 5.4712433E-03 6.2115754E-02 2.9483363E-02 2.6835441E-04 1.6429183E+00 1.9001218E+01 -5.4059162E-02
3.1381000E+02 2.5927000E+02 8.6700000E+00 1.5700000E+02 10 5.5125549E+01 1.7384428E-01 3.9432725E-01 -1.0740568E-02 1.0037974E-02 1.0425461E-02 9.9889293E-03 7.8203947E-04 2.3771002E-04 5.5319536E-03 1.4679265E-04 5.5379223E-03 6.3113277E-02 2.9969966E-02 2.4618647E-04 1.6427133E+00 1.8953192E+01 -5.4456596E-02
3.1381000E+02 2.5927000E+02 8.6700000E+00 1.6200000E+02 10 5.5121567E+01 1.7555909E-01 3.9855344E-01 -1.1300778E-02 1.0158117E-02 1.0505783E-02 1.0076762E-02 7.6858371E-04 2.2776845E-04 5.5853617E-03 1.4426694E-04 5.5846568E-03 6.3820085E-02 3.0328388E-02 2.2453622E-04 1.6426586E+00 1.8911236E+01 -5.4724366E-02
3.1381000E+02 2.5927000E+02 8.6700000E+00 1.6700000E+02 10 5.5118731E+01 1.7680932E-01 4.0163048E-01 -1.1689330E-02 1.0246467E-02 1.0570435E-02 1.0148550E-02 7.5580009E-04 2.1930359E-04 5.6228482E-03 1.4186739E-04 5.6167428E-03 6.4323759E-02 3.0591979E-02 2.0554768E-04 1.6426647E+00 1.8878608E+01 -5.4907499E-02
3.1381000E+02 2.5927000E+02 8.6700000E+00 1.6800000E+02 10 5.5110961E+01 1.9160916E-01 4.3442895E-01 -1.1760740E-02 1.2643277E-02 1.2533985E-02 1.2113513E-02 7.5326980E-04 2.4278467E-04 6.8311143E-03 1.4139245E-04 6.7850750E-03 6.4439613E-02 3.7749131E-02 2.4598090E-04 1.7823098E+00 1.8650993E+01 -4.1376267E-02
3.1381000E+02 2.5927000E+02 8.6700000E+00 1.6900000E+02 10 5.5110520E+01 1.9173211E-01 4.3470714E-01 -1.1826392E-02 1.2641593E-02 1.2523427E-02 1.2104352E-02 7.5076548E-04 2.4314081E-04 6.8294502E-03 1.4092237E-04 6.7813480E-03 6.4523901E-02 3.7743735E-02 2.3821250E-04 1.7809170E+00 1.8651671E+01 -4.1522948E-02
3.1381000E+02 2.5927000E+02 8.6700000E+00 1.7400000E+02 10 5.5123524E+01 1.7052965E-01 3.9709816E-01 -1.5776165E-02 1.0130637E-02 1.0512363E-02 1.0099946E-02 7.3883923E-04 2.0972330E-04 5.5542897E-03 1.3868376E-04 5.5462453E-03 6.3590290E-02 3.0245927E-02 1.7830910E-04 1.6923989E+00 1.8806236E+01 -4.9951997E-02
3.1381000E+02 2.5927000E+02 8.6700000E+00 1.7500000E+02 10 5.5118519E+01 1.8194711E-01 4.2566148E-01 -1.6720919E-02 1.2286943E-02 1.2452947E-02 1.2041848E-02 7.3647737E-04 2.2979337E-04 6.6370282E-03 1.3824042E-04 6.6024234E-03 6.3372671E-02 3.6686736E-02 2.1467707E-04 1.8549062E+00 1.8547405E+01 -3.5892387E-02
3.1381000E+02 2.5927000E+02 8.6700000E+00 1.7600000E+02 10 5.5120585E+01 1.7947736E-01 4.2312789E-01 -1.7805972E-02 1.2177295E-02 1.2426988E-02 1.2017194E-02 7.3413847E-04 2.2881092E-04 6.5790439E-03 1.3780140E-04 6.5484676E-03 6.3081666E-02 3.6359811E-02 2.0821066E-04 1.8717084E+00 1.8534329E+01 -3.4718467E-02
3.1381000E+02 2.5927000E+02 8.6700000E+00 1.8100000E+02 10 5.5077971E+01 1.7194755E-01 4.2583986E-01 -2.8046835E-02 9.5735277E-03 1.0418595E-02 1.0015035E-02 7.2297085E-04 1.9481677E-04 5.2551006E-03 1.3570518E-04 5.2716663E-03 7.2494553E-02 2.8586087E-02 1.5646885E-04 1.6536982E+00 1.8834810E+01 -5.8057023E-02
3.1381000E+02 2.5927000E+02 8.6700000E+00 1.8600000E+02 10 5.4998865E+01 1.9107509E-01 4.8603427E-01 -3.9190590E-02 9.7311995E-03 1.0465065E-02 1.0067468E-02 7.1228799E-04 1.9156788E-04 5.3305923E-03 1.3369996E-04 5.3371763E-03 8.7058619E-02 2.9055926E-02 1.5416814E-04 1.5627177E+00 1.8915314E+01 -7.5566629E-02
3.1381000E+02 2.5927000E+02 8.6700000E+00 1.9100000E+02 10 5.4922059E+01 2.1367012E-01 5.4841144E-01 -4.8621058E-02 1.0312495E-02 1.0551530E-02 1.0159647E-02 7.0205237E-04 1.9625247E-04 5.6286310E-03 1.3177868E-04 5.5995108E-03 1.0088506E-01 3.0786868E-02 1.5663285E-04 1.4979675E+00 1.8972356E+01 -9.1557433E-02
3.1381000E+02 2.5927000E+02 8.6700000E+00 1.9600000E+02 10 5.4860793E+01 2.3359417E-01 6.0031172E-01 -5.5687445E-02 1.1007834E-02 1.0639868E-02 1.0253467E-02 6.9223056E-04 2.0490205E-04 5.9873300E-03 1.2993508E-04 5.9143279E-03 1.1175008E-01 3.2856971E-02 1.6025616E-04 1.4581072E+00 1.9007092E+01 -1.0349183E-01
3.1381000E+02 2.5927000E+02 8.6700000E+00 2.0100000E+02 10 5.4816105E+01 2.4910440E-01 6.3941090E-01 -6.0689745E-02 1.1647110E-02 1.0717046E-02 1.0335913E-02 6.8279265E-04 2.1495909E-04 6.3170872E-03 1.2816354E-04 6.2031304E-03 1.1958634E-01 3.4760015E-02 1.6341139E-04 1.4345744E+00 1.9027429E+01 -1.1162303E-01
3.1381000E+02 2.5927000E+02 8.6700000E+00 2.0600000E+02 10 5.4784706E+01 2.6054402E-01 6.6765042E-01 -6.4160148E-02 1.2175765E-02 1.0782030E-02 1.0405966E-02 6.7371183E-04 2.2503820E-04 6.5889009E-03 1.2645902E-04 6.4410529E-03 1.2504199E-01 3.6333781E-02 1.6572282E-04 1.4208762E+00 1.9039154E+01 -1.1694006E-01
3.1381000E+02 2.5927000E+02 8.6700000E+00 2.1100000E+02 10 5.4762821E+01 2.6883523E-01 6.8783578E-01 -6.6573259E-02 1.2594414E-02 1.0837518E-02 1.0466338E-02 6.6496392E-04 2.3446707E-04 6.8029681E-03 1.2481700E-04 6.6285221E-03 1.2881547E-01 3.7580202E-02 1.6727293E-04 1.4129506E+00 1.9045839E+01 -1.2036978E-01
3.1381000E+02 2.5927000E+02 8.6700000E+00 2.1600000E+02 10 5.4747415E+01 2.7486657E-01 7.0238874E-01 -6.8279000E-02 1.2921825E-02 1.0886557E-02 1.0520086E-02 6.5652710E-04 2.4295626E-04 6.9691527E-03 1.2323337E-04 6.7741966E-03 1.3145495E-01 3.8555153E-02 1.6825013E-04 1.4083874E+00 1.9049599E+01 -1.2258948E-01
3.1381000E+02 2.5927000E+02 8.6700000E+00 2.2100000E+02 10 5.4736342E+01 2.7932194E-01 7.1309021E-01 -6.9515342E-02 1.3178770E-02 1.0931535E-02 1.0569610E-02 6.4838155E-04 2.5042765E-04 7.0984574E-03 1.2170441E-04 6.8875600E-03 1.3334297E-01 3.9320432E-02 1.6883098E-04 1.4057808E+00 1.9051672E+01 -1.2404760E-01
3.1381000E+02 2.5927000E+02 8.6700000E+00 2.2600000E+02 10 5.4728164E+01 2.8268554E-01 7.2116519E-01 -7.0438366E-02 1.3382813E-02 1.0974061E-02 1.0616531E-02 6.4050925E-04 2.5691213E-04 7.2002008E-03 1.2022674E-04 6.9766074E-03 1.3473294E-01 3.9928283E-02 1.6915191E-04 1.4043158E+00 1.9052773E+01 -1.2502773E-01
3.1381000E+02 2.5927000E+02 8.6700000E+00 2.3100000E+02 10 5.4721940E+01 2.8528869E-01 7.2743300E-01 -7.1149087E-02 1.3547446E-02 1.1015120E-02 1.0661841E-02 6.3289374E-04 2.6249465E-04 7.2815195E-03 1.1879727E-04 7.0474988E-03 1.3578907E-01 4.0418838E-02 1.6930856E-04 1.4035200E+00 1.9053317E+01 -1.2570551E-01
3.1381000E+02 2.5927000E+02 8.6700000E+00 2.3600000E+02 10 5.4717060E+01 2.8735456E-01 7.3243645E-01 -7.1712890E-02 1.3682608E-02 1.1055248E-02 1.0706085E-02 6.2551995E-04 2.6728770E-04 7.3476360E-03 1.1741317E-04 7.1047996E-03 1.3661728E-01 4.0821653E-02 1.6936623E-04 1.4031192E+00 1.9053543E+01 -1.2618914E-01
3.1381000E+02 2.5927000E+02 8.6700000E+00 2.4100000E+02 10 5.4713126E+01 2.8903342E-01 7.3653587E-01 -7.2172461E-02 1.3795473E-02 1.1094700E-02 1.0749526E-02 6.1837405E-04 2.7140570E-04 7.4022903E-03 1.1607185E-04 7.1518364E-03 1.3728616E-01 4.1158076E-02 1.6936729E-04 1.4029526E+00 1.9053587E+01 -1.2654562E-01
3.1381000E+02 2.5927000E+02 8.6700000E+00 2.4600000E+02 10 5.4709873E+01 2.9042722E-01 7.3997288E-01 -7.2556083E-02 1.3891208E-02 1.1133555E-02 1.0792249E-02 6.1144332E-04 2.7495053E-04 7.4481538E-03 1.1477092E-04 7.1910219E-03 1.3784072E-01 4.1443477E-02 1.6933864E-04 1.4029250E+00 1.9053529E+01 -1.2681691E-01
3.1381000E+02 2.5927000E+02 8.6700000E+00 2.5100000E+02 10 5.4707126E+01 2.9160625E-01 7.4291213E-01 -7.2882853E-02 1.3973563E-02 1.1171798E-02 1.0834247E-02 6.0471603E-04 2.7801056E-04 7.4871607E-03 1.1350817E-04 7.2241103E-03 1.3831096E-01 4.1689016E-02 1.6929666E-04 1.4029795E+00 1.9053416E+01 -1.2702963E-01
3.1381000E+02 2.5927000E+02 8.6700000E+00 2.5600000E+02 10 5.4704762E+01 2.9261981E-01 7.4546796E-01 -7.3165959E-02 1.4045289E-02 1.1209368E-02 1.0875466E-02 5.9818134E-04 2.8066212E-04 7.5207302E-03 1.1228158E-04 7.2523862E-03 1.3871732E-01 4.1902882E-02 1.6925085E-04 1.4030818E+00 1.9053274E+01 -1.2720104E-01
3.1381000E+02 2.5927000E+02 8.6700000E+00 2.6100000E+02 10 5.4702697E+01 2.9350317E-01 7.4772157E-01 -7.3414728E-02 1.4108432E-02 1.1246190E-02 1.0915833E-02 5.9182921E-04 2.8297066E-04 7.5499219E-03 1.1108925E-04 7.2768010E-03 1.3907404E-01 4.2091173E-02 1.6920663E-04 1.4032111E+00 1.9053120E+01 -1.2734254E-01
3.1381000E+02 2.5927000E+02 8.6700000E+00 2.6400000E+02 10 5.4696507E+01 3.0412505E-01 7.6903093E-01 -7.3553260E-02 1.5674786E-02 1.2177285E-02 1.1849020E-02 5.8808159E-04 3.0105602E-04 8.3494830E-03 1.1038581E-04 8.0250664E-03 1.3927984E-01 4.6763760E-02 1.8980839E-04 1.4398190E+00 1.8972396E+01 -1.1933821E-01
3.1381000E+02 2.5927000E+02 8.6700000E+00 2.6500000E+02 10 5.4691138E+01 3.1432206E-01 7.8939121E-01 -7.3598302E-02 1.7202484E-02 1.3117037E-02 1.2789465E-02 5.8683938E-04 3.1605029E-04 9.1293678E-03 1.1015264E-04 8.7585395E-03 1.3935090E-01 5.1321681E-02 2.0912666E-04 1.4785207E+00 1.8866912E+01 -1.1129699E-01
3.1381000E+02 2.5927000E+02 8.6700000E+00 2.7000000E+02 10 5.4698918E+01 2.9647948E-01 7.5461348E-01 -7.3767645E-02 1.4475989E-02 1.1499190E-02 1.1174475E-02 5.8172095E-04 2.9526496E-04 7.7326578E-03 1.0919188E-04 7.4442250E-03 1.3958131E-01 4.3187587E-02 1.7017482E-04 1.4102492E+00 1.9043603E+01 -1.2600273E-01
3.1381000E+02 2.5927000E+02 8.6700000E+00 2.7500000E+02 10 5.4696098E+01 3.0012490E-01 7.6223842E-01 -7.3922894E-02 1.4984457E-02 1.1827314E-02 1.1505308E-02 5.7686871E-04 3.0034589E-04 7.9897157E-03 1.0828109E-04 7.6846237E-03 1.3980665E-01 4.4704668E-02 1.7719516E-04 1.4216289E+00 1.9018931E+01 -1.2356225E-01
3.1381000E+02 2.5927000E+02 8.6700000E+00 2.8000000E+02 10 5.4693613E+01 3.0320149E-01 7.6879409E-01 -7.4070180E-02 1.5412726E-02 1.2120244E-02 1.1801068E-02 5.7179902E-04 3.0593369E-04 8.2053258E-03 1.0732949E-04 7.8866966E-03 1.4002037E-01 4.5982617E-02 1.8093981E-04 1.4314276E+00 1.9001591E+01 -1.2150756E-01
3.1381000E+02 2.5927000E+02 8.6700000E+00 2.8500000E+02 10 5.4691558E+01 3.0552664E-01 7.7394957E-01 -7.4208839E-02 1.5735675E-02 1.2365600E-02 1.2049310E-02 5.6662786E-04 3.1094535E-04 8.3665439E-03 1.0635884E-04 8.0386623E-03 1.4022193E-01 4.6946533E-02 1.8278684E-04 1.4389807E+00 1.8990187E+01 -1.1996338E-01
3.1381000E+02 2.5927000E+02 8.6700000E+00 2.8900000E+02 10 5.4687795E+01 3.1171920E-01 7.8676951E-01 -7.4313962E-02 1.6657117E-02 1.2978045E-02 1.2664054E-02 5.6251039E-04 3.2231083E-04 8.8341962E-03 1.0558597E-04 8.4792185E-03 1.4037809E-01 4.9696016E-02 1.9254823E-04 1.4619198E+00 1.8942810E+01 -1.1517262E-01
3.1381000E+02 2.5927000E+02 8.6700000E+00 2.9000000E+02 10 5.4680139E+01 3.2676087E-01 8.1703327E-01 -7.4339876E-02 1.8936650E-02 1.4437676E-02 1.4124257E-02 5.6148353E-04 3.4168523E-04 9.9966382E-03 1.0539322E-04 9.5765668E-03 1.4042470E-01 5.6498029E-02 2.1986543E-04 1.5234260E+00 1.8756003E+01 -1.0298088E-01
3.1381000E+02 2.5927000E+02 8.6700000E+00 2.9500000E+02 10 5.4729335E+01 2.9705559E-01 7.4849738E-01 -6.9543639E-02 1.5924482E-02 1.2621619E-02 1.2310988E-02 5.5648998E-04 3.1935775E-04 8.4543329E-03 1.0445591E-04 8.1243378E-03 1.3316567E-01 4.7510890E-02 1.7965935E-04 1.4773310E+00 1.8957889E+01 -1.0900927E-01
3.1381000E+02 2.5927000E+02 8.6700000E+00 3.0000000E+02 10 5.4793133E+01 2.8023327E-01 7.0049928E-01 -6.1810336E-02 1.5797339E-02 1.2730326E-02 1.2422392E-02 5.5165712E-04 3.1661075E-04 8.3809034E-03 1.0354875E-04 8.0662046E-03 1.2148820E-01 4.7134266E-02 1.7924092E-04 1.5361639E+00 1.8895328E+01 -9.3351779E-02
3.1381000E+02 2.5927000E+02 8.6700000E+00 3.0100000E+02 10 5.4798219E+01 2.9360948E-01 7.2568712E-01 -6.0171529E-02 1.8416325E-02 1.4655806E-02 1.4348409E-02 5.5069705E-04 3.3840375E-04 9.7091237E-03 1.0336854E-04 9.3364642E-03 1.1902694E-01 5.4952922E-02 2.1409300E-04 1.6436636E+00 1.8634767E+01 -7.5431306E-02
3.1381000E+02 2.5927000E+02 8.6700000E+00 3.0200000E+02 10 5.4812597E+01 2.8920087E-01 7.1399963E-01 -5.8471204E-02 1.8295861E-02 1.4665831E-02 1.4358966E-02 5.4974350E-04 3.4046747E-04 9.6447990E-03 1.0318956E-04 9.2804999E-03 1.1645904E-01 5.4594572E-02 2.1096446E-04 1.6592574E+00 1.8633786E+01 -7.2402581E-02
3.1381000E+02 2.5927000E+02 8.6700000E+00 3.0300000E+02 10 5.4829636E+01 2.8327852E-01 6.9889340E-01 -5.6503296E-02 1.8038258E-02 1.4612618E-02 1.4303782E-02 5.5327421E-04 3.4140303E-04 9.5127847E-03 1.0385229E-04 9.1625979E-03 1.1347703E-01 5.3827171E-02 2.0662447E-04 1.6737369E+00 1.8638221E+01 -6.9491766E-02
3.1381000E+02 2.5927000E+02 8.6700000E+00 3.0800000E+02 10 5.4908932E+01 2.4228595E-01 6.0114599E-01 -4.8283939E-02 1.4368402E-02 1.2445398E-02 1.2136425E-02 5.5351978E-04 3.0210921E-04 7.6357896E-03 1.0389838E-04 7.4005949E-03 1.0103936E-01 4.2878628E-02 1.6021158E-04 1.6259522E+00 1.8828883E+01 -7.1877593E-02
3.1381000E+02 2.5927000E+02 8.6700000E+00 3.1300000E+02 10 5.4961369E+01 2.2402333E-01 5.5486275E-01 -4.2236286E-02 1.3569251E-02 1.2336856E-02 1.2028943E-02 5.5162053E-04 2.8581164E-04 7.2158698E-03 1.0354189E-04 7.0276886E-03 9.1902888E-02 4.0499188E-02 1.5531868E-04 1.6708096E+00 1.8782261E+01 -6.2926595E-02
3.1381000E+02 2.5927000E+02 8.6700000E+00 3.1800000E+02 10 5.4998320E+01 2.1081264E-01 5.2209626E-01 -3.8000226E-02 1.2970518E-02 1.2323518E-02 1.2016126E-02 5.5068792E-04 2.7182394E-04 6.9001480E-03 1.0336683E-04 6.7503225E-03 8.5499809E-02 3.8716913E-02 1.5120105E-04 1.7063099E+00 1.8744583E+01 -5.6694075E-02
3.1381000E+02 2.5927000E+02 8.6700000E+00 3.2300000E+02 10 5.5024037E+01 2.0118627E-01 4.9888020E-01 -3.5083842E-02 1.2498483E-02 1.2349023E-02 1.2041620E-02 5.5070767E-04 2.5933993E-04 6.6508427E-03 1.0337054E-04 6.5331098E-03 8.1086957E-02 3.7311787E-02 1.4754433E-04 1.7316915E+00 1.8717784E+01 -5.2574096E-02
3.1381000E+02 2.5927000E+02 8.6700000E+00 3.2800000E+02 10 5.5042017E+01 1.9407535E-01 4.8221510E-01 -3.3073166E-02 1.2115969E-02 1.2383333E-02 1.2075661E-02 5.5118939E-04 2.4815487E-04 6.4486518E-03 1.0346096E-04 6.3578165E-03 7.8040388E-02 3.6172947E-02 1.4438677E-04 1.7485338E+00 1.8700201E+01 -4.9927178E-02
3.1381000E+02 2.5927000E+02 8.6700000E+00 3.2900000E+02 10 5.5039160E+01 2.0514398E-01 5.0774058E-01 -3.2704117E-02 1.4132990E-02 1.4280881E-02 1.3973148E-02 5.5130002E-04 2.6482760E-04 7.4623174E-03 1.0348172E-04 7.3485964E-03 7.7496889E-02 4.2198547E-02 1.7542291E-04 1.8927763E+00 1.8429037E+01 -3.7175363E-02
3.1381000E+02 2.5927000E+02 8.6700000E+00 3.3000000E+02 10 5.5042273E+01 2.0378123E-01 5.0460559E-01 -3.2365208E-02 1.4044675E-02 1.4269887E-02 1.3962086E-02 5.5142077E-04 2.6451794E-04 7.4165040E-03 1.0350439E-04 7.3070500E-03 7.6982161E-02 4.1935172E-02 1.7274081E-04 1.8954080E+00 1.8438736E+01 -3.6860270E-02
3.1381000E+02 2.5927000E+02 8.6700000E+00 3.3500000E+02 10 5.5035690E+01 1.9413465E-01 4.8118424E-01 -3.1634742E-02 1.1518621E-02 1.2309914E-02 1.2001817E-02 5.5195033E-04 2.3455296E-04 6.1370235E-03 1.0360379E-04 6.0789616E-03 7.9595511E-02 3.4392487E-02 1.3659893E-04 1.6827023E+00 1.8774876E+01 -5.7102262E-02
3.1381000E+02 2.5927000E+02 8.6700000E+00 3.4000000E+02 10 5.5006455E+01 2.0533481E-01 5.0304160E-01 -3.1467056E-02 1.1562804E-02 1.2306085E-02 1.1997828E-02 5.5223813E-04 2.2993701E-04 6.1606223E-03 1.0365781E-04 6.0990436E-03 8.4930901E-02 3.4523221E-02 1.3953594E-04 1.6057252E+00 1.8848073E+01 -6.7898760E-02
3.1381000E+02 2.5927000E+02 8.6700000E+00 3.4500000E+02 10 5.4975508E+01 2.1901328E-01 5.2923555E-01 -3.1497440E-02 1.1935911E-02 1.2336875E-02 1.2028629E-02 5.5221780E-04 2.3130874E-04 6.3567711E-03 1.0365400E-04 6.2713345E-03 9.0354089E-02 3.5633266E-02 1.4471629E-04 1.5500894E+00 1.8900478E+01 -7.7281288E-02
3.1381000E+02 2.5927000E+02 8.6700000E+00 3.5000000E+02 10 5.4949858E+01 2.3133867E-01 5.5244927E-01 -3.1548492E-02 1.2407192E-02 1.2375393E-02 1.2067335E-02 5.5187941E-04 2.3542816E-04 6.6046775E-03 1.0359048E-04 6.4884228E-03 9.4736254E-02 3.7035493E-02 1.4995413E-04 1.5145684E+00 1.8933873E+01 -8.4127911E-02
3.1381000E+02 2.5927000E+02 8.6700000E+00 3.5500000E+02 10 5.4930868E+01 2.4104853E-01 5.7046423E-01 -3.1564608E-02 1.2845891E-02 1.2409514E-02 1.2101813E-02 5.5124136E-04 2.4030558E-04 6.8356264E-03 1.0347071E-04 6.6898389E-03 9.7918085E-02 3.8340724E-02 1.5430159E-04 1.4928260E+00 1.8954408E+01 -8.8720504E-02
3.1381000E+02 2.5927000E+02 8.6700000E+00 3.6000000E+02 10 5.4917564E+01 2.4821617E-01 5.8357264E-01 -3.1542044E-02 1.3206054E-02 1.2436436E-02 1.2129241E-02 5.5033428E-04 2.4500739E-04 7.0252618E-03 1.0330045E-04 6.8546085E-03 1.0011063E-01 3.9412259E-02 1.5760664E-04 1.4796683E+00 1.8966921E+01 -9.1679208E-02
3.1381000E+02 2.5927000E+02 8.6700000E+00 3.6500000E+02 10 5.4908467E+01 2.5335650E-01 5.9284036E-01 -3.1492094E-02 1.3484985E-02 1.2457016E-02 1.2150459E-02 5.4919241E-04 2.4923068E-04 7.1719923E-03 1.0308612E-04 6.9817311E-03 1.0158784E-01 4.0242122E-02 1.6001640E-04 1.4716797E+00 1.8974572E+01 -9.3556002E-02
3.1381000E+02 2.5927000E+02 8.6700000E+00 3.7000000E+02 10 5.4902280E+01 2.5701504E-01 5.9934318E-01 -3.1426846E-02 1.3695797E-02 1.2472942E-02 1.2167134E-02 5.4784918E-04 2.5294022E-04 7.2826518E-03 1.0283399E-04 7.0773796E-03 1.0257882E-01 4.0869342E-02 1.6174070E-04 1.4667707E+00 1.8979306E+01 -9.4746509E-02
3.1381000E+02 2.5927000E+02 8.6700000E+00 3.7500000E+02 10 5.4898043E+01 2.5963472E-01 6.0393366E-01 -3.1355294E-02 1.3854333E-02 1.2485713E-02 1.2180750E-02 5.4633526E-04 2.5618238E-04 7.3655994E-03 1.0254981E-04 7.1488897E-03 1.0324878E-01 4.1341069E-02 1.6296794E-04 1.4636983E+00 1.8982287E+01 -9.5509649E-02
3.1381000E+02 2.5927000E+02 8.6700000E+00 3.8000000E+02 10 5.4895097E+01 2.6153874E-01 6.0722373E-01 -3.1283184E-02 1.3974372E-02 1.2496420E-02 1.2192383E-02 5.4467781E-04 2.5900932E-04 7.4281417E-03 1.0223870E-04 7.2025951E-03 1.0370916E-01 4.1698284E-02 1.6384354E-04 1.4617291E+00 1.8984211E+01 -9.6007841E-02
3.1381000E+02 2.5927000E+02 8.6700000E+00 3.8500000E+02 10 5.4893004E+01 2.6295151E-01 6.0963258E-01 -3.1213820E-02 1.4066545E-02 1.2505788E-02 1.2202743E-02 5.4290047E-04 2.6146878E-04 7.4759284E-03 1.0190509E-04 7.2433742E-03 1.0403275E-01 4.1972606E-02 1.6447387E-04 1.4604307E+00 1.8985490E+01 -9.6341060E-02
3.1381000E+02 2.5927000E+02 8.6700000E+00 3.9000000E+02 10 5.4891480E+01 2.6402587E-01 6.1144187E-01 -3.1148892E-02 1.4138661E-02 1.2514276E-02 1.2212278E-02 5.4102352E-04 2.6360361E-04 7.5130816E-03 1.0155277E-04 7.2748428E-03 1.0426645E-01 4.2187265E-02 1.6493390E-04 1.4595474E+00 1.8986367E+01 -9.6570320E-02
3.1381000E+02 2.5927000E+02 8.6700000E+00 3.9500000E+02 10 5.4890337E+01 2.6486421E-01 6.1283869E-01 -3.1089102E-02 1.4196276E-02 1.2522165E-02 1.2221261E-02 5.3906425E-04 2.6545186E-04 7.5425205E-03 1.0118501E-04 7.2995893E-03 1.0444040E-01 4.2358783E-02 1.6527471E-04 1.4589263E+00 1.8986989E+01 -9.6733047E-02
3.1381000E+02 2.5927000E+02 8.6700000E+00 4.0000000E+02 10 5.4889455E+01 2.6553511E-01 6.1394705E-01 -3.1034577E-02 1.4243267E-02 1.2529623E-02 1.2229851E-02 5.3703740E-04 2.6704759E-04 7.5662864E-03 1.0080456E-04 7.3194204E-03 1.0457399E-01 4.2498691E-02 1.6553094E-04 1.4584737E+00 1.8987449E+01 -9.6852499E-02
3.1381000E+02 2.5927000E+02 8.6700000E+00 4.0500000E+02 10 5.4888756E+01 2.6608471E-01 6.1484960E-01 -3.0985133E-02 1.4282331E-02 1.2536750E-02 1.2238140E-02 5.3495543E-04 2.6842327E-04 7.5858062E-03 1.0041376E-04 7.3355884E-03 1.0467984E-01 4.2615008E-02 1.6572727E-04 1.4581315E+00 1.8987802E+01 -9.6943341E-02
3.1381000E+02 2.5927000E+02 8.6700000E+00 4.1000000E+02 10 5.4888187E+01 2.6654443E-01 6.1560189E-01 -3.0940428E-02 1.4315354E-02 1.2543598E-02 1.2246175E-02 5.3282894E-04 2.6960973E-04 7.6020850E-03 1.0001461E-04 7.3489639E-03 1.0476621E-01 4.2713343E-02 1.6588007E-04 1.4578628E+00 1.8988081E+01 -9.7014971E-02
3.1381000E+02 2.5927000E+02 8.6700000E+00 4.1200000E+02 10 5.4880806E+01 2.8112396E-01 6.4484037E-01 -3.0923280E-02 1.6531500E-02 1.3917329E-02 1.3620384E-02 5.3197186E-04 2.9211980E-04 8.7351121E-03 9.9853734E-05 8.4127829E-03 1.0480876E-01 4.9325602E-02 1.9554906E-04 1.5255624E+00 1.8837578E+01 -8.5322388E-02
3.1381000E+02 2.5927000E+02 8.6700000E+00 4.1700000E+02 10 5.4888134E+01 2.6587765E-01 6.1421592E-01 -3.0884576E-02 1.4179673E-02 1.2464135E-02 1.2168404E-02 5.2979698E-04 2.7181070E-04 7.5314785E-03 9.9445499E-05 7.2806137E-03 1.0486427E-01 4.2308310E-02 1.6207694E-04 1.4527726E+00 1.9000450E+01 -9.7982880E-02
3.1381000E+02 2.5927000E+02 8.6700000E+00 4.2200000E+02 10 5.4887789E+01 2.6613131E-01 6.1457016E-01 -3.0849627E-02 1.4190902E-02 1.2456845E-02 1.2162342E-02 5.2759707E-04 2.7059624E-04 7.5363844E-03 9.9032564E-05 7.2836689E-03 1.0492342E-01 4.2341672E-02 1.6375769E-04 1.4521675E+00 1.8998083E+01 -9.8105051E-02
3.1381000E+02 2.5927000E+02 8.6700000E+00 4.2700000E+02 10 5.4887302E+01 2.6672700E-01 6.1557404E-01 -3.0818043E-02 1.4254420E-02 1.2476159E-02 1.2182894E-02 5.2537821E-04 2.7090913E-04 7.5682502E-03 9.8616073E-05 7.3115415E-03 1.0497556E-01 4.2530932E-02 1.6497846E-04 1.4530929E+00 1.8995106E+01 -9.7944449E-02
3.1381000E+02 2.5927000E+02 8.6700000E+00 4.2900000E+02 10 5.4879895E+01 2.8146305E-01 6.4505713E-01 -3.0805924E-02 1.6494556E-02 1.3852714E-02 1.3559946E-02 5.2448799E-04 2.9337919E-04 8.7140336E-03 9.8448976E-05 8.3862748E-03 1.0500617E-01 4.9214614E-02 1.9522708E-04 1.5209513E+00 1.8844634E+01 -8.6118976E-02
3.1381000E+02 2.5927000E+02 8.6700000E+00 4.3000000E+02 10 5.4877594E+01 2.8601269E-01 6.5421867E-01 -3.0799990E-02 1.7185062E-02 1.4297633E-02 1.4005114E-02 5.2404226E-04 3.0191007E-04 9.0667287E-03 9.8365310E-05 8.7178913E-03 1.0501835E-01 5.1275001E-02 2.0234801E-04 1.5438271E+00 1.8788112E+01 -8.2441951E-02
3.1381000E+02 2.5927000E+02 8.6700000E+00 4.3500000E+02 10 5.4886478E+01 2.6819970E-01 6.1863736E-01 -3.0764665E-02 1.4478543E-02 1.2641539E-02 1.2347187E-02 5.2732587E-04 2.8020157E-04 7.6846759E-03 9.8981659E-05 7.4199594E-03 1.0499596E-01 4.3199245E-02 1.6466275E-04 1.4594218E+00 1.8988602E+01 -9.6794017E-02
3.1381000E+02 2.5927000E+02 8.6700000E+00 4.3600000E+02 10 5.4876693E+01 2.8786157E-01 6.5816209E-01 -3.0758134E-02 1.7477745E-02 1.4539335E-02 1.4244692E-02 5.2784885E-04 3.0552034E-04 9.2176742E-03 9.9079825E-05 8.8628523E-03 1.0500995E-01 5.2148753E-02 2.0636384E-04 1.5543698E+00 1.8751702E+01 -8.0787196E-02
3.1381000E+02 2.5927000E+02 8.6700000E+00 4.3700000E+02 10 5.4877322E+01 2.8808294E-01 6.5825821E-01 -3.0574269E-02 1.7530076E-02 1.4574212E-02 1.4279465E-02 5.2803572E-04 3.0972107E-04 9.2449850E-03 9.9114902E-05 8.8875954E-03 1.0486074E-01 5.2304666E-02 2.0476475E-04 1.5565517E+00 1.8758150E+01 -8.0387721E-02
3.1381000E+02 2.5927000E+02 8.6700000E+00 4.3800000E+02 10 5.4879787E+01 2.8788920E-01 6.5677589E-01 -3.0002951E-02 1.7561164E-02 1.4600135E-02 1.4305384E-02 5.2804067E-04 3.1303121E-04 9.2611800E-03 9.9115831E-05 8.9021554E-03 1.0438469E-01 5.2397249E-02 2.0358680E-04 1.5588527E+00 1.8761913E+01 -7.9820143E-02
3.1381000E+02 2.5927000E+02 8.6700000E+00 4.4300000E+02 10 5.4939083E+01 2.6317534E-01 5.8497820E-01 -1.8772569E-02 1.4969458E-02 1.3006055E-02 1.2714448E-02 5.2240984E-04 2.8979283E-04 7.9321821E-03 9.8058896E-05 7.6524962E-03 9.4938408E-02 4.4664124E-02 1.6878985E-04 1.4927957E+00 1.8946245E+01 -8.5758230E-02
3.1381000E+02 2.5927000E+02 8.6700000E+00 4.4400000E+02 10 5.4941329E+01 2.8006440E-01 6.1438016E-01 -1.6229483E-02 1.7834499E-02 1.4911075E-02 1.4619995E-02 5.2146480E-04 3.1299851E-04 9.3929457E-03 9.7881509E-05 9.0331855E-03 9.2813037E-02 5.3214739E-02 2.0789843E-04 1.6014340E+00 1.8686636E+01 -6.8521980E-02
3.1381000E+02 2.5927000E+02 8.6700000E+00 4.4500000E+02 10 5.4953955E+01 2.7831142E-01 6.0542595E-01 -1.3426023E-02 1.7868262E-02 1.4957861E-02 1.4667116E-02 5.2086492E-04 3.1612964E-04 9.4094909E-03 9.7768906E-05 9.0493598E-03 9.0450353E-02 5.3315634E-02 2.0636564E-04 1.6102983E+00 1.8686411E+01 -6.6334002E-02
3.1381000E+02 2.5927000E+02 8.6700000E+00 4.5000000E+02 10 5.5022573E+01 2.5357637E-01 5.2922697E-01 -9.2642804E-06 1.5515634E-02 1.3514438E-02 1.3224305E-02 5.1976722E-04 2.9590383E-04 8.2056838E-03 9.7562863E-05 7.9179603E-03 7.9117935E-02 4.6295693E-02 1.7485068E-04 1.5495134E+00 1.8872538E+01 -6.9391758E-02
3.1381000E+02 2.5927000E+02 8.6700000E+00 4.5300000E+02 10 5.5052464E+01 2.5773661E-01 5.2363224E-01 7.6072860E-03 1.7010054E-02 1.4664328E-02 1.4374530E-02 5.1916875E-04 3.0889166E-04 8.9634626E-03 9.7450528E-05 8.6430616E-03 7.2698963E-02 5.0757563E-02 1.9411228E-04 1.6360202E+00 1.8717854E+01 -5.5702551E-02
3.1381000E+02 2.5927000E+02 8.6700000E+00 4.5400000E+02 10 5.5059828E+01 2.6384415E-01 5.3212905E-01 1.0087035E-02 1.8256968E-02 1.5658069E-02 1.5368390E-02 5.1895507E-04 3.1899298E-04 9.5949777E-03 9.7410419E-05 9.2494612E-03 7.0612107E-02 5.4480909E-02 2.0783835E-04 1.7122307E+00 1.8542194E+01 -4.6926496E-02
3.1381000E+02 2.5927000E+02 8.6700000E+00 4.5900000E+02 10 5.5120767E+01 2.3707828E-01 4.5545294E-01 2.1448088E-02 1.5343347E-02 1.3795664E-02 1.3507478E-02 5.1627922E-04 2.9080823E-04 8.1046415E-03 9.6908149E-05 7.8453854E-03 6.1030808E-02 4.5786018E-02 1.7055424E-04 1.6015086E+00 1.8823756E+01 -5.4584729E-02
3.1381000E+02 2.5927000E+02 8.6700000E+00 4.6400000E+02 10 5.5160437E+01 2.2884391E-01 4.2311249E-01 2.9944611E-02 1.5026407E-02 1.3794221E-02 1.3507589E-02 5.1349768E-04 2.8166727E-04 7.9350872E-03 9.6386040E-05 7.6977614E-03 5.3886551E-02 4.4842574E-02 1.6887857E-04 1.6147642E+00 1.8809434E+01 -5.0003667E-02
3.1381000E+02 2.5927000E+02 8.6700000E+00 4.6900000E+02 10 5.5189041E+01 2.2293437E-01 3.9995139E-01 3.6082890E-02 1.4806375E-02 1.3821224E-02 1.3536077E-02 5.1083641E-04 2.7398192E-04 7.8166349E-03 9.5886507E-05 7.5950283E-03 4.8735296E-02 4.4187685E-02 1.6771660E-04 1.6261434E+00 1.8796384E+01 -4.6626987E-02
3.1381000E+02 2.5927000E+02 8.6700000E+00 4.7400000E+02 10 5.5209655E+01 2.1857002E-01 3.8317891E-01 4.0502809E-02 1.4633890E-02 1.3855298E-02 1.3571600E-02 5.0823928E-04 2.6724697E-04 7.7237724E-03 9.5399012E-05 7.5137504E-03 4.5035993E-02 4.3674251E-02 1.6662923E-04 1.6346113E+00 1.8786768E+01 -4.4246069E-02
3.1381000E+02 2.5927000E+02 8.6700000E+00 4.7900000E+02 10 5.5224654E+01 2.1525014E-01 3.7080075E-01 4.3709681E-02 1.4487057E-02 1.3884751E-02 1.3602484E-02 5.0567576E-04 2.6127403E-04 7.6451837E-03 9.4917827E-05 7.4435272E-03 4.2361423E-02 4.3237031E-02 1.6557679E-04 1.6401686E+00 1.8780594E+01 -4.2617583E-02
3.1381000E+02 2.5927000E+02 8.6700000E+00 4.8100000E+02 10 5.5224488E+01 2.2491275E-01 3.9003118E-01 4.4826847E-02 1.6190666E-02 1.5255137E-02 1.4973441E-02 5.0465454E-04 2.7328562E-04 8.5085779E-03 9.4726139E-05 8.2702486E-03 4.1441361E-02 4.8323754E-02 1.8846281E-04 1.7648842E+00 1.8561929E+01 -3.2240832E-02
3.1381000E+02 2.5927000E+02 8.6700000E+00 4.8200000E+02 10 5.5225352E+01 2.2751839E-01 3.9505669E-01 4.5347354E-02 1.6683488E-02 1.5701775E-02 1.5420363E-02 5.0414488E-04 2.7626025E-04 8.7574677E-03 9.4630474E-05 8.5101215E-03 4.1010804E-02 4.9795541E-02 1.9349375E-04 1.8115266E+00 1.8474400E+01 -2.9008922E-02
3.1381000E+02 2.5927000E+02 8.6700000E+00 4.8700000E+02 10 5.5243257E+01 2.0855619E-01 3.5079920E-01 4.7394012E-02 1.3872570E-02 1.3645058E-02 1.3365147E-02 5.0145427E-04 2.5063584E-04 7.3283226E-03 9.4125432E-05 7.1450256E-03 3.9303090E-02 4.1403736E-02 1.5687823E-04 1.6209639E+00 1.8816713E+01 -4.3132268E-02
3.1381000E+02 2.5927000E+02 8.6700000E+00 4.9200000E+02 10 5.5250947E+01 2.0584565E-01 3.4239055E-01 4.8933743E-02 1.3615939E-02 1.3500673E-02 1.3222259E-02 4.9877387E-04 2.4367380E-04 7.1965307E-03 9.3622309E-05 7.0184833E-03 3.8038128E-02 4.0638004E-02 1.5669498E-04 1.6117573E+00 1.8824648E+01 -4.3457251E-02
3.1381000E+02 2.5927000E+02 8.6700000E+00 4.9700000E+02 10 5.5256499E+01 2.0442279E-01 3.3710082E-01 5.0115109E-02 1.3509259E-02 1.3421207E-02 1.3144191E-02 4.9626958E-04 2.3954464E-04 7.1426153E-03 9.3152240E-05 6.9628850E-03 3.7073886E-02 4.0319367E-02 1.5713879E-04 1.6090805E+00 1.8825539E+01 -4.3292408E-02
3.1381000E+02 2.5927000E+02 8.6700000E+00 5.0200000E+02 10 5.5260732E+01 2.0354624E-01 3.3338618E-01 5.1046137E-02 1.3458662E-02 1.3374646E-02 1.3098958E-02 4.9389030E-04 2.3678797E-04 7.1176539E-03 9.2705638E-05 6.9341355E-03 3.6319374E-02 4.0168065E-02 1.5745767E-04 1.6086386E+00 1.8824765E+01 -4.3006443E-02
3.1381000E+02 2.5927000E+02 8.6700000E+00 5.0500000E+02 10 5.5259235E+01 2.1052532E-01 3.4742746E-01 5.1532520E-02 1.4633250E-02 1.4230721E-02 1.3955813E-02 4.9249357E-04 2.4683023E-04 7.7159989E-03 9.2443465E-05 7.4995541E-03 3.5934095E-02 4.3674124E-02 1.7378363E-04 1.6848205E+00 1.8699686E+01 -3.6248609E-02
3.1381000E+02 2.5927000E+02 8.6700000E+00 5.0600000E+02 10 5.5256489E+01 2.1730091E-01 3.6197618E-01 5.1687223E-02 1.5751355E-02 1.5118445E-02 1.4843795E-02 4.9203091E-04 2.5475938E-04 8.2832469E-03 9.2356621E-05 8.0418348E-03 3.5815675E-02 4.7012592E-02 1.8807807E-04 1.7725650E+00 1.8537450E+01 -2.9862917E-02
3.1381000E+02 2.5927000E+02 8.6700000E+00 5.1100000E+02 10 5.5267954E+01 1.9971834E-01 3.2290161E-01 5.2362029E-02 1.2985112E-02 1.3055087E-02 1.2781984E-02 4.8925994E-04 2.3063974E-04 6.8774988E-03 9.1836497E-05 6.6975442E-03 3.5264030E-02 3.8754094E-02 1.5027935E-04 1.5856057E+00 1.8862428E+01 -4.4762535E-02
3.1381000E+02 2.5927000E+02 8.6700000E+00 5.1600000E+02 10 5.5270767E+01 1.9859741E-01 3.1918605E-01 5.2925470E-02 1.2847687E-02 1.2907805E-02 1.2636125E-02 4.8671081E-04 2.2663658E-04 6.8084045E-03 9.1358013E-05 6.6265047E-03 3.4820311E-02 3.8343598E-02 1.5120896E-04 1.5782444E+00 1.8867823E+01 -4.5283162E-02
3.1381000E+02 2.5927000E+02 8.6700000E+00 5.2100000E+02 10 5.5272811E+01 1.9830923E-01 3.1725834E-01 5.3403016E-02 1.2825629E-02 1.2825331E-02 1.2554984E-02 4.8432216E-04 2.2484111E-04 6.7987539E-03 9.0909651E-05 6.6106164E-03 3.4447211E-02 3.8277206E-02 1.5228385E-04 1.5766564E+00 1.8867478E+01 -4.5264915E-02
3.1381000E+02 2.5927000E+02 8.6700000E+00 5.2600000E+02 10 5.5274473E+01 1.9824409E-01 3.1597043E-01 5.3815296E-02 1.2833719E-02 1.2773703E-02 1.2504657E-02 4.8199042E-04 2.2390212E-04 6.8042323E-03 9.0471972E-05 6.6096453E-03 3.4128045E-02 3.8300893E-02 1.5297830E-04 1.5767342E+00 1.8866193E+01 -4.5106820E-02
3.1381000E+02 2.5927000E+02 8.6700000E+00 5.3100000E+02 10 5.5275918E+01 1.9818968E-01 3.1487789E-01 5.4176470E-02 1.2841717E-02 1.2734696E-02 1.2466943E-02 4.7967604E-04 2.2320593E-04 6.8092242E-03 9.0037552E-05 6.6091647E-03 3.3851233E-02 3.8324448E-02 1.5331906E-04 1.5769259E+00 1.8865386E+01 -4.4958071E-02
3.1381000E+02 2.5927000E+02 8.6700000E+00 5.3600000E+02 10 5.5277208E+01 1.9810634E-01 3.1386016E-01 5.4496529E-02 1.2843648E-02 1.2700651E-02 1.2434183E-02 4.7737266E-04 2.2255839E-04 6.8107398E-03 8.9605197E-05 6.6062044E-03 3.3608471E-02 3.8329992E-02 1.5344974E-04 1.5768589E+00 1.8865169E+01 -4.4851238E-02
3.1381000E+02 2.5927000E+02 8.6700000E+00 5.4100000E+02 10 5.5278368E+01 1.9800318E-01 3.1290143E-01 5.4782790E-02 1.2840741E-02 1.2668901E-02 1.2403709E-02 4.7508625E-04 2.2192639E-04 6.8095181E-03 8.9176026E-05 6.6012317E-03 3.3393595E-02 3.8321151E-02 1.5347671E-04 1.5765484E+00 1.8865358E+01 -4.4781536E-02
3.1381000E+02 2.5927000E+02 8.6700000E+00 5.4600000E+02 10 5.5279415E+01 1.9789476E-01 3.1200756E-01 5.5040810E-02 1.2835209E-02 1.2638710E-02 1.2374781E-02 4.7282431E-04 2.2132561E-04 6.8067802E-03 8.8751448E-05 6.5952187E-03 3.3201903E-02 3.8304503E-02 1.5345885E-04 1.5760854E+00 1.8865771E+01 -4.4737577E-02
3.1381000E+02 2.5927000E+02 8.6700000E+00 5.5100000E+02 10 5.5280361E+01 1.9779079E-01 3.1118273E-01 5.5274933E-02 1.2828668E-02 1.2609947E-02 1.2347264E-02 4.7059204E-04 2.2077087E-04 6.8034150E-03 8.8332440E-05 6.5888797E-03 3.3029727E-02 3.8284855E-02 1.5342423E-04 1.5755464E+00 1.8866291E+01 -4.4710062E-02
3.1381000E+02 2.5927000E+02 8.6700000E+00 5.5600000E+02 10 5.5281220E+01 1.9769613E-01 3.1042628E-01 5.5488630E-02 1.2822048E-02 1.2582608E-02 1.2321153E-02 4.6839195E-04 2.2026900E-04 6.7999377E-03 8.7919473E-05 6.5826227E-03 3.2874147E-02 3.8264977E-02 1.5338487E-04 1.5749798E+00 1.8866851E+01 -4.4692862E-02
3.1381000E+02 2.5927000E+02 8.6700000E+00 5.6100000E+02 10 5.5282002E+01 1.9761245E-01 3.0973417E-01 5.5684720E-02 1.2815806E-02 1.2556671E-02 1.2296426E-02 4.6622456E-04 2.1982094E-04 6.7966071E-03 8.7512643E-05 6.5766426E-03 3.2732807E-02 3.8246233E-02 1.5334573E-04 1.5744122E+00 1.8867421E+01 -4.4682261E-02
3.1381000E+02 2.5927000E+02 8.6700000E+00 5.6600000E+02 10 5.5282716E+01 1.9753978E-01 3.0910078E-01 5.5865518E-02 1.2810130E-02 1.2532081E-02 1.2273028E-02 4.6408923E-04 2.1942427E-04 6.7935339E-03 8.7111831E-05 6.5710136E-03 3.2603780E-02 3.8229181E-02 1.5330875E-04 1.5738571E+00 1.8867983E+01 -4.4676068E-02
3.1381000E+02 2.5927000E+02 8.6700000E+00 5.7100000E+02 10 5.5283372E+01 1.9747741E-01 3.0852014E-01 5.6032952E-02 1.2805069E-02 1.2508753E-02 1.2250875E-02 4.6198478E-04 2.1907503E-04 6.7907511E-03 8.6716815E-05 6.5657484E-03 3.2485473E-02 3.8213965E-02 1.5327459E-04 1.5733202E+00 1.8868527E+01 -4.4672989E-02
3.1381000E+02 2.5927000E+02 8.6700000E+00 5.7600000E+02 10 5.5283975E+01 1.9742433E-01 3.0798652E-01 5.6188631E-02 1.2800604E-02 1.2486591E-02 1.2229870E-02 4.5990984E-04 2.1876852E-04 6.7882541E-03 8.6327338E-05 6.5608314E-03 3.2376559E-02 3.8200530E-02 1.5324307E-04 1.5728033E+00 1.8869048E+01 -4.4672243E-02
3.1381000E+02 2.5927000E+02 8.6700000E+00 5.8100000E+02 10 5.5284533E+01 1.9737953E-01 3.0749468E-01 5.6333916E-02 1.2796689E-02 1.2465492E-02 1.2209915E-02 4.5786306E-04 2.1849863E-04 6.7860227E-03 8.5943149E-05 6.5562359E-03 3.2275915E-02 3.8188739E-02 1.5321328E-04 1.5723064E+00 1.8869553E+01 -4.4673330E-02
3.1381000E+02 2.5927000E+02 8.6700000E+00 5.8200000E+02 10 5.5276887E+01 2.1295445E-01 3.4052988E-01 5.6362567E-02 1.5288291E-02 1.4256617E-02 1.4001268E-02 4.5745483E-04 2.3818350E-04 8.0546234E-03 8.5866520E-05 7.7602204E-03 3.2270731E-02 4.5626664E-02 1.8859880E-04 1.7369808E+00 1.8571934E+01 -3.1020621E-02
3.1381000E+02 2.5927000E+02 8.6700000E+00 5.8700000E+02 10 5.5285504E+01 1.9654908E-01 3.0548564E-01 5.6475119E-02 1.2678842E-02 1.2384402E-02 1.2128757E-02 4.5798324E-04 2.1866249E-04 6.7272512E-03 8.5965707E-05 6.4981163E-03 3.2163144E-02 3.7836772E-02 1.5035058E-04 1.5662463E+00 1.8881095E+01 -4.5228793E-02
3.1381000E+02 2.5927000E+02 8.6700000E+00 5.9200000E+02 10 5.5286037E+01 1.9633797E-01 3.0473522E-01 5.6588172E-02 1.2649723E-02 1.2348224E-02 1.2093074E-02 4.5709809E-04 2.1787128E-04 6.7127005E-03 8.5799560E-05 6.4824854E-03 3.2080799E-02 3.7749789E-02 1.5106290E-04 1.5644877E+00 1.8881265E+01 -4.5364984E-02
3.1381000E+02 2.5927000E+02 8.6700000E+00 5.9700000E+02 10 5.5286369E+01 1.9646754E-01 3.0465949E-01 5.6693765E-02 1.2670087E-02 1.2340383E-02 1.2085795E-02 4.5608943E-04 2.1796509E-04 6.7235991E-03 8.5610229E-05 6.4902719E-03 3.2005206E-02 3.7810371E-02 1.5172829E-04 1.5652519E+00 1.8879136E+01 -4.5251395E-02
3.1381000E+02 2.5927000E+02 8.6700000E+00 6.0200000E+02 10 5.5286657E+01 1.9662503E-01 3.0469821E-01 5.6791318E-02 1.2696363E-02 1.2343880E-02 1.2089752E-02 4.5526557E-04 2.1825370E-04 6.7374862E-03 8.5455586E-05 6.5012229E-03 3.1934702E-02 3.7888649E-02 1.5211604E-04 1.5664913E+00 1.8877043E+01 -4.5093920E-02
3.1381000E+02 2.5927000E+02 8.6700000E+00 6.0700000E+02 10 5.5286955E+01 1.9671730E-01 3.0465866E-01 5.6882554E-02 1.2714373E-02 1.2348894E-02 1.2095164E-02 4.5455315E-04 2.1846621E-04 6.7470288E-03 8.5321861E-05 6.5085066E-03 3.1868435E-02 3.7942323E-02 1.5226510E-04 1.5674329E+00 1.8875655E+01 -4.4969250E-02
3.1381000E+02 2.5927000E+02 8.6700000E+00 6.1200000E+02 10 5.5287265E+01 1.9674625E-01 3.0452256E-01 5.6969000E-02 1.2723417E-02 1.2351631E-02 1.2098293E-02 4.5385027E-04 2.1856063E-04 6.7518767E-03 8.5189927E-05 6.5116195E-03 3.1805909E-02 3.7969273E-02 1.5227851E-04 1.5679590E+00 1.8874920E+01 -4.4888164E-02
3.1381000E+02 2.5927000E+02 8.6700000E+00 6.1700000E+02 10 5.5287579E+01 1.9673560E-01 3.0432014E-01 5.7051673E-02 1.2726298E-02 1.2351258E-02 1.2098343E-02 4.5309222E-04 2.1856988E-04 6.7534934E-03 8.5047638E-05 6.5117760E-03 3.1746772E-02 3.7977840E-02 1.5223120E-04 1.5681582E+00 1.8874626E+01 -4.4841219E-02
3.1381000E+02 2.5927000E+02 8.6700000E+00 6.2200000E+02 10 5.5287887E+01 1.9670594E-01 3.0408290E-01 5.7131194E-02 1.2725709E-02 1.2348060E-02 1.2095616E-02 4.5225045E-04 2.1853142E-04 6.7532806E-03 8.4889635E-05 6.5101994E-03 3.1690730E-02 3.7976049E-02 1.5216296E-04 1.5681419E+00 1.8874604E+01 -4.4816971E-02
3.1381000E+02 2.5927000E+02 8.6700000E+00 6.2700000E+02 10 5.5288187E+01 1.9667015E-01 3.0383246E-01 5.7207932E-02 1.2723453E-02 1.2342609E-02 1.2090684E-02 4.5131974E-04 2.1847210E-04 6.7521763E-03 8.4714936E-05 6.5077307E-03 3.1637528E-02 3.7969275E-02 1.5209253E-04 1.5679946E+00 1.8874735E+01 -4.4806848E-02
3.1381000E+02 2.5927000E+02 8.6700000E+00 6.3200000E+02 10 5.5288473E+01 1.9663523E-01 3.0358154E-01 5.7282114E-02 1.2720578E-02 1.2335458E-02 1.2084098E-02 4.5030716E-04 2.1840714E-04 6.7507256E-03 8.4524868E-05 6.5048742E-03 3.1586940E-02 3.7960645E-02 1.5202674E-04 1.5677713E+00 1.8874954E+01 -4.4805282E-02
3.1381000E+02 2.5927000E+02 8.6700000E+00 6.3700000E+02 10 5.5288747E+01 1.9660441E-01 3.0333683E-01 5.7353892E-02 1.2717633E-02 1.2327059E-02 1.2076303E-02 4.4922489E-04 2.1834460E-04 6.7492123E-03 8.4321721E-05 6.5019088E-03 3.1538759E-02 3.7951798E-02 1.5196770E-04 1.5675051E+00 1.8875221E+01 -4.4808897E-02
3.1381000E+02 2.5927000E+02 8.6700000E+00 6.4200000E+02 10 5.5289008E+01 1.9657882E-01 3.0310138E-01 5.7423384E-02 1.2714878E-02 1.2317759E-02 1.2067639E-02 4.4808624E-04 2.1828828E-04 6.7477705E-03 8.4107992E-05 6.4989771E-03 3.1492801E-02 3.7943510E-02 1.5191538E-04 1.5672156E+00 1.8875515E+01 -4.4815709E-02
3.1381000E+02 2.5927000E+02 8.6700000E+00 6.4700000E+02 10 5.5289257E+01 1.9655859E-01 3.0287631E-01 5.7490687E-02 1.2712415E-02 1.2307817E-02 1.2058357E-02 4.4690364E-04 2.1824018E-04 6.7464561E-03 8.3886011E-05 6.4961452E-03 3.1448905E-02 3.7936094E-02 1.5186917E-04 1.5669140E+00 1.8875819E+01 -4.4824552E-02
3.1381000E+02 2.5927000E+02 8.6700000E+00 6.5000000E+02 10 5.5285562E+01 2.0426453E-01 3.1901883E-01 5.7530302E-02 1.3944470E-02 1.3148162E-02 1.2899106E-02 4.4618073E-04 2.3071796E-04 7.3758656E-03 8.3750317E-05 7.0882415E-03 3.1430444E-02 4.1613200E-02 1.6884519E-04 1.6394157E+00 1.8758035E+01 -3.8157758E-02
