x y z_datum Time Well_no H2O H O Charge Al C Ca Cl Fe K Mg Na S Si U pH pe Alkalinity
3.1381000E+02 2.5927000E+02 8.6700000E+00 0.0000000E+00 10 9.9704301E-01 7.2098600E-06 6.6484776E-04 -3.2324431E-06 0.0000000E+00 1.0067647E-04 6.3262499E-05 4.3211171E-04 0.0000000E+00 2.8240956E-04 5.5605062E-05 2.2967748E-04 1.4127542E-04 0.0000000E+00 0.0000000E+00 7.0300000E+00 1.1068788E+01 7.1999443E-03
3.1381000E+02 2.5927000E+02 8.6700000E+00 5.0000000E+00 10 5.5328501E+01 1.9090672E-02 6.2368060E-02 -3.0295443E-03 0.0000000E+00 7.2843280E-03 1.3717805E-03 1.0592229E-02 0.0000000E+00 6.2771980E-03 1.9882135E-03 8.6821549E-03 1.0376057E-02 0.0000000E+00 0.0000000E+00 2.3860934E+00 1.7996273E+01 -6.6560964E-03
3.1381000E+02 2.5927000E+02 8.6700000E+00 1.0000000E+01 10 5.5309893E+01 3.3147302E-02 1.0530999E-01 -2.7437234E-03 1.0796563E-03 7.8510149E-03 3.1934954E-03 8.3438675E-03 1.4852758E-05 5.4774234E-03 1.5661850E-03 7.3803804E-03 1.8799914E-02 3.2285747E-03 1.5705125E-05 2.0055424E+00 1.8419814E+01 -1.7599588E-02
3.1381000E+02 2.5927000E+02 8.6700000E+00 1.5000000E+01 10 5.5287871E+01 5.7123610E-02 1.5275230E-01 -2.4958372E-03 2.6278552E-03 8.1443580E-03 4.5752968E-03 6.3939128E-03 3.5129222E-05 5.0964383E-03 1.2001689E-03 6.5458982E-03 2.6106550E-02 7.8537408E-03 3.7969750E-05 1.8792354E+00 1.8564995E+01 -2.5021786E-02
3.1381000E+02 2.5927000E+02 8.6700000E+00 2.0000000E+01 10 5.5269902E+01 7.8047783E-02 1.9158614E-01 -2.3102851E-03 4.0254262E-03 8.3370755E-03 5.5827662E-03 4.9342985E-03 5.5141539E-05 4.9349049E-03 9.2619210E-04 6.0340792E-03 3.1576314E-02 1.2027496E-02 5.7797837E-05 1.8223536E+00 1.8630734E+01 -2.9669234E-02
3.1381000E+02 2.5927000E+02 8.6700000E+00 2.5000000E+01 10 5.5256687E+01 9.3854713E-02 2.2050669E-01 -2.1789682E-03 5.1224381E-03 8.4976260E-03 6.3199241E-03 3.9013163E-03 7.2147519E-05 4.8766405E-03 7.3229625E-04 5.7226785E-03 3.5447589E-02 1.5303004E-02 7.3094346E-05 1.7944318E+00 1.8662939E+01 -3.2474331E-02
3.1381000E+02 2.5927000E+02 8.6700000E+00 3.0000000E+01 10 5.5247288E+01 1.0525086E-01 2.4139697E-01 -2.0874490E-03 5.9417546E-03 8.6445842E-03 6.8687394E-03 3.1813960E-03 8.5747315E-05 4.8643483E-03 5.9716368E-04 5.5315914E-03 3.8145765E-02 1.7749107E-02 8.4247830E-05 1.7804360E+00 1.8679079E+01 -3.4137712E-02
3.1381000E+02 2.5927000E+02 8.6700000E+00 3.5000000E+01 10 5.5240640E+01 1.1337221E-01 2.5640040E-01 -2.0234436E-03 6.5415991E-03 8.7814902E-03 7.2866907E-03 2.6779080E-03 9.6268935E-05 4.8695757E-03 5.0265650E-04 5.4107302E-03 4.0032872E-02 1.9539887E-02 9.2198881E-05 1.7734429E+00 1.8687183E+01 -3.5124047E-02
3.1381000E+02 2.5927000E+02 8.6700000E+00 4.0000000E+01 10 5.5235914E+01 1.1915875E-01 2.6722619E-01 -1.9781248E-03 6.9780904E-03 8.9084059E-03 7.6125995E-03 2.3214152E-03 1.0429303E-04 4.8792925E-03 4.3574105E-04 5.3308174E-03 4.1369092E-02 2.0842980E-02 9.7830392E-05 1.7700462E+00 1.8691180E+01 -3.5714630E-02
3.1381000E+02 2.5927000E+02 8.6700000E+00 4.5000000E+01 10 5.5232520E+01 1.2330812E-01 2.7511925E-01 -1.9454946E-03 7.2962312E-03 9.0250387E-03 7.8725100E-03 2.0647357E-03 1.1038171E-04 4.8882049E-03 3.8756105E-04 5.2752007E-03 4.2331229E-02 2.1792767E-02 1.0182778E-04 1.7685134E+00 1.8693057E+01 -3.6073546E-02
3.1381000E+02 2.5927000E+02 8.6700000E+00 5.0000000E+01 10 5.5230049E+01 1.2631431E-01 2.8095456E-01 -1.9215443E-03 7.5296528E-03 9.1313870E-03 8.0840232E-03 1.8763346E-03 1.1499233E-04 4.8946235E-03 3.5219723E-04 5.2344206E-03 4.3037461E-02 2.2489654E-02 1.0468682E-04 1.7679433E+00 1.8693836E+01 -3.6295739E-02
3.1381000E+02 2.5927000E+02 8.6700000E+00 5.5000000E+01 10 5.5228220E+01 1.2852122E-01 2.8533936E-01 -1.9035972E-03 7.7026850E-03 9.2277655E-03 8.2592065E-03 1.7351571E-03 1.1849786E-04 4.8983927E-03 3.2569753E-04 5.2030470E-03 4.3566694E-02 2.3006272E-02 1.0675469E-04 1.7678606E+00 1.8694056E+01 -3.6436372E-02
3.1381000E+02 2.5927000E+02 8.6700000E+00 6.0000000E+01 10 5.5226841E+01 1.3016655E-01 2.8869344E-01 -1.8898572E-03 7.8326324E-03 9.3147121E-03 8.4064849E-03 1.6270737E-03 1.2118749E-04 4.8999164E-03 3.0540974E-04 5.1778952E-03 4.3971885E-02 2.3394276E-02 1.0827130E-04 1.7680124E+00 1.8693996E+01 -3.6527856E-02
3.1381000E+02 2.5927000E+02 8.6700000E+00 6.5000000E+01 10 5.5225783E+01 1.3141460E-01 2.9130756E-01 -1.8791095E-03 7.9317128E-03 9.3928986E-03 8.5318643E-03 1.5425283E-03 1.2327587E-04 4.8997344E-03 2.8954015E-04 5.1570551E-03 4.4288849E-02 2.3690134E-02 1.0940092E-04 1.7682645E+00 1.8693810E+01 -3.6589404E-02
3.1381000E+02 2.5927000E+02 8.6700000E+00 6.6000000E+01 10 5.5219857E+01 1.4315915E-01 3.1967956E-01 -1.8770707E-03 9.9660752E-03 1.1396945E-02 1.0544863E-02 1.5264909E-03 1.4172056E-04 5.9092093E-03 2.8652985E-04 6.1464979E-03 4.4366037E-02 2.9767634E-02 1.4193823E-04 1.9587906E+00 1.8393893E+01 -2.4465663E-02
3.1381000E+02 2.5927000E+02 8.6700000E+00 6.7000000E+01 10 5.5219755E+01 1.4320333E-01 3.1973791E-01 -1.8751348E-03 9.9545940E-03 1.1382657E-02 1.0539075E-02 1.5112615E-03 1.4337199E-04 5.8950549E-03 2.8367121E-04 6.1275597E-03 4.4422003E-02 2.9732988E-02 1.3976887E-04 1.9554708E+00 1.8409412E+01 -2.4652831E-02
3.1381000E+02 2.5927000E+02 8.6700000E+00 7.2000000E+01 10 5.5222021E+01 1.3247403E-01 2.9391155E-01 -1.8363991E-03 7.8269877E-03 9.3394846E-03 8.5301883E-03 1.4498406E-03 1.2450309E-04 4.7921604E-03 2.7214221E-04 5.0296270E-03 4.5171257E-02 2.3377226E-02 1.0580796E-04 1.7418442E+00 1.8874761E+01 -3.8911912E-02
3.1381000E+02 2.5927000E+02 8.6700000E+00 7.7000000E+01 10 5.5216729E+01 1.3516959E-01 2.9974135E-01 -1.7884038E-03 7.9506435E-03 9.3875894E-03 8.6064768E-03 1.3993499E-03 1.3784159E-04 4.8256699E-03 2.6266486E-04 5.0473953E-03 4.6107757E-02 2.3746061E-02 1.3306817E-04 1.7297790E+00 1.8950349E+01 -4.0168964E-02
3.1381000E+02 2.5927000E+02 8.6700000E+00 8.2000000E+01 10 5.5211827E+01 1.3805167E-01 3.0587730E-01 -1.7463763E-03 8.1379463E-03 9.4722176E-03 8.7146763E-03 1.3571225E-03 1.5591514E-04 4.8966529E-03 2.5473856E-04 5.1024484E-03 4.6934918E-02 2.4304717E-02 1.6481340E-04 1.7244222E+00 1.8988204E+01 -4.0860251E-02
3.1381000E+02 2.5927000E+02 8.6700000E+00 8.7000000E+01 10 5.5208011E+01 1.4042962E-01 3.1094780E-01 -1.7141888E-03 8.3073224E-03 9.5572656E-03 8.8197435E-03 1.3212583E-03 1.7300513E-04 4.9621131E-03 2.4800668E-04 5.1542544E-03 4.7579201E-02 2.4809930E-02 1.9226681E-04 1.7220202E+00 1.9008370E+01 -4.1256016E-02
3.1381000E+02 2.5927000E+02 8.6700000E+00 9.1000000E+01 10 5.5204214E+01 1.4483647E-01 3.2097961E-01 -1.6942733E-03 8.9149325E-03 1.0064188E-02 9.3408226E-03 1.2958961E-03 1.9596148E-04 5.2537876E-03 2.4324607E-04 5.4300609E-03 4.8000127E-02 2.6624142E-02 2.2768900E-04 1.7560156E+00 1.8978845E+01 -3.8563872E-02
3.1381000E+02 2.5927000E+02 8.6700000E+00 9.2000000E+01 10 5.5199210E+01 1.5418066E-01 3.4319803E-01 -1.6896449E-03 1.0498382E-02 1.1546299E-02 1.0826363E-02 1.2897528E-03 2.3343343E-04 6.0450944E-03 2.4209294E-04 6.2032494E-03 4.8149513E-02 3.1353934E-02 2.9249566E-04 1.8871879E+00 1.8832853E+01 -2.9363033E-02
3.1381000E+02 2.5927000E+02 8.6700000E+00 9.7000000E+01 10 5.5199303E+01 1.4333577E-01 3.1832487E-01 -2.1783054E-03 8.3309940E-03 9.5436343E-03 8.8386460E-03 1.2629746E-03 1.9483634E-04 4.9410872E-03 2.3706654E-04 5.1160741E-03 4.9229716E-02 2.4879819E-02 2.1935175E-04 1.6976203E+00 1.9060235E+01 -4.3952311E-02
3.1381000E+02 2.5927000E+02 8.6700000E+00 1.0200000E+02 10 5.5191530E+01 1.4637468E-01 3.2592659E-01 -2.8454308E-03 8.4802828E-03 9.5971349E-03 8.9053115E-03 1.2393899E-03 2.0639107E-04 5.0038537E-03 2.3263958E-04 5.1679412E-03 5.0584767E-02 2.5324992E-02 2.3861576E-04 1.6886663E+00 1.9081668E+01 -4.5248154E-02
3.1381000E+02 2.5927000E+02 8.6700000E+00 1.0700000E+02 10 5.5184670E+01 1.4935528E-01 3.3319195E-01 -3.4352524E-03 8.6652376E-03 9.6737476E-03 8.9936233E-03 1.2184311E-03 2.1839455E-04 5.0863990E-03 2.2870551E-04 5.2390928E-03 5.1753134E-02 2.5876539E-02 2.5628198E-04 1.6844114E+00 1.9094725E+01 -4.6059755E-02
3.1381000E+02 2.5927000E+02 8.6700000E+00 1.1200000E+02 10 5.5179430E+01 1.5175126E-01 3.3898216E-01 -3.8796109E-03 8.8260195E-03 9.7469408E-03 9.0772954E-03 1.1996583E-03 2.2920559E-04 5.1577335E-03 2.2518176E-04 5.3006009E-03 5.2643218E-02 2.6356030E-02 2.7074742E-04 1.6823742E+00 1.9102480E+01 -4.6568915E-02
3.1381000E+02 2.5927000E+02 8.6700000E+00 1.1700000E+02 10 5.5175634E+01 1.5354968E-01 3.4331239E-01 -4.1942684E-03 8.9514253E-03 9.8093142E-03 9.1491209E-03 1.1827250E-03 2.3823669E-04 5.2119374E-03 2.2200330E-04 5.3467881E-03 5.3292186E-02 2.6730045E-02 2.8183890E-04 1.6813724E+00 1.9107138E+01 -4.6895274E-02
3.1381000E+02 2.5927000E+02 8.6700000E+00 1.2200000E+02 10 5.5172915E+01 1.5487906E-01 3.4650870E-01 -4.4130108E-03 9.0463930E-03 9.8611888E-03 9.2095753E-03 1.1673546E-03 2.4553841E-04 5.2514158E-03 2.1911819E-04 5.3797478E-03 5.3762685E-02 2.7013301E-02 2.9011242E-04 1.6808822E+00 1.9109987E+01 -4.7109415E-02
3.1381000E+02 2.5927000E+02 8.6700000E+00 1.2400000E+02 10 5.5167059E+01 1.6527240E-01 3.7043727E-01 -4.4873650E-03 1.0755312E-02 1.1319924E-02 1.0671612E-02 1.1614403E-03 2.9079568E-04 6.1093142E-03 2.1800806E-04 6.2106610E-03 5.3991756E-02 3.2116547E-02 3.6428228E-04 1.7928400E+00 1.8986947E+01 -3.7502603E-02
3.1381000E+02 2.5927000E+02 8.6700000E+00 1.2500000E+02 10 5.5165235E+01 1.6829296E-01 3.7762052E-01 -4.5215253E-03 1.1253606E-02 1.1784884E-02 1.1138191E-02 1.1585397E-03 3.0486146E-04 6.3581527E-03 2.1746361E-04 6.4526911E-03 5.4086464E-02 3.3604770E-02 3.8350081E-04 1.8313247E+00 1.8945332E+01 -3.4668459E-02
3.1381000E+02 2.5927000E+02 8.6700000E+00 1.3000000E+02 10 5.5170575E+01 1.5514934E-01 3.4776059E-01 -4.6378405E-03 8.9774441E-03 9.8278565E-03 9.1896828E-03 1.1432773E-03 2.5089587E-04 5.2026032E-03 2.1459878E-04 5.3259228E-03 5.4279045E-02 2.6807075E-02 2.8714706E-04 1.6709950E+00 1.9123718E+01 -4.8261084E-02
3.1381000E+02 2.5927000E+02 8.6700000E+00 1.3100000E+02 10 5.5163553E+01 1.6889940E-01 3.7927409E-01 -4.6592935E-03 1.1271343E-02 1.1802526E-02 1.1165967E-02 1.1403840E-03 3.1068909E-04 6.3562414E-03 2.1405568E-04 6.4465715E-03 5.4428625E-02 3.3657719E-02 3.9331430E-04 1.8269239E+00 1.8950594E+01 -3.5081087E-02
3.1381000E+02 2.5927000E+02 8.6700000E+00 1.3200000E+02 10 5.5163312E+01 1.6896981E-01 3.7940630E-01 -4.6791907E-03 1.1267729E-02 1.1792371E-02 1.1157395E-02 1.1375503E-03 3.1057906E-04 6.3533199E-03 2.1352378E-04 6.4417331E-03 5.4473040E-02 3.3646588E-02 3.8735733E-04 1.8255081E+00 1.8953355E+01 -3.5196888E-02
3.1381000E+02 2.5927000E+02 8.6700000E+00 1.3700000E+02 10 5.5162775E+01 1.5719246E-01 3.5375241E-01 -5.8246049E-03 8.9971565E-03 9.8393948E-03 9.2119253E-03 1.1241009E-03 2.5527567E-04 5.2014257E-03 2.1099927E-04 5.3194428E-03 5.5839921E-02 2.6865629E-02 2.9040202E-04 1.6587066E+00 1.9115261E+01 -5.0095381E-02
3.1381000E+02 2.5927000E+02 8.6700000E+00 1.4200000E+02 10 5.5152625E+01 1.6085789E-01 3.6326548E-01 -7.3606448E-03 9.2020032E-03 9.9433772E-03 9.3228597E-03 1.1116467E-03 2.5510634E-04 5.2986133E-03 2.0866154E-04 5.4078192E-03 5.7735190E-02 2.7476775E-02 2.9314193E-04 1.6538178E+00 1.9081911E+01 -5.1331864E-02
3.1381000E+02 2.5927000E+02 8.6700000E+00 1.4700000E+02 10 5.5143346E+01 1.6452028E-01 3.7247156E-01 -8.7394536E-03 9.4401401E-03 1.0067149E-02 9.4530289E-03 1.1001858E-03 2.4932670E-04 5.4136675E-03 2.0651029E-04 5.5126962E-03 5.9418177E-02 2.8187140E-02 2.8318393E-04 1.6520987E+00 1.9037576E+01 -5.2156868E-02
3.1381000E+02 2.5927000E+02 8.6700000E+00 1.5200000E+02 10 5.5136122E+01 1.6747105E-01 3.7980241E-01 -9.7995559E-03 9.6405108E-03 1.0176741E-02 9.5685191E-03 1.0896185E-03 2.4011024E-04 5.5099677E-03 2.0452675E-04 5.6001447E-03 6.0708694E-02 2.8784850E-02 2.6523287E-04 1.6514776E+00 1.8989760E+01 -5.2710964E-02
3.1381000E+02 2.5927000E+02 8.6700000E+00 1.5700000E+02 10 5.5130830E+01 1.6967679E-01 3.8524347E-01 -1.0566210E-02 9.7927098E-03 1.0264544E-02 9.6617859E-03 1.0798313E-03 2.2976921E-04 5.5820851E-03 2.0268965E-04 5.6651209E-03 6.1644319E-02 2.9238875E-02 2.4422557E-04 1.6512056E+00 1.8943533E+01 -5.3089164E-02
3.1381000E+02 2.5927000E+02 8.6700000E+00 1.6200000E+02 10 5.5127016E+01 1.7129515E-01 3.8921246E-01 -1.1110457E-02 9.9052802E-03 1.0333081E-02 9.7354065E-03 1.0707240E-03 2.1984319E-04 5.6343250E-03 2.0098015E-04 5.7116461E-03 6.2313629E-02 2.9574695E-02 2.2355036E-04 1.6510623E+00 1.8902818E+01 -5.3350845E-02
3.1381000E+02 2.5927000E+02 8.6700000E+00 1.6700000E+02 10 5.5124254E+01 1.7248898E-01 3.9212647E-01 -1.1497433E-02 9.9888402E-03 1.0386880E-02 9.7939557E-03 1.0622138E-03 2.1112439E-04 5.6720679E-03 1.9938275E-04 5.7447486E-03 6.2796009E-02 2.9823978E-02 2.0503529E-04 1.6509845E+00 1.8870404E+01 -5.3534358E-02
3.1381000E+02 2.5927000E+02 8.6700000E+00 1.6800000E+02 10 5.5116675E+01 1.8691886E-01 4.2443225E-01 -1.1569038E-02 1.2349891E-02 1.2347426E-02 1.1755439E-02 1.0605350E-03 2.3360553E-04 6.8623239E-03 1.9906763E-04 6.8968597E-03 6.2908064E-02 3.6874504E-02 2.4478729E-04 1.7926208E+00 1.8641927E+01 -4.0148777E-02
3.1381000E+02 2.5927000E+02 8.6700000E+00 1.6900000E+02 10 5.5116275E+01 1.8696743E-01 4.2456896E-01 -1.1635325E-02 1.2338266E-02 1.2332012E-02 1.1740949E-02 1.0588788E-03 2.3331808E-04 6.8561637E-03 1.9875676E-04 6.8889517E-03 6.2989034E-02 3.6839419E-02 2.3699956E-04 1.7906412E+00 1.8643513E+01 -4.0338805E-02
3.1381000E+02 2.5927000E+02 8.6700000E+00 1.7400000E+02 10 5.5129288E+01 1.6593718E-01 3.8717651E-01 -1.5684304E-02 9.8579758E-03 1.0308459E-02 9.7217368E-03 1.0511024E-03 2.0033118E-04 5.5996165E-03 1.9729708E-04 5.6714664E-03 6.2013780E-02 2.9433024E-02 1.7761779E-04 1.7028097E+00 1.8795347E+01 -4.8485306E-02
3.1381000E+02 2.5927000E+02 8.6700000E+00 1.7500000E+02 10 5.5124515E+01 1.7692843E-01 4.1519019E-01 -1.6650820E-02 1.1975358E-02 1.2246542E-02 1.1660677E-02 1.0495668E-03 2.1951657E-04 6.6626611E-03 1.9700885E-04 6.7099425E-03 6.1787112E-02 3.5757784E-02 2.1305105E-04 1.8689194E+00 1.8534049E+01 -3.4551279E-02
3.1381000E+02 2.5927000E+02 8.6700000E+00 1.7600000E+02 10 5.5126638E+01 1.7437734E-01 4.1253440E-01 -1.7754122E-02 1.1858645E-02 1.2217118E-02 1.1632100E-02 1.0480504E-03 2.1818388E-04 6.6016122E-03 1.9672422E-04 6.6531934E-03 6.1488427E-02 3.5409758E-02 2.0639567E-04 1.8862763E+00 1.8520801E+01 -3.3380049E-02
3.1381000E+02 2.5927000E+02 8.6700000E+00 1.8100000E+02 10 5.5081956E+01 1.6809783E-01 4.1725030E-01 -2.7939045E-02 9.3132283E-03 1.0202843E-02 9.6218150E-03 1.0409019E-03 1.8538968E-04 5.3103317E-03 1.9538241E-04 5.4071797E-03 7.1221450E-02 2.7809939E-02 1.5498949E-04 1.6580593E+00 1.8829448E+01 -5.7195359E-02
3.1381000E+02 2.5927000E+02 8.6700000E+00 1.8600000E+02 10 5.5003535E+01 1.8749657E-01 4.7715316E-01 -3.8742058E-02 9.5007754E-03 1.0246310E-02 9.6690533E-03 1.0341459E-03 1.8199472E-04 5.4037359E-03 1.9411426E-04 5.4899049E-03 8.5624639E-02 2.8368823E-02 1.5211133E-04 1.5658715E+00 1.8910878E+01 -7.4609049E-02
3.1381000E+02 2.5927000E+02 8.6700000E+00 1.9100000E+02 10 5.4929895E+01 2.0929922E-01 5.3703150E-01 -4.7724946E-02 1.0071217E-02 1.0325310E-02 9.7516248E-03 1.0277470E-03 1.8579711E-04 5.6983213E-03 1.9291316E-04 5.7504139E-03 9.8862413E-02 3.0067523E-02 1.5368421E-04 1.5029098E+00 1.8966240E+01 -8.9917265E-02
3.1381000E+02 2.5927000E+02 8.6700000E+00 1.9600000E+02 10 5.4872040E+01 2.2808696E-01 5.8602072E-01 -5.4437483E-02 1.0730385E-02 1.0403610E-02 9.8333146E-03 1.0216744E-03 1.9284152E-04 6.0401401E-03 1.9177330E-04 6.0516906E-03 1.0911305E-01 3.2030031E-02 1.5636696E-04 1.4648300E+00 1.8999441E+01 -1.0112774E-01
3.1381000E+02 2.5927000E+02 8.6700000E+00 2.0100000E+02 10 5.4829685E+01 2.4270657E-01 6.2301991E-01 -5.9247077E-02 1.1334482E-02 1.0471512E-02 9.9044391E-03 1.0159007E-03 2.0099759E-04 6.3535404E-03 1.9068956E-04 6.3272855E-03 1.1653409E-01 3.3828421E-02 1.5877334E-04 1.4423244E+00 1.9018973E+01 -1.0877052E-01
3.1381000E+02 2.5927000E+02 8.6700000E+00 2.0600000E+02 10 5.4799387E+01 2.5365256E-01 6.5018802E-01 -6.2658299E-02 1.1840239E-02 1.0529542E-02 9.9655390E-03 1.0104019E-03 2.0919372E-04 6.6157054E-03 1.8965740E-04 6.5572872E-03 1.2179390E-01 3.5334040E-02 1.6058679E-04 1.4289862E+00 1.9030492E+01 -1.1385622E-01
3.1381000E+02 2.5927000E+02 8.6700000E+00 2.1100000E+02 10 5.4777741E+01 2.6176086E-01 6.7005192E-01 -6.5090576E-02 1.2247718E-02 1.0580329E-02 1.0019254E-02 1.0051561E-03 2.1686050E-04 6.8265508E-03 1.8867275E-04 6.7418438E-03 1.2552319E-01 3.6547136E-02 1.6184939E-04 1.4210109E+00 1.9037314E+01 -1.1723255E-01
3.1381000E+02 2.5927000E+02 8.6700000E+00 2.1600000E+02 10 5.4762134E+01 2.6778236E-01 6.8467776E-01 -6.6847155E-02 1.2571121E-02 1.0626089E-02 1.0067812E-02 1.0001443E-03 2.2375712E-04 6.9934154E-03 1.8773201E-04 6.8876349E-03 1.2819526E-01 3.7510002E-02 1.6268044E-04 1.4162062E+00 1.9041364E+01 -1.1949171E-01
3.1381000E+02 2.5927000E+02 8.6700000E+00 2.2100000E+02 10 5.4750719E+01 2.7229520E-01 6.9558380E-01 -6.8136921E-02 1.2827006E-02 1.0668255E-02 1.0112655E-02 9.9534909E-04 2.2982327E-04 7.1248980E-03 1.8683192E-04 7.0024032E-03 1.3013970E-01 3.8271930E-02 1.6319864E-04 1.4133045E+00 1.9043750E+01 -1.2102256E-01
3.1381000E+02 2.5927000E+02 8.6700000E+00 2.2600000E+02 10 5.4742228E+01 2.7572037E-01 7.0384426E-01 -6.9101718E-02 1.3030214E-02 1.0707656E-02 1.0154620E-02 9.9075488E-04 2.3509164E-04 7.2287441E-03 1.8596956E-04 7.0930439E-03 1.3158057E-01 3.8877085E-02 1.6349777E-04 1.4115611E+00 1.9045128E+01 -1.2207576E-01
3.1381000E+02 2.5927000E+02 8.6700000E+00 2.3100000E+02 10 5.4735793E+01 2.7835819E-01 7.1021001E-01 -6.9837821E-02 1.3192815E-02 1.0744746E-02 1.0194170E-02 9.8634770E-04 2.3963872E-04 7.3112993E-03 1.8514231E-04 7.1651144E-03 1.3266956E-01 3.9361382E-02 1.6364731E-04 1.4105299E+00 1.9045897E+01 -1.2281289E-01
3.1381000E+02 2.5927000E+02 8.6700000E+00 2.3600000E+02 10 5.4730822E+01 2.8042184E-01 7.1520523E-01 -7.0410915E-02 1.3324203E-02 1.0779777E-02 1.0231564E-02 9.8211489E-04 2.4355608E-04 7.3775259E-03 1.8434780E-04 7.2229134E-03 1.3350970E-01 3.9752773E-02 1.6369824E-04 1.4099390E+00 1.9046296E+01 -1.2333880E-01
3.1381000E+02 2.5927000E+02 8.6700000E+00 2.4100000E+02 10 5.4726905E+01 2.8206276E-01 7.1919723E-01 -7.0866150E-02 1.3431545E-02 1.0812896E-02 1.0266954E-02 9.7804502E-04 2.4693443E-04 7.4312147E-03 1.8358386E-04 7.2697128E-03 1.3417147E-01 4.0072583E-02 1.6368658E-04 1.4096204E+00 1.9046473E+01 -1.2372201E-01
3.1381000E+02 2.5927000E+02 8.6700000E+00 2.4600000E+02 10 5.4723758E+01 2.8338891E-01 7.2244501E-01 -7.1234843E-02 1.3520262E-02 1.0844200E-02 1.0300445E-02 9.7412769E-04 2.4985711E-04 7.4752260E-03 1.8284856E-04 7.3079924E-03 1.3470348E-01 4.0336944E-02 1.6363709E-04 1.4094696E+00 1.9046520E+01 -1.2400767E-01
3.1381000E+02 2.5927000E+02 8.6700000E+00 2.5100000E+02 10 5.4721184E+01 2.8447778E-01 7.2513268E-01 -7.1538933E-02 1.3594447E-02 1.0873768E-02 1.0332119E-02 9.7035348E-04 2.5239652E-04 7.5117111E-03 1.8214012E-04 7.3396281E-03 1.3513955E-01 4.0558027E-02 1.6356704E-04 1.4094209E+00 1.9046492E+01 -1.2422577E-01
3.1381000E+02 2.5927000E+02 8.6700000E+00 2.5600000E+02 10 5.4719041E+01 2.8538534E-01 7.2739220E-01 -7.1793962E-02 1.3657181E-02 1.0901675E-02 1.0362058E-02 9.6671376E-04 2.5461323E-04 7.5422866E-03 1.8145693E-04 7.3660373E-03 1.3550347E-01 4.0745008E-02 1.6348747E-04 1.4094332E+00 1.9046424E+01 -1.2439642E-01
3.1381000E+02 2.5927000E+02 8.6700000E+00 2.6100000E+02 10 5.4717229E+01 2.8615230E-01 7.2931913E-01 -7.2011079E-02 1.3710792E-02 1.0927998E-02 1.0390342E-02 9.6320067E-04 2.5655787E-04 7.5681693E-03 1.8079750E-04 7.3882921E-03 1.3581219E-01 4.0904814E-02 1.6340557E-04 1.4094804E+00 1.9046337E+01 -1.2453323E-01
3.1381000E+02 2.5927000E+02 8.6700000E+00 2.6400000E+02 10 5.4711315E+01 2.9647105E-01 7.5009196E-01 -7.2129661E-02 1.5245598E-02 1.1849042E-02 1.1312539E-02 9.6113679E-04 2.7375487E-04 8.3522380E-03 1.8041010E-04 8.1231885E-03 1.3598742E-01 4.5483379E-02 1.8336400E-04 1.4462108E+00 1.8967092E+01 -1.1663926E-01
3.1381000E+02 2.5927000E+02 8.6700000E+00 2.6500000E+02 10 5.4706095E+01 3.0645436E-01 7.7012437E-01 -7.2167956E-02 1.6751570E-02 1.2784643E-02 1.2248521E-02 9.6045366E-04 2.8832164E-04 9.1210754E-03 1.8028188E-04 8.8469986E-03 1.3604808E-01 4.9976575E-02 2.0222986E-04 1.4852392E+00 1.8864380E+01 -1.0868333E-01
3.1381000E+02 2.5927000E+02 8.6700000E+00 2.7000000E+02 10 5.4714007E+01 2.8872227E-01 7.3530490E-01 -7.2307766E-02 1.4036104E-02 1.1155450E-02 1.0620840E-02 9.5774597E-04 2.6709427E-04 7.7318465E-03 1.7977363E-04 7.5394323E-03 1.3623341E-01 4.1875163E-02 1.6407807E-04 1.4159697E+00 1.9037965E+01 -1.2330166E-01
3.1381000E+02 2.5927000E+02 8.6700000E+00 2.7500000E+02 10 5.4711404E+01 2.9226526E-01 7.4264571E-01 -7.2436613E-02 1.4535571E-02 1.1473785E-02 1.0940892E-02 9.5466780E-04 2.7202289E-04 7.9852976E-03 1.7919584E-04 7.7770018E-03 1.3641947E-01 4.3365363E-02 1.7093319E-04 1.4274538E+00 1.9013447E+01 -1.2086573E-01
3.1381000E+02 2.5927000E+02 8.6700000E+00 2.8000000E+02 10 5.4709134E+01 2.9522488E-01 7.4888997E-01 -7.2558856E-02 1.4951612E-02 1.1755982E-02 1.1225105E-02 9.5105789E-04 2.7732494E-04 8.1954703E-03 1.7851824E-04 7.9744383E-03 1.3659656E-01 4.4606814E-02 1.7446920E-04 1.4372462E+00 1.8996550E+01 -1.1883461E-01
3.1381000E+02 2.5927000E+02 8.6700000E+00 2.8500000E+02 10 5.4707321E+01 2.9740912E-01 7.5368874E-01 -7.2670472E-02 1.5259907E-02 1.1989918E-02 1.1460986E-02 9.4757371E-04 2.8194232E-04 8.3502193E-03 1.7786425E-04 8.1207181E-03 1.3675788E-01 4.5527004E-02 1.7617045E-04 1.4447154E+00 1.8985530E+01 -1.1731983E-01
3.1381000E+02 2.5927000E+02 8.6700000E+00 2.8900000E+02 10 5.4703815E+01 3.0337599E-01 7.6605645E-01 -7.2752929E-02 1.6157469E-02 1.2591167E-02 1.2063699E-02 9.4495117E-04 2.9266455E-04 8.8065215E-03 1.7737198E-04 8.5510733E-03 1.3687978E-01 4.8205285E-02 1.8553885E-04 1.4676506E+00 1.8939517E+01 -1.1260458E-01
3.1381000E+02 2.5927000E+02 8.6700000E+00 2.9000000E+02 10 5.4696320E+01 3.1816678E-01 7.9596251E-01 -7.2773122E-02 1.8412815E-02 1.4047565E-02 1.3520456E-02 9.4430638E-04 3.1185119E-04 9.9565451E-03 1.7725095E-04 9.6374489E-03 1.3691764E-01 5.4935250E-02 2.1234591E-04 1.5298665E+00 1.8760430E+01 -1.0050971E-01
3.1381000E+02 2.5927000E+02 8.6700000E+00 2.9500000E+02 10 5.4747090E+01 2.8825858E-01 7.2635804E-01 -6.7768141E-02 1.5415511E-02 1.2219867E-02 1.1694427E-02 9.4131767E-04 2.8922002E-04 8.4237199E-03 1.7668996E-04 8.1932199E-03 1.2934327E-01 4.5992276E-02 1.7286466E-04 1.4846397E+00 1.8951977E+01 -1.0607065E-01
3.1381000E+02 2.5927000E+02 8.6700000E+00 3.0000000E+02 10 5.4810923E+01 2.7145259E-01 6.7832026E-01 -6.0026166E-02 1.5290891E-02 1.2320918E-02 1.1797041E-02 9.3851685E-04 2.8704835E-04 8.3530200E-03 1.7616423E-04 8.1377155E-03 1.1765213E-01 4.5623155E-02 1.7250159E-04 1.5451591E+00 1.8887489E+01 -9.0408011E-02
3.1381000E+02 2.5927000E+02 8.6700000E+00 3.0100000E+02 10 5.4816097E+01 2.8450098E-01 7.0311088E-01 -5.8397217E-02 1.7875282E-02 1.4244566E-02 1.3720998E-02 9.3796383E-04 3.0879479E-04 9.6633194E-03 1.7606042E-04 9.3922551E-03 1.1520544E-01 5.3338786E-02 2.0650520E-04 1.6549101E+00 1.8633811E+01 -7.2658458E-02
3.1381000E+02 2.5927000E+02 8.6700000E+00 3.0200000E+02 10 5.4830282E+01 2.8011637E-01 6.9151737E-01 -5.6721541E-02 1.7750791E-02 1.4251679E-02 1.3728416E-02 9.3741757E-04 3.1064362E-04 9.5972546E-03 1.7595789E-04 9.3345948E-03 1.1267450E-01 5.2968387E-02 2.0322171E-04 1.6706422E+00 1.8633271E+01 -6.9704410E-02
3.1381000E+02 2.5927000E+02 8.6700000E+00 3.0300000E+02 10 5.4846871E+01 2.7430944E-01 6.7674497E-01 -5.4808621E-02 1.7496335E-02 1.4200881E-02 1.3673395E-02 9.4498259E-04 3.1092893E-04 9.4693096E-03 1.7737788E-04 9.2214245E-03 1.0976508E-01 5.2210347E-02 1.9890219E-04 1.6852864E+00 1.8636364E+01 -6.6871588E-02
3.1381000E+02 2.5927000E+02 8.6700000E+00 3.0800000E+02 10 5.4921587E+01 2.3520044E-01 5.8334418E-01 -4.7094672E-02 1.3935038E-02 1.2056642E-02 1.1522380E-02 9.5712140E-04 2.7475972E-04 7.6556894E-03 1.7965639E-04 7.5202639E-03 9.8065801E-02 4.1585227E-02 1.5432885E-04 1.6344436E+00 1.8819918E+01 -6.9760787E-02
3.1381000E+02 2.5927000E+02 8.6700000E+00 3.1300000E+02 10 5.4970774E+01 2.1811442E-01 5.4000936E-01 -4.1415044E-02 1.3200419E-02 1.1966001E-02 1.1426788E-02 9.6599175E-04 2.6216297E-04 7.2752450E-03 1.8132140E-04 7.1869626E-03 8.9464237E-02 3.9398079E-02 1.5008371E-04 1.6788058E+00 1.8772617E+01 -6.1228500E-02
3.1381000E+02 2.5927000E+02 8.6700000E+00 3.1800000E+02 10 5.5006227E+01 2.0541569E-01 5.0850422E-01 -3.7348523E-02 1.2626830E-02 1.1951970E-02 1.1408378E-02 9.7383559E-04 2.5091586E-04 6.9775850E-03 1.8279373E-04 6.9287958E-03 8.3301069E-02 3.7690697E-02 1.4620817E-04 1.7141243E+00 1.8734764E+01 -5.5212639E-02
3.1381000E+02 2.5927000E+02 8.6700000E+00 3.2300000E+02 10 5.5031767E+01 1.9580127E-01 4.8527246E-01 -3.4452365E-02 1.2148798E-02 1.1962765E-02 1.1415478E-02 9.8045475E-04 2.4019248E-04 6.7296323E-03 1.8403618E-04 6.7135786E-03 7.8907749E-02 3.6267642E-02 1.4256946E-04 1.7396035E+00 1.8707820E+01 -5.1167329E-02
3.1381000E+02 2.5927000E+02 8.6700000E+00 3.2800000E+02 10 5.5050300E+01 1.8843131E-01 4.6790584E-01 -3.2378972E-02 1.1744468E-02 1.1976180E-02 1.1425912E-02 9.8579528E-04 2.3012086E-04 6.5204890E-03 1.8503862E-04 6.5304707E-03 7.5759545E-02 3.5063737E-02 1.3931201E-04 1.7567727E+00 1.8689937E+01 -4.8509657E-02
3.1381000E+02 2.5927000E+02 8.6700000E+00 3.2900000E+02 10 5.5047767E+01 1.9906029E-01 4.9283732E-01 -3.1994596E-02 1.3726892E-02 1.3868671E-02 1.3317836E-02 9.8681226E-04 2.4624879E-04 7.5170972E-03 1.8522952E-04 7.5052956E-03 7.5191192E-02 4.0986156E-02 1.6937594E-04 1.9037694E+00 1.8419035E+01 -3.5877114E-02
3.1381000E+02 2.5927000E+02 8.6700000E+00 3.3000000E+02 10 5.5051067E+01 1.9756537E-01 4.8941420E-01 -3.1638095E-02 1.3624847E-02 1.3850931E-02 1.3299556E-02 9.8777865E-04 2.4570728E-04 7.4652029E-03 1.8541091E-04 7.4573937E-03 7.4648712E-02 4.0681791E-02 1.6659066E-04 1.9059919E+00 1.8430117E+01 -3.5593398E-02
3.1381000E+02 2.5927000E+02 8.6700000E+00 3.3500000E+02 10 5.5044795E+01 1.8805357E-01 4.6570461E-01 -3.0812489E-02 1.1100387E-02 1.1866726E-02 1.1313258E-02 9.9152825E-04 2.1698233E-04 6.1905023E-03 1.8611473E-04 6.2306749E-03 7.7178951E-02 3.3143910E-02 1.3131745E-04 1.6878732E+00 1.8767975E+01 -5.5800435E-02
3.1381000E+02 2.5927000E+02 8.6700000E+00 3.4000000E+02 10 5.5017154E+01 1.9871166E-01 4.8622060E-01 -3.0533557E-02 1.1133303E-02 1.1847548E-02 1.1292485E-02 9.9438571E-04 2.1303586E-04 6.2113365E-03 1.8665109E-04 6.2460751E-03 8.2221255E-02 3.3241229E-02 1.3412706E-04 1.6118801E+00 1.8839817E+01 -6.6190047E-02
3.1381000E+02 2.5927000E+02 8.6700000E+00 3.4500000E+02 10 5.4988685E+01 2.1139931E-01 5.1025410E-01 -3.0450882E-02 1.1476025E-02 1.1863247E-02 1.1306998E-02 9.9651190E-04 2.1488438E-04 6.3941061E-03 1.8705018E-04 6.4048355E-03 8.7203988E-02 3.4261012E-02 1.3890131E-04 1.5583785E+00 1.8890045E+01 -7.4945043E-02
3.1381000E+02 2.5927000E+02 8.6700000E+00 3.5000000E+02 10 5.4965354E+01 2.2273177E-01 5.3135538E-01 -3.0407816E-02 1.1909122E-02 1.1885796E-02 1.1328697E-02 9.9803419E-04 2.1934510E-04 6.6240326E-03 1.8733593E-04 6.6048984E-03 9.1180501E-02 3.5549791E-02 1.4366087E-04 1.5244887E+00 1.8921897E+01 -8.1248408E-02
3.1381000E+02 2.5927000E+02 8.6700000E+00 3.5500000E+02 10 5.4947935E+01 2.3175505E-01 5.4789394E-01 -3.0357672E-02 1.2318597E-02 1.1904778E-02 1.1347110E-02 9.9905267E-04 2.2460048E-04 6.8412007E-03 1.8752710E-04 6.7936535E-03 9.4088300E-02 3.6768239E-02 1.4763961E-04 1.5035625E+00 1.8941711E+01 -8.5498690E-02
3.1381000E+02 2.5927000E+02 8.6700000E+00 3.6000000E+02 10 5.4935412E+01 2.3859887E-01 5.6025517E-01 -3.0294723E-02 1.2665108E-02 1.1918589E-02 1.1360589E-02 9.9964736E-04 2.2986713E-04 7.0247598E-03 1.8763873E-04 6.9532079E-03 9.6141617E-02 3.7799300E-02 1.5074203E-04 1.4906169E+00 1.8954075E+01 -8.8295651E-02
3.1381000E+02 2.5927000E+02 8.6700000E+00 3.6500000E+02 10 5.4926520E+01 2.4369481E-01 5.6933233E-01 -3.0223777E-02 1.2944204E-02 1.1928321E-02 1.1370189E-02 9.9988390E-04 2.3481306E-04 7.1723434E-03 1.8768313E-04 7.0816373E-03 9.7576299E-02 3.8629755E-02 1.5308996E-04 1.4825168E+00 1.8961872E+01 -9.0127265E-02
3.1381000E+02 2.5927000E+02 8.6700000E+00 3.7000000E+02 10 5.4920207E+01 2.4747385E-01 5.7597460E-01 -3.0150289E-02 1.3164015E-02 1.1935360E-02 1.1377265E-02 9.9981746E-04 2.3926998E-04 7.2883466E-03 1.8767065E-04 7.1826650E-03 9.8579713E-02 3.9283817E-02 1.5484353E-04 1.4773749E+00 1.8966856E+01 -9.1331945E-02
3.1381000E+02 2.5927000E+02 8.6700000E+00 3.7500000E+02 10 5.4915699E+01 2.5028436E-01 5.8085172E-01 -3.0078137E-02 1.3335532E-02 1.1940746E-02 1.1382831E-02 9.9949519E-04 2.4317021E-04 7.3786992E-03 1.8761016E-04 7.2612863E-03 9.9286169E-02 3.9794192E-02 1.5614660E-04 1.4740591E+00 1.8970084E+01 -9.2131581E-02
3.1381000E+02 2.5927000E+02 8.6700000E+00 3.8000000E+02 10 5.4912453E+01 2.5238874E-01 5.8445864E-01 -3.0009628E-02 1.3469076E-02 1.1945136E-02 1.1387521E-02 9.9895782E-04 2.4651354E-04 7.4489444E-03 1.8750930E-04 7.3222100E-03 9.9788437E-02 4.0191592E-02 1.5711159E-04 1.4718840E+00 1.8972212E+01 -9.2668982E-02
3.1381000E+02 2.5927000E+02 8.6700000E+00 3.8500000E+02 10 5.4910089E+01 2.5397910E-01 5.8715200E-01 -2.9945944E-02 1.3573283E-02 1.1948906E-02 1.1391692E-02 9.9824071E-04 2.4934222E-04 7.5036963E-03 1.8737469E-04 7.3693991E-03 1.0014985E-01 4.0501706E-02 1.5782477E-04 1.4704288E+00 1.8973647E+01 -9.3035776E-02
3.1381000E+02 2.5927000E+02 8.6700000E+00 3.9000000E+02 10 5.4908345E+01 2.5519474E-01 5.8918681E-01 -2.9887546E-02 1.3655042E-02 1.1952257E-02 1.1395526E-02 9.9737451E-04 2.5171821E-04 7.5466153E-03 1.8721210E-04 7.4060397E-03 1.0041358E-01 4.0745031E-02 1.5835313E-04 1.4694328E+00 1.8974636E+01 -9.3290827E-02
3.1381000E+02 2.5927000E+02 8.6700000E+00 3.9500000E+02 10 5.4907041E+01 2.5613623E-01 5.9074496E-01 -2.9834459E-02 1.3719709E-02 1.1955287E-02 1.1399108E-02 9.9638579E-04 2.5371092E-04 7.5805355E-03 1.8702651E-04 7.4346226E-03 1.0060913E-01 4.0937496E-02 1.5874543E-04 1.4687327E+00 1.8975336E+01 -9.3472111E-02
3.1381000E+02 2.5927000E+02 8.6700000E+00 4.0000000E+02 10 5.4906049E+01 2.5687603E-01 5.9195609E-01 -2.9786458E-02 1.3771368E-02 1.1958042E-02 1.1402471E-02 9.9529750E-04 2.5538723E-04 7.6076070E-03 1.8682223E-04 7.4570640E-03 1.0075675E-01 4.1091253E-02 1.5903755E-04 1.4682252E+00 1.8975849E+01 -9.3604298E-02
3.1381000E+02 2.5927000E+02 8.6700000E+00 4.0500000E+02 10 5.4905282E+01 2.5746648E-01 5.9291280E-01 -2.9743189E-02 1.3813110E-02 1.1960543E-02 1.1405623E-02 9.9412933E-04 2.5680595E-04 7.6294506E-03 1.8660296E-04 7.4748224E-03 1.0087039E-01 4.1215498E-02 1.5925606E-04 1.4678445E+00 1.8976238E+01 -9.3703497E-02
3.1381000E+02 2.5927000E+02 8.6700000E+00 4.1000000E+02 10 5.4904677E+01 2.5794536E-01 5.9368137E-01 -2.9704240E-02 1.3847258E-02 1.1962796E-02 1.1408563E-02 9.9289816E-04 2.5801632E-04 7.6472824E-03 1.8637187E-04 7.4889991E-03 1.0095971E-01 4.1317139E-02 1.5942016E-04 1.4675483E+00 1.8976543E+01 -9.3780301E-02
3.1381000E+02 2.5927000E+02 8.6700000E+00 4.1200000E+02 10 5.4897487E+01 2.7212707E-01 6.2239907E-01 -2.9689323E-02 1.6024721E-02 1.3331951E-02 1.2777999E-02 9.9239662E-04 2.7977344E-04 8.7603255E-03 1.8627773E-04 8.5350451E-03 1.0100237E-01 4.7814196E-02 1.8807296E-04 1.5363485E+00 1.8827471E+01 -8.2256747E-02
3.1381000E+02 2.5927000E+02 8.6700000E+00 4.1700000E+02 10 5.4904637E+01 2.5723183E-01 5.9218666E-01 -2.9655754E-02 1.3704622E-02 1.1873814E-02 1.1320586E-02 9.9109950E-04 2.5985687E-04 7.5744508E-03 1.8603425E-04 7.4176870E-03 1.0105630E-01 4.0891294E-02 1.5567516E-04 1.4620996E+00 1.8989386E+01 -9.4785468E-02
3.1381000E+02 2.5927000E+02 8.6700000E+00 4.2200000E+02 10 5.4904263E+01 2.5755721E-01 5.9264551E-01 -2.9625501E-02 1.3726171E-02 1.1865261E-02 1.1312775E-02 9.8977048E-04 2.5923563E-04 7.5856399E-03 1.8578479E-04 7.4259013E-03 1.0111126E-01 4.0955402E-02 1.5741396E-04 1.4617700E+00 1.8986498E+01 -9.4854909E-02
3.1381000E+02 2.5927000E+02 8.6700000E+00 4.2700000E+02 10 5.4903785E+01 2.5816179E-01 5.9364820E-01 -2.9598186E-02 1.3791994E-02 1.1881702E-02 1.1329969E-02 9.8841912E-04 2.5977366E-04 7.6196472E-03 1.8553113E-04 7.4551396E-03 1.0115753E-01 4.1151532E-02 1.5860072E-04 1.4628258E+00 1.8983377E+01 -9.4674763E-02
3.1381000E+02 2.5927000E+02 8.6700000E+00 4.2900000E+02 10 5.4896591E+01 2.7248501E-01 6.2258678E-01 -2.9587708E-02 1.5992497E-02 1.3253962E-02 1.2702533E-02 9.8787557E-04 2.8150475E-04 8.7449367E-03 1.8542910E-04 8.5116673E-03 1.0118517E-01 4.7717204E-02 1.8779056E-04 1.5318113E+00 1.8834206E+01 -8.3016028E-02
3.1381000E+02 2.5927000E+02 8.6700000E+00 4.3000000E+02 10 5.4894376E+01 2.7686857E-01 6.3150421E-01 -2.9582578E-02 1.6664632E-02 1.3695565E-02 1.3144288E-02 9.8760312E-04 2.8949240E-04 9.0882150E-03 1.8537796E-04 8.8347621E-03 1.0119588E-01 4.9722854E-02 1.9462399E-04 1.5549292E+00 1.8779426E+01 -7.9418128E-02
3.1381000E+02 2.5927000E+02 8.6700000E+00 4.3500000E+02 10 5.4903313E+01 2.5940556E-01 5.9631627E-01 -2.9534177E-02 1.4007089E-02 1.2055573E-02 1.1497752E-02 9.9932821E-04 2.6798909E-04 7.7371948E-03 1.8757882E-04 7.5661765E-03 1.0110258E-01 4.1793004E-02 1.5827141E-04 1.4698570E+00 1.8976094E+01 -9.3405744E-02
3.1381000E+02 2.5927000E+02 8.6700000E+00 4.3600000E+02 10 5.4893821E+01 2.7857858E-01 6.3522026E-01 -2.9524604E-02 1.6964259E-02 1.3956734E-02 1.3397590E-02 1.0016982E-03 2.9296222E-04 9.2490253E-03 1.8802368E-04 8.9913286E-03 1.0110034E-01 5.0617450E-02 1.9863768E-04 1.5671456E+00 1.8740322E+01 -7.7539520E-02
3.1381000E+02 2.5927000E+02 8.6700000E+00 4.3700000E+02 10 5.4894604E+01 2.7872129E-01 6.3515104E-01 -2.9322119E-02 1.7011708E-02 1.3993884E-02 1.3433706E-02 1.0035490E-03 2.9678676E-04 9.2748276E-03 1.8837109E-04 9.0150937E-03 1.0092319E-01 5.0758810E-02 1.9692361E-04 1.5694847E+00 1.8747555E+01 -7.7118581E-02
3.1381000E+02 2.5927000E+02 8.6700000E+00 4.3800000E+02 10 5.4897405E+01 2.7840929E-01 6.3334622E-01 -2.8692789E-02 1.7035944E-02 1.4020984E-02 1.3459918E-02 1.0051402E-03 2.9959994E-04 9.2884553E-03 1.8866976E-04 9.0276749E-03 1.0038633E-01 5.0830972E-02 1.9571810E-04 1.5719727E+00 1.8751397E+01 -7.6512894E-02
3.1381000E+02 2.5927000E+02 8.6700000E+00 4.4300000E+02 10 5.4957724E+01 2.5377768E-01 5.6092477E-01 -1.7216730E-02 1.4462017E-02 1.2413496E-02 1.1855487E-02 9.9966312E-04 2.7711279E-04 7.9698739E-03 1.8764168E-04 7.7852981E-03 9.0725123E-02 4.3150589E-02 1.6194814E-04 1.5046352E+00 1.8933061E+01 -8.2217803E-02
3.1381000E+02 2.5927000E+02 8.6700000E+00 4.4400000E+02 10 5.4960411E+01 2.7013084E-01 5.8951189E-01 -1.4633948E-02 1.7275577E-02 1.4315828E-02 1.3758289E-02 9.9882211E-04 3.0009239E-04 9.4036526E-03 1.8748382E-04 9.1422213E-03 8.8563821E-02 5.1547926E-02 1.9973294E-04 1.6164166E+00 1.8676092E+01 -6.5170354E-02
3.1381000E+02 2.5927000E+02 8.6700000E+00 4.4500000E+02 10 5.4973157E+01 2.6829493E-01 5.8037459E-01 -1.1813729E-02 1.7299921E-02 1.4359465E-02 1.3802201E-02 9.9832919E-04 3.0298043E-04 9.4155480E-03 1.8739130E-04 9.1538479E-03 8.6185018E-02 5.1620706E-02 1.9803832E-04 1.6255210E+00 1.8676906E+01 -6.3013076E-02
3.1381000E+02 2.5927000E+02 8.6700000E+00 4.5000000E+02 10 5.5039181E+01 2.4426641E-01 5.0634858E-01 1.0704959E-03 1.4975603E-02 1.2904103E-02 1.2348033E-02 9.9618947E-04 2.8330864E-04 8.2270577E-03 1.8698966E-04 8.0335814E-03 7.5306682E-02 4.4684914E-02 1.6749405E-04 1.5619074E+00 1.8860003E+01 -6.6363207E-02
3.1381000E+02 2.5927000E+02 8.6700000E+00 4.5300000E+02 10 5.5067123E+01 2.4847557E-01 5.0190721E-01 8.2313829E-03 1.6439503E-02 1.4046109E-02 1.3490901E-02 9.9464491E-04 2.9600393E-04 8.9689493E-03 1.8669974E-04 8.7429933E-03 6.9277230E-02 4.9055782E-02 1.8604184E-04 1.6497626E+00 1.8707172E+01 -5.3147715E-02
3.1381000E+02 2.5927000E+02 8.6700000E+00 4.5400000E+02 10 5.5073842E+01 2.5448018E-01 5.1065586E-01 1.0546673E-02 1.7662283E-02 1.5036895E-02 1.4482031E-02 9.9403097E-04 3.0564836E-04 9.5878563E-03 1.8658450E-04 9.3375274E-03 6.7331447E-02 5.2707177E-02 1.9936490E-04 1.7278245E+00 1.8537309E+01 -4.4597645E-02
3.1381000E+02 2.5927000E+02 8.6700000E+00 4.5900000E+02 10 5.5130595E+01 2.2890342E-01 4.3760116E-01 2.1064613E-02 1.4803362E-02 1.3162709E-02 1.2611379E-02 9.8769831E-04 2.7863118E-04 8.1258743E-03 1.8539583E-04 7.9539736E-03 5.8484079E-02 4.4175060E-02 1.6328785E-04 1.6117364E+00 1.8813823E+01 -5.2688715E-02
3.1381000E+02 2.5927000E+02 8.6700000E+00 4.6400000E+02 10 5.5167546E+01 2.2132954E-01 4.0755440E-01 2.9000699E-02 1.4515177E-02 1.3156701E-02 1.2608453E-02 9.8217640E-04 2.7046530E-04 7.9712063E-03 1.8435934E-04 7.8160207E-03 5.1828463E-02 4.3317221E-02 1.6194688E-04 1.6246057E+00 1.8799389E+01 -4.8422841E-02
3.1381000E+02 2.5927000E+02 8.6700000E+00 4.6900000E+02 10 5.5194855E+01 2.1574526E-01 3.8548328E-01 3.4872368E-02 1.4309544E-02 1.3177447E-02 1.2631574E-02 9.7792195E-04 2.6309130E-04 7.8603434E-03 1.8356076E-04 7.7176855E-03 4.6909636E-02 4.2705201E-02 1.6094902E-04 1.6358627E+00 1.8786291E+01 -4.5201496E-02
3.1381000E+02 2.5927000E+02 8.6700000E+00 4.7400000E+02 10 5.5215183E+01 2.1144839E-01 3.6890485E-01 3.9232799E-02 1.4137163E-02 1.3201518E-02 1.2657646E-02 9.7433660E-04 2.5610600E-04 7.7672769E-03 1.8288777E-04 7.6353157E-03 4.3263624E-02 4.2192068E-02 1.5990076E-04 1.6441611E+00 1.8776831E+01 -4.2888473E-02
3.1381000E+02 2.5927000E+02 8.6700000E+00 4.7900000E+02 10 5.5230474E+01 2.0804455E-01 3.5620546E-01 4.2497644E-02 1.3981984E-02 1.3218969E-02 1.2676822E-02 9.7124601E-04 2.4963563E-04 7.6834816E-03 1.8230765E-04 7.5612994E-03 4.0539987E-02 4.1729990E-02 1.5882743E-04 1.6495072E+00 1.8770903E+01 -4.1277894E-02
3.1381000E+02 2.5927000E+02 8.6700000E+00 4.8100000E+02 10 5.5230679E+01 2.1727827E-01 3.7475815E-01 4.3651486E-02 1.5644622E-02 1.4582095E-02 1.4040598E-02 9.7008284E-04 2.6087059E-04 8.5249879E-03 1.8208932E-04 8.3690999E-03 3.9588133E-02 4.6694526E-02 1.8096397E-04 1.7761738E+00 1.8554561E+01 -3.1056185E-02
3.1381000E+02 2.5927000E+02 8.6700000E+00 4.8200000E+02 10 5.5231728E+01 2.1969501E-01 3.7945110E-01 4.4193077E-02 1.6117521E-02 1.5024143E-02 1.4482961E-02 9.6951891E-04 2.6365560E-04 8.7632003E-03 1.8198347E-04 8.5998094E-03 3.9139321E-02 4.8106861E-02 1.8582114E-04 1.8232893E+00 1.8469955E+01 -2.7898745E-02
3.1381000E+02 2.5927000E+02 8.6700000E+00 4.8700000E+02 10 5.5250054E+01 2.0102993E-01 3.3515153E-01 4.6370666E-02 1.3338775E-02 1.2954798E-02 1.2415072E-02 9.6691043E-04 2.3780543E-04 7.3487684E-03 1.8149384E-04 7.2520473E-03 3.7316968E-02 3.9811091E-02 1.5017296E-04 1.6287662E+00 1.8808530E+01 -4.1816294E-02
3.1381000E+02 2.5927000E+02 8.6700000E+00 4.9200000E+02 10 5.5258264E+01 1.9833484E-01 3.2647087E-01 4.8029564E-02 1.3096354E-02 1.2807334E-02 1.2268803E-02 9.6476891E-04 2.3074780E-04 7.2224333E-03 1.8109187E-04 7.1349579E-03 3.5944034E-02 3.9087866E-02 1.5012954E-04 1.6204263E+00 1.8815006E+01 -4.1992964E-02
3.1381000E+02 2.5927000E+02 8.6700000E+00 4.9700000E+02 10 5.5264277E+01 1.9685028E-01 3.2083906E-01 4.9305890E-02 1.2991947E-02 1.2724035E-02 1.2186412E-02 9.6314259E-04 2.2599318E-04 7.1679460E-03 1.8078660E-04 7.0834975E-03 3.4890009E-02 3.8776155E-02 1.5054019E-04 1.6182015E+00 1.8815280E+01 -4.1742465E-02
3.1381000E+02 2.5927000E+02 8.6700000E+00 5.0200000E+02 10 5.5268883E+01 1.9586895E-01 3.1676374E-01 5.0305280E-02 1.2935017E-02 1.2670886E-02 1.2134071E-02 9.6169442E-04 2.2246662E-04 7.1380687E-03 1.8051477E-04 7.0547636E-03 3.4067932E-02 3.8606091E-02 1.5077992E-04 1.6177501E+00 1.8814526E+01 -4.1429122E-02
3.1381000E+02 2.5927000E+02 8.6700000E+00 5.0500000E+02 10 5.5267714E+01 2.0249291E-01 3.3019212E-01 5.0823177E-02 1.4072521E-02 1.3519027E-02 1.2982678E-02 9.6085921E-04 2.3120891E-04 7.7160629E-03 1.8035800E-04 7.6046044E-03 3.3649894E-02 4.2001623E-02 1.6647332E-04 1.6949004E+00 1.8690265E+01 -3.4805213E-02
3.1381000E+02 2.5927000E+02 8.6700000E+00 5.0600000E+02 10 5.5265155E+01 2.0898796E-01 3.4432754E-01 5.0987338E-02 1.5162090E-02 1.4403361E-02 1.3867167E-02 9.6058385E-04 2.3894326E-04 8.2680894E-03 1.8030631E-04 8.1340870E-03 3.3521377E-02 4.5254987E-02 1.8035217E-04 1.7845125E+00 1.8529669E+01 -2.8531855E-02
3.1381000E+02 2.5927000E+02 8.6700000E+00 5.1100000E+02 10 5.5276557E+01 1.9181834E-01 3.0568308E-01 5.1689880E-02 1.2439533E-02 1.2332772E-02 1.1797854E-02 9.5829559E-04 2.1519459E-04 6.8834594E-03 1.7987680E-04 6.8126679E-03 3.2939760E-02 3.7126791E-02 1.4364942E-04 1.5931366E+00 1.8853832E+01 -4.3234111E-02
3.1381000E+02 2.5927000E+02 8.6700000E+00 5.1600000E+02 10 5.5279367E+01 1.9082138E-01 3.0213499E-01 5.2260644E-02 1.2320890E-02 1.2186396E-02 1.1652497E-02 9.5647119E-04 2.1136105E-04 6.8229184E-03 1.7953435E-04 6.7527511E-03 3.2481583E-02 3.6772382E-02 1.4472723E-04 1.5865166E+00 1.8858041E+01 -4.3655701E-02
3.1381000E+02 2.5927000E+02 8.6700000E+00 5.2100000E+02 10 5.5281391E+01 1.9057353E-01 3.0027425E-01 5.2730601E-02 1.2305480E-02 1.2103786E-02 1.1570710E-02 9.5499751E-04 2.0941430E-04 6.8159119E-03 1.7925773E-04 6.7421409E-03 3.2105399E-02 3.6725900E-02 1.4580369E-04 1.5852851E+00 1.8857257E+01 -4.3597760E-02
3.1381000E+02 2.5927000E+02 8.6700000E+00 5.2600000E+02 10 5.5283017E+01 1.9049706E-01 2.9898737E-01 5.3125273E-02 1.2312241E-02 1.2049825E-02 1.1517524E-02 9.5360792E-04 2.0826000E-04 6.8201765E-03 1.7899690E-04 6.7424255E-03 3.1791518E-02 3.6745682E-02 1.4646782E-04 1.5853658E+00 1.8856009E+01 -4.3443271E-02
3.1381000E+02 2.5927000E+02 8.6700000E+00 5.3100000E+02 10 5.5284402E+01 1.9041965E-01 2.9789343E-01 5.3461814E-02 1.2316860E-02 1.2008044E-02 1.1476492E-02 9.5226610E-04 2.0743293E-04 6.8231742E-03 1.7874503E-04 6.7419763E-03 3.1525800E-02 3.6759186E-02 1.4679256E-04 1.5854501E+00 1.8855364E+01 -4.3311766E-02
3.1381000E+02 2.5927000E+02 8.6700000E+00 5.3600000E+02 10 5.5285610E+01 1.9031791E-01 2.9689718E-01 5.3752518E-02 1.2315954E-02 1.1972033E-02 1.1441200E-02 9.5097659E-04 2.0675470E-04 6.8232233E-03 1.7850298E-04 6.7391052E-03 3.1297916E-02 3.6756276E-02 1.4692508E-04 1.5852962E+00 1.8855270E+01 -4.3221130E-02
3.1381000E+02 2.5927000E+02 8.6700000E+00 5.4100000E+02 10 5.5286673E+01 1.9020278E-01 2.9598251E-01 5.4006507E-02 1.2311169E-02 1.1939440E-02 1.1409297E-02 9.4974270E-04 2.0615545E-04 6.8212140E-03 1.7827138E-04 6.7345421E-03 3.1100194E-02 3.6741830E-02 1.4696270E-04 1.5849487E+00 1.8855514E+01 -4.3163106E-02
3.1381000E+02 2.5927000E+02 8.6700000E+00 5.4600000E+02 10 5.5287615E+01 1.9008635E-01 2.9514714E-01 5.4230683E-02 1.2304420E-02 1.1909338E-02 1.1379853E-02 9.4856279E-04 2.0561174E-04 6.8181538E-03 1.7804990E-04 6.7291696E-03 3.0926858E-02 3.6721546E-02 1.4695687E-04 1.5844881E+00 1.8855932E+01 -4.3127120E-02
3.1381000E+02 2.5927000E+02 8.6700000E+00 5.5100000E+02 10 5.5288453E+01 1.8997596E-01 2.9438768E-01 5.4430342E-02 1.2296987E-02 1.1881265E-02 1.1352412E-02 9.4743238E-04 2.0511611E-04 6.8147093E-03 1.7783772E-04 6.7235779E-03 3.0773497E-02 3.6699232E-02 1.4693212E-04 1.5839737E+00 1.8856430E+01 -4.3105381E-02
3.1381000E+02 2.5927000E+02 8.6700000E+00 5.5600000E+02 10 5.5289203E+01 1.8987516E-01 2.9369841E-01 5.4609599E-02 1.2289585E-02 1.1854925E-02 1.1326678E-02 9.4634619E-04 2.0466663E-04 6.8112544E-03 1.7763383E-04 6.7180949E-03 3.0636700E-02 3.6677021E-02 1.4689977E-04 1.5834417E+00 1.8856958E+01 -4.3092857E-02
3.1381000E+02 2.5927000E+02 8.6700000E+00 5.6100000E+02 10 5.5289879E+01 1.8978507E-01 2.9307247E-01 5.4771694E-02 1.2282576E-02 1.1830091E-02 1.1302428E-02 9.4529910E-04 2.0426212E-04 6.8079743E-03 1.7743729E-04 6.7128835E-03 3.0513791E-02 3.6655984E-02 1.4686512E-04 1.5829119E+00 1.8857490E+01 -4.3086423E-02
3.1381000E+02 2.5927000E+02 8.6700000E+00 5.6600000E+02 10 5.5290489E+01 1.8970552E-01 2.9250271E-01 5.4919202E-02 1.2276105E-02 1.1806578E-02 1.1279481E-02 9.4428652E-04 2.0390119E-04 6.8049448E-03 1.7724722E-04 6.7080079E-03 3.0402647E-02 3.6636562E-02 1.4683085E-04 1.5823943E+00 1.8858013E+01 -4.3084170E-02
3.1381000E+02 2.5927000E+02 8.6700000E+00 5.7100000E+02 10 5.5291045E+01 1.8963582E-01 2.9198252E-01 5.5054200E-02 1.2270216E-02 1.1784232E-02 1.1257682E-02 9.4330444E-04 2.0358114E-04 6.8021918E-03 1.7706288E-04 6.7034769E-03 3.0301564E-02 3.6618878E-02 1.4679781E-04 1.5818933E+00 1.8858522E+01 -4.3084895E-02
3.1381000E+02 2.5927000E+02 8.6700000E+00 5.7600000E+02 10 5.5291552E+01 1.8957503E-01 2.9150588E-01 5.5178379E-02 1.2264893E-02 1.1762921E-02 1.1236904E-02 9.4234939E-04 2.0329753E-04 6.7997134E-03 1.7688361E-04 6.6992720E-03 3.0209156E-02 3.6602884E-02 1.4676644E-04 1.5814103E+00 1.8859012E+01 -4.3087836E-02
3.1381000E+02 2.5927000E+02 8.6700000E+00 5.8100000E+02 10 5.5292017E+01 1.8952213E-01 2.9106752E-01 5.5293132E-02 1.2260093E-02 1.1742535E-02 1.1217039E-02 9.4141837E-04 2.0304767E-04 6.7974916E-03 1.7670886E-04 6.6953649E-03 3.0124285E-02 3.6588454E-02 1.4673649E-04 1.5809454E+00 1.8859486E+01 -4.3092492E-02
3.1381000E+02 2.5927000E+02 8.6700000E+00 5.8200000E+02 10 5.5284561E+01 2.0467736E-01 3.2354951E-01 5.5315716E-02 1.4707592E-02 1.3533172E-02 1.3007779E-02 9.4123310E-04 2.2184997E-04 8.0430146E-03 1.7667408E-04 7.8790657E-03 3.0121837E-02 4.3894924E-02 1.8108289E-04 1.7495865E+00 1.8561902E+01 -2.9621454E-02
3.1381000E+02 2.5927000E+02 8.6700000E+00 5.8700000E+02 10 5.5292900E+01 1.8863333E-01 2.8910234E-01 5.5380310E-02 1.2141986E-02 1.1670998E-02 1.1142363E-02 9.4704054E-04 2.0304944E-04 6.7413597E-03 1.7776417E-04 6.6421210E-03 3.0018381E-02 3.6235726E-02 1.4395767E-04 1.5753477E+00 1.8870358E+01 -4.3591201E-02
3.1381000E+02 2.5927000E+02 8.6700000E+00 5.9200000E+02 10 5.5293305E+01 1.8845604E-01 2.8854205E-01 5.5442309E-02 1.2124095E-02 1.1647112E-02 1.1116188E-02 9.5114088E-04 2.0259950E-04 6.7352220E-03 1.7853382E-04 6.6362692E-03 2.9943319E-02 3.6182283E-02 1.4474640E-04 1.5746868E+00 1.8868986E+01 -4.3622322E-02
3.1381000E+02 2.5927000E+02 8.6700000E+00 5.9700000E+02 10 5.5293540E+01 1.8855865E-01 2.8854567E-01 5.5499459E-02 1.2146695E-02 1.1647866E-02 1.1115033E-02 9.5456060E-04 2.0282828E-04 6.7495234E-03 1.7917572E-04 6.6491467E-03 2.9876292E-02 3.6249588E-02 1.4536352E-04 1.5761370E+00 1.8866038E+01 -4.3452585E-02
3.1381000E+02 2.5927000E+02 8.6700000E+00 6.0200000E+02 10 5.5293755E+01 1.8866037E-01 2.8859087E-01 5.5554430E-02 1.2169654E-02 1.1655443E-02 1.1121062E-02 9.5733493E-04 2.0315633E-04 6.7634558E-03 1.7969648E-04 6.6618631E-03 2.9815083E-02 3.6318013E-02 1.4567776E-04 1.5776809E+00 1.8863630E+01 -4.3277491E-02
3.1381000E+02 2.5927000E+02 8.6700000E+00 6.0700000E+02 10 5.5293986E+01 1.8870047E-01 2.8854132E-01 5.5609091E-02 1.2183307E-02 1.1661594E-02 1.1126058E-02 9.5940327E-04 2.0340631E-04 6.7720572E-03 1.8008471E-04 6.6697042E-03 2.9758674E-02 3.6358713E-02 1.4577048E-04 1.5787363E+00 1.8862148E+01 -4.3152135E-02
3.1381000E+02 2.5927000E+02 8.6700000E+00 6.1200000E+02 10 5.5294231E+01 1.8869256E-01 2.8840466E-01 5.5663986E-02 1.2188955E-02 1.1664001E-02 1.1127672E-02 9.6082498E-04 2.0356550E-04 6.7761140E-03 1.8035157E-04 6.6732452E-03 2.9706289E-02 3.6375544E-02 1.4575016E-04 1.5793102E+00 1.8861381E+01 -4.3074773E-02
3.1381000E+02 2.5927000E+02 8.6700000E+00 6.1700000E+02 10 5.5294480E+01 1.8865976E-01 2.8821537E-01 5.5719019E-02 1.2189704E-02 1.1662675E-02 1.1125849E-02 9.6171403E-04 2.0365428E-04 6.7773536E-03 1.8051845E-04 6.6739911E-03 2.9657286E-02 3.6377755E-02 1.4568527E-04 1.5795415E+00 1.8861063E+01 -4.3031450E-02
3.1381000E+02 2.5927000E+02 8.6700000E+00 6.2200000E+02 10 5.5294725E+01 1.8861814E-01 2.8800108E-01 5.5773884E-02 1.2187931E-02 1.1658292E-02 1.1121202E-02 9.6218821E-04 2.0369666E-04 6.7771022E-03 1.8060746E-04 6.6731364E-03 2.9611148E-02 3.6372431E-02 1.4560847E-04 1.5795547E+00 1.8861012E+01 -4.3009895E-02
3.1381000E+02 2.5927000E+02 8.6700000E+00 6.2700000E+02 10 5.5294962E+01 1.8857626E-01 2.8777850E-01 5.5828253E-02 1.2185036E-02 1.1651600E-02 1.1114421E-02 9.6234781E-04 2.0371102E-04 6.7761264E-03 1.8063742E-04 6.6714445E-03 2.9567484E-02 3.6363751E-02 1.4553376E-04 1.5794344E+00 1.8861120E+01 -4.3001868E-02
3.1381000E+02 2.5927000E+02 8.6700000E+00 6.3200000E+02 10 5.5295190E+01 1.8853834E-01 2.8755724E-01 5.5881848E-02 1.2181811E-02 1.1643244E-02 1.1106108E-02 9.6227104E-04 2.0371067E-04 6.7748791E-03 1.8062301E-04 6.6693571E-03 2.9526004E-02 3.6354073E-02 1.4546654E-04 1.5792353E+00 1.8861318E+01 -4.3002052E-02
3.1381000E+02 2.5927000E+02 8.6700000E+00 6.3700000E+02 10 5.5295408E+01 1.8850589E-01 2.8734216E-01 5.5934453E-02 1.2178644E-02 1.1633734E-02 1.1096739E-02 9.6201637E-04 2.0370465E-04 6.7735926E-03 1.8057520E-04 6.6671121E-03 2.9486496E-02 3.6344561E-02 1.4540764E-04 1.5789910E+00 1.8861566E+01 -4.3007225E-02
3.1381000E+02 2.5927000E+02 8.6700000E+00 6.4200000E+02 10 5.5295617E+01 1.8847892E-01 2.8713530E-01 5.5985907E-02 1.2175694E-02 1.1623457E-02 1.1086680E-02 9.6162674E-04 2.0369818E-04 6.7723659E-03 1.8050207E-04 6.6648291E-03 2.9448801E-02 3.6335692E-02 1.4535603E-04 1.5787209E+00 1.8861843E+01 -4.3015504E-02
3.1381000E+02 2.5927000E+02 8.6700000E+00 6.4700000E+02 10 5.5295816E+01 1.8845695E-01 2.8693738E-01 5.6036099E-02 1.2173011E-02 1.1612703E-02 1.1076201E-02 9.6113366E-04 2.0369517E-04 6.7712290E-03 1.8040952E-04 6.6625728E-03 2.9412801E-02 3.6327615E-02 1.4531099E-04 1.5784367E+00 1.8862134E+01 -4.3025764E-02
3.1381000E+02 2.5927000E+02 8.6700000E+00 6.5000000E+02 10 5.5292243E+01 1.9585726E-01 3.0264740E-01 5.6065741E-02 1.3369378E-02 1.2449231E-02 1.1912912E-02 9.6080618E-04 2.1498977E-04 7.3820068E-03 1.8034805E-04 7.2385197E-03 2.9398668E-02 3.9898356E-02 1.6161668E-04 1.6521211E+00 1.8744391E+01 -3.6511529E-02
