x y z_datum Time Well_no H2O H O Charge Al C Ca Cl Fe K Mg Na S Si U pH pe Alkalinity
3.1381000E+02 2.5927000E+02 8.6700000E+00 0.0000000E+00 10 9.9704301E-01 7.2098600E-06 6.6484776E-04 -3.2324431E-06 0.0000000E+00 1.0067647E-04 6.3262499E-05 4.3211171E-04 0.0000000E+00 2.8240956E-04 5.5605062E-05 2.2967748E-04 1.4127542E-04 0.0000000E+00 0.0000000E+00 7.0300000E+00 1.1068788E+01 7.1999443E-03
3.1381000E+02 2.5927000E+02 8.6700000E+00 5.0000000E+00 10 5.5328130E+01 1.9402686E-02 6.2912117E-02 -3.0242410E-03 0.0000000E+00 7.2556387E-03 1.3663777E-03 1.0550512E-02 0.0000000E+00 6.2524753E-03 1.9803829E-03 8.6479603E-03 1.0532107E-02 0.0000000E+00 0.0000000E+00 2.3639032E+00 1.8021272E+01 -7.0183382E-03
3.1381000E+02 2.5927000E+02 8.6700000E+00 1.0000000E+01 10 5.5309279E+01 3.3786228E-02 1.0613570E-01 -2.7364502E-03 1.0826538E-03 7.7948477E-03 3.1692647E-03 8.2866537E-03 1.5009367E-05 5.4453159E-03 1.5554457E-03 7.3346049E-03 1.9013965E-02 3.2374607E-03 1.5961894E-05 1.9934930E+00 1.8434126E+01 -1.8117922E-02
3.1381000E+02 2.5927000E+02 8.6700000E+00 1.5000000E+01 10 5.5287393E+01 5.7593398E-02 1.5322548E-01 -2.4898471E-03 2.6135879E-03 8.0830767E-03 4.5403181E-03 6.3467922E-03 3.5385242E-05 5.0621747E-03 1.1913241E-03 6.4993075E-03 2.6282736E-02 7.8109219E-03 3.8131102E-05 1.8704258E+00 1.8575761E+01 -2.5546009E-02
3.1381000E+02 2.5927000E+02 8.6700000E+00 2.0000000E+01 10 5.5269756E+01 7.8058785E-02 1.9135484E-01 -2.3068374E-03 3.9772063E-03 8.2837181E-03 5.5445479E-03 4.9071772E-03 5.5414988E-05 4.8954891E-03 9.2110129E-04 5.9871116E-03 3.1677575E-02 1.1883152E-02 5.7594145E-05 1.8149870E+00 1.8639790E+01 -3.0168058E-02
3.1381000E+02 2.5927000E+02 8.6700000E+00 2.5000000E+01 10 5.5256870E+01 9.3416102E-02 2.1963014E-01 -2.1780824E-03 5.0457880E-03 8.4562269E-03 6.2824145E-03 3.8943481E-03 7.2513193E-05 4.8346435E-03 7.3098829E-04 5.6785247E-03 3.5473339E-02 1.5073744E-02 7.2480693E-05 1.7882178E+00 1.8670717E+01 -3.2916216E-02
3.1381000E+02 2.5927000E+02 8.6700000E+00 3.0000000E+01 10 5.5247721E+01 1.0448542E-01 2.4002457E-01 -2.0887142E-03 5.8427537E-03 8.6160144E-03 6.8346142E-03 3.1913485E-03 8.6201722E-05 4.8207753E-03 5.9903181E-04 5.4907508E-03 3.8108113E-02 1.7453160E-02 8.3259970E-05 1.7751099E+00 1.8685915E+01 -3.4520052E-02
3.1381000E+02 2.5927000E+02 8.6700000E+00 3.5000000E+01 10 5.5241269E+01 1.1235011E-01 2.5464931E-01 -2.0263899E-03 6.4252036E-03 8.7659097E-03 7.2581730E-03 2.7010849E-03 9.6728539E-05 4.8246636E-03 5.0700692E-04 5.3726807E-03 3.9945668E-02 1.9192088E-02 9.0898154E-05 1.7688016E+00 1.8693311E+01 -3.5453658E-02
3.1381000E+02 2.5927000E+02 8.6700000E+00 4.0000000E+01 10 5.5236696E+01 1.1793417E-01 2.6519008E-01 -1.9823351E-03 6.8479432E-03 8.9059033E-03 7.5916094E-03 2.3545352E-03 1.0467469E-04 4.8329451E-03 4.4195783E-04 5.2946399E-03 4.1244632E-02 2.0454212E-02 9.6276118E-05 1.7659336E+00 1.8696773E+01 -3.6000733E-02
3.1381000E+02 2.5927000E+02 8.6700000E+00 4.5000000E+01 10 5.5233419E+01 1.2192225E-01 2.7287143E-01 -1.9506203E-03 7.1550004E-03 9.0357119E-03 7.8606764E-03 2.1050562E-03 1.1062973E-04 4.8401990E-03 3.9512940E-04 5.2398897E-03 4.2179793E-02 2.1370989E-02 1.0007124E-04 1.7648064E+00 1.8698243E+01 -3.6325311E-02
3.1381000E+02 2.5927000E+02 8.6700000E+00 5.0000000E+01 10 5.5231037E+01 1.2479979E-01 2.7855413E-01 -1.9272973E-03 7.3794280E-03 9.1553451E-03 8.0827200E-03 1.9215898E-03 1.1509883E-04 4.8447368E-03 3.6069185E-04 5.1990660E-03 4.2867541E-02 2.2041091E-02 1.0277092E-04 1.7645477E+00 1.8698712E+01 -3.6521113E-02
3.1381000E+02 2.5927000E+02 8.6700000E+00 5.5000000E+01 10 5.5229275E+01 1.2690487E-01 2.8283532E-01 -1.9097403E-03 7.5452120E-03 9.2651471E-03 8.2696139E-03 1.7834809E-03 1.1847893E-04 4.8464625E-03 3.3476814E-04 5.1669015E-03 4.3385286E-02 2.2536120E-02 1.0471546E-04 1.7647077E+00 1.8698685E+01 -3.6641687E-02
3.1381000E+02 2.5927000E+02 8.6700000E+00 6.0000000E+01 10 5.5227944E+01 1.2847067E-01 2.8612689E-01 -1.8961959E-03 7.6694065E-03 9.3657147E-03 8.4296544E-03 1.6769363E-03 1.2106531E-04 4.8458445E-03 3.1476919E-04 5.1403740E-03 4.3784724E-02 2.2906983E-02 1.0613791E-04 1.7650540E+00 1.8698428E+01 -3.6717866E-02
3.1381000E+02 2.5927000E+02 8.6700000E+00 6.5000000E+01 10 5.5226917E+01 1.2965785E-01 2.8871319E-01 -1.8854851E-03 7.7640275E-03 9.4577942E-03 8.5687646E-03 1.5926816E-03 1.2307652E-04 4.8434753E-03 2.9895416E-04 5.1177193E-03 4.4100610E-02 2.3189551E-02 1.0719751E-04 1.7654695E+00 1.8698079E+01 -3.6767460E-02
3.1381000E+02 2.5927000E+02 8.6700000E+00 6.6000000E+01 10 5.5221013E+01 1.4135970E-01 3.1708403E-01 -1.8834477E-03 9.8001552E-03 1.1463696E-02 1.0583612E-02 1.5766546E-03 1.4147250E-04 5.8539614E-03 2.9594582E-04 6.1078882E-03 4.4177969E-02 2.9272260E-02 1.4019626E-04 1.9550913E+00 1.8399235E+01 -2.4632680E-02
3.1381000E+02 2.5927000E+02 8.6700000E+00 6.7000000E+01 10 5.5220943E+01 1.4133961E-01 3.1704970E-01 -1.8815073E-03 9.7807476E-03 1.1450221E-02 1.0578658E-02 1.5613898E-03 1.4316273E-04 5.8357792E-03 2.9308055E-04 6.0850467E-03 4.4234020E-02 2.9213924E-02 1.3790640E-04 1.9512250E+00 1.8415638E+01 -2.4850383E-02
3.1381000E+02 2.5927000E+02 8.6700000E+00 7.2000000E+01 10 5.5223134E+01 1.3061064E-01 2.9127046E-01 -1.8418583E-03 7.6455894E-03 9.4220448E-03 8.5853839E-03 1.4988639E-03 1.2435454E-04 4.7281331E-03 2.8134413E-04 4.9828534E-03 4.5000622E-02 2.2835700E-02 1.0333416E-04 1.7385796E+00 1.8880434E+01 -3.9145893E-02
3.1381000E+02 2.5927000E+02 8.6700000E+00 7.7000000E+01 10 5.5217792E+01 1.3333325E-01 2.9724727E-01 -1.7933148E-03 7.7741418E-03 9.4876315E-03 8.6801948E-03 1.4465093E-03 1.3774915E-04 4.7629048E-03 2.7151691E-04 5.0016014E-03 4.5949768E-02 2.3219172E-02 1.3085862E-04 1.7270033E+00 1.8954798E+01 -4.0372937E-02
3.1381000E+02 2.5927000E+02 8.6700000E+00 8.2000000E+01 10 5.5212895E+01 1.3621150E-01 3.0345932E-01 -1.7511540E-03 7.9631483E-03 9.5884667E-03 8.8059912E-03 1.4017916E-03 1.5576544E-04 4.8331863E-03 2.6312317E-04 5.0555457E-03 4.6783038E-02 2.3782937E-02 1.6237853E-04 1.7220304E+00 1.8991672E+01 -4.1036886E-02
3.1381000E+02 2.5927000E+02 8.6700000E+00 8.7000000E+01 10 5.5209104E+01 1.3857335E-01 3.0857731E-01 -1.7189602E-03 8.1326616E-03 9.6888737E-03 8.9280997E-03 1.3629138E-03 1.7267416E-04 4.8968633E-03 2.5582562E-04 5.1050329E-03 4.7431829E-02 2.4288588E-02 1.8930037E-04 1.7199224E+00 1.9011131E+01 -4.1410511E-02
3.1381000E+02 2.5927000E+02 8.6700000E+00 9.1000000E+01 10 5.5205346E+01 1.4292913E-01 3.1859277E-01 -1.6990159E-03 8.7362047E-03 1.0206665E-02 9.4615571E-03 1.3348488E-03 1.9547478E-04 5.1848297E-03 2.5055768E-04 5.3766997E-03 4.7857220E-02 2.6090665E-02 2.2423643E-04 1.7537644E+00 1.8981532E+01 -3.8722118E-02
3.1381000E+02 2.5927000E+02 8.6700000E+00 9.2000000E+01 10 5.5200377E+01 1.5221382E-01 3.4078763E-01 -1.6943773E-03 1.0319261E-02 1.1690756E-02 1.0949464E-02 1.3280122E-03 2.3294881E-04 5.9755883E-03 2.4927441E-04 6.1490463E-03 4.8008140E-02 3.0819240E-02 2.8945317E-04 1.8843361E+00 1.8836026E+01 -2.9521143E-02
3.1381000E+02 2.5927000E+02 8.6700000E+00 9.7000000E+01 10 5.5200348E+01 1.4143023E-01 3.1606928E-01 -2.1955012E-03 8.1497173E-03 9.7050236E-03 8.9808245E-03 1.2973905E-03 1.9404751E-04 4.8680466E-03 2.4352658E-04 5.0578821E-03 4.9116492E-02 2.4338771E-02 2.1483499E-04 1.6955004E+00 1.9062782E+01 -4.4130817E-02
3.1381000E+02 2.5927000E+02 8.6700000E+00 1.0200000E+02 10 5.5192512E+01 1.4451651E-01 3.2385816E-01 -2.8674303E-03 8.3051664E-03 9.7769510E-03 9.0682433E-03 1.2696379E-03 2.0545789E-04 4.9314612E-03 2.3831727E-04 5.1093497E-03 5.0490894E-02 2.4802366E-02 2.3392066E-04 1.6869692E+00 1.9083685E+01 -4.5398109E-02
3.1381000E+02 2.5927000E+02 8.6700000E+00 1.0700000E+02 10 5.5185662E+01 1.4751075E-01 3.3122855E-01 -3.4538785E-03 8.4932770E-03 9.8709821E-03 9.1764561E-03 1.2442316E-03 2.1729886E-04 5.0129898E-03 2.3354839E-04 5.1783904E-03 5.1667826E-02 2.5363368E-02 2.5129965E-04 1.6830554E+00 1.9096254E+01 -4.6181863E-02
3.1381000E+02 2.5927000E+02 8.6700000E+00 1.1200000E+02 10 5.5180457E+01 1.4990732E-01 3.3709192E-01 -3.8916178E-03 8.6557553E-03 9.9609910E-03 9.2795601E-03 1.2207718E-03 2.2790224E-04 5.0824464E-03 2.2914488E-04 5.2368627E-03 5.2563196E-02 2.5847958E-02 2.6539406E-04 1.6812894E+00 1.9103607E+01 -4.6667028E-02
3.1381000E+02 2.5927000E+02 8.6700000E+00 1.1700000E+02 10 5.5176692E+01 1.5170674E-01 3.4149796E-01 -4.1995088E-03 8.7825682E-03 1.0040226E-02 9.3709767E-03 1.1989488E-03 2.3672747E-04 5.1345126E-03 2.2504858E-04 5.2796990E-03 5.3218856E-02 2.6226207E-02 2.7611665E-04 1.6805142E+00 1.9107934E+01 -4.6973366E-02
3.1381000E+02 2.5927000E+02 8.6700000E+00 1.2200000E+02 10 5.5173990E+01 1.5304169E-01 3.4478401E-01 -4.4124291E-03 8.8790387E-03 1.0109285E-02 9.4514390E-03 1.1785199E-03 2.4386274E-04 5.1717961E-03 2.2121398E-04 5.3092191E-03 5.3698950E-02 2.6513977E-02 2.8406668E-04 1.6802191E+00 1.9110509E+01 -4.7171170E-02
3.1381000E+02 2.5927000E+02 8.6700000E+00 1.2400000E+02 10 5.5168193E+01 1.6332961E-01 3.6863436E-01 -4.4846362E-03 1.0581569E-02 1.1572636E-02 1.0919234E-02 1.1705574E-03 2.8915807E-04 6.0252603E-03 2.1971938E-04 6.1353209E-03 5.3932620E-02 3.1598126E-02 3.5838549E-04 1.7916706E+00 1.8987878E+01 -3.7591325E-02
3.1381000E+02 2.5927000E+02 8.6700000E+00 1.2500000E+02 10 5.5166403E+01 1.6628555E-01 3.7575557E-01 -4.5177702E-03 1.1074794E-02 1.2039218E-02 1.1388011E-02 1.1666268E-03 3.0322434E-04 6.2709094E-03 2.1898158E-04 6.3740460E-03 5.4029644E-02 3.3071199E-02 3.7747979E-04 1.8297519E+00 1.8946642E+01 -3.4779938E-02
3.1381000E+02 2.5927000E+02 8.6700000E+00 1.3000000E+02 10 5.5171720E+01 1.5321615E-01 3.4601659E-01 -4.6299893E-03 8.8003402E-03 1.0100587E-02 9.4598876E-03 1.1478027E-03 2.4898851E-04 5.1140249E-03 2.1544822E-04 5.2453149E-03 5.4228563E-02 2.6278673E-02 2.8007420E-04 1.6701497E+00 1.9124374E+01 -4.8346418E-02
3.1381000E+02 2.5927000E+02 8.6700000E+00 1.3100000E+02 10 5.5164738E+01 1.6688768E-01 3.7751011E-01 -4.6506854E-03 1.1094518E-02 1.2078276E-02 1.1439712E-02 1.1439759E-03 3.0877331E-04 6.2673054E-03 2.1472990E-04 6.3652636E-03 5.4381054E-02 3.3130116E-02 3.8695242E-04 1.8257750E+00 1.8951411E+01 -3.5164427E-02
3.1381000E+02 2.5927000E+02 8.6700000E+00 1.3200000E+02 10 5.5164514E+01 1.6692363E-01 3.7760466E-01 -4.6698551E-03 1.1086437E-02 1.2070538E-02 1.1434123E-02 1.1401259E-03 3.0875015E-04 6.2615031E-03 2.1400724E-04 6.3574298E-03 5.4428373E-02 3.3105635E-02 3.8086507E-04 1.8241092E+00 1.8954412E+01 -3.5299721E-02
3.1381000E+02 2.5927000E+02 8.6700000E+00 1.3700000E+02 10 5.5163734E+01 1.5531792E-01 3.5229879E-01 -5.8404146E-03 8.8229816E-03 1.0137712E-02 9.5117217E-03 1.1214519E-03 2.5352919E-04 5.1101330E-03 2.1050203E-04 5.2343383E-03 5.5844266E-02 2.6345988E-02 2.8310809E-04 1.6578735E+00 1.9115145E+01 -5.0202024E-02
3.1381000E+02 2.5927000E+02 8.6700000E+00 1.4200000E+02 10 5.5153455E+01 1.5907897E-01 3.6209554E-01 -7.3863370E-03 9.0378669E-03 1.0262011E-02 9.6458739E-03 1.1037992E-03 2.5341517E-04 5.2095032E-03 2.0718855E-04 5.3231698E-03 5.7771493E-02 2.6987124E-02 2.8593293E-04 1.6533757E+00 1.9080544E+01 -5.1409808E-02
3.1381000E+02 2.5927000E+02 8.6700000E+00 1.4700000E+02 10 5.5144170E+01 1.6277572E-01 3.7144362E-01 -8.7571323E-03 9.2808129E-03 1.0403609E-02 9.7967406E-03 1.0871937E-03 2.4771229E-04 5.3240637E-03 2.0407161E-04 5.4260641E-03 5.9465631E-02 2.7711870E-02 2.7591729E-04 1.6519321E+00 1.9035234E+01 -5.2208439E-02
3.1381000E+02 2.5927000E+02 8.6700000E+00 1.5200000E+02 10 5.5136989E+01 1.6573526E-01 3.7885532E-01 -9.8019480E-03 9.4835826E-03 1.0529459E-02 9.9313336E-03 1.0715310E-03 2.3854731E-04 5.4186089E-03 2.0113164E-04 5.5104700E-03 6.0759067E-02 2.8316770E-02 2.5803360E-04 1.6515178E+00 1.8986751E+01 -5.2739488E-02
3.1381000E+02 2.5927000E+02 8.6700000E+00 1.5700000E+02 10 5.5131740E+01 1.6794650E-01 3.8437097E-01 -1.0553222E-02 9.6376899E-03 1.0633000E-02 1.0043156E-02 1.0566952E-03 2.2827419E-04 5.4887021E-03 1.9834689E-04 5.5722516E-03 6.1697777E-02 2.8776520E-02 2.3732675E-04 1.6514227E+00 1.8940154E+01 -5.3097617E-02
3.1381000E+02 2.5927000E+02 8.6700000E+00 1.6200000E+02 10 5.5127953E+01 1.6957447E-01 3.8842732E-01 -1.1084643E-02 9.7522972E-03 1.0717211E-02 1.0135242E-02 1.0425878E-03 2.1844913E-04 5.5389900E-03 1.9569886E-04 5.6157044E-03 6.2373313E-02 2.9118444E-02 2.1714209E-04 1.6514390E+00 1.8899392E+01 -5.3342206E-02
3.1381000E+02 2.5927000E+02 8.6700000E+00 1.6700000E+02 10 5.5125200E+01 1.7078295E-01 3.9144372E-01 -1.1461717E-02 9.8380969E-03 1.0786710E-02 1.0212254E-02 1.0291296E-03 2.0985068E-04 5.5749064E-03 1.9317269E-04 5.6458821E-03 6.2865364E-02 2.9374435E-02 1.9920951E-04 1.6515057E+00 1.8867284E+01 -5.3511585E-02
3.1381000E+02 2.5927000E+02 8.6700000E+00 1.6800000E+02 10 5.5117690E+01 1.8507879E-01 4.2365913E-01 -1.1531459E-02 1.2194633E-02 1.2749534E-02 1.2176566E-02 1.0264633E-03 2.3199772E-04 6.7622688E-03 1.9267221E-04 6.7950043E-03 6.2979316E-02 3.6411468E-02 2.3899092E-04 1.7929481E+00 1.8637134E+01 -4.0145449E-02
3.1381000E+02 2.5927000E+02 8.6700000E+00 1.6900000E+02 10 5.5117315E+01 1.8508145E-01 4.2373491E-01 -1.1595998E-02 1.2176912E-02 1.2735349E-02 1.2163855E-02 1.0238218E-03 2.3181369E-04 6.7523792E-03 1.9217639E-04 6.7833753E-03 6.3062524E-02 3.6358170E-02 2.3131316E-04 1.7906425E+00 1.8639497E+01 -4.0363115E-02
3.1381000E+02 2.5927000E+02 8.6700000E+00 1.7400000E+02 10 5.5130439E+01 1.6402558E-01 3.8641366E-01 -1.5738127E-02 9.7019440E-03 1.0727608E-02 1.0163172E-02 1.0111764E-03 1.9941247E-04 5.4954843E-03 1.8980278E-04 5.5646691E-03 6.2068134E-02 2.8967706E-02 1.7245312E-04 1.7048640E+00 1.8792044E+01 -4.8320483E-02
3.1381000E+02 2.5927000E+02 8.6700000E+00 1.7500000E+02 10 5.5125786E+01 1.7482053E-01 4.1427104E-01 -1.6725494E-02 1.1811291E-02 1.2668421E-02 1.2105385E-02 1.0086693E-03 2.1833346E-04 6.5537546E-03 1.8933220E-04 6.5985897E-03 6.1836985E-02 3.5268515E-02 2.0801299E-04 1.8716459E+00 1.8528943E+01 -3.4383160E-02
3.1381000E+02 2.5927000E+02 8.6700000E+00 1.7600000E+02 10 5.5127965E+01 1.7219618E-01 4.1154249E-01 -1.7848707E-02 1.1689445E-02 1.2640983E-02 1.2079334E-02 1.0061839E-03 2.1709712E-04 6.4894782E-03 1.8886567E-04 6.5386010E-03 6.1534295E-02 3.4905156E-02 2.0143981E-04 1.8892737E+00 1.8515958E+01 -3.3199876E-02
3.1381000E+02 2.5927000E+02 8.6700000E+00 1.8100000E+02 10 5.5081560E+01 1.6659880E-01 4.1776812E-01 -2.8155922E-02 9.1584889E-03 1.0645027E-02 1.0090038E-02 9.9425427E-04 1.8497435E-04 5.2028013E-03 1.8662642E-04 5.2955744E-03 7.1578394E-02 2.7348478E-02 1.5048941E-04 1.6573024E+00 1.8829988E+01 -5.7421636E-02
3.1381000E+02 2.5927000E+02 8.6700000E+00 1.8600000E+02 10 5.5002274E+01 1.8639847E-01 4.7855067E-01 -3.8963370E-02 9.3628225E-03 1.0707269E-02 1.0158681E-02 9.8278644E-04 1.8182339E-04 5.3020601E-03 1.8447385E-04 5.3824248E-03 8.6142761E-02 2.7957411E-02 1.4831068E-04 1.5642357E+00 1.8912506E+01 -7.5049048E-02
3.1381000E+02 2.5927000E+02 8.6700000E+00 1.9100000E+02 10 5.4928818E+01 2.0827331E-01 5.3846423E-01 -4.7862308E-02 9.9429694E-03 1.0802449E-02 1.0260021E-02 9.7175031E-04 1.8570188E-04 5.5989609E-03 1.8240231E-04 5.6437078E-03 9.9351385E-02 2.9685088E-02 1.5036726E-04 1.5017450E+00 1.8967657E+01 -9.0309344E-02
3.1381000E+02 2.5927000E+02 8.6700000E+00 1.9600000E+02 10 5.4871623E+01 2.2694044E-01 5.8707161E-01 -5.4465124E-02 1.0604999E-02 1.0895245E-02 1.0358751E-02 9.6112003E-04 1.9325207E-04 5.9396388E-03 1.8040696E-04 5.9425730E-03 1.0949007E-01 3.1656220E-02 1.5334498E-04 1.4643719E+00 1.9000413E+01 -1.0136015E-01
3.1381000E+02 2.5927000E+02 8.6700000E+00 2.0100000E+02 10 5.4829986E+01 2.4137716E-01 6.2360916E-01 -5.9173983E-02 1.1208221E-02 1.0977170E-02 1.0446396E-02 9.5087298E-04 2.0254392E-04 6.2500035E-03 1.7848354E-04 6.2140798E-03 1.1679161E-01 3.3452119E-02 1.5594097E-04 1.4424745E+00 1.9019561E+01 -1.0883384E-01
3.1381000E+02 2.5927000E+02 8.6700000E+00 2.0600000E+02 10 5.4800302E+01 2.5214228E-01 6.5037916E-01 -6.2504177E-02 1.1711598E-02 1.1049347E-02 1.0524090E-02 9.4098913E-04 2.1246723E-04 6.5082765E-03 1.7662829E-04 6.4394803E-03 1.2195314E-01 3.4950750E-02 1.5789409E-04 1.4295982E+00 1.9030801E+01 -1.1377867E-01
3.1381000E+02 2.5927000E+02 8.6700000E+00 2.1100000E+02 10 5.4779130E+01 2.6009635E-01 6.6994544E-01 -6.4875167E-02 1.2116419E-02 1.1114537E-02 1.0594604E-02 9.3145039E-04 2.2229187E-04 6.7150087E-03 1.7483782E-04 6.6195077E-03 1.2561023E-01 3.6156024E-02 1.5927489E-04 1.4219657E+00 1.9037433E+01 -1.1704733E-01
3.1381000E+02 2.5927000E+02 8.6700000E+00 2.1600000E+02 10 5.4763871E+01 2.6599482E-01 6.8437039E-01 -6.6587258E-02 1.2437513E-02 1.1174877E-02 1.0660085E-02 9.2224025E-04 2.3150398E-04 6.8779299E-03 1.7310903E-04 6.7610760E-03 1.2823318E-01 3.7112102E-02 1.6021773E-04 1.4174184E+00 1.9041343E+01 -1.1922692E-01
3.1381000E+02 2.5927000E+02 8.6700000E+00 2.2100000E+02 10 5.4752698E+01 2.7041452E-01 6.9515923E-01 -6.7846267E-02 1.2691764E-02 1.1231663E-02 1.0721838E-02 9.1334350E-04 2.3980880E-04 7.0058746E-03 1.7143907E-04 6.8720177E-03 1.3014736E-01 3.7869247E-02 1.6084370E-04 1.4147135E+00 1.9043635E+01 -1.2070004E-01
3.1381000E+02 2.5927000E+02 8.6700000E+00 2.2600000E+02 10 5.4744360E+01 2.7377579E-01 7.0337536E-01 -6.8791491E-02 1.2894289E-02 1.1285612E-02 1.0780586E-02 9.0474596E-04 2.4709434E-04 7.1067163E-03 1.6982527E-04 6.9593774E-03 1.3157319E-01 3.8472451E-02 1.6125148E-04 1.4131253E+00 1.9044943E+01 -1.2171179E-01
3.1381000E+02 2.5927000E+02 8.6700000E+00 2.3100000E+02 10 5.4738003E+01 2.7637953E-01 7.0976264E-01 -6.9517160E-02 1.3057495E-02 1.1337128E-02 1.0836741E-02 8.9643437E-04 2.5336195E-04 7.1868877E-03 1.6826514E-04 7.0289625E-03 1.3265947E-01 3.8958637E-02 1.6151128E-04 1.4122240E+00 1.9045654E+01 -1.2241876E-01
3.1381000E+02 2.5927000E+02 8.6700000E+00 2.3600000E+02 10 5.4733047E+01 2.7843738E-01 7.1483842E-01 -7.0087300E-02 1.3190985E-02 1.1386474E-02 1.0890574E-02 8.8839623E-04 2.5868937E-04 7.2514021E-03 1.6675634E-04 7.0852310E-03 1.3350692E-01 3.9356388E-02 1.6167439E-04 1.4117502E+00 1.9045993E+01 -1.2292188E-01
3.1381000E+02 2.5927000E+02 8.6700000E+00 2.4100000E+02 10 5.4729093E+01 2.8009742E-01 7.1896209E-01 -7.0545703E-02 1.3301911E-02 1.1433863E-02 1.0942304E-02 8.8061972E-04 2.6319016E-04 7.3040546E-03 1.6529665E-04 7.1314358E-03 1.3418412E-01 3.9686987E-02 1.6177350E-04 1.4115434E+00 1.9046107E+01 -1.2328709E-01
3.1381000E+02 2.5927000E+02 8.6700000E+00 2.4600000E+02 10 5.4725867E+01 2.8146305E-01 7.2238380E-01 -7.0922573E-02 1.3395494E-02 1.1479480E-02 1.0992122E-02 8.7309363E-04 2.6698993E-04 7.3476636E-03 1.6388397E-04 7.1698954E-03 1.3473810E-01 3.9965956E-02 1.6183173E-04 1.4115021E+00 1.9046081E+01 -1.2355810E-01
3.1381000E+02 2.5927000E+02 8.6700000E+00 2.5100000E+02 10 5.4723179E+01 2.8260703E-01 7.2527904E-01 -7.1238954E-02 1.3475531E-02 1.1523493E-02 1.1040202E-02 8.6580727E-04 2.7020699E-04 7.3842978E-03 1.6251628E-04 7.2022768E-03 1.3520143E-01 4.0204598E-02 1.6186301E-04 1.4115617E+00 1.9045977E+01 -1.2376415E-01
3.1381000E+02 2.5927000E+02 8.6700000E+00 2.5600000E+02 10 5.4720895E+01 2.8358118E-01 7.2777233E-01 -7.1509677E-02 1.3544825E-02 1.1566046E-02 1.1086694E-02 8.5875049E-04 2.7294704E-04 7.4154756E-03 1.6119169E-04 7.2298126E-03 1.3559689E-01 4.0411243E-02 1.6187805E-04 1.4116809E+00 1.9045829E+01 -1.2392496E-01
3.1381000E+02 2.5927000E+02 8.6700000E+00 2.6100000E+02 10 5.4718920E+01 2.8442293E-01 7.2995326E-01 -7.1745328E-02 1.3605473E-02 1.1607258E-02 1.1131723E-02 8.5191358E-04 2.7529953E-04 7.4423239E-03 1.5990837E-04 7.2534326E-03 1.3594060E-01 4.0592132E-02 1.6188350E-04 1.4118332E+00 1.9045658E+01 -1.2405387E-01
3.1381000E+02 2.5927000E+02 8.6700000E+00 2.6400000E+02 10 5.4712955E+01 2.9467991E-01 7.5072936E-01 -7.1875948E-02 1.5132667E-02 1.2535452E-02 1.2062163E-02 8.4788856E-04 2.9259796E-04 8.2208441E-03 1.5915285E-04 7.9836013E-03 1.3613798E-01 4.5148068E-02 1.8199752E-04 1.4485076E+00 1.8966920E+01 -1.1620816E-01
3.1381000E+02 2.5927000E+02 8.6700000E+00 2.6500000E+02 10 5.4707734E+01 3.0460937E-01 7.7071227E-01 -7.1918356E-02 1.6631939E-02 1.3472966E-02 1.3000421E-02 8.4655538E-04 3.0708918E-04 8.9856757E-03 1.5890261E-04 8.7038745E-03 1.3620621E-01 4.9621314E-02 2.0108946E-04 1.4875106E+00 1.8864796E+01 -1.0828626E-01
3.1381000E+02 2.5927000E+02 8.6700000E+00 2.7000000E+02 10 5.4715530E+01 2.8696523E-01 7.3612020E-01 -7.2069210E-02 1.3925670E-02 1.1859164E-02 1.1389054E-02 8.4219419E-04 2.8641790E-04 7.5998945E-03 1.5808399E-04 7.3996634E-03 1.3641074E-01 4.1547375E-02 1.6244446E-04 1.4182587E+00 1.9037753E+01 -1.2286359E-01
3.1381000E+02 2.5927000E+02 8.6700000E+00 2.7500000E+02 10 5.4712733E+01 2.9058873E-01 7.4371626E-01 -7.2221413E-02 1.4431175E-02 1.2189125E-02 1.1722314E-02 8.3628420E-04 2.9154582E-04 7.8545294E-03 1.5697466E-04 7.6380705E-03 1.3663652E-01 4.3055650E-02 1.6949441E-04 1.4298230E+00 1.9013149E+01 -1.2043540E-01
3.1381000E+02 2.5927000E+02 8.6700000E+00 2.8000000E+02 10 5.4710291E+01 2.9360403E-01 7.5017368E-01 -7.2365626E-02 1.4850376E-02 1.2484020E-02 1.2020629E-02 8.3015701E-04 2.9697376E-04 8.0647266E-03 1.5582455E-04 7.8350910E-03 1.3685032E-01 4.4306585E-02 1.7310133E-04 1.4396603E+00 1.8996329E+01 -1.1841720E-01
3.1381000E+02 2.5927000E+02 8.6700000E+00 2.8500000E+02 10 5.4708311E+01 2.9582917E-01 7.5516362E-01 -7.2499568E-02 1.5159941E-02 1.2730770E-02 1.2270664E-02 8.2427084E-04 3.0166706E-04 8.2187611E-03 1.5471969E-04 7.9799774E-03 1.3704839E-01 4.5230611E-02 1.7483489E-04 1.4471319E+00 1.8985423E+01 -1.1692259E-01
3.1381000E+02 2.5927000E+02 8.6700000E+00 2.8900000E+02 10 5.4704700E+01 3.0176987E-01 7.6760293E-01 -7.2600264E-02 1.6052155E-02 1.3341513E-02 1.2883915E-02 8.1977966E-04 3.1233057E-04 8.6713463E-03 1.5387667E-04 8.4061273E-03 1.3720002E-01 4.7892975E-02 1.8432030E-04 1.4699835E+00 1.8939811E+01 -1.1225102E-01
3.1381000E+02 2.5927000E+02 8.6700000E+00 2.9000000E+02 10 5.4697215E+01 3.1648034E-01 7.9743916E-01 -7.2625040E-02 1.8299847E-02 1.4799919E-02 1.4342940E-02 8.1867091E-04 3.3125514E-04 9.8171601E-03 1.5366856E-04 9.4884851E-03 1.3724550E-01 5.4600141E-02 2.1156172E-04 1.5321973E+00 1.8761971E+01 -1.0019325E-01
3.1381000E+02 2.5927000E+02 8.6700000E+00 2.9500000E+02 10 5.4749053E+01 2.8639995E-01 7.2719729E-01 -6.7485064E-02 1.5312409E-02 1.2986398E-02 1.2532347E-02 8.1342498E-04 3.0891243E-04 8.2885563E-03 1.5268387E-04 8.0466249E-03 1.2946936E-01 4.5686586E-02 1.7145752E-04 1.4882575E+00 1.8950897E+01 -1.0541159E-01
3.1381000E+02 2.5927000E+02 8.6700000E+00 3.0000000E+02 10 5.4813501E+01 2.6947288E-01 6.7882681E-01 -5.9667751E-02 1.5194351E-02 1.3103540E-02 1.2652285E-02 8.0841645E-04 3.0648081E-04 8.2203395E-03 1.5174374E-04 7.9920583E-03 1.1766652E-01 4.5337102E-02 1.7114840E-04 1.5503050E+00 1.8884789E+01 -8.9539591E-02
3.1381000E+02 2.5927000E+02 8.6700000E+00 3.0100000E+02 10 5.4818855E+01 2.8232280E-01 7.0335246E-01 -5.8027892E-02 1.7763560E-02 1.5029983E-02 1.4579282E-02 8.0742377E-04 3.2781097E-04 9.5224853E-03 1.5155741E-04 9.2391302E-03 1.1520402E-01 5.3007549E-02 2.0558852E-04 1.6608890E+00 1.8631677E+01 -7.1824829E-02
3.1381000E+02 2.5927000E+02 8.6700000E+00 3.0200000E+02 10 5.4833098E+01 2.7790804E-01 6.9170740E-01 -5.6346762E-02 1.7637020E-02 1.5039228E-02 1.4589076E-02 8.0643966E-04 3.2950465E-04 9.4552560E-03 1.5137269E-04 9.1799793E-03 1.1266518E-01 5.2631027E-02 2.0226629E-04 1.6768803E+00 1.8630931E+01 -6.8864664E-02
3.1381000E+02 2.5927000E+02 8.6700000E+00 3.0300000E+02 10 5.4849150E+01 2.7238278E-01 6.7760215E-01 -5.4488669E-02 1.7401497E-02 1.4998304E-02 1.4548598E-02 8.0564020E-04 3.3079769E-04 9.3322351E-03 1.5122263E-04 9.0688418E-03 1.0986086E-01 5.1929444E-02 1.9799498E-04 1.6915648E+00 1.8634054E+01 -6.6089768E-02
3.1381000E+02 2.5927000E+02 8.6700000E+00 3.0800000E+02 10 5.4922849E+01 2.3383086E-01 5.8539488E-01 -4.6879774E-02 1.3873122E-02 1.2876092E-02 1.2424472E-02 8.0906939E-04 2.9379026E-04 7.5312838E-03 1.5186630E-04 7.3753063E-03 9.8339601E-02 4.1402417E-02 1.5302803E-04 1.6403526E+00 1.8816447E+01 -6.9056259E-02
3.1381000E+02 2.5927000E+02 8.6700000E+00 3.1300000E+02 10 5.4971276E+01 2.1701535E-01 5.4280157E-01 -4.1289891E-02 1.3149571E-02 1.2802809E-02 1.2348328E-02 8.1419408E-04 2.7861023E-04 7.1548015E-03 1.5282823E-04 7.0437056E-03 8.9879498E-02 3.9248237E-02 1.4896396E-04 1.6847752E+00 1.8768821E+01 -6.0642048E-02
3.1381000E+02 2.5927000E+02 8.6700000E+00 3.1800000E+02 10 5.5005970E+01 2.0458446E-01 5.1202360E-01 -3.7313250E-02 1.2586770E-02 1.2803655E-02 1.2346688E-02 8.1864968E-04 2.6474923E-04 6.8608635E-03 1.5366457E-04 6.7876906E-03 8.3856703E-02 3.7572956E-02 1.4520149E-04 1.7198715E+00 1.8731123E+01 -5.4747819E-02
3.1381000E+02 2.5927000E+02 8.6700000E+00 3.2300000E+02 10 5.5030773E+01 1.9522999E-01 4.8950296E-01 -3.4504748E-02 1.2120233E-02 1.2827377E-02 1.2368596E-02 8.2189757E-04 2.5194033E-04 6.6162139E-03 1.5427422E-04 6.5757614E-03 7.9599913E-02 3.6184095E-02 1.4165226E-04 1.7449335E+00 1.8704586E+01 -5.0818889E-02
3.1381000E+02 2.5927000E+02 8.6700000E+00 3.2800000E+02 10 5.5048609E+01 1.8810922E-01 4.7281582E-01 -3.2514471E-02 1.1727547E-02 1.2852651E-02 1.2392696E-02 8.2400181E-04 2.4047850E-04 6.4097715E-03 1.5466919E-04 6.3968752E-03 7.6580575E-02 3.5014814E-02 1.3848290E-04 1.7615944E+00 1.8687215E+01 -4.8267396E-02
3.1381000E+02 2.5927000E+02 8.6700000E+00 3.2900000E+02 10 5.5046046E+01 1.9857181E-01 4.9767622E-01 -3.2146519E-02 1.3700286E-02 1.4746744E-02 1.4286579E-02 8.2437807E-04 2.5602795E-04 7.4006394E-03 1.5473982E-04 7.3669222E-03 7.6037953E-02 4.0908322E-02 1.6894934E-04 1.9085558E+00 1.8416794E+01 -3.5705175E-02
3.1381000E+02 2.5927000E+02 8.6700000E+00 3.3000000E+02 10 5.5049225E+01 1.9709697E-01 4.9433504E-01 -3.1806230E-02 1.3596596E-02 1.4729671E-02 1.4269320E-02 8.2471131E-04 2.5530786E-04 7.3471799E-03 1.5480237E-04 7.3180242E-03 7.5520505E-02 4.0598976E-02 1.6613697E-04 1.9103378E+00 1.8428544E+01 -3.5461009E-02
3.1381000E+02 2.5927000E+02 8.6700000E+00 3.3500000E+02 10 5.5041555E+01 1.8824783E-01 4.7191263E-01 -3.1068149E-02 1.1092438E-02 1.2756937E-02 1.2296135E-02 8.2551829E-04 2.2654055E-04 6.0792208E-03 1.5495384E-04 6.1004805E-03 7.8289245E-02 3.3121538E-02 1.3046500E-04 1.6895108E+00 1.8768603E+01 -5.5957889E-02
3.1381000E+02 2.5927000E+02 8.6700000E+00 3.4000000E+02 10 5.5012908E+01 1.9930088E-01 4.9339458E-01 -3.0864790E-02 1.1143491E-02 1.2751975E-02 1.2291100E-02 8.2564939E-04 2.2205918E-04 6.1060397E-03 1.5497845E-04 6.1239814E-03 8.3512788E-02 3.3272862E-02 1.3355166E-04 1.6125981E+00 1.8841177E+01 -6.6536268E-02
3.1381000E+02 2.5927000E+02 8.6700000E+00 3.4500000E+02 10 5.4983887E+01 2.1222301E-01 5.1802740E-01 -3.0842917E-02 1.1500848E-02 1.2781123E-02 1.2320472E-02 8.2524988E-04 2.2318016E-04 6.2936105E-03 1.5490346E-04 6.2888612E-03 8.8593902E-02 3.4336250E-02 1.3851732E-04 1.5591459E+00 1.8891324E+01 -7.5343523E-02
3.1381000E+02 2.5927000E+02 8.6700000E+00 3.5000000E+02 10 5.4960290E+01 2.2367121E-01 5.3947695E-01 -3.0849383E-02 1.1944611E-02 1.2816217E-02 1.2356022E-02 8.2443289E-04 2.2696267E-04 6.5270109E-03 1.5475011E-04 6.4927303E-03 9.2618212E-02 3.5656861E-02 1.4337794E-04 1.5256185E+00 1.8922838E+01 -8.1625862E-02
3.1381000E+02 2.5927000E+02 8.6700000E+00 3.5500000E+02 10 5.4942746E+01 2.3274509E-01 5.5623084E-01 -3.0840670E-02 1.2361746E-02 1.2847373E-02 1.2387817E-02 8.2328634E-04 2.3169028E-04 6.7466526E-03 1.5453490E-04 6.6835751E-03 9.5550014E-02 3.6898207E-02 1.4740039E-04 1.5051068E+00 1.8942256E+01 -8.5827696E-02
3.1381000E+02 2.5927000E+02 8.6700000E+00 3.6000000E+02 10 5.4930164E+01 2.3960206E-01 5.6873384E-01 -3.0812942E-02 1.2713386E-02 1.2873293E-02 1.2414522E-02 8.2187890E-04 2.3654215E-04 6.9318669E-03 1.5427071E-04 6.8437646E-03 9.7616854E-02 3.7944630E-02 1.5050452E-04 1.4925423E+00 1.8954260E+01 -8.8571387E-02
3.1381000E+02 2.5927000E+02 8.6700000E+00 3.6500000E+02 10 5.4921247E+01 2.4468483E-01 5.7790384E-01 -3.0772146E-02 1.2995243E-02 1.2895106E-02 1.2437237E-02 8.2026455E-04 2.4119010E-04 7.0802716E-03 1.5396769E-04 6.9715291E-03 9.9060263E-02 3.8783384E-02 1.5282946E-04 1.4847649E+00 1.8961749E+01 -9.0354567E-02
3.1381000E+02 2.5927000E+02 8.6700000E+00 3.7000000E+02 10 5.4914929E+01 2.4843174E-01 5.8460391E-01 -3.0724537E-02 1.3215738E-02 1.2914088E-02 1.2457212E-02 8.1848621E-04 2.4550822E-04 7.1962368E-03 1.5363389E-04 7.0708831E-03 1.0007020E-01 3.9439539E-02 1.5454520E-04 1.4798845E+00 1.8966480E+01 -9.1519135E-02
3.1381000E+02 2.5927000E+02 8.6700000E+00 3.7500000E+02 10 5.4910425E+01 2.5119919E-01 5.8951622E-01 -3.0674616E-02 1.3386400E-02 1.2931117E-02 1.2475306E-02 8.1657830E-04 2.4944816E-04 7.2857991E-03 1.5327576E-04 7.1472306E-03 1.0078238E-01 3.9947409E-02 1.5580207E-04 1.4767754E+00 1.8969515E+01 -9.2287382E-02
3.1381000E+02 2.5927000E+02 8.6700000E+00 3.8000000E+02 10 5.4907185E+01 2.5325686E-01 5.9314667E-01 -3.0625194E-02 1.3518182E-02 1.2946695E-02 1.2492005E-02 8.1456876E-04 2.5298671E-04 7.3547117E-03 1.5289856E-04 7.2056792E-03 1.0129043E-01 4.0339587E-02 1.5672065E-04 1.4747618E+00 1.8971494E+01 -9.2801096E-02
3.1381000E+02 2.5927000E+02 8.6700000E+00 3.8500000E+02 10 5.4904824E+01 2.5480254E-01 5.9586036E-01 -3.0577848E-02 1.3620290E-02 1.2961078E-02 1.2507554E-02 8.1248046E-04 2.5611999E-04 7.4078250E-03 1.5250658E-04 7.2505046E-03 1.0165809E-01 4.0643469E-02 1.5739216E-04 1.4734334E+00 1.8972808E+01 -9.3150358E-02
3.1381000E+02 2.5927000E+02 8.6700000E+00 3.9000000E+02 10 5.4903078E+01 2.5597901E-01 5.9791742E-01 -3.0533352E-02 1.3700012E-02 1.2974391E-02 1.2522066E-02 8.1033232E-04 2.5885976E-04 7.4489953E-03 1.5210336E-04 7.2850778E-03 1.0192865E-01 4.0880744E-02 1.5788406E-04 1.4725377E+00 1.8973702E+01 -9.3392547E-02
3.1381000E+02 2.5927000E+02 8.6700000E+00 3.9500000E+02 10 5.4901765E+01 2.5688838E-01 5.9950201E-01 -3.0491975E-02 1.3762928E-02 1.2986701E-02 1.2535600E-02 8.0814004E-04 2.6123028E-04 7.4811871E-03 1.5169186E-04 7.3119663E-03 1.0213154E-01 4.1068011E-02 1.5824555E-04 1.4719181E+00 1.8974327E+01 -9.3564433E-02
3.1381000E+02 2.5927000E+02 8.6700000E+00 4.0000000E+02 10 5.4900760E+01 2.5760336E-01 6.0074417E-01 -3.0453697E-02 1.3813219E-02 1.2998058E-02 1.2548198E-02 8.0591673E-04 2.6326495E-04 7.5066319E-03 1.5127453E-04 7.3330859E-03 1.0228682E-01 4.1217707E-02 1.5851209E-04 1.4714757E+00 1.8974779E+01 -9.3689749E-02
3.1381000E+02 2.5927000E+02 8.6700000E+00 4.0500000E+02 10 5.4899976E+01 2.5817565E-01 6.0173578E-01 -3.0418335E-02 1.3853979E-02 1.3008517E-02 1.2559909E-02 8.0367338E-04 2.6500226E-04 7.5269888E-03 1.5085345E-04 7.3498498E-03 1.0240824E-01 4.1339043E-02 1.5870929E-04 1.4711481E+00 1.8975117E+01 -9.3783938E-02
3.1381000E+02 2.5927000E+02 8.6700000E+00 4.1000000E+02 10 5.4899352E+01 2.5864206E-01 6.0254196E-01 -3.0385632E-02 1.3887488E-02 1.3018140E-02 1.2570791E-02 8.0141919E-04 2.6648192E-04 7.5434837E-03 1.5043032E-04 7.3632967E-03 1.0250526E-01 4.1438801E-02 1.5885549E-04 1.4708950E+00 1.8975383E+01 -9.3857131E-02
3.1381000E+02 2.5927000E+02 8.6700000E+00 4.1200000E+02 10 5.4892259E+01 2.7261039E-01 6.3106377E-01 -3.0372959E-02 1.6052002E-02 1.4388335E-02 1.3941490E-02 8.0051632E-04 2.8805255E-04 8.6494469E-03 1.5026085E-04 8.4030337E-03 1.0255115E-01 4.7897264E-02 1.8783891E-04 1.5393574E+00 1.8827209E+01 -8.2386224E-02
3.1381000E+02 2.5927000E+02 8.6700000E+00 4.1700000E+02 10 5.4899297E+01 2.5789193E-01 6.0105164E-01 -3.0343542E-02 1.3740335E-02 1.2937084E-02 1.2491499E-02 7.9825887E-04 2.6856205E-04 7.4670690E-03 1.4983712E-04 7.2891737E-03 1.0261226E-01 4.0999495E-02 1.5495738E-04 1.4653830E+00 1.8988409E+01 -9.4878817E-02
3.1381000E+02 2.5927000E+02 8.6700000E+00 4.2200000E+02 10 5.4898889E+01 2.5824000E-01 6.0159803E-01 -3.0316125E-02 1.3765624E-02 1.2936269E-02 1.2491940E-02 7.9600710E-04 2.6804003E-04 7.4791823E-03 1.4941445E-04 7.2988830E-03 1.0267435E-01 4.1074787E-02 1.5677671E-04 1.4651796E+00 1.8985268E+01 -9.4928552E-02
3.1381000E+02 2.5927000E+02 8.6700000E+00 4.2700000E+02 10 5.4898386E+01 2.5885375E-01 6.0265954E-01 -3.0290466E-02 1.3833049E-02 1.2959365E-02 1.2516288E-02 7.9376594E-04 2.6869418E-04 7.5130314E-03 1.4899377E-04 7.3286187E-03 1.0272740E-01 4.1275709E-02 1.5799077E-04 1.4662973E+00 1.8982059E+01 -9.4740069E-02
3.1381000E+02 2.5927000E+02 8.6700000E+00 4.2900000E+02 10 5.4891287E+01 2.7296922E-01 6.3140376E-01 -3.0280470E-02 1.6020857E-02 1.4332279E-02 1.3889701E-02 7.9287147E-04 2.9019058E-04 8.6313850E-03 1.4882587E-04 8.3790174E-03 1.0275787E-01 4.7803547E-02 1.8751971E-04 1.5349509E+00 1.8833741E+01 -8.3134715E-02
3.1381000E+02 2.5927000E+02 8.6700000E+00 4.3000000E+02 10 5.4889109E+01 2.7727250E-01 6.4023510E-01 -3.0275536E-02 1.6686823E-02 1.4773582E-02 1.4331253E-02 7.9242477E-04 2.9810925E-04 8.9713526E-03 1.4874203E-04 8.6990573E-03 1.0276992E-01 4.9790790E-02 1.9441778E-04 1.5578727E+00 1.8779613E+01 -7.9564359E-02
3.1381000E+02 2.5927000E+02 8.6700000E+00 4.3500000E+02 10 5.4897552E+01 2.6024030E-01 6.0577814E-01 -3.0252806E-02 1.4053596E-02 1.3148791E-02 1.2705737E-02 7.9372340E-04 2.7764733E-04 7.6263895E-03 1.4898579E-04 7.4337902E-03 1.0276338E-01 4.1933437E-02 1.5759618E-04 1.4729671E+00 1.8975510E+01 -9.3571083E-02
3.1381000E+02 2.5927000E+02 8.6700000E+00 4.3600000E+02 10 5.4888089E+01 2.7925323E-01 6.4460139E-01 -3.0247750E-02 1.7003683E-02 1.5051149E-02 1.4607843E-02 7.9417601E-04 3.0237662E-04 9.1332830E-03 1.4907074E-04 8.8541745E-03 1.0277762E-01 5.0736802E-02 1.9866757E-04 1.5698335E+00 1.8740716E+01 -7.7756373E-02
3.1381000E+02 2.5927000E+02 8.6700000E+00 4.3700000E+02 10 5.4888926E+01 2.7938286E-01 6.4448298E-01 -3.0028979E-02 1.7049151E-02 1.5088527E-02 1.4644814E-02 7.9490397E-04 3.0612835E-04 9.1574108E-03 1.4920739E-04 8.8760490E-03 1.0259395E-01 5.0872220E-02 1.9696623E-04 1.5720734E+00 1.8748083E+01 -7.7345826E-02
3.1381000E+02 2.5927000E+02 8.6700000E+00 4.3800000E+02 10 5.4891932E+01 2.7901835E-01 6.4249544E-01 -2.9354267E-02 1.7069470E-02 1.5115237E-02 1.4671030E-02 7.9578964E-04 3.0890916E-04 9.1686229E-03 1.4937363E-04 8.8861550E-03 1.0202328E-01 5.0932675E-02 1.9568813E-04 1.5745032E+00 1.8752350E+01 -7.6733845E-02
3.1381000E+02 2.5927000E+02 8.6700000E+00 4.4300000E+02 10 5.4953978E+01 2.5406391E-01 5.6855107E-01 -1.7534789E-02 1.4477800E-02 1.3498300E-02 1.3052723E-02 7.9824278E-04 2.8528206E-04 7.8454921E-03 1.4983410E-04 7.6419222E-03 9.2023321E-02 4.3199355E-02 1.6107985E-04 1.5080387E+00 1.8932524E+01 -8.2195060E-02
3.1381000E+02 2.5927000E+02 8.6700000E+00 4.4400000E+02 10 5.4957099E+01 2.7013756E-01 5.9667015E-01 -1.4885541E-02 1.7278587E-02 1.5398071E-02 1.4952390E-02 7.9843030E-04 3.0770199E-04 9.2731575E-03 1.4986929E-04 8.9937707E-03 8.9800356E-02 5.1558640E-02 1.9955724E-04 1.6197897E+00 1.8676449E+01 -6.5144756E-02
3.1381000E+02 2.5927000E+02 8.6700000E+00 4.4500000E+02 10 5.4970116E+01 2.6824143E-01 5.8729392E-01 -1.2008087E-02 1.7299931E-02 1.5439345E-02 1.4993769E-02 7.9824228E-04 3.1032777E-04 9.2836793E-03 1.4983400E-04 9.0042118E-03 8.7371948E-02 5.1622442E-02 1.9785408E-04 1.6290112E+00 1.8677201E+01 -6.2961918E-02
3.1381000E+02 2.5927000E+02 8.6700000E+00 4.5000000E+02 10 5.5036351E+01 2.4435876E-01 5.1320771E-01 9.4825417E-04 1.4984588E-02 1.3983546E-02 1.3539439E-02 7.9560986E-04 2.9069492E-04 8.0991487E-03 1.4933988E-04 7.8881717E-03 7.6437965E-02 4.4713389E-02 1.6670056E-04 1.5660407E+00 1.8858874E+01 -6.6238255E-02
3.1381000E+02 2.5927000E+02 8.6700000E+00 4.5300000E+02 10 5.5064315E+01 2.4847030E-01 5.0868001E-01 8.1065251E-03 1.6441842E-02 1.5123022E-02 1.4680046E-02 7.9358520E-04 3.0304024E-04 8.8369637E-03 1.4895984E-04 8.5943896E-03 7.0415857E-02 4.9064424E-02 1.8556762E-04 1.6540059E+00 1.8706542E+01 -5.3065735E-02
3.1381000E+02 2.5927000E+02 8.6700000E+00 4.5400000E+02 10 5.5071049E+01 2.5438798E-01 5.1735894E-01 1.0416268E-02 1.7659095E-02 1.6112811E-02 1.5670231E-02 7.9287579E-04 3.1248146E-04 9.4527976E-03 1.4882668E-04 9.1863780E-03 6.8476119E-02 5.2699324E-02 1.9919110E-04 1.7320307E+00 1.8537797E+01 -4.4545665E-02
3.1381000E+02 2.5927000E+02 8.6700000E+00 4.5900000E+02 10 5.5127309E+01 2.2906221E-01 4.4474462E-01 2.0846141E-02 1.4808251E-02 1.4237107E-02 1.3797417E-02 7.8769770E-04 2.8559907E-04 7.9945950E-03 1.4785473E-04 7.8086434E-03 5.9699265E-02 4.4191224E-02 1.6246073E-04 1.6161958E+00 1.8812310E+01 -5.2663125E-02
3.1381000E+02 2.5927000E+02 8.6700000E+00 4.6400000E+02 10 5.5163767E+01 2.2154971E-01 4.1507967E-01 2.8669804E-02 1.4520272E-02 1.4239180E-02 1.3801894E-02 7.8339105E-04 2.7735026E-04 7.8396829E-03 1.4704635E-04 7.6728224E-03 5.3133531E-02 4.3333936E-02 1.6114728E-04 1.6293288E+00 1.8797404E+01 -4.8448585E-02
3.1381000E+02 2.5927000E+02 8.6700000E+00 4.6900000E+02 10 5.5190607E+01 2.1599929E-01 3.9334497E-01 3.4434577E-02 1.4311447E-02 1.4267958E-02 1.3832687E-02 7.7977980E-04 2.7014390E-04 7.7267733E-03 1.4636850E-04 7.5742229E-03 4.8303893E-02 4.2712287E-02 1.6014837E-04 1.6405699E+00 1.8784241E+01 -4.5296042E-02
3.1381000E+02 2.5927000E+02 8.6700000E+00 4.7400000E+02 10 5.5210513E+01 2.1171714E-01 3.7705244E-01 3.8697814E-02 1.4133749E-02 1.4299792E-02 1.3866314E-02 7.7656968E-04 2.6363167E-04 7.6307546E-03 1.4576595E-04 7.4899979E-03 4.4740800E-02 4.2183165E-02 1.5906794E-04 1.6486584E+00 1.8774987E+01 -4.3057654E-02
3.1381000E+02 2.5927000E+02 8.6700000E+00 4.7900000E+02 10 5.5225422E+01 2.0832430E-01 3.6460917E-01 4.1876258E-02 1.3973233E-02 1.4324751E-02 1.3892928E-02 7.7360370E-04 2.5778359E-04 7.5442719E-03 1.4520922E-04 7.4134812E-03 4.2092803E-02 4.1705022E-02 1.5795862E-04 1.6537117E+00 1.8769347E+01 -4.1518268E-02
3.1381000E+02 2.5927000E+02 8.6700000E+00 4.8100000E+02 10 5.5225575E+01 2.1737432E-01 3.8307601E-01 4.2997306E-02 1.5623079E-02 1.5689171E-02 1.5257992E-02 7.7245016E-04 2.6908187E-04 8.3793327E-03 1.4499269E-04 8.2149995E-03 4.1170198E-02 4.6631284E-02 1.8041280E-04 1.7790335E+00 1.8555142E+01 -3.1369610E-02
3.1381000E+02 2.5927000E+02 8.6700000E+00 4.8200000E+02 10 5.5226589E+01 2.1972109E-01 3.8774120E-01 4.3522945E-02 1.6090485E-02 1.6131285E-02 1.5700424E-02 7.7188104E-04 2.7197086E-04 8.6148663E-03 1.4488587E-04 8.4428900E-03 4.0735654E-02 4.8027145E-02 1.8535025E-04 1.8253237E+00 1.8471944E+01 -2.8246230E-02
3.1381000E+02 2.5927000E+02 8.6700000E+00 4.8700000E+02 10 5.5244454E+01 2.0133350E-01 3.4389649E-01 4.5631052E-02 1.3319218E-02 1.4068951E-02 1.3639866E-02 7.6870015E-04 2.4738239E-04 7.2044734E-03 1.4428880E-04 7.0976545E-03 3.8979721E-02 3.9753601E-02 1.4908199E-04 1.6323089E+00 1.8807672E+01 -4.2184650E-02
3.1381000E+02 2.5927000E+02 8.6700000E+00 4.9200000E+02 10 5.5252351E+01 1.9870978E-01 3.3553649E-01 4.7229612E-02 1.3082765E-02 1.3932528E-02 1.3504855E-02 7.6616907E-04 2.4109730E-04 7.0816976E-03 1.4381370E-04 6.9823429E-03 3.7664498E-02 3.9048119E-02 1.4913044E-04 1.6242465E+00 1.8813592E+01 -4.2369684E-02
3.1381000E+02 2.5927000E+02 8.6700000E+00 4.9700000E+02 10 5.5258109E+01 1.9728406E-01 3.3016029E-01 4.8459538E-02 1.2982575E-02 1.3857591E-02 1.3431170E-02 7.6392661E-04 2.3716546E-04 7.0298451E-03 1.4339278E-04 6.9315259E-03 3.6658193E-02 3.8748920E-02 1.4957329E-04 1.6221419E+00 1.8813670E+01 -4.2133810E-02
3.1381000E+02 2.5927000E+02 8.6700000E+00 5.0200000E+02 10 5.5262509E+01 1.9635758E-01 3.2629009E-01 4.9424419E-02 1.2929028E-02 1.3810121E-02 1.3384900E-02 7.6177649E-04 2.3442824E-04 7.0021353E-03 1.4298919E-04 6.9029615E-03 3.5874559E-02 3.8588894E-02 1.4981543E-04 1.6217239E+00 1.8812874E+01 -4.1837145E-02
3.1381000E+02 2.5927000E+02 8.6700000E+00 5.0500000E+02 10 5.5261311E+01 2.0285988E-01 3.3966006E-01 4.9925570E-02 1.4057999E-02 1.4658761E-02 1.4234252E-02 7.6050079E-04 2.4357886E-04 7.5760190E-03 1.4274974E-04 7.4477919E-03 3.5476531E-02 4.1958895E-02 1.6565251E-04 1.6977839E+00 1.8690143E+01 -3.5268316E-02
3.1381000E+02 2.5927000E+02 8.6700000E+00 5.0600000E+02 10 5.5258780E+01 2.0924059E-01 3.5372121E-01 5.0084579E-02 1.5142853E-02 1.5542649E-02 1.5118376E-02 7.6007672E-04 2.5132269E-04 8.1257701E-03 1.4267014E-04 7.9746388E-03 3.5354426E-02 4.5198143E-02 1.7974927E-04 1.7860742E+00 1.8531481E+01 -2.9021304E-02
3.1381000E+02 2.5927000E+02 8.6700000E+00 5.1100000E+02 10 5.5269921E+01 1.9239407E-01 3.1543656E-01 5.0771165E-02 1.2435270E-02 1.3473927E-02 1.3051152E-02 7.5739336E-04 2.2847798E-04 6.7493424E-03 1.4216646E-04 6.6593214E-03 3.4794177E-02 3.7114645E-02 1.4249405E-04 1.5970165E+00 1.8852363E+01 -4.3688458E-02
3.1381000E+02 2.5927000E+02 8.6700000E+00 5.1600000E+02 10 5.5272609E+01 1.9149127E-01 3.1210112E-01 5.1332065E-02 1.2328124E-02 1.3332598E-02 1.2911184E-02 7.5495516E-04 2.2505996E-04 6.6948854E-03 1.4170880E-04 6.6038790E-03 3.4353703E-02 3.6794583E-02 1.4367989E-04 1.5908461E+00 1.8855901E+01 -4.4078742E-02
3.1381000E+02 2.5927000E+02 8.6700000E+00 5.2100000E+02 10 5.5274551E+01 1.9131901E-01 3.1038652E-01 5.1800585E-02 1.2320748E-02 1.3252383E-02 1.2832239E-02 7.5268057E-04 2.2344625E-04 6.6920376E-03 1.4128184E-04 6.5959638E-03 3.3989434E-02 3.6772103E-02 1.4479701E-04 1.5898366E+00 1.8854829E+01 -4.4005622E-02
3.1381000E+02 2.5927000E+02 8.6700000E+00 5.2600000E+02 10 5.5276125E+01 1.9130731E-01 3.0919923E-01 5.2199972E-02 1.2333557E-02 1.3198566E-02 1.2779650E-02 7.5048143E-04 2.2251947E-04 6.6994098E-03 1.4086905E-04 6.5980138E-03 3.3682365E-02 3.6809965E-02 1.4546473E-04 1.5900174E+00 1.8853478E+01 -4.3844501E-02
3.1381000E+02 2.5927000E+02 8.6700000E+00 5.3100000E+02 10 5.5277484E+01 1.9128776E-01 3.0817393E-01 5.2546315E-02 1.2343251E-02 1.3155531E-02 1.2737816E-02 7.4833008E-04 2.2183345E-04 6.7049471E-03 1.4046524E-04 6.5989315E-03 3.3419171E-02 3.6838642E-02 1.4578233E-04 1.5901444E+00 1.8852799E+01 -4.3709670E-02
3.1381000E+02 2.5927000E+02 8.6700000E+00 5.3600000E+02 10 5.5278686E+01 1.9123758E-01 3.0722230E-01 5.2851165E-02 1.2346760E-02 1.3117459E-02 1.2700918E-02 7.4622638E-04 2.2123745E-04 6.7071000E-03 1.4007036E-04 6.5972012E-03 3.3190166E-02 3.6848936E-02 1.4590689E-04 1.5900008E+00 1.8852693E+01 -4.3617062E-02
3.1381000E+02 2.5927000E+02 8.6700000E+00 5.4100000E+02 10 5.5279763E+01 1.9116822E-01 3.0633220E-01 5.3123037E-02 1.2345848E-02 1.3082317E-02 1.2666922E-02 7.4417322E-04 2.2069183E-04 6.7068137E-03 1.3968497E-04 6.5936132E-03 3.2988174E-02 3.6846071E-02 1.4593619E-04 1.5896423E+00 1.8852944E+01 -4.3557666E-02
3.1381000E+02 2.5927000E+02 8.6700000E+00 5.4600000E+02 10 5.5280734E+01 1.9109245E-01 3.0550440E-01 5.3368334E-02 1.2342527E-02 1.3049336E-02 1.2635059E-02 7.4217059E-04 2.2019064E-04 6.7051615E-03 1.3930907E-04 6.5890820E-03 3.2807810E-02 3.6836037E-02 1.4592123E-04 1.5891559E+00 1.8853388E+01 -4.3520476E-02
3.1381000E+02 2.5927000E+02 8.6700000E+00 5.5100000E+02 10 5.5281617E+01 1.9101807E-01 3.0473769E-01 5.3591936E-02 1.2338143E-02 1.3018137E-02 1.2604951E-02 7.4021617E-04 2.1973092E-04 6.7028734E-03 1.3894222E-04 6.5842046E-03 3.2644987E-02 3.6822840E-02 1.4588789E-04 1.5886049E+00 1.8853923E+01 -4.3497487E-02
3.1381000E+02 2.5927000E+02 8.6700000E+00 5.5600000E+02 10 5.5282424E+01 1.9094915E-01 3.0402825E-01 5.3797607E-02 1.2333470E-02 1.2988477E-02 1.2576356E-02 7.3830672E-04 2.1931168E-04 6.7003715E-03 1.3858380E-04 6.5793204E-03 3.2496565E-02 3.6808785E-02 1.4584785E-04 1.5880279E+00 1.8854498E+01 -4.3483526E-02
3.1381000E+02 2.5927000E+02 8.6700000E+00 5.6100000E+02 10 5.5283168E+01 1.9088719E-01 3.0337064E-01 5.3988276E-02 1.2328904E-02 1.2960165E-02 1.2549087E-02 7.3643895E-04 2.1893215E-04 6.6978758E-03 1.3823321E-04 6.5745965E-03 3.2360108E-02 3.6795053E-02 1.4580685E-04 1.5874466E+00 1.8855079E+01 -4.3475417E-02
3.1381000E+02 2.5927000E+02 8.6700000E+00 5.6600000E+02 10 5.5283857E+01 1.9083257E-01 3.0275919E-01 5.4166246E-02 1.2324631E-02 1.2933047E-02 1.2522991E-02 7.3460984E-04 2.1858837E-04 6.6954910E-03 1.3788988E-04 6.5701078E-03 3.2233705E-02 3.6782196E-02 1.4576636E-04 1.5868724E+00 1.8855656E+01 -4.3471192E-02
3.1381000E+02 2.5927000E+02 8.6700000E+00 5.7100000E+02 10 5.5284499E+01 1.9078468E-01 3.0218819E-01 5.4333342E-02 1.2320706E-02 1.2906997E-02 1.2497941E-02 7.3281674E-04 2.1827602E-04 6.6932593E-03 1.3755331E-04 6.5658635E-03 3.2115844E-02 3.6770382E-02 1.4572741E-04 1.5863105E+00 1.8856225E+01 -4.3469679E-02
3.1381000E+02 2.5927000E+02 8.6700000E+00 5.7600000E+02 10 5.5285101E+01 1.9074294E-01 3.0165276E-01 5.4491021E-02 1.2317135E-02 1.2881906E-02 1.2473832E-02 7.3105734E-04 2.1799070E-04 6.6911900E-03 1.3722306E-04 6.5618574E-03 3.2005325E-02 3.6759627E-02 1.4569032E-04 1.5857631E+00 1.8856782E+01 -4.3470115E-02
3.1381000E+02 2.5927000E+02 8.6700000E+00 5.8100000E+02 10 5.5285668E+01 1.9070645E-01 3.0114843E-01 5.4640455E-02 1.2313887E-02 1.2857688E-02 1.2450578E-02 7.2932963E-04 2.1772955E-04 6.6892689E-03 1.3689876E-04 6.5580682E-03 3.1901187E-02 3.6749836E-02 1.4565556E-04 1.5852305E+00 1.8857320E+01 -4.3472051E-02
3.1381000E+02 2.5927000E+02 8.6700000E+00 5.8200000E+02 10 5.5278363E+01 2.0560455E-01 3.3339746E-01 5.4670021E-02 1.4750696E-02 1.4646828E-02 1.4239910E-02 7.2898533E-04 2.3622665E-04 7.9291518E-03 1.3683413E-04 7.7365809E-03 3.1895111E-02 4.4024408E-02 1.8046849E-04 1.7521175E+00 1.8561903E+01 -3.0044406E-02
3.1381000E+02 2.5927000E+02 8.6700000E+00 5.8700000E+02 10 5.5286604E+01 1.8993302E-01 2.9926412E-01 5.4786013E-02 1.2203001E-02 1.2786485E-02 1.2379797E-02 7.2857486E-04 2.1817472E-04 6.6329844E-03 1.3675708E-04 6.5031266E-03 3.1792625E-02 3.6418629E-02 1.4286202E-04 1.5793937E+00 1.8868523E+01 -4.3991913E-02
3.1381000E+02 2.5927000E+02 8.6700000E+00 5.9200000E+02 10 5.5287100E+01 1.8979828E-01 2.9868468E-01 5.4890110E-02 1.2189113E-02 1.2759812E-02 1.2352262E-02 7.3011855E-04 2.1763317E-04 6.6274072E-03 1.3704684E-04 6.4970832E-03 3.1703146E-02 3.6377143E-02 1.4370664E-04 1.5786289E+00 1.8867193E+01 -4.4024964E-02
3.1381000E+02 2.5927000E+02 8.6700000E+00 5.9700000E+02 10 5.5287448E+01 1.8992571E-01 2.9861657E-01 5.4989518E-02 1.2213249E-02 1.2754896E-02 1.2346431E-02 7.3175879E-04 2.1767428E-04 6.6415818E-03 1.3735472E-04 6.5090978E-03 3.1616683E-02 3.6449029E-02 1.4435548E-04 1.5798809E+00 1.8864438E+01 -4.3863281E-02
3.1381000E+02 2.5927000E+02 8.6700000E+00 6.0200000E+02 10 5.5287783E+01 1.9005173E-01 2.9857770E-01 5.5087568E-02 1.2237522E-02 1.2755484E-02 1.2346353E-02 7.3295257E-04 2.1783298E-04 6.6554492E-03 1.3757880E-04 6.5209447E-03 3.1534074E-02 3.6521360E-02 1.4468997E-04 1.5812113E+00 1.8862259E+01 -4.3696735E-02
3.1381000E+02 2.5927000E+02 8.6700000E+00 6.0700000E+02 10 5.5288139E+01 1.9011438E-01 2.9843784E-01 5.5185127E-02 1.2252510E-02 1.2754244E-02 1.2344705E-02 7.3368127E-04 2.1792994E-04 6.6641547E-03 1.3771558E-04 6.5281084E-03 3.1454792E-02 3.6566031E-02 1.4479902E-04 1.5820737E+00 1.8860985E+01 -4.3577578E-02
3.1381000E+02 2.5927000E+02 8.6700000E+00 6.1200000E+02 10 5.5288513E+01 1.9012439E-01 2.9820441E-01 5.5282082E-02 1.2259331E-02 1.2749364E-02 1.2339627E-02 7.3403637E-04 2.1794494E-04 6.6683721E-03 1.3778224E-04 6.5311403E-03 3.1378359E-02 3.6586349E-02 1.4479196E-04 1.5824810E+00 1.8860387E+01 -4.3503749E-02
3.1381000E+02 2.5927000E+02 8.6700000E+00 6.1700000E+02 10 5.5288894E+01 1.9010333E-01 2.9791159E-01 5.5378075E-02 1.2260923E-02 1.2741071E-02 1.2331293E-02 7.3411054E-04 2.1789721E-04 6.6697059E-03 1.3779616E-04 6.5314720E-03 3.1304468E-02 3.6591063E-02 1.4473561E-04 1.5825668E+00 1.8860217E+01 -4.3461932E-02
3.1381000E+02 2.5927000E+02 8.6700000E+00 6.2200000E+02 10 5.5289274E+01 1.9006773E-01 2.9758820E-01 5.5472743E-02 1.2259633E-02 1.2730094E-02 1.2320391E-02 7.3397615E-04 2.1781050E-04 6.6694353E-03 1.3777093E-04 6.5302531E-03 3.1232935E-02 3.6587174E-02 1.4466365E-04 1.5824502E+00 1.8860298E+01 -4.3440462E-02
3.1381000E+02 2.5927000E+02 8.6700000E+00 6.2700000E+02 10 5.5289646E+01 1.9002735E-01 2.9725289E-01 5.5565784E-02 1.2256937E-02 1.2717154E-02 1.2307613E-02 7.3368599E-04 2.1770217E-04 6.6683636E-03 1.3771647E-04 6.5282167E-03 3.1163651E-02 3.6579081E-02 1.4459073E-04 1.5822126E+00 1.8860523E+01 -4.3431433E-02
3.1381000E+02 2.5927000E+02 8.6700000E+00 6.3200000E+02 10 5.5290010E+01 1.8998718E-01 2.9691640E-01 5.5656971E-02 1.2253656E-02 1.2702843E-02 1.2293530E-02 7.3327790E-04 2.1758303E-04 6.6669391E-03 1.3763987E-04 6.5257833E-03 3.1096546E-02 3.6569237E-02 1.4452242E-04 1.5819046E+00 1.8860828E+01 -4.3429989E-02
3.1381000E+02 2.5927000E+02 8.6700000E+00 6.3700000E+02 10 5.5290362E+01 1.8994972E-01 2.9658482E-01 5.5746141E-02 1.2250235E-02 1.2687617E-02 1.2278582E-02 7.3277899E-04 2.1745927E-04 6.6653945E-03 1.3754622E-04 6.5232001E-03 3.1031572E-02 3.6558970E-02 1.4446023E-04 1.5815571E+00 1.8861178E+01 -4.3433167E-02
3.1381000E+02 2.5927000E+02 8.6700000E+00 6.4200000E+02 10 5.5290704E+01 1.8991608E-01 2.9626155E-01 5.5833181E-02 1.2246910E-02 1.2671819E-02 1.2263102E-02 7.3220878E-04 2.1733448E-04 6.6638692E-03 1.3743919E-04 6.5205889E-03 3.0968689E-02 3.6548981E-02 1.4440404E-04 1.5811890E+00 1.8861551E+01 -4.3439152E-02
3.1381000E+02 2.5927000E+02 8.6700000E+00 6.4700000E+02 10 5.5291034E+01 1.8988624E-01 2.9594797E-01 5.5918019E-02 1.2243767E-02 1.2655701E-02 1.2247335E-02 7.3158148E-04 2.1721069E-04 6.6624163E-03 1.3732144E-04 6.5180048E-03 3.0907862E-02 3.6539535E-02 1.4435305E-04 1.5808109E+00 1.8861935E+01 -4.3446942E-02
3.1381000E+02 2.5927000E+02 8.6700000E+00 6.5000000E+02 10 5.5287617E+01 1.9712673E-01 3.1143008E-01 5.5968118E-02 1.3430346E-02 1.3487000E-02 1.3078854E-02 7.3118706E-04 2.2845585E-04 7.2681195E-03 1.3724741E-04 7.0892046E-03 3.0879074E-02 4.0081034E-02 1.6080193E-04 1.6534215E+00 1.8745647E+01 -3.6972705E-02
