x y z_datum Time Well_no H2O H O Charge Al C Ca Cl Fe K Mg Na S Si U pH pe Alkalinity
3.1381000E+02 2.5927000E+02 8.6700000E+00 0.0000000E+00 10 9.9704301E-01 7.2098600E-06 6.6484776E-04 -3.2324431E-06 0.0000000E+00 1.0067647E-04 6.3262499E-05 4.3211171E-04 0.0000000E+00 2.8240956E-04 5.5605061E-05 2.2967748E-04 1.4127542E-04 0.0000000E+00 0.0000000E+00 7.0300000E+00 -2.2001569E+00 7.1999443E-03
3.1381000E+02 2.5927000E+02 8.6700000E+00 5.0000000E+00 10 5.5330039E+01 1.7797520E-02 6.0113188E-02 -3.0515211E-03 0.0000000E+00 7.4032318E-03 1.3941724E-03 1.0765128E-02 0.0000000E+00 6.3796622E-03 2.0206676E-03 8.8238758E-03 9.7293037E-03 0.0000000E+00 0.0000000E+00 5.5481633E+00 8.2276280E+00 1.9492617E-03
3.1381000E+02 2.5927000E+02 8.6700000E+00 1.0000000E+01 10 5.5312750E+01 3.0199627E-02 1.0078628E-01 -2.7778397E-03 9.9836107E-04 8.0687265E-03 3.2613718E-03 8.6122949E-03 1.4440846E-05 5.5950111E-03 1.6165701E-03 7.5611608E-03 1.7795712E-02 2.9854793E-03 1.4251495E-05 2.6489551E+00 1.7465208E+01 -4.1221172E-03
3.1381000E+02 2.5927000E+02 8.6700000E+00 1.5000000E+01 10 5.5290619E+01 5.4400446E-02 1.4887335E-01 -2.5300296E-03 2.6011850E-03 8.3959795E-03 4.6767314E-03 6.6629701E-03 3.5029059E-05 5.2405128E-03 1.2506723E-03 6.7556314E-03 2.5100091E-02 7.7746858E-03 3.6627474E-05 2.3082991E+00 1.7881073E+01 -9.6529376E-03
3.1381000E+02 2.5927000E+02 8.6700000E+00 2.0000000E+01 10 5.5272093E+01 7.6076625E-02 1.8888397E-01 -2.3400213E-03 4.0443492E-03 8.6008086E-03 5.7158658E-03 5.1683262E-03 5.6294335E-05 5.0812408E-03 9.7012025E-04 6.2373919E-03 3.0701159E-02 1.2084773E-02 5.6880491E-05 2.1805013E+00 1.8038581E+01 -1.3533124E-02
3.1381000E+02 2.5927000E+02 8.6700000E+00 2.5000000E+01 10 5.5258436E+01 9.2407339E-02 2.1879486E-01 -2.2042208E-03 5.1791908E-03 8.7691366E-03 6.4804789E-03 4.1000916E-03 7.4789455E-05 5.0214368E-03 7.6960736E-04 5.9152726E-03 3.4704536E-02 1.5473200E-02 7.2653251E-05 2.1202937E+00 1.8112286E+01 -1.5999933E-02
3.1381000E+02 2.5927000E+02 8.6700000E+00 3.0000000E+01 10 5.5248716E+01 1.0417675E-01 2.4041269E-01 -2.1093874E-03 6.0253613E-03 8.9255748E-03 7.0533197E-03 3.3541133E-03 8.9616331E-05 5.0074519E-03 6.2958356E-04 5.7156963E-03 3.7500348E-02 1.7999408E-02 8.4175250E-05 2.0897920E+00 1.8149372E+01 -1.7502977E-02
3.1381000E+02 2.5927000E+02 8.6700000E+00 3.5000000E+01 10 5.5241851E+01 1.1254585E-01 2.5592801E-01 -2.0430776E-03 6.6434204E-03 9.0742070E-03 7.4931112E-03 2.8325066E-03 1.0109597E-04 5.0111752E-03 5.3167541E-04 5.5888022E-03 3.9455339E-02 1.9844512E-02 9.2376078E-05 2.0737833E+00 1.8168815E+01 -1.8409634E-02
3.1381000E+02 2.5927000E+02 8.6700000E+00 4.0000000E+01 10 5.5236968E+01 1.1850966E-01 2.6713847E-01 -1.9960712E-03 7.0931245E-03 9.2140162E-03 7.8393201E-03 2.4627449E-03 1.0981578E-04 5.0196421E-03 4.6226933E-04 5.5044984E-03 4.0841273E-02 2.1187019E-02 9.8177359E-05 2.0652149E+00 1.8179279E+01 -1.8960692E-02
3.1381000E+02 2.5927000E+02 8.6700000E+00 4.5000000E+01 10 5.5233449E+01 1.2280105E-01 2.7534988E-01 -1.9620883E-03 7.4221566E-03 9.3435706E-03 8.1180898E-03 2.1954281E-03 1.1637289E-04 5.0276478E-03 4.1209266E-04 5.4455703E-03 4.1843266E-02 2.2169308E-02 1.0230062E-04 2.0605932E+00 1.8185033E+01 -1.9301222E-02
3.1381000E+02 2.5927000E+02 8.6700000E+00 5.0000000E+01 10 5.5230867E+01 1.2593347E-01 2.8146887E-01 -1.9369727E-03 7.6655357E-03 9.4620654E-03 8.3468642E-03 1.9978641E-03 1.2128921E-04 5.0335188E-03 3.7500893E-04 5.4022830E-03 4.2583831E-02 2.2895926E-02 1.0526456E-04 2.0581082E+00 1.8188253E+01 -1.9516423E-02
3.1381000E+02 2.5927000E+02 8.6700000E+00 5.5000000E+01 10 5.5228937E+01 1.2825893E-01 2.8611505E-01 -1.9179864E-03 7.8481087E-03 9.5693520E-03 8.5375176E-03 1.8485138E-03 1.2498519E-04 5.0370812E-03 3.4697513E-04 5.3690511E-03 4.3143691E-02 2.3441040E-02 1.0742683E-04 2.0567957E+00 1.8190075E+01 -1.9656056E-02
3.1381000E+02 2.5927000E+02 8.6700000E+00 6.0000000E+01 10 5.5227464E+01 1.3001677E-01 2.8971060E-01 -1.9033133E-03 7.9872258E-03 9.6657621E-03 8.6983557E-03 1.7330923E-03 1.2778358E-04 5.0386787E-03 3.2530995E-04 5.3425745E-03 4.3576381E-02 2.3856439E-02 1.0903091E-04 2.0561252E+00 1.8191111E+01 -1.9749627E-02
3.1381000E+02 2.5927000E+02 8.6700000E+00 6.5000000E+01 10 5.5226319E+01 1.3137011E-01 2.9254474E-01 -1.8917351E-03 8.0949547E-03 9.7519364E-03 8.8353687E-03 1.6420155E-03 1.2992728E-04 5.0387661E-03 3.0821438E-04 5.3208371E-03 4.3917821E-02 2.4178139E-02 1.1024214E-04 2.0557988E+00 1.8191711E+01 -1.9814861E-02
3.1381000E+02 2.5927000E+02 8.6700000E+00 6.6000000E+01 10 5.5220665E+01 1.4255611E-01 3.2020439E-01 -1.8895343E-03 1.0072142E-02 1.1759985E-02 1.0853080E-02 1.6247040E-03 1.4712207E-04 6.0174287E-03 3.0496493E-04 6.2827354E-03 4.3999408E-02 3.0085350E-02 1.4129220E-04 2.0559670E+00 1.8228586E+01 -1.9822630E-02
3.1381000E+02 2.5927000E+02 8.6700000E+00 6.7000000E+01 10 5.5220514E+01 1.4268694E-01 3.2043907E-01 -1.8874404E-03 1.0072538E-02 1.1753481E-02 1.0855771E-02 1.6082327E-03 1.4907937E-04 6.0084492E-03 3.0187318E-04 6.2686506E-03 4.4060192E-02 3.0086145E-02 1.3940071E-04 2.0532502E+00 1.8247073E+01 -1.9951328E-02
3.1381000E+02 2.5927000E+02 8.6700000E+00 7.2000000E+01 10 5.5222719E+01 1.3259075E-01 2.9542729E-01 -1.8511903E-03 8.0218319E-03 9.7191899E-03 8.8587793E-03 1.5414109E-03 1.3156149E-04 4.9420068E-03 2.8933041E-04 5.2027640E-03 4.4774949E-02 2.3959536E-02 1.0716883E-04 2.0195407E+00 1.8514824E+01 -2.1582352E-02
3.1381000E+02 2.5927000E+02 8.6700000E+00 7.7000000E+01 10 5.5217607E+01 1.3520899E-01 3.0107617E-01 -1.8044649E-03 8.1382683E-03 9.7629424E-03 8.9332894E-03 1.4863093E-03 1.4444762E-04 4.9689346E-03 2.7898757E-04 5.2134860E-03 4.5695935E-02 2.4306920E-02 1.3325086E-04 2.0003058E+00 1.8622493E+01 -2.2671195E-02
3.1381000E+02 2.5927000E+02 8.6700000E+00 8.2000000E+01 10 5.5212675E+01 1.3812363E-01 3.0726513E-01 -1.7620197E-03 8.3258156E-03 9.8461731E-03 9.0422482E-03 1.4402178E-03 1.6288702E-04 5.0377849E-03 2.7033596E-04 5.2654814E-03 4.6536683E-02 2.4866355E-02 1.6480033E-04 1.9907728E+00 1.8675026E+01 -2.3309443E-02
3.1381000E+02 2.5927000E+02 8.6700000E+00 8.7000000E+01 10 5.5208740E+01 1.4059085E-01 3.1251392E-01 -1.7287824E-03 8.5010887E-03 9.9335461E-03 9.1514156E-03 1.4011737E-03 1.8070677E-04 5.1044728E-03 2.6300719E-04 5.3174249E-03 4.7204942E-02 2.5389179E-02 1.9268046E-04 1.9859983E+00 1.8702880E+01 -2.3687965E-02
3.1381000E+02 2.5927000E+02 8.6700000E+00 9.1000000E+01 10 5.5204885E+01 1.4499205E-01 3.2263559E-01 -1.7080283E-03 9.1093255E-03 1.0449004E-02 9.6822274E-03 1.3736679E-03 2.0430931E-04 5.3951229E-03 2.5784422E-04 5.5918849E-03 4.7644508E-02 2.7205331E-02 2.2820166E-04 1.9775178E+00 1.8724875E+01 -2.4208705E-02
3.1381000E+02 2.5927000E+02 8.6700000E+00 9.2000000E+01 10 5.5200074E+01 1.5391752E-01 3.4433703E-01 -1.7031955E-03 1.0651287E-02 1.1935384E-02 1.1172322E-02 1.3670131E-03 2.4090172E-04 6.1643396E-03 2.5659509E-04 6.3454179E-03 4.7798114E-02 3.1811590E-02 2.9109601E-04 1.9752486E+00 1.8732606E+01 -2.4345045E-02
3.1381000E+02 2.5927000E+02 8.6700000E+00 9.7000000E+01 10 5.5200219E+01 1.4367522E-01 3.2010809E-01 -2.1392515E-03 8.5545623E-03 9.9349480E-03 9.1879650E-03 1.3382074E-03 2.0416431E-04 5.0961923E-03 2.5118811E-04 5.2894250E-03 4.8812971E-02 2.5547951E-02 2.2134251E-04 1.9509755E+00 1.8771194E+01 -2.5874155E-02
3.1381000E+02 2.5927000E+02 8.6700000E+00 1.0200000E+02 10 5.5192694E+01 1.4661574E-01 3.2745145E-01 -2.7754894E-03 8.6960186E-03 9.9831064E-03 9.2501687E-03 1.3130456E-03 2.1572477E-04 5.1540733E-03 2.4646512E-04 5.3362019E-03 5.0131463E-02 2.5969795E-02 2.4024045E-04 1.9357185E+00 1.8801208E+01 -2.7027627E-02
3.1381000E+02 2.5927000E+02 8.6700000E+00 1.0700000E+02 10 5.5185811E+01 1.4960320E-01 3.3472573E-01 -3.3636983E-03 8.8795854E-03 1.0057450E-02 9.3368821E-03 1.2908858E-03 2.2815393E-04 5.2353392E-03 2.4230561E-04 5.4055621E-03 5.1306994E-02 2.6517207E-02 2.5783877E-04 1.9272971E+00 1.8820220E+01 -2.7790993E-02
3.1381000E+02 2.5927000E+02 8.6700000E+00 1.1200000E+02 10 5.5180436E+01 1.5205958E-01 3.4065847E-01 -3.8182832E-03 9.0437111E-03 1.0131459E-02 9.4218682E-03 1.2712208E-03 2.3962060E-04 5.3080514E-03 2.3861440E-04 5.4677391E-03 5.2221195E-02 2.7006655E-02 2.7250006E-04 1.9226247E+00 1.8831840E+01 -2.8285784E-02
3.1381000E+02 2.5927000E+02 8.6700000E+00 1.1700000E+02 10 5.5176504E+01 1.5392196E-01 3.4514116E-01 -4.1436871E-03 9.1733472E-03 1.0195645E-02 9.4958638E-03 1.2536456E-03 2.4930516E-04 5.3642700E-03 2.3531544E-04 5.5151880E-03 5.2893648E-02 2.7393268E-02 2.8385274E-04 1.9199291E+00 1.8838992E+01 -2.8609753E-02
3.1381000E+02 2.5927000E+02 8.6700000E+00 1.2200000E+02 10 5.5173679E+01 1.5530284E-01 3.4845910E-01 -4.3704463E-03 9.2719219E-03 1.0249192E-02 9.5582373E-03 1.2378334E-03 2.5715652E-04 5.4055960E-03 2.3234742E-04 5.5492420E-03 5.3382096E-02 2.7687263E-02 2.9235527E-04 1.9183083E+00 1.8843488E+01 -2.8826363E-02
3.1381000E+02 2.5927000E+02 8.6700000E+00 1.2400000E+02 10 5.5167973E+01 1.6533949E-01 3.7200282E-01 -4.4475201E-03 1.0949545E-02 1.1716227E-02 1.1028656E-02 1.2317715E-03 3.0233183E-04 6.2469195E-03 2.3120957E-04 6.3656094E-03 5.3617527E-02 3.2697389E-02 3.6491404E-04 1.9142631E+00 1.8851585E+01 -2.9109565E-02
3.1381000E+02 2.5927000E+02 8.6700000E+00 1.2500000E+02 10 5.5166170E+01 1.6829071E-01 3.7914511E-01 -4.4829200E-03 1.1443380E-02 1.2187942E-02 1.1502027E-02 1.2288040E-03 3.1632789E-04 6.4933476E-03 2.3065255E-04 6.6055644E-03 5.3715356E-02 3.4172372E-02 3.8384234E-04 1.9107314E+00 1.8857182E+01 -2.9342363E-02
3.1381000E+02 2.5927000E+02 8.6700000E+00 1.3000000E+02 10 5.5171114E+01 1.5584427E-01 3.5026056E-01 -4.6032976E-03 9.2377609E-03 1.0235510E-02 9.5586142E-03 1.2126478E-03 2.6397631E-04 5.3746749E-03 2.2761996E-04 5.5104218E-03 5.3921150E-02 2.7584748E-02 2.9073422E-04 1.9058944E+00 1.8860381E+01 -2.9716995E-02
3.1381000E+02 2.5927000E+02 8.6700000E+00 1.3100000E+02 10 5.5164401E+01 1.6895912E-01 3.8095391E-01 -4.6254317E-03 1.1468194E-02 1.2212442E-02 1.1537076E-02 1.2099055E-03 3.2276417E-04 6.4950921E-03 2.2710521E-04 6.6017668E-03 5.4071402E-02 3.4246451E-02 3.9384887E-04 1.9059248E+00 1.8862971E+01 -2.9725020E-02
3.1381000E+02 2.5927000E+02 8.6700000E+00 1.3200000E+02 10 5.5164133E+01 1.6907485E-01 3.8118044E-01 -4.6459320E-03 1.1471602E-02 1.2207120E-02 1.1533148E-02 1.2074091E-03 3.2284191E-04 6.4960728E-03 2.2663662E-04 6.6004679E-03 5.4116070E-02 3.4256273E-02 3.8825899E-04 1.9048905E+00 1.8865374E+01 -2.9800473E-02
3.1381000E+02 2.5927000E+02 8.6700000E+00 1.3700000E+02 10 5.5163961E+01 1.5775505E-01 3.5585247E-01 -5.6775702E-03 9.2633005E-03 1.0255671E-02 9.5882446E-03 1.1956834E-03 2.6879706E-04 5.3784468E-03 2.2443566E-04 5.5079024E-03 5.5345073E-02 2.7660705E-02 2.9418207E-04 1.8884659E+00 1.8856557E+01 -3.1175037E-02
3.1381000E+02 2.5927000E+02 8.6700000E+00 1.4200000E+02 10 5.5154294E+01 1.6119414E-01 3.6484441E-01 -7.1415482E-03 9.4516220E-03 1.0353480E-02 9.6923271E-03 1.1844433E-03 2.6885273E-04 5.4681001E-03 2.2232584E-04 5.5891721E-03 5.7153509E-02 2.8222617E-02 2.9705745E-04 1.8783527E+00 1.8824539E+01 -3.2291890E-02
3.1381000E+02 2.5927000E+02 8.6700000E+00 1.4700000E+02 10 5.5145067E+01 1.6480326E-01 3.7395340E-01 -8.5143487E-03 9.6841971E-03 1.0475408E-02 9.8201926E-03 1.1738071E-03 2.6349912E-04 5.5809750E-03 2.2032936E-04 5.6918886E-03 5.8828527E-02 2.8916413E-02 2.8756305E-04 1.8727159E+00 1.8775776E+01 -3.3087359E-02
3.1381000E+02 2.5927000E+02 8.6700000E+00 1.5200000E+02 10 5.5137690E+01 1.6779591E-01 3.8141294E-01 -9.5983702E-03 9.8866181E-03 1.0586878E-02 9.9372211E-03 1.1638501E-03 2.5464408E-04 5.6788907E-03 2.1846038E-04 5.7806121E-03 6.0146330E-02 2.9520231E-02 2.6976680E-04 1.8693262E+00 1.8717128E+01 -3.3641310E-02
3.1381000E+02 2.5927000E+02 8.6700000E+00 1.5700000E+02 10 5.5132221E+01 1.7006119E-01 3.8701950E-01 -1.0392206E-02 1.0042667E-02 1.0677464E-02 1.0032986E-02 1.1545709E-03 2.4454227E-04 5.7535165E-03 2.1671863E-04 5.8476043E-03 6.1112892E-02 2.9985721E-02 2.4854160E-04 1.8670872E+00 1.8653682E+01 -3.4027931E-02
3.1381000E+02 2.5927000E+02 8.6700000E+00 1.6200000E+02 10 5.5128266E+01 1.7172744E-01 3.9112039E-01 -1.0957882E-02 1.0158441E-02 1.0748266E-02 1.0108616E-02 1.1459230E-03 2.3479092E-04 5.8079410E-03 2.1509538E-04 5.8957586E-03 6.1806283E-02 3.0331074E-02 2.2750559E-04 1.8655213E+00 1.8590183E+01 -3.4300378E-02
3.1381000E+02 2.5927000E+02 8.6700000E+00 1.6700000E+02 10 5.5125403E+01 1.7295483E-01 3.9412724E-01 -1.1360252E-02 1.0244238E-02 1.0803551E-02 1.0168411E-02 1.1378435E-03 2.2620727E-04 5.8473855E-03 2.1357883E-04 5.9299743E-03 6.2305637E-02 3.0587008E-02 2.0867316E-04 1.8643993E+00 1.8531723E+01 -3.4494930E-02
3.1381000E+02 2.5927000E+02 8.6700000E+00 1.6800000E+02 10 5.5118111E+01 1.8677678E-01 4.2566364E-01 -1.1434703E-02 1.2544933E-02 1.2766497E-02 1.2132246E-02 1.1362499E-03 2.4835298E-04 7.0059316E-03 2.1327969E-04 7.0542612E-03 6.2421008E-02 3.7457869E-02 2.4740760E-04 1.8644405E+00 1.8537809E+01 -3.4520385E-02
3.1381000E+02 2.5927000E+02 8.6700000E+00 1.6900000E+02 10 5.5117659E+01 1.8690118E-01 4.2595002E-01 -1.1503618E-02 1.2543951E-02 1.2756957E-02 1.2123583E-02 1.1346779E-03 2.4814253E-04 7.0053886E-03 2.1298462E-04 7.0514005E-03 6.2504858E-02 3.7454519E-02 2.3966435E-04 1.8628730E+00 1.8538021E+01 -3.4656451E-02
3.1381000E+02 2.5927000E+02 8.6700000E+00 1.7400000E+02 10 5.5129488E+01 1.6728418E-01 3.9011615E-01 -1.5149685E-02 1.0138721E-02 1.0738115E-02 1.0108861E-02 1.1272980E-03 2.1590919E-04 5.7890098E-03 2.1159938E-04 5.8684992E-03 6.1676648E-02 3.0271569E-02 1.8127941E-04 1.9237514E+00 1.8421961E+01 -3.0694456E-02
3.1381000E+02 2.5927000E+02 8.6700000E+00 1.7500000E+02 10 5.5124767E+01 1.7795418E-01 4.1767690E-01 -1.6023094E-02 1.2212423E-02 1.2677794E-02 1.2049353E-02 1.1258408E-03 2.3446809E-04 6.8292586E-03 2.1132585E-04 6.8866711E-03 6.1483357E-02 3.6466228E-02 2.1577368E-04 1.9391081E+00 1.8420885E+01 -2.9768786E-02
3.1381000E+02 2.5927000E+02 8.6700000E+00 1.7600000E+02 10 5.5126655E+01 1.7565519E-01 4.1530851E-01 -1.7031076E-02 1.2107795E-02 1.2652095E-02 1.2024458E-02 1.1244017E-03 2.3304737E-04 6.7746900E-03 2.1105574E-04 6.8354969E-03 6.1218711E-02 3.6154177E-02 2.0927232E-04 1.9565689E+00 1.8407603E+01 -2.8744618E-02
3.1381000E+02 2.5927000E+02 8.6700000E+00 1.8100000E+02 10 5.5088075E+01 1.6817443E-01 4.1593220E-01 -2.6584716E-02 9.6085567E-03 1.0632082E-02 1.0008235E-02 1.1176115E-03 1.9997992E-04 5.5084523E-03 2.0978118E-04 5.6105817E-03 6.9776449E-02 2.8691808E-02 1.5874343E-04 1.8638449E+00 1.8452849E+01 -3.7352899E-02
3.1381000E+02 2.5927000E+02 8.6700000E+00 1.8600000E+02 10 5.5014131E+01 1.8594089E-01 4.7214743E-01 -3.7133255E-02 9.7574292E-03 1.0663608E-02 1.0043349E-02 1.1111830E-03 1.9600427E-04 5.5819210E-03 2.0857451E-04 5.6754809E-03 8.3380426E-02 2.9135569E-02 1.5517421E-04 1.7417137E+00 1.8542217E+01 -5.2153558E-02
3.1381000E+02 2.5927000E+02 8.6700000E+00 1.9100000E+02 10 5.4941173E+01 2.0733002E-01 5.3139163E-01 -4.6188982E-02 1.0315075E-02 1.0737217E-02 1.0120365E-02 1.1050795E-03 2.0044662E-04 5.8698617E-03 2.0742886E-04 5.9304538E-03 9.6503093E-02 3.0796277E-02 1.5638295E-04 1.6574048E+00 1.8598191E+01 -6.6083917E-02
3.1381000E+02 2.5927000E+02 8.6700000E+00 1.9600000E+02 10 5.4882165E+01 2.2640896E-01 5.8133456E-01 -5.3085664E-02 1.0985568E-02 1.0815894E-02 1.0202285E-02 1.0992700E-03 2.0925550E-04 6.2177427E-03 2.0633838E-04 6.2372546E-03 1.0696145E-01 3.2792538E-02 1.5898337E-04 1.6060185E+00 1.8627839E+01 -7.6729442E-02
3.1381000E+02 2.5927000E+02 8.6700000E+00 2.0100000E+02 10 5.4838397E+01 2.4145805E-01 6.1953577E-01 -5.8067933E-02 1.1606507E-02 1.0886671E-02 1.0276156E-02 1.0937275E-03 2.1974225E-04 6.5402777E-03 2.0529803E-04 6.5206661E-03 1.1463439E-01 3.4641021E-02 1.6137388E-04 1.5754084E+00 1.8643168E+01 -8.4163888E-02
3.1381000E+02 2.5927000E+02 8.6700000E+00 2.0600000E+02 10 5.4806991E+01 2.5273540E-01 6.4764611E-01 -6.1609020E-02 1.2125219E-02 1.0948040E-02 1.0340482E-02 1.0884288E-03 2.3020510E-04 6.8094086E-03 2.0430345E-04 6.7567401E-03 1.2009288E-01 3.6185104E-02 1.6314461E-04 1.5570837E+00 1.8651182E+01 -8.9174847E-02
3.1381000E+02 2.5927000E+02 8.6700000E+00 2.1100000E+02 10 5.4784565E+01 2.6107256E-01 6.6817371E-01 -6.4134975E-02 1.2541684E-02 1.1001731E-02 1.0397006E-02 1.0833537E-03 2.3977303E-04 7.0247071E-03 2.0335082E-04 6.9459233E-03 1.2396222E-01 3.7424864E-02 1.6433701E-04 1.5459747E+00 1.8655343E+01 -9.2525014E-02
3.1381000E+02 2.5927000E+02 8.6700000E+00 2.1600000E+02 10 5.4768392E+01 2.6726802E-01 6.8329264E-01 -6.5962225E-02 1.2872868E-02 1.1049702E-02 1.0447696E-02 1.0784842E-03 2.4814055E-04 7.1949737E-03 2.0243679E-04 7.0961859E-03 1.2673449E-01 3.8410855E-02 1.6509377E-04 1.5391599E+00 1.8657455E+01 -9.4776324E-02
3.1381000E+02 2.5927000E+02 8.6700000E+00 2.2100000E+02 10 5.4756531E+01 2.7193328E-01 6.9460795E-01 -6.7309301E-02 1.3137133E-02 1.1093437E-02 1.0494043E-02 1.0738043E-03 2.5532448E-04 7.3299554E-03 2.0155836E-04 7.2159109E-03 1.2875617E-01 3.9197748E-02 1.6554804E-04 1.5349422E+00 1.8658419E+01 -9.6307462E-02
3.1381000E+02 2.5927000E+02 8.6700000E+00 2.2600000E+02 10 5.4747657E+01 2.7550490E-01 7.0323844E-01 -6.8323325E-02 1.3349725E-02 1.1133934E-02 1.0537054E-02 1.0693000E-03 2.6147573E-04 7.4378167E-03 2.0071286E-04 7.3119689E-03 1.3026141E-01 3.9830897E-02 1.6579874E-04 1.5323174E+00 1.8658756E+01 -9.7365798E-02
3.1381000E+02 2.5927000E+02 8.6700000E+00 2.3100000E+02 10 5.4740880E+01 2.7828626E-01 7.0995023E-01 -6.9102977E-02 1.3522366E-02 1.1171825E-02 1.0577369E-02 1.0649584E-03 2.6677052E-04 7.5248429E-03 1.9989793E-04 7.3896256E-03 1.3140679E-01 4.0345162E-02 1.6591577E-04 1.5306797E+00 1.8658763E+01 -9.8111525E-02
3.1381000E+02 2.5927000E+02 8.6700000E+00 2.3600000E+02 10 5.4735597E+01 2.8048804E-01 7.1526871E-01 -6.9714866E-02 1.3663886E-02 1.1207501E-02 1.0615383E-02 1.0607682E-03 2.7136490E-04 7.5957465E-03 1.9911140E-04 7.4528673E-03 1.3229734E-01 4.0766804E-02 1.6594828E-04 1.5296577E+00 1.8658620E+01 -9.8648497E-02
3.1381000E+02 2.5927000E+02 8.6700000E+00 2.4100000E+02 10 5.4731400E+01 2.8225835E-01 7.1955808E-01 -7.0204456E-02 1.3780965E-02 1.1241197E-02 1.0651340E-02 1.0567190E-03 2.7537998E-04 7.6540591E-03 1.9835135E-04 7.5047389E-03 1.3300421E-01 4.1115685E-02 1.6592952E-04 1.5290214E+00 1.8658421E+01 -9.9044390E-02
3.1381000E+02 2.5927000E+02 8.6700000E+00 2.4600000E+02 10 5.4728003E+01 2.8370255E-01 7.2307417E-01 -7.0603201E-02 1.3878696E-02 1.1273059E-02 1.0685389E-02 1.0528015E-03 2.7890511E-04 7.7024457E-03 1.9761601E-04 7.5475893E-03 1.3357618E-01 4.1406950E-02 1.6588165E-04 1.5286267E+00 1.8658214E+01 -9.9343611E-02
3.1381000E+02 2.5927000E+02 8.6700000E+00 2.5100000E+02 10 5.4725210E+01 2.8489648E-01 7.2599909E-01 -7.0933191E-02 1.3960972E-02 1.1303185E-02 1.0717633E-02 1.0490072E-03 2.8200681E-04 7.7429250E-03 1.9690381E-04 7.5832332E-03 1.3404717E-01 4.1652186E-02 1.6581952E-04 1.5283831E+00 1.8658022E+01 -9.9575581E-02
3.1381000E+02 2.5927000E+02 8.6700000E+00 2.5600000E+02 10 5.4722878E+01 2.8589560E-01 7.2846454E-01 -7.1210196E-02 1.4030799E-02 1.1331644E-02 1.0748145E-02 1.0453285E-03 2.8473590E-04 7.7770471E-03 1.9621330E-04 7.6130779E-03 1.3444117E-01 4.1860333E-02 1.6575212E-04 1.5282331E+00 1.8657871E+01 -9.9759996E-02
3.1381000E+02 2.5927000E+02 8.6700000E+00 2.6100000E+02 10 5.4720906E+01 2.8674101E-01 7.3056726E-01 -7.1445671E-02 1.4090510E-02 1.1358493E-02 1.0776987E-02 1.0417583E-03 2.8713406E-04 7.8060107E-03 1.9554316E-04 7.6382209E-03 1.3477539E-01 4.2038337E-02 1.6568546E-04 1.5281401E+00 1.8657763E+01 -9.9910193E-02
3.1381000E+02 2.5927000E+02 8.6700000E+00 2.6400000E+02 10 5.4714961E+01 2.9699250E-01 7.5132634E-01 -7.1574041E-02 1.5618655E-02 1.2288331E-02 1.1708000E-02 1.0396538E-03 3.0496463E-04 8.5861163E-03 1.9514813E-04 8.3705346E-03 1.3496426E-01 4.6597262E-02 1.8515158E-04 1.5259139E+00 1.8715527E+01 -1.0040882E-01
3.1381000E+02 2.5927000E+02 8.6700000E+00 2.6500000E+02 10 5.4709792E+01 3.0683049E-01 7.7116956E-01 -7.1615466E-02 1.7106386E-02 1.3228811E-02 1.2648869E-02 1.0389564E-03 3.1967782E-04 9.3450234E-03 1.9501723E-04 9.0862996E-03 1.3502911E-01 5.1036306E-02 2.0327121E-04 1.5248887E+00 1.8745178E+01 -1.0063346E-01
3.1381000E+02 2.5927000E+02 8.6700000E+00 2.7000000E+02 10 5.4717309E+01 2.8961687E-01 7.3721891E-01 -7.1775217E-02 1.4452133E-02 1.1603071E-02 1.1025451E-02 1.0347956E-03 2.9972667E-04 7.9873179E-03 1.9423622E-04 7.8055676E-03 1.3524742E-01 4.3116925E-02 1.6679597E-04 1.5357779E+00 1.8639245E+01 -9.8714515E-02
3.1381000E+02 2.5927000E+02 8.6700000E+00 2.7500000E+02 10 5.4714740E+01 2.9309507E-01 7.4448447E-01 -7.1904082E-02 1.4945415E-02 1.1926948E-02 1.1350376E-02 1.0329206E-03 3.0506499E-04 8.2380350E-03 1.9388428E-04 8.0414947E-03 1.3542996E-01 4.4588790E-02 1.7333352E-04 1.5484318E+00 1.8564302E+01 -9.6501526E-02
3.1381000E+02 2.5927000E+02 8.6700000E+00 2.8000000E+02 10 5.4712458E+01 2.9604676E-01 7.5075431E-01 -7.2028780E-02 1.5361721E-02 1.2215702E-02 1.1640818E-02 1.0298956E-03 3.1086619E-04 8.4485072E-03 1.9331647E-04 8.2397526E-03 1.3560899E-01 4.5831097E-02 1.7678100E-04 1.5593276E+00 1.8507224E+01 -9.4643204E-02
3.1381000E+02 2.5927000E+02 8.6700000E+00 2.8500000E+02 10 5.4710605E+01 2.9826006E-01 7.5564902E-01 -7.2143826E-02 1.5675085E-02 1.2457912E-02 1.1884850E-02 1.0266301E-03 3.1609997E-04 8.6058562E-03 1.9270353E-04 8.3887773E-03 1.3577483E-01 4.6766427E-02 1.7848256E-04 1.5677474E+00 1.8473272E+01 -9.3241051E-02
3.1381000E+02 2.5927000E+02 8.6700000E+00 2.8900000E+02 10 5.4707096E+01 3.0419532E-01 7.6804398E-01 -7.2228938E-02 1.6571931E-02 1.3070816E-02 1.2499183E-02 1.0240708E-03 3.2754379E-04 9.0614820E-03 1.9222313E-04 8.8192447E-03 1.3590053E-01 4.9442686E-02 1.8763812E-04 1.5714935E+00 1.8529711E+01 -9.2650392E-02
3.1381000E+02 2.5927000E+02 8.6700000E+00 2.9000000E+02 10 5.4699760E+01 3.1865764E-01 7.9747529E-01 -7.2249779E-02 1.8786575E-02 1.4531371E-02 1.3960092E-02 1.0234365E-03 3.4653558E-04 1.0189704E-02 1.9210406E-04 9.8872974E-03 1.3593888E-01 5.6051669E-02 2.1303086E-04 1.5723867E+00 1.8594351E+01 -9.2520210E-02
3.1381000E+02 2.5927000E+02 8.6700000E+00 2.9500000E+02 10 5.4745042E+01 2.9057317E-01 7.3258758E-01 -6.7884736E-02 1.5858630E-02 1.2713512E-02 1.2143901E-02 1.0204476E-03 3.2536001E-04 8.6937328E-03 1.9154303E-04 8.4746497E-03 1.2933129E-01 4.7314926E-02 1.7562381E-04 1.6109543E+00 1.8481118E+01 -8.3843913E-02
3.1381000E+02 2.5927000E+02 8.6700000E+00 3.0000000E+02 10 5.4804566E+01 2.7484463E-01 6.8774940E-01 -6.0669737E-02 1.5735108E-02 1.2815070E-02 1.2247036E-02 1.0176226E-03 3.2331599E-04 8.6238797E-03 1.9101277E-04 8.4192739E-03 1.1843580E-01 4.6948922E-02 1.7522993E-04 1.6795904E+00 1.8403463E+01 -7.0269343E-02
3.1381000E+02 2.5927000E+02 8.6700000E+00 3.0100000E+02 10 5.4809122E+01 2.8778122E-01 7.1266837E-01 -5.9134737E-02 1.8283262E-02 1.4739805E-02 1.4172083E-02 1.0170640E-03 3.4456989E-04 9.9149633E-03 1.9090791E-04 9.6572149E-03 1.1613031E-01 5.4556702E-02 2.0770258E-04 1.6951497E+00 1.8473217E+01 -6.7509844E-02
3.1381000E+02 2.5927000E+02 8.6700000E+00 3.0200000E+02 10 5.4822660E+01 2.8359723E-01 7.0162464E-01 -5.7535520E-02 1.8165548E-02 1.4750290E-02 1.4182877E-02 1.0165114E-03 3.4660451E-04 9.8524982E-03 1.9080419E-04 9.6026273E-03 1.1371498E-01 5.4206442E-02 2.0473473E-04 1.7113283E+00 1.8483081E+01 -6.4727549E-02
3.1381000E+02 2.5927000E+02 8.6700000E+00 3.0300000E+02 10 5.4839199E+01 2.7772484E-01 6.8681493E-01 -5.5634176E-02 1.7907091E-02 1.4709304E-02 1.4133401E-02 1.0317205E-03 3.4696718E-04 9.7271451E-03 1.9365901E-04 9.4936710E-03 1.1080347E-01 5.3436437E-02 2.0049430E-04 1.7272878E+00 1.8497001E+01 -6.1924939E-02
3.1381000E+02 2.5927000E+02 8.6700000E+00 3.0800000E+02 10 5.4915349E+01 2.3824219E-01 5.9206025E-01 -4.7747768E-02 1.4322851E-02 1.2515866E-02 1.1936016E-02 1.0387902E-03 3.0929213E-04 7.9003770E-03 1.9498603E-04 7.7755397E-03 9.8854447E-02 4.2742445E-02 1.5698113E-04 1.7923736E+00 1.8412458E+01 -5.1398438E-02
3.1381000E+02 2.5927000E+02 8.6700000E+00 3.1300000E+02 10 5.4966330E+01 2.2042917E-01 5.4673736E-01 -4.1869805E-02 1.3522754E-02 1.2365971E-02 1.1787276E-02 1.0367231E-03 2.9364337E-04 7.4807394E-03 1.9459802E-04 7.4010408E-03 8.9978456E-02 4.0359910E-02 1.5217269E-04 1.8511933E+00 1.8351997E+01 -4.3585882E-02
3.1381000E+02 2.5927000E+02 8.6700000E+00 3.1800000E+02 10 5.5003037E+01 2.0729294E-01 5.1392611E-01 -3.7660166E-02 1.2911389E-02 1.2312305E-02 1.1733806E-02 1.0363722E-03 2.7919155E-04 7.1597891E-03 1.9453217E-04 7.1171247E-03 8.3617802E-02 3.8539804E-02 1.4804622E-04 1.8998638E+00 1.8299085E+01 -3.8082598E-02
3.1381000E+02 2.5927000E+02 8.6700000E+00 3.2300000E+02 10 5.5029318E+01 1.9746966E-01 4.8998691E-01 -3.4676183E-02 1.2417915E-02 1.2300472E-02 1.1721138E-02 1.0378657E-03 2.6526865E-04 6.9017772E-03 1.9481250E-04 6.8894152E-03 7.9103071E-02 3.7070671E-02 1.4433173E-04 1.9365943E+00 1.8259734E+01 -3.4372922E-02
3.1381000E+02 2.5927000E+02 8.6700000E+00 3.2800000E+02 10 5.5048281E+01 1.9001660E-01 4.7225183E-01 -3.2549427E-02 1.2009531E-02 1.2300025E-02 1.1719476E-02 1.0400429E-03 2.5210436E-04 6.6894248E-03 1.9522116E-04 6.7010399E-03 7.5880761E-02 3.5854688E-02 1.4106871E-04 1.9625085E+00 1.8232841E+01 -3.1926521E-02
3.1381000E+02 2.5927000E+02 8.6700000E+00 3.2900000E+02 10 5.5046032E+01 2.0021544E-01 4.9660053E-01 -3.2155575E-02 1.3952094E-02 1.4191698E-02 1.3610897E-02 1.0404959E-03 2.6694511E-04 7.6647643E-03 1.9530619E-04 7.6569268E-03 7.5298887E-02 4.1658424E-02 1.7000592E-04 1.9676313E+00 1.8274380E+01 -3.1474377E-02
3.1381000E+02 2.5927000E+02 8.6700000E+00 3.3000000E+02 10 5.5049373E+01 1.9876087E-01 4.9322320E-01 -3.1790609E-02 1.3857437E-02 1.4176175E-02 1.3595116E-02 1.0409572E-03 2.6596394E-04 7.6164711E-03 1.9539278E-04 7.6120422E-03 7.4744754E-02 4.1376110E-02 1.6740287E-04 1.9709419E+00 1.8289489E+01 -3.1150183E-02
3.1381000E+02 2.5927000E+02 8.6700000E+00 3.3500000E+02 10 5.5045524E+01 1.8888645E-01 4.6820642E-01 -3.0886836E-02 1.1384015E-02 1.2185861E-02 1.1603712E-02 1.0429088E-03 2.3534734E-04 6.3679169E-03 1.9575910E-04 6.4071445E-03 7.6783815E-02 3.3990277E-02 1.3343235E-04 1.8849926E+00 1.8337858E+01 -3.7410193E-02
3.1381000E+02 2.5927000E+02 8.6700000E+00 3.4000000E+02 10 5.5019661E+01 1.9887291E-01 4.8721516E-01 -3.0551231E-02 1.1398669E-02 1.2150610E-02 1.1567668E-02 1.0443310E-03 2.2914847E-04 6.3786894E-03 1.9602607E-04 6.4125716E-03 8.1510649E-02 3.4033316E-02 1.3589925E-04 1.7902891E+00 1.8415214E+01 -4.6246383E-02
3.1381000E+02 2.5927000E+02 8.6700000E+00 3.4500000E+02 10 5.4991470E+01 2.1148878E-01 5.1097369E-01 -3.0440384E-02 1.1736737E-02 1.2152960E-02 1.1569513E-02 1.0452339E-03 2.2944499E-04 6.5587657E-03 1.9619553E-04 6.5677292E-03 8.6444759E-02 3.5039304E-02 1.4055882E-04 1.7219614E+00 1.8467207E+01 -5.4120860E-02
3.1381000E+02 2.5927000E+02 8.6700000E+00 3.5000000E+02 10 5.4967748E+01 2.2303811E-01 5.3240748E-01 -3.0381359E-02 1.2176848E-02 1.2166588E-02 1.1582886E-02 1.0456930E-03 2.3329788E-04 6.7921429E-03 1.9628172E-04 6.7697662E-03 9.0489120E-02 3.6348948E-02 1.4539997E-04 1.6782126E+00 1.8498959E+01 -5.9983563E-02
3.1381000E+02 2.5927000E+02 8.6700000E+00 3.5500000E+02 10 5.4949898E+01 2.3229255E-01 5.4932807E-01 -3.0316243E-02 1.2594772E-02 1.2179366E-02 1.1595606E-02 1.0457950E-03 2.3891244E-04 7.0135231E-03 1.9630086E-04 6.9613321E-03 9.3471752E-02 3.7592477E-02 1.4951048E-04 1.6511057E+00 1.8518454E+01 -6.4004121E-02
3.1381000E+02 2.5927000E+02 8.6700000E+00 3.6000000E+02 10 5.4937109E+01 2.3928326E-01 5.6192428E-01 -3.0236169E-02 1.2946373E-02 1.2188435E-02 1.1604775E-02 1.0456162E-03 2.4520209E-04 7.1996886E-03 1.9626731E-04 7.1221761E-03 9.5572438E-02 3.8638603E-02 1.5272010E-04 1.6343323E+00 1.8530680E+01 -6.6667804E-02
3.1381000E+02 2.5927000E+02 8.6700000E+00 3.6500000E+02 10 5.4928099E+01 2.4444602E-01 5.7109566E-01 -3.0146671E-02 1.3226976E-02 1.2194454E-02 1.1611017E-02 1.0452180E-03 2.5145483E-04 7.3481934E-03 1.9619256E-04 7.2502357E-03 9.7029515E-02 3.9473460E-02 1.5513628E-04 1.6238220E+00 1.8538506E+01 -6.8417463E-02
3.1381000E+02 2.5927000E+02 8.6700000E+00 3.7000000E+02 10 5.4921752E+01 2.4824503E-01 5.7775253E-01 -3.0054729E-02 1.3446144E-02 1.2198735E-02 1.1615616E-02 1.0446472E-03 2.5726827E-04 7.4641005E-03 1.9608542E-04 7.3499721E-03 9.8041327E-02 4.0125527E-02 1.5692905E-04 1.6171090E+00 1.8543588E+01 -6.9573303E-02
3.1381000E+02 2.5927000E+02 8.6700000E+00 3.7500000E+02 10 5.4917242E+01 2.5105787E-01 5.8261736E-01 -2.9965384E-02 1.3616319E-02 1.2202289E-02 1.1619565E-02 1.0439395E-03 2.6245639E-04 7.5539965E-03 1.9595258E-04 7.4271447E-03 9.8750916E-02 4.0631838E-02 1.5825429E-04 1.6127243E+00 1.8546984E+01 -7.0347284E-02
3.1381000E+02 2.5927000E+02 8.6700000E+00 3.8000000E+02 10 5.4913992E+01 2.5316445E-01 5.8621606E-01 -2.9881579E-02 1.3748802E-02 1.2205685E-02 1.1623418E-02 1.0431217E-03 2.6697937E-04 7.6238611E-03 1.9579907E-04 7.4869732E-03 9.9255861E-02 4.1026016E-02 1.5923547E-04 1.6097907E+00 1.8549308E+01 -7.0874950E-02
3.1381000E+02 2.5927000E+02 8.6700000E+00 3.8500000E+02 10 5.4911613E+01 2.5476450E-01 5.8891853E-01 -2.9804733E-02 1.3852713E-02 1.2209157E-02 1.1627396E-02 1.0422145E-03 2.7086951E-04 7.6785210E-03 1.9562879E-04 7.5336669E-03 9.9621453E-02 4.1335196E-02 1.5996629E-04 1.6077770E+00 1.8550960E+01 -7.1242291E-02
3.1381000E+02 2.5927000E+02 8.6700000E+00 3.9000000E+02 10 5.4909839E+01 2.5599899E-01 5.9098214E-01 -2.9735298E-02 1.3935048E-02 1.2212741E-02 1.1631528E-02 1.0412340E-03 2.7419886E-04 7.7216730E-03 1.9544473E-04 7.5704611E-03 9.9891250E-02 4.1580192E-02 1.6051523E-04 1.6063566E+00 1.8552165E+01 -7.1504071E-02
3.1381000E+02 2.5927000E+02 8.6700000E+00 3.9500000E+02 10 5.4908492E+01 2.5696747E-01 5.9258606E-01 -2.9673159E-02 1.4001079E-02 1.2216378E-02 1.1635746E-02 1.0401928E-03 2.7704285E-04 7.7561088E-03 1.9524930E-04 7.5997859E-03 1.0009443E-01 4.1776683E-02 1.6093127E-04 1.6053260E+00 1.8553084E+01 -7.1695349E-02
3.1381000E+02 2.5927000E+02 8.6700000E+00 4.0000000E+02 10 5.4907449E+01 2.5774003E-01 5.9385506E-01 -2.9617896E-02 1.4054704E-02 1.2219975E-02 1.1639952E-02 1.0391012E-03 2.7947259E-04 7.7838980E-03 1.9504440E-04 7.6234362E-03 1.0025065E-01 4.1936270E-02 1.6124987E-04 1.6045555E+00 1.8553803E+01 -7.1838907E-02
3.1381000E+02 2.5927000E+02 8.6700000E+00 4.0500000E+02 10 5.4906626E+01 2.5836629E-01 5.9487645E-01 -2.9568935E-02 1.4098791E-02 1.2223443E-02 1.1644053E-02 1.0379676E-03 2.8155135E-04 7.8065680E-03 1.9483163E-04 7.6427264E-03 1.0037331E-01 4.2067478E-02 1.6149581E-04 1.6039610E+00 1.8554392E+01 -7.1949768E-02
3.1381000E+02 2.5927000E+02 8.6700000E+00 4.1000000E+02 10 5.4905964E+01 2.5888163E-01 5.9571186E-01 -2.9525649E-02 1.4135453E-02 1.2226708E-02 1.1647970E-02 1.0367991E-03 2.8333477E-04 7.8252565E-03 1.9461229E-04 7.6586143E-03 1.0047158E-01 4.2176591E-02 1.6168733E-04 1.6034872E+00 1.8554879E+01 -7.2037907E-02
3.1381000E+02 2.5927000E+02 8.6700000E+00 4.1200000E+02 10 5.4898848E+01 2.7288436E-01 6.2422576E-01 -2.9509202E-02 1.6294985E-02 1.3602153E-02 1.3023679E-02 1.0363265E-03 3.0551305E-04 8.9283084E-03 1.9452358E-04 8.6970534E-03 1.0051762E-01 4.8620440E-02 1.8960982E-04 1.6022432E+00 1.8623598E+01 -7.2236097E-02
3.1381000E+02 2.5927000E+02 8.6700000E+00 4.1700000E+02 10 5.4905800E+01 2.5831340E-01 5.9449147E-01 -2.9472890E-02 1.4010376E-02 1.2146490E-02 1.1568691E-02 1.0351180E-03 2.8640359E-04 7.7610472E-03 1.9429675E-04 7.5961980E-03 1.0058010E-01 4.1803010E-02 1.5823235E-04 1.5975381E+00 1.8590372E+01 -7.2903313E-02
3.1381000E+02 2.5927000E+02 8.6700000E+00 4.2200000E+02 10 5.4905413E+01 2.5859713E-01 5.9487464E-01 -2.9440810E-02 1.4023842E-02 1.2133868E-02 1.1556756E-02 1.0338873E-03 2.8584170E-04 7.7676106E-03 1.9406572E-04 7.6011769E-03 1.0064256E-01 4.1843035E-02 1.5982257E-04 1.5967266E+00 1.8579128E+01 -7.3027438E-02
3.1381000E+02 2.5927000E+02 8.6700000E+00 4.2700000E+02 10 5.4904908E+01 2.5919448E-01 5.9586076E-01 -2.9412443E-02 1.4086498E-02 1.2147791E-02 1.1571376E-02 1.0326381E-03 2.8648057E-04 7.7995596E-03 1.9383125E-04 7.6294812E-03 1.0069558E-01 4.2029724E-02 1.6095812E-04 1.5976719E+00 1.8569821E+01 -7.2903037E-02
3.1381000E+02 2.5927000E+02 8.6700000E+00 4.2900000E+02 10 5.4897792E+01 2.7333492E-01 6.2458204E-01 -2.9401658E-02 1.6268282E-02 1.3525398E-02 1.2949263E-02 1.0321357E-03 3.0848706E-04 8.9144715E-03 1.9373695E-04 8.6780289E-03 1.0072564E-01 4.8539846E-02 1.8941500E-04 1.5970879E+00 1.8633398E+01 -7.3005544E-02
3.1381000E+02 2.5927000E+02 8.6700000E+00 4.3000000E+02 10 5.4895580E+01 2.7770263E-01 6.3350668E-01 -2.9396402E-02 1.6939984E-02 1.3971891E-02 1.3395897E-02 1.0318839E-03 3.1678869E-04 9.2573142E-03 1.9368967E-04 9.0011920E-03 1.0073758E-01 5.0544270E-02 1.9606813E-04 1.5961924E+00 1.8657207E+01 -7.3142764E-02
3.1381000E+02 2.5927000E+02 8.6700000E+00 4.3500000E+02 10 5.4904502E+01 2.6033696E-01 5.9830976E-01 -2.9339376E-02 1.4288805E-02 1.2309313E-02 1.1725562E-02 1.0457799E-03 2.9532155E-04 7.9116589E-03 1.9629802E-04 7.7363665E-03 1.0063227E-01 4.2632906E-02 1.6056560E-04 1.6052016E+00 1.8561927E+01 -7.1836078E-02
3.1381000E+02 2.5927000E+02 8.6700000E+00 4.3600000E+02 10 5.4895184E+01 2.7915201E-01 6.3666852E-01 -2.9329018E-02 1.7201584E-02 1.4206365E-02 1.3621258E-02 1.0482105E-03 3.2000931E-04 9.3997782E-03 1.9675427E-04 9.1415103E-03 1.0063035E-01 5.1325350E-02 1.9960255E-04 1.6076678E+00 1.8605745E+01 -7.1500186E-02
3.1381000E+02 2.5927000E+02 8.6700000E+00 4.3700000E+02 10 5.4895674E+01 2.7936067E-01 6.3682313E-01 -2.9182425E-02 1.7249734E-02 1.4240281E-02 1.3654688E-02 1.0490805E-03 3.2408162E-04 9.4253955E-03 1.9691757E-04 9.1647569E-03 1.0050873E-01 5.1468773E-02 1.9800281E-04 1.6099058E+00 1.8618082E+01 -7.1145491E-02
3.1381000E+02 2.5927000E+02 8.6700000E+00 4.3800000E+02 10 5.4897699E+01 2.7922327E-01 6.3564979E-01 -2.8708223E-02 1.7279023E-02 1.4265446E-02 1.3679881E-02 1.0490293E-03 3.2724483E-04 9.4407439E-03 1.9690796E-04 9.1782789E-03 1.0011569E-01 5.1555947E-02 1.9690441E-04 1.6122115E+00 1.8625357E+01 -7.0665231E-02
3.1381000E+02 2.5927000E+02 8.6700000E+00 4.4300000E+02 10 5.4951986E+01 2.5619562E-01 5.6851046E-01 -1.8417520E-02 1.4779309E-02 1.2662872E-02 1.2087534E-02 1.0307088E-03 3.0603587E-04 8.1535494E-03 1.9346911E-04 7.9597023E-03 9.1546583E-02 4.4096404E-02 1.6476452E-04 1.6486318E+00 1.8484375E+01 -6.2346685E-02
3.1381000E+02 2.5927000E+02 8.6700000E+00 4.4400000E+02 10 5.4953688E+01 2.7248201E-01 5.9760692E-01 -1.6069091E-02 1.7566341E-02 1.4568081E-02 1.3994130E-02 1.0282233E-03 3.2889108E-04 9.5718931E-03 1.9300256E-04 9.3036070E-03 8.9594694E-02 5.2414948E-02 2.0139611E-04 1.6577544E+00 1.8527853E+01 -6.0458145E-02
3.1381000E+02 2.5927000E+02 8.6700000E+00 4.4500000E+02 10 5.4965422E+01 2.7085912E-01 5.8931918E-01 -1.3461283E-02 1.7599395E-02 1.4616768E-02 1.4043380E-02 1.0272149E-03 3.3210223E-04 9.5879268E-03 1.9281329E-04 9.3190009E-03 8.7399799E-02 5.2513704E-02 1.9988898E-04 1.6675107E+00 1.8533642E+01 -5.8442564E-02
3.1381000E+02 2.5927000E+02 8.6700000E+00 4.5000000E+02 10 5.5030266E+01 2.4734890E-01 5.1663370E-01 -8.0577687E-04 1.5323000E-02 1.3178679E-02 1.2604898E-02 1.0279194E-03 3.1302036E-04 8.4263800E-03 1.9294553E-04 8.2231530E-03 7.6699063E-02 4.5720532E-02 1.7055580E-04 1.7291189E+00 1.8317125E+01 -4.7854020E-02
3.1381000E+02 2.5927000E+02 8.6700000E+00 4.5300000E+02 10 5.5058604E+01 2.5131751E-01 5.1177488E-01 6.4100349E-03 1.6771942E-02 1.4334447E-02 1.3760013E-02 1.0290902E-03 3.2551754E-04 9.1616772E-03 1.9316529E-04 8.9282823E-03 7.0605967E-02 5.0047022E-02 1.8844198E-04 1.7689621E+00 1.8321463E+01 -4.2084639E-02
3.1381000E+02 2.5927000E+02 8.6700000E+00 4.5400000E+02 10 5.5065609E+01 2.5708855E-01 5.2012630E-01 8.7621836E-03 1.7973967E-02 1.5330402E-02 1.4755807E-02 1.0293768E-03 3.3481135E-04 9.7700080E-03 1.9321908E-04 9.5141836E-03 6.8623043E-02 5.3636702E-02 2.0101040E-04 1.7828040E+00 1.8349132E+01 -4.0254627E-02
3.1381000E+02 2.5927000E+02 8.6700000E+00 4.5900000E+02 10 5.5123783E+01 2.3169448E-01 4.4651088E-01 1.9622548E-02 1.5167225E-02 1.3473999E-02 1.2900628E-02 1.0271835E-03 3.0706092E-04 8.3382862E-03 1.9280740E-04 8.1578082E-03 5.9459533E-02 4.5259958E-02 1.6641623E-04 1.8170057E+00 1.8270720E+01 -3.4642529E-02
3.1381000E+02 2.5927000E+02 8.6700000E+00 4.6400000E+02 10 5.5162221E+01 2.2377659E-01 4.1521084E-01 2.7860006E-02 1.4864992E-02 1.3469134E-02 1.2897335E-02 1.0243677E-03 2.9643080E-04 8.1779396E-03 1.9227886E-04 8.0155187E-03 5.2531238E-02 4.4360401E-02 1.6478409E-04 1.8466354E+00 1.8239428E+01 -3.0489022E-02
3.1381000E+02 2.5927000E+02 8.6700000E+00 4.6900000E+02 10 5.5190546E+01 2.1795434E-01 3.9226938E-01 3.3934453E-02 1.4649118E-02 1.3490126E-02 1.2919318E-02 1.0225918E-03 2.8635996E-04 8.0630023E-03 1.9194551E-04 7.9146947E-03 4.7424182E-02 4.3718018E-02 1.6356316E-04 1.8727140E+00 1.8207677E+01 -2.7392640E-02
3.1381000E+02 2.5927000E+02 8.6700000E+00 4.7400000E+02 10 5.5211521E+01 2.1352727E-01 3.7516245E-01 3.8424244E-02 1.4472956E-02 1.3515477E-02 1.2945602E-02 1.0209210E-03 2.7673630E-04 7.9685095E-03 1.9163189E-04 7.8327821E-03 4.3655420E-02 4.3193762E-02 1.6239754E-04 1.8933909E+00 1.8183331E+01 -2.5174637E-02
3.1381000E+02 2.5927000E+02 8.6700000E+00 4.7900000E+02 10 5.5227240E+01 2.1005550E-01 3.6213110E-01 4.1776116E-02 1.4317291E-02 1.3534142E-02 1.2965235E-02 1.0191859E-03 2.6780777E-04 7.8845541E-03 1.9130620E-04 7.7604224E-03 4.0848296E-02 4.2730365E-02 1.6126355E-04 1.9085080E+00 1.8166724E+01 -2.3624336E-02
3.1381000E+02 2.5927000E+02 8.6700000E+00 4.8100000E+02 10 5.5227801E+01 2.1884501E-01 3.8005282E-01 4.2959813E-02 1.5940082E-02 1.4901760E-02 1.4333247E-02 1.0184815E-03 2.7722234E-04 8.7046062E-03 1.9117398E-04 8.5510177E-03 3.9867535E-02 4.7576439E-02 1.8235319E-04 1.9125754E+00 1.8248586E+01 -2.3164066E-02
3.1381000E+02 2.5927000E+02 8.6700000E+00 4.8200000E+02 10 5.5228970E+01 2.2114658E-01 3.8457494E-01 4.3515302E-02 1.6403461E-02 1.5347557E-02 1.4779242E-02 1.0181271E-03 2.7916260E-04 8.9375581E-03 1.9110746E-04 8.7779015E-03 3.9405316E-02 4.8960490E-02 1.8690246E-04 1.9134430E+00 1.8275928E+01 -2.3003857E-02
3.1381000E+02 2.5927000E+02 8.6700000E+00 4.8700000E+02 10 5.5247245E+01 2.0314401E-01 3.4098381E-01 4.5752932E-02 1.3697892E-02 1.3278623E-02 1.2711144E-02 1.0166284E-03 2.5285341E-04 7.5624185E-03 1.9082616E-04 7.4647194E-03 3.7523973E-02 4.0882508E-02 1.5301668E-04 1.8891878E+00 1.8266333E+01 -2.3735836E-02
3.1381000E+02 2.5927000E+02 8.6700000E+00 4.9200000E+02 10 5.5255791E+01 2.0031028E-01 3.3186034E-01 4.7474246E-02 1.3438461E-02 1.3117298E-02 1.2551029E-02 1.0144622E-03 2.4346534E-04 7.4269047E-03 1.9041954E-04 7.3399828E-03 3.6097062E-02 4.0108691E-02 1.5270011E-04 1.8792941E+00 1.8270438E+01 -2.3855866E-02
3.1381000E+02 2.5927000E+02 8.6700000E+00 4.9700000E+02 10 5.5262112E+01 1.9871472E-01 3.2585366E-01 4.8809217E-02 1.3321610E-02 1.3022136E-02 1.2456771E-02 1.0128405E-03 2.3705433E-04 7.3654047E-03 1.9011514E-04 7.2832585E-03 3.4992035E-02 3.9759970E-02 1.5296838E-04 1.8779326E+00 1.8264344E+01 -2.3619682E-02
3.1381000E+02 2.5927000E+02 8.6700000E+00 5.0200000E+02 10 5.5266996E+01 1.9766017E-01 3.2149010E-01 4.9864684E-02 1.3258108E-02 1.2961268E-02 1.2396714E-02 1.0113876E-03 2.3230506E-04 7.3314319E-03 1.8984242E-04 7.2521269E-03 3.4121176E-02 3.9570361E-02 1.5316383E-04 1.8790998E+00 1.8258014E+01 -2.3319186E-02
3.1381000E+02 2.5927000E+02 8.6700000E+00 5.0500000E+02 10 5.5266102E+01 2.0401732E-01 3.3452552E-01 5.0415377E-02 1.4375192E-02 1.3811653E-02 1.3247576E-02 1.0105346E-03 2.4016416E-04 7.8978774E-03 1.8968232E-04 7.7933616E-03 3.3674619E-02 4.2905213E-02 1.6832969E-04 1.8752237E+00 1.8320323E+01 -2.3400038E-02
3.1381000E+02 2.5927000E+02 8.6700000E+00 5.0600000E+02 10 5.5263736E+01 2.1021709E-01 3.4826537E-01 5.0590376E-02 1.5437369E-02 1.4698106E-02 1.4134187E-02 1.0102514E-03 2.4681933E-04 8.4350045E-03 1.8962915E-04 8.3106910E-03 3.3536534E-02 4.6077103E-02 1.8147722E-04 1.8735808E+00 1.8352158E+01 -2.3449175E-02
3.1381000E+02 2.5927000E+02 8.6700000E+00 5.1100000E+02 10 5.5275040E+01 1.9368772E-01 3.1029130E-01 5.1343657E-02 1.2779806E-02 1.2623793E-02 1.2061148E-02 1.0079692E-03 2.2365784E-04 7.0843198E-03 1.8920077E-04 7.0194983E-03 3.2910682E-02 3.8142228E-02 1.4647132E-04 1.8475190E+00 1.8346713E+01 -2.4649545E-02
3.1381000E+02 2.5927000E+02 8.6700000E+00 5.1600000E+02 10 5.5278138E+01 1.9253457E-01 3.0632485E-01 5.1962823E-02 1.2642458E-02 1.2464311E-02 1.1902723E-02 1.0060752E-03 2.1877279E-04 7.0132600E-03 1.8884527E-04 6.9515022E-03 3.2410403E-02 3.7732115E-02 1.4729625E-04 1.8377572E+00 1.8348894E+01 -2.5033540E-02
3.1381000E+02 2.5927000E+02 8.6700000E+00 5.2100000E+02 10 5.5280402E+01 1.9217295E-01 3.0414520E-01 5.2474576E-02 1.2614638E-02 1.2372234E-02 1.1811408E-02 1.0047096E-03 2.1616203E-04 6.9990949E-03 1.8858892E-04 6.9359216E-03 3.1996593E-02 3.7648658E-02 1.4825301E-04 1.8361465E+00 1.8343345E+01 -2.4997374E-02
3.1381000E+02 2.5927000E+02 8.6700000E+00 5.2600000E+02 10 5.5282221E+01 1.9202967E-01 3.0264532E-01 5.2905455E-02 1.2615329E-02 1.2313100E-02 1.1753038E-02 1.0033428E-03 2.1453446E-04 6.9995334E-03 1.8833238E-04 6.9340502E-03 3.1650417E-02 3.7650341E-02 1.4888189E-04 1.8367453E+00 1.8338303E+01 -2.4860786E-02
3.1381000E+02 2.5927000E+02 8.6700000E+00 5.3100000E+02 10 5.5283761E+01 1.9190947E-01 3.0139931E-01 5.3272810E-02 1.2616755E-02 1.2268458E-02 1.1709200E-02 1.0019010E-03 2.1332920E-04 7.0002465E-03 1.8806175E-04 6.9325765E-03 3.1357805E-02 3.7654317E-02 1.4919827E-04 1.8374099E+00 1.8335438E+01 -2.4737678E-02
3.1381000E+02 2.5927000E+02 8.6700000E+00 5.3600000E+02 10 5.5285094E+01 1.9177733E-01 3.0028720E-01 5.3588981E-02 1.2613771E-02 1.2230532E-02 1.1672103E-02 1.0004156E-03 2.1231788E-04 6.9986641E-03 1.8778292E-04 6.9289954E-03 3.1108211E-02 3.7645199E-02 1.4932809E-04 1.8376700E+00 1.8334194E+01 -2.4650055E-02
3.1381000E+02 2.5927000E+02 8.6700000E+00 5.4100000E+02 10 5.5286256E+01 1.9164040E-01 2.9928413E-01 5.3863274E-02 1.2607503E-02 1.2196453E-02 1.1638858E-02 9.9892132E-04 2.1143445E-04 6.9954130E-03 1.8750244E-04 6.9238328E-03 3.0893599E-02 3.7626322E-02 1.4936399E-04 1.8375691E+00 1.8333910E+01 -2.4592638E-02
3.1381000E+02 2.5927000E+02 8.6700000E+00 5.4600000E+02 10 5.5287271E+01 1.9150959E-01 2.9838475E-01 5.4102937E-02 1.2599779E-02 1.2165194E-02 1.1608426E-02 9.9743933E-04 2.1065683E-04 6.9914596E-03 1.8722427E-04 6.9179579E-03 3.0707753E-02 3.7603125E-02 1.4935789E-04 1.8372381E+00 1.8334097E+01 -2.4556227E-02
3.1381000E+02 2.5927000E+02 8.6700000E+00 5.5100000E+02 10 5.5288160E+01 1.9139110E-01 2.9758295E-01 5.4313726E-02 1.2591809E-02 1.2136322E-02 1.1580370E-02 9.9597899E-04 2.0997359E-04 6.9873976E-03 1.8695016E-04 6.9119851E-03 3.0545785E-02 3.7579207E-02 1.4933379E-04 1.8367787E+00 1.8334536E+01 -2.4533746E-02
3.1381000E+02 2.5927000E+02 8.6700000E+00 5.5600000E+02 10 5.5288942E+01 1.9128753E-01 2.9687064E-01 5.4500265E-02 1.2584270E-02 1.2109573E-02 1.1554423E-02 9.9454299E-04 2.0937866E-04 6.9835774E-03 1.8668061E-04 6.9062373E-03 3.0403803E-02 3.7556587E-02 1.4930373E-04 1.8362550E+00 1.8335072E+01 -2.4520545E-02
3.1381000E+02 2.5927000E+02 8.6700000E+00 5.6100000E+02 10 5.5289632E+01 1.9119900E-01 2.9623821E-01 5.4666310E-02 1.2577449E-02 1.2084732E-02 1.1530370E-02 9.9313083E-04 2.0886533E-04 6.9801442E-03 1.8641554E-04 6.9008513E-03 3.0278665E-02 3.7536113E-02 1.4927197E-04 1.8357023E+00 1.8335670E+01 -2.4513785E-02
3.1381000E+02 2.5927000E+02 8.6700000E+00 5.6600000E+02 10 5.5290244E+01 1.9112436E-01 2.9567582E-01 5.4814934E-02 1.2571415E-02 1.2061603E-02 1.1508017E-02 9.9174082E-04 2.0842586E-04 6.9771191E-03 1.8615463E-04 6.8958727E-03 3.0167815E-02 3.7517997E-02 1.4924130E-04 1.8351404E+00 1.8336270E+01 -2.4511661E-02
3.1381000E+02 2.5927000E+02 8.6700000E+00 5.7100000E+02 10 5.5290789E+01 1.9106211E-01 2.9517437E-01 5.4948670E-02 1.2566142E-02 1.2040008E-02 1.1487186E-02 9.9037103E-04 2.0804907E-04 6.9744709E-03 1.8589751E-04 6.8913022E-03 3.0069144E-02 3.7502153E-02 1.4921175E-04 1.8345792E+00 1.8336886E+01 -2.4513015E-02
3.1381000E+02 2.5927000E+02 8.6700000E+00 5.7600000E+02 10 5.5291276E+01 1.9101095E-01 2.9472621E-01 5.5069621E-02 1.2561600E-02 1.2019785E-02 1.1467717E-02 9.8901968E-04 2.0772872E-04 6.9721932E-03 1.8564386E-04 6.8871146E-03 2.9980911E-02 3.7488495E-02 1.4918443E-04 1.8340266E+00 1.8337483E+01 -2.4516922E-02
3.1381000E+02 2.5927000E+02 8.6700000E+00 5.8100000E+02 10 5.5291713E+01 1.9096922E-01 2.9432402E-01 5.5179542E-02 1.2557689E-02 1.2000788E-02 1.1449466E-02 9.8768521E-04 2.0745696E-04 6.9702245E-03 1.8539337E-04 6.8832695E-03 2.9901661E-02 3.7476724E-02 1.4915848E-04 1.8334825E+00 1.8338078E+01 -2.4522969E-02
3.1381000E+02 2.5927000E+02 8.6700000E+00 5.8200000E+02 10 5.5284556E+01 2.0551373E-01 3.2604308E-01 5.5201099E-02 1.4946997E-02 1.3793162E-02 1.3241988E-02 9.8741898E-04 2.2514492E-04 8.1844504E-03 1.8534340E-04 8.0407235E-03 2.9900052E-02 4.4610143E-02 1.8203080E-04 1.8338931E+00 1.8390056E+01 -2.4501769E-02
3.1381000E+02 2.5927000E+02 8.6700000E+00 5.8700000E+02 10 5.5292610E+01 1.9004220E-01 2.9226762E-01 5.5261057E-02 1.2433850E-02 1.1921386E-02 1.1366441E-02 9.9417553E-04 2.0730753E-04 6.9119350E-03 1.8661164E-04 6.8276878E-03 2.9794038E-02 3.7106823E-02 1.4638054E-04 1.8249520E+00 1.8367083E+01 -2.4966458E-02
3.1381000E+02 2.5927000E+02 8.6700000E+00 5.9200000E+02 10 5.5293023E+01 1.8985729E-01 2.9160052E-01 5.5342809E-02 1.2405653E-02 1.1881243E-02 1.1326502E-02 9.9380955E-04 2.0662251E-04 6.8981051E-03 1.8654294E-04 6.8130006E-03 2.9731367E-02 3.7022624E-02 1.4702992E-04 1.8222977E+00 1.8363915E+01 -2.5093933E-02
3.1381000E+02 2.5927000E+02 8.6700000E+00 5.9700000E+02 10 5.5293231E+01 1.9000878E-01 2.9160768E-01 5.5418227E-02 1.2425891E-02 1.1870282E-02 1.1316132E-02 9.9274914E-04 2.0680674E-04 6.9087843E-03 1.8634390E-04 6.8208242E-03 2.9678113E-02 3.7082861E-02 1.4764464E-04 1.8232929E+00 1.8358051E+01 -2.5021677E-02
3.1381000E+02 2.5927000E+02 8.6700000E+00 6.0200000E+02 10 5.5293405E+01 1.9017368E-01 2.9171326E-01 5.5484155E-02 1.2451093E-02 1.1871515E-02 1.1317612E-02 9.9230771E-04 2.0716680E-04 6.9222237E-03 1.8626104E-04 6.8317046E-03 2.9628474E-02 3.7157950E-02 1.4800874E-04 1.8250154E+00 1.8353309E+01 -2.4911397E-02
3.1381000E+02 2.5927000E+02 8.6700000E+00 6.0700000E+02 10 5.5293592E+01 1.9027060E-01 2.9173805E-01 5.5543553E-02 1.2468225E-02 1.1874661E-02 1.1320798E-02 9.9223660E-04 2.0745663E-04 6.9316134E-03 1.8624769E-04 6.8391757E-03 2.9581758E-02 3.7209003E-02 1.4815458E-04 1.8263427E+00 1.8350442E+01 -2.4824768E-02
3.1381000E+02 2.5927000E+02 8.6700000E+00 6.1200000E+02 10 5.5293792E+01 1.9030800E-01 2.9167203E-01 5.5598823E-02 1.2477100E-02 1.1875802E-02 1.1321940E-02 9.9223383E-04 2.0762893E-04 6.9367361E-03 1.8624717E-04 6.8428341E-03 2.9538017E-02 3.7235449E-02 1.4817644E-04 1.8270984E+00 1.8348994E+01 -2.4770800E-02
3.1381000E+02 2.5927000E+02 8.6700000E+00 6.1700000E+02 10 5.5293997E+01 1.9031062E-01 2.9154695E-01 5.5651241E-02 1.2480513E-02 1.1874166E-02 1.1320356E-02 9.9214201E-04 2.0769206E-04 6.9389876E-03 1.8622994E-04 6.8438220E-03 2.9497248E-02 3.7245600E-02 1.4814327E-04 1.8274044E+00 1.8348394E+01 -2.4742383E-02
3.1381000E+02 2.5927000E+02 8.6700000E+00 6.2200000E+02 10 5.5294197E+01 1.9029732E-01 2.9139219E-01 5.5701367E-02 1.2480905E-02 1.1870116E-02 1.1316436E-02 9.9190970E-04 2.0769321E-04 6.9396183E-03 1.8618633E-04 6.8432340E-03 2.9459320E-02 3.7246733E-02 1.4809077E-04 1.8274133E+00 1.8348285E+01 -2.4730965E-02
3.1381000E+02 2.5927000E+02 8.6700000E+00 6.2700000E+02 10 5.5294389E+01 1.9027867E-01 2.9122641E-01 5.5749419E-02 1.2479806E-02 1.1864261E-02 1.1310788E-02 9.9153780E-04 2.0766376E-04 6.9394169E-03 1.8611652E-04 6.8417987E-03 2.9424038E-02 3.7243411E-02 1.4803573E-04 1.8272381E+00 1.8348434E+01 -2.4730274E-02
3.1381000E+02 2.5927000E+02 8.6700000E+00 6.3200000E+02 10 5.5294570E+01 1.9026027E-01 2.9106035E-01 5.5795488E-02 1.2478090E-02 1.1857150E-02 1.1303951E-02 9.9104646E-04 2.0761809E-04 6.9388428E-03 1.8602430E-04 6.8399518E-03 2.9391179E-02 3.7238240E-02 1.4798377E-04 1.8269529E+00 1.8348740E+01 -2.4736194E-02
3.1381000E+02 2.5927000E+02 8.6700000E+00 6.3700000E+02 10 5.5294740E+01 1.9024451E-01 2.9089939E-01 5.5839639E-02 1.2476211E-02 1.1849202E-02 1.1296331E-02 9.9045928E-04 2.0757012E-04 6.9381416E-03 1.8591408E-04 6.8379318E-03 2.9360526E-02 3.7232576E-02 1.4793733E-04 1.8266026E+00 1.8349119E+01 -2.4746218E-02
3.1381000E+02 2.5927000E+02 8.6700000E+00 6.4200000E+02 10 5.5294900E+01 1.9023219E-01 2.9074589E-01 5.5881943E-02 1.2474381E-02 1.1840718E-02 1.1288216E-02 9.8979715E-04 2.0752720E-04 6.9374303E-03 1.8578979E-04 6.8358631E-03 2.9331875E-02 3.7227056E-02 1.4789575E-04 1.8262144E+00 1.8349553E+01 -2.4758837E-02
3.1381000E+02 2.5927000E+02 8.6700000E+00 6.4700000E+02 10 5.5295050E+01 1.9022346E-01 2.9060081E-01 5.5922484E-02 1.2472708E-02 1.1831904E-02 1.1279805E-02 9.8907675E-04 2.0749366E-04 6.9367754E-03 1.8565457E-04 6.8338080E-03 2.9305042E-02 3.7221996E-02 1.4785901E-04 1.8258044E+00 1.8350004E+01 -2.4773123E-02
3.1381000E+02 2.5927000E+02 8.6700000E+00 6.5000000E+02 10 5.5291538E+01 1.9744979E-01 3.0617826E-01 5.5946195E-02 1.3658282E-02 1.2675444E-02 1.2123595E-02 9.8862659E-04 2.1890937E-04 7.5414396E-03 1.8557007E-04 7.4050888E-03 2.9296415E-02 4.0760731E-02 1.6377052E-04 1.8200900E+00 1.8407477E+01 -2.5092435E-02
