x y z_datum Time Well_no H2O H O Charge Al C Ca Cl Fe K Mg Na S Si U pH pe Alkalinity
3.1381000E+02 2.5927000E+02 8.6700000E+00 0.0000000E+00 10 9.9704301E-01 7.2098600E-06 6.6484776E-04 -3.2324431E-06 0.0000000E+00 1.0067647E-04 6.3262499E-05 4.3211171E-04 0.0000000E+00 2.8240956E-04 5.5605062E-05 2.2967748E-04 1.4127542E-04 0.0000000E+00 0.0000000E+00 7.0300000E+00 1.1068788E+01 7.1999443E-03
3.1381000E+02 2.5927000E+02 8.6700000E+00 5.0000000E+00 10 5.5327811E+01 1.9670818E-02 6.3379657E-02 -3.0196836E-03 0.0000000E+00 7.2309843E-03 1.3617348E-03 1.0514661E-02 0.0000000E+00 6.2312296E-03 1.9736536E-03 8.6185748E-03 1.0666209E-02 0.0000000E+00 0.0000000E+00 2.3457536E+00 1.8041778E+01 -7.3296379E-03
3.1381000E+02 2.5927000E+02 8.6700000E+00 1.0000000E+01 10 5.5309116E+01 3.4062688E-02 1.0610925E-01 -2.7358499E-03 1.0654402E-03 7.7678397E-03 3.1448926E-03 8.2819316E-03 1.4910154E-05 5.4343845E-03 1.5545593E-03 7.3216981E-03 1.9031435E-02 3.1860765E-03 1.5900005E-05 1.9896588E+00 1.8438989E+01 -1.8275516E-02
3.1381000E+02 2.5927000E+02 8.6700000E+00 1.5000000E+01 10 5.5288134E+01 5.6753673E-02 1.5144723E-01 -2.4977791E-03 2.5281041E-03 8.0948846E-03 4.5172968E-03 6.4091881E-03 3.4344638E-05 5.0566373E-03 1.2030361E-03 6.5079631E-03 2.6048733E-02 7.5555428E-03 3.7200426E-05 1.8719175E+00 1.8574548E+01 -2.5410374E-02
3.1381000E+02 2.5927000E+02 8.6700000E+00 2.0000000E+01 10 5.5271453E+01 7.6007288E-02 1.8775616E-01 -2.3234489E-03 3.8194100E-03 8.3425524E-03 5.5304417E-03 5.0378488E-03 5.3230128E-05 4.8935889E-03 9.4562900E-04 6.0168182E-03 3.1187741E-02 1.1411979E-02 5.5621236E-05 1.8199840E+00 1.8634650E+01 -2.9730473E-02
3.1381000E+02 2.5927000E+02 8.6700000E+00 2.5000000E+01 10 5.5259353E+01 9.0350448E-02 2.1452397E-01 -2.2015895E-03 4.8239450E-03 8.5582456E-03 6.2812144E-03 4.0792629E-03 6.9145661E-05 4.8320734E-03 7.6569771E-04 5.7220060E-03 3.4780255E-02 1.4411548E-02 6.9569208E-05 1.7953494E+00 1.8663205E+01 -3.2253753E-02
3.1381000E+02 2.5927000E+02 8.6700000E+00 3.0000000E+01 10 5.5250806E+01 1.0061491E-01 2.3377580E-01 -2.1171464E-03 5.5697498E-03 8.7548020E-03 6.8485573E-03 3.4150051E-03 8.1828179E-05 4.8148624E-03 6.4101326E-04 5.5415780E-03 3.7269875E-02 1.6638421E-02 7.9609534E-05 1.7835427E+00 1.8676939E+01 -3.3707002E-02
3.1381000E+02 2.5927000E+02 8.6700000E+00 3.5000000E+01 10 5.5244785E+01 1.0788563E-01 2.4758333E-01 -2.0581561E-03 6.1128132E-03 8.9359071E-03 7.2886863E-03 2.9509682E-03 9.1552085E-05 4.8140727E-03 5.5391124E-04 5.4261855E-03 3.9009169E-02 1.8259923E-02 8.6689124E-05 1.7780218E+00 1.8683468E+01 -3.4545215E-02
3.1381000E+02 2.5927000E+02 8.6700000E+00 4.0000000E+01 10 5.5240514E+01 1.1303998E-01 2.5755872E-01 -2.0162665E-03 6.5058419E-03 9.1029934E-03 7.6397083E-03 2.6214505E-03 9.8876725E-05 4.8172158E-03 4.9205916E-04 5.3478842E-03 4.0244326E-02 1.9433469E-02 9.1657722E-05 1.7756345E+00 1.8686410E+01 -3.5033372E-02
3.1381000E+02 2.5927000E+02 8.6700000E+00 4.5000000E+01 10 5.5237444E+01 1.1672275E-01 2.6486524E-01 -1.9858822E-03 6.7910373E-03 9.2568300E-03 7.9269608E-03 2.3824382E-03 1.0436218E-04 4.8194891E-03 4.4719537E-04 5.2912210E-03 4.1140285E-02 2.0285068E-02 9.5159432E-05 1.7748143E+00 1.8687545E+01 -3.5321532E-02
3.1381000E+02 2.5927000E+02 8.6700000E+00 5.0000000E+01 10 5.5235198E+01 1.1938901E-01 2.7031582E-01 -1.9633013E-03 6.9999237E-03 9.3979665E-03 8.1672494E-03 2.2048090E-03 1.0848294E-04 4.8195449E-03 4.1385348E-04 5.2477128E-03 4.1806178E-02 2.0908841E-02 9.7652492E-05 1.7747680E+00 1.8687791E+01 -3.5494334E-02
3.1381000E+02 2.5927000E+02 8.6700000E+00 5.5000000E+01 10 5.5233519E+01 1.2135353E-01 2.7446975E-01 -1.9460791E-03 7.1551714E-03 9.5269262E-03 8.3718312E-03 2.0693332E-03 1.1161236E-04 4.8174377E-03 3.8842403E-04 5.2126529E-03 4.2314073E-02 2.1372468E-02 9.9455988E-05 1.7750890E+00 1.8687600E+01 -3.5599843E-02
3.1381000E+02 2.5927000E+02 8.6700000E+00 6.0000000E+01 10 5.5232235E+01 1.2283132E-01 2.7770859E-01 -1.9325975E-03 7.2726947E-03 9.6443003E-03 8.5484023E-03 1.9632828E-03 1.1402817E-04 4.8136839E-03 3.6851783E-04 5.1833462E-03 4.2711674E-02 2.1723461E-02 1.0078522E-04 1.7755671E+00 1.8687213E+01 -3.5665707E-02
3.1381000E+02 2.5927000E+02 8.6700000E+00 6.5000000E+01 10 5.5231228E+01 1.2396849E-01 2.8029225E-01 -1.9217795E-03 7.3635277E-03 9.7507774E-03 8.7023806E-03 1.8781850E-03 1.1592895E-04 4.8088427E-03 3.5254457E-04 5.1582206E-03 4.3030736E-02 2.1994761E-02 1.0178602E-04 1.7760949E+00 1.8686752E+01 -3.5707956E-02
3.1381000E+02 2.5927000E+02 8.6700000E+00 6.6000000E+01 10 5.5225563E+01 1.3518843E-01 3.0801722E-01 -1.9197146E-03 9.3480941E-03 1.1758469E-02 1.0719139E-02 1.8619420E-03 1.3383534E-04 5.7926707E-03 3.4949567E-04 6.1235539E-03 4.3108710E-02 2.7923537E-02 1.3418796E-04 1.9681230E+00 1.8386840E+01 -2.3780140E-02
3.1381000E+02 2.5927000E+02 8.6700000E+00 6.7000000E+01 10 5.5225555E+01 1.3504313E-01 3.0780079E-01 -1.9177414E-03 9.3132805E-03 1.1745268E-02 1.0714602E-02 1.8464193E-03 1.3541562E-04 5.7663884E-03 3.4658199E-04 6.0931186E-03 4.3165647E-02 2.7819139E-02 1.3178974E-04 1.9628987E+00 1.8405248E+01 -2.4061168E-02
3.1381000E+02 2.5927000E+02 8.6700000E+00 7.2000000E+01 10 5.5227402E+01 1.2487676E-01 2.8286124E-01 -1.8772536E-03 7.2359017E-03 9.7290292E-03 8.7342754E-03 1.7820847E-03 1.1694151E-04 4.6872092E-03 3.3450607E-04 5.0173043E-03 4.3949846E-02 2.1613517E-02 9.7814901E-05 1.7479332E+00 1.8872461E+01 -3.8133900E-02
3.1381000E+02 2.5927000E+02 8.6700000E+00 7.7000000E+01 10 5.5222064E+01 1.2765579E-01 2.8899624E-01 -1.8289518E-03 7.3775036E-03 9.8067028E-03 8.8422589E-03 1.7277850E-03 1.3053142E-04 4.7274849E-03 3.2431373E-04 5.0407828E-03 4.4898036E-02 2.2036022E-02 1.2504433E-04 1.7370140E+00 1.8944786E+01 -3.9281646E-02
3.1381000E+02 2.5927000E+02 8.6700000E+00 8.2000000E+01 10 5.5217289E+01 1.3049099E-01 2.9516230E-01 -1.7877966E-03 7.5684853E-03 9.9149917E-03 8.9765209E-03 1.6812546E-03 1.4848866E-04 4.7976275E-03 3.1557975E-04 5.0942948E-03 4.5716304E-02 2.2605758E-02 1.5537195E-04 1.7324725E+00 1.8980068E+01 -3.9893108E-02
3.1381000E+02 2.5927000E+02 8.6700000E+00 8.7000000E+01 10 5.5213638E+01 1.3278478E-01 3.0016840E-01 -1.7567027E-03 7.7355208E-03 1.0019480E-02 9.1035487E-03 1.6408758E-03 1.6515915E-04 4.8590328E-03 3.0800045E-04 5.1415037E-03 4.6347737E-02 2.3104088E-02 1.8082778E-04 1.7306121E+00 1.8998478E+01 -4.0234918E-02
3.1381000E+02 2.5927000E+02 8.6700000E+00 9.1000000E+01 10 5.5210054E+01 1.3693795E-01 3.0987019E-01 -1.7375166E-03 8.3185455E-03 1.0537853E-02 9.6381119E-03 1.6118712E-03 1.8740785E-04 5.1358210E-03 3.0255615E-04 5.4026830E-03 4.6760727E-02 2.4844981E-02 2.1408093E-04 1.7645910E+00 1.8968284E+01 -3.7605651E-02
3.1381000E+02 2.5927000E+02 8.6700000E+00 9.2000000E+01 10 5.5205283E+01 1.4585787E-01 3.3154691E-01 -1.7330579E-03 9.8616303E-03 1.2021280E-02 1.1125477E-02 1.6048169E-03 2.2419927E-04 5.9058524E-03 3.0123203E-04 6.1557823E-03 4.6908134E-02 2.9454255E-02 2.7760856E-04 1.8966585E+00 1.8821009E+01 -2.8563827E-02
3.1381000E+02 2.5927000E+02 8.6700000E+00 9.7000000E+01 10 5.5205010E+01 1.3553336E-01 3.0748312E-01 -2.2447893E-03 7.7423640E-03 1.0037980E-02 9.1596063E-03 1.5735915E-03 1.8583740E-04 4.8238314E-03 2.9537086E-04 5.0881521E-03 4.8022323E-02 2.3123892E-02 2.0387308E-04 1.7053631E+00 1.9050533E+01 -4.2964195E-02
3.1381000E+02 2.5927000E+02 8.6700000E+00 1.0200000E+02 10 5.5197279E+01 1.3862171E-01 3.1526161E-01 -2.9092091E-03 7.9053141E-03 1.0111892E-02 9.2490672E-03 1.5457363E-03 1.9718570E-04 4.8910094E-03 2.9014230E-04 5.1431822E-03 4.9375636E-02 2.3609942E-02 2.2238419E-04 1.6972307E+00 1.9070896E+01 -4.4163325E-02
3.1381000E+02 2.5927000E+02 8.6700000E+00 1.0700000E+02 10 5.5190655E+01 1.4153813E-01 3.2244066E-01 -3.4758279E-03 8.0923367E-03 1.0204706E-02 9.3558458E-03 1.5207179E-03 2.0895403E-04 4.9721003E-03 2.8544623E-04 5.2121551E-03 5.0513134E-02 2.4167762E-02 2.3903644E-04 1.6935730E+00 1.9082980E+01 -4.4895758E-02
3.1381000E+02 2.5927000E+02 8.6700000E+00 1.1200000E+02 10 5.5185684E+01 1.4384071E-01 3.2807149E-01 -3.8927787E-03 8.2506151E-03 1.0291461E-02 9.4552224E-03 1.4981069E-03 2.1944578E-04 5.0396651E-03 2.8120203E-04 5.2695773E-03 5.1368041E-02 2.4639882E-02 2.5238965E-04 1.6919533E+00 1.9089985E+01 -4.5345346E-02
3.1381000E+02 2.5927000E+02 8.6700000E+00 1.1700000E+02 10 5.5182108E+01 1.4555858E-01 3.3227109E-01 -4.1840012E-03 8.3730074E-03 1.0366516E-02 9.5417518E-03 1.4775518E-03 2.2814146E-04 5.0898995E-03 2.7734375E-04 5.3116741E-03 5.1989856E-02 2.5004996E-02 2.6248403E-04 1.6912574E+00 1.9094090E+01 -4.5628040E-02
3.1381000E+02 2.5927000E+02 8.6700000E+00 1.2200000E+02 10 5.5179546E+01 1.4682998E-01 3.3539035E-01 -4.3850160E-03 8.4657364E-03 1.0430890E-02 9.6166135E-03 1.4587617E-03 2.3515499E-04 5.1258901E-03 2.7381675E-04 5.3411096E-03 5.2443460E-02 2.5281650E-02 2.6995357E-04 1.6910026E+00 1.9096533E+01 -4.5810387E-02
3.1381000E+02 2.5927000E+02 8.6700000E+00 1.2400000E+02 10 5.5173981E+01 1.5672554E-01 3.5861826E-01 -4.4531909E-03 1.0121087E-02 1.1889900E-02 1.1079672E-02 1.4515108E-03 2.7942406E-04 5.9554141E-03 2.7245572E-04 6.1453621E-03 5.2666689E-02 3.0225034E-02 3.4217492E-04 1.8033593E+00 1.8972809E+01 -3.6417959E-02
3.1381000E+02 2.5927000E+02 8.6700000E+00 1.2500000E+02 10 5.5172296E+01 1.5950395E-01 3.6545468E-01 -4.4844840E-03 1.0592988E-02 1.2353536E-02 1.1545295E-02 1.4479496E-03 2.9304512E-04 6.1904017E-03 2.7178726E-04 6.3741009E-03 5.2758914E-02 3.1634447E-02 3.6046329E-04 1.8413692E+00 1.8931596E+01 -3.3692737E-02
3.1381000E+02 2.5927000E+02 8.6700000E+00 1.3000000E+02 10 5.5177430E+01 1.4687029E-01 3.3629360E-01 -4.5915260E-03 8.3693570E-03 1.0405459E-02 9.6078711E-03 1.4288643E-03 2.3974977E-04 5.0596570E-03 2.6820486E-04 5.2692840E-03 5.2952968E-02 2.4993592E-02 2.6513933E-04 1.6797584E+00 1.9111604E+01 -4.7063128E-02
3.1381000E+02 2.5927000E+02 8.6700000E+00 1.3100000E+02 10 5.5170633E+01 1.6017932E-01 3.6724100E-01 -4.6112921E-03 1.0619801E-02 1.2380979E-02 1.1585530E-02 1.4250320E-03 2.9839405E-04 6.1904107E-03 2.6748551E-04 6.3683802E-03 5.3102991E-02 3.1714559E-02 3.6977993E-04 1.8374023E+00 1.8936345E+01 -3.4063846E-02
3.1381000E+02 2.5927000E+02 8.6700000E+00 1.3200000E+02 10 5.5170460E+01 1.6012804E-01 3.6718653E-01 -4.6295643E-03 1.0600408E-02 1.2370871E-02 1.1577437E-02 1.4214246E-03 2.9826576E-04 6.1791100E-03 2.6680838E-04 6.3551342E-03 5.3148117E-02 3.1656261E-02 3.6351682E-04 1.8350137E+00 1.8940097E+01 -3.4246353E-02
3.1381000E+02 2.5927000E+02 8.6700000E+00 1.3700000E+02 10 5.5169368E+01 1.4896640E-01 3.4255423E-01 -5.8220340E-03 8.3884248E-03 1.0436999E-02 9.6524732E-03 1.4054647E-03 2.4418773E-04 5.0559463E-03 2.6381264E-04 5.2587469E-03 5.4579536E-02 2.5050249E-02 2.6790352E-04 1.6668834E+00 1.9101591E+01 -4.8947289E-02
3.1381000E+02 2.5927000E+02 8.6700000E+00 1.4200000E+02 10 5.5159193E+01 1.5271680E-01 3.5229880E-01 -7.3530319E-03 8.6090543E-03 1.0560126E-02 9.7838315E-03 1.3907185E-03 2.4417354E-04 5.1597073E-03 2.6104470E-04 5.3530053E-03 5.6477437E-02 2.5708563E-02 2.7074317E-04 1.6627334E+00 1.9065075E+01 -5.0090725E-02
3.1381000E+02 2.5927000E+02 8.6700000E+00 1.4700000E+02 10 5.5150208E+01 1.5629688E-01 3.6135405E-01 -8.6805211E-03 8.8475611E-03 1.0697077E-02 9.9284584E-03 1.3769675E-03 2.3864597E-04 5.2732095E-03 2.5846357E-04 5.4566038E-03 5.8109707E-02 2.6420105E-02 2.6095922E-04 1.6614870E+00 1.9018446E+01 -5.0835300E-02
3.1381000E+02 2.5927000E+02 8.6700000E+00 1.5200000E+02 10 5.5143357E+01 1.5911718E-01 3.6842137E-01 -9.6781235E-03 9.0428037E-03 1.0816561E-02 1.0055123E-02 1.3641026E-03 2.2975950E-04 5.3650010E-03 2.5604878E-04 5.5402725E-03 5.9337413E-02 2.7002599E-02 2.4377535E-04 1.6611887E+00 1.8969415E+01 -5.1323282E-02
3.1381000E+02 2.5927000E+02 8.6700000E+00 1.5700000E+02 10 5.5138387E+01 1.6120547E-01 3.7363399E-01 -1.0390487E-02 9.1897352E-03 1.0913537E-02 1.0158838E-02 1.3520312E-03 2.1979643E-04 5.4325028E-03 2.5378290E-04 5.6014562E-03 6.0220505E-02 2.7440992E-02 2.2412250E-04 1.6611696E+00 1.8923188E+01 -5.1648675E-02
3.1381000E+02 2.5927000E+02 8.6700000E+00 1.6200000E+02 10 5.5134811E+01 1.6273507E-01 3.7744808E-01 -1.0893504E-02 9.2984184E-03 1.0991506E-02 1.0243151E-02 1.3406649E-03 2.1025414E-04 5.4808720E-03 2.5164940E-04 5.6448446E-03 6.0852853E-02 2.7765288E-02 2.0513280E-04 1.6612385E+00 1.8883795E+01 -5.1869149E-02
3.1381000E+02 2.5927000E+02 8.6700000E+00 1.6700000E+02 10 5.5132212E+01 1.6386641E-01 3.8027449E-01 -1.1251086E-02 9.3794619E-03 1.1055119E-02 1.0312761E-02 1.3299223E-03 2.0191214E-04 5.5155173E-03 2.4963296E-04 5.6754288E-03 6.1312169E-02 2.8007127E-02 1.8838739E-04 1.6613404E+00 1.8853784E+01 -5.2021198E-02
3.1381000E+02 2.5927000E+02 8.6700000E+00 1.6800000E+02 10 5.5124915E+01 1.7777856E-01 4.1188384E-01 -1.1317269E-02 1.1687348E-02 1.3016002E-02 1.2274829E-02 1.3277981E-03 2.2326855E-04 6.6780106E-03 2.4923423E-04 6.8019463E-03 6.1419497E-02 3.4899033E-02 2.2745815E-04 1.8046256E+00 1.8621550E+01 -3.8848495E-02
3.1381000E+02 2.5927000E+02 8.6700000E+00 1.6900000E+02 10 5.5124620E+01 1.7766000E-01 4.1175436E-01 -1.1378569E-02 1.1654787E-02 1.2998660E-02 1.2258660E-02 1.3256976E-03 2.2311094E-04 6.6609174E-03 2.4883995E-04 6.7835336E-03 6.1496916E-02 3.4801392E-02 2.2003896E-04 1.8015185E+00 1.8626239E+01 -3.9123344E-02
3.1381000E+02 2.5927000E+02 8.6700000E+00 1.7400000E+02 10 5.5137807E+01 1.5679962E-01 3.7479122E-01 -1.5598748E-02 9.2274773E-03 1.0986327E-02 1.0251898E-02 1.3157173E-03 1.9160584E-04 5.4303040E-03 2.4696660E-04 5.5895952E-03 6.0451646E-02 2.7553161E-02 1.6311281E-04 1.7172487E+00 1.8779182E+01 -4.6712692E-02
3.1381000E+02 2.5927000E+02 8.6700000E+00 1.7500000E+02 10 5.5133394E+01 1.6717537E-01 4.0200881E-01 -1.6602637E-02 1.1286179E-02 1.2925996E-02 1.2192669E-02 1.3137416E-03 2.0989606E-04 6.4627237E-03 2.4659575E-04 6.5999090E-03 6.0210154E-02 3.3702909E-02 1.9825966E-04 1.8878227E+00 1.8513751E+01 -3.2946944E-02
3.1381000E+02 2.5927000E+02 8.6700000E+00 1.7600000E+02 10 5.5135656E+01 1.6443730E-01 3.9910701E-01 -1.7737920E-02 1.1152811E-02 1.2896575E-02 1.2164340E-02 1.3117857E-03 2.0854532E-04 6.3929932E-03 2.4622863E-04 6.5346629E-03 5.9898948E-02 3.3305111E-02 1.9184068E-04 1.9058250E+00 1.8501337E+01 -3.1784839E-02
3.1381000E+02 2.5927000E+02 8.6700000E+00 1.8100000E+02 10 5.5087364E+01 1.6001256E-01 4.0731835E-01 -2.8027185E-02 8.6904766E-03 1.0898522E-02 1.0171501E-02 1.3024459E-03 1.7700018E-04 5.1436072E-03 2.4447551E-04 5.3260290E-03 7.0230802E-02 2.5953110E-02 1.4248269E-04 1.6637938E+00 1.8824315E+01 -5.6327220E-02
3.1381000E+02 2.5927000E+02 8.6700000E+00 1.8600000E+02 10 5.5008478E+01 1.7999478E-01 4.6798673E-01 -3.8594749E-02 8.9194711E-03 1.0958624E-02 1.0236598E-02 1.2934978E-03 1.7434141E-04 5.2570280E-03 2.4279590E-04 5.4267023E-03 8.4702351E-02 2.6635560E-02 1.4126966E-04 1.5689347E+00 1.8908655E+01 -7.3908843E-02
3.1381000E+02 2.5927000E+02 8.6700000E+00 1.9100000E+02 10 5.4937194E+01 2.0139901E-01 5.2632060E-01 -4.7147237E-02 9.5076745E-03 1.1048562E-02 1.0331335E-02 1.2849004E-03 1.7893478E-04 5.5587077E-03 2.4118213E-04 5.6947337E-03 9.7503565E-02 2.8387462E-02 1.4382971E-04 1.5074468E+00 1.8962881E+01 -8.8666280E-02
3.1381000E+02 2.5927000E+02 8.6700000E+00 1.9600000E+02 10 5.4882507E+01 2.1944141E-01 5.7302193E-01 -5.3423882E-02 1.0168584E-02 1.1134574E-02 1.0421969E-02 1.2766188E-03 1.8689748E-04 5.8989284E-03 2.3962763E-04 5.9964709E-03 1.0717457E-01 3.0355672E-02 1.4698981E-04 1.4715461E+00 1.8994187E+01 -9.9111072E-02
3.1381000E+02 2.5927000E+02 8.6700000E+00 2.0100000E+02 10 5.4842981E+01 2.3334797E-01 6.0793814E-01 -5.7876919E-02 1.0769131E-02 1.1209794E-02 1.0501653E-02 1.2686230E-03 1.9603419E-04 6.2080641E-03 2.3812677E-04 6.2699870E-03 1.1408029E-01 3.2144100E-02 1.4961332E-04 1.4509056E+00 1.9012009E+01 -1.0606013E-01
3.1381000E+02 2.5927000E+02 8.6700000E+00 2.0600000E+02 10 5.4814867E+01 2.4372140E-01 6.3349948E-01 -6.1023324E-02 1.1270732E-02 1.1276227E-02 1.0572404E-02 1.2608871E-03 2.0526062E-04 6.4657777E-03 2.3667470E-04 6.4974650E-03 1.1894551E-01 3.3637928E-02 1.5151351E-04 1.4389706E+00 1.9022197E+01 -1.1060518E-01
3.1381000E+02 2.5927000E+02 8.6700000E+00 2.1100000E+02 10 5.4794796E+01 2.5140416E-01 6.5221611E-01 -6.3268604E-02 1.1674720E-02 1.1337058E-02 1.0637420E-02 1.2533886E-03 2.1396650E-04 6.6726047E-03 2.3526721E-04 6.6796638E-03 1.2239261E-01 3.4841140E-02 1.5280203E-04 1.4320139E+00 1.9028025E+01 -1.1358535E-01
3.1381000E+02 2.5927000E+02 8.6700000E+00 2.1600000E+02 10 5.4780283E+01 2.5712031E-01 6.6606354E-01 -6.4898160E-02 1.1995592E-02 1.1394591E-02 1.0699018E-02 1.2461082E-03 2.2183077E-04 6.8360176E-03 2.3390064E-04 6.8234174E-03 1.2487127E-01 3.5796901E-02 1.5363264E-04 1.4279474E+00 1.9031337E+01 -1.1556164E-01
3.1381000E+02 2.5927000E+02 8.6700000E+00 2.2100000E+02 10 5.4769599E+01 2.6142103E-01 6.7647418E-01 -6.6105813E-02 1.2250089E-02 1.1450105E-02 1.0758483E-02 1.2390287E-03 2.2873690E-04 6.9647145E-03 2.3257179E-04 6.9365522E-03 1.2668915E-01 3.6555050E-02 1.5414382E-04 1.4255866E+00 1.9033171E+01 -1.1689307E-01
3.1381000E+02 2.5927000E+02 8.6700000E+00 2.2600000E+02 10 5.4761566E+01 2.6470760E-01 6.8445633E-01 -6.7021846E-02 1.2453247E-02 1.1504153E-02 1.0816380E-02 1.2321354E-03 2.3469575E-04 7.0665422E-03 2.3127787E-04 7.0260645E-03 1.2805328E-01 3.7160352E-02 1.5443613E-04 1.4242464E+00 1.9034141E+01 -1.1780704E-01
3.1381000E+02 2.5927000E+02 8.6700000E+00 2.3100000E+02 10 5.4755384E+01 2.6726609E-01 6.9071123E-01 -6.7733750E-02 1.2617294E-02 1.1556874E-02 1.0872851E-02 1.2254150E-03 2.3979455E-04 7.1479047E-03 2.3001643E-04 7.0976180E-03 1.2910252E-01 3.7649206E-02 1.5458662E-04 1.4235235E+00 1.9034600E+01 -1.1844782E-01
3.1381000E+02 2.5927000E+02 8.6700000E+00 2.3600000E+02 10 5.4750513E+01 2.6929816E-01 6.9572408E-01 -6.8300465E-02 1.2751664E-02 1.1608209E-02 1.0927847E-02 1.2188562E-03 2.4415285E-04 7.2137599E-03 2.2878529E-04 7.1555618E-03 1.2993015E-01 3.8049691E-02 1.5464856E-04 1.4231757E+00 1.9034756E+01 -1.1890754E-01
3.1381000E+02 2.5927000E+02 8.6700000E+00 2.4100000E+02 10 5.4746585E+01 2.7094514E-01 6.9983027E-01 -6.8761931E-02 1.2863412E-02 1.1658036E-02 1.0981251E-02 1.2124486E-03 2.4789082E-04 7.2678280E-03 2.2758256E-04 7.2031354E-03 1.3059907E-01 3.8382814E-02 1.5465738E-04 1.4230562E+00 1.9034736E+01 -1.1924552E-01
3.1381000E+02 2.5927000E+02 8.6700000E+00 2.4600000E+02 10 5.4743348E+01 2.7230622E-01 7.0326248E-01 -6.9145453E-02 1.2957747E-02 1.1706234E-02 1.1032947E-02 1.2061833E-03 2.5111618E-04 7.3128495E-03 2.2640653E-04 7.2427312E-03 1.3115205E-01 3.8664073E-02 1.5463621E-04 1.4230747E+00 1.9034616E+01 -1.1950029E-01
3.1381000E+02 2.5927000E+02 8.6700000E+00 2.5100000E+02 10 5.4740629E+01 2.7345097E-01 7.0618311E-01 -6.9469928E-02 1.3038475E-02 1.1752718E-02 1.1082852E-02 1.2000522E-03 2.5391925E-04 7.3508255E-03 2.2525570E-04 7.2760998E-03 1.3161839E-01 3.8904801E-02 1.5459947E-04 1.4231750E+00 1.9034442E+01 -1.1969717E-01
3.1381000E+02 2.5927000E+02 8.6700000E+00 2.5600000E+02 10 5.4738307E+01 2.7442841E-01 7.0870652E-01 -6.9748641E-02 1.3108371E-02 1.1797438E-02 1.1130924E-02 1.1940482E-03 2.5637511E-04 7.3832181E-03 2.2412871E-04 7.3045096E-03 1.3201850E-01 3.9113252E-02 1.5455626E-04 1.4233218E+00 1.9034242E+01 -1.1985309E-01
3.1381000E+02 2.5927000E+02 8.6700000E+00 2.6100000E+02 10 5.4736296E+01 2.7527364E-01 7.1091451E-01 -6.9991110E-02 1.3169469E-02 1.1840385E-02 1.1177155E-02 1.1881648E-03 2.5854393E-04 7.4111057E-03 2.2302438E-04 7.3288840E-03 1.3236679E-01 3.9295485E-02 1.5451166E-04 1.4234924E+00 1.9034034E+01 -1.1997953E-01
3.1381000E+02 2.5927000E+02 8.6700000E+00 2.6400000E+02 10 5.4730444E+01 2.8526852E-01 7.3128747E-01 -7.0125221E-02 1.4662252E-02 1.2766676E-02 1.2105393E-02 1.1846769E-03 2.7529164E-04 8.1720007E-03 2.2236969E-04 8.0434226E-03 1.3256648E-01 4.3748983E-02 1.7414907E-04 1.4605362E+00 1.8955994E+01 -1.1228151E-01
3.1381000E+02 2.5927000E+02 8.6700000E+00 2.6500000E+02 10 5.4725329E+01 2.9497214E-01 7.5091152E-01 -7.0168719E-02 1.6130892E-02 1.3702836E-02 1.3042199E-02 1.1835189E-03 2.8938640E-04 8.9208781E-03 2.2215233E-04 8.7496118E-03 1.3263542E-01 4.8131025E-02 1.9296629E-04 1.5000641E+00 1.8855122E+01 -1.0448960E-01
3.1381000E+02 2.5927000E+02 8.6700000E+00 2.7000000E+02 10 5.4732925E+01 2.7766023E-01 7.1684437E-01 -7.0325411E-02 1.3467607E-02 1.2087621E-02 1.1429088E-02 1.1797508E-03 2.6901968E-04 7.5582062E-03 2.2144502E-04 7.4656122E-03 1.3284577E-01 4.0185036E-02 1.5474060E-04 1.4296079E+00 1.9026929E+01 -1.1889718E-01
3.1381000E+02 2.5927000E+02 8.6700000E+00 2.7500000E+02 10 5.4730102E+01 2.8123785E-01 7.2439330E-01 -7.0484498E-02 1.3965467E-02 1.2417593E-02 1.1762559E-02 1.1734819E-03 2.7394184E-04 7.8086720E-03 2.2026833E-04 7.7001190E-03 1.3308275E-01 4.1670540E-02 1.6170968E-04 1.4412929E+00 1.9002328E+01 -1.1651651E-01
3.1381000E+02 2.5927000E+02 8.6700000E+00 2.8000000E+02 10 5.4727709E+01 2.8414929E-01 7.3070668E-01 -7.0628631E-02 1.4372607E-02 1.2714212E-02 1.2062411E-02 1.1676904E-03 2.7912529E-04 8.0127596E-03 2.1918124E-04 7.8917830E-03 1.3329632E-01 4.2885533E-02 1.6520812E-04 1.4511852E+00 1.8985654E+01 -1.1454418E-01
3.1381000E+02 2.5927000E+02 8.6700000E+00 2.8500000E+02 10 5.4725806E+01 2.8625300E-01 7.3551534E-01 -7.0759449E-02 1.4668573E-02 1.2962287E-02 1.2313475E-02 1.1623366E-03 2.8361058E-04 8.1599446E-03 2.1817630E-04 8.0308032E-03 1.3348965E-01 4.3769024E-02 1.6685602E-04 1.4586296E+00 1.8974912E+01 -1.1309622E-01
3.1381000E+02 2.5927000E+02 8.6700000E+00 2.8900000E+02 10 5.4722327E+01 2.9196570E-01 7.4759703E-01 -7.0856521E-02 1.5532673E-02 1.3572510E-02 1.2925965E-02 1.1582737E-03 2.9391943E-04 8.5979650E-03 2.1741367E-04 8.4443005E-03 1.3363606E-01 4.6347630E-02 1.7608879E-04 1.4815810E+00 1.8929967E+01 -1.0853454E-01
3.1381000E+02 2.5927000E+02 8.6700000E+00 2.9000000E+02 10 5.4715002E+01 3.0636806E-01 7.7693273E-01 -7.0880329E-02 1.7737755E-02 1.5030284E-02 1.4384299E-02 1.1572709E-03 3.1233557E-04 9.7214223E-03 2.1722543E-04 9.5070201E-03 1.3368020E-01 5.2927897E-02 2.0314647E-04 1.5447319E+00 1.8754794E+01 -9.6652749E-02
3.1381000E+02 2.5927000E+02 8.6700000E+00 2.9500000E+02 10 5.4768107E+01 2.7620893E-01 7.0610829E-01 -6.5567318E-02 1.4790051E-02 1.3218961E-02 1.2575645E-02 1.1524891E-03 2.9055574E-04 8.2138603E-03 2.1632788E-04 8.0840300E-03 1.2564395E-01 4.4132589E-02 1.6326282E-04 1.5018960E+00 1.8938477E+01 -1.0135265E-01
3.1381000E+02 2.5927000E+02 8.6700000E+00 3.0000000E+02 10 5.4832629E+01 2.5920831E-01 6.5763768E-01 -5.7743151E-02 1.4666024E-02 1.3340617E-02 1.2699874E-02 1.1478789E-03 2.8834621E-04 8.1424656E-03 2.1546251E-04 8.0272551E-03 1.1383248E-01 4.3765238E-02 1.6297750E-04 1.5666456E+00 1.8869452E+01 -8.5495159E-02
3.1381000E+02 2.5927000E+02 8.6700000E+00 3.0100000E+02 10 5.4838137E+01 2.7162892E-01 6.8149432E-01 -5.6111319E-02 1.7172997E-02 1.5267453E-02 1.4627222E-02 1.1469632E-03 3.0901102E-04 9.4119088E-03 2.1529064E-04 9.2455594E-03 1.1138247E-01 5.1250292E-02 1.9697630E-04 1.6804375E+00 1.8617012E+01 -6.8056016E-02
3.1381000E+02 2.5927000E+02 8.6700000E+00 3.0200000E+02 10 5.4852259E+01 2.6717401E-01 6.6984339E-01 -5.4449515E-02 1.7036215E-02 1.5276047E-02 1.4636323E-02 1.1460536E-03 3.1053063E-04 9.3393743E-03 2.1511990E-04 9.1816239E-03 1.0887310E-01 5.0843137E-02 1.9356436E-04 1.6967921E+00 1.8616428E+01 -6.5181203E-02
3.1381000E+02 2.5927000E+02 8.6700000E+00 3.0300000E+02 10 5.4868172E+01 2.6152751E-01 6.5581332E-01 -5.2617534E-02 1.6794916E-02 1.5277055E-02 1.4631887E-02 1.1558082E-03 3.1135969E-04 9.2189879E-03 2.1695088E-04 9.0770497E-03 1.0608406E-01 5.0124382E-02 1.8909220E-04 1.7128908E+00 1.8617347E+01 -6.2355853E-02
3.1381000E+02 2.5927000E+02 8.6700000E+00 3.0800000E+02 10 5.4938905E+01 2.2417456E-01 5.6661008E-01 -4.5336458E-02 1.3354304E-02 1.3188897E-02 1.2537277E-02 1.1673657E-03 2.7673919E-04 7.4681846E-03 2.1912028E-04 7.4315377E-03 9.5042122E-02 3.9858518E-02 1.4502782E-04 1.6594062E+00 1.8797227E+01 -6.5543299E-02
3.1381000E+02 2.5927000E+02 8.6700000E+00 3.1300000E+02 10 5.4984721E+01 2.0820096E-01 5.2618417E-01 -4.0050725E-02 1.2656264E-02 1.3109224E-02 1.2456189E-02 1.1699005E-03 2.6370273E-04 7.1038651E-03 2.1959607E-04 7.1091148E-03 8.7051239E-02 3.7779839E-02 1.4139292E-04 1.7031430E+00 1.8749599E+01 -5.7684174E-02
3.1381000E+02 2.5927000E+02 8.6700000E+00 3.1800000E+02 10 5.5017504E+01 1.9637175E-01 4.9692815E-01 -3.6297026E-02 1.2106012E-02 1.3096332E-02 1.2442764E-02 1.1708557E-03 2.5165557E-04 6.8151755E-03 2.1977537E-04 6.8550521E-03 8.1377934E-02 3.6141386E-02 1.3790094E-04 1.7369940E+00 1.8712905E+01 -5.2249268E-02
3.1381000E+02 2.5927000E+02 8.6700000E+00 3.2300000E+02 10 5.5041026E+01 1.8740367E-01 4.7538663E-01 -3.3637617E-02 1.1644199E-02 1.3107749E-02 1.2453780E-02 1.1715749E-03 2.4011567E-04 6.5728176E-03 2.1991036E-04 6.6416844E-03 7.7357519E-02 3.4766093E-02 1.3450917E-04 1.7607835E+00 1.8687584E+01 -4.8653426E-02
3.1381000E+02 2.5927000E+02 8.6700000E+00 3.2800000E+02 10 5.5058039E+01 1.8052850E-01 4.5931253E-01 -3.1741866E-02 1.1253315E-02 1.3123438E-02 1.2469175E-02 1.1721008E-03 2.2947076E-04 6.3680916E-03 2.2000908E-04 6.4604292E-03 7.4490372E-02 3.3601762E-02 1.3144074E-04 1.7764062E+00 1.8671233E+01 -4.6326096E-02
3.1381000E+02 2.5927000E+02 8.6700000E+00 3.2900000E+02 10 5.5055499E+01 1.9069271E-01 4.8372462E-01 -3.1390798E-02 1.3178272E-02 1.5015269E-02 1.4360952E-02 1.1721974E-03 2.4439708E-04 7.3343367E-03 2.2002721E-04 7.4072974E-03 7.3974855E-02 3.9352674E-02 1.6127053E-04 1.9266804E+00 1.8398787E+01 -3.4002226E-02
3.1381000E+02 2.5927000E+02 8.6700000E+00 3.3000000E+02 10 5.5058579E+01 1.8919123E-01 4.8037618E-01 -3.1065529E-02 1.3066348E-02 1.4995229E-02 1.4340864E-02 1.1722839E-03 2.4361719E-04 7.2769527E-03 2.2004345E-04 7.3537479E-03 7.3481782E-02 3.9018639E-02 1.5843768E-04 1.9276106E+00 1.8412015E+01 -3.3831465E-02
3.1381000E+02 2.5927000E+02 8.6700000E+00 3.3500000E+02 10 5.5049918E+01 1.8096925E-01 4.5912136E-01 -3.0378121E-02 1.0612317E-02 1.3015446E-02 1.2361063E-02 1.1723166E-03 2.1594525E-04 6.0365970E-03 2.2004959E-04 6.1570698E-03 7.6400144E-02 3.1690448E-02 1.2346852E-04 1.6989124E+00 1.8758269E+01 -5.4386108E-02
3.1381000E+02 2.5927000E+02 8.6700000E+00 3.4000000E+02 10 5.5021455E+01 1.9199289E-01 4.8054910E-01 -3.0186642E-02 1.0673679E-02 1.3005096E-02 1.2350948E-02 1.1718935E-03 2.1236523E-04 6.0699513E-03 2.1997016E-04 6.1834109E-03 8.1586129E-02 3.1872397E-02 1.2671426E-04 1.6210159E+00 1.8831508E+01 -6.4842111E-02
3.1381000E+02 2.5927000E+02 8.6700000E+00 3.4500000E+02 10 5.4993453E+01 2.0450509E-01 5.0436513E-01 -3.0148037E-02 1.1025905E-02 1.3026321E-02 1.2372659E-02 1.1710231E-03 2.1464349E-04 6.2554171E-03 2.1980679E-04 6.3446740E-03 8.6487040E-02 3.2920538E-02 1.3162287E-04 1.5681745E+00 1.8880996E+01 -7.3334313E-02
3.1381000E+02 2.5927000E+02 8.6700000E+00 3.5000000E+02 10 5.4971101E+01 2.1541673E-01 5.2473482E-01 -3.0124409E-02 1.1454460E-02 1.3051134E-02 1.2398185E-02 1.1697470E-03 2.1976811E-04 6.4804183E-03 2.1956727E-04 6.5413226E-03 9.0295761E-02 3.4195996E-02 1.3631179E-04 1.5355065E+00 1.8911713E+01 -7.9288719E-02
3.1381000E+02 2.5927000E+02 8.6700000E+00 3.5500000E+02 10 5.4954676E+01 2.2401068E-01 5.4048713E-01 -3.0081368E-02 1.1855042E-02 1.3070558E-02 1.2418518E-02 1.1681186E-03 2.2580404E-04 6.6902328E-03 2.1926161E-04 6.7250538E-03 9.3034310E-02 3.5388268E-02 1.4015231E-04 1.5157153E+00 1.8930491E+01 -8.3220748E-02
3.1381000E+02 2.5927000E+02 8.6700000E+00 3.6000000E+02 10 5.4942995E+01 2.3049646E-01 5.5217421E-01 -3.0019035E-02 1.2192985E-02 1.3083995E-02 1.2433030E-02 1.1661919E-03 2.3179092E-04 6.8668144E-03 2.1889995E-04 6.8797272E-03 9.4944926E-02 3.6394162E-02 1.4311173E-04 1.5036897E+00 1.8942002E+01 -8.5760408E-02
3.1381000E+02 2.5927000E+02 8.6700000E+00 3.6500000E+02 10 5.4934776E+01 2.3530996E-01 5.6071067E-01 -2.9944960E-02 1.2464802E-02 1.3093166E-02 1.2443416E-02 1.1640164E-03 2.3728494E-04 7.0085343E-03 2.1849161E-04 7.0035909E-03 9.6266268E-02 3.7203288E-02 1.4532434E-04 1.4963020E+00 1.8949135E+01 -8.7393619E-02
3.1381000E+02 2.5927000E+02 8.6700000E+00 3.7000000E+02 10 5.4928993E+01 2.3886801E-01 5.6692763E-01 -2.9866188E-02 1.2678452E-02 1.3099904E-02 1.2451483E-02 1.1616357E-03 2.4211229E-04 7.1197274E-03 2.1804474E-04 7.1002279E-03 9.7181812E-02 3.7839319E-02 1.4695733E-04 1.4916974E+00 1.8953613E+01 -8.8449084E-02
3.1381000E+02 2.5927000E+02 8.6700000E+00 3.7500000E+02 10 5.4924895E+01 2.4150780E-01 5.7147739E-01 -2.9787747E-02 1.2844824E-02 1.3105578E-02 1.2458580E-02 1.1590870E-03 2.4625096E-04 7.2061728E-03 2.1756634E-04 7.1746651E-03 9.7821640E-02 3.8334652E-02 1.4815432E-04 1.4887784E+00 1.8956469E+01 -8.9138629E-02
3.1381000E+02 2.5927000E+02 8.6700000E+00 3.8000000E+02 10 5.4921956E+01 2.4348461E-01 5.7484318E-01 -2.9712818E-02 1.2974350E-02 1.3111060E-02 1.2465560E-02 1.1564020E-03 2.4975752E-04 7.2733477E-03 2.1706234E-04 7.2317730E-03 9.8275125E-02 3.8720325E-02 1.4903089E-04 1.4868908E+00 1.8958326E+01 -8.9596316E-02
3.1381000E+02 2.5927000E+02 8.6700000E+00 3.8500000E+02 10 5.4919813E+01 2.4498583E-01 5.7737319E-01 -2.9643218E-02 1.3075857E-02 1.3116828E-02 1.2472888E-02 1.1536071E-03 2.5271879E-04 7.3258394E-03 2.1653773E-04 7.2757200E-03 9.8602824E-02 3.9022599E-02 1.4967512E-04 1.4856419E+00 1.8959562E+01 -8.9906445E-02
3.1381000E+02 2.5927000E+02 8.6700000E+00 3.9000000E+02 10 5.4918216E+01 2.4614628E-01 5.7931408E-01 -2.9579827E-02 1.3156348E-02 1.3123089E-02 1.2480758E-02 1.1507249E-03 2.5522870E-04 7.3672726E-03 2.1599671E-04 7.3098328E-03 9.8845469E-02 3.9262320E-02 1.5015190E-04 1.4847934E+00 1.8960410E+01 -9.0121978E-02
3.1381000E+02 2.5927000E+02 8.6700000E+00 3.9500000E+02 10 5.4916996E+01 2.4706179E-01 5.8083854E-01 -2.9522907E-02 1.3221163E-02 1.3129879E-02 1.2489195E-02 1.1477741E-03 2.5737650E-04 7.4004065E-03 2.1544284E-04 7.3366536E-03 9.9030344E-02 3.9455375E-02 1.5050896E-04 1.4841999E+00 1.8961008E+01 -9.0276292E-02
3.1381000E+02 2.5927000E+02 8.6700000E+00 4.0000000E+02 10 5.4916038E+01 2.4780005E-01 5.8206660E-01 -2.9472338E-02 1.3274276E-02 1.3137132E-02 1.2498125E-02 1.1447707E-03 2.5923662E-04 7.4272965E-03 2.1487909E-04 7.3580749E-03 9.9175672E-02 3.9613589E-02 1.5077982E-04 1.4837715E+00 1.8961445E+01 -9.0390505E-02
3.1381000E+02 2.5927000E+02 8.6700000E+00 4.0500000E+02 10 5.4915265E+01 2.4840867E-01 5.8308139E-01 -2.9427773E-02 1.3318602E-02 1.3144738E-02 1.2507429E-02 1.1417281E-03 2.6086825E-04 7.4494658E-03 2.1430797E-04 7.3754749E-03 9.9293618E-02 3.9745645E-02 1.5098885E-04 1.4834521E+00 1.8961775E+01 -9.0478047E-02
3.1381000E+02 2.5927000E+02 8.6700000E+00 4.1000000E+02 10 5.4914623E+01 2.4892096E-01 5.8394015E-01 -2.9388745E-02 1.3356245E-02 1.3152569E-02 1.2516974E-02 1.1386575E-03 2.6231604E-04 7.4680148E-03 2.1373160E-04 7.3898459E-03 9.9392307E-02 3.9857796E-02 1.5115253E-04 1.4832058E+00 1.8962034E+01 -9.0547613E-02
3.1381000E+02 2.5927000E+02 8.6700000E+00 4.1200000E+02 10 5.4907641E+01 2.6266096E-01 6.1199891E-01 -2.9373988E-02 1.5477478E-02 1.4520769E-02 1.3885862E-02 1.1374254E-03 2.8328298E-04 8.5509918E-03 2.1350034E-04 8.4093371E-03 9.9439408E-02 4.6187444E-02 1.7950016E-04 1.5527971E+00 1.8814047E+01 -7.9264084E-02
3.1381000E+02 2.5927000E+02 8.6700000E+00 4.1700000E+02 10 5.4914533E+01 2.4819547E-01 5.8248705E-01 -2.9341905E-02 1.3209756E-02 1.3070174E-02 1.2436994E-02 1.1343303E-03 2.6443698E-04 7.3915486E-03 2.1291938E-04 7.3148321E-03 9.9507790E-02 3.9420564E-02 1.4726947E-04 1.4774064E+00 1.8975449E+01 -9.1590540E-02
3.1381000E+02 2.5927000E+02 8.6700000E+00 4.2200000E+02 10 5.4914037E+01 2.4865359E-01 5.8321726E-01 -2.9314109E-02 1.3246715E-02 1.3071353E-02 1.2439905E-02 1.1312278E-03 2.6416522E-04 7.4095266E-03 2.1233703E-04 7.3290525E-03 9.9579684E-02 3.9530678E-02 1.4919750E-04 1.4773951E+00 1.8971915E+01 -9.1608721E-02
3.1381000E+02 2.5927000E+02 8.6700000E+00 4.2700000E+02 10 5.4913449E+01 2.4935058E-01 5.8442229E-01 -2.9290107E-02 1.3322015E-02 1.3095292E-02 1.2465577E-02 1.1281241E-03 2.6501134E-04 7.4472115E-03 2.1175445E-04 7.3615597E-03 9.9644479E-02 3.9755124E-02 1.5044354E-04 1.4786395E+00 1.8968563E+01 -9.1408429E-02
3.1381000E+02 2.5927000E+02 8.6700000E+00 4.2900000E+02 10 5.4906441E+01 2.6324661E-01 6.1272793E-01 -2.9281082E-02 1.5467251E-02 1.4466902E-02 1.3837880E-02 1.1268829E-03 2.8597157E-04 8.5428608E-03 2.1152146E-04 8.3921092E-03 9.9679723E-02 4.6156263E-02 1.7931913E-04 1.5484448E+00 1.8820343E+01 -7.9990282E-02
3.1381000E+02 2.5927000E+02 8.6700000E+00 4.3000000E+02 10 5.4904300E+01 2.6745634E-01 6.2137394E-01 -2.9276710E-02 1.6115317E-02 1.4907034E-02 1.4278358E-02 1.1262623E-03 2.9364865E-04 8.8732748E-03 2.1140498E-04 8.7037603E-03 9.9694267E-02 4.8090211E-02 1.8603850E-04 1.5716427E+00 1.8766938E+01 -7.6500260E-02
3.1381000E+02 2.5927000E+02 8.6700000E+00 4.3500000E+02 10 5.4912907E+01 2.5051575E-01 5.8724935E-01 -2.9236265E-02 1.3532590E-02 1.3312397E-02 1.2678602E-02 1.1354342E-03 2.7363566E-04 7.5593410E-03 2.1312659E-04 7.4685742E-03 9.9622237E-02 4.0383355E-02 1.4984738E-04 1.4860692E+00 1.8961254E+01 -9.0125219E-02
3.1381000E+02 2.5927000E+02 8.6700000E+00 4.3600000E+02 10 5.4903610E+01 2.6923607E-01 6.2549398E-01 -2.9229384E-02 1.6429995E-02 1.5217999E-02 1.4583483E-02 1.1367244E-03 2.9771559E-04 9.0387720E-03 2.1336875E-04 8.8655544E-03 9.9629727E-02 4.9029941E-02 1.9011660E-04 1.5851402E+00 1.8725703E+01 -7.4510572E-02
3.1381000E+02 2.5927000E+02 8.6700000E+00 4.3700000E+02 10 5.4904551E+01 2.6930811E-01 6.2524231E-01 -2.8991690E-02 1.6469389E-02 1.5254737E-02 1.4619836E-02 1.1374134E-03 3.0133215E-04 9.0596812E-03 2.1349809E-04 8.8845757E-03 9.9431176E-02 4.9147251E-02 1.8839815E-04 1.5873254E+00 1.8733547E+01 -7.4115040E-02
3.1381000E+02 2.5927000E+02 8.6700000E+00 4.3800000E+02 10 5.4907796E+01 2.6887918E-01 6.2302641E-01 -2.8264463E-02 1.6484399E-02 1.5278789E-02 1.4643684E-02 1.1377791E-03 3.0410982E-04 9.0677717E-03 2.1356673E-04 8.8918168E-03 9.8820565E-02 4.9191893E-02 1.8709629E-04 1.5897620E+00 1.8738066E+01 -7.3502095E-02
3.1381000E+02 2.5927000E+02 8.6700000E+00 4.4300000E+02 10 5.4970223E+01 2.4427321E-01 5.4917266E-01 -1.6254177E-02 1.3938934E-02 1.3616759E-02 1.2986894E-02 1.1283935E-03 2.8205617E-04 7.7625368E-03 2.1180501E-04 7.6585898E-03 8.8745366E-02 4.1595997E-02 1.5322552E-04 1.5213811E+00 1.8918744E+01 -7.8903693E-02
3.1381000E+02 2.5927000E+02 8.6700000E+00 4.4400000E+02 10 5.4973549E+01 2.6011578E-01 5.7670452E-01 -1.3573419E-02 1.6689738E-02 1.5509400E-02 1.4880579E-02 1.1265231E-03 3.0396845E-04 9.1626264E-03 2.1145393E-04 8.9856884E-03 8.6510446E-02 4.9806458E-02 1.9105657E-04 1.6360327E+00 1.8662644E+01 -6.2082779E-02
3.1381000E+02 2.5927000E+02 8.6700000E+00 4.4500000E+02 10 5.4986601E+01 2.5818716E-01 5.6724790E-01 -1.0685277E-02 1.6704824E-02 1.5547545E-02 1.4919543E-02 1.1250555E-03 3.0646888E-04 9.1691732E-03 2.1117846E-04 8.9920797E-03 8.4082123E-02 4.9851563E-02 1.8935318E-04 1.6454669E+00 1.8663609E+01 -5.9943490E-02
3.1381000E+02 2.5927000E+02 8.6700000E+00 4.5000000E+02 10 5.5051312E+01 2.3464433E-01 4.9458837E-01 1.9505462E-03 1.4420313E-02 1.4101669E-02 1.3475243E-02 1.1222311E-03 2.8746383E-04 8.0007696E-03 2.1064829E-04 7.8900890E-03 7.3421560E-02 4.3034237E-02 1.5863362E-04 1.5807631E+00 1.8844222E+01 -6.3306952E-02
3.1381000E+02 2.5927000E+02 8.6700000E+00 4.5300000E+02 10 5.5078221E+01 2.3865753E-01 4.9048783E-01 8.8472488E-03 1.5834765E-02 1.5247962E-02 1.4622752E-02 1.1200530E-03 2.9909972E-04 8.7160510E-03 2.1023945E-04 8.5762317E-03 6.7621876E-02 4.7257686E-02 1.7713474E-04 1.6707935E+00 1.8691069E+01 -5.0484901E-02
3.1381000E+02 2.5927000E+02 8.6700000E+00 4.5400000E+02 10 5.5084638E+01 2.4442046E-01 4.9911749E-01 1.1063247E-02 1.7018958E-02 1.6240103E-02 1.5615307E-02 1.1193120E-03 3.0787724E-04 9.3145884E-03 2.1010037E-04 9.1527232E-03 6.5761678E-02 5.0794028E-02 1.9055357E-04 1.7510743E+00 1.8522988E+01 -4.2162622E-02
3.1381000E+02 2.5927000E+02 8.6700000E+00 4.5900000E+02 10 5.5138426E+01 2.1966888E-01 4.2872504E-01 2.0980366E-02 1.4206669E-02 1.4376854E-02 1.3755810E-02 1.1125903E-03 2.8116954E-04 7.8762290E-03 2.0883867E-04 7.7909995E-03 5.7429402E-02 4.2400547E-02 1.5426570E-04 1.6304210E+00 1.8798342E+01 -5.0480355E-02
3.1381000E+02 2.5927000E+02 8.6700000E+00 4.6400000E+02 10 5.5172950E+01 2.1241317E-01 4.0051237E-01 2.8373685E-02 1.3916269E-02 1.4393166E-02 1.3774323E-02 1.1086484E-03 2.7204617E-04 7.7205615E-03 2.0809875E-04 7.6539297E-03 5.1226068E-02 4.1535801E-02 1.5308135E-04 1.6432572E+00 1.8783280E+01 -4.6547887E-02
3.1381000E+02 2.5927000E+02 8.6700000E+00 4.6900000E+02 10 5.5198341E+01 2.0704735E-01 3.7982956E-01 3.3815419E-02 1.3702073E-02 1.4430084E-02 1.3813178E-02 1.1051767E-03 2.6388341E-04 7.6053342E-03 2.0744710E-04 7.5524084E-03 4.6669241E-02 4.0897909E-02 1.5207585E-04 1.6539997E+00 1.8770597E+01 -4.3628070E-02
3.1381000E+02 2.5927000E+02 8.6700000E+00 4.7400000E+02 10 5.5217171E+01 2.0290406E-01 3.6430103E-01 3.7840065E-02 1.3519089E-02 1.4465293E-02 1.3850266E-02 1.1018103E-03 2.5654604E-04 7.5069767E-03 2.0681521E-04 7.4649668E-03 4.3309101E-02 4.0352830E-02 1.5099716E-04 1.6614821E+00 1.8761951E+01 -4.1574881E-02
3.1381000E+02 2.5927000E+02 8.6700000E+00 4.7900000E+02 10 5.5231280E+01 1.9962913E-01 3.5243073E-01 4.0843251E-02 1.3355567E-02 1.4490515E-02 1.3877338E-02 1.0984962E-03 2.5010371E-04 7.4191950E-03 2.0619314E-04 7.3862051E-03 4.0811316E-02 3.9865577E-02 1.4989246E-04 1.6659705E+00 1.8756921E+01 -4.0174519E-02
3.1381000E+02 2.5927000E+02 8.6700000E+00 4.8100000E+02 10 5.5231315E+01 2.0839549E-01 3.7056787E-01 4.1903114E-02 1.4958871E-02 1.5853613E-02 1.5241171E-02 1.0971789E-03 2.6078266E-04 8.2298716E-03 2.0594587E-04 8.1657101E-03 3.9941214E-02 4.4652963E-02 1.7192243E-04 1.7926938E+00 1.8543257E+01 -3.0261827E-02
3.1381000E+02 2.5927000E+02 8.6700000E+00 4.8200000E+02 10 5.5232277E+01 2.1060192E-01 3.7508193E-01 4.2400248E-02 1.5405576E-02 1.6294590E-02 1.5682515E-02 1.0965224E-03 2.6343002E-04 8.4545113E-03 2.0582265E-04 8.3838196E-03 3.9531193E-02 4.5987020E-02 1.7674204E-04 1.8390704E+00 1.8461649E+01 -2.7245259E-02
3.1381000E+02 2.5927000E+02 8.6700000E+00 4.8700000E+02 10 5.5249393E+01 1.9278344E-01 3.3237341E-01 4.4398865E-02 1.2698143E-02 1.4232032E-02 1.3622123E-02 1.0926411E-03 2.3908795E-04 7.0775024E-03 2.0509411E-04 7.0674766E-03 3.7871342E-02 3.7903840E-02 1.4104482E-04 1.6429803E+00 1.8796940E+01 -4.1009068E-02
3.1381000E+02 2.5927000E+02 8.6700000E+00 4.9200000E+02 10 5.5256848E+01 1.9040707E-01 3.2456154E-01 4.5921808E-02 1.2486103E-02 1.4094674E-02 1.3486382E-02 1.0897455E-03 2.3296345E-04 6.9674023E-03 2.0455059E-04 6.9631476E-03 3.6621015E-02 3.7271117E-02 1.4131525E-04 1.6355092E+00 1.8801859E+01 -4.1152301E-02
3.1381000E+02 2.5927000E+02 8.6700000E+00 4.9700000E+02 10 5.5262320E+01 1.8914732E-01 3.1952653E-01 4.7103840E-02 1.2401006E-02 1.4015077E-02 1.3408371E-02 1.0869047E-03 2.2920488E-04 6.9231377E-03 2.0401736E-04 6.9188522E-03 3.5657231E-02 3.7016920E-02 1.4185550E-04 1.6337370E+00 1.8801497E+01 -4.0902387E-02
3.1381000E+02 2.5927000E+02 8.6700000E+00 5.0200000E+02 10 5.5266548E+01 1.8832340E-01 3.1584703E-01 4.8040481E-02 1.2355666E-02 1.3961317E-02 1.3356200E-02 1.0840562E-03 2.2657015E-04 6.8993479E-03 2.0348269E-04 6.8935218E-03 3.4899746E-02 3.6881380E-02 1.4212502E-04 1.6334166E+00 1.8800613E+01 -4.0609473E-02
3.1381000E+02 2.5927000E+02 8.6700000E+00 5.0500000E+02 10 5.5265411E+01 1.9460696E-01 3.2887666E-01 4.8530448E-02 1.3452910E-02 1.4804911E-02 1.4200749E-02 1.0823452E-03 2.3528899E-04 7.4564237E-03 2.0316151E-04 7.4231161E-03 3.4512387E-02 4.0156795E-02 1.5756827E-04 1.7100088E+00 1.8678326E+01 -3.4189634E-02
3.1381000E+02 2.5927000E+02 8.6700000E+00 5.0600000E+02 10 5.5262977E+01 2.0076664E-01 3.4259589E-01 4.8686325E-02 1.4508202E-02 1.5686835E-02 1.5082992E-02 1.0817747E-03 2.4267560E-04 7.9906887E-03 2.0305443E-04 7.9359302E-03 3.4393313E-02 4.3307856E-02 1.7143190E-04 1.7992767E+00 1.8520310E+01 -2.8069166E-02
3.1381000E+02 2.5927000E+02 8.6700000E+00 5.1100000E+02 10 5.5273838E+01 1.8444320E-01 3.0510566E-01 4.9371331E-02 1.1866160E-02 1.3612616E-02 1.3011092E-02 1.0776201E-03 2.2056801E-04 6.6480103E-03 2.0227460E-04 6.6497507E-03 3.3841295E-02 3.5419827E-02 1.3484882E-04 1.6077568E+00 1.8841134E+01 -4.2496347E-02
3.1381000E+02 2.5927000E+02 8.6700000E+00 5.1600000E+02 10 5.5276458E+01 1.8369624E-01 3.0199738E-01 4.9933449E-02 1.1778795E-02 1.3469305E-02 1.2869431E-02 1.0746632E-03 2.1745573E-04 6.6035955E-03 2.0171957E-04 6.6031363E-03 3.3400038E-02 3.5158751E-02 1.3621203E-04 1.6022356E+00 1.8843667E+01 -4.2810238E-02
3.1381000E+02 2.5927000E+02 8.6700000E+00 5.2100000E+02 10 5.5278399E+01 1.8358638E-01 3.0035295E-01 5.0407962E-02 1.1779630E-02 1.3385930E-02 1.2787638E-02 1.0718304E-03 2.1602476E-04 6.6045074E-03 2.0118784E-04 6.5988121E-03 3.3030991E-02 3.5160758E-02 1.3736989E-04 1.6015127E+00 1.8842238E+01 -4.2706580E-02
3.1381000E+02 2.5927000E+02 8.6700000E+00 5.2600000E+02 10 5.5280009E+01 1.8358379E-01 2.9914812E-01 5.0815879E-02 1.1793858E-02 1.3328808E-02 1.2732101E-02 1.0689896E-03 2.1517117E-04 6.6119437E-03 2.0065461E-04 6.6012979E-03 3.2717445E-02 3.5202850E-02 1.3802433E-04 1.6017219E+00 1.8840886E+01 -4.2541738E-02
3.1381000E+02 2.5927000E+02 8.6700000E+00 5.3100000E+02 10 5.5281416E+01 1.8354968E-01 2.9807219E-01 5.1171254E-02 1.1802055E-02 1.3283395E-02 1.2688274E-02 1.0661490E-03 2.1448498E-04 6.6159600E-03 2.0012142E-04 6.6012764E-03 3.2447628E-02 3.5227056E-02 1.3832283E-04 1.6017666E+00 1.8840322E+01 -4.2413264E-02
3.1381000E+02 2.5927000E+02 8.6700000E+00 5.3600000E+02 10 5.5282666E+01 1.8347741E-01 2.9706686E-01 5.1484096E-02 1.1803217E-02 1.3244264E-02 1.2650714E-02 1.0633340E-03 2.1385573E-04 6.6161321E-03 1.9959302E-04 6.5981887E-03 3.2213017E-02 3.5230334E-02 1.3843353E-04 1.6015174E+00 1.8840351E+01 -4.2328787E-02
3.1381000E+02 2.5927000E+02 8.6700000E+00 5.4100000E+02 10 5.5283782E+01 1.8338509E-01 2.9613300E-01 5.1761850E-02 1.1799940E-02 1.3209365E-02 1.2617363E-02 1.0605623E-03 2.1327072E-04 6.6138613E-03 1.9907276E-04 6.5932178E-03 3.2007272E-02 3.5220398E-02 1.3845809E-04 1.6010650E+00 1.8840705E+01 -4.2276575E-02
3.1381000E+02 2.5927000E+02 8.6700000E+00 5.4600000E+02 10 5.5284779E+01 1.8328877E-01 2.9527707E-01 5.2010238E-02 1.1794553E-02 1.3177778E-02 1.2587294E-02 1.0578426E-03 2.1273505E-04 6.6104056E-03 1.9856226E-04 6.5874218E-03 3.1825550E-02 3.5204186E-02 1.3844302E-04 1.6005079E+00 1.8841227E+01 -4.2245050E-02
3.1381000E+02 2.5927000E+02 8.6700000E+00 5.5100000E+02 10 5.5285673E+01 1.8319734E-01 2.9449978E-01 5.2233764E-02 1.1788489E-02 1.3148969E-02 1.2559973E-02 1.0551772E-03 2.1225511E-04 6.6065328E-03 1.9806196E-04 6.5814528E-03 3.1664073E-02 3.5185963E-02 1.3841352E-04 1.5999106E+00 1.8841814E+01 -4.2226420E-02
3.1381000E+02 2.5927000E+02 8.6700000E+00 5.5600000E+02 10 5.5286474E+01 1.8311533E-01 2.9379766E-01 5.2436048E-02 1.1782536E-02 1.3122555E-02 1.2535016E-02 1.0525654E-03 2.1183228E-04 6.6026774E-03 1.9757171E-04 6.5756555E-03 3.1519827E-02 3.5168077E-02 1.3837987E-04 1.5993100E+00 1.8842411E+01 -4.2215844E-02
3.1381000E+02 2.5927000E+02 8.6700000E+00 5.6100000E+02 10 5.5287196E+01 1.8304426E-01 2.9316472E-01 5.2620044E-02 1.1777067E-02 1.3098232E-02 1.2512123E-02 1.0500050E-03 2.1146323E-04 6.5990477E-03 1.9709111E-04 6.5701881E-03 3.1390361E-02 3.5151643E-02 1.3834597E-04 1.5987250E+00 1.8843001E+01 -4.2210467E-02
3.1381000E+02 2.5927000E+02 8.6700000E+00 5.6600000E+02 10 5.5287848E+01 1.8298431E-01 2.9259424E-01 5.2788205E-02 1.1772241E-02 1.3075745E-02 1.2491037E-02 1.0474933E-03 2.1114457E-04 6.5957339E-03 1.9661964E-04 6.5651124E-03 3.1273652E-02 3.5137128E-02 1.3831474E-04 1.5981642E+00 1.8843567E+01 -4.2208559E-02
3.1381000E+02 2.5927000E+02 8.6700000E+00 5.7100000E+02 10 5.5288439E+01 1.8293478E-01 2.9207930E-01 5.2942588E-02 1.1768084E-02 1.3054873E-02 1.2471542E-02 1.0450275E-03 2.1087101E-04 6.5927596E-03 1.9615680E-04 6.5604292E-03 3.1168005E-02 3.5124618E-02 1.3828583E-04 1.5976303E+00 1.8844107E+01 -4.2209108E-02
3.1381000E+02 2.5927000E+02 8.6700000E+00 5.7600000E+02 10 5.5288977E+01 1.8289480E-01 2.9161355E-01 5.3084939E-02 1.1764577E-02 1.3035427E-02 1.2453448E-02 1.0426051E-03 2.1063583E-04 6.5901213E-03 1.9570210E-04 6.5561166E-03 3.1071985E-02 3.5114048E-02 1.3825927E-04 1.5971236E+00 1.8844621E+01 -4.2211454E-02
3.1381000E+02 2.5927000E+02 8.6700000E+00 5.8100000E+02 10 5.5289468E+01 1.8286324E-01 2.9119102E-01 5.3216748E-02 1.1761660E-02 1.3017239E-02 1.2436589E-02 1.0402237E-03 2.1043499E-04 6.5877889E-03 1.9525510E-04 6.5521428E-03 3.0984367E-02 3.5105241E-02 1.3823489E-04 1.5966422E+00 1.8845110E+01 -4.2215208E-02
3.1381000E+02 2.5927000E+02 8.6700000E+00 5.8200000E+02 10 5.5282336E+01 1.9738278E-01 3.2283601E-01 5.3242700E-02 1.4144794E-02 1.4807241E-02 1.4226857E-02 1.0397490E-03 2.2833776E-04 7.7994392E-03 1.9516600E-04 7.7055292E-03 3.0981493E-02 4.2219788E-02 1.7241951E-04 1.7660539E+00 1.8549004E+01 -2.9006162E-02
3.1381000E+02 2.5927000E+02 8.6700000E+00 5.8700000E+02 10 5.5290318E+01 1.8200285E-01 2.8937661E-01 5.3312911E-02 1.1647339E-02 1.2969298E-02 1.2387237E-02 1.0427537E-03 2.1073731E-04 6.5314855E-03 1.9573000E-04 6.4984675E-03 3.0891535E-02 3.4763821E-02 1.3541320E-04 1.5912845E+00 1.8855717E+01 -4.2685446E-02
3.1381000E+02 2.5927000E+02 8.6700000E+00 5.9200000E+02 10 5.5290688E+01 1.8195186E-01 2.8901278E-01 5.3398249E-02 1.1644816E-02 1.2947539E-02 1.2365129E-02 1.0433788E-03 2.1044589E-04 6.5310448E-03 1.9584733E-04 6.4972706E-03 3.0821553E-02 3.4756260E-02 1.3636848E-04 1.5909658E+00 1.8853678E+01 -4.2682725E-02
3.1381000E+02 2.5927000E+02 8.6700000E+00 5.9700000E+02 10 5.5290903E+01 1.8216238E-01 2.8913802E-01 5.3481390E-02 1.1677352E-02 1.2944280E-02 1.2361985E-02 1.0431704E-03 2.1078435E-04 6.5481670E-03 1.9580821E-04 6.5120678E-03 3.0758719E-02 3.4853223E-02 1.3708299E-04 1.5924329E+00 1.8850643E+01 -4.2514244E-02
3.1381000E+02 2.5927000E+02 8.6700000E+00 6.0200000E+02 10 5.5291102E+01 1.8234927E-01 2.8927174E-01 5.3558703E-02 1.1707018E-02 1.2948381E-02 1.2366329E-02 1.0427358E-03 2.1120567E-04 6.5635216E-03 1.9572664E-04 6.5254928E-03 3.0701929E-02 3.4941676E-02 1.3744995E-04 1.5939070E+00 1.8848312E+01 -4.2349295E-02
3.1381000E+02 2.5927000E+02 8.6700000E+00 6.0700000E+02 10 5.5291323E+01 1.8245376E-01 2.8929104E-01 5.3631757E-02 1.1725427E-02 1.2952921E-02 1.2371197E-02 1.0421497E-03 2.1152535E-04 6.5729022E-03 1.9561663E-04 6.5335317E-03 3.0649566E-02 3.4996579E-02 1.3757453E-04 1.5948876E+00 1.8846924E+01 -4.2233690E-02
3.1381000E+02 2.5927000E+02 8.6700000E+00 6.1200000E+02 10 5.5291561E+01 1.8249443E-01 2.8920991E-01 5.3702191E-02 1.1734647E-02 1.2955397E-02 1.2374089E-02 1.0414035E-03 2.1172892E-04 6.5774310E-03 1.9547656E-04 6.5370880E-03 3.0600463E-02 3.5024076E-02 1.3757581E-04 1.5954052E+00 1.8846225E+01 -4.2163261E-02
3.1381000E+02 2.5927000E+02 8.6700000E+00 6.1700000E+02 10 5.5291807E+01 1.8249876E-01 2.8906593E-01 5.3770981E-02 1.1738195E-02 1.2955293E-02 1.2374491E-02 1.0404958E-03 2.1184430E-04 6.5789646E-03 1.9530618E-04 6.5377840E-03 3.0553881E-02 3.5034646E-02 1.3752556E-04 1.5955981E+00 1.8845952E+01 -4.2124287E-02
3.1381000E+02 2.5927000E+02 8.6700000E+00 6.2200000E+02 10 5.5292052E+01 1.8248693E-01 2.8888960E-01 5.3838585E-02 1.1738746E-02 1.2952816E-02 1.2372604E-02 1.0394400E-03 2.1190736E-04 6.5789040E-03 1.9510801E-04 6.5368866E-03 3.0509365E-02 3.5036262E-02 1.3745899E-04 1.5955872E+00 1.8845930E+01 -4.2105088E-02
3.1381000E+02 2.5927000E+02 8.6700000E+00 6.2700000E+02 10 5.5292294E+01 1.8247031E-01 2.8869980E-01 5.3905169E-02 1.1737914E-02 1.2948383E-02 1.2368831E-02 1.0382571E-03 2.1194154E-04 6.5780916E-03 1.9488596E-04 6.5351840E-03 3.0466628E-02 3.5033740E-02 1.3739183E-04 1.5954537E+00 1.8846051E+01 -4.2097907E-02
3.1381000E+02 2.5927000E+02 8.6700000E+00 6.3200000E+02 10 5.5292528E+01 1.8245469E-01 2.8850722E-01 5.3970763E-02 1.1736586E-02 1.2942422E-02 1.2363589E-02 1.0369695E-03 2.1196197E-04 6.5769988E-03 1.9464427E-04 6.5331171E-03 3.0425474E-02 3.5029728E-02 1.3732999E-04 1.5952483E+00 1.8846255E+01 -4.2097941E-02
3.1381000E+02 2.5927000E+02 8.6700000E+00 6.3700000E+02 10 5.5292755E+01 1.8244253E-01 2.8831734E-01 5.4035349E-02 1.1735206E-02 1.2935313E-02 1.2357246E-02 1.0355979E-03 2.1197741E-04 6.5758649E-03 1.9438683E-04 6.5309171E-03 3.0385759E-02 3.5025552E-02 1.3727522E-04 1.5950012E+00 1.8846504E+01 -4.2102339E-02
3.1381000E+02 2.5927000E+02 8.6700000E+00 6.4200000E+02 10 5.5292975E+01 1.8243486E-01 2.8813302E-01 5.4098899E-02 1.1733993E-02 1.2927366E-02 1.2350101E-02 1.0341604E-03 2.1199181E-04 6.5748099E-03 1.9411699E-04 6.5287072E-03 3.0347363E-02 3.5021867E-02 1.3722720E-04 1.5947310E+00 1.8846781E+01 -4.2109339E-02
3.1381000E+02 2.5927000E+02 8.6700000E+00 6.4700000E+02 10 5.5293186E+01 1.8243173E-01 2.8795540E-01 5.4161394E-02 1.1733032E-02 1.2918821E-02 1.2342387E-02 1.0326717E-03 2.1200747E-04 6.5738803E-03 1.9383755E-04 6.5265483E-03 3.0310190E-02 3.5018932E-02 1.3718545E-04 1.5944487E+00 1.8847070E+01 -4.2117895E-02
3.1381000E+02 2.5927000E+02 8.6700000E+00 6.5000000E+02 10 5.5289825E+01 1.8943620E-01 3.0310573E-01 5.4198506E-02 1.2885521E-02 1.3753746E-02 1.3177819E-02 1.0317629E-03 2.2271661E-04 7.1613702E-03 1.9366697E-04 7.0814947E-03 3.0295141E-02 3.8458859E-02 1.5318625E-04 1.6677935E+00 1.8730682E+01 -3.5788857E-02
