x y z_datum Time Well_no H2O H O Charge Al C Ca Cl Fe K Mg Na S Si U pH pe Alkalinity
3.1381000E+02 2.5927000E+02 8.6700000E+00 0.0000000E+00 10 9.9704301E-01 7.2098600E-06 6.6484776E-04 -3.2324431E-06 0.0000000E+00 1.0067647E-04 6.3262499E-05 4.3211171E-04 0.0000000E+00 2.8240956E-04 5.5605062E-05 2.2967748E-04 1.4127542E-04 0.0000000E+00 0.0000000E+00 7.0300000E+00 1.1068788E+01 7.1999443E-03
3.1381000E+02 2.5927000E+02 8.6700000E+00 5.0000000E+00 10 5.5328670E+01 1.8948504E-02 6.2120161E-02 -3.0319608E-03 0.0000000E+00 7.2974002E-03 1.3742422E-03 1.0611238E-02 0.0000000E+00 6.2884629E-03 1.9917815E-03 8.6977357E-03 1.0304954E-02 0.0000000E+00 0.0000000E+00 2.3966185E+00 1.7984444E+01 -6.4910433E-03
3.1381000E+02 2.5927000E+02 8.6700000E+00 1.0000000E+01 10 5.5309826E+01 3.3015120E-02 1.0571573E-01 -2.7404461E-03 1.1000642E-03 7.8563369E-03 3.2132080E-03 8.3180869E-03 1.5446616E-05 5.4717369E-03 1.5613458E-03 7.3700026E-03 1.8896716E-02 3.2891808E-03 1.5821704E-05 2.0036043E+00 1.8421354E+01 -1.7695389E-02
3.1381000E+02 2.5927000E+02 8.6700000E+00 1.5000000E+01 10 5.5286662E+01 5.8541273E-02 1.5539722E-01 -2.4834818E-03 2.7440512E-03 8.1110885E-03 4.5962795E-03 6.2967209E-03 3.7261003E-05 5.0965621E-03 1.1819255E-03 6.5240939E-03 2.6470855E-02 8.2008022E-03 3.9068834E-05 1.8751033E+00 1.8569589E+01 -2.5330674E-02
3.1381000E+02 2.5927000E+02 8.6700000E+00 2.0000000E+01 10 5.5267829E+01 8.0581520E-02 1.9578085E-01 -2.2903745E-03 4.1923476E-03 8.2732482E-03 5.6063659E-03 4.7776746E-03 5.9252492E-05 4.9263413E-03 8.9679302E-04 5.9872635E-03 3.2163287E-02 1.2525805E-02 5.9595475E-05 1.8152510E+00 1.8638828E+01 -3.0268673E-02
3.1381000E+02 2.5927000E+02 8.6700000E+00 2.5000000E+01 10 5.5254196E+01 9.6857736E-02 2.2547797E-01 -2.1545044E-03 5.3122226E-03 8.4170916E-03 6.3468094E-03 3.7088757E-03 7.8154026E-05 4.8593230E-03 6.9617421E-04 5.6565746E-03 3.6168765E-02 1.5869245E-02 7.5287514E-05 1.7855687E+00 1.8673061E+01 -3.3275971E-02
3.1381000E+02 2.5927000E+02 8.6700000E+00 3.0000000E+01 10 5.5244630E+01 1.0841328E-01 2.4666447E-01 -2.0608225E-03 6.1360182E-03 8.5593345E-03 6.9004056E-03 2.9719431E-03 9.3092338E-05 4.8398385E-03 5.5784834E-04 5.4529794E-03 3.8930689E-02 1.8328446E-02 8.6584075E-05 1.7706677E+00 1.8690241E+01 -3.5054322E-02
3.1381000E+02 2.5927000E+02 8.6700000E+00 3.5000000E+01 10 5.5237948E+01 1.1653220E-01 2.6171932E-01 -1.9959743E-03 6.7315362E-03 8.6999146E-03 7.3257317E-03 2.4618255E-03 1.0438803E-04 4.8392379E-03 4.6209675E-04 5.3242161E-03 4.0842641E-02 2.0106129E-02 9.4535486E-05 1.7632588E+00 1.8698831E+01 -3.6098697E-02
3.1381000E+02 2.5927000E+02 8.6700000E+00 4.0000000E+01 10 5.5233236E+01 1.2226542E-01 2.7252536E-01 -1.9503150E-03 7.1616884E-03 8.8357563E-03 7.6620614E-03 2.1026546E-03 1.1279053E-04 4.8442099E-03 3.9467861E-04 5.2389399E-03 4.2188902E-02 2.1390195E-02 1.0011648E-04 1.7597016E+00 1.8703032E+01 -3.6716273E-02
3.1381000E+02 2.5927000E+02 8.6700000E+00 4.5000000E+01 10 5.5229853E+01 1.2636733E-01 2.8041853E-01 -1.9173937E-03 7.4750385E-03 8.9643758E-03 7.9352369E-03 1.8436850E-03 1.1904202E-04 4.8492701E-03 3.4606874E-04 5.1791776E-03 4.3159630E-02 2.2325630E-02 1.0406644E-04 1.7581345E+00 1.8704970E+01 -3.7087134E-02
3.1381000E+02 2.5927000E+02 8.6700000E+00 5.0000000E+01 10 5.5227375E+01 1.2935370E-01 2.8630692E-01 -1.8930156E-03 7.7064257E-03 9.0843812E-03 8.1622857E-03 1.6519184E-03 1.2371636E-04 4.8525393E-03 3.1007322E-04 5.1347797E-03 4.3878486E-02 2.3016424E-02 1.0690299E-04 1.7575886E+00 1.8705744E+01 -3.7314770E-02
3.1381000E+02 2.5927000E+02 8.6700000E+00 5.5000000E+01 10 5.5225516E+01 1.3157124E-01 2.9079949E-01 -1.8744672E-03 7.8801205E-03 9.1952309E-03 8.3545807E-03 1.5060107E-03 1.2724135E-04 4.8537035E-03 2.8268562E-04 5.0999990E-03 4.4425461E-02 2.3535015E-02 1.0897716E-04 1.7575559E+00 1.8705925E+01 -3.7458379E-02
3.1381000E+02 2.5927000E+02 8.6700000E+00 6.0000000E+01 10 5.5224089E+01 1.3325233E-01 2.9430470E-01 -1.8599819E-03 8.0128670E-03 9.2969266E-03 8.5198809E-03 1.3920642E-03 1.2994801E-04 4.8530481E-03 2.6129730E-04 5.0715362E-03 4.4852641E-02 2.3931375E-02 1.1052414E-04 1.7577696E+00 1.8705812E+01 -3.7551968E-02
3.1381000E+02 2.5927000E+02 8.6700000E+00 6.5000000E+01 10 5.5222970E+01 1.3455344E-01 2.9709834E-01 -1.8483941E-03 8.1161885E-03 9.3897859E-03 8.6636216E-03 1.3009112E-03 1.3205955E-04 4.8509902E-03 2.4418742E-04 5.0474605E-03 4.5194382E-02 2.4239895E-02 1.1170134E-04 1.7580879E+00 1.8705571E+01 -3.7615405E-02
3.1381000E+02 2.5927000E+02 8.6700000E+00 6.6000000E+01 10 5.5216857E+01 1.4665918E-01 3.2598062E-01 -1.8461840E-03 1.0188194E-02 1.1397853E-02 1.0681394E-02 1.2835257E-03 1.5123738E-04 5.8790518E-03 2.4092409E-04 6.0537383E-03 4.5276990E-02 3.0429685E-02 1.4502016E-04 1.9455162E+00 1.8407322E+01 -2.5340411E-02
3.1381000E+02 2.5927000E+02 8.6700000E+00 6.7000000E+01 10 5.5216721E+01 1.4675812E-01 3.2615621E-01 -1.8440737E-03 1.0183807E-02 1.1389273E-02 1.0682079E-02 1.2669250E-03 1.5334897E-04 5.8676494E-03 2.3780806E-04 6.0371558E-03 4.5338163E-02 3.0416218E-02 1.4285418E-04 1.9428948E+00 1.8421684E+01 -2.5497375E-02
3.1381000E+02 2.5927000E+02 8.6700000E+00 7.2000000E+01 10 5.5219126E+01 1.3573211E-01 3.0002398E-01 -1.8047426E-03 8.0234405E-03 9.3612075E-03 8.6922529E-03 1.1984210E-03 1.3368711E-04 4.7434857E-03 2.2494952E-04 4.9180262E-03 4.6108265E-02 2.3962754E-02 1.0813581E-04 1.7329029E+00 1.8883325E+01 -3.9900666E-02
3.1381000E+02 2.5927000E+02 8.6700000E+00 7.7000000E+01 10 5.5213715E+01 1.3845722E-01 3.0600773E-01 -1.7550851E-03 8.1445333E-03 9.4189737E-03 8.7821362E-03 1.1408835E-03 1.4696785E-04 4.7715053E-03 2.1414944E-04 4.9287970E-03 4.7084833E-02 2.4323941E-02 1.3575716E-04 1.7204419E+00 1.8960445E+01 -4.1228060E-02
3.1381000E+02 2.5927000E+02 8.6700000E+00 8.2000000E+01 10 5.5208604E+01 1.4145337E-01 3.1244220E-01 -1.7108745E-03 8.3373328E-03 9.5143262E-03 8.9048735E-03 1.0918243E-03 1.6563043E-04 4.8413174E-03 2.0494079E-04 4.9808168E-03 4.7961351E-02 2.4898969E-02 1.6833960E-04 1.7147832E+00 1.8999506E+01 -4.1972930E-02
3.1381000E+02 2.5927000E+02 8.6700000E+00 8.7000000E+01 10 5.5204587E+01 1.4396396E-01 3.1783455E-01 -1.6767298E-03 8.5156303E-03 9.6109475E-03 9.0251448E-03 1.0494555E-03 1.8337239E-04 4.9075409E-03 1.9698795E-04 5.0315144E-03 4.8650546E-02 2.5430775E-02 1.9657640E-04 1.7122761E+00 1.9020297E+01 -4.2397779E-02
3.1381000E+02 2.5927000E+02 8.6700000E+00 9.1000000E+01 10 5.5200611E+01 1.4856914E-01 3.2824731E-01 -1.6555625E-03 9.1418760E-03 1.0129137E-02 9.5602593E-03 1.0191348E-03 2.0728549E-04 5.2058795E-03 1.9129662E-04 5.3121250E-03 4.9101714E-02 2.7300556E-02 2.3285710E-04 1.7460014E+00 1.8991252E+01 -3.9665970E-02
3.1381000E+02 2.5927000E+02 8.6700000E+00 9.2000000E+01 10 5.5195449E+01 1.5819541E-01 3.5087974E-01 -1.6506424E-03 1.0754854E-02 1.1614947E-02 1.1050181E-02 1.0117678E-03 2.4571515E-04 6.0117102E-03 1.8991379E-04 6.0983315E-03 4.9259144E-02 3.2118416E-02 2.9917441E-04 1.8751376E+00 1.8847400E+01 -3.0350813E-02
3.1381000E+02 2.5927000E+02 8.6700000E+00 9.7000000E+01 10 5.5195663E+01 1.4707021E-01 3.2569504E-01 -2.1332809E-03 8.5557737E-03 9.6218325E-03 9.0751942E-03 9.7929329E-04 2.0601208E-04 4.8879339E-03 1.8381817E-04 4.9914825E-03 5.0357076E-02 2.5549805E-02 2.2413794E-04 1.6886955E+00 1.9071366E+01 -4.5093731E-02
3.1381000E+02 2.5927000E+02 8.6700000E+00 1.0200000E+02 10 5.5187731E+01 1.5015518E-01 3.3346934E-01 -2.8121434E-03 8.7043125E-03 9.6813097E-03 9.1507769E-03 9.5044059E-04 2.1743133E-04 4.9472829E-03 1.7840237E-04 5.0385829E-03 5.1753909E-02 2.5992732E-02 2.4343388E-04 1.6794803E+00 1.9093084E+01 -4.6451517E-02
3.1381000E+02 2.5927000E+02 8.6700000E+00 1.0700000E+02 10 5.5180619E+01 1.5324545E-01 3.4103035E-01 -3.4227878E-03 8.8945367E-03 9.7645535E-03 9.2484259E-03 9.2463377E-04 2.2960293E-04 5.0297328E-03 1.7355831E-04 5.1082012E-03 5.2975698E-02 2.6559978E-02 2.6127548E-04 1.6750311E+00 1.9106450E+01 -4.7313456E-02
3.1381000E+02 2.5927000E+02 8.6700000E+00 1.1200000E+02 10 5.5175149E+01 1.5576006E-01 3.4711883E-01 -3.8850132E-03 9.0629181E-03 9.8447606E-03 9.3415930E-03 9.0141623E-04 2.4070512E-04 5.1023583E-03 1.6920026E-04 5.1696725E-03 5.3912907E-02 2.7062126E-02 2.7597402E-04 1.6729260E+00 1.9114367E+01 -4.7852958E-02
3.1381000E+02 2.5927000E+02 8.6700000E+00 1.1700000E+02 10 5.5171188E+01 1.5765624E-01 3.5168802E-01 -4.2105127E-03 9.1953091E-03 9.9136663E-03 9.4222187E-03 8.8042010E-04 2.5000396E-04 5.1577160E-03 1.6525918E-04 5.2158962E-03 5.4596710E-02 2.7456978E-02 2.8726206E-04 1.6719225E+00 1.9119075E+01 -4.8195555E-02
3.1381000E+02 2.5927000E+02 8.6700000E+00 1.2200000E+02 10 5.5168362E+01 1.5906017E-01 3.5506337E-01 -4.4342703E-03 9.2959204E-03 9.9712988E-03 9.4904990E-03 8.6134479E-04 2.5751359E-04 5.1978355E-03 1.6167865E-04 5.2485843E-03 5.5091823E-02 2.7757077E-02 2.9567896E-04 1.6714512E+00 1.9121923E+01 -4.8418377E-02
3.1381000E+02 2.5927000E+02 8.6700000E+00 1.2400000E+02 10 5.5162326E+01 1.6977201E-01 3.7946321E-01 -4.5098572E-03 1.1038007E-02 1.1435356E-02 1.0958653E-02 8.5400428E-04 3.0437828E-04 6.0720106E-03 1.6030080E-04 6.0940686E-03 5.5330568E-02 3.2959214E-02 3.7150913E-04 1.7820000E+00 1.9000342E+01 -3.8679914E-02
3.1381000E+02 2.5927000E+02 8.6700000E+00 1.2500000E+02 10 5.5160431E+01 1.7291323E-01 3.8684395E-01 -4.5444637E-03 1.1550393E-02 1.1904007E-02 1.1429314E-02 8.5040431E-04 3.1896034E-04 6.3276717E-03 1.5962507E-04 6.3422597E-03 5.5429641E-02 3.4489471E-02 3.9120323E-04 1.8201622E+00 1.8959049E+01 -3.5788204E-02
3.1381000E+02 2.5927000E+02 8.6700000E+00 1.3000000E+02 10 5.5165913E+01 1.5944814E-01 3.5659722E-01 -4.6607388E-03 9.2404167E-03 9.9547878E-03 9.4895459E-03 8.3347297E-04 2.6343142E-04 5.1537578E-03 1.5644698E-04 5.1980119E-03 5.5629161E-02 2.7590987E-02 2.9270532E-04 1.6623751E+00 1.9134773E+01 -4.9521190E-02
3.1381000E+02 2.5927000E+02 8.6700000E+00 1.3100000E+02 10 5.5158734E+01 1.7350830E-01 3.8854020E-01 -4.6821100E-03 1.1566694E-02 1.1931630E-02 1.1468170E-02 8.3028011E-04 3.2458893E-04 6.3240697E-03 1.5584766E-04 6.3336414E-03 5.5781660E-02 3.4538164E-02 4.0110798E-04 1.8158621E+00 1.8964191E+01 -3.6205907E-02
3.1381000E+02 2.5927000E+02 8.6700000E+00 1.3200000E+02 10 5.5158477E+01 1.7360767E-01 3.8873426E-01 -4.7018916E-03 1.1567265E-02 1.1924728E-02 1.1463010E-02 8.2715973E-04 3.2485109E-04 6.3231440E-03 1.5526195E-04 6.3305570E-03 5.5827520E-02 3.4539527E-02 3.9507582E-04 1.8147769E+00 1.8966575E+01 -3.6301083E-02
3.1381000E+02 2.5927000E+02 8.6700000E+00 1.3700000E+02 10 5.5158164E+01 1.6148490E-01 3.6261718E-01 -5.8336133E-03 9.2616619E-03 9.9775577E-03 9.5242104E-03 8.1216390E-04 2.6808843E-04 5.1524758E-03 1.5244716E-04 5.1901556E-03 5.7184993E-02 2.7654134E-02 2.9596687E-04 1.6506353E+00 1.9126551E+01 -5.1329831E-02
3.1381000E+02 2.5927000E+02 8.6700000E+00 1.4200000E+02 10 5.5147860E+01 1.6517066E-01 3.7223983E-01 -7.3931613E-03 9.4639803E-03 1.0084380E-02 9.6389120E-03 7.9804866E-04 2.6785886E-04 5.2474355E-03 1.4979766E-04 5.2759088E-03 5.9116855E-02 2.8257740E-02 2.9891206E-04 1.6455267E+00 1.9094046E+01 -5.2620330E-02
3.1381000E+02 2.5927000E+02 8.6700000E+00 1.4700000E+02 10 5.5138260E+01 1.6894777E-01 3.8175383E-01 -8.8180558E-03 9.7078068E-03 1.0212505E-02 9.7743895E-03 7.8487668E-04 2.6210877E-04 5.3642211E-03 1.4732521E-04 5.3822751E-03 6.0863094E-02 2.8985067E-02 2.8891737E-04 1.6436623E+00 1.9049888E+01 -5.3494744E-02
3.1381000E+02 2.5927000E+02 8.6700000E+00 1.5200000E+02 10 5.5130723E+01 1.7203132E-01 3.8941489E-01 -9.9207906E-03 9.9167557E-03 1.0327182E-02 9.8959149E-03 7.7260706E-04 2.5281751E-04 5.4636035E-03 1.4502215E-04 5.4727419E-03 6.2212691E-02 2.9608364E-02 2.7062360E-04 1.6430051E+00 1.9001677E+01 -5.4080908E-02
3.1381000E+02 2.5927000E+02 8.6700000E+00 1.5700000E+02 10 5.5125204E+01 1.7434364E-01 3.9511326E-01 -1.0715975E-02 1.0076477E-02 1.0419579E-02 9.9946981E-03 7.6116763E-04 2.4240631E-04 5.5382374E-03 1.4287491E-04 5.5403314E-03 6.3190777E-02 3.0084836E-02 2.4916650E-04 1.6427464E+00 1.8954934E+01 -5.4477224E-02
3.1381000E+02 2.5927000E+02 8.6700000E+00 1.6200000E+02 10 5.5121247E+01 1.7603627E-01 3.9925885E-01 -1.1275843E-02 1.0194554E-02 1.0491853E-02 1.0072937E-02 7.5048228E-04 2.3254119E-04 5.5920065E-03 1.4086922E-04 5.5885674E-03 6.3887359E-02 3.0437098E-02 2.2815446E-04 1.6426276E+00 1.8913984E+01 -5.4748790E-02
3.1381000E+02 2.5927000E+02 8.6700000E+00 1.6700000E+02 10 5.5118395E+01 1.7728180E-01 4.0229512E-01 -1.1670487E-02 1.0282082E-02 1.0548697E-02 1.0135363E-02 7.4047986E-04 2.2399466E-04 5.6305737E-03 1.3899171E-04 5.6226822E-03 6.4387549E-02 3.0698236E-02 2.0952252E-04 1.6425715E+00 1.8881681E+01 -5.4938109E-02
3.1381000E+02 2.5927000E+02 8.6700000E+00 1.6800000E+02 10 5.5110640E+01 1.9204286E-01 4.3505271E-01 -1.1743350E-02 1.2676840E-02 1.2510722E-02 1.2098490E-02 7.3850613E-04 2.4755737E-04 6.8381068E-03 1.3862123E-04 6.7904856E-03 6.4503290E-02 3.7849240E-02 2.5024852E-04 1.7820545E+00 1.8656071E+01 -4.1415956E-02
3.1381000E+02 2.5927000E+02 8.6700000E+00 1.6900000E+02 10 5.5110207E+01 1.9213822E-01 4.3528066E-01 -1.1810665E-02 1.2671421E-02 1.2498215E-02 1.2087071E-02 7.3655861E-04 2.4772499E-04 6.8348509E-03 1.3825567E-04 6.7854185E-03 6.4587247E-02 3.7832675E-02 2.4237618E-04 1.7804593E+00 1.8657031E+01 -4.1579828E-02
3.1381000E+02 2.5927000E+02 8.6700000E+00 1.7400000E+02 10 5.5123244E+01 1.7088251E-01 3.9759348E-01 -1.5815385E-02 1.0159589E-02 1.0478276E-02 1.0072235E-02 7.2741504E-04 2.1382886E-04 5.5609999E-03 1.3653938E-04 5.5520715E-03 6.3639316E-02 3.0332267E-02 1.8215584E-04 1.6926504E+00 1.8808461E+01 -4.9948142E-02
3.1381000E+02 2.5927000E+02 8.6700000E+00 1.7500000E+02 10 5.5118273E+01 1.8223996E-01 4.2608989E-01 -1.6773637E-02 1.2312377E-02 1.2417367E-02 1.2012334E-02 7.2560961E-04 2.3385309E-04 6.6422924E-03 1.3620049E-04 6.6069870E-03 6.3418382E-02 3.6762570E-02 2.1862565E-04 1.8552582E+00 1.8551216E+01 -3.5885353E-02
3.1381000E+02 2.5927000E+02 8.6700000E+00 1.7600000E+02 10 5.5120367E+01 1.7972364E-01 4.2349520E-01 -1.7873726E-02 1.2199253E-02 1.2389887E-02 1.1985849E-02 7.2382699E-04 2.3276507E-04 6.5828967E-03 1.3586589E-04 6.5517716E-03 6.3123270E-02 3.6425257E-02 2.1196408E-04 1.8721556E+00 1.8538040E+01 -3.4705724E-02
3.1381000E+02 2.5927000E+02 8.6700000E+00 1.8100000E+02 10 5.5076894E+01 1.7255875E-01 4.2689501E-01 -2.8152827E-02 9.6058433E-03 1.0375962E-02 9.9766095E-03 7.1543257E-04 1.9859638E-04 5.2661527E-03 1.3429021E-04 5.2819556E-03 7.2677087E-02 2.8682432E-02 1.5975245E-04 1.6524940E+00 1.8837833E+01 -5.8262306E-02
3.1381000E+02 2.5927000E+02 8.6700000E+00 1.8600000E+02 10 5.4997483E+01 1.9194317E-01 4.8741002E-01 -3.9238209E-02 9.7788031E-03 1.0418165E-02 1.0023234E-02 7.0751078E-04 1.9502317E-04 5.3512049E-03 1.3280325E-04 5.3569566E-03 8.7279622E-02 2.9197868E-02 1.5702922E-04 1.5612258E+00 1.8918302E+01 -7.5858665E-02
3.1381000E+02 2.5927000E+02 8.6700000E+00 1.9100000E+02 10 5.4921392E+01 2.1439426E-01 5.4921696E-01 -4.8550695E-02 1.0360690E-02 1.0497955E-02 1.0107206E-02 7.0002064E-04 1.9910536E-04 5.6510804E-03 1.3139732E-04 5.6219460E-03 1.0096585E-01 3.0930635E-02 1.5891221E-04 1.4972304E+00 1.8974450E+01 -9.1698683E-02
3.1381000E+02 2.5927000E+02 8.6700000E+00 1.9600000E+02 10 5.4861145E+01 2.3397370E-01 6.0021028E-01 -5.5518630E-02 1.1044415E-02 1.0577554E-02 1.0190765E-02 6.9292564E-04 2.0706735E-04 6.0053070E-03 1.3006555E-04 5.9336329E-03 1.1164303E-01 3.2966222E-02 1.6191304E-04 1.4581515E+00 1.9008331E+01 -1.0341835E-01
3.1381000E+02 2.5927000E+02 8.6700000E+00 2.0100000E+02 10 5.4817164E+01 2.4917746E-01 6.3861307E-01 -6.0481843E-02 1.1669880E-02 1.0645646E-02 1.0262615E-02 6.8619317E-04 2.1662913E-04 6.3295756E-03 1.2880183E-04 6.2181040E-03 1.1935141E-01 3.4828177E-02 1.6451377E-04 1.4350703E+00 1.9028159E+01 -1.1140528E-01
3.1381000E+02 2.5927000E+02 8.6700000E+00 2.0600000E+02 10 5.4785988E+01 2.6045194E-01 6.6655132E-01 -6.3970238E-02 1.2188633E-02 1.0702285E-02 1.0322826E-02 6.7979411E-04 2.2644266E-04 6.5979888E-03 1.2760070E-04 6.4534150E-03 1.2476649E-01 3.6372448E-02 1.6638751E-04 1.4214961E+00 1.9039708E+01 -1.1668019E-01
3.1381000E+02 2.5927000E+02 8.6700000E+00 2.1100000E+02 10 5.4763937E+01 2.6871839E-01 6.8677686E-01 -6.6438355E-02 1.2602954E-02 1.0750389E-02 1.0374330E-02 6.7370236E-04 2.3573085E-04 6.8115236E-03 1.2645725E-04 6.6408544E-03 1.2856779E-01 3.7605919E-02 1.6761947E-04 1.4134814E+00 1.9046432E+01 -1.2014490E-01
3.1381000E+02 2.5927000E+02 8.6700000E+00 2.1600000E+02 10 5.4748140E+01 2.7482154E-01 7.0158197E-01 -6.8215596E-02 1.2930833E-02 1.0792749E-02 1.0419932E-02 6.6789455E-04 2.4410760E-04 6.9795989E-03 1.2536709E-04 6.7887646E-03 1.3127339E-01 3.8582169E-02 1.6837755E-04 1.4087285E+00 1.9050331E+01 -1.2244009E-01
3.1381000E+02 2.5927000E+02 8.6700000E+00 2.2100000E+02 10 5.4736588E+01 2.7940023E-01 7.1263016E-01 -6.9525348E-02 1.3191503E-02 1.0831360E-02 1.0461639E-02 6.6234964E-04 2.5145444E-04 7.1123918E-03 1.2432629E-04 6.9059424E-03 1.3324114E-01 3.9358437E-02 1.6881050E-04 1.4059079E+00 1.9052566E+01 -1.2398572E-01
3.1381000E+02 2.5927000E+02 8.6700000E+00 2.2600000E+02 10 5.4727934E+01 2.8290517E-01 7.2106587E-01 -7.0515396E-02 1.3401064E-02 1.0867476E-02 1.0500714E-02 6.5704870E-04 2.5780300E-04 7.2184611E-03 1.2333127E-04 6.9997029E-03 1.3470882E-01 3.9982626E-02 1.6902898E-04 1.4042459E+00 1.9053814E+01 -1.2504850E-01
3.1381000E+02 2.5927000E+02 8.6700000E+00 2.3100000E+02 10 5.4721286E+01 2.8564685E-01 7.2766236E-01 -7.1283082E-02 1.3571892E-02 1.0901818E-02 1.0537888E-02 6.5197462E-04 2.6325910E-04 7.3043755E-03 1.2237884E-04 7.0756735E-03 1.3583259E-01 4.0491551E-02 1.6910971E-04 1.4032872E+00 1.9054473E+01 -1.2579642E-01
3.1381000E+02 2.5927000E+02 8.6700000E+00 2.3600000E+02 10 5.4716053E+01 2.8783731E-01 7.3294089E-01 -7.1892937E-02 1.3713176E-02 1.0934755E-02 1.0573539E-02 6.4711193E-04 2.6796062E-04 7.3749758E-03 1.2146609E-04 7.1380626E-03 1.3671532E-01 4.0912545E-02 1.6910528E-04 1.4027598E+00 1.9054781E+01 -1.2633570E-01
3.1381000E+02 2.5927000E+02 8.6700000E+00 2.4100000E+02 10 5.4711837E+01 2.8962225E-01 7.3725558E-01 -7.2388278E-02 1.3831660E-02 1.0966447E-02 1.0607836E-02 6.4244658E-04 2.7203277E-04 7.4337819E-03 1.2059038E-04 7.1899878E-03 1.3742544E-01 4.1265664E-02 1.6905042E-04 1.4024985E+00 1.9054880E+01 -1.2673425E-01
3.1381000E+02 2.5927000E+02 8.6700000E+00 2.4600000E+02 10 5.4708372E+01 2.9110299E-01 7.4085013E-01 -7.2798643E-02 1.3932296E-02 1.0996937E-02 1.0640827E-02 6.3796580E-04 2.7557746E-04 7.4833596E-03 1.1974932E-04 7.2337567E-03 1.3800915E-01 4.1565646E-02 1.6896809E-04 1.4024014E+00 1.9054858E+01 -1.2703615E-01
3.1381000E+02 2.5927000E+02 8.6700000E+00 2.5100000E+02 10 5.4705470E+01 2.9235105E-01 7.4389497E-01 -7.3144537E-02 1.4018756E-02 1.1026212E-02 1.0672507E-02 6.3365793E-04 2.7867676E-04 7.5256027E-03 1.1894071E-04 7.2710836E-03 1.3849817E-01 4.1823409E-02 1.6887320E-04 1.4024049E+00 1.9054767E+01 -1.2727041E-01
3.1381000E+02 2.5927000E+02 8.6700000E+00 2.5600000E+02 10 5.4703001E+01 2.9341771E-01 7.4651140E-01 -7.3440462E-02 1.4093789E-02 1.1054244E-02 1.0702852E-02 6.2951233E-04 2.8139748E-04 7.5619320E-03 1.1816256E-04 7.3032485E-03 1.3891467E-01 4.2047136E-02 1.6877538E-04 1.4024687E+00 1.9054640E+01 -1.2745644E-01
3.1381000E+02 2.5927000E+02 8.6700000E+00 2.6100000E+02 10 5.4700872E+01 2.9434035E-01 7.4878731E-01 -7.3696872E-02 1.4159478E-02 1.1081005E-02 1.0731842E-02 6.2551925E-04 2.8379432E-04 7.5934294E-03 1.1741304E-04 7.3312139E-03 1.3927445E-01 4.2243025E-02 1.6867996E-04 1.4025671E+00 1.9054497E+01 -1.2760746E-01
3.1381000E+02 2.5927000E+02 8.6700000E+00 2.6400000E+02 10 5.4694661E+01 3.0497586E-01 7.7006367E-01 -7.3838343E-02 1.5723527E-02 1.2005098E-02 1.1657243E-02 6.2317631E-04 3.0187016E-04 8.3924068E-03 1.1697326E-04 8.0797547E-03 1.3947979E-01 4.6908726E-02 1.8908989E-04 1.4390203E+00 1.8974660E+01 -1.1962344E-01
3.1381000E+02 2.5927000E+02 8.6700000E+00 2.6500000E+02 10 5.4689286E+01 3.1517497E-01 7.9041062E-01 -7.3884189E-02 1.7250465E-02 1.2942381E-02 1.2594959E-02 6.2240114E-04 3.1691861E-04 9.1721212E-03 1.1682776E-04 8.8132954E-03 1.3955048E-01 5.1464363E-02 2.0833194E-04 1.4776132E+00 1.8870638E+01 -1.1158875E-01
3.1381000E+02 2.5927000E+02 8.6700000E+00 2.7000000E+02 10 5.4697105E+01 2.9729365E-01 7.5553014E-01 -7.4051464E-02 1.4520807E-02 1.1315861E-02 1.0969996E-02 6.1961255E-04 2.9589989E-04 7.7747031E-03 1.1630432E-04 7.4998655E-03 1.3977068E-01 4.3320883E-02 1.6945104E-04 1.4094012E+00 1.9045416E+01 -1.2630751E-01
3.1381000E+02 2.5927000E+02 8.6700000E+00 2.7500000E+02 10 5.4694295E+01 3.0096210E-01 7.6313961E-01 -7.4204275E-02 1.5032355E-02 1.1636813E-02 1.1292543E-02 6.1675361E-04 3.0128974E-04 8.0340704E-03 1.1576769E-04 7.7438299E-03 1.3998642E-01 4.4847167E-02 1.7643084E-04 1.4208102E+00 1.9020807E+01 -1.2385245E-01
3.1381000E+02 2.5927000E+02 8.6700000E+00 2.8000000E+02 10 5.4691816E+01 3.0405638E-01 7.6967077E-01 -7.4349705E-02 1.5462317E-02 1.1921888E-02 1.1579561E-02 6.1327307E-04 3.0714501E-04 8.2509954E-03 1.1511437E-04 7.9485159E-03 1.4019269E-01 4.6130178E-02 1.8009627E-04 1.4305971E+00 1.9003639E+01 -1.2179395E-01
3.1381000E+02 2.5927000E+02 8.6700000E+00 2.8500000E+02 10 5.4689794E+01 3.0637937E-01 7.7476474E-01 -7.4484065E-02 1.5785030E-02 1.2159405E-02 1.1819040E-02 6.0975853E-04 3.1236873E-04 8.4125328E-03 1.1445468E-04 8.1022766E-03 1.4038330E-01 4.7093410E-02 1.8186829E-04 1.4381207E+00 1.8992389E+01 -1.2024917E-01
3.1381000E+02 2.5927000E+02 8.6700000E+00 2.8900000E+02 10 5.4686074E+01 3.1255581E-01 7.8750084E-01 -7.4584261E-02 1.6703892E-02 1.2765298E-02 1.2426455E-02 6.0703241E-04 3.2389749E-04 8.8792400E-03 1.1394297E-04 8.5431889E-03 1.4052848E-01 4.9835208E-02 1.9150526E-04 1.4609642E+00 1.8945672E+01 -1.1546516E-01
3.1381000E+02 2.5927000E+02 8.6700000E+00 2.9000000E+02 10 5.4678423E+01 3.2760378E-01 8.1775982E-01 -7.4608857E-02 1.8984181E-02 1.4223324E-02 1.3884858E-02 6.0635724E-04 3.4349278E-04 1.0042211E-02 1.1381624E-04 9.6412416E-03 1.4057226E-01 5.6639452E-02 2.1880587E-04 1.5223574E+00 1.8762403E+01 -1.0326880E-01
3.1381000E+02 2.5927000E+02 8.6700000E+00 2.9500000E+02 10 5.4728311E+01 2.9770296E-01 7.4864454E-01 -6.9729352E-02 1.5968453E-02 1.2399987E-02 1.2063309E-02 6.0315207E-04 3.2127314E-04 8.4984488E-03 1.1321461E-04 8.1894983E-03 1.3318324E-01 4.7641761E-02 1.7859448E-04 1.4768291E+00 1.8959841E+01 -1.0914616E-01
3.1381000E+02 2.5927000E+02 8.6700000E+00 3.0000000E+02 10 5.4792534E+01 2.8079493E-01 7.0033158E-01 -6.1942501E-02 1.5844344E-02 1.2503488E-02 1.2168514E-02 6.0010034E-04 3.1922609E-04 8.4269253E-03 1.1264178E-04 8.1350046E-03 1.2142092E-01 4.7274234E-02 1.7819964E-04 1.5360895E+00 1.8896747E+01 -9.3367912E-02
3.1381000E+02 2.5927000E+02 8.6700000E+00 3.0100000E+02 10 5.4797686E+01 2.9415131E-01 7.2545244E-01 -6.0295580E-02 1.8461899E-02 1.4428092E-02 1.4093455E-02 5.9949596E-04 3.4134339E-04 9.7544794E-03 1.1252834E-04 9.4050140E-03 1.1894664E-01 5.5088622E-02 2.1295198E-04 1.6436365E+00 1.8639918E+01 -7.5436551E-02
3.1381000E+02 2.5927000E+02 8.6700000E+00 3.0200000E+02 10 5.4812099E+01 2.8972578E-01 7.1372253E-01 -5.8591472E-02 1.8340237E-02 1.4437149E-02 1.4102846E-02 5.9889737E-04 3.4353836E-04 9.6896151E-03 1.1241598E-04 9.3489025E-03 1.1637219E-01 5.4726699E-02 2.0969886E-04 1.6592353E+00 1.8639203E+01 -7.2405359E-02
3.1381000E+02 2.5927000E+02 8.6700000E+00 3.0300000E+02 10 5.4828886E+01 2.8391901E-01 6.9889884E-01 -5.6651577E-02 1.8092939E-02 1.4389650E-02 1.4052472E-02 6.0404912E-04 3.4504313E-04 9.5636442E-03 1.1338299E-04 9.2374684E-03 1.1342719E-01 5.3990049E-02 2.0530288E-04 1.6738587E+00 1.8642851E+01 -6.9488284E-02
3.1381000E+02 2.5927000E+02 8.6700000E+00 3.0800000E+02 10 5.4906702E+01 2.4349764E-01 6.0249476E-01 -4.8599916E-02 1.4455523E-02 1.2213894E-02 1.1875317E-02 6.0655572E-04 3.0717230E-04 7.7038777E-03 1.1385349E-04 7.4935639E-03 1.0123575E-01 4.3138218E-02 1.5945324E-04 1.6251411E+00 1.8830322E+01 -7.2088974E-02
3.1381000E+02 2.5927000E+02 8.6700000E+00 3.1300000E+02 10 5.4958118E+01 2.2564867E-01 5.5712284E-01 -4.2665831E-02 1.3679541E-02 1.2096361E-02 1.1756853E-02 6.0822300E-04 2.9205883E-04 7.2973293E-03 1.1416645E-04 7.1352631E-03 9.2262209E-02 4.0827833E-02 1.5485420E-04 1.6691775E+00 1.8784098E+01 -6.3277165E-02
3.1381000E+02 2.5927000E+02 8.6700000E+00 3.1800000E+02 10 5.4994738E+01 2.1258448E-01 5.2459289E-01 -3.8465210E-02 1.3088100E-02 1.2067340E-02 1.1726304E-02 6.1096093E-04 2.7842047E-04 6.9871614E-03 1.1468037E-04 6.8647307E-03 8.5903974E-02 3.9067264E-02 1.5085988E-04 1.7040847E+00 1.8746887E+01 -5.7102059E-02
3.1381000E+02 2.5927000E+02 8.6700000E+00 3.2300000E+02 10 5.5020700E+01 2.0287638E-01 5.0104391E-01 -3.5519745E-02 1.2608771E-02 1.2071654E-02 1.1728778E-02 6.1425733E-04 2.6549248E-04 6.7361291E-03 1.1529912E-04 6.6466228E-03 8.1439573E-02 3.7640352E-02 1.4722342E-04 1.7291274E+00 1.8720413E+01 -5.2980348E-02
3.1381000E+02 2.5927000E+02 8.6700000E+00 3.2800000E+02 10 5.5039278E+01 1.9554248E-01 4.8370166E-01 -3.3440548E-02 1.2209838E-02 1.2083147E-02 1.1738376E-02 6.1765102E-04 2.5331586E-04 6.5279464E-03 1.1593613E-04 6.4651434E-03 7.8282975E-02 3.6452517E-02 1.4401501E-04 1.7458727E+00 1.8702944E+01 -5.0293960E-02
3.1381000E+02 2.5927000E+02 8.6700000E+00 3.2900000E+02 10 5.5036530E+01 2.0660644E-01 5.0914443E-01 -3.3056428E-02 1.4228538E-02 1.3976212E-02 1.3631062E-02 6.1833030E-04 2.6982252E-04 7.5430307E-03 1.1606364E-04 7.4569512E-03 7.7715375E-02 4.2483083E-02 1.7492516E-04 1.8893610E+00 1.8433739E+01 -3.7510954E-02
3.1381000E+02 2.5927000E+02 8.6700000E+00 3.3000000E+02 10 5.5039796E+01 2.0516697E-01 5.0581877E-01 -3.2701293E-02 1.4133660E-02 1.3960554E-02 1.3615027E-02 6.1900722E-04 2.6924199E-04 7.4943612E-03 1.1619070E-04 7.4125256E-03 7.7174876E-02 4.2200105E-02 1.7214342E-04 1.8918702E+00 1.8443956E+01 -3.7196605E-02
3.1381000E+02 2.5927000E+02 8.6700000E+00 3.3500000E+02 10 5.5033909E+01 1.9519795E-01 4.8154247E-01 -3.1882787E-02 1.1578931E-02 1.1978929E-02 1.1631641E-02 6.2216048E-04 2.3786794E-04 6.2034517E-03 1.1678258E-04 6.1711580E-03 7.9670325E-02 3.4571922E-02 1.3605453E-04 1.6800615E+00 1.8777686E+01 -5.7451068E-02
3.1381000E+02 2.5927000E+02 8.6700000E+00 3.4000000E+02 10 5.5005535E+01 2.0607790E-01 5.0253790E-01 -3.1625057E-02 1.1605831E-02 1.1958217E-02 1.1609336E-02 6.2501332E-04 2.3225669E-04 6.2215961E-03 1.1731807E-04 6.1832075E-03 8.4850294E-02 3.4651159E-02 1.3887005E-04 1.6039502E+00 1.8849897E+01 -6.8129987E-02
3.1381000E+02 2.5927000E+02 8.6700000E+00 3.4500000E+02 10 5.4975718E+01 2.1929467E-01 5.2762429E-01 -3.1567645E-02 1.1955892E-02 1.1973420E-02 1.1623125E-02 6.2754761E-04 2.3292450E-04 6.4090358E-03 1.1779377E-04 6.3450171E-03 9.0073283E-02 3.5692566E-02 1.4379872E-04 1.5492793E+00 1.8901342E+01 -7.7321948E-02
3.1381000E+02 2.5927000E+02 8.6700000E+00 3.5000000E+02 10 5.4951154E+01 2.3115367E-01 5.4974727E-01 -3.1540646E-02 1.2402396E-02 1.1996246E-02 1.1644711E-02 6.2976943E-04 2.3670262E-04 6.6470795E-03 1.1821082E-04 6.5510864E-03 9.4264519E-02 3.7021026E-02 1.4875842E-04 1.5144300E+00 1.8934106E+01 -8.3993308E-02
3.1381000E+02 2.5927000E+02 8.6700000E+00 3.5500000E+02 10 5.4932960E+01 2.4052422E-01 5.6693588E-01 -3.1492746E-02 1.2821719E-02 1.2014860E-02 1.1662250E-02 6.3169605E-04 2.4179184E-04 6.8707959E-03 1.1857246E-04 6.7442081E-03 9.7305200E-02 3.8268589E-02 1.5288002E-04 1.4930009E+00 1.8954363E+01 -8.8474414E-02
3.1381000E+02 2.5927000E+02 8.6700000E+00 3.6000000E+02 10 5.4920110E+01 2.4751678E-01 5.7954848E-01 -3.1420139E-02 1.3170942E-02 1.2026977E-02 1.1673444E-02 6.3334959E-04 2.4727629E-04 7.0574548E-03 1.1888283E-04 6.9047600E-03 9.9413669E-02 3.9307567E-02 1.5604005E-04 1.4798844E+00 1.8966856E+01 -9.1387190E-02
3.1381000E+02 2.5927000E+02 8.6700000E+00 3.6500000E+02 10 5.4911196E+01 2.5261540E-01 5.8859116E-01 -3.1331682E-02 1.3446483E-02 1.2033705E-02 1.1679388E-02 6.3475379E-04 2.5269087E-04 7.2050534E-03 1.1914641E-04 7.0312530E-03 1.0085168E-01 4.0127328E-02 1.5837874E-04 1.4717752E+00 1.8974636E+01 -9.3264689E-02
3.1381000E+02 2.5927000E+02 8.6700000E+00 3.7000000E+02 10 5.4905022E+01 2.5631641E-01 5.9504304E-01 -3.1236510E-02 1.3658973E-02 1.2036738E-02 1.1681762E-02 6.3593232E-04 2.5779777E-04 7.3191648E-03 1.1936762E-04 7.1286525E-03 1.0183151E-01 4.0759515E-02 1.6008522E-04 1.4666716E+00 1.8979566E+01 -9.4481575E-02
3.1381000E+02 2.5927000E+02 8.6700000E+00 3.7500000E+02 10 5.4900714E+01 2.5901877E-01 5.9967077E-01 -3.1141064E-02 1.3821781E-02 1.2037458E-02 1.1681938E-02 6.3690786E-04 2.6246276E-04 7.4068611E-03 1.1955074E-04 7.2031212E-03 1.0250428E-01 4.1243900E-02 1.6132646E-04 1.4633861E+00 1.8982759E+01 -9.5281160E-02
3.1381000E+02 2.5927000E+02 8.6700000E+00 3.8000000E+02 10 5.4897670E+01 2.6101488E-01 6.0302611E-01 -3.1049191E-02 1.3946827E-02 1.2036803E-02 1.1680840E-02 6.3770158E-04 2.6661906E-04 7.4744679E-03 1.1969972E-04 7.2601351E-03 1.0297196E-01 4.1615948E-02 1.6223067E-04 1.4612150E+00 1.8984882E+01 -9.5816465E-02
3.1381000E+02 2.5927000E+02 8.6700000E+00 3.8500000E+02 10 5.4895488E+01 2.6251089E-01 6.0549240E-01 -3.0962896E-02 1.4043570E-02 1.2035352E-02 1.1679037E-02 6.3833289E-04 2.7025600E-04 7.5270050E-03 1.1981822E-04 7.3040409E-03 1.0330193E-01 4.1903796E-02 1.6289276E-04 1.4597380E+00 1.8986336E+01 -9.6182864E-02
3.1381000E+02 2.5927000E+02 8.6700000E+00 3.9000000E+02 10 5.4893897E+01 2.6365039E-01 6.0733303E-01 -3.0883031E-02 1.4119174E-02 1.2033445E-02 1.1676858E-02 6.3881936E-04 2.7339568E-04 7.5682664E-03 1.1990953E-04 7.3381431E-03 1.0353853E-01 4.2128755E-02 1.6338091E-04 1.4587009E+00 1.8987365E+01 -9.6439900E-02
3.1381000E+02 2.5927000E+02 8.6700000E+00 3.9500000E+02 10 5.4892717E+01 2.6453326E-01 6.0872909E-01 -3.0809776E-02 1.4178963E-02 1.2031271E-02 1.1674485E-02 6.3917673E-04 2.7608126E-04 7.6010609E-03 1.1997662E-04 7.3649098E-03 1.0371110E-01 4.2306658E-02 1.6374364E-04 1.4579481E+00 1.8988118E+01 -9.6625027E-02
3.1381000E+02 2.5927000E+02 8.6700000E+00 4.0000000E+02 10 5.4891827E+01 2.6522917E-01 6.0980562E-01 -3.0742944E-02 1.4226848E-02 1.2028935E-02 1.1672013E-02 6.3941902E-04 2.7836744E-04 7.6274537E-03 1.2002210E-04 7.3861600E-03 1.0383921E-01 4.2449147E-02 1.6401517E-04 1.4573827E+00 1.8988687E+01 -9.6762125E-02
3.1381000E+02 2.5927000E+02 8.6700000E+00 4.0500000E+02 10 5.4891143E+01 2.6578711E-01 6.1064967E-01 -3.0682160E-02 1.4265700E-02 1.2026490E-02 1.1669491E-02 6.3955864E-04 2.8031176E-04 7.6489618E-03 1.2004830E-04 7.4032271E-03 1.0393609E-01 4.2564755E-02 1.6421948E-04 1.4569429E+00 1.8989135E+01 -9.6866653E-02
3.1381000E+02 2.5927000E+02 8.6700000E+00 4.1000000E+02 10 5.4890608E+01 2.6624192E-01 6.1132246E-01 -3.0626968E-02 1.4297629E-02 1.2023962E-02 1.1666936E-02 6.3960653E-04 2.8196830E-04 7.6667035E-03 1.2005729E-04 7.4170929E-03 1.0401073E-01 4.2659765E-02 1.6437419E-04 1.4565893E+00 1.8989499E+01 -9.6948759E-02
3.1381000E+02 2.5927000E+02 8.6700000E+00 4.1200000E+02 10 5.4883241E+01 2.8082312E-01 6.4052609E-01 -3.0605755E-02 1.6512989E-02 1.3393738E-02 1.3036709E-02 6.3961167E-04 3.0475947E-04 8.8002095E-03 1.2005826E-04 8.4808413E-03 1.0404812E-01 4.9269620E-02 1.9383108E-04 1.5242905E+00 1.8840063E+01 -8.5261970E-02
3.1381000E+02 2.5927000E+02 8.6700000E+00 4.1700000E+02 10 5.4890635E+01 2.6553522E-01 6.0977204E-01 -3.0557643E-02 1.4157019E-02 1.1931170E-02 1.1574178E-02 6.3954610E-04 2.8468986E-04 7.5963536E-03 1.2004595E-04 7.3477603E-03 1.0408924E-01 4.2239962E-02 1.6055736E-04 1.4513371E+00 1.9002055E+01 -9.7937933E-02
3.1381000E+02 2.5927000E+02 8.6700000E+00 4.2200000E+02 10 5.4890337E+01 2.6579284E-01 6.1006610E-01 -3.0513989E-02 1.4169794E-02 1.1916054E-02 1.1559137E-02 6.3941016E-04 2.8392049E-04 7.6039153E-03 1.2002043E-04 7.3525891E-03 1.0413275E-01 4.2277902E-02 1.6227339E-04 1.4507690E+00 1.8999567E+01 -9.8046977E-02
3.1381000E+02 2.5927000E+02 8.6700000E+00 4.2700000E+02 10 5.4889912E+01 2.6637037E-01 6.1097473E-01 -3.0474362E-02 1.4232232E-02 1.1927249E-02 1.1570444E-02 6.3921093E-04 2.8451149E-04 7.6370203E-03 1.1998304E-04 7.3809882E-03 1.0416850E-01 4.2463911E-02 1.6347926E-04 1.4516805E+00 1.8996607E+01 -9.7882475E-02
3.1381000E+02 2.5927000E+02 8.6700000E+00 4.2900000E+02 10 5.4882528E+01 2.8110479E-01 6.4041711E-01 -3.0459129E-02 1.6471469E-02 1.3300193E-02 1.2943438E-02 6.3912154E-04 3.0717409E-04 8.7831429E-03 1.1996626E-04 8.4555972E-03 1.0419239E-01 4.9144864E-02 1.9350422E-04 1.5195601E+00 1.8847139E+01 -8.6058539E-02
3.1381000E+02 2.5927000E+02 8.6700000E+00 4.3000000E+02 10 5.4880248E+01 2.8563469E-01 6.4953600E-01 -3.0451664E-02 1.7160003E-02 1.3743088E-02 1.3386358E-02 6.3907448E-04 3.1574378E-04 9.1352278E-03 1.1995742E-04 8.7864223E-03 1.0420120E-01 5.1199352E-02 2.0054750E-04 1.5424011E+00 1.8791422E+01 -8.2388715E-02
3.1381000E+02 2.5927000E+02 8.6700000E+00 4.3500000E+02 10 5.4889234E+01 2.6782973E-01 6.1391202E-01 -3.0404660E-02 1.4461206E-02 1.2085536E-02 1.1724722E-02 6.4639236E-04 2.9457810E-04 7.7600688E-03 1.2133102E-04 7.4949737E-03 1.0414602E-01 4.3146684E-02 1.6313882E-04 1.4583339E+00 1.8989679E+01 -9.6657403E-02
3.1381000E+02 2.5927000E+02 8.6700000E+00 4.3600000E+02 10 5.4879459E+01 2.8751318E-01 6.5345770E-01 -3.0395782E-02 1.7464366E-02 1.3983260E-02 1.3621709E-02 6.4771316E-04 3.2025648E-04 9.2957367E-03 1.2157895E-04 8.9402364E-03 1.0415333E-01 5.2107977E-02 2.0463798E-04 1.5535796E+00 1.8753703E+01 -8.0624683E-02
3.1381000E+02 2.5927000E+02 8.6700000E+00 4.3700000E+02 10 5.4880071E+01 2.8773526E-01 6.5356504E-01 -3.0218034E-02 1.7517145E-02 1.4017983E-02 1.3655984E-02 6.4851536E-04 3.2463283E-04 9.3237618E-03 1.2172952E-04 8.9655755E-03 1.0400569E-01 5.2265220E-02 2.0294422E-04 1.5558032E+00 1.8760500E+01 -8.0220955E-02
3.1381000E+02 2.5927000E+02 8.6700000E+00 4.3800000E+02 10 5.4882517E+01 2.8753877E-01 6.5209122E-01 -2.9653634E-02 1.7548123E-02 1.4043851E-02 1.3681537E-02 6.4908035E-04 3.2803993E-04 9.3403540E-03 1.2183557E-04 8.9804180E-03 1.0353212E-01 5.2357472E-02 2.0172835E-04 1.5581253E+00 1.8764364E+01 -7.9652187E-02
3.1381000E+02 2.5927000E+02 8.6700000E+00 4.4300000E+02 10 5.4942426E+01 2.6262108E-01 5.7965475E-01 -1.8308249E-02 1.4940038E-02 1.2440525E-02 1.2080651E-02 6.4470668E-04 3.0449559E-04 8.0041586E-03 1.2101462E-04 7.7235048E-03 9.3978851E-02 4.4575516E-02 1.6713290E-04 1.4916244E+00 1.8947698E+01 -8.5574258E-02
3.1381000E+02 2.5927000E+02 8.6700000E+00 4.4400000E+02 10 5.4944821E+01 2.7947083E-01 6.0892765E-01 -1.5736870E-02 1.7803884E-02 1.4344298E-02 1.3984696E-02 6.4422091E-04 3.2789935E-04 9.4647124E-03 1.2092343E-04 9.1038578E-03 9.1826170E-02 5.3122547E-02 2.0607080E-04 1.6005284E+00 1.8689803E+01 -6.8319931E-02
3.1381000E+02 2.5927000E+02 8.6700000E+00 4.4500000E+02 10 5.4957595E+01 2.7766727E-01 5.9982538E-01 -1.2906653E-02 1.7834251E-02 1.4389991E-02 1.4030428E-02 6.4415207E-04 3.3113061E-04 9.4799051E-03 1.2091051E-04 9.1187670E-03 8.9437158E-02 5.3213313E-02 2.0441586E-04 1.6093859E+00 1.8690158E+01 -6.6122023E-02
3.1381000E+02 2.5927000E+02 8.6700000E+00 4.5000000E+02 10 5.5025899E+01 2.5294270E-01 5.2377379E-01 4.3086884E-04 1.5476029E-02 1.2937850E-02 1.2578076E-02 6.4452947E-04 3.1100271E-04 8.2744009E-03 1.2098135E-04 7.9856069E-03 7.8162428E-02 4.6176697E-02 1.7302340E-04 1.5479245E+00 1.8874847E+01 -6.9256944E-02
3.1381000E+02 2.5927000E+02 8.6700000E+00 4.5300000E+02 10 5.5055306E+01 2.5718543E-01 5.1852369E-01 7.9393066E-03 1.6970819E-02 1.4082574E-02 1.3722770E-02 6.4458326E-04 3.2414710E-04 9.0329471E-03 1.2099145E-04 8.7112050E-03 7.1830776E-02 5.0639624E-02 1.9216440E-04 1.6341151E+00 1.8721687E+01 -5.5645450E-02
3.1381000E+02 2.5927000E+02 8.6700000E+00 4.5400000E+02 10 5.5062474E+01 2.6333359E-01 5.2717433E-01 1.0376941E-02 1.8219464E-02 1.5074563E-02 1.4714791E-02 6.4452493E-04 3.3429266E-04 9.6655159E-03 1.2098050E-04 9.3184713E-03 6.9778607E-02 5.4368104E-02 2.0586913E-04 1.7102428E+00 1.8548796E+01 -4.6894135E-02
3.1381000E+02 2.5927000E+02 8.6700000E+00 4.5900000E+02 10 5.5122306E+01 2.3674166E-01 4.5128470E-01 2.1494384E-02 1.5304440E-02 1.3203552E-02 1.2845233E-02 6.4192168E-04 3.0539161E-04 8.1747656E-03 1.2049186E-04 7.9135083E-03 6.0402436E-02 4.5669002E-02 1.6876743E-04 1.5983166E+00 1.8827792E+01 -5.4744299E-02
3.1381000E+02 2.5927000E+02 8.6700000E+00 4.6400000E+02 10 5.5161242E+01 2.2868885E-01 4.1955041E-01 2.9834201E-02 1.4995976E-02 1.3198382E-02 1.2841256E-02 6.3978499E-04 2.9518205E-04 8.0104342E-03 1.2009079E-04 7.7699491E-03 5.3385605E-02 4.4750789E-02 1.6724092E-04 1.6111022E+00 1.8813762E+01 -5.0237150E-02
3.1381000E+02 2.5927000E+02 8.6700000E+00 4.6900000E+02 10 5.5189645E+01 2.2283507E-01 3.9655043E-01 3.5925014E-02 1.4779077E-02 1.3223068E-02 1.2866784E-02 6.3827605E-04 2.8597358E-04 7.8947806E-03 1.1980755E-04 7.6691322E-03 4.8265667E-02 4.4105209E-02 1.6613701E-04 1.6222485E+00 1.8800885E+01 -4.6869721E-02
3.1381000E+02 2.5927000E+02 8.6700000E+00 4.7400000E+02 10 5.5210474E+01 2.1842175E-01 3.7957226E-01 4.0383651E-02 1.4603734E-02 1.3253806E-02 1.2898300E-02 6.3688337E-04 2.7757521E-04 7.8016455E-03 1.1954614E-04 7.5869883E-03 4.4524248E-02 4.3583239E-02 1.6504793E-04 1.6305779E+00 1.8791404E+01 -4.4463063E-02
3.1381000E+02 2.5927000E+02 8.6700000E+00 4.7900000E+02 10 5.5225941E+01 2.1498858E-01 3.6676313E-01 4.3681777E-02 1.4450222E-02 1.3278844E-02 1.2924110E-02 6.3549986E-04 2.6996924E-04 7.7206682E-03 1.1928645E-04 7.5142068E-03 4.1763150E-02 4.3126116E-02 1.6395875E-04 1.6360664E+00 1.8785312E+01 -4.2789722E-02
3.1381000E+02 2.5927000E+02 8.6700000E+00 4.8100000E+02 10 5.5225979E+01 2.2462501E-01 3.8584050E-01 4.4841695E-02 1.6154902E-02 1.4647108E-02 1.4292683E-02 6.3494626E-04 2.8155956E-04 8.5851524E-03 1.1918254E-04 8.3415275E-03 4.0803147E-02 4.8215968E-02 1.8673035E-04 1.7604380E+00 1.8568601E+01 -3.2376590E-02
3.1381000E+02 2.5927000E+02 8.6700000E+00 4.8200000E+02 10 5.5226967E+01 2.2718356E-01 3.9074852E-01 4.5384877E-02 1.6645775E-02 1.5092492E-02 1.4738221E-02 6.3466939E-04 2.8454377E-04 8.8332862E-03 1.1913057E-04 8.5805386E-03 4.0351538E-02 4.9681912E-02 1.9171242E-04 1.8068839E+00 1.8482545E+01 -2.9135697E-02
3.1381000E+02 2.5927000E+02 8.6700000E+00 4.8700000E+02 10 5.5245554E+01 2.0801305E-01 3.4579046E-01 4.7562595E-02 1.3816033E-02 1.3029403E-02 1.2676030E-02 6.3306196E-04 2.5712607E-04 7.3946723E-03 1.1882884E-04 7.2078616E-03 3.8524053E-02 4.1234127E-02 1.5514499E-04 1.6166760E+00 1.8821598E+01 -4.3239315E-02
3.1381000E+02 2.5927000E+02 8.6700000E+00 4.9200000E+02 10 5.5253849E+01 2.0519744E-01 3.3689878E-01 4.9226325E-02 1.3558042E-02 1.2881239E-02 1.2528689E-02 6.3158786E-04 2.4884000E-04 7.2622028E-03 1.1855215E-04 7.0824083E-03 3.7144338E-02 4.0464452E-02 1.5498409E-04 1.6078837E+00 1.8828925E+01 -4.3472477E-02
3.1381000E+02 2.5927000E+02 8.6700000E+00 4.9700000E+02 10 5.5259953E+01 2.0364458E-01 3.3112304E-01 5.0516039E-02 1.3445757E-02 1.2797430E-02 1.2445539E-02 6.3040650E-04 2.4351407E-04 7.2051667E-03 1.1833040E-04 7.0262842E-03 3.6077710E-02 4.0129181E-02 1.5537160E-04 1.6053837E+00 1.8829598E+01 -4.3243265E-02
3.1381000E+02 2.5927000E+02 8.6700000E+00 5.0200000E+02 10 5.5264670E+01 2.0262647E-01 3.2693771E-01 5.1537829E-02 1.3386015E-02 1.2744699E-02 1.2393435E-02 6.2928388E-04 2.3970417E-04 7.1750313E-03 1.1811968E-04 6.9954423E-03 3.5236085E-02 3.9950654E-02 1.5562111E-04 1.6048723E+00 1.8828906E+01 -4.2923759E-02
3.1381000E+02 2.5927000E+02 8.6700000E+00 5.0500000E+02 10 5.5263431E+01 2.0952947E-01 3.4071216E-01 5.2072145E-02 1.4554415E-02 1.3595975E-02 1.3245086E-02 6.2861209E-04 2.4912700E-04 7.7699796E-03 1.1799358E-04 7.5591282E-03 3.4804173E-02 4.3438219E-02 1.7179670E-04 1.6809483E+00 1.8704671E+01 -3.6156334E-02
3.1381000E+02 2.5927000E+02 8.6700000E+00 5.0600000E+02 10 5.5260777E+01 2.1626342E-01 3.5518163E-01 5.2242097E-02 1.5672416E-02 1.4481950E-02 1.4131186E-02 6.2838796E-04 2.5716660E-04 8.3371572E-03 1.1795151E-04 8.1016952E-03 3.4670853E-02 4.6776342E-02 1.8604510E-04 1.7688623E+00 1.8543610E+01 -2.9760474E-02
3.1381000E+02 2.5927000E+02 8.6700000E+00 5.1100000E+02 10 5.5272607E+01 1.9852832E-01 3.1565895E-01 5.2979199E-02 1.2889603E-02 1.2410669E-02 1.2060925E-02 6.2656107E-04 2.3220599E-04 6.9219892E-03 1.1760859E-04 6.7517869E-03 3.4057926E-02 3.8468534E-02 1.4834583E-04 1.5812456E+00 1.8867172E+01 -4.4681358E-02
3.1381000E+02 2.5927000E+02 8.6700000E+00 5.1600000E+02 10 5.5275669E+01 1.9735266E-01 3.1172730E-01 5.3588054E-02 1.2751318E-02 1.2258808E-02 1.1909868E-02 6.2511989E-04 2.2751529E-04 6.8518984E-03 1.1733808E-04 6.6824675E-03 3.3566116E-02 3.8055497E-02 1.4933074E-04 1.5740320E+00 1.8872266E+01 -4.5164343E-02
3.1381000E+02 2.5927000E+02 8.6700000E+00 5.2100000E+02 10 5.5277916E+01 1.9698896E-01 3.0958436E-01 5.4097354E-02 1.2724709E-02 1.2172073E-02 1.1823803E-02 6.2391853E-04 2.2512456E-04 6.8395475E-03 1.1711258E-04 6.6664366E-03 3.3155887E-02 3.7975516E-02 1.5039110E-04 1.5724163E+00 1.8871936E+01 -4.5131084E-02
3.1381000E+02 2.5927000E+02 8.6700000E+00 5.2600000E+02 10 5.5279743E+01 1.9683827E-01 3.0808587E-01 5.4531063E-02 1.2725649E-02 1.2115573E-02 1.1767970E-02 6.2272501E-04 2.2362563E-04 6.8411458E-03 1.1688855E-04 6.6638425E-03 3.2808594E-02 3.7977833E-02 1.5106135E-04 1.5723155E+00 1.8870855E+01 -4.4977357E-02
3.1381000E+02 2.5927000E+02 8.6700000E+00 5.3100000E+02 10 5.5281314E+01 1.9670401E-01 3.0681037E-01 5.4905406E-02 1.2726357E-02 1.2071741E-02 1.1724815E-02 6.2151246E-04 2.2243776E-04 6.8423709E-03 1.1666095E-04 6.6614279E-03 3.2510822E-02 3.7979585E-02 1.5138720E-04 1.5722973E+00 1.8870289E+01 -4.4839481E-02
3.1381000E+02 2.5927000E+02 8.6700000E+00 5.3600000E+02 10 5.5282696E+01 1.9655248E-01 3.0564569E-01 5.5232054E-02 1.2721993E-02 1.2033529E-02 1.1687283E-02 6.2029428E-04 2.2137331E-04 6.8408120E-03 1.1643229E-04 6.6568020E-03 3.2252724E-02 3.7966291E-02 1.5151400E-04 1.5720544E+00 1.8870266E+01 -4.4742815E-02
3.1381000E+02 2.5927000E+02 8.6700000E+00 5.4100000E+02 10 5.5283922E+01 1.9639228E-01 3.0457302E-01 5.5519725E-02 1.2713913E-02 1.1998484E-02 1.1652913E-02 6.1908472E-04 2.2039035E-04 6.8372306E-03 1.1620525E-04 6.6505502E-03 3.2026908E-02 3.7941959E-02 1.5154313E-04 1.5716165E+00 1.8870589E+01 -4.4680602E-02
3.1381000E+02 2.5927000E+02 8.6700000E+00 5.4600000E+02 10 5.5285012E+01 1.9623522E-01 3.0359124E-01 5.5775092E-02 1.2704076E-02 1.1965811E-02 1.1620905E-02 6.1789294E-04 2.1948582E-04 6.8326732E-03 1.1598154E-04 6.6435721E-03 3.1827731E-02 3.7912416E-02 1.5152882E-04 1.5710665E+00 1.8871090E+01 -4.4641834E-02
3.1381000E+02 2.5927000E+02 8.6700000E+00 5.5100000E+02 10 5.5285987E+01 1.9608860E-01 3.0269813E-01 5.6003350E-02 1.2693830E-02 1.1935217E-02 1.1590964E-02 6.1672363E-04 2.1866133E-04 6.8278504E-03 1.1576206E-04 6.6364930E-03 3.1650816E-02 3.7881667E-02 1.5149682E-04 1.5704687E+00 1.8871671E+01 -4.4618066E-02
3.1381000E+02 2.5927000E+02 8.6700000E+00 5.5600000E+02 10 5.5286860E+01 1.9595565E-01 3.0188829E-01 5.6208607E-02 1.2683913E-02 1.1906529E-02 1.1562915E-02 6.1557858E-04 2.1791628E-04 6.8231502E-03 1.1554713E-04 6.6296584E-03 3.1492719E-02 3.7851913E-02 1.5145913E-04 1.5698618E+00 1.8872275E+01 -4.4603861E-02
3.1381000E+02 2.5927000E+02 8.6700000E+00 5.6100000E+02 10 5.5287646E+01 1.9583714E-01 3.0115451E-01 5.6394157E-02 1.2674675E-02 1.1879588E-02 1.1536599E-02 6.1445782E-04 2.1724625E-04 6.8187544E-03 1.1533675E-04 6.6232313E-03 3.1350693E-02 3.7824193E-02 1.5142055E-04 1.5692664E+00 1.8872873E+01 -4.4595913E-02
3.1381000E+02 2.5927000E+02 8.6700000E+00 5.6600000E+02 10 5.5288355E+01 1.9573256E-01 3.0048905E-01 5.6562675E-02 1.2666241E-02 1.1854234E-02 1.1511858E-02 6.1336045E-04 2.1664528E-04 6.8147310E-03 1.1513077E-04 6.6172670E-03 3.1222515E-02 3.7798882E-02 1.5138304E-04 1.5686923E+00 1.8873453E+01 -4.4592252E-02
3.1381000E+02 2.5927000E+02 8.6700000E+00 5.7100000E+02 10 5.5288998E+01 1.9564081E-01 2.9988443E-01 5.6716360E-02 1.2658626E-02 1.1830313E-02 1.1488538E-02 6.1228515E-04 2.1610756E-04 6.8110906E-03 1.1492893E-04 6.6117658E-03 3.1106365E-02 3.7776019E-02 1.5134746E-04 1.5681429E+00 1.8874008E+01 -4.4591686E-02
3.1381000E+02 2.5927000E+02 8.6700000E+00 5.7600000E+02 10 5.5289582E+01 1.9556067E-01 2.9933385E-01 5.6857043E-02 1.2651789E-02 1.1807681E-02 1.1466494E-02 6.1123038E-04 2.1562732E-04 6.8078185E-03 1.1473095E-04 6.6067014E-03 3.1000734E-02 3.7755487E-02 1.5131385E-04 1.5676188E+00 1.8874535E+01 -4.4593466E-02
3.1381000E+02 2.5927000E+02 8.6700000E+00 5.8100000E+02 10 5.5290114E+01 1.9549094E-01 2.9883125E-01 5.6986262E-02 1.2645671E-02 1.1786207E-02 1.1445598E-02 6.1019464E-04 2.1519717E-04 6.8048876E-03 1.1453654E-04 6.6020373E-03 3.0904355E-02 3.7737103E-02 1.5128169E-04 1.5671192E+00 1.8875043E+01 -4.4597104E-02
3.1381000E+02 2.5927000E+02 8.6700000E+00 5.8200000E+02 10 5.5282407E+01 2.1117267E-01 3.3200786E-01 5.7011659E-02 1.5147797E-02 1.3577355E-02 1.3236862E-02 6.0998824E-04 2.3501723E-04 8.0792236E-03 1.1449779E-04 7.8109527E-03 3.0900007E-02 4.5206315E-02 1.8661734E-04 1.7322949E+00 1.8578559E+01 -3.0902059E-02
3.1381000E+02 2.5927000E+02 8.6700000E+00 5.8700000E+02 10 5.5291066E+01 1.9464420E-01 2.9683259E-01 5.7108763E-02 1.2529223E-02 1.1706503E-02 1.1364498E-02 6.1269627E-04 2.1548631E-04 6.7480537E-03 1.1500610E-04 6.5467194E-03 3.0789660E-02 3.7389290E-02 1.4842015E-04 1.5613755E+00 1.8886153E+01 -4.5122173E-02
3.1381000E+02 2.5927000E+02 8.6700000E+00 5.9200000E+02 10 5.5291548E+01 1.9445887E-01 2.9616080E-01 5.7202277E-02 1.2505651E-02 1.1671978E-02 1.1329484E-02 6.1357219E-04 2.1462056E-04 6.7371606E-03 1.1517052E-04 6.5354259E-03 3.0709716E-02 3.7318873E-02 1.4919518E-04 1.5600297E+00 1.8885748E+01 -4.5218573E-02
3.1381000E+02 2.5927000E+02 8.6700000E+00 5.9700000E+02 10 5.5291831E+01 1.9459319E-01 2.9612714E-01 5.7286232E-02 1.2528408E-02 1.1664248E-02 1.1321279E-02 6.1442432E-04 2.1456990E-04 6.7501538E-03 1.1533047E-04 6.5461250E-03 3.0637463E-02 3.7386610E-02 1.4986350E-04 1.5610547E+00 1.8883314E+01 -4.5080952E-02
3.1381000E+02 2.5927000E+02 8.6700000E+00 6.0200000E+02 10 5.5292077E+01 1.9474345E-01 2.9617695E-01 5.7362437E-02 1.2554792E-02 1.1665404E-02 1.1321886E-02 6.1540674E-04 2.1467572E-04 6.7649640E-03 1.1551487E-04 6.5588141E-03 3.0570550E-02 3.7465220E-02 1.5024158E-04 1.5624069E+00 1.8881105E+01 -4.4914374E-02
3.1381000E+02 2.5927000E+02 8.6700000E+00 6.0700000E+02 10 5.5292332E+01 1.9482788E-01 2.9613961E-01 5.7432797E-02 1.2572257E-02 1.1666513E-02 1.1322450E-02 6.1638381E-04 2.1471068E-04 6.7750695E-03 1.1569827E-04 6.5673812E-03 3.0508381E-02 3.7517272E-02 1.5038524E-04 1.5633902E+00 1.8879684E+01 -4.4787794E-02
3.1381000E+02 2.5927000E+02 8.6700000E+00 6.1200000E+02 10 5.5292596E+01 1.9485184E-01 2.9600839E-01 5.7498408E-02 1.2580835E-02 1.1664845E-02 1.1320286E-02 6.1727228E-04 2.1464682E-04 6.7804974E-03 1.1586504E-04 6.5716999E-03 3.0450645E-02 3.7542835E-02 1.5039917E-04 1.5639395E+00 1.8878928E+01 -4.4706845E-02
3.1381000E+02 2.5927000E+02 8.6700000E+00 6.1700000E+02 10 5.5292859E+01 1.9483792E-01 2.9581576E-01 5.7559934E-02 1.2583393E-02 1.1660240E-02 1.1315253E-02 6.1803888E-04 2.1451083E-04 6.7827476E-03 1.1600894E-04 6.5730557E-03 3.0397032E-02 3.7550442E-02 1.5035483E-04 1.5641627E+00 1.8878607E+01 -4.4660243E-02
3.1381000E+02 2.5927000E+02 8.6700000E+00 6.2200000E+02 10 5.5293116E+01 1.9480470E-01 2.9559191E-01 5.7617845E-02 1.2582477E-02 1.1653289E-02 1.1307946E-02 6.1867623E-04 2.1434348E-04 6.7831489E-03 1.1612857E-04 6.5726292E-03 3.0347211E-02 3.7547677E-02 1.5028906E-04 1.5641742E+00 1.8878556E+01 -4.4636296E-02
3.1381000E+02 2.5927000E+02 8.6700000E+00 6.2700000E+02 10 5.5293361E+01 1.9476386E-01 2.9535697E-01 5.7672511E-02 1.2579772E-02 1.1644649E-02 1.1299020E-02 6.1918833E-04 2.1417047E-04 6.7825792E-03 1.1622469E-04 6.5712171E-03 3.0300853E-02 3.7539563E-02 1.5021973E-04 1.5640569E+00 1.8878657E+01 -4.4626593E-02
3.1381000E+02 2.5927000E+02 8.6700000E+00 6.3200000E+02 10 5.5293592E+01 1.9472196E-01 2.9512265E-01 5.7724247E-02 1.2576273E-02 1.1634857E-02 1.1289007E-02 6.1958355E-04 2.1400491E-04 6.7815569E-03 1.1629888E-04 6.5693004E-03 3.0257647E-02 3.7529070E-02 1.5015355E-04 1.5638636E+00 1.8878848E+01 -4.4625733E-02
3.1381000E+02 2.5927000E+02 8.6700000E+00 6.3700000E+02 10 5.5293810E+01 1.9468231E-01 2.9489524E-01 5.7773322E-02 1.2572532E-02 1.1624305E-02 1.1278294E-02 6.1987168E-04 2.1385351E-04 6.7803694E-03 1.1635296E-04 6.5671536E-03 3.0217306E-02 3.7517848E-02 1.5009294E-04 1.5636266E+00 1.8879088E+01 -4.4630403E-02
3.1381000E+02 2.5927000E+02 8.6700000E+00 6.4200000E+02 10 5.5294014E+01 1.9464649E-01 2.9467775E-01 5.7819973E-02 1.2568841E-02 1.1613272E-02 1.1267156E-02 6.2006258E-04 2.1371656E-04 6.7791687E-03 1.1638880E-04 6.5649283E-03 3.0179570E-02 3.7506766E-02 1.5003791E-04 1.5633651E+00 1.8879356E+01 -4.4638595E-02
3.1381000E+02 2.5927000E+02 8.6700000E+00 6.4700000E+02 10 5.5294205E+01 1.9461501E-01 2.9447140E-01 5.7864404E-02 1.2565342E-02 1.1601954E-02 1.1255780E-02 6.2016574E-04 2.1359568E-04 6.7780296E-03 1.1640816E-04 6.5627059E-03 3.0144210E-02 3.7496253E-02 1.4998821E-04 1.5630906E+00 1.8879637E+01 -4.4649086E-02
3.1381000E+02 2.5927000E+02 8.6700000E+00 6.5000000E+02 10 5.5290455E+01 2.0235475E-01 3.1064532E-01 5.7890305E-02 1.3796883E-02 1.2441210E-02 1.2095017E-02 6.2019802E-04 2.2596083E-04 7.4077523E-03 1.1641422E-04 7.1550180E-03 3.0130904E-02 4.1171772E-02 1.6683620E-04 1.6357041E+00 1.8762263E+01 -3.7984374E-02
