x y z_datum Time Well_no H2O H O Charge Al C Ca Cl Fe K Mg Na S Si U pH pe Alkalinity
3.1381000E+02 2.5927000E+02 8.6700000E+00 0.0000000E+00 10 9.9704301E-01 7.2098600E-06 6.6484776E-04 -3.2324431E-06 0.0000000E+00 1.0067647E-04 6.3262499E-05 4.3211171E-04 0.0000000E+00 2.8240956E-04 5.5605061E-05 2.2967748E-04 1.4127542E-04 0.0000000E+00 0.0000000E+00 7.0300000E+00 -2.2001569E+00 7.1999443E-03
3.1381000E+02 2.5927000E+02 8.6700000E+00 5.0000000E+00 10 5.5328659E+01 1.8957876E-02 6.2136495E-02 -3.0317982E-03 0.0000000E+00 7.2965383E-03 1.3740799E-03 1.0609984E-02 0.0000000E+00 6.2877202E-03 1.9915462E-03 8.6967084E-03 1.0309639E-02 0.0000000E+00 0.0000000E+00 5.3387946E+00 1.4088780E+01 1.2744235E-03
3.1381000E+02 2.5927000E+02 8.6700000E+00 1.0000000E+01 10 5.5310285E+01 3.2721477E-02 1.0465485E-01 -2.7481401E-03 1.0672889E-03 7.8683798E-03 3.1914325E-03 8.3786720E-03 1.4853888E-05 5.4914859E-03 1.5727179E-03 7.4032103E-03 1.8669691E-02 3.1916801E-03 1.5572908E-05 2.5271299E+00 1.7627938E+01 -5.4872569E-03
3.1381000E+02 2.5927000E+02 8.6700000E+00 1.5000000E+01 10 5.5288381E+01 5.6695727E-02 1.5180352E-01 -2.5031406E-03 2.6068183E-03 8.1733650E-03 4.5721834E-03 6.4514560E-03 3.5026522E-05 5.1198469E-03 1.2109700E-03 6.5828893E-03 2.5891134E-02 7.7911321E-03 3.7701989E-05 2.2429288E+00 1.7973904E+01 -1.1250877E-02
3.1381000E+02 2.5927000E+02 8.6700000E+00 2.0000000E+01 10 5.5270955E+01 7.6893155E-02 1.8950937E-01 -2.3220182E-03 3.9473229E-03 8.3955426E-03 5.5896493E-03 5.0267105E-03 5.4819040E-05 4.9507774E-03 9.4353828E-04 6.0710844E-03 3.1230280E-02 1.1794316E-02 5.6910650E-05 2.1335963E+00 1.8107542E+01 -1.5071447E-02
3.1381000E+02 2.5927000E+02 8.6700000E+00 2.5000000E+01 10 5.5258478E+01 9.1662964E-02 2.1699797E-01 -2.1961250E-03 4.9747711E-03 8.5989070E-03 6.3457971E-03 4.0364083E-03 7.1504450E-05 4.8827568E-03 7.5765370E-04 5.7605991E-03 3.4941653E-02 1.4862012E-02 7.1340901E-05 2.0831158E+00 1.8168799E+01 -1.7384887E-02
3.1381000E+02 2.5927000E+02 8.6700000E+00 3.0000000E+01 10 5.5249789E+01 1.0206781E-01 2.3650775E-01 -2.1099164E-03 5.7236075E-03 8.7973349E-03 6.9227574E-03 3.3582740E-03 8.4567441E-05 4.8594702E-03 6.3036454E-04 5.5695486E-03 3.7483270E-02 1.7097671E-02 8.1544261E-05 2.0583311E+00 1.8198768E+01 -1.8737813E-02
3.1381000E+02 2.5927000E+02 8.6700000E+00 3.5000000E+01 10 5.5243749E+01 1.0932283E-01 2.5035678E-01 -2.0502562E-03 6.2608687E-03 8.9904381E-03 7.3778218E-03 2.8889749E-03 9.4466942E-05 4.8528799E-03 5.4227480E-04 5.4466975E-03 3.9242289E-02 1.8701662E-02 8.8611259E-05 2.0458725E+00 1.8213876E+01 -1.9524812E-02
3.1381000E+02 2.5927000E+02 8.6700000E+00 4.0000000E+01 10 5.5239485E+01 1.1442861E-01 2.6034945E-01 -2.0079434E-03 6.6476347E-03 9.1755028E-03 7.7486773E-03 2.5561338E-03 1.0191035E-04 4.8508503E-03 4.7979889E-04 5.3626297E-03 4.0489916E-02 1.9856402E-02 9.3508263E-05 2.0396072E+00 1.8221593E+01 -1.9987465E-02
3.1381000E+02 2.5927000E+02 8.6700000E+00 4.5000000E+01 10 5.5236403E+01 1.1808898E-01 2.6773706E-01 -1.9769765E-03 6.9299493E-03 9.3504344E-03 8.0595809E-03 2.3125422E-03 1.0753177E-04 4.8487438E-03 4.3407555E-04 5.3010175E-03 4.1403055E-02 2.0699349E-02 9.6944816E-05 2.0365325E+00 1.8225516E+01 -2.0265248E-02
3.1381000E+02 2.5927000E+02 8.6700000E+00 5.0000000E+01 10 5.5234111E+01 1.2077545E-01 2.7335180E-01 -1.9535400E-03 7.1400848E-03 9.5140872E-03 8.3261409E-03 2.1281857E-03 1.1182010E-04 4.8451593E-03 3.9947092E-04 5.2529020E-03 4.2094187E-02 2.1326835E-02 9.9404423E-05 2.0351190E+00 1.8227466E+01 -2.0437101E-02
3.1381000E+02 2.5927000E+02 8.6700000E+00 5.5000000E+01 10 5.5232358E+01 1.2279938E-01 2.7774096E-01 -1.9352164E-03 7.3000865E-03 9.6660406E-03 8.5585513E-03 1.9840483E-03 1.1514539E-04 4.8400344E-03 3.7241562E-04 5.2133656E-03 4.2634575E-02 2.1804656E-02 1.0120643E-04 2.0345735E+00 1.8228371E+01 -2.0547392E-02
3.1381000E+02 2.5927000E+02 8.6700000E+00 6.0000000E+01 10 5.5230979E+01 1.2436467E-01 2.8126391E-01 -1.9204611E-03 7.4248078E-03 9.8063584E-03 8.7636578E-03 1.8679806E-03 1.1777924E-04 4.8337259E-03 3.5062915E-04 5.1796330E-03 4.3069751E-02 2.2177148E-02 1.0256007E-04 2.0344727E+00 1.8228714E+01 -2.0621443E-02
3.1381000E+02 2.5927000E+02 8.6700000E+00 6.5000000E+01 10 5.5229864E+01 1.2560703E-01 2.8416005E-01 -1.9082722E-03 7.5243314E-03 9.9354127E-03 8.9462322E-03 1.7721001E-03 1.1990434E-04 4.8266715E-03 3.3263190E-04 5.1501397E-03 4.3429260E-02 2.2474404E-02 1.0360274E-04 2.0345941E+00 1.8228755E+01 -2.0673607E-02
3.1381000E+02 2.5927000E+02 8.6700000E+00 6.6000000E+01 10 5.5224155E+01 1.3689201E-01 3.1203444E-01 -1.9059298E-03 9.5180648E-03 1.1949538E-02 1.0970643E-02 1.7536745E-03 1.3785312E-04 5.8136608E-03 3.2917333E-04 6.1184240E-03 4.3515399E-02 2.8430731E-02 1.3568340E-04 2.0331882E+00 1.8265924E+01 -2.0752195E-02
3.1381000E+02 2.5927000E+02 8.6700000E+00 6.7000000E+01 10 5.5224076E+01 1.3686615E-01 3.1205328E-01 -1.9036763E-03 9.4985055E-03 1.1945751E-02 1.0976751E-02 1.7359478E-03 1.3962716E-04 5.7938826E-03 3.2584595E-04 6.0935329E-03 4.3580750E-02 2.8371904E-02 1.3350506E-04 2.0288187E+00 1.8286280E+01 -2.0961936E-02
3.1381000E+02 2.5927000E+02 8.6700000E+00 7.2000000E+01 10 5.5226034E+01 1.2666027E-01 2.8716383E-01 -1.8634429E-03 7.4193257E-03 9.9516182E-03 9.0247481E-03 1.6604722E-03 1.2131318E-04 4.7071822E-03 3.1167880E-04 5.0076025E-03 4.4377693E-02 2.2160650E-02 9.9928259E-05 1.9963384E+00 1.8551633E+01 -2.2630425E-02
3.1381000E+02 2.5927000E+02 8.6700000E+00 7.7000000E+01 10 5.5220639E+01 1.2947016E-01 2.9344432E-01 -1.8139047E-03 7.5576303E-03 1.0043361E-02 9.1529312E-03 1.5951902E-03 1.3501660E-04 4.7390431E-03 2.9942504E-04 5.0207381E-03 4.5364159E-02 2.2573341E-02 1.2695613E-04 1.9791071E+00 1.8652863E+01 -2.3680910E-02
3.1381000E+02 2.5927000E+02 8.6700000E+00 8.2000000E+01 10 5.5215641E+01 1.3246520E-01 3.0000575E-01 -1.7704128E-03 7.7581245E-03 1.0169067E-02 9.3105540E-03 1.5380106E-03 1.5366131E-04 4.8075605E-03 2.8869216E-04 5.0702944E-03 4.6240112E-02 2.3171486E-02 1.5804850E-04 1.9712265E+00 1.8700680E+01 -2.4266529E-02
3.1381000E+02 2.5927000E+02 8.6700000E+00 8.7000000E+01 10 5.5211757E+01 1.3494089E-01 3.0545492E-01 -1.7370020E-03 7.9387684E-03 1.0293032E-02 9.4627610E-03 1.4874166E-03 1.7117140E-04 4.8696659E-03 2.7919541E-04 5.1158943E-03 4.6928331E-02 2.3710441E-02 1.8441942E-04 1.9676131E+00 1.8725272E+01 -2.4601320E-02
3.1381000E+02 2.5927000E+02 8.6700000E+00 9.1000000E+01 10 5.5207998E+01 1.3926562E-01 3.1557170E-01 -1.7162566E-03 8.5398226E-03 1.0830507E-02 1.0020816E-02 1.4505478E-03 1.9424585E-04 5.1507660E-03 2.7227495E-04 5.3795698E-03 4.7381176E-02 2.5505180E-02 2.1838542E-04 1.9587347E+00 1.8746491E+01 -2.5163720E-02
3.1381000E+02 2.5927000E+02 8.6700000E+00 9.2000000E+01 10 5.5203173E+01 1.4825017E-01 3.3739254E-01 -1.7114294E-03 1.0090762E-02 1.2320241E-02 1.1515574E-02 1.4415471E-03 2.3121227E-04 5.9234337E-03 2.7058548E-04 6.1351516E-03 4.7538281E-02 3.0138040E-02 2.8188867E-04 1.9553488E+00 1.8755065E+01 -2.5365593E-02
3.1381000E+02 2.5927000E+02 8.6700000E+00 9.7000000E+01 10 5.5203039E+01 1.3793711E-01 3.1337024E-01 -2.1944241E-03 7.9739066E-03 1.0352787E-02 9.5706967E-03 1.4011008E-03 1.9319511E-04 4.8371824E-03 2.6299351E-04 5.0610376E-03 4.8647780E-02 2.3814689E-02 2.0857168E-04 1.9321732E+00 1.8792452E+01 -2.6915433E-02
3.1381000E+02 2.5927000E+02 8.6700000E+00 1.0200000E+02 10 5.5195258E+01 1.4105862E-01 3.2127556E-01 -2.8550258E-03 8.1352877E-03 1.0437780E-02 9.6760987E-03 1.3645390E-03 2.0474778E-04 4.8981731E-03 2.5613068E-04 5.1084250E-03 5.0030870E-02 2.4296089E-02 2.2664062E-04 1.9184854E+00 1.8820452E+01 -2.8034250E-02
3.1381000E+02 2.5927000E+02 8.6700000E+00 1.0700000E+02 10 5.5188391E+01 1.4411752E-01 3.2882231E-01 -3.4365981E-03 8.3308824E-03 1.0544127E-02 9.8009884E-03 1.3313209E-03 2.1709018E-04 4.9785998E-03 2.4989548E-04 5.1750053E-03 5.1225851E-02 2.4879515E-02 2.4329745E-04 1.9114424E+00 1.8837469E+01 -2.8743675E-02
3.1381000E+02 2.5927000E+02 8.6700000E+00 1.1200000E+02 10 5.5183163E+01 1.4657958E-01 3.3485718E-01 -3.8691192E-03 8.5007500E-03 1.0645676E-02 9.9194591E-03 1.3010045E-03 2.2838728E-04 5.0474180E-03 2.4420493E-04 5.2318048E-03 5.2138052E-02 2.5386238E-02 2.5686414E-04 1.9078080E+00 1.8847485E+01 -2.9188047E-02
3.1381000E+02 2.5927000E+02 8.6700000E+00 1.1700000E+02 10 5.5179393E+01 1.4842975E-01 3.3939624E-01 -4.1694844E-03 8.6334112E-03 1.0734980E-02 1.0024271E-02 1.2732226E-03 2.3793148E-04 5.0985891E-03 2.3899014E-04 5.2729610E-03 5.2805909E-02 2.5782016E-02 2.6715103E-04 1.9058619E+00 1.8853445E+01 -2.9472185E-02
3.1381000E+02 2.5927000E+02 8.6700000E+00 1.2200000E+02 10 5.5176694E+01 1.4980511E-01 3.4278734E-01 -4.3740680E-03 8.7344301E-03 1.0812506E-02 1.0116062E-02 1.2476671E-03 2.4574659E-04 5.1348305E-03 2.3419325E-04 5.3008290E-03 5.3295571E-02 2.6083426E-02 2.7473964E-04 1.9047777E+00 1.8857085E+01 -2.9660047E-02
3.1381000E+02 2.5927000E+02 8.6700000E+00 1.2400000E+02 10 5.5171050E+01 1.5980150E-01 3.6626347E-01 -4.4429548E-03 1.0405320E-02 1.2282124E-02 1.1591197E-02 1.2377828E-03 2.9076244E-04 5.9704900E-03 2.3233791E-04 6.1107100E-03 5.3532346E-02 3.1073312E-02 3.4719599E-04 1.8991986E+00 1.8866641E+01 -3.0047215E-02
3.1381000E+02 2.5927000E+02 8.6700000E+00 1.2500000E+02 10 5.5169304E+01 1.6267564E-01 3.7328167E-01 -4.4744519E-03 1.0888799E-02 1.2752872E-02 1.2064659E-02 1.2329228E-03 3.0467868E-04 6.2104665E-03 2.3142568E-04 6.3441390E-03 5.3631116E-02 3.2517327E-02 3.6579053E-04 1.8945604E+00 1.8873334E+01 -3.0357397E-02
3.1381000E+02 2.5927000E+02 8.6700000E+00 1.3000000E+02 10 5.5174389E+01 1.5005984E-01 3.4422196E-01 -4.5810555E-03 8.6639934E-03 1.0817690E-02 1.0142593E-02 1.2094249E-03 2.5183575E-04 5.0765631E-03 2.2701499E-04 5.2349924E-03 5.3845324E-02 2.5872779E-02 2.7069263E-04 1.8906216E+00 1.8875542E+01 -3.0686629E-02
3.1381000E+02 2.5927000E+02 8.6700000E+00 1.3100000E+02 10 5.5167603E+01 1.6333456E-01 3.7515410E-01 -4.6006865E-03 1.0912135E-02 1.2796610E-02 1.2124074E-02 1.2048374E-03 3.1074831E-04 6.2053192E-03 2.2615391E-04 6.3328322E-03 5.3999004E-02 3.2587068E-02 3.7482114E-04 1.8898497E+00 1.8878888E+01 -3.0747165E-02
3.1381000E+02 2.5927000E+02 8.6700000E+00 1.3200000E+02 10 5.5167385E+01 1.6335832E-01 3.7524294E-01 -4.6188524E-03 1.0902597E-02 1.2791324E-02 1.2121269E-02 1.2003914E-03 3.1086046E-04 6.1984334E-03 2.2531938E-04 6.3237803E-03 5.4048168E-02 3.2558210E-02 3.6884583E-04 1.8879129E+00 1.8882192E+01 -3.0884302E-02
3.1381000E+02 2.5927000E+02 8.6700000E+00 1.3700000E+02 10 5.5166619E+01 1.5211021E-01 3.5039814E-01 -5.7485857E-03 8.6859303E-03 1.0865192E-02 1.0206447E-02 1.1801303E-03 2.5694305E-04 5.0704843E-03 2.2151627E-04 5.2213494E-03 5.5426569E-02 2.5938001E-02 2.7340745E-04 1.8719507E+00 1.8869890E+01 -3.2312481E-02
3.1381000E+02 2.5927000E+02 8.6700000E+00 1.4200000E+02 10 5.5156468E+01 1.5582945E-01 3.6012137E-01 -7.2692646E-03 8.9003430E-03 1.0993902E-02 1.0345629E-02 1.1613706E-03 2.5740667E-04 5.1687512E-03 2.1799498E-04 5.3092845E-03 5.7332597E-02 2.6577794E-02 2.7611535E-04 1.8629456E+00 1.8832785E+01 -3.3414209E-02
3.1381000E+02 2.5927000E+02 8.6700000E+00 1.4700000E+02 10 5.5147195E+01 1.5953538E-01 3.6951381E-01 -8.6315286E-03 9.1463514E-03 1.1141017E-02 1.0502521E-02 1.1438550E-03 2.5247853E-04 5.2840436E-03 2.1470722E-04 5.4132294E-03 5.9025060E-02 2.7311740E-02 2.6629205E-04 1.8583680E+00 1.8779029E+01 -3.4162755E-02
3.1381000E+02 2.5927000E+02 8.6700000E+00 1.5200000E+02 10 5.5140013E+01 1.6251151E-01 3.7698499E-01 -9.6691579E-03 9.3528474E-03 1.1272554E-02 1.0643230E-02 1.1274229E-03 2.4419477E-04 5.3796773E-03 2.1162282E-04 5.4991863E-03 6.0318214E-02 2.7927821E-02 2.4868973E-04 1.8558221E+00 1.8716232E+01 -3.4664790E-02
3.1381000E+02 2.5927000E+02 8.6700000E+00 1.5700000E+02 10 5.5134797E+01 1.6472162E-01 3.8251849E-01 -1.0408651E-02 9.5090098E-03 1.1380828E-02 1.0760134E-02 1.1119619E-03 2.3491092E-04 5.4500647E-03 2.0872072E-04 5.5618584E-03 6.1251013E-02 2.8393762E-02 2.2840317E-04 1.8542373E+00 1.8650261E+01 -3.5005393E-02
3.1381000E+02 2.5927000E+02 8.6700000E+00 1.6200000E+02 10 5.5131063E+01 1.6633414E-01 3.8655984E-01 -1.0925934E-02 9.6240837E-03 1.1468628E-02 1.0856072E-02 1.0973833E-03 2.2616747E-04 5.4999290E-03 2.0598425E-04 5.6055582E-03 6.1917544E-02 2.8737132E-02 2.0890898E-04 1.8531804E+00 1.8586857E+01 -3.5240897E-02
3.1381000E+02 2.5927000E+02 8.6700000E+00 1.6700000E+02 10 5.5128357E+01 1.6752482E-01 3.8955642E-01 -1.1290540E-02 9.7097234E-03 1.1540871E-02 1.0936004E-02 1.0836103E-03 2.1869480E-04 5.5352177E-03 2.0339898E-04 5.6357822E-03 6.2401998E-02 2.8992690E-02 1.9196636E-04 1.8524580E+00 1.8531641E+01 -3.5407475E-02
3.1381000E+02 2.5927000E+02 8.6700000E+00 1.6800000E+02 10 5.5121049E+01 1.8143053E-01 4.2119836E-01 -1.1357887E-02 1.2018978E-02 1.3505046E-02 1.2901698E-02 1.0808873E-03 2.4062577E-04 6.6977476E-03 2.0288787E-04 6.7628679E-03 6.2514158E-02 3.5888865E-02 2.3074844E-04 1.8517204E+00 1.8540398E+01 -3.5489914E-02
3.1381000E+02 2.5927000E+02 8.6700000E+00 1.6900000E+02 10 5.5120687E+01 1.8141969E-01 4.2126686E-01 -1.1420163E-02 1.2000474E-02 1.3493641E-02 1.2891796E-02 1.0781954E-03 2.4071550E-04 6.6873919E-03 2.0238258E-04 6.7508391E-03 6.2596207E-02 3.5833194E-02 2.2349056E-04 1.8492032E+00 1.8543514E+01 -3.5699479E-02
3.1381000E+02 2.5927000E+02 8.6700000E+00 1.7400000E+02 10 5.5133370E+01 1.6098946E-01 3.8474313E-01 -1.5421287E-02 9.5761290E-03 1.1489993E-02 1.0895265E-02 1.0654453E-03 2.0966345E-04 5.4565529E-03 1.9998933E-04 5.5560376E-03 6.1645326E-02 2.8593572E-02 1.6706581E-04 1.9176139E+00 1.8425811E+01 -3.1140705E-02
3.1381000E+02 2.5927000E+02 8.6700000E+00 1.7500000E+02 10 5.5128833E+01 1.7148798E-01 4.1212796E-01 -1.6376633E-02 1.1642667E-02 1.3431852E-02 1.2838532E-02 1.0629232E-03 2.2817313E-04 6.4924091E-03 1.9951590E-04 6.5699525E-03 6.1424198E-02 3.4766774E-02 2.0197283E-04 1.9339843E+00 1.8425388E+01 -3.0140485E-02
3.1381000E+02 2.5927000E+02 8.6700000E+00 1.7600000E+02 10 5.5130960E+01 1.6890434E-01 4.0943285E-01 -1.7467766E-02 1.1519658E-02 1.3406349E-02 1.2814422E-02 1.0604284E-03 2.2692830E-04 6.4274664E-03 1.9904762E-04 6.5094299E-03 6.1132068E-02 3.4399880E-02 1.9576637E-04 1.9523879E+00 1.8412753E+01 -2.9049496E-02
3.1381000E+02 2.5927000E+02 8.6700000E+00 1.8100000E+02 10 5.5086422E+01 1.6314029E-01 4.1467284E-01 -2.7565898E-02 9.0310061E-03 1.1410840E-02 1.0825527E-02 1.0485800E-03 1.9513426E-04 5.1630315E-03 1.9682362E-04 5.2861384E-03 7.0795866E-02 2.6969232E-02 1.4668583E-04 1.8458986E+00 1.8475141E+01 -3.9084528E-02
3.1381000E+02 2.5927000E+02 8.6700000E+00 1.8600000E+02 10 5.5008478E+01 1.8252733E-01 4.7447308E-01 -3.8255594E-02 9.2376580E-03 1.1471053E-02 1.0892033E-02 1.0373045E-03 1.9230275E-04 5.2638238E-03 1.9470716E-04 5.3740757E-03 8.5116119E-02 2.7585182E-02 1.4516003E-04 1.7216375E+00 1.8569089E+01 -5.4863918E-02
3.1381000E+02 2.5927000E+02 8.6700000E+00 1.9100000E+02 10 5.4935371E+01 2.0443618E-01 5.3430093E-01 -4.7082877E-02 9.8377510E-03 1.1565913E-02 1.0992894E-02 1.0265545E-03 1.9677371E-04 5.5710144E-03 1.9268932E-04 5.6453370E-03 9.8248817E-02 2.9372534E-02 1.4785333E-04 1.6408128E+00 1.8624764E+01 -6.8873066E-02
3.1381000E+02 2.5927000E+02 8.6700000E+00 1.9600000E+02 10 5.4878432E+01 2.2324924E-01 5.8294481E-01 -5.3595170E-02 1.0525401E-02 1.1658912E-02 1.1091624E-02 1.0162871E-03 2.0500868E-04 5.9246300E-03 1.9076209E-04 5.9573014E-03 1.0832128E-01 3.1420335E-02 1.5132986E-04 1.5935326E+00 1.8653933E+01 -7.9085715E-02
3.1381000E+02 2.5927000E+02 8.6700000E+00 2.0100000E+02 10 5.4837366E+01 2.3771703E-01 6.1923002E-01 -5.8187902E-02 1.1148011E-02 1.1740253E-02 1.1178448E-02 1.0064641E-03 2.1480920E-04 6.2445313E-03 1.8891826E-04 6.2392577E-03 1.1550130E-01 3.3274398E-02 1.5421025E-04 1.5663830E+00 1.8669163E+01 -8.5938543E-02
3.1381000E+02 2.5927000E+02 8.6700000E+00 2.0600000E+02 10 5.4808463E+01 2.4838881E-01 6.4551394E-01 -6.1401599E-02 1.1662373E-02 1.1811021E-02 1.1254470E-02 9.9705087E-04 2.2472760E-04 6.5078832E-03 1.8715135E-04 6.4713363E-03 1.2050769E-01 3.4806201E-02 1.5626011E-04 1.5507270E+00 1.8677212E+01 -9.0402255E-02
3.1381000E+02 2.5927000E+02 8.6700000E+00 2.1100000E+02 10 5.4788045E+01 2.5620551E-01 6.6456925E-01 -6.3680413E-02 1.2073149E-02 1.1874663E-02 1.1323155E-02 9.8801648E-04 2.3393719E-04 6.7170794E-03 1.8545555E-04 6.6557288E-03 1.2401852E-01 3.6029664E-02 1.5761419E-04 1.5415937E+00 1.8681443E+01 -9.3306577E-02
3.1381000E+02 2.5927000E+02 8.6700000E+00 2.1600000E+02 10 5.4773337E+01 2.6199745E-01 6.7862422E-01 -6.5336883E-02 1.2399259E-02 1.1934076E-02 1.1387416E-02 9.7933296E-04 2.4208973E-04 6.8820473E-03 1.8382561E-04 6.8011707E-03 1.2653314E-01 3.7001113E-02 1.5846943E-04 1.5361946E+00 1.8683621E+01 -9.5225089E-02
3.1381000E+02 2.5927000E+02 8.6700000E+00 2.2100000E+02 10 5.4762450E+01 2.6638071E-01 6.8925902E-01 -6.6577795E-02 1.2660324E-02 1.1991081E-02 1.1449086E-02 9.7097511E-04 2.4912154E-04 7.0130781E-03 1.8225680E-04 6.9167233E-03 1.2838728E-01 3.7778944E-02 1.5899095E-04 1.5329672E+00 1.8684704E+01 -9.6523449E-02
3.1381000E+02 2.5927000E+02 8.6700000E+00 2.2600000E+02 10 5.4754142E+01 2.6978301E-01 6.9754017E-01 -6.7536983E-02 1.2872553E-02 1.2046614E-02 1.1509115E-02 9.6292011E-04 2.5512160E-04 7.1186599E-03 1.8074484E-04 7.0098801E-03 1.2979884E-01 3.8411394E-02 1.5929959E-04 1.5310273E+00 1.8685193E+01 -9.7427807E-02
3.1381000E+02 2.5927000E+02 8.6700000E+00 2.3100000E+02 10 5.4747606E+01 2.7249383E-01 7.0417529E-01 -6.8300875E-02 1.3048225E-02 1.2101048E-02 1.1567888E-02 9.5514730E-04 2.6023703E-04 7.2052227E-03 1.7928585E-04 7.0863145E-03 1.3090803E-01 3.8935008E-02 1.5947743E-04 1.5298665E+00 1.8685351E+01 -9.8077291E-02
3.1381000E+02 2.5927000E+02 8.6700000E+00 2.3600000E+02 10 5.4742319E+01 2.7470803E-01 7.0963347E-01 -6.8925771E-02 1.3196296E-02 1.2154440E-02 1.1625471E-02 9.4763794E-04 2.6461700E-04 7.2774582E-03 1.7787630E-04 7.1501551E-03 1.3180545E-01 3.9376434E-02 1.5957747E-04 1.5291861E+00 1.8685319E+01 -9.8558181E-02
3.1381000E+02 2.5927000E+02 8.6700000E+00 2.4100000E+02 10 5.4737933E+01 2.7655772E-01 7.1422854E-01 -6.9448898E-02 1.3323215E-02 1.2206700E-02 1.1681786E-02 9.4037496E-04 2.6839404E-04 7.3387339E-03 1.7651301E-04 7.2043842E-03 1.3255042E-01 3.9754870E-02 1.5963176E-04 1.5288074E+00 1.8685224E+01 -9.8924742E-02
3.1381000E+02 2.5927000E+02 8.6700000E+00 2.4600000E+02 10 5.4734219E+01 2.7813276E-01 7.1817287E-01 -6.9895349E-02 1.3433592E-02 1.2257693E-02 1.1736704E-02 9.3334282E-04 2.7168235E-04 7.3914551E-03 1.7519304E-04 7.2511293E-03 1.3318240E-01 4.0084035E-02 1.5966055E-04 1.5286200E+00 1.8685087E+01 -9.9211844E-02
3.1381000E+02 2.5927000E+02 8.6700000E+00 2.5100000E+02 10 5.4731017E+01 2.7949530E-01 7.2161268E-01 -7.0282421E-02 1.3530729E-02 1.2307285E-02 1.1790101E-02 9.2652732E-04 2.7457128E-04 7.4373487E-03 1.7391373E-04 7.2919050E-03 1.3372824E-01 4.0373754E-02 1.5967593E-04 1.5285547E+00 1.8684932E+01 -9.9442404E-02
3.1381000E+02 2.5927000E+02 8.6700000E+00 2.5600000E+02 10 5.4728218E+01 2.8068911E-01 7.2465082E-01 -7.0622330E-02 1.3617017E-02 1.2355373E-02 1.1841880E-02 9.1991549E-04 2.7713170E-04 7.4776720E-03 1.7267266E-04 7.3277996E-03 1.3420661E-01 4.0631146E-02 1.5968442E-04 1.5285666E+00 1.8684773E+01 -9.9631845E-02
3.1381000E+02 2.5927000E+02 8.6700000E+00 2.6100000E+02 10 5.4725744E+01 2.8174573E-01 7.2736135E-01 -7.0923930E-02 1.3694226E-02 1.2401886E-02 1.1891976E-02 9.1349543E-04 2.7941936E-04 7.5133599E-03 1.7146758E-04 7.3596099E-03 1.3463084E-01 4.0861478E-02 1.5968937E-04 1.5286262E+00 1.8684625E+01 -9.9790780E-02
3.1381000E+02 2.5927000E+02 8.6700000E+00 2.6400000E+02 10 5.4719570E+01 2.9196406E-01 7.4819711E-01 -7.1092675E-02 1.5209068E-02 1.3336094E-02 1.2828296E-02 9.0971000E-04 2.9645242E-04 8.2852716E-03 1.7075704E-04 8.0846051E-03 1.3487515E-01 4.5380822E-02 1.7942068E-04 1.5259432E+00 1.8738216E+01 -1.0039514E-01
3.1381000E+02 2.5927000E+02 8.6700000E+00 2.6500000E+02 10 5.4714347E+01 3.0174388E-01 7.6799072E-01 -7.1147621E-02 1.6686438E-02 1.4276255E-02 1.3769158E-02 9.0845550E-04 3.1068631E-04 9.0384558E-03 1.7052156E-04 8.7950382E-03 1.3495880E-01 4.9788969E-02 1.9807600E-04 1.5246215E+00 1.8766515E+01 -1.0068154E-01
3.1381000E+02 2.5927000E+02 8.6700000E+00 2.7000000E+02 10 5.4721542E+01 2.8463878E-01 7.3439563E-01 -7.1352752E-02 1.4040481E-02 1.2665304E-02 1.2160767E-02 9.0386816E-04 2.9049721E-04 7.6842414E-03 1.6966050E-04 7.5185486E-03 1.3523338E-01 4.1894557E-02 1.6034871E-04 1.5355816E+00 1.8672108E+01 -9.8769810E-02
3.1381000E+02 2.5927000E+02 8.6700000E+00 2.7500000E+02 10 5.4718462E+01 2.8831103E-01 7.4220832E-01 -7.1547600E-02 1.4545634E-02 1.3000714E-02 1.2499163E-02 8.9852003E-04 2.9568100E-04 7.9387220E-03 1.6865663E-04 7.7576142E-03 1.3551164E-01 4.3401902E-02 1.6719390E-04 1.5481223E+00 1.8607763E+01 -9.6612577E-02
3.1381000E+02 2.5927000E+02 8.6700000E+00 2.8000000E+02 10 5.4715762E+01 2.9137799E-01 7.4888629E-01 -7.1729785E-02 1.4966658E-02 1.3302866E-02 1.2804362E-02 8.9306128E-04 3.0117572E-04 8.1499536E-03 1.6763199E-04 7.9563962E-03 1.3577190E-01 4.4658366E-02 1.7074374E-04 1.5588495E+00 1.8564313E+01 -9.4812200E-02
3.1381000E+02 2.5927000E+02 8.6700000E+00 2.8500000E+02 10 5.4713542E+01 2.9366340E-01 7.5410848E-01 -7.1898114E-02 1.5280128E-02 1.3558509E-02 1.3062944E-02 8.8779570E-04 3.0607728E-04 8.3060484E-03 1.6664362E-04 8.1040046E-03 1.3601226E-01 4.5594108E-02 1.7243790E-04 1.5670367E+00 1.8537004E+01 -9.3475682E-02
3.1381000E+02 2.5927000E+02 8.6700000E+00 2.8900000E+02 10 5.4709792E+01 2.9956504E-01 7.6660098E-01 -7.2024356E-02 1.6164456E-02 1.4178468E-02 1.3685167E-02 8.8374017E-04 3.1690092E-04 8.7543489E-03 1.6588238E-04 8.5273137E-03 1.3619554E-01 4.8233105E-02 1.8171419E-04 1.5702868E+00 1.8580361E+01 -9.2990146E-02
3.1381000E+02 2.5927000E+02 8.6700000E+00 2.9000000E+02 10 5.4702417E+01 3.1397828E-01 7.9599880E-01 -7.2055400E-02 1.8371534E-02 1.5639589E-02 1.5146848E-02 8.8273624E-04 3.3554024E-04 9.8786022E-03 1.6569393E-04 9.5912839E-03 1.3624868E-01 5.4819465E-02 2.0828495E-04 1.5709012E+00 1.8633985E+01 -9.2911999E-02
3.1381000E+02 2.5927000E+02 8.6700000E+00 2.9500000E+02 10 5.4752155E+01 2.8478696E-01 7.2788299E-01 -6.7150828E-02 1.5444985E-02 1.3836742E-02 1.3346687E-02 8.7792541E-04 3.1436731E-04 8.3820949E-03 1.6479092E-04 8.1780997E-03 1.2882081E-01 4.6087116E-02 1.6917033E-04 1.6145449E+00 1.8531746E+01 -8.3125206E-02
3.1381000E+02 2.5927000E+02 8.6700000E+00 3.0000000E+02 10 5.4815130E+01 2.6818688E-01 6.8060579E-01 -5.9519874E-02 1.5325168E-02 1.3962074E-02 1.3474611E-02 8.7328126E-04 3.1277042E-04 8.3128578E-03 1.6391919E-04 8.1233073E-03 1.1729296E-01 4.5732352E-02 1.6879072E-04 1.6889718E+00 1.8449089E+01 -6.8677423E-02
3.1381000E+02 2.5927000E+02 8.6700000E+00 3.0100000E+02 10 5.4820422E+01 2.8069682E-01 7.0469223E-01 -5.7912965E-02 1.7839701E-02 1.5890485E-02 1.5403537E-02 8.7235877E-04 3.3365916E-04 9.5861510E-03 1.6374603E-04 9.3452692E-03 1.1487879E-01 5.3240000E-02 2.0235484E-04 1.7056758E+00 1.8500010E+01 -6.5789019E-02
3.1381000E+02 2.5927000E+02 8.6700000E+00 3.0200000E+02 10 5.4834462E+01 2.7631679E-01 6.9319241E-01 -5.6258448E-02 1.7711800E-02 1.5902552E-02 1.5416116E-02 8.7144230E-04 3.3525582E-04 9.5182155E-03 1.6357401E-04 9.2855442E-03 1.1237898E-01 5.2859366E-02 1.9914810E-04 1.7227621E+00 1.8506234E+01 -6.2928368E-02
3.1381000E+02 2.5927000E+02 8.6700000E+00 3.0300000E+02 10 5.4850687E+01 2.7062547E-01 6.7890514E-01 -5.4387377E-02 1.7467682E-02 1.5885604E-02 1.5396870E-02 8.7555900E-04 3.3652694E-04 9.3932938E-03 1.6434673E-04 9.1747376E-03 1.0954307E-01 5.2132170E-02 1.9484868E-04 1.7393441E+00 1.8515610E+01 -6.0137146E-02
3.1381000E+02 2.5927000E+02 8.6700000E+00 3.0800000E+02 10 5.4923968E+01 2.3245434E-01 5.8754776E-01 -4.6813086E-02 1.3993378E-02 1.3783428E-02 1.3293033E-02 8.7853477E-04 3.0199693E-04 7.6194099E-03 1.6490530E-04 7.5068981E-03 9.8071068E-02 4.1766021E-02 1.5063217E-04 1.8066917E+00 1.8424963E+01 -4.9765200E-02
3.1381000E+02 2.5927000E+02 8.6700000E+00 3.1300000E+02 10 5.4971651E+01 2.1582134E-01 5.4542720E-01 -4.1319520E-02 1.3262458E-02 1.3685868E-02 1.3196324E-02 8.7700992E-04 2.8791723E-04 7.2341778E-03 1.6461908E-04 7.1672001E-03 8.9765274E-02 3.9589548E-02 1.4639972E-04 1.8654090E+00 1.8360281E+01 -4.2313764E-02
3.1381000E+02 2.5927000E+02 8.6700000E+00 3.1800000E+02 10 5.5005185E+01 2.0378197E-01 5.1553921E-01 -3.7482844E-02 1.2705252E-02 1.3658071E-02 1.3170004E-02 8.7436359E-04 2.7477505E-04 6.9379335E-03 1.6412235E-04 6.9088062E-03 8.3963808E-02 3.7930539E-02 1.4272051E-04 1.9117534E+00 1.8308065E+01 -3.7256029E-02
3.1381000E+02 2.5927000E+02 8.6700000E+00 3.2300000E+02 10 5.5028709E+01 1.9491401E-01 4.9409936E-01 -3.4823478E-02 1.2254616E-02 1.3659754E-02 1.3173241E-02 8.7158130E-04 2.6226567E-04 6.6971467E-03 1.6360010E-04 6.7000476E-03 7.9940833E-02 3.6588668E-02 1.3937610E-04 1.9450040E+00 1.8271566E+01 -3.3968287E-02
3.1381000E+02 2.5927000E+02 8.6700000E+00 3.2800000E+02 10 5.5045418E+01 1.8824382E-01 4.7840785E-01 -3.2962413E-02 1.1880264E-02 1.3669411E-02 1.3184383E-02 8.6891861E-04 2.5054661E-04 6.4967825E-03 1.6310030E-04 6.5263247E-03 7.7123653E-02 3.5473660E-02 1.3643948E-04 1.9672926E+00 1.8247972E+01 -3.1872951E-02
3.1381000E+02 2.5927000E+02 8.6700000E+00 3.2900000E+02 10 5.5042778E+01 1.9851236E-01 5.0296005E-01 -3.2619290E-02 1.3811417E-02 1.5561419E-02 1.5076686E-02 8.6839203E-04 2.6520390E-04 7.4651825E-03 1.6300145E-04 7.4763592E-03 7.6619689E-02 4.1243169E-02 1.6608455E-04 1.9711970E+00 1.8287791E+01 -3.1516437E-02
3.1381000E+02 2.5927000E+02 8.6700000E+00 3.3000000E+02 10 5.5045740E+01 1.9714205E-01 4.9984648E-01 -3.2302623E-02 1.3714493E-02 1.5543910E-02 1.5059467E-02 8.6787190E-04 2.6432979E-04 7.4145522E-03 1.6290382E-04 7.4300883E-03 7.6139258E-02 4.0953911E-02 1.6345825E-04 1.9730590E+00 1.8304018E+01 -3.1301439E-02
3.1381000E+02 2.5927000E+02 8.6700000E+00 3.3500000E+02 10 5.5038141E+01 1.8856738E-01 4.7792155E-01 -3.1625960E-02 1.1271052E-02 1.3563489E-02 1.3080440E-02 8.6537417E-04 2.3547210E-04 6.1763096E-03 1.6243499E-04 6.2381131E-03 7.8863992E-02 3.3657087E-02 1.2889097E-04 1.8770341E+00 1.8364341E+01 -3.8512103E-02
3.1381000E+02 2.5927000E+02 8.6700000E+00 3.4000000E+02 10 5.5009708E+01 1.9954799E-01 4.9924870E-01 -3.1452980E-02 1.1323510E-02 1.3546621E-02 1.3064948E-02 8.6290911E-04 2.3067689E-04 6.2032443E-03 1.6197228E-04 6.2591251E-03 8.4051213E-02 3.3812399E-02 1.3194809E-04 1.7800666E+00 1.8444011E+01 -4.7899469E-02
3.1381000E+02 2.5927000E+02 8.6700000E+00 3.4500000E+02 10 5.4980706E+01 2.1248642E-01 5.2387569E-01 -3.1438296E-02 1.1683351E-02 1.3564779E-02 1.3084491E-02 8.6042641E-04 2.3176623E-04 6.3918100E-03 1.6150627E-04 6.4224722E-03 8.9130766E-02 3.4883076E-02 1.3697160E-04 1.7133487E+00 1.8495520E+01 -5.5870916E-02
3.1381000E+02 2.5927000E+02 8.6700000E+00 3.5000000E+02 10 5.4957289E+01 2.2389061E-01 5.4517384E-01 -3.1428505E-02 1.2126623E-02 1.3589760E-02 1.3110884E-02 8.5789835E-04 2.3592731E-04 6.6244751E-03 1.6103174E-04 6.6241554E-03 9.3125745E-02 3.6202183E-02 1.4189534E-04 1.6720348E+00 1.8526316E+01 -6.1580971E-02
3.1381000E+02 2.5927000E+02 8.6700000E+00 3.5500000E+02 10 5.4940240E+01 2.3277841E-01 5.6147219E-01 -3.1383311E-02 1.2535675E-02 1.3610402E-02 1.3132969E-02 8.5531408E-04 2.4143259E-04 6.8393854E-03 1.6054666E-04 6.8097258E-03 9.5974231E-02 3.7419494E-02 1.4591139E-04 1.6471786E+00 1.8544824E+01 -6.5361487E-02
3.1381000E+02 2.5927000E+02 8.6700000E+00 3.6000000E+02 10 5.4928390E+01 2.3933646E-01 5.7327925E-01 -3.1305403E-02 1.2872195E-02 1.3624920E-02 1.3148960E-02 8.5267329E-04 2.4734374E-04 7.0162354E-03 1.6005097E-04 6.9616337E-03 9.7918148E-02 3.8420985E-02 1.4893947E-04 1.6322351E+00 1.8556140E+01 -6.7781963E-02
3.1381000E+02 2.5927000E+02 8.6700000E+00 3.6500000E+02 10 5.4920286E+01 2.4407740E-01 5.8165990E-01 -3.1207444E-02 1.3135486E-02 1.3634747E-02 1.3160291E-02 8.4998131E-04 2.5311340E-04 7.1545524E-03 1.5954567E-04 7.0796738E-03 9.9225516E-02 3.9204591E-02 1.5114720E-04 1.6231312E+00 1.8563160E+01 -6.9319941E-02
3.1381000E+02 2.5927000E+02 8.6700000E+00 3.7000000E+02 10 5.4914734E+01 2.4750455E-01 5.8760794E-01 -3.1100848E-02 1.3337858E-02 1.3641783E-02 1.3168853E-02 8.4724596E-04 2.5845709E-04 7.2607249E-03 1.5903223E-04 7.1696272E-03 1.0010731E-01 3.9806939E-02 1.5273755E-04 1.6174637E+00 1.8567643E+01 -7.0305127E-02
3.1381000E+02 2.5927000E+02 8.6700000E+00 3.7500000E+02 10 5.4910880E+01 2.5001301E-01 5.9188340E-01 -3.0993445E-02 1.3493505E-02 1.3647519E-02 1.3176136E-02 8.4447571E-04 2.6323369E-04 7.3421368E-03 1.5851224E-04 7.2381411E-03 1.0071056E-01 4.0270259E-02 1.5388312E-04 1.6138381E+00 1.8570590E+01 -7.0947702E-02
3.1381000E+02 2.5927000E+02 8.6700000E+00 3.8000000E+02 10 5.4908147E+01 2.5188631E-01 5.9502175E-01 -3.0889916E-02 1.3614605E-02 1.3652914E-02 1.3183091E-02 8.4167870E-04 2.6740158E-04 7.4051406E-03 1.5798723E-04 7.2909023E-03 1.0113242E-01 4.0630786E-02 1.5471704E-04 1.6114458E+00 1.8572589E+01 -7.1377177E-02
3.1381000E+02 2.5927000E+02 8.6700000E+00 3.8500000E+02 10 5.4906159E+01 2.5331964E-01 5.9738606E-01 -3.0792747E-02 1.3710490E-02 1.3658494E-02 1.3190243E-02 8.3886232E-04 2.7098391E-04 7.4546169E-03 1.5745858E-04 7.3322567E-03 1.0143562E-01 4.0916283E-02 1.5533320E-04 1.6098132E+00 1.8573999E+01 -7.1672636E-02
3.1381000E+02 2.5927000E+02 8.6700000E+00 3.9000000E+02 10 5.4904670E+01 2.5444522E-01 5.9921865E-01 -3.0703036E-02 1.3787964E-02 1.3664488E-02 1.3197817E-02 8.3603307E-04 2.7403198E-04 7.4941472E-03 1.5692752E-04 7.3653523E-03 1.0166039E-01 4.1146997E-02 1.5579685E-04 1.6086592E+00 1.8575033E+01 -7.1882463E-02
3.1381000E+02 2.5927000E+02 8.6700000E+00 3.9500000E+02 10 5.4903521E+01 2.5535210E-01 6.0068044E-01 -3.0621058E-02 1.3851866E-02 1.3670944E-02 1.3205856E-02 8.3319656E-04 2.7661388E-04 7.5262973E-03 1.5639509E-04 7.3924088E-03 1.0183255E-01 4.1337321E-02 1.5615295E-04 1.6078136E+00 1.8575825E+01 -7.2036569E-02
3.1381000E+02 2.5927000E+02 8.6700000E+00 4.0000000E+02 10 5.4902607E+01 2.5610046E-01 6.0187857E-01 -3.0546627E-02 1.3905604E-02 1.3677804E-02 1.3214301E-02 8.3035762E-04 2.7880000E-04 7.5528951E-03 1.5586221E-04 7.4149717E-03 1.0196876E-01 4.1497396E-02 1.5643207E-04 1.6071714E+00 1.8576451E+01 -7.2153722E-02
3.1381000E+02 2.5927000E+02 8.6700000E+00 4.0500000E+02 10 5.4901860E+01 2.5673134E-01 6.0288492E-01 -3.0479311E-02 1.3951584E-02 1.3684965E-02 1.3223046E-02 8.2752039E-04 2.8065654E-04 7.5752466E-03 1.5532965E-04 7.4341150E-03 1.0207992E-01 4.1634375E-02 1.5665492E-04 1.6066663E+00 1.8576972E+01 -7.2245900E-02
3.1381000E+02 2.5927000E+02 8.6700000E+00 4.1000000E+02 10 5.4901235E+01 2.5727303E-01 6.0374825E-01 -3.0418569E-02 1.3991512E-02 1.3692311E-02 1.3231972E-02 8.2468842E-04 2.8224302E-04 7.5942925E-03 1.5479807E-04 7.4505887E-03 1.0217321E-01 4.1753338E-02 1.5683614E-04 1.6062556E+00 1.8577418E+01 -7.2320883E-02
3.1381000E+02 2.5927000E+02 8.6700000E+00 4.1200000E+02 10 5.4894214E+01 2.7111449E-01 6.3198167E-01 -3.0395288E-02 1.6128061E-02 1.5064401E-02 1.4604694E-02 8.2355669E-04 3.0350445E-04 8.6848883E-03 1.5458564E-04 8.4777994E-03 1.0221842E-01 4.8128696E-02 1.8525882E-04 1.6045278E+00 1.8641027E+01 -7.2584613E-02
3.1381000E+02 2.5927000E+02 8.6700000E+00 4.1700000E+02 10 5.4901119E+01 2.5667278E-01 6.0244746E-01 -3.0342852E-02 1.3859233E-02 1.3613166E-02 1.3155033E-02 8.2073684E-04 2.8462654E-04 7.5243208E-03 1.5405634E-04 7.3836736E-03 1.0228229E-01 4.1358442E-02 1.5312835E-04 1.5999630E+00 1.8611104E+01 -7.3233219E-02
3.1381000E+02 2.5927000E+02 8.6700000E+00 4.2200000E+02 10 5.4900673E+01 2.5707839E-01 6.0304493E-01 -3.0295623E-02 1.3887310E-02 1.3610028E-02 1.3153463E-02 8.1792893E-04 2.8427727E-04 7.5370153E-03 1.5352928E-04 7.3948026E-03 1.0234988E-01 4.1442094E-02 1.5488901E-04 1.5994859E+00 1.8599846E+01 -7.3309304E-02
3.1381000E+02 2.5927000E+02 8.6700000E+00 4.2700000E+02 10 5.4900108E+01 2.5777714E-01 6.0421097E-01 -3.0253079E-02 1.3961129E-02 1.3631955E-02 1.3176949E-02 8.1513511E-04 2.8502686E-04 7.5733141E-03 1.5300487E-04 7.4276654E-03 1.0241048E-01 4.1662124E-02 1.5612170E-04 1.6006319E+00 1.8590943E+01 -7.3155766E-02
3.1381000E+02 2.5927000E+02 8.6700000E+00 4.2900000E+02 10 5.4893058E+01 2.7177482E-01 6.3269332E-01 -3.0236779E-02 1.6121789E-02 1.5007320E-02 1.4552937E-02 8.1401997E-04 3.0621325E-04 8.6766893E-03 1.5279555E-04 8.4659667E-03 1.0244417E-01 4.8109285E-02 1.8509436E-04 1.5996040E+00 1.8649962E+01 -7.3319988E-02
3.1381000E+02 2.5927000E+02 8.6700000E+00 4.3000000E+02 10 5.4890882E+01 2.7606344E-01 6.4147864E-01 -3.0228804E-02 1.6781613E-02 1.5450894E-02 1.4996821E-02 8.1346301E-04 3.1399586E-04 9.0130927E-03 1.5269101E-04 8.7833701E-03 1.0245792E-01 5.0078295E-02 1.9188183E-04 1.5983594E+00 1.8673277E+01 -7.3506519E-02
3.1381000E+02 2.5927000E+02 8.6700000E+00 4.3500000E+02 10 5.4899270E+01 2.5921132E-01 6.0742829E-01 -3.0189904E-02 1.4188811E-02 1.3835793E-02 1.3380272E-02 8.1605843E-04 2.9430145E-04 7.6897615E-03 1.5317818E-04 7.5382444E-03 1.0244216E-01 4.2341253E-02 1.5578081E-04 1.6083955E+00 1.8583432E+01 -7.2079322E-02
3.1381000E+02 2.5927000E+02 8.6700000E+00 4.3600000E+02 10 5.4889932E+01 2.7796548E-01 6.4574550E-01 -3.0182428E-02 1.7090950E-02 1.5739869E-02 1.5284122E-02 8.1646242E-04 3.1873199E-04 9.1709236E-03 1.5325401E-04 8.9369651E-03 1.0245712E-01 5.1002018E-02 1.9584556E-04 1.6108393E+00 1.8622206E+01 -7.1749555E-02
3.1381000E+02 2.5927000E+02 8.6700000E+00 4.3700000E+02 10 5.4890651E+01 2.7813089E-01 6.4573203E-01 -2.9981959E-02 1.7137703E-02 1.5777465E-02 1.5321624E-02 8.1663103E-04 3.2242291E-04 9.1952061E-03 1.5328566E-04 8.9591742E-03 1.0229576E-01 5.1141278E-02 1.9425032E-04 1.6131431E+00 1.8633507E+01 -7.1366881E-02
3.1381000E+02 2.5927000E+02 8.6700000E+00 4.3800000E+02 10 5.4893331E+01 2.7785773E-01 6.4402746E-01 -2.9366682E-02 1.7161944E-02 1.5803470E-02 1.5347612E-02 8.1666203E-04 3.2519718E-04 9.2077526E-03 1.5329148E-04 8.9706274E-03 1.0178450E-01 5.1213431E-02 1.9308425E-04 1.6156542E+00 1.8640226E+01 -7.0808076E-02
3.1381000E+02 2.5927000E+02 8.6700000E+00 4.4300000E+02 10 5.4952810E+01 2.5375780E-01 5.7247949E-01 -1.8004338E-02 1.4627909E-02 1.4157467E-02 1.3704318E-02 8.1180860E-04 3.0244689E-04 7.9101879E-03 1.5238047E-04 7.7474324E-03 9.2239643E-02 4.3651578E-02 1.5954900E-04 1.6539936E+00 1.8510961E+01 -6.1893119E-02
3.1381000E+02 2.5927000E+02 8.6700000E+00 4.4400000E+02 10 5.4955585E+01 2.6969325E-01 6.0047890E-01 -1.5444990E-02 1.7385715E-02 1.6052945E-02 1.5600304E-02 8.1089863E-04 3.2455647E-04 9.3141628E-03 1.5220966E-04 9.0789743E-03 9.0103420E-02 5.1882987E-02 1.9713261E-04 1.6634277E+00 1.8547978E+01 -5.9909916E-02
3.1381000E+02 2.5927000E+02 8.6700000E+00 4.4500000E+02 10 5.4968209E+01 2.6787344E-01 5.9140021E-01 -1.2646058E-02 1.7407635E-02 1.6092485E-02 1.5640276E-02 8.1012481E-04 3.2711071E-04 9.3244294E-03 1.5206441E-04 9.0894064E-03 8.7748561E-02 5.1948489E-02 1.9555926E-04 1.6733958E+00 1.8552857E+01 -5.7826038E-02
3.1381000E+02 2.5927000E+02 8.6700000E+00 4.5000000E+02 10 5.5034124E+01 2.4419613E-01 5.1786994E-01 2.6884884E-04 1.5126465E-02 1.4644923E-02 1.4194149E-02 8.0755273E-04 3.0807305E-04 8.1571148E-03 1.5158162E-04 7.9899784E-03 7.6859387E-02 4.5141095E-02 1.6516775E-04 1.7356190E+00 1.8366017E+01 -4.7222113E-02
3.1381000E+02 2.5927000E+02 8.6700000E+00 4.5300000E+02 10 5.5062380E+01 2.4804422E-01 5.1284842E-01 7.4684006E-03 1.6549417E-02 1.5795275E-02 1.5345370E-02 8.0599782E-04 3.2004457E-04 8.8764260E-03 1.5128976E-04 8.6814536E-03 7.0803955E-02 4.9390009E-02 1.8353225E-04 1.7749671E+00 1.8359742E+01 -4.1579703E-02
3.1381000E+02 2.5927000E+02 8.6700000E+00 4.5400000E+02 10 5.5069299E+01 2.5375076E-01 5.2113730E-01 9.7979029E-03 1.7736940E-02 1.6789258E-02 1.6339648E-02 8.0546899E-04 3.2901017E-04 9.4764894E-03 1.5119049E-04 9.2600623E-03 6.8847720E-02 5.2936369E-02 1.9671142E-04 1.7884799E+00 1.8381169E+01 -3.9806419E-02
3.1381000E+02 2.5927000E+02 8.6700000E+00 4.5900000E+02 10 5.5125727E+01 2.2854077E-01 4.4875139E-01 2.0284805E-02 1.4921277E-02 1.4933928E-02 1.4486598E-02 8.0138452E-04 3.0224365E-04 8.0369549E-03 1.5042382E-04 7.8998918E-03 6.0023435E-02 4.4532826E-02 1.6082243E-04 1.8200069E+00 1.8310529E+01 -3.4566275E-02
3.1381000E+02 2.5927000E+02 8.6700000E+00 4.6400000E+02 10 5.5162021E+01 2.2086506E-01 4.1903123E-01 2.8052941E-02 1.4610525E-02 1.4950390E-02 1.4504814E-02 7.9824285E-04 2.9268435E-04 7.8702196E-03 1.4983411E-04 7.7548972E-03 5.3504249E-02 4.3607485E-02 1.5928086E-04 1.8471510E+00 1.8279466E+01 -3.0725449E-02
3.1381000E+02 2.5927000E+02 8.6700000E+00 4.6900000E+02 10 5.5188258E+01 2.1528337E-01 3.9763966E-01 3.3672987E-02 1.4386606E-02 1.4993789E-02 1.4549654E-02 7.9566144E-04 2.8377611E-04 7.7494629E-03 1.4934956E-04 7.6505414E-03 4.8796668E-02 4.2940628E-02 1.5814796E-04 1.8701070E+00 1.8250339E+01 -2.7929310E-02
3.1381000E+02 2.5927000E+02 8.6700000E+00 4.7400000E+02 10 5.5207391E+01 2.1105842E-01 3.8188685E-01 3.7761850E-02 1.4201504E-02 1.5039757E-02 1.4596967E-02 7.9325096E-04 2.7540008E-04 7.6496348E-03 1.4889711E-04 7.5638052E-03 4.5381581E-02 4.2389203E-02 1.5702588E-04 1.8873622E+00 1.8229309E+01 -2.5979972E-02
3.1381000E+02 2.5927000E+02 8.6700000E+00 4.7900000E+02 10 5.5221575E+01 2.0775321E-01 3.6998503E-01 4.0781120E-02 1.4038005E-02 1.5077105E-02 1.4635651E-02 7.9085753E-04 2.6765060E-04 7.5619213E-03 1.4844785E-04 7.4862569E-03 4.2869617E-02 4.1901937E-02 1.5591735E-04 1.8992433E+00 1.8215794E+01 -2.4652159E-02
3.1381000E+02 2.5927000E+02 8.6700000E+00 4.8100000E+02 10 5.5221591E+01 2.1657034E-01 3.8824319E-01 4.1843238E-02 1.5651363E-02 1.6448244E-02 1.6007326E-02 7.8989756E-04 2.7771411E-04 8.3776360E-03 1.4826766E-04 8.2712648E-03 4.1997448E-02 4.6719450E-02 1.7775435E-04 1.9008987E+00 1.8289659E+01 -2.4335873E-02
3.1381000E+02 2.5927000E+02 8.6700000E+00 4.8200000E+02 10 5.5222515E+01 2.1885396E-01 3.9288939E-01 4.2340847E-02 1.6108127E-02 1.6894432E-02 1.6453783E-02 7.8941650E-04 2.8005139E-04 8.6074366E-03 1.4817736E-04 8.4944557E-03 4.1586970E-02 4.8083555E-02 1.8254522E-04 1.9003015E+00 1.8316292E+01 -2.4261795E-02
3.1381000E+02 2.5927000E+02 8.6700000E+00 4.8700000E+02 10 5.5239719E+01 2.0094710E-01 3.5005888E-01 4.4351145E-02 1.3392095E-02 1.4842899E-02 1.4403819E-02 7.8660464E-04 2.5424320E-04 7.2281429E-03 1.4764956E-04 7.1731409E-03 3.9915793E-02 3.9974245E-02 1.4730916E-04 1.8757807E+00 1.8308967E+01 -2.5119670E-02
3.1381000E+02 2.5927000E+02 8.6700000E+00 4.9200000E+02 10 5.5247411E+01 1.9835107E-01 3.4181963E-01 4.5908901E-02 1.3152348E-02 1.4706305E-02 1.4268669E-02 7.8401758E-04 2.4616662E-04 7.1058718E-03 1.4716396E-04 7.0538934E-03 3.8639360E-02 3.9258764E-02 1.4723753E-04 1.8667053E+00 1.8310697E+01 -2.5255698E-02
3.1381000E+02 2.5927000E+02 8.6700000E+00 4.9700000E+02 10 5.5253164E+01 1.9693368E-01 3.3642845E-01 4.7142997E-02 1.3050468E-02 1.4629659E-02 1.4193401E-02 7.8154908E-04 2.4089679E-04 7.0550127E-03 1.4670061E-04 7.0000202E-03 3.7634326E-02 3.8954388E-02 1.4764514E-04 1.8656861E+00 1.8304149E+01 -2.5024763E-02
3.1381000E+02 2.5927000E+02 8.6700000E+00 5.0200000E+02 10 5.5257719E+01 1.9598586E-01 3.3242152E-01 4.8146427E-02 1.2994859E-02 1.4580571E-02 1.4145684E-02 7.7909209E-04 2.3705345E-04 7.0276617E-03 1.4623942E-04 6.9685629E-03 3.6822825E-02 3.8788100E-02 1.4787268E-04 1.8667793E+00 1.8298325E+01 -2.4734612E-02
3.1381000E+02 2.5927000E+02 8.6700000E+00 5.0500000E+02 10 5.5256754E+01 2.0228120E-01 3.4542339E-01 4.8680801E-02 1.4101744E-02 1.5431120E-02 1.4997058E-02 7.7761367E-04 2.4538556E-04 7.5904037E-03 1.4596191E-04 7.5023806E-03 3.6399411E-02 4.2092278E-02 1.6334685E-04 1.8615960E+00 1.8356905E+01 -2.4900521E-02
3.1381000E+02 2.5927000E+02 8.6700000E+00 5.0600000E+02 10 5.5254367E+01 2.0846804E-01 3.5916996E-01 4.8851922E-02 1.5163298E-02 1.6316261E-02 1.5882475E-02 7.7712025E-04 2.5237991E-04 8.1278953E-03 1.4586929E-04 8.0183321E-03 3.6267882E-02 4.5262111E-02 1.7701637E-04 1.8590759E+00 1.8387845E+01 -2.5002888E-02
3.1381000E+02 2.5927000E+02 8.6700000E+00 5.1100000E+02 10 5.5265676E+01 1.9195160E-01 3.2115602E-01 4.9621088E-02 1.2499895E-02 1.4244404E-02 1.3812345E-02 7.7402545E-04 2.2926568E-04 6.7760919E-03 1.4528838E-04 6.7214084E-03 3.5642454E-02 3.7309990E-02 1.4072192E-04 1.8348639E+00 1.8382078E+01 -2.6175641E-02
3.1381000E+02 2.5927000E+02 8.6700000E+00 5.1600000E+02 10 5.5268802E+01 1.9092585E-01 3.1737456E-01 5.0273943E-02 1.2381798E-02 1.4094589E-02 1.3664039E-02 7.7132159E-04 2.2509864E-04 6.7170905E-03 1.4478086E-04 6.6592498E-03 3.5127151E-02 3.6957207E-02 1.4173929E-04 1.8267739E+00 1.8381728E+01 -2.6482402E-02
3.1381000E+02 2.5927000E+02 8.6700000E+00 5.2100000E+02 10 5.5271195E+01 1.9063564E-01 3.1522643E-01 5.0837664E-02 1.2365638E-02 1.4007237E-02 1.3578094E-02 7.6880326E-04 2.2303005E-04 6.7103332E-03 1.4430815E-04 6.6461669E-03 3.4684659E-02 3.6908476E-02 1.4277303E-04 1.8259566E+00 1.8375453E+01 -2.6391848E-02
3.1381000E+02 2.5927000E+02 8.6700000E+00 5.2600000E+02 10 5.5273223E+01 1.9050635E-01 3.1361354E-01 5.1332478E-02 1.2370243E-02 1.3947642E-02 1.3519879E-02 7.6632950E-04 2.2179455E-04 6.7136098E-03 1.4384382E-04 6.6437663E-03 3.4299006E-02 3.6921816E-02 1.4338516E-04 1.8267593E+00 1.8370547E+01 -2.6226376E-02
3.1381000E+02 2.5927000E+02 8.6700000E+00 5.3100000E+02 10 5.5275027E+01 1.9036518E-01 3.1216378E-01 5.1771738E-02 1.2371045E-02 1.3899178E-02 1.3472791E-02 7.6386518E-04 2.2085722E-04 6.7143814E-03 1.4338125E-04 6.6401703E-03 3.3959305E-02 3.6923927E-02 1.4365038E-04 1.8273433E+00 1.8368030E+01 -2.6088887E-02
3.1381000E+02 2.5927000E+02 8.6700000E+00 5.3600000E+02 10 5.5276657E+01 1.9019384E-01 3.1079781E-01 5.2164947E-02 1.2365210E-02 1.3855559E-02 1.3430542E-02 7.6141204E-04 2.2002454E-04 6.7114005E-03 1.4292079E-04 6.6337939E-03 3.3657631E-02 3.6906303E-02 1.4372389E-04 1.8274086E+00 1.8367131E+01 -2.5993360E-02
3.1381000E+02 2.5927000E+02 8.6700000E+00 5.4100000E+02 10 5.5278132E+01 1.9000939E-01 3.0951575E-01 5.2519251E-02 1.2355138E-02 1.3814833E-02 1.3391174E-02 7.5897925E-04 2.1925315E-04 6.7060564E-03 1.4246414E-04 6.6256255E-03 3.3387964E-02 3.6876074E-02 1.4370926E-04 1.8270779E+00 1.8367116E+01 -2.5930372E-02
3.1381000E+02 2.5927000E+02 8.6700000E+00 5.4600000E+02 10 5.5279470E+01 1.8982782E-01 3.0832678E-01 5.2840239E-02 1.2343287E-02 1.3776514E-02 1.3354197E-02 7.5657449E-04 2.1853342E-04 6.6997093E-03 1.4201275E-04 6.6167431E-03 3.3145590E-02 3.6840552E-02 1.4365951E-04 1.8265160E+00 1.8367560E+01 -2.5888833E-02
3.1381000E+02 2.5927000E+02 8.6700000E+00 5.5100000E+02 10 5.5280685E+01 1.8965822E-01 3.0723384E-01 5.3132406E-02 1.2331199E-02 1.3740488E-02 1.3319495E-02 7.5420239E-04 2.1786809E-04 6.6931967E-03 1.4156750E-04 6.6078428E-03 3.2926729E-02 3.6804335E-02 1.4359939E-04 1.8258384E+00 1.8368194E+01 -2.5860921E-02
3.1381000E+02 2.5927000E+02 8.6700000E+00 5.5600000E+02 10 5.5281789E+01 1.8950447E-01 3.0623393E-01 5.3399445E-02 1.2319679E-02 1.3706677E-02 1.3286988E-02 7.5186514E-04 2.1725895E-04 6.6869539E-03 1.4112878E-04 6.5992878E-03 3.2728292E-02 3.6769817E-02 1.4353854E-04 1.8251146E+00 1.8368923E+01 -2.5841730E-02
3.1381000E+02 2.5927000E+02 8.6700000E+00 5.6100000E+02 10 5.5282795E+01 1.8936721E-01 3.0532045E-01 5.3644432E-02 1.2309060E-02 1.3674964E-02 1.3256560E-02 7.4956329E-04 2.1670641E-04 6.6811659E-03 1.4069672E-04 6.5912248E-03 3.2547717E-02 3.6737995E-02 1.4348118E-04 1.8243794E+00 1.8369675E+01 -2.5828504E-02
3.1381000E+02 2.5927000E+02 8.6700000E+00 5.6600000E+02 10 5.5283714E+01 1.8924618E-01 3.0448607E-01 5.3869965E-02 1.2299468E-02 1.3645197E-02 1.3228059E-02 7.4729643E-04 2.1621025E-04 6.6758982E-03 1.4027122E-04 6.5837122E-03 3.2382851E-02 3.6709242E-02 1.4342826E-04 1.8236521E+00 1.8370430E+01 -2.5819512E-02
3.1381000E+02 2.5927000E+02 8.6700000E+00 5.7100000E+02 10 5.5284556E+01 1.8914029E-01 3.0372318E-01 5.4078255E-02 1.2290910E-02 1.3617210E-02 1.3201317E-02 7.4506364E-04 2.1576531E-04 6.6711466E-03 1.3985211E-04 6.5767586E-03 3.2231867E-02 3.6683577E-02 1.4337986E-04 1.8229415E+00 1.8371158E+01 -2.5813711E-02
3.1381000E+02 2.5927000E+02 8.6700000E+00 5.7600000E+02 10 5.5285330E+01 1.8904779E-01 3.0302409E-01 5.4271202E-02 1.2283300E-02 1.3590834E-02 1.3176170E-02 7.4286372E-04 2.1536641E-04 6.6668779E-03 1.3943917E-04 6.5703118E-03 3.2093200E-02 3.6660747E-02 1.4333522E-04 1.8222493E+00 1.8371877E+01 -2.5810541E-02
3.1381000E+02 2.5927000E+02 8.6700000E+00 5.8100000E+02 10 5.5286042E+01 1.8896757E-01 3.0238236E-01 5.4450445E-02 1.2276572E-02 1.3565910E-02 1.3152457E-02 7.4069543E-04 2.1500982E-04 6.6630546E-03 1.3903218E-04 6.5643401E-03 3.1965504E-02 3.6640549E-02 1.4329440E-04 1.8215767E+00 1.8372577E+01 -2.5809533E-02
3.1381000E+02 2.5927000E+02 8.6700000E+00 5.8200000E+02 10 5.5278941E+01 2.0350315E-01 3.3408092E-01 5.4485758E-02 1.4669138E-02 1.5355617E-02 1.4942405E-02 7.4026303E-04 2.3290548E-04 7.8793290E-03 1.3895101E-04 7.7226039E-03 3.1954696E-02 4.3783413E-02 1.7719900E-04 1.8209967E+00 1.8421868E+01 -2.5840348E-02
3.1381000E+02 2.5927000E+02 8.6700000E+00 5.8700000E+02 10 5.5287129E+01 1.8810797E-01 3.0034909E-01 5.4618779E-02 1.2159905E-02 1.3501320E-02 1.3088199E-02 7.4010005E-04 2.1523107E-04 6.6039784E-03 1.3892042E-04 6.5066624E-03 3.1834375E-02 3.6292056E-02 1.4051606E-04 1.8135641E+00 1.8398762E+01 -2.6235844E-02
3.1381000E+02 2.5927000E+02 8.6700000E+00 5.9200000E+02 10 5.5287741E+01 1.8797421E-01 2.9965594E-01 5.4760864E-02 1.2143976E-02 1.3464177E-02 1.3051596E-02 7.3913115E-04 2.1452716E-04 6.5963529E-03 1.3873855E-04 6.4970934E-03 3.1728968E-02 3.6244474E-02 1.4131659E-04 1.8119962E+00 1.8393654E+01 -2.6292666E-02
3.1381000E+02 2.5927000E+02 8.6700000E+00 5.9700000E+02 10 5.5288176E+01 1.8815071E-01 2.9952950E-01 5.4899483E-02 1.2170266E-02 1.3446021E-02 1.3034162E-02 7.3783872E-04 2.1451957E-04 6.6103788E-03 1.3849596E-04 6.5072464E-03 3.1628747E-02 3.6322770E-02 1.4201078E-04 1.8133459E+00 1.8387334E+01 -2.6181757E-02
3.1381000E+02 2.5927000E+02 8.6700000E+00 6.0200000E+02 10 5.5288572E+01 1.8833643E-01 2.9947534E-01 5.5030010E-02 1.2198573E-02 1.3436469E-02 1.3025397E-02 7.3642934E-04 2.1467003E-04 6.6251372E-03 1.3823141E-04 6.5185224E-03 3.1535730E-02 3.6407125E-02 1.4241534E-04 1.8150097E+00 1.8382797E+01 -2.6055991E-02
3.1381000E+02 2.5927000E+02 8.6700000E+00 6.0700000E+02 10 5.5288969E+01 1.8845098E-01 2.9934080E-01 5.5152020E-02 1.2217457E-02 1.3428733E-02 1.3018461E-02 7.3499463E-04 2.1475965E-04 6.6348313E-03 1.3796211E-04 6.5255029E-03 3.1449631E-02 3.6463409E-02 1.4258693E-04 1.8161355E+00 1.8380285E+01 -2.5964214E-02
3.1381000E+02 2.5927000E+02 8.6700000E+00 6.1200000E+02 10 5.5289366E+01 1.8850172E-01 2.9912278E-01 5.5266250E-02 1.2227417E-02 1.3420167E-02 1.3010689E-02 7.3357324E-04 2.1475375E-04 6.6398226E-03 1.3769531E-04 6.5283624E-03 3.1369648E-02 3.6493083E-02 1.4262896E-04 1.8166788E+00 1.8379137E+01 -2.5908165E-02
3.1381000E+02 2.5927000E+02 8.6700000E+00 6.1700000E+02 10 5.5289756E+01 1.8851253E-01 2.9885273E-01 5.5373664E-02 1.2231475E-02 1.3410162E-02 1.3001466E-02 7.3217167E-04 2.1468388E-04 6.6417361E-03 1.3743222E-04 6.5284742E-03 3.1295001E-02 3.6505148E-02 1.4261167E-04 1.8168012E+00 1.8378768E+01 -2.5878009E-02
3.1381000E+02 2.5927000E+02 8.6700000E+00 6.2200000E+02 10 5.5290133E+01 1.8850304E-01 2.9855919E-01 5.5475145E-02 1.2232215E-02 1.3398856E-02 1.2990936E-02 7.3078221E-04 2.1457884E-04 6.6419377E-03 1.3717141E-04 6.5270218E-03 3.1225052E-02 3.6507310E-02 1.4257175E-04 1.8166594E+00 1.8378812E+01 -2.5864404E-02
3.1381000E+02 2.5927000E+02 8.6700000E+00 6.2700000E+02 10 5.5290493E+01 1.8848533E-01 2.9826062E-01 5.5571419E-02 1.2231302E-02 1.3386580E-02 1.2979435E-02 7.2939383E-04 2.1446207E-04 6.6412835E-03 1.3691081E-04 6.5247827E-03 3.1159301E-02 3.6504530E-02 1.4252642E-04 1.8163629E+00 1.8379082E+01 -2.5860899E-02
3.1381000E+02 2.5927000E+02 8.6700000E+00 6.3200000E+02 10 5.5290834E+01 1.8846638E-01 2.9796780E-01 5.5663061E-02 1.2229710E-02 1.3373658E-02 1.2967293E-02 7.2799714E-04 2.1434794E-04 6.6402749E-03 1.3664864E-04 6.5222090E-03 3.1097347E-02 3.6499717E-02 1.4248209E-04 1.8159793E+00 1.8379472E+01 -2.5863482E-02
3.1381000E+02 2.5927000E+02 8.6700000E+00 6.3700000E+02 10 5.5291158E+01 1.8844936E-01 2.9768591E-01 5.5750532E-02 1.2227944E-02 1.3360353E-02 1.2954776E-02 7.2658582E-04 2.1424457E-04 6.6391647E-03 1.3638373E-04 6.5195405E-03 3.1038857E-02 3.6494377E-02 1.4244112E-04 1.8155480E+00 1.8379926E+01 -2.5869801E-02
3.1381000E+02 2.5927000E+02 8.6700000E+00 6.4200000E+02 10 5.5291464E+01 1.8843575E-01 2.9741728E-01 5.5834206E-02 1.2226258E-02 1.3346862E-02 1.2942082E-02 7.2515662E-04 2.1415566E-04 6.6380792E-03 1.3611546E-04 6.5168999E-03 3.0983549E-02 3.6489273E-02 1.4240398E-04 1.8150918E+00 1.8380414E+01 -2.5878484E-02
3.1381000E+02 2.5927000E+02 8.6700000E+00 6.4700000E+02 10 5.5291754E+01 1.8842587E-01 2.9716241E-01 5.5914394E-02 1.2224756E-02 1.3333325E-02 1.2929354E-02 7.2370862E-04 2.1408241E-04 6.6370731E-03 1.3584367E-04 6.5143350E-03 3.0931171E-02 3.6484718E-02 1.4237047E-04 1.8146224E+00 1.8380920E+01 -2.5888784E-02
3.1381000E+02 2.5927000E+02 8.6700000E+00 6.5000000E+02 10 5.5288374E+01 1.9555149E-01 3.1250799E-01 5.5961313E-02 1.3397420E-02 1.4169468E-02 1.3765984E-02 7.2283311E-04 2.2520465E-04 7.2350349E-03 1.3567933E-04 7.0788597E-03 3.0907688E-02 3.9984826E-02 1.5853430E-04 1.8076594E+00 1.8436619E+01 -2.6289026E-02
