x y z_datum Time Well_no H2O H O Charge Al C Ca Cl Fe K Mg Na S Si U pH pe Alkalinity
2.6764000E+02 2.7427000E+02 8.6700000E+00 0.0000000E+00 9 9.9704301E-01 7.2098600E-06 6.6484776E-04 -3.2324431E-06 0.0000000E+00 1.0067647E-04 6.3262499E-05 4.3211171E-04 0.0000000E+00 2.8240956E-04 5.5605062E-05 2.2967748E-04 1.4127542E-04 0.0000000E+00 0.0000000E+00 7.0300000E+00 1.1068788E+01 7.1999443E-03
2.6764000E+02 2.7427000E+02 8.6700000E+00 5.0000000E+00 9 5.5326656E+01 2.0642039E-02 6.5073172E-02 -3.0031757E-03 0.0000000E+00 7.1416815E-03 1.3449174E-03 1.0384805E-02 0.0000000E+00 6.1542738E-03 1.9492790E-03 8.5121353E-03 1.1151952E-02 0.0000000E+00 0.0000000E+00 2.2860650E+00 1.8109602E+01 -8.4572532E-03
2.6764000E+02 2.7427000E+02 8.6700000E+00 1.0000000E+01 9 5.5306416E+01 3.6370933E-02 1.1068360E-01 -2.6978501E-03 1.1310179E-03 7.5941746E-03 3.1380829E-03 7.9830129E-03 4.1014796E-05 5.2902922E-03 1.4984508E-03 7.1087320E-03 2.0141745E-02 3.3811150E-03 6.1218548E-06 1.9436059E+00 1.8527555E+01 -2.0523896E-02
2.6764000E+02 2.7427000E+02 8.6700000E+00 1.5000000E+01 9 5.5283173E+01 6.1703411E-02 1.6040757E-01 -2.4367339E-03 2.7616819E-03 7.7931158E-03 4.4835750E-03 5.9289865E-03 1.0868293E-04 4.8894589E-03 1.1128999E-03 6.2289744E-03 2.7830520E-02 8.2524670E-03 1.5303651E-05 1.8278453E+00 1.8679511E+01 -2.8532418E-02
2.6764000E+02 2.7427000E+02 8.6700000E+00 2.0000000E+01 9 5.5264175E+01 8.3866833E-02 2.0108679E-01 -2.2412227E-03 4.2258906E-03 7.9034424E-03 5.4523837E-03 4.3910303E-03 1.7749888E-04 4.7159046E-03 8.2421799E-04 5.6845759E-03 3.3588022E-02 1.2624900E-02 2.4048709E-05 1.7744815E+00 1.8752449E+01 -3.3615781E-02
2.6764000E+02 2.7427000E+02 8.6700000E+00 2.5000000E+01 9 5.5250332E+01 1.0041627E-01 2.3111902E-01 -2.1036345E-03 5.3661729E-03 7.9950141E-03 6.1480998E-03 3.3087156E-03 2.3348365E-04 4.6511979E-03 6.2106219E-04 5.3527525E-03 3.7640108E-02 1.6029240E-02 3.1110163E-05 1.7479107E+00 1.8790251E+01 -3.6718408E-02
2.6764000E+02 2.7427000E+02 8.6700000E+00 3.0000000E+01 9 5.5240637E+01 1.1216249E-01 2.5245746E-01 -2.0092140E-03 6.2039115E-03 8.0878604E-03 6.6555428E-03 2.5659728E-03 2.7463597E-04 4.6355467E-03 4.8164571E-04 5.1509390E-03 4.0421071E-02 1.8530004E-02 3.6393807E-05 1.7345015E+00 1.8810367E+01 -3.8563750E-02
2.6764000E+02 2.7427000E+02 8.6700000E+00 3.5000000E+01 9 5.5233927E+01 1.2035355E-01 2.6745287E-01 -1.9445904E-03 6.8043947E-03 8.1838141E-03 7.0352559E-03 2.0576226E-03 3.0395258E-04 4.6388659E-03 3.8622588E-04 5.0256453E-03 4.2324564E-02 2.0322420E-02 4.0206679E-05 1.7278122E+00 1.8821195E+01 -3.9652014E-02
2.6764000E+02 2.7427000E+02 8.6700000E+00 4.0000000E+01 9 5.5229260E+01 1.2606666E-01 2.7804333E-01 -1.8998339E-03 7.2323545E-03 8.2800503E-03 7.3280163E-03 1.7055528E-03 3.2378333E-04 4.6473421E-03 3.2014065E-04 4.9446783E-03 4.3642972E-02 2.1599846E-02 4.2922280E-05 1.7245551E+00 1.8827084E+01 -4.0298080E-02
2.6764000E+02 2.7427000E+02 8.6700000E+00 4.5000000E+01 9 5.5225966E+01 1.3009261E-01 2.8563495E-01 -1.8681784E-03 7.5391379E-03 8.3736894E-03 7.5606533E-03 1.4565405E-03 3.3729667E-04 4.6553607E-03 2.7339981E-04 4.8894650E-03 4.4575535E-02 2.2515589E-02 4.4858807E-05 1.7230681E+00 1.8830295E+01 -4.0687876E-02
2.6764000E+02 2.7427000E+02 8.6700000E+00 5.0000000E+01 9 5.5223594E+01 1.3297721E-01 2.9119121E-01 -1.8451930E-03 7.7619373E-03 8.4628645E-03 7.7507566E-03 1.2757292E-03 3.4668999E-04 4.6611111E-03 2.3946065E-04 4.8495020E-03 4.5252744E-02 2.3180669E-02 4.6254167E-05 1.7224896E+00 1.8832034E+01 -4.0928736E-02
2.6764000E+02 2.7427000E+02 8.6700000E+00 5.5000000E+01 9 5.5221844E+01 1.3508638E-01 2.9535613E-01 -1.8280180E-03 7.9265715E-03 8.5466502E-03 7.9099572E-03 1.1406247E-03 3.5343486E-04 4.6643732E-03 2.1410086E-04 4.8188606E-03 4.5758815E-02 2.3672147E-02 4.7275737E-05 1.7223725E+00 1.8832953E+01 -4.1082029E-02
2.6764000E+02 2.7427000E+02 8.6700000E+00 6.0000000E+01 9 5.5220521E+01 1.3666389E-01 2.9855743E-01 -1.8148077E-03 8.0506634E-03 8.6247551E-03 8.0460680E-03 1.0367081E-03 3.5827680E-04 4.6655034E-03 1.9459521E-04 4.7941659E-03 4.6148104E-02 2.4042617E-02 4.8038088E-05 1.7224778E+00 1.8833415E+01 -4.1183112E-02
2.6764000E+02 2.7427000E+02 8.6700000E+00 6.5000000E+01 9 5.5219494E+01 1.3787145E-01 3.0108010E-01 -1.8043599E-03 8.1461827E-03 8.6972529E-03 8.1644416E-03 9.5452236E-04 3.6184436E-04 4.6649870E-03 1.7916854E-04 4.7734523E-03 4.6456020E-02 2.4327801E-02 4.8618867E-05 1.7226850E+00 1.8833618E+01 -4.1252373E-02
2.6764000E+02 2.7427000E+02 8.6700000E+00 6.6000000E+01 9 5.5213129E+01 1.5047965E-01 3.3070155E-01 -1.8023722E-03 1.0279718E-02 1.0693005E-02 1.0168922E-02 9.3888605E-04 4.4636702E-04 5.7266460E-03 1.7623353E-04 5.8093864E-03 4.6520618E-02 3.0700686E-02 5.9405910E-05 1.9000354E+00 1.8645880E+01 -2.8698926E-02
2.6764000E+02 2.7427000E+02 8.6700000E+00 6.7000000E+01 9 5.5213070E+01 1.5044391E-01 3.3055024E-01 -1.8004784E-03 1.0252665E-02 1.0666889E-02 1.0151122E-02 9.2398868E-04 4.3970657E-04 5.7046685E-03 1.7343722E-04 5.7833151E-03 4.6577334E-02 3.0619612E-02 6.0545666E-05 1.8953868E+00 1.8649097E+01 -2.8975629E-02
2.6764000E+02 2.7427000E+02 8.6700000E+00 7.2000000E+01 9 5.5215318E+01 1.3904203E-01 3.0387140E-01 -1.7576669E-03 8.0307855E-03 8.6344741E-03 8.1528524E-03 8.6281726E-04 3.5026901E-04 4.5522557E-03 1.6195504E-04 4.6420452E-03 4.7408068E-02 2.3983134E-02 4.8588346E-05 1.6965237E+00 1.8957698E+01 -4.3787438E-02
2.6764000E+02 2.7427000E+02 8.6700000E+00 7.7000000E+01 9 5.5209732E+01 1.4183037E-01 3.0995566E-01 -1.7069388E-03 8.1579005E-03 8.6891035E-03 8.2361487E-03 8.1146091E-04 3.7173536E-04 4.5871678E-03 1.5231520E-04 4.6605643E-03 4.8374426E-02 2.4362155E-02 5.5243435E-05 1.6853518E+00 1.9027333E+01 -4.5114165E-02
2.6764000E+02 2.7427000E+02 8.6700000E+00 8.2000000E+01 9 5.5204607E+01 1.4477857E-01 3.1624710E-01 -1.6627823E-03 8.3452499E-03 8.7750741E-03 8.3466579E-03 7.6750030E-04 3.9383158E-04 4.6573661E-03 1.4406358E-04 4.7139471E-03 4.9218952E-02 2.4920820E-02 6.5280536E-05 1.6800647E+00 1.9065147E+01 -4.5879427E-02
2.6764000E+02 2.7427000E+02 8.6700000E+00 8.7000000E+01 9 5.5200590E+01 1.4724905E-01 3.2150208E-01 -1.6287961E-03 8.5185828E-03 8.8621718E-03 8.4551165E-03 7.2923272E-04 4.1158646E-04 4.7236253E-03 1.3688057E-04 4.7654452E-03 4.9878127E-02 2.5437741E-02 7.4896064E-05 1.6776264E+00 1.9086462E+01 -4.6321963E-02
2.6764000E+02 2.7427000E+02 8.6700000E+00 9.1000000E+01 9 5.5196565E+01 1.5191246E-01 3.3191413E-01 -1.6077308E-03 9.1504031E-03 9.3661761E-03 8.9745444E-03 7.0160163E-04 4.4804162E-04 5.0267503E-03 1.3169408E-04 5.0505300E-03 5.0298331E-02 2.7324014E-02 8.7149076E-05 1.7093851E+00 1.9063517E+01 -4.3570704E-02
2.6764000E+02 2.7427000E+02 8.6700000E+00 9.2000000E+01 9 5.5191164E+01 1.6196734E-01 3.5508508E-01 -1.6028347E-03 1.0810970E-02 1.0842318E-02 1.0454443E-02 6.9487072E-04 5.2255171E-04 5.8582023E-03 1.3043065E-04 5.8590091E-03 5.0408640E-02 3.2283451E-02 1.0471337E-04 1.8313376E+00 1.8941012E+01 -3.4051115E-02
2.6764000E+02 2.7427000E+02 8.6700000E+00 9.7000000E+01 9 5.5191035E+01 1.5045812E-01 3.2956220E-01 -2.1577563E-03 8.5445419E-03 8.8523216E-03 8.4812522E-03 6.6476452E-04 4.1555857E-04 4.7001255E-03 1.2477957E-04 4.7232925E-03 5.1662509E-02 2.5514457E-02 8.7571900E-05 1.6536705E+00 1.9136603E+01 -4.9252319E-02
2.6764000E+02 2.7427000E+02 8.6700000E+00 1.0200000E+02 9 5.5182844E+01 1.5359323E-01 3.3756272E-01 -2.8671908E-03 8.6983898E-03 8.9147961E-03 8.5589132E-03 6.3755829E-04 4.4079458E-04 4.7632864E-03 1.1967283E-04 4.7741239E-03 5.3085171E-02 2.5973120E-02 9.2488751E-05 1.6456668E+00 1.9156983E+01 -5.0620539E-02
2.6764000E+02 2.7427000E+02 8.6700000E+00 1.0700000E+02 9 5.5175693E+01 1.5663191E-01 3.4508758E-01 -3.4878020E-03 8.8840823E-03 8.9959241E-03 8.6538820E-03 6.1276265E-04 4.6269557E-04 4.8441946E-03 1.1501856E-04 4.8421829E-03 5.4302630E-02 2.6526768E-02 9.8318331E-05 1.6417641E+00 1.9169689E+01 -5.1501592E-02
2.6764000E+02 2.7427000E+02 8.6700000E+00 1.1200000E+02 9 5.5170214E+01 1.5909854E-01 3.5111827E-01 -3.9562019E-03 9.0477839E-03 9.0733080E-03 8.7439707E-03 5.9000226E-04 4.7973008E-04 4.9149079E-03 1.1074633E-04 4.9015463E-03 5.5232697E-02 2.7014896E-02 1.0351213E-04 1.6399145E+00 1.9177490E+01 -5.2058792E-02
2.6764000E+02 2.7427000E+02 8.6700000E+00 1.1700000E+02 9 5.5166250E+01 1.6096339E-01 3.5564784E-01 -4.2863513E-03 9.1769846E-03 9.1402122E-03 8.8226068E-03 5.6898466E-04 4.9225596E-04 4.9688331E-03 1.0680122E-04 4.9459897E-03 5.5910637E-02 2.7400184E-02 1.0766752E-04 1.6390493E+00 1.9182320E+01 -5.2413207E-02
2.6764000E+02 2.7427000E+02 8.6700000E+00 1.2200000E+02 9 5.5163432E+01 1.6234409E-01 3.5898849E-01 -4.5123688E-03 9.2752547E-03 9.1965893E-03 8.8898722E-03 5.4947842E-04 5.0119074E-04 5.0076806E-03 1.0313980E-04 4.9770058E-03 5.6399654E-02 2.7693264E-02 1.1083911E-04 1.6386562E+00 1.9185367E+01 -5.2642638E-02
2.6764000E+02 2.7427000E+02 8.6700000E+00 1.2400000E+02 9 5.5157241E+01 1.7331727E-01 3.8373922E-01 -4.5884281E-03 1.1051315E-02 1.0645114E-02 1.0342624E-02 5.4190430E-04 6.0199803E-04 5.9000699E-03 1.0171810E-04 5.8374390E-03 5.6586611E-02 3.2996357E-02 1.3225624E-04 1.7438843E+00 1.9078809E+01 -4.2749274E-02
2.6764000E+02 2.7427000E+02 8.6700000E+00 1.2500000E+02 9 5.5155294E+01 1.7655567E-01 3.9114931E-01 -4.6231589E-03 1.1567988E-02 1.1102633E-02 1.0802226E-02 5.3817273E-04 6.1521733E-04 6.1581466E-03 1.0101767E-04 6.0872310E-03 5.6672221E-02 3.4539305E-02 1.3983702E-04 1.7788988E+00 1.9043343E+01 -3.9861184E-02
2.6764000E+02 2.7427000E+02 8.6700000E+00 1.3000000E+02 9 5.5161123E+01 1.6252150E-01 3.5991655E-01 -4.7389820E-03 9.1766435E-03 9.1429301E-03 8.8514529E-03 5.2217638E-04 4.8646955E-04 4.9419867E-03 9.8015075E-05 4.9061178E-03 5.6929064E-02 2.7398585E-02 1.1359944E-04 1.6276706E+00 1.9198989E+01 -5.3986808E-02
2.6764000E+02 2.7427000E+02 8.6700000E+00 1.3100000E+02 9 5.5153674E+01 1.7704923E-01 3.9264607E-01 -4.7601703E-03 1.1575505E-02 1.1111038E-02 1.0821325E-02 5.1901555E-04 6.3738883E-04 6.1508651E-03 9.7421771E-05 6.0748754E-03 5.7001899E-02 3.4561645E-02 1.3882263E-04 1.7749475E+00 1.9049404E+01 -4.0314353E-02
2.6764000E+02 2.7427000E+02 8.6700000E+00 1.3200000E+02 9 5.5153470E+01 1.7706081E-01 3.9257586E-01 -4.7796498E-03 1.1555545E-02 1.1090026E-02 1.0802098E-02 5.1581843E-04 6.2073398E-04 6.1394281E-03 9.6821656E-05 6.0618278E-03 5.7054677E-02 3.4501743E-02 1.4156897E-04 1.7720586E+00 1.9052152E+01 -4.0533961E-02
2.6764000E+02 2.7427000E+02 8.6700000E+00 1.3700000E+02 9 5.5152481E+01 1.6463264E-01 3.6629298E-01 -6.0819506E-03 9.1745438E-03 9.1435502E-03 8.8640449E-03 5.0072913E-04 4.9035020E-04 4.9287571E-03 9.3989320E-05 4.8868149E-03 5.8674417E-02 2.7391982E-02 1.1467065E-04 1.6145857E+00 1.9194878E+01 -5.6150989E-02
2.6764000E+02 2.7427000E+02 8.6700000E+00 1.4200000E+02 9 5.5141774E+01 1.6836400E-01 3.7626785E-01 -7.7187199E-03 9.3812696E-03 9.2540291E-03 8.9823945E-03 4.8662874E-04 5.1807564E-04 5.0262825E-03 9.1342609E-05 4.9743147E-03 6.0690821E-02 2.8008574E-02 1.1273247E-04 1.6105447E+00 1.9170831E+01 -5.7492119E-02
2.6764000E+02 2.7427000E+02 8.6700000E+00 1.4700000E+02 9 5.5132136E+01 1.7204556E-01 3.8577832E-01 -9.1651848E-03 9.6182467E-03 9.3808853E-03 9.1166452E-03 4.7338172E-04 5.3805162E-04 5.1398687E-03 8.8856077E-05 5.0769346E-03 6.2469837E-02 2.8715369E-02 1.0907341E-04 1.6093076E+00 1.9139458E+01 -5.8403247E-02
2.6764000E+02 2.7427000E+02 8.6700000E+00 1.5200000E+02 9 5.5124644E+01 1.7502153E-01 3.9338123E-01 -1.0274711E-02 9.8198035E-03 9.4936864E-03 9.2364315E-03 4.6086762E-04 5.5166640E-04 5.2356455E-03 8.6507119E-05 5.1633053E-03 6.3842215E-02 2.9316557E-02 1.0344273E-04 1.6091074E+00 1.9106783E+01 -5.9014004E-02
2.6764000E+02 2.7427000E+02 8.6700000E+00 1.5700000E+02 9 5.5119186E+01 1.7724199E-01 3.9902811E-01 -1.1071433E-02 9.9736551E-03 9.5849874E-03 9.3343581E-03 4.4899819E-04 5.6034514E-04 5.3072707E-03 8.4279168E-05 5.2274610E-03 6.4839690E-02 2.9775486E-02 9.6973011E-05 1.6092135E+00 1.9076308E+01 -5.9424558E-02
2.6764000E+02 2.7427000E+02 8.6700000E+00 1.6200000E+02 9 5.5115305E+01 1.7885457E-01 4.0311818E-01 -1.1627897E-02 1.0086781E-02 9.6566895E-03 9.4123618E-03 4.3770891E-04 5.6561070E-04 5.3583151E-03 8.2160115E-05 5.2726506E-03 6.5549918E-02 3.0112957E-02 9.0672962E-05 1.6093770E+00 1.9049889E+01 -5.9703334E-02
2.6764000E+02 2.7427000E+02 8.6700000E+00 1.6700000E+02 9 5.5112546E+01 1.8002770E-01 4.0608874E-01 -1.2014772E-02 1.0169829E-02 9.7131424E-03 9.4748198E-03 4.2695087E-04 5.6895317E-04 5.3942336E-03 8.0140778E-05 5.3039002E-03 6.6057391E-02 3.0360718E-02 8.5115651E-05 1.6095343E+00 1.9028162E+01 -5.9895563E-02
2.6764000E+02 2.7427000E+02 8.6700000E+00 1.6800000E+02 9 5.5104640E+01 1.9508562E-01 4.3964377E-01 -1.2085914E-02 1.2631332E-02 1.1667164E-02 1.1430030E-02 4.2482014E-04 7.2741853E-04 6.6372352E-03 7.9740830E-05 6.5018856E-03 6.6159242E-02 3.7710211E-02 9.8151908E-05 1.7449457E+00 1.8881707E+01 -4.6014419E-02
2.6764000E+02 2.7427000E+02 8.6700000E+00 1.6900000E+02 9 5.5104260E+01 1.9510340E-01 4.3957817E-01 -1.2151349E-02 1.2603273E-02 1.1640992E-02 1.1405036E-02 4.2270995E-04 7.0084256E-04 6.6223137E-03 7.9344737E-05 6.4858200E-03 6.6247335E-02 3.7626136E-02 9.8099748E-05 1.7414256E+00 1.8880069E+01 -4.6318202E-02
2.6764000E+02 2.7427000E+02 8.6700000E+00 1.7400000E+02 9 5.5118690E+01 1.7249682E-01 4.0026431E-01 -1.6761869E-02 1.0025829E-02 9.6295456E-03 9.3992131E-03 4.1263681E-04 5.4349785E-04 5.3127307E-03 7.7453959E-05 5.2221941E-03 6.5110066E-02 2.9930718E-02 7.7944712E-05 1.6646663E+00 1.8949467E+01 -5.3983135E-02
2.6764000E+02 2.7427000E+02 8.6700000E+00 1.7500000E+02 9 5.5113799E+01 1.8394816E-01 4.2926155E-01 -1.7841170E-02 1.2233753E-02 1.1564430E-02 1.1335211E-02 4.1064103E-04 6.6004554E-04 6.4230130E-03 7.7079340E-05 6.3023497E-03 6.4833957E-02 3.6525152E-02 8.9012366E-05 1.8246462E+00 1.8779333E+01 -3.9427287E-02
2.6764000E+02 2.7427000E+02 8.6700000E+00 1.7600000E+02 9 5.5116108E+01 1.8124305E-01 4.2633589E-01 -1.9039783E-02 1.2105678E-02 1.1527464E-02 1.1299349E-02 4.0866382E-04 6.3048628E-04 6.3557510E-03 7.6708209E-05 6.2399361E-03 6.4507362E-02 3.6143309E-02 8.8560126E-05 1.8406880E+00 1.8759552E+01 -3.8179916E-02
2.6764000E+02 2.7427000E+02 8.6700000E+00 1.8100000E+02 9 5.5063082E+01 1.7660389E-01 4.3638738E-01 -3.0179331E-02 9.4702342E-03 9.5279508E-03 9.3051110E-03 3.9921384E-04 4.8277439E-04 5.0153541E-03 7.4934402E-05 4.9508700E-03 7.5866781E-02 2.8275623E-02 6.9939787E-05 1.6130424E+00 1.8986292E+01 -6.4710951E-02
2.6764000E+02 2.7427000E+02 8.6700000E+00 1.8600000E+02 9 5.4979167E+01 1.9726481E-01 5.0047227E-01 -4.1643914E-02 9.6596773E-03 9.5816315E-03 9.3638374E-03 3.9017450E-04 5.2763644E-04 5.1084145E-03 7.3237673E-05 5.0325084E-03 9.1308334E-02 2.8839987E-02 6.7919962E-05 1.5254899E+00 1.9066906E+01 -8.3498926E-02
2.6764000E+02 2.7427000E+02 8.6700000E+00 1.9100000E+02 9 5.4901890E+01 2.1974856E-01 5.6312477E-01 -5.1082912E-02 1.0226169E-02 9.6649511E-03 9.4519865E-03 3.8152259E-04 6.1276098E-04 5.3997783E-03 7.1613666E-05 5.2889965E-03 1.0525263E-01 3.0526612E-02 6.8861237E-05 1.4665905E+00 1.9119825E+01 -9.9725555E-02
2.6764000E+02 2.7427000E+02 8.6700000E+00 1.9600000E+02 9 5.4841292E+01 2.3910575E-01 6.1429002E-01 -5.8097223E-02 1.0889514E-02 9.7456118E-03 9.5372723E-03 3.7323670E-04 6.9867160E-04 5.7426764E-03 7.0058363E-05 5.5900408E-03 1.1603603E-01 3.2501238E-02 7.0671276E-05 1.4307440E+00 1.9150799E+01 -1.1163042E-01
2.6764000E+02 2.7427000E+02 8.6700000E+00 2.0100000E+02 9 5.4797190E+01 2.5411716E-01 6.5271209E-01 -6.3064326E-02 1.1498829E-02 9.8139433E-03 9.6100357E-03 3.6529694E-04 7.6915147E-04 6.0577424E-03 6.8568031E-05 5.8659284E-03 1.2379895E-01 3.4314878E-02 7.2407924E-05 1.4095019E+00 1.9168145E+01 -1.1973817E-01
2.6764000E+02 2.7427000E+02 8.6700000E+00 2.0600000E+02 9 5.4766130E+01 2.6520510E-01 6.8049484E-01 -6.6519746E-02 1.2003556E-02 9.8698068E-03 9.6701483E-03 3.5768475E-04 8.2317619E-04 6.3182153E-03 6.7139186E-05 6.0935061E-03 1.2921821E-01 3.5817200E-02 7.3773610E-05 1.3970207E+00 1.9177521E+01 -1.2507554E-01
2.6764000E+02 2.7427000E+02 8.6700000E+00 2.1100000E+02 9 5.4744428E+01 2.7325079E-01 7.0036655E-01 -6.8927118E-02 1.2402938E-02 9.9159054E-03 9.7203228E-03 3.5038279E-04 8.6382657E-04 6.5235457E-03 6.5768572E-05 6.2725923E-03 1.3297714E-01 3.7006033E-02 7.4752143E-05 1.3897025E+00 1.9182351E+01 -1.2855261E-01
2.6764000E+02 2.7427000E+02 8.6700000E+00 2.1600000E+02 9 5.4729143E+01 2.7909633E-01 7.1466696E-01 -7.0628076E-02 1.2714054E-02 9.9551265E-03 9.7634558E-03 3.4337481E-04 8.9440786E-04 6.6826289E-03 6.4453140E-05 6.4111563E-03 1.3560874E-01 3.7932230E-02 7.5418098E-05 1.3854105E+00 1.9184631E+01 -1.3082859E-01
2.6764000E+02 2.7427000E+02 8.6700000E+00 2.2100000E+02 9 5.4718182E+01 2.8339980E-01 7.2513272E-01 -7.1856552E-02 1.2956749E-02 9.9897493E-03 9.8018348E-03 3.3664559E-04 9.1756411E-04 6.8058704E-03 6.3190033E-05 6.5183785E-03 1.3748714E-01 3.8654853E-02 7.5856839E-05 1.3828950E+00 1.9185501E+01 -1.3234069E-01
2.6764000E+02 2.7427000E+02 8.6700000E+00 2.2600000E+02 9 5.4710129E+01 2.8663230E-01 7.3297029E-01 -7.2767375E-02 1.3148149E-02 1.0021362E-02 9.8370564E-03 3.3018087E-04 9.3523940E-04 6.9022748E-03 6.1976573E-05 6.6021463E-03 1.3886232E-01 3.9224850E-02 7.6138708E-05 1.3814285E+00 1.9185609E+01 -1.3336707E-01
2.6764000E+02 2.7427000E+02 8.6700000E+00 2.3100000E+02 9 5.4704051E+01 2.8911784E-01 7.3899326E-01 -7.3461790E-02 1.3301488E-02 1.0050995E-02 9.8701580E-03 3.2396726E-04 9.4885414E-04 6.9788097E-03 6.0810247E-05 6.6685404E-03 1.3989784E-01 3.9681592E-02 7.6315122E-05 1.3805871E+00 1.9185318E+01 -1.3408164E-01
2.6764000E+02 2.7427000E+02 8.6700000E+00 2.3600000E+02 9 5.4699336E+01 2.9107583E-01 7.4374513E-01 -7.4006088E-02 1.3426510E-02 1.0079279E-02 9.9017772E-03 3.1799220E-04 9.5946567E-04 7.0406068E-03 5.9688700E-05 6.7220318E-03 1.4070033E-01 4.0054062E-02 7.6421633E-05 1.3801223E+00 1.9184833E+01 -1.3459300E-01
2.6764000E+02 2.7427000E+02 8.6700000E+00 2.4100000E+02 9 5.4695579E+01 2.9265479E-01 7.4758998E-01 -7.4444084E-02 1.3530254E-02 1.0106579E-02 9.9322855E-03 3.1224390E-04 9.6785143E-04 7.0913722E-03 5.8609716E-05 6.7658478E-03 1.4133971E-01 4.0363200E-02 7.6482176E-05 1.3798865E+00 1.9184266E+01 -1.3496946E-01
2.6764000E+02 2.7427000E+02 8.6700000E+00 2.4600000E+02 9 5.4692511E+01 2.9395616E-01 7.5077421E-01 -7.4805155E-02 1.3617791E-02 1.0133091E-02 9.9618860E-03 3.0671129E-04 9.7458316E-04 7.1337736E-03 5.7571217E-05 6.8023101E-03 1.4186244E-01 4.0624085E-02 7.6512674E-05 1.3797909E+00 1.9183680E+01 -1.3525456E-01
2.6764000E+02 2.7427000E+02 8.6700000E+00 2.5100000E+02 9 5.4689948E+01 2.9505011E-01 7.5346698E-01 -7.5109326E-02 1.3692789E-02 1.0158911E-02 9.9906797E-03 3.0138394E-04 9.8007704E-04 7.1697417E-03 5.6571248E-05 6.8330980E-03 1.4229985E-01 4.0847636E-02 7.6523669E-05 1.3797814E+00 1.9183109E+01 -1.3547655E-01
2.6764000E+02 2.7427000E+02 8.6700000E+00 2.5600000E+02 9 5.4687764E+01 2.9598596E-01 7.5578628E-01 -7.5370488E-02 1.3757930E-02 1.0184076E-02 1.0018709E-02 2.9625207E-04 9.8463141E-04 7.2006831E-03 5.5607971E-05 6.8594388E-03 1.4267347E-01 4.1041832E-02 7.6522145E-05 1.3798241E+00 1.9182571E+01 -1.3565405E-01
2.6764000E+02 2.7427000E+02 8.6700000E+00 2.6100000E+02 9 5.4685870E+01 2.9679896E-01 7.5781585E-01 -7.5598452E-02 1.3815196E-02 1.0208593E-02 1.0045987E-02 2.9130647E-04 9.8846174E-04 7.2276353E-03 5.4679657E-05 6.8822408E-03 1.4299834E-01 4.1212570E-02 7.6512747E-05 1.3798980E+00 1.9182073E+01 -1.3579960E-01
2.6764000E+02 2.7427000E+02 8.6700000E+00 2.6400000E+02 9 5.4679877E+01 3.0717569E-01 7.7904508E-01 -7.5724988E-02 1.5384428E-02 1.1117252E-02 1.0956266E-02 2.8840425E-04 1.1240564E-03 8.0298675E-03 5.4134896E-05 7.6316905E-03 1.4318136E-01 4.5893360E-02 8.4304400E-05 1.4161341E+00 1.9139894E+01 -1.2770029E-01
2.6764000E+02 2.7427000E+02 8.6700000E+00 2.6500000E+02 9 5.4674618E+01 3.1719285E-01 7.9956657E-01 -7.5766087E-02 1.6930090E-02 1.2045076E-02 1.1884626E-02 2.8744401E-04 1.2656505E-03 8.8199096E-03 5.3954654E-05 8.3730107E-03 1.4324262E-01 5.0504458E-02 9.1588198E-05 1.4548699E+00 1.9095473E+01 -1.1948891E-01
2.6764000E+02 2.7427000E+02 8.6700000E+00 2.7000000E+02 9 5.4682503E+01 2.9940810E-01 7.6372319E-01 -7.5917462E-02 1.4126540E-02 1.0409100E-02 1.0250553E-02 2.8403515E-04 9.9093967E-04 7.3833590E-03 5.3314795E-05 7.0249303E-03 1.4345133E-01 4.2141272E-02 7.8529266E-05 1.3853377E+00 1.9174381E+01 -1.3472630E-01
2.6764000E+02 2.7427000E+02 8.6700000E+00 2.7500000E+02 9 5.4679854E+01 3.0295492E-01 7.7128836E-01 -7.6054399E-02 1.4642528E-02 1.0725876E-02 1.0569175E-02 2.8072704E-04 1.0454312E-03 7.6456025E-03 5.2693845E-05 7.2696807E-03 1.4364513E-01 4.3680588E-02 8.0353012E-05 1.3969061E+00 1.9161295E+01 -1.3219324E-01
2.6764000E+02 2.7427000E+02 8.6700000E+00 2.8000000E+02 9 5.4677552E+01 3.0588806E-01 7.7759886E-01 -7.6185126E-02 1.5062749E-02 1.1000705E-02 1.0846005E-02 2.7714155E-04 1.0779947E-03 7.8583073E-03 5.2020831E-05 7.4687176E-03 1.4383102E-01 4.4934416E-02 8.2295725E-05 1.4063828E+00 1.9150062E+01 -1.3014441E-01
2.6764000E+02 2.7427000E+02 8.6700000E+00 2.8500000E+02 9 5.4675671E+01 3.0808338E-01 7.8247366E-01 -7.6307861E-02 1.5374638E-02 1.1226331E-02 1.1073640E-02 2.7354266E-04 1.0979364E-03 8.0151567E-03 5.1345302E-05 7.6162733E-03 1.4400567E-01 4.5865277E-02 8.3744659E-05 1.4135096E+00 1.9141516E+01 -1.2863229E-01
2.6764000E+02 2.7427000E+02 8.6700000E+00 2.8900000E+02 9 5.4672077E+01 3.1410224E-01 7.9511031E-01 -7.6400784E-02 1.6291545E-02 1.1815344E-02 1.1664229E-02 2.7072045E-04 1.1700495E-03 8.4819846E-03 5.0815559E-05 8.0548726E-03 1.4413930E-01 4.8601006E-02 8.8250828E-05 1.4358771E+00 1.9115367E+01 -1.2382246E-01
2.6764000E+02 2.7427000E+02 8.6700000E+00 2.9000000E+02 9 5.4664524E+01 3.2896414E-01 8.2586935E-01 -7.6423685E-02 1.8616785E-02 1.3264798E-02 1.3114074E-02 2.7001925E-04 1.3930009E-03 9.6694524E-03 5.0683941E-05 9.1726339E-03 1.4417576E-01 5.5538684E-02 9.8509717E-05 1.4978297E+00 1.9045030E+01 -1.1127445E-01
2.6764000E+02 2.7427000E+02 8.6700000E+00 2.9500000E+02 9 5.4722670E+01 2.9721228E-01 7.4969653E-01 -7.0520621E-02 1.5527029E-02 1.1435440E-02 1.1286594E-02 2.6665489E-04 1.0809948E-03 8.0870990E-03 5.0052433E-05 7.6862881E-03 1.3525047E-01 4.6321029E-02 8.4763547E-05 1.4556336E+00 1.9097502E+01 -1.1560171E-01
2.6764000E+02 2.7427000E+02 8.6700000E+00 3.0000000E+02 9 5.4791554E+01 2.7919851E-01 6.9798328E-01 -6.2159478E-02 1.5408505E-02 1.1538418E-02 1.1391372E-02 2.6343005E-04 1.0775790E-03 8.0193323E-03 4.9447117E-05 7.6333708E-03 1.2262061E-01 4.5970242E-02 8.3513942E-05 1.5164320E+00 1.9036406E+01 -9.8611329E-02
2.6764000E+02 2.7427000E+02 8.6700000E+00 3.0100000E+02 9 5.4797527E+01 2.9217352E-01 7.2313351E-01 -6.0423068E-02 1.8075667E-02 1.3457245E-02 1.3310557E-02 2.6279060E-04 1.3255682E-03 9.3736237E-03 4.9327089E-05 8.9255420E-03 1.2000315E-01 5.3932135E-02 9.5383018E-05 1.6260858E+00 1.8916059E+01 -8.0107415E-02
2.6764000E+02 2.7427000E+02 8.6700000E+00 3.0200000E+02 9 5.4812426E+01 2.8768398E-01 7.1085670E-01 -5.8655776E-02 1.7941560E-02 1.3455112E-02 1.3308777E-02 2.6215657E-04 1.2793134E-03 9.3025791E-03 4.9208078E-05 8.8632338E-03 1.1733467E-01 5.3533112E-02 9.6154286E-05 1.6402861E+00 1.8900124E+01 -7.7061697E-02
2.6764000E+02 2.7427000E+02 8.6700000E+00 3.0300000E+02 9 5.4827571E+01 2.8288096E-01 6.9800452E-01 -5.6876706E-02 1.7767253E-02 1.3428297E-02 1.3284057E-02 2.5840386E-04 1.2440745E-03 9.2088271E-03 4.8503675E-05 8.7794314E-03 1.1465414E-01 5.3014290E-02 9.5733280E-05 1.6538522E+00 1.8886291E+01 -7.4207414E-02
2.6764000E+02 2.7427000E+02 8.6700000E+00 3.0800000E+02 9 5.4899850E+01 2.4611323E-01 6.0880078E-01 -4.9346633E-02 1.4428010E-02 1.1463284E-02 1.1322112E-02 2.5290816E-04 9.5509035E-04 7.4957912E-03 4.7472106E-05 7.1736395E-03 1.0327871E-01 4.3052906E-02 7.8643662E-05 1.6068564E+00 1.8946499E+01 -7.6495077E-02
2.6764000E+02 2.7427000E+02 8.6700000E+00 3.1300000E+02 9 5.4949436E+01 2.2994330E-01 5.6673438E-01 -4.3553429E-02 1.3835328E-02 1.1458352E-02 1.1319285E-02 2.4913668E-04 8.8877285E-04 7.1794712E-03 4.6764181E-05 6.8993985E-03 9.4526686E-02 4.1289750E-02 7.4945272E-05 1.6531284E+00 1.8901182E+01 -6.7066850E-02
2.6764000E+02 2.7427000E+02 8.6700000E+00 3.1800000E+02 9 5.4986104E+01 2.1752192E-01 5.3498366E-01 -3.9304711E-02 1.3322341E-02 1.1472910E-02 1.1336173E-02 2.4496154E-04 8.0894598E-04 6.9046331E-03 4.5980485E-05 6.6617837E-03 8.8107170E-02 3.9763646E-02 7.2478237E-05 1.6886956E+00 1.8865536E+01 -6.0470137E-02
2.6764000E+02 2.7427000E+02 8.6700000E+00 3.2300000E+02 9 5.5012690E+01 2.0805995E-01 5.1134270E-01 -3.6258830E-02 1.2879890E-02 1.1489316E-02 1.1355140E-02 2.4037319E-04 7.3679488E-04 6.6669200E-03 4.5119230E-05 6.4559955E-03 8.3504621E-02 3.8447147E-02 7.0546793E-05 1.7138702E+00 1.8840098E+01 -5.6048664E-02
2.6764000E+02 2.7427000E+02 8.6700000E+00 3.2800000E+02 9 5.5031854E+01 2.0086943E-01 4.9380411E-01 -3.4091571E-02 1.2504892E-02 1.1501397E-02 1.1369872E-02 2.3562655E-04 6.7947683E-04 6.4650302E-03 4.4228262E-05 6.2806502E-03 8.0229338E-02 3.7331079E-02 6.8957468E-05 1.7306617E+00 1.8823074E+01 -5.3151513E-02
2.6764000E+02 2.7427000E+02 8.6700000E+00 3.2900000E+02 9 5.5029128E+01 2.1212099E-01 5.1952493E-01 -3.3690737E-02 1.4551110E-02 1.3389057E-02 1.3258063E-02 2.3467304E-04 7.6042972E-04 7.4938201E-03 4.4049283E-05 7.2836129E-03 7.9629172E-02 4.3443494E-02 7.8740641E-05 1.8719149E+00 1.8671629E+01 -4.0195310E-02
2.6764000E+02 2.7427000E+02 8.6700000E+00 3.3000000E+02 9 5.5032522E+01 2.1066256E-01 5.1600490E-01 -3.3320090E-02 1.4447931E-02 1.3364305E-02 1.3233845E-02 2.3371742E-04 7.4025879E-04 7.4397300E-03 4.3869910E-05 7.2341152E-03 7.9069840E-02 4.3135837E-02 7.9415993E-05 1.8732208E+00 1.8668798E+01 -3.9922288E-02
2.6764000E+02 2.7427000E+02 8.6700000E+00 3.3500000E+02 9 5.5024934E+01 2.0149650E-01 4.9309103E-01 -3.2497788E-02 1.1905582E-02 1.1391380E-02 1.1263533E-02 2.2903531E-04 6.0498115E-04 6.1473877E-03 4.2991055E-05 5.9957691E-03 8.1890815E-02 3.5545330E-02 6.6809716E-05 1.6622019E+00 1.8891620E+01 -6.0829314E-02
2.6764000E+02 2.7427000E+02 8.6700000E+00 3.4000000E+02 9 5.4996605E+01 2.1242757E-01 5.1430745E-01 -3.2228904E-02 1.1949093E-02 1.1376398E-02 1.1251072E-02 2.2451826E-04 6.2894373E-04 6.1676606E-03 4.2143181E-05 6.0118193E-03 8.7073526E-02 3.5674240E-02 6.6511667E-05 1.5901064E+00 1.8964601E+01 -7.1423913E-02
2.6764000E+02 2.7427000E+02 8.6700000E+00 3.4500000E+02 9 5.4966969E+01 2.2545465E-01 5.3935286E-01 -3.2177564E-02 1.2296819E-02 1.1390526E-02 1.1267616E-02 2.2019055E-04 6.8778880E-04 6.3481582E-03 4.1330850E-05 6.1686169E-03 9.2293487E-02 3.6708775E-02 6.8054195E-05 1.5382524E+00 1.9016463E+01 -8.0563996E-02
2.6764000E+02 2.7427000E+02 8.6700000E+00 3.5000000E+02 9 5.4941726E+01 2.3748850E-01 5.6220021E-01 -3.2183759E-02 1.2755036E-02 1.1412560E-02 1.1291960E-02 2.1605396E-04 7.5623956E-04 6.5870922E-03 4.0554392E-05 6.3764304E-03 9.6630948E-02 3.8072165E-02 7.0145063E-05 1.5044229E+00 1.9050092E+01 -8.7393583E-02
2.6764000E+02 2.7427000E+02 8.6700000E+00 3.5500000E+02 9 5.4922205E+01 2.4738219E-01 5.8075568E-01 -3.2186688E-02 1.3204689E-02 1.1433156E-02 1.1314762E-02 2.1209998E-04 8.1995408E-04 6.8217657E-03 3.9812209E-05 6.5802941E-03 9.9921576E-02 3.9410055E-02 7.2150450E-05 1.4830840E+00 1.9071222E+01 -9.2149440E-02
2.6764000E+02 2.7427000E+02 8.6700000E+00 3.6000000E+02 9 5.4907852E+01 2.5503845E-01 5.9493968E-01 -3.2170721E-02 1.3593638E-02 1.1449440E-02 1.1333159E-02 2.0831611E-04 8.7229402E-04 7.0246785E-03 3.9101959E-05 6.7561912E-03 1.0230212E-01 4.0567307E-02 7.3831249E-05 1.4697530E+00 1.9084389E+01 -9.5344283E-02
2.6764000E+02 2.7427000E+02 8.6700000E+00 3.6500000E+02 9 5.4897565E+01 2.6078211E-01 6.0544953E-01 -3.2137280E-02 1.3909347E-02 1.1461348E-02 1.1347091E-02 2.0468899E-04 9.1263973E-04 7.1891989E-03 3.8421130E-05 6.8983604E-03 1.0398426E-01 4.1506635E-02 7.5148848E-05 1.4614144E+00 1.9092610E+01 -9.7455918E-02
2.6764000E+02 2.7427000E+02 8.6700000E+00 3.7000000E+02 9 5.4890262E+01 2.6503598E-01 6.1313627E-01 -3.2092284E-02 1.4157588E-02 1.1469736E-02 1.1357424E-02 2.0120578E-04 9.4279225E-04 7.3183536E-03 3.7767315E-05 7.0094686E-03 1.0516312E-01 4.2245236E-02 7.6146672E-05 1.4561563E+00 1.9097790E+01 -9.8846936E-02
2.6764000E+02 2.7427000E+02 8.6700000E+00 3.7500000E+02 9 5.4885071E+01 2.6818392E-01 6.1875257E-01 -3.2041406E-02 1.4350240E-02 1.1475569E-02 1.1365127E-02 1.9785482E-04 9.6506517E-04 7.4183852E-03 3.7138323E-05 7.0949926E-03 1.0599105E-01 4.2818460E-02 7.6890185E-05 1.4527966E+00 1.9101098E+01 -9.9768464E-02
2.6764000E+02 2.7427000E+02 8.6700000E+00 3.8000000E+02 9 5.4881352E+01 2.7053035E-01 6.2288531E-01 -3.1988784E-02 1.4499531E-02 1.1479638E-02 1.1370999E-02 1.9462577E-04 9.8153703E-04 7.4957116E-03 3.6532214E-05 7.1605763E-03 1.0657797E-01 4.3262687E-02 7.7441469E-05 1.4506121E+00 1.9103250E+01 -1.0038647E-01
2.6764000E+02 2.7427000E+02 8.6700000E+00 3.8500000E+02 9 5.4878650E+01 2.7230128E-01 6.2596434E-01 -3.1937040E-02 1.4615888E-02 1.1482521E-02 1.1375620E-02 1.9150964E-04 9.9381872E-04 7.5557956E-03 3.5947301E-05 7.2110414E-03 1.0700005E-01 4.3608939E-02 7.7851100E-05 1.4491610E+00 1.9104682E+01 -1.0080812E-01
2.6764000E+02 2.7427000E+02 8.6700000E+00 3.9000000E+02 9 5.4876656E+01 2.7365890E-01 6.2829470E-01 -3.1887647E-02 1.4707498E-02 1.1484606E-02 1.1379387E-02 1.8849867E-04 1.0030959E-03 7.6029182E-03 3.5382128E-05 7.2501806E-03 1.0730898E-01 4.3881574E-02 7.8157477E-05 1.4481727E+00 1.9105660E+01 -1.0110193E-01
2.6764000E+02 2.7427000E+02 8.6700000E+00 3.9500000E+02 9 5.4875156E+01 2.7471792E-01 6.3008972E-01 -3.1841321E-02 1.4780537E-02 1.1486149E-02 1.1382555E-02 1.8558619E-04 1.0102031E-03 7.6403025E-03 3.4835441E-05 7.2808570E-03 1.0753960E-01 4.4098956E-02 7.8388737E-05 1.4474799E+00 1.9106348E+01 -1.0131171E-01
2.6764000E+02 2.7427000E+02 8.6700000E+00 4.0000000E+02 9 5.4874006E+01 2.7555907E-01 6.3149811E-01 -3.1798313E-02 1.4839575E-02 1.1487307E-02 1.1385287E-02 1.8276647E-04 1.0157250E-03 7.6703339E-03 3.4306166E-05 7.3051904E-03 1.0771540E-01 4.4274685E-02 7.8565154E-05 1.4469781E+00 1.9106849E+01 -1.0146561E-01
2.6764000E+02 2.7427000E+02 8.6700000E+00 4.0500000E+02 9 5.4873107E+01 2.7623938E-01 6.3262389E-01 -3.1758605E-02 1.4887976E-02 1.1488177E-02 1.1387683E-02 1.8003457E-04 1.0200791E-03 7.6947689E-03 3.3793375E-05 7.3247382E-03 1.0785234E-01 4.4418765E-02 7.8701240E-05 1.4466014E+00 1.9107228E+01 -1.0158185E-01
2.6764000E+02 2.7427000E+02 8.6700000E+00 4.1000000E+02 9 5.4872389E+01 2.7679941E-01 6.3354034E-01 -3.1722043E-02 1.4928220E-02 1.1488814E-02 1.1389798E-02 1.7738621E-04 1.0235591E-03 7.7149046E-03 3.3296264E-05 7.3406442E-03 1.0796133E-01 4.4538568E-02 7.8807384E-05 1.4463077E+00 1.9107526E+01 -1.0167239E-01
2.6764000E+02 2.7427000E+02 8.6700000E+00 4.1200000E+02 9 5.4865128E+01 2.9105263E-01 6.6285988E-01 -3.1707909E-02 1.7148482E-02 1.2850837E-02 1.2752405E-02 1.7633997E-04 1.2198533E-03 8.8507157E-03 3.3099880E-05 8.4053291E-03 1.0800532E-01 5.1162776E-02 8.9265677E-05 1.5147169E+00 1.9030636E+01 -8.9846864E-02
2.6764000E+02 2.7427000E+02 8.6700000E+00 4.1700000E+02 9 5.4872138E+01 2.7634414E-01 6.3234741E-01 -3.1675402E-02 1.4802721E-02 1.1399419E-02 1.1302402E-02 1.7380275E-04 9.9844569E-04 7.6496571E-03 3.2623631E-05 7.2762541E-03 1.0808247E-01 4.4163911E-02 7.8532807E-05 1.4409448E+00 1.9113081E+01 -1.0267761E-01
2.6764000E+02 2.7427000E+02 8.6700000E+00 4.2200000E+02 9 5.4871712E+01 2.7667430E-01 6.3289225E-01 -3.1645476E-02 1.4826990E-02 1.1391442E-02 1.1295800E-02 1.7134076E-04 1.0127554E-03 7.6614390E-03 3.2161504E-05 7.2849546E-03 1.0815041E-01 4.4236096E-02 7.8116771E-05 1.4407862E+00 1.9113739E+01 -1.0274994E-01
2.6764000E+02 2.7427000E+02 8.6700000E+00 4.2700000E+02 9 5.4871202E+01 2.7725715E-01 6.3389112E-01 -3.1617892E-02 1.4889145E-02 1.1404077E-02 1.1309769E-02 1.6895119E-04 1.0218020E-03 7.6927830E-03 3.1712968E-05 7.3117351E-03 1.0820866E-01 4.4421245E-02 7.8304768E-05 1.4416759E+00 1.9112779E+01 -1.0260992E-01
2.6764000E+02 2.7427000E+02 8.6700000E+00 4.2900000E+02 9 5.4863965E+01 2.9161468E-01 6.6338006E-01 -3.1607218E-02 1.7129247E-02 1.2768114E-02 1.2674333E-02 1.6800677E-04 1.2215400E-03 8.8392455E-03 3.1535697E-05 8.3855207E-03 1.0823484E-01 5.1104510E-02 8.8877411E-05 1.5102223E+00 1.9035705E+01 -9.0656866E-02
2.6764000E+02 2.7427000E+02 8.6700000E+00 4.3000000E+02 9 5.4861721E+01 2.9603836E-01 6.7245285E-01 -3.1601970E-02 1.7813144E-02 1.3204574E-02 1.3111055E-02 1.6753739E-04 1.2675422E-03 9.1887616E-03 3.1447592E-05 8.7136916E-03 1.0824706E-01 5.3145106E-02 9.2576905E-05 1.5328335E+00 1.9009764E+01 -8.6991134E-02
2.6764000E+02 2.7427000E+02 8.6700000E+00 4.3500000E+02 9 5.4869285E+01 2.8037160E-01 6.4005047E-01 -3.1589225E-02 1.5330544E-02 1.1659064E-02 1.1568508E-02 1.6222838E-04 1.0381906E-03 7.9155509E-03 3.0451064E-05 7.5171019E-03 1.0831192E-01 4.5737892E-02 8.0809454E-05 1.4530059E+00 1.9099500E+01 -1.0052940E-01
2.6764000E+02 2.7427000E+02 8.6700000E+00 4.3600000E+02 9 5.4859596E+01 2.9972884E-01 6.8027480E-01 -3.1586592E-02 1.8377713E-02 1.3581925E-02 1.3491843E-02 1.6138050E-04 1.3393712E-03 9.4727581E-03 3.0291913E-05 8.9813105E-03 1.0832853E-01 5.4830286E-02 9.3338323E-05 1.5521392E+00 1.8990305E+01 -8.4054433E-02
2.6764000E+02 2.7427000E+02 8.6700000E+00 4.3700000E+02 9 5.4860772E+01 3.0013063E-01 6.8029169E-01 -3.1248777E-02 1.8461317E-02 1.3639580E-02 1.3549806E-02 1.6082942E-04 1.3173543E-03 9.5154554E-03 3.0188474E-05 9.0206842E-03 1.0805495E-01 5.5079588E-02 9.4794103E-05 1.5552049E+00 1.8985607E+01 -8.3405717E-02
2.6764000E+02 2.7427000E+02 8.6700000E+00 4.3800000E+02 9 5.4864384E+01 2.9997724E-01 6.7824454E-01 -3.0398597E-02 1.8519757E-02 1.3685251E-02 1.3595700E-02 1.6043031E-04 1.3029891E-03 9.5451785E-03 3.0113558E-05 9.0483453E-03 1.0734617E-01 5.5253923E-02 9.5661083E-05 1.5586955E+00 1.8981124E+01 -8.2510443E-02
2.6764000E+02 2.7427000E+02 8.6700000E+00 4.4300000E+02 9 5.4927154E+01 2.7457875E-01 6.0257276E-01 -1.8460213E-02 1.5832065E-02 1.2036089E-02 1.1945287E-02 1.6266960E-04 1.0549545E-03 8.1716054E-03 3.0533884E-05 7.7593259E-03 9.7255686E-02 4.7234726E-02 8.3615666E-05 1.4882680E+00 1.9061176E+01 -8.8537402E-02
2.6764000E+02 2.7427000E+02 8.6700000E+00 4.4400000E+02 9 5.4930196E+01 2.9068443E-01 6.3135973E-01 -1.5822207E-02 1.8677732E-02 1.3921865E-02 1.3830939E-02 1.6289226E-04 1.3147036E-03 9.6239585E-03 3.0575678E-05 9.1306714E-03 9.5033278E-02 5.5727161E-02 9.5510278E-05 1.5995161E+00 1.8939673E+01 -7.1129595E-02
2.6764000E+02 2.7427000E+02 8.6700000E+00 4.4500000E+02 9 5.4942962E+01 2.8885637E-01 6.2195317E-01 -1.2996018E-02 1.8684598E-02 1.3944513E-02 1.3853663E-02 1.6275607E-04 1.2797310E-03 9.6272768E-03 3.0550115E-05 9.1339918E-03 9.2650145E-02 5.5747690E-02 9.6712279E-05 1.6064149E+00 1.8931124E+01 -6.9112466E-02
2.6764000E+02 2.7427000E+02 8.6700000E+00 4.5000000E+02 9 5.5009530E+01 2.6459429E-01 5.4638866E-01 -5.2923483E-06 1.6273002E-02 1.2435857E-02 1.2346172E-02 1.6066901E-04 1.0572182E-03 8.3925375E-03 3.0158363E-05 7.9737376E-03 8.1694818E-02 4.8551998E-02 8.6073932E-05 1.5386726E+00 1.9007529E+01 -7.3031947E-02
2.6764000E+02 2.7427000E+02 8.6700000E+00 4.5300000E+02 9 5.5038229E+01 2.6891026E-01 5.4169705E-01 7.3513368E-03 1.7772432E-02 1.3554077E-02 1.3465066E-02 1.5946220E-04 1.1375143E-03 9.1535864E-03 2.9931839E-05 8.6994600E-03 7.5496196E-02 5.3028378E-02 9.2856645E-05 1.6225649E+00 1.8916917E+01 -5.9522105E-02
2.6764000E+02 2.7427000E+02 8.6700000E+00 4.5400000E+02 9 5.5045166E+01 2.7518752E-01 5.5065178E-01 9.7517616E-03 1.9036198E-02 1.4536230E-02 1.4447443E-02 1.5906070E-04 1.1776352E-03 9.7944414E-03 2.9856475E-05 9.3127931E-03 7.3475390E-02 5.6801653E-02 9.8545936E-05 1.6966670E+00 1.8836917E+01 -5.0738454E-02
2.6764000E+02 2.7427000E+02 8.6700000E+00 4.5900000E+02 9 5.5106329E+01 2.4850516E-01 4.7315036E-01 2.1168714E-02 1.6078734E-02 1.2647270E-02 1.2559528E-02 1.5718840E-04 9.5057043E-04 8.2815827E-03 2.9505035E-05 7.8891669E-03 6.3848261E-02 4.7976505E-02 8.5313694E-05 1.5830448E+00 1.8961739E+01 -5.8739951E-02
2.6764000E+02 2.7427000E+02 8.6700000E+00 4.6400000E+02 9 5.5147652E+01 2.4014465E-01 4.3943242E-01 3.0038491E-02 1.5758250E-02 1.2628463E-02 1.2541817E-02 1.5522498E-04 8.8843834E-04 8.1111755E-03 2.9136492E-05 7.7400211E-03 5.6380522E-02 4.7022459E-02 8.3288717E-05 1.5943615E+00 1.8951230E+01 -5.3981108E-02
2.6764000E+02 2.7427000E+02 8.6700000E+00 4.6900000E+02 9 5.5178430E+01 2.3392766E-01 4.1444163E-01 3.6651169E-02 1.5524503E-02 1.2645520E-02 1.2559809E-02 1.5354955E-04 8.3342493E-04 7.9862127E-03 2.8822006E-05 7.6316379E-03 5.0819003E-02 4.6326749E-02 8.2168063E-05 1.6042009E+00 1.8941390E+01 -5.0374289E-02
2.6764000E+02 2.7427000E+02 8.6700000E+00 4.7400000E+02 9 5.5201234E+01 2.2918251E-01 3.9580350E-01 4.1539708E-02 1.5333027E-02 1.2675132E-02 1.2590237E-02 1.5208781E-04 7.8705820E-04 7.8835934E-03 2.8547631E-05 7.5429780E-03 4.6713453E-02 4.5756842E-02 8.1378401E-05 1.6115173E+00 1.8933864E+01 -4.7768569E-02
2.6764000E+02 2.7427000E+02 8.6700000E+00 4.7900000E+02 9 5.5218181E+01 2.2548452E-01 3.8175576E-01 4.5157752E-02 1.5166569E-02 1.2705182E-02 1.2621032E-02 1.5075343E-04 7.4912691E-04 7.7944018E-03 2.8297160E-05 7.4657387E-03 4.3680841E-02 4.5261290E-02 8.0725511E-05 1.6163153E+00 1.8928838E+01 -4.5939914E-02
2.6764000E+02 2.7427000E+02 8.6700000E+00 4.8100000E+02 9 5.5218641E+01 2.3519289E-01 4.0061162E-01 4.6428123E-02 1.6879825E-02 1.4068449E-02 1.3984589E-02 1.5023501E-04 7.9736817E-04 8.6632983E-03 2.8199850E-05 8.2970211E-03 4.2621386E-02 5.0376367E-02 8.9030091E-05 1.7359143E+00 1.8800705E+01 -3.5404138E-02
2.6764000E+02 2.7427000E+02 8.6700000E+00 4.8200000E+02 9 5.5219849E+01 2.3773966E-01 4.0530776E-01 4.7022228E-02 1.7366258E-02 1.4509585E-02 1.4425867E-02 1.4997904E-04 8.0165805E-04 8.9088833E-03 2.8151803E-05 8.5341676E-03 4.2125868E-02 5.1828985E-02 9.1843088E-05 1.7794437E+00 1.8753800E+01 -3.2154981E-02
2.6764000E+02 2.7427000E+02 8.6700000E+00 4.8700000E+02 9 5.5239342E+01 2.1822271E-01 3.5951273E-01 4.9371047E-02 1.4518561E-02 1.2477764E-02 1.2394852E-02 1.4853522E-04 6.8149358E-04 7.4576699E-03 2.7880791E-05 7.1569919E-03 4.0161198E-02 4.3328586E-02 7.8288746E-05 1.5970921E+00 1.8948918E+01 -4.6210677E-02
2.6764000E+02 2.7427000E+02 8.6700000E+00 4.9200000E+02 9 5.5248146E+01 2.1532096E-01 3.5031062E-01 5.1146187E-02 1.4262352E-02 1.2353661E-02 1.2271529E-02 1.4713777E-04 6.6462567E-04 7.3250700E-03 2.7618484E-05 7.0335535E-03 3.8686241E-02 4.2564246E-02 7.6423590E-05 1.5892601E+00 1.8958210E+01 -4.6320117E-02
2.6764000E+02 2.7427000E+02 8.6700000E+00 4.9700000E+02 9 5.5254602E+01 2.1361269E-01 3.4419449E-01 5.2503039E-02 1.4137584E-02 1.2283892E-02 1.2202495E-02 1.4582253E-04 6.5567686E-04 7.2610157E-03 2.7371607E-05 6.9718964E-03 3.7564202E-02 4.2191768E-02 7.5738266E-05 1.5866555E+00 1.8961188E+01 -4.6073967E-02
2.6764000E+02 2.7427000E+02 8.6700000E+00 5.0200000E+02 9 5.5259524E+01 2.1248094E-01 3.3978828E-01 5.3562216E-02 1.4067318E-02 1.2241873E-02 1.2161190E-02 1.4454210E-04 6.4840054E-04 7.2252761E-03 2.7131264E-05 6.9360233E-03 3.6693120E-02 4.1981892E-02 7.5449744E-05 1.5858819E+00 1.8961999E+01 -4.5757557E-02
2.6764000E+02 2.7427000E+02 8.6700000E+00 5.0500000E+02 9 5.5258324E+01 2.1940511E-01 3.5354905E-01 5.4110881E-02 1.5234186E-02 1.3092516E-02 1.3012257E-02 1.4378148E-04 6.9071704E-04 7.8196746E-03 2.6988491E-05 7.4985201E-03 3.6246599E-02 4.5464697E-02 8.1390717E-05 1.6591676E+00 1.8882997E+01 -3.8969550E-02
2.6764000E+02 2.7427000E+02 8.6700000E+00 5.0600000E+02 9 5.5255603E+01 2.2629247E-01 3.6814393E-01 5.4284808E-02 1.6359275E-02 1.3976087E-02 1.3895970E-02 1.4352865E-04 7.1747904E-04 8.3909220E-03 2.6941034E-05 8.0438664E-03 3.6107060E-02 4.8823688E-02 8.6777485E-05 1.7431592E+00 1.8793501E+01 -3.2540265E-02
2.6764000E+02 2.7427000E+02 8.6700000E+00 5.1100000E+02 9 5.5267615E+01 2.0826201E-01 3.2827725E-01 5.5026434E-02 1.3555323E-02 1.1925422E-02 1.1845991E-02 1.4230009E-04 6.1334845E-04 6.9640698E-03 2.6710427E-05 6.6858805E-03 3.5497591E-02 4.0453528E-02 7.3523276E-05 1.5623256E+00 1.8986671E+01 -4.7546976E-02
2.6764000E+02 2.7427000E+02 8.6700000E+00 5.1600000E+02 9 5.5270692E+01 2.0704430E-01 3.2435147E-01 5.5636007E-02 1.3414861E-02 1.1785856E-02 1.1707176E-02 1.4095355E-04 6.1490407E-04 6.8936004E-03 2.6457675E-05 6.6148677E-03 3.5005566E-02 4.0033903E-02 7.2227352E-05 1.5556770E+00 1.8994597E+01 -4.8012537E-02
2.6764000E+02 2.7427000E+02 8.6700000E+00 5.2100000E+02 9 5.5272952E+01 2.0659535E-01 3.2212946E-01 5.6141151E-02 1.3378119E-02 1.1704855E-02 1.1626886E-02 1.3968002E-04 6.1835694E-04 6.8767416E-03 2.6218626E-05 6.5931786E-03 3.4601089E-02 3.9923661E-02 7.1955428E-05 1.5539168E+00 1.8996648E+01 -4.8012421E-02
2.6764000E+02 2.7427000E+02 8.6700000E+00 5.2600000E+02 9 5.5274763E+01 2.0639684E-01 3.2060135E-01 5.6568201E-02 1.3372713E-02 1.1653053E-02 1.1575760E-02 1.3846960E-04 6.1977420E-04 6.8757767E-03 2.5991425E-05 6.5868337E-03 3.4261690E-02 3.9907052E-02 7.1953255E-05 1.5536577E+00 1.8996921E+01 -4.7882175E-02
2.6764000E+02 2.7427000E+02 8.6700000E+00 5.3100000E+02 9 5.5276301E+01 2.0625073E-01 3.1934978E-01 5.6935705E-02 1.3371536E-02 1.1614851E-02 1.1538211E-02 1.3730000E-04 6.1941750E-04 6.8766775E-03 2.5771885E-05 6.5829434E-03 3.3971804E-02 3.9903198E-02 7.1981552E-05 1.5536209E+00 1.8996914E+01 -4.7749216E-02
2.6764000E+02 2.7427000E+02 8.6700000E+00 5.3600000E+02 9 5.5277649E+01 2.0610173E-01 3.1822978E-01 5.7256855E-02 1.3367409E-02 1.1582853E-02 1.1506851E-02 1.3615730E-04 6.1852050E-04 6.8757893E-03 2.5557394E-05 6.5779991E-03 3.3720386E-02 3.9890632E-02 7.1982277E-05 1.5534554E+00 1.8997042E+01 -4.7647066E-02
2.6764000E+02 2.7427000E+02 8.6700000E+00 5.4100000E+02 9 5.5278848E+01 2.0594658E-01 3.1719915E-01 5.7541204E-02 1.3360038E-02 1.1553853E-02 1.1478476E-02 1.3503603E-04 6.1725312E-04 6.8730241E-03 2.5346928E-05 6.5717703E-03 3.3499425E-02 3.9868438E-02 7.1954143E-05 1.5531162E+00 1.8997361E+01 -4.7576655E-02
2.6764000E+02 2.7427000E+02 8.6700000E+00 5.4600000E+02 9 5.5279924E+01 2.0579194E-01 3.1624672E-01 5.7795802E-02 1.3350697E-02 1.1526576E-02 1.1451814E-02 1.3393544E-04 6.1595361E-04 6.8690852E-03 2.5140341E-05 6.5648049E-03 3.3302991E-02 3.9840396E-02 7.1907824E-05 1.5526555E+00 1.8997813E+01 -4.7530229E-02
2.6764000E+02 2.7427000E+02 8.6700000E+00 5.5100000E+02 9 5.5280896E+01 2.0564416E-01 3.1536777E-01 5.8025956E-02 1.3340575E-02 1.1500552E-02 1.1426391E-02 1.3285643E-04 6.1471874E-04 6.8646188E-03 2.4937806E-05 6.5576292E-03 3.3126618E-02 3.9810036E-02 7.1852803E-05 1.5521271E+00 1.8998341E+01 -4.7500206E-02
2.6764000E+02 2.7427000E+02 8.6700000E+00 5.5600000E+02 9 5.5281780E+01 2.0550664E-01 3.1455743E-01 5.8235731E-02 1.3330442E-02 1.1475599E-02 1.1402029E-02 1.3180010E-04 6.1363814E-04 6.8600471E-03 2.4739527E-05 6.5505843E-03 3.2966882E-02 3.9779652E-02 7.1795114E-05 1.5515713E+00 1.8998901E+01 -4.7480951E-02
2.6764000E+02 2.7427000E+02 8.6700000E+00 5.6100000E+02 9 5.5282588E+01 2.0538064E-01 3.1380983E-01 5.8428291E-02 1.3320714E-02 1.1451629E-02 1.1378635E-02 1.3076716E-04 6.1271845E-04 6.8556024E-03 2.4545640E-05 6.5438493E-03 3.2821125E-02 3.9750480E-02 7.1737997E-05 1.5510117E+00 1.8999467E+01 -4.7468798E-02
2.6764000E+02 2.7427000E+02 8.6700000E+00 5.6600000E+02 9 5.5283330E+01 2.0526630E-01 3.1311870E-01 5.8606131E-02 1.3311580E-02 1.1428565E-02 1.1356135E-02 1.2975789E-04 6.1190807E-04 6.8513990E-03 2.4356193E-05 6.5374990E-03 3.2687254E-02 3.9723089E-02 7.1682980E-05 1.5504600E+00 1.9000025E+01 -4.7461477E-02
2.6764000E+02 2.7427000E+02 8.6700000E+00 5.7100000E+02 9 5.5284016E+01 2.0516284E-01 3.1247791E-01 5.8771246E-02 1.3303098E-02 1.1406335E-02 1.1334455E-02 1.2877217E-04 6.1121266E-04 6.8474781E-03 2.4171169E-05 6.5315474E-03 3.2563604E-02 3.9697645E-02 7.1630625E-05 1.5499227E+00 1.9000569E+01 -4.7457551E-02
2.6764000E+02 2.7427000E+02 8.6700000E+00 5.7600000E+02 9 5.5284652E+01 2.0506927E-01 3.1188175E-01 5.8925247E-02 1.3295251E-02 1.1384866E-02 1.1313523E-02 1.2780965E-04 6.1060659E-04 6.8438382E-03 2.3990500E-05 6.5259796E-03 3.2448832E-02 3.9674100E-02 7.1581037E-05 1.5494017E+00 1.9001096E+01 -4.7456176E-02
2.6764000E+02 2.7427000E+02 8.6700000E+00 5.8100000E+02 9 5.5285245E+01 2.0498458E-01 3.1132525E-01 5.9069447E-02 1.3288001E-02 1.1364087E-02 1.1293269E-02 1.2686981E-04 6.1008765E-04 6.8404671E-03 2.3814088E-05 6.5207693E-03 3.2341848E-02 3.9652341E-02 7.1534116E-05 1.5488977E+00 1.9001605E+01 -4.7456769E-02
2.6764000E+02 2.7427000E+02 8.6700000E+00 5.8200000E+02 9 5.5277445E+01 2.2085108E-01 3.4480803E-01 5.9097906E-02 1.5810911E-02 1.3150489E-02 1.3079776E-02 1.2668275E-04 7.0918993E-04 8.1265988E-03 2.3778975E-05 7.7382281E-03 3.2326066E-02 4.7182959E-02 8.2907706E-05 1.7091015E+00 1.8831110E+01 -3.3636046E-02
2.6764000E+02 2.7427000E+02 8.6700000E+00 5.8700000E+02 9 5.5285997E+01 2.0475451E-01 3.1049224E-01 5.9243822E-02 1.3262824E-02 1.1341975E-02 1.1272579E-02 1.2432080E-04 6.0637962E-04 6.8267417E-03 2.3335625E-05 6.5058438E-03 3.2222476E-02 3.9577057E-02 7.1603195E-05 1.5474932E+00 1.9002815E+01 -4.7539633E-02
2.6764000E+02 2.7427000E+02 8.6700000E+00 5.9200000E+02 9 5.5286370E+01 2.0495893E-01 3.1060576E-01 5.9370393E-02 1.3300737E-02 1.1355371E-02 1.1286637E-02 1.2313700E-04 6.1058009E-04 6.8458710E-03 2.3113421E-05 6.5226635E-03 3.2131094E-02 3.9690210E-02 7.1283185E-05 1.5494556E+00 1.9001212E+01 -4.7300069E-02
2.6764000E+02 2.7427000E+02 8.6700000E+00 5.9700000E+02 9 5.5286691E+01 2.0523309E-01 3.1081887E-01 5.9491992E-02 1.3346069E-02 1.1367303E-02 1.1299158E-02 1.2208077E-04 6.1316510E-04 6.8692169E-03 2.2915161E-05 6.5427532E-03 3.2043133E-02 3.9825395E-02 7.1390700E-05 1.5516431E+00 1.8998922E+01 -4.7036492E-02
2.6764000E+02 2.7427000E+02 8.6700000E+00 6.0200000E+02 9 5.5287023E+01 2.0545504E-01 3.1092229E-01 5.9610507E-02 1.3382152E-02 1.1372902E-02 1.1305412E-02 1.2090772E-04 6.1405454E-04 6.8877820E-03 2.2694974E-05 6.5582902E-03 3.1958525E-02 3.9932994E-02 7.1541410E-05 1.5532920E+00 1.8997117E+01 -4.6827903E-02
2.6764000E+02 2.7427000E+02 8.6700000E+00 6.0700000E+02 9 5.5287375E+01 2.0559902E-01 3.1088122E-01 5.9724822E-02 1.3405906E-02 1.1371988E-02 1.1305197E-02 1.1965411E-04 6.1383838E-04 6.8999331E-03 2.2459665E-05 6.5679083E-03 3.1877828E-02 4.0003825E-02 7.1647907E-05 1.5542900E+00 1.8996000E+01 -4.6686587E-02
2.6764000E+02 2.7427000E+02 8.6700000E+00 6.1200000E+02 9 5.5287739E+01 2.0567856E-01 3.1072698E-01 5.9834096E-02 1.3419660E-02 1.1365863E-02 1.1299785E-02 1.1837739E-04 6.1317356E-04 6.9068988E-03 2.2220018E-05 6.5727624E-03 3.1801291E-02 4.0044822E-02 7.1705154E-05 1.5547705E+00 1.8995443E+01 -4.6599635E-02
2.6764000E+02 2.7427000E+02 8.6700000E+00 6.1700000E+02 9 5.5288103E+01 2.0571485E-01 3.1050124E-01 5.9938049E-02 1.3426666E-02 1.1356048E-02 1.1290674E-02 1.1711482E-04 6.1247248E-04 6.9103871E-03 2.1983028E-05 6.5744195E-03 3.1728874E-02 4.0065684E-02 7.1727199E-05 1.5549030E+00 1.8995266E+01 -4.6550175E-02
2.6764000E+02 2.7427000E+02 8.6700000E+00 6.2200000E+02 9 5.5288460E+01 2.0572563E-01 3.1023710E-01 6.0036767E-02 1.3429553E-02 1.1343821E-02 1.1279134E-02 1.1588534E-04 6.1181172E-04 6.9117682E-03 2.1752249E-05 6.5741392E-03 3.1660371E-02 4.0074243E-02 7.1727893E-05 1.5548191E+00 1.8995326E+01 -4.6524700E-02
2.6764000E+02 2.7427000E+02 8.6700000E+00 6.2700000E+02 9 5.5288806E+01 2.0572237E-01 3.0995640E-01 6.0130519E-02 1.3430081E-02 1.1330125E-02 1.1266101E-02 1.1469660E-04 6.1131954E-04 6.9119578E-03 2.1529115E-05 6.5727635E-03 3.1595517E-02 4.0075755E-02 7.1716781E-05 1.5546112E+00 1.8995522E+01 -4.6513850E-02
2.6764000E+02 2.7427000E+02 8.6700000E+00 6.3200000E+02 9 5.5289137E+01 2.0571232E-01 3.0967220E-01 6.0219634E-02 1.3429329E-02 1.1315602E-02 1.1252219E-02 1.1355018E-04 6.1093175E-04 6.9115134E-03 2.1313927E-05 6.5708069E-03 3.1534034E-02 4.0073437E-02 7.1699590E-05 1.5543335E+00 1.8995796E+01 -4.6511843E-02
2.6764000E+02 2.7427000E+02 8.6700000E+00 6.3700000E+02 9 5.5289453E+01 2.0569950E-01 3.0939176E-01 6.0304449E-02 1.3427921E-02 1.1300673E-02 1.1237907E-02 1.1244469E-04 6.1063357E-04 6.9107565E-03 2.1106422E-05 6.5685672E-03 3.1475662E-02 4.0069156E-02 7.1679494E-05 1.5540192E+00 1.8996109E+01 -4.6515156E-02
2.6764000E+02 2.7427000E+02 8.6700000E+00 6.4200000E+02 9 5.5289754E+01 2.0568587E-01 3.0911880E-01 6.0385281E-02 1.3426202E-02 1.1285599E-02 1.1223429E-02 1.1137744E-04 6.1045830E-04 6.9098625E-03 2.0906093E-05 6.5662084E-03 3.1420165E-02 4.0063944E-02 7.1658161E-05 1.5536886E+00 1.8996442E+01 -4.6521683E-02
2.6764000E+02 2.7427000E+02 8.6700000E+00 6.4700000E+02 9 5.5290042E+01 2.0567296E-01 3.0885511E-01 6.0462419E-02 1.3424366E-02 1.1270541E-02 1.1208947E-02 1.1034529E-04 6.1026151E-04 6.9089282E-03 2.0712353E-05 6.5638217E-03 3.1367331E-02 4.0058381E-02 7.1636455E-05 1.5533488E+00 1.8996785E+01 -4.6530333E-02
2.6764000E+02 2.7427000E+02 8.6700000E+00 6.5000000E+02 9 5.5286357E+01 2.1339510E-01 3.2493745E-01 6.0507431E-02 1.4648986E-02 1.2102595E-02 1.2041340E-02 1.0973795E-04 6.5979075E-04 7.5347000E-03 2.0598352E-05 7.1522695E-03 3.1339499E-02 4.3713154E-02 7.7755979E-05 1.6246436E+00 1.8919926E+01 -3.9881430E-02
