x y z_datum Time Well_no H2O H O Charge Al C Ca Cl Fe K Mg Na S Si U pH pe Alkalinity
2.6764000E+02 2.7427000E+02 8.6700000E+00 0.0000000E+00 9 9.9704301E-01 7.2098600E-06 6.6484776E-04 -3.2324431E-06 0.0000000E+00 1.0067647E-04 6.3262499E-05 4.3211171E-04 0.0000000E+00 2.8240956E-04 5.5605062E-05 2.2967748E-04 1.4127542E-04 0.0000000E+00 0.0000000E+00 7.0300000E+00 1.1068788E+01 7.1999443E-03
2.6764000E+02 2.7427000E+02 8.6700000E+00 5.0000000E+00 9 5.5327919E+01 1.9580398E-02 6.3221993E-02 -3.0212204E-03 0.0000000E+00 7.2392982E-03 1.3633005E-03 1.0526751E-02 0.0000000E+00 6.2383941E-03 1.9759229E-03 8.6284842E-03 1.0620987E-02 0.0000000E+00 0.0000000E+00 2.3517840E+00 1.8034959E+01 -7.2246606E-03
2.6764000E+02 2.7427000E+02 8.6700000E+00 1.0000000E+01 9 5.5309095E+01 3.3734014E-02 1.0641454E-01 -2.7314009E-03 1.0587573E-03 7.8050046E-03 3.2015927E-03 8.2469348E-03 3.6105932E-05 5.4098190E-03 1.5479902E-03 7.2902097E-03 1.9154635E-02 3.1654475E-03 5.8633960E-06 1.9866284E+00 1.8476026E+01 -1.8466836E-02
2.6764000E+02 2.7427000E+02 8.6700000E+00 1.5000000E+01 9 5.5286373E+01 5.8364554E-02 1.5557460E-01 -2.4744786E-03 2.6773526E-03 8.0929440E-03 4.6176676E-03 6.2258989E-03 9.7516764E-05 5.0209927E-03 1.1686318E-03 6.4332764E-03 2.6720191E-02 8.0010980E-03 1.5007670E-05 1.8643148E+00 1.8635861E+01 -2.6108915E-02
2.6764000E+02 2.7427000E+02 8.6700000E+00 2.0000000E+01 9 5.5267003E+01 8.0945916E-02 1.9736797E-01 -2.2749494E-03 4.1895786E-03 8.2587210E-03 5.6595694E-03 4.6563361E-03 1.6349031E-04 4.8521114E-03 8.7401719E-04 5.8874487E-03 3.2596165E-02 1.2517274E-02 2.4025959E-05 1.8069344E+00 1.8714118E+01 -3.1121112E-02
2.6764000E+02 2.7427000E+02 8.6700000E+00 2.5000000E+01 9 5.5252394E+01 9.8418114E-02 2.2920131E-01 -2.1298470E-03 5.4010667E-03 8.3825673E-03 6.4205550E-03 3.5149119E-03 2.2115953E-04 4.7879751E-03 6.5976624E-04 5.5423804E-03 3.6869654E-02 1.6134416E-02 3.1533776E-05 1.7774442E+00 1.8755859E+01 -3.4303137E-02
2.6764000E+02 2.7427000E+02 8.6700000E+00 3.0000000E+01 9 5.5241893E+01 1.1113798E-01 2.5238151E-01 -2.0275226E-03 6.3123504E-03 8.4940045E-03 6.9812944E-03 2.7099945E-03 2.6598906E-04 4.7724870E-03 5.0867929E-04 5.3256538E-03 3.9883484E-02 1.8854833E-02 3.7309937E-05 1.7620161E+00 1.8778733E+01 -3.6266747E-02
2.6764000E+02 2.7427000E+02 8.6700000E+00 3.5000000E+01 9 5.5234466E+01 1.2020552E-01 2.6899575E-01 -1.9560097E-03 6.9788609E-03 8.6009383E-03 7.4022386E-03 2.1474502E-03 2.9849119E-04 4.7769034E-03 4.0308697E-04 5.1882880E-03 4.1989957E-02 2.0844396E-02 4.1584318E-05 1.7540051E+00 1.8791397E+01 -3.7461039E-02
2.6764000E+02 2.7427000E+02 8.6700000E+00 4.0000000E+01 9 5.5229214E+01 1.2664236E-01 2.8090402E-01 -1.9057532E-03 7.4619080E-03 8.7039525E-03 7.7259272E-03 1.7521158E-03 3.2116232E-04 4.7873498E-03 3.2888074E-04 5.0989425E-03 4.3470417E-02 2.2286292E-02 4.4695790E-05 1.7499512E+00 1.8798433E+01 -3.8185952E-02
2.6764000E+02 2.7427000E+02 8.6700000E+00 4.5000000E+01 9 5.5225465E+01 1.3123920E-01 2.8952523E-01 -1.8698939E-03 7.8127749E-03 8.8019495E-03 7.9813810E-03 1.4700346E-03 3.3693414E-04 4.7977517E-03 2.7593273E-04 5.0384154E-03 4.4526850E-02 2.3333657E-02 4.6954794E-05 1.7480097E+00 1.8802333E+01 -3.8629646E-02
2.6764000E+02 2.7427000E+02 8.6700000E+00 5.0000000E+01 9 5.5222744E+01 1.3456430E-01 2.9586965E-01 -1.8437562E-03 8.0700551E-03 8.8939499E-03 8.1881510E-03 1.2644267E-03 3.4792113E-04 4.8059023E-03 2.3733911E-04 4.9952754E-03 4.5296948E-02 2.4101699E-02 4.8605109E-05 1.7471789E+00 1.8804482E+01 -3.8906188E-02
2.6764000E+02 2.7427000E+02 8.6700000E+00 5.5000000E+01 9 5.5220731E+01 1.3701075E-01 3.0063337E-01 -1.8242283E-03 8.2613808E-03 8.9794603E-03 8.3594075E-03 1.1108142E-03 3.5569926E-04 4.8113590E-03 2.0850528E-04 4.9628141E-03 4.5872354E-02 2.4672890E-02 4.9825132E-05 1.7469210E+00 1.8805648E+01 -3.9083201E-02
2.6764000E+02 2.7427000E+02 8.6700000E+00 6.0000000E+01 9 5.5219207E+01 1.3884646E-01 3.0428955E-01 -1.8092557E-03 8.4060901E-03 9.0584077E-03 8.5040988E-03 9.9303491E-04 3.6126705E-04 4.8143883E-03 1.8639754E-04 4.9371261E-03 4.6313578E-02 2.5104941E-02 5.0741026E-05 1.7469460E+00 1.8806265E+01 -3.9200487E-02
2.6764000E+02 2.7427000E+02 8.6700000E+00 6.5000000E+01 9 5.5218028E+01 1.4025254E-01 3.0715873E-01 -1.7974792E-03 8.5175627E-03 9.1309949E-03 8.6283963E-03 9.0039691E-04 3.6537023E-04 4.8154667E-03 1.6900893E-04 4.9159086E-03 4.6660654E-02 2.5437782E-02 5.1440574E-05 1.7471022E+00 1.8806572E+01 -3.9281431E-02
2.6764000E+02 2.7427000E+02 8.6700000E+00 6.6000000E+01 9 5.5211807E+01 1.5254948E-01 3.3618537E-01 -1.7952419E-03 1.0594771E-02 1.1128458E-02 1.0635683E-02 8.8279734E-04 4.3768315E-04 5.8464154E-03 1.6570540E-04 5.9240539E-03 4.6732725E-02 3.1642886E-02 6.2089772E-05 1.9302324E+00 1.8612672E+01 -2.6976969E-02
2.6764000E+02 2.7427000E+02 8.6700000E+00 6.7000000E+01 9 5.5211701E+01 1.5258958E-01 3.3618599E-01 -1.7931137E-03 1.0577439E-02 1.1106351E-02 1.0622922E-02 8.6605532E-04 4.3332883E-04 5.8282043E-03 1.6256284E-04 5.9012657E-03 4.6796381E-02 3.1590841E-02 6.3285010E-05 1.9260145E+00 1.8615375E+01 -2.7217766E-02
2.6764000E+02 2.7427000E+02 8.6700000E+00 7.2000000E+01 9 5.5213914E+01 1.4166178E-01 3.1034952E-01 -1.7520674E-03 8.4386108E-03 9.0804768E-03 8.6351062E-03 7.9787381E-04 3.5596983E-04 4.7144561E-03 1.4976484E-04 4.7936810E-03 4.7607127E-02 2.5201914E-02 5.1623813E-05 1.7217895E+00 1.8926343E+01 -4.1626745E-02
2.6764000E+02 2.7427000E+02 8.6700000E+00 7.7000000E+01 9 5.5208522E+01 1.4440200E-01 3.1628673E-01 -1.7028894E-03 8.5633284E-03 9.1292785E-03 8.7155446E-03 7.4119715E-04 3.7659373E-04 4.7447213E-03 1.3912635E-04 4.8069826E-03 4.8554741E-02 2.5573837E-02 5.8182941E-05 1.7100670E+00 1.8996636E+01 -4.2934484E-02
2.6764000E+02 2.7427000E+02 8.6700000E+00 8.2000000E+01 9 5.5203430E+01 1.4736048E-01 3.2255216E-01 -1.6588821E-03 8.7495499E-03 9.2068317E-03 8.8198683E-03 6.9323842E-04 3.9897796E-04 4.8117681E-03 1.3012426E-04 4.8567725E-03 4.9403035E-02 2.6129179E-02 6.8334657E-05 1.7041244E+00 1.9036095E+01 -4.3726556E-02
2.6764000E+02 2.7427000E+02 8.6700000E+00 8.7000000E+01 9 5.5199303E+01 1.4992338E-01 3.2794541E-01 -1.6239773E-03 8.9281469E-03 9.2870945E-03 8.9231333E-03 6.5203031E-04 4.1740387E-04 4.8787963E-03 1.2238930E-04 4.9085811E-03 5.0083156E-02 2.6661830E-02 7.8362240E-05 1.7011899E+00 1.9058999E+01 -4.4202212E-02
2.6764000E+02 2.7427000E+02 8.6700000E+00 9.1000000E+01 9 5.5195154E+01 1.5466698E-01 3.3848552E-01 -1.6018398E-03 9.5613159E-03 9.7920675E-03 9.4445243E-03 6.2261773E-04 4.5249724E-04 5.1811669E-03 1.1686841E-04 5.1932917E-03 5.0525356E-02 2.8552228E-02 9.1105557E-05 1.7340200E+00 1.9035705E+01 -4.1488516E-02
2.6764000E+02 2.7427000E+02 8.6700000E+00 9.2000000E+01 9 5.5189836E+01 1.6450790E-01 3.6123717E-01 -1.5966602E-03 1.1181105E-02 1.1270103E-02 1.0926547E-02 6.1547559E-04 5.1823534E-04 5.9908934E-03 1.1552780E-04 5.9825920E-03 5.0641648E-02 3.3390241E-02 1.0861382E-04 1.8598468E+00 1.8909383E+01 -3.2149300E-02
2.6764000E+02 2.7427000E+02 8.6700000E+00 9.7000000E+01 9 5.5189727E+01 1.5341390E-01 3.3639874E-01 -2.1068071E-03 8.9908293E-03 9.2794548E-03 8.9534590E-03 5.8401600E-04 4.2544632E-04 4.8714610E-03 1.0962268E-04 4.8816868E-03 5.1852438E-02 2.6848136E-02 9.2448460E-05 1.6773619E+00 1.9110283E+01 -4.6988322E-02
2.6764000E+02 2.7427000E+02 8.6700000E+00 1.0200000E+02 9 5.5181740E+01 1.5652166E-01 3.4421848E-01 -2.7787261E-03 9.1431979E-03 9.3333983E-03 9.0230196E-03 5.5603812E-04 4.4906412E-04 4.9332128E-03 1.0437109E-04 4.9313831E-03 5.3238427E-02 2.7302413E-02 9.7838007E-05 1.6687299E+00 1.9131572E+01 -4.8343532E-02
2.6764000E+02 2.7427000E+02 8.6700000E+00 1.0700000E+02 9 5.5174581E+01 1.5959564E-01 3.5173831E-01 -3.3877389E-03 9.3299746E-03 9.4051741E-03 9.1087980E-03 5.3095283E-04 4.7068562E-04 5.0143623E-03 9.9662457E-05 4.9998762E-03 5.4454574E-02 2.7859318E-02 1.0411691E-04 1.6642309E+00 1.9145235E+01 -4.9247079E-02
2.6764000E+02 2.7427000E+02 8.6700000E+00 1.1200000E+02 9 5.5168925E+01 1.6216871E-01 3.5794237E-01 -3.8644343E-03 9.5002287E-03 9.4749971E-03 9.1912649E-03 5.0830127E-04 4.8802104E-04 5.0883487E-03 9.5410649E-05 5.0626242E-03 5.5409769E-02 2.8367010E-02 1.0978750E-04 1.6619625E+00 1.9153841E+01 -4.9834112E-02
2.6764000E+02 2.7427000E+02 8.6700000E+00 1.1700000E+02 9 5.5164713E+01 1.6417284E-01 3.6272531E-01 -4.2118644E-03 9.6389805E-03 9.5359714E-03 9.2637274E-03 4.8772054E-04 5.0049558E-04 5.1472483E-03 9.1547545E-05 5.1121878E-03 5.6122876E-02 2.8780808E-02 1.1442319E-04 1.6608275E+00 1.9159291E+01 -5.0214779E-02
2.6764000E+02 2.7427000E+02 8.6700000E+00 1.2200000E+02 9 5.5161652E+01 1.6568937E-01 3.6631932E-01 -4.4565829E-03 9.7471160E-03 9.5872750E-03 9.3255256E-03 4.6891967E-04 5.0961745E-04 5.1913662E-03 8.8018528E-05 5.1487205E-03 5.6645974E-02 2.9103339E-02 1.1804080E-04 1.6602794E+00 1.9162781E+01 -5.0463821E-02
2.6764000E+02 2.7427000E+02 8.6700000E+00 1.2400000E+02 9 5.5155451E+01 1.7654608E-01 3.9081542E-01 -4.5399858E-03 1.1492885E-02 1.1039339E-02 1.0781638E-02 4.6166711E-04 6.0219845E-04 6.0677150E-03 8.6657187E-05 5.9957469E-03 5.6846456E-02 3.4316339E-02 1.3965304E-04 1.7685836E+00 1.9053166E+01 -4.0712101E-02
2.6764000E+02 2.7427000E+02 8.6700000E+00 1.2500000E+02 9 5.5153478E+01 1.7977251E-01 3.9820930E-01 -4.5783167E-03 1.2004414E-02 1.1500547E-02 1.1244833E-02 4.5810575E-04 6.1352959E-04 6.3229893E-03 8.5988702E-05 6.2435258E-03 5.6938573E-02 3.5844032E-02 1.4738105E-04 1.8050142E+00 1.9016297E+01 -3.7848180E-02
2.6764000E+02 2.7427000E+02 8.6700000E+00 1.3000000E+02 9 5.5158946E+01 1.6621098E-01 3.6792736E-01 -4.7083047E-03 9.6882654E-03 9.5445233E-03 9.2972689E-03 4.4295195E-04 4.9792151E-04 5.1462981E-03 8.3144259E-05 5.0985449E-03 5.7218348E-02 2.8927333E-02 1.2168530E-04 1.6501538E+00 1.9175845E+01 -5.1683448E-02
2.6764000E+02 2.7427000E+02 8.6700000E+00 1.3100000E+02 9 5.5151628E+01 1.8042929E-01 4.0002738E-01 -4.7321678E-03 1.2027976E-02 1.1514308E-02 1.1268682E-02 4.4003486E-04 6.3304081E-04 6.3241271E-03 8.2596707E-05 6.2402235E-03 5.7295942E-02 3.5914297E-02 1.4682996E-04 1.8012805E+00 1.9022359E+01 -3.8267095E-02
2.6764000E+02 2.7427000E+02 8.6700000E+00 1.3200000E+02 9 5.5151384E+01 1.8047848E-01 4.0005284E-01 -4.7541812E-03 1.2014225E-02 1.1496326E-02 1.1252310E-02 4.3714913E-04 6.1985610E-04 6.3159512E-03 8.2055042E-05 6.2305240E-03 5.7352411E-02 3.5872944E-02 1.4973022E-04 1.7987089E+00 1.9024798E+01 -3.8456859E-02
2.6764000E+02 2.7427000E+02 8.6700000E+00 1.3700000E+02 9 5.5150691E+01 1.6829614E-01 3.7412770E-01 -5.9711077E-03 9.6974479E-03 9.5484061E-03 9.3117961E-03 4.2388283E-04 5.0254167E-04 5.1397876E-03 7.9564891E-05 5.0870929E-03 5.8870622E-02 2.8954441E-02 1.2318637E-04 1.6374144E+00 1.9173012E+01 -5.3687564E-02
2.6764000E+02 2.7427000E+02 8.6700000E+00 1.4200000E+02 9 5.5140463E+01 1.7183822E-01 3.8359254E-01 -7.5308219E-03 9.8904062E-03 9.6481004E-03 9.4183197E-03 4.1164829E-04 5.2816051E-04 5.2311512E-03 7.7268409E-05 5.1697509E-03 6.0794239E-02 2.9529993E-02 1.2143636E-04 1.6328297E+00 1.9151672E+01 -5.4997919E-02
2.6764000E+02 2.7427000E+02 8.6700000E+00 1.4700000E+02 9 5.5130978E+01 1.7544334E-01 3.9288423E-01 -8.9533530E-03 1.0119889E-02 9.7645603E-03 9.5411348E-03 4.0026292E-04 5.4755935E-04 5.3418553E-03 7.5131319E-05 5.2704584E-03 6.2541720E-02 3.0214451E-02 1.1806112E-04 1.6310817E+00 1.9122803E+01 -5.5920746E-02
2.6764000E+02 2.7427000E+02 8.6700000E+00 1.5200000E+02 9 5.5123354E+01 1.7846522E-01 4.0056187E-01 -1.0082646E-02 1.0323079E-02 9.8703244E-03 9.6528544E-03 3.8959380E-04 5.6064272E-04 5.4394517E-03 7.3128672E-05 5.3592372E-03 6.3932896E-02 3.0820520E-02 1.1265173E-04 1.6305292E+00 1.9091806E+01 -5.6557573E-02
2.6764000E+02 2.7427000E+02 8.6700000E+00 1.5700000E+02 9 5.5117628E+01 1.8079385E-01 4.0643542E-01 -1.0920094E-02 1.0483832E-02 9.9572238E-03 9.7453602E-03 3.7955001E-04 5.6913834E-04 5.5155994E-03 7.1243404E-05 5.4282946E-03 6.4972904E-02 3.1300046E-02 1.0619894E-04 1.6304325E+00 1.9061977E+01 -5.6994701E-02
2.6764000E+02 2.7427000E+02 8.6700000E+00 1.6200000E+02 9 5.5113455E+01 1.8252820E-01 4.1078646E-01 -1.1521302E-02 1.0605376E-02 1.0025769E-02 9.8191986E-03 3.7006756E-04 5.7432412E-04 5.5719402E-03 6.9463501E-05 5.4790901E-03 6.5729658E-02 3.1662640E-02 9.9670925E-05 1.6304852E+00 1.9035284E+01 -5.7295923E-02
2.6764000E+02 2.7427000E+02 8.6700000E+00 1.6700000E+02 9 5.5110434E+01 1.8381196E-01 4.1399030E-01 -1.1948419E-02 1.0696255E-02 1.0079342E-02 9.8777782E-03 3.6109873E-04 5.7729311E-04 5.6128537E-03 6.7780007E-05 5.5156422E-03 6.6277820E-02 3.1933777E-02 9.3682856E-05 1.6305741E+00 1.9012675E+01 -5.7505891E-02
2.6764000E+02 2.7427000E+02 8.6700000E+00 1.6800000E+02 9 5.5102626E+01 1.9859452E-01 4.4697327E-01 -1.2027374E-02 1.3102436E-02 1.2034296E-02 1.1833721E-02 3.5932515E-04 7.2130100E-04 6.8268640E-03 6.7447098E-05 6.6884497E-03 6.6388065E-02 3.9118602E-02 1.0685470E-04 1.7691741E+00 1.8862744E+01 -4.3867562E-02
2.6764000E+02 2.7427000E+02 8.6700000E+00 1.6900000E+02 9 5.5102179E+01 1.9866857E-01 4.4704115E-01 -1.2100346E-02 1.3082790E-02 1.2011122E-02 1.1811526E-02 3.5757142E-04 6.9886628E-04 6.8164117E-03 6.7117913E-05 6.6767699E-03 6.6483738E-02 3.9059644E-02 1.0677917E-04 1.7659977E+00 1.8860446E+01 -4.4135189E-02
2.6764000E+02 2.7427000E+02 8.6700000E+00 1.7400000E+02 9 5.5115596E+01 1.7709762E-01 4.0914206E-01 -1.6402997E-02 1.0582414E-02 1.0003624E-02 9.8086662E-03 3.4926415E-04 5.5465178E-04 5.5480716E-03 6.5558599E-05 5.4506283E-03 6.5485609E-02 3.1593764E-02 8.5807713E-05 1.6834721E+00 1.8934434E+01 -5.2063734E-02
2.6764000E+02 2.7427000E+02 8.6700000E+00 1.7500000E+02 9 5.5110614E+01 1.8851213E-01 4.3783781E-01 -1.7408963E-02 1.2749526E-02 1.1940100E-02 1.1746060E-02 3.4762089E-04 6.5893442E-04 6.6370569E-03 6.5250150E-05 6.5122153E-03 6.5241249E-02 3.8066661E-02 9.6887617E-05 1.8457437E+00 1.8761642E+01 -3.7817926E-02
2.6764000E+02 2.7427000E+02 8.6700000E+00 1.7600000E+02 9 5.5112696E+01 1.8603085E-01 4.3519392E-01 -1.8527038E-02 1.2633614E-02 1.1906001E-02 1.1712868E-02 3.4599555E-04 6.3414898E-04 6.5762728E-03 6.4945066E-05 6.4558596E-03 6.4947966E-02 3.7721058E-02 9.6367249E-05 1.8613113E+00 1.8742012E+01 -3.6659715E-02
2.6764000E+02 2.7427000E+02 8.6700000E+00 1.8100000E+02 9 5.5064436E+01 1.8048466E-01 4.4218290E-01 -2.9043387E-02 1.0053356E-02 9.9034298E-03 9.7145982E-03 3.3828853E-04 4.9654132E-04 5.2658534E-03 6.3498420E-05 5.1938151E-03 7.5395774E-02 3.0017636E-02 7.6953018E-05 1.6347706E+00 1.8966674E+01 -6.1752168E-02
2.6764000E+02 2.7427000E+02 8.6700000E+00 1.8600000E+02 9 5.4985378E+01 1.9951670E-01 5.0229937E-01 -4.0144709E-02 1.0206627E-02 9.9440397E-03 9.7592905E-03 3.3097518E-04 5.3629128E-04 5.3411151E-03 6.2125668E-05 5.2598976E-03 8.9960250E-02 3.0474248E-02 7.4231331E-05 1.5484933E+00 1.9045136E+01 -7.9303201E-02
2.6764000E+02 2.7427000E+02 8.6700000E+00 1.9100000E+02 9 5.4910035E+01 2.2114815E-01 5.6321275E-01 -4.9578818E-02 1.0744347E-02 1.0013985E-02 9.8331121E-03 3.2403153E-04 6.1624125E-04 5.6185437E-03 6.0822311E-05 5.5043230E-03 1.0356148E-01 3.2075283E-02 7.4635514E-05 1.4884268E+00 1.9098522E+01 -9.4979990E-02
2.6764000E+02 2.7427000E+02 8.6700000E+00 1.9600000E+02 9 5.4848777E+01 2.4056040E-01 6.1484434E-01 -5.6821398E-02 1.1409469E-02 1.0083866E-02 9.9066745E-03 3.1743531E-04 7.0199803E-04 5.9636438E-03 5.9584168E-05 5.8073686E-03 1.1446034E-01 3.4055323E-02 7.6120200E-05 1.4507121E+00 1.9130798E+01 -1.0689775E-01
2.6764000E+02 2.7427000E+02 8.6700000E+00 2.0100000E+02 9 5.4802672E+01 2.5618589E-01 6.5496317E-01 -6.2104591E-02 1.2046038E-02 1.0143403E-02 9.9697108E-03 3.1116575E-04 7.7560916E-04 6.2944226E-03 5.8407342E-05 6.0968994E-03 1.2256958E-01 3.5950215E-02 7.7693933E-05 1.4277083E+00 1.9149439E+01 -1.1529155E-01
2.6764000E+02 2.7427000E+02 8.6700000E+00 2.0600000E+02 9 5.4769256E+01 2.6809572E-01 6.8481803E-01 -6.5871948E-02 1.2590734E-02 1.0191392E-02 1.0021028E-02 3.0520350E-04 8.3354884E-04 6.5774016E-03 5.7288198E-05 6.3438503E-03 1.2839115E-01 3.7571607E-02 7.8988695E-05 1.4138283E+00 1.9159822E+01 -1.2098144E-01
2.6764000E+02 2.7427000E+02 8.6700000E+00 2.1100000E+02 9 5.4745375E+01 2.7695516E-01 7.0665147E-01 -6.8546673E-02 1.3032427E-02 1.0229953E-02 1.0062756E-02 2.9953047E-04 8.7749690E-04 6.8065604E-03 5.6223342E-05 6.5432548E-03 1.3251805E-01 3.8886446E-02 7.9934863E-05 1.4054875E+00 1.9165344E+01 -1.2477817E-01
2.6764000E+02 2.7427000E+02 8.6700000E+00 2.1600000E+02 9 5.4728283E+01 2.8350830E-01 7.2260610E-01 -7.0461005E-02 1.3382245E-02 1.0261816E-02 1.0097634E-02 2.9412979E-04 9.1043761E-04 6.9876420E-03 5.5209608E-05 6.7003553E-03 1.3545159E-01 3.9927878E-02 8.0576389E-05 1.4004798E+00 1.9168060E+01 -1.2730987E-01
2.6764000E+02 2.7427000E+02 8.6700000E+00 2.2100000E+02 9 5.4715904E+01 2.8838569E-01 7.3438273E-01 -7.1853654E-02 1.3657559E-02 1.0289298E-02 1.0127987E-02 2.8898571E-04 9.3519383E-04 7.1297190E-03 5.4244040E-05 6.8232211E-03 1.3756421E-01 4.0747604E-02 8.0985008E-05 1.3974730E+00 1.9169188E+01 -1.2901477E-01
2.6764000E+02 2.7427000E+02 8.6700000E+00 2.2600000E+02 9 5.4706771E+01 2.9206528E-01 7.4322322E-01 -7.2888725E-02 1.3875084E-02 1.0314069E-02 1.0155494E-02 2.8408355E-04 9.5401252E-04 7.2415442E-03 5.3323879E-05 6.9195867E-03 1.3911586E-01 4.1395353E-02 8.1227372E-05 1.3956696E+00 1.9169441E+01 -1.3018292E-01
2.6764000E+02 2.7427000E+02 8.6700000E+00 2.3100000E+02 9 5.4699881E+01 2.9489071E-01 7.4999823E-01 -7.3676753E-02 1.4048634E-02 1.0337222E-02 1.0181257E-02 2.7940958E-04 9.6855801E-04 7.3303586E-03 5.2446552E-05 6.9958343E-03 1.4028258E-01 4.1912225E-02 8.1355993E-05 1.3945935E+00 1.9169227E+01 -1.3100144E-01
2.6764000E+02 2.7427000E+02 8.6700000E+00 2.3600000E+02 9 5.4694559E+01 2.9710312E-01 7.5530719E-01 -7.4291734E-02 1.4188886E-02 1.0359417E-02 1.0205940E-02 2.7495098E-04 9.8001292E-04 7.4017600E-03 5.1609650E-05 7.0568919E-03 1.4118219E-01 4.2329984E-02 8.1409317E-05 1.3939595E+00 1.9168784E+01 -1.3158993E-01
2.6764000E+02 2.7427000E+02 8.6700000E+00 2.4100000E+02 9 5.4690347E+01 2.9887056E-01 7.5956109E-01 -7.4783335E-02 1.4303847E-02 1.0381016E-02 1.0229914E-02 2.7069576E-04 9.8920526E-04 7.4599395E-03 5.0810926E-05 7.1064611E-03 1.4189343E-01 4.2672459E-02 8.1414437E-05 1.3935965E+00 1.9168244E+01 -1.3202474E-01
2.6764000E+02 2.7427000E+02 8.6700000E+00 2.4600000E+02 9 5.4686939E+01 3.0031020E-01 7.6304265E-01 -7.5185175E-02 1.4399453E-02 1.0402191E-02 1.0253358E-02 2.6663274E-04 9.9670732E-04 7.5079909E-03 5.0048276E-05 7.1472940E-03 1.4246924E-01 4.2957306E-02 8.1389940E-05 1.3934006E+00 1.9167680E+01 -1.3235493E-01
2.6764000E+02 2.7427000E+02 8.6700000E+00 2.5100000E+02 9 5.4684123E+01 3.0150413E-01 7.6594790E-01 -7.5520297E-02 1.4480077E-02 1.0423003E-02 1.0276336E-02 2.6275140E-04 1.0029319E-03 7.5481901E-03 4.9319730E-05 7.1814211E-03 1.4294562E-01 4.3197542E-02 8.1348231E-05 1.3933086E+00 1.9167131E+01 -1.3261239E-01
2.6764000E+02 2.7427000E+02 8.6700000E+00 2.5600000E+02 9 5.4681752E+01 3.0251038E-01 7.6841422E-01 -7.5804740E-02 1.4548936E-02 1.0443446E-02 1.0298850E-02 2.5904192E-04 1.0081710E-03 7.5822165E-03 4.8623443E-05 7.2103289E-03 1.4334737E-01 4.3402745E-02 8.1297357E-05 1.3932811E+00 1.9166617E+01 -1.3281817E-01
2.6764000E+02 2.7427000E+02 8.6700000E+00 2.6100000E+02 9 5.4679724E+01 3.0337058E-01 7.7053931E-01 -7.6049863E-02 1.4608412E-02 1.0463482E-02 1.0320866E-02 2.5549509E-04 1.0126332E-03 7.6113229E-03 4.7957685E-05 7.2351038E-03 1.4369187E-01 4.3579998E-02 8.1242383E-05 1.3932932E+00 1.9166144E+01 -1.3298649E-01
2.6764000E+02 2.7427000E+02 8.6700000E+00 2.6400000E+02 9 5.4673682E+01 3.1373599E-01 7.9174227E-01 -7.6184767E-02 1.6170271E-02 1.1375605E-02 1.1234145E-02 2.5342362E-04 1.1455024E-03 8.4098608E-03 4.7568860E-05 7.9822096E-03 1.4388407E-01 4.8238994E-02 8.9050487E-05 1.4300916E+00 1.9123150E+01 -1.2492192E-01
2.6764000E+02 2.7427000E+02 8.6700000E+00 2.6500000E+02 9 5.4668451E+01 3.2366420E-01 8.1210631E-01 -7.6228450E-02 1.7700201E-02 1.2305959E-02 1.2164881E-02 2.5273936E-04 1.2835803E-03 9.1915240E-03 4.7440420E-05 8.7168151E-03 1.4394813E-01 5.2803394E-02 9.6320743E-05 1.4693068E+00 1.9078027E+01 -1.1677452E-01
2.6764000E+02 2.7427000E+02 8.6700000E+00 2.7000000E+02 9 5.4676083E+01 3.0626582E-01 7.7696914E-01 -7.6389354E-02 1.4954192E-02 1.0672584E-02 1.0532825E-02 2.5037542E-04 1.0178135E-03 7.7859979E-03 4.6996698E-05 7.3959863E-03 1.4416680E-01 4.4611350E-02 8.3357815E-05 1.3994693E+00 1.9157525E+01 -1.3177811E-01
2.6764000E+02 2.7427000E+02 8.6700000E+00 2.7500000E+02 9 5.4673425E+01 3.0979616E-01 7.8452514E-01 -7.6529040E-02 1.5468828E-02 1.0992323E-02 1.0853699E-02 2.4834341E-04 1.0716838E-03 8.0480526E-03 4.6615279E-05 7.6414227E-03 1.4436084E-01 4.6146706E-02 8.5164736E-05 1.4112784E+00 1.9144108E+01 -1.2924285E-01
2.6764000E+02 2.7427000E+02 8.6700000E+00 2.8000000E+02 9 5.4671125E+01 3.1272401E-01 7.9084514E-01 -7.6660267E-02 1.5890426E-02 1.1270799E-02 1.1133430E-02 2.4609466E-04 1.1038979E-03 8.2620649E-03 4.6193178E-05 7.8424318E-03 1.4454366E-01 4.7404696E-02 8.7100355E-05 1.4210267E+00 1.9132505E+01 -1.2717472E-01
2.6764000E+02 2.7427000E+02 8.6700000E+00 2.8500000E+02 9 5.4669240E+01 3.1494474E-01 7.9578173E-01 -7.6781880E-02 1.6208507E-02 1.1501865E-02 1.1365754E-02 2.4384029E-04 1.1240704E-03 8.4227769E-03 4.5770023E-05 7.9941833E-03 1.4471295E-01 4.8354071E-02 8.8558325E-05 1.4284987E+00 1.9123521E+01 -1.2561663E-01
2.6764000E+02 2.7427000E+02 8.6700000E+00 2.8900000E+02 9 5.4665652E+01 3.2097606E-01 8.0845194E-01 -7.6873123E-02 1.7127886E-02 1.2099520E-02 1.1964396E-02 2.4207304E-04 1.1950827E-03 8.8912095E-03 4.5438300E-05 8.4351993E-03 1.4484130E-01 5.1097337E-02 9.3087564E-05 1.4515098E+00 1.9096535E+01 -1.2077076E-01
2.6764000E+02 2.7427000E+02 8.6700000E+00 2.9000000E+02 9 5.4658211E+01 3.3561996E-01 8.3882605E-01 -7.6895560E-02 1.9418998E-02 1.3552070E-02 1.3417190E-02 2.4163390E-04 1.4115501E-03 1.0060520E-02 4.5355872E-05 9.5378498E-03 1.4487643E-01 5.7933612E-02 1.0326645E-04 1.5142091E+00 1.9025127E+01 -1.0835702E-01
2.6764000E+02 2.7427000E+02 8.6700000E+00 2.9500000E+02 9 5.4712122E+01 3.0529912E-01 7.6643820E-01 -7.1484618E-02 1.6399469E-02 1.1732709E-02 1.1599009E-02 2.3952133E-04 1.1103200E-03 8.5160597E-03 4.4959331E-05 8.0847615E-03 1.3669080E-01 4.8924950E-02 8.9690831E-05 1.4696384E+00 1.9080330E+01 -1.1338292E-01
2.6764000E+02 2.7427000E+02 8.6700000E+00 3.0000000E+02 9 5.4776607E+01 2.8843057E-01 7.1807893E-01 -6.3658260E-02 1.6292218E-02 1.1838769E-02 1.1706201E-02 2.3749169E-04 1.1084562E-03 8.4551119E-03 4.4578358E-05 8.0378449E-03 1.2486530E-01 4.8607702E-02 8.8447080E-05 1.5282031E+00 1.9021480E+01 -9.7435083E-02
2.6764000E+02 2.7427000E+02 8.6700000E+00 3.0100000E+02 9 5.4781795E+01 3.0148017E-01 7.4355992E-01 -6.2026280E-02 1.8931360E-02 1.3758861E-02 1.3626519E-02 2.3708905E-04 1.3491410E-03 9.7946321E-03 4.4502781E-05 9.3174550E-03 1.2240497E-01 5.6486241E-02 1.0025142E-04 1.6374600E+00 1.8901124E+01 -7.9258177E-02
2.6764000E+02 2.7427000E+02 8.6700000E+00 3.0200000E+02 9 5.4795862E+01 2.9725829E-01 7.3199143E-01 -6.0356646E-02 1.8807007E-02 1.3759079E-02 1.3626960E-02 2.3668967E-04 1.3031918E-03 9.7288785E-03 4.4427815E-05 9.2598310E-03 1.1988336E-01 5.6116261E-02 1.0106192E-04 1.6511950E+00 1.8885573E+01 -7.6367111E-02
2.6764000E+02 2.7427000E+02 8.6700000E+00 3.0300000E+02 9 5.4810170E+01 2.9274705E-01 7.1993002E-01 -5.8673248E-02 1.8649570E-02 1.3745961E-02 1.3614729E-02 2.3510093E-04 1.2681686E-03 9.6451999E-03 4.4129601E-05 9.1857100E-03 1.1734346E-01 5.5647710E-02 1.0078118E-04 1.6646759E+00 1.8871629E+01 -7.3605518E-02
2.6764000E+02 2.7427000E+02 8.6700000E+00 3.0800000E+02 9 5.4881805E+01 2.5627290E-01 6.3146359E-01 -5.1212750E-02 1.5342512E-02 1.1775375E-02 1.1646532E-02 2.3081975E-04 9.8671924E-04 7.9507834E-03 4.3326003E-05 7.5947529E-03 1.0606990E-01 4.5781991E-02 8.3744985E-05 1.6181550E+00 1.8931875E+01 -7.5905552E-02
2.6764000E+02 2.7427000E+02 8.6700000E+00 3.1300000E+02 9 5.4932852E+01 2.3950204E-01 5.8787885E-01 -4.5257864E-02 1.4708487E-02 1.1744246E-02 1.1618301E-02 2.2562807E-04 9.1747307E-04 7.6131448E-03 4.2351498E-05 7.2988596E-03 9.7076242E-02 4.3895560E-02 7.9810310E-05 1.6655631E+00 1.8885594E+01 -6.6370666E-02
2.6764000E+02 2.7427000E+02 8.6700000E+00 3.1800000E+02 9 5.4971789E+01 2.2618875E-01 5.5389292E-01 -4.0754697E-02 1.4140162E-02 1.1733424E-02 1.1610889E-02 2.1951974E-04 8.3387327E-04 7.3093214E-03 4.1204935E-05 7.0327083E-03 9.0276769E-02 4.2204529E-02 7.7072158E-05 1.7029697E+00 1.8848231E+01 -5.9537501E-02
2.6764000E+02 2.7427000E+02 8.6700000E+00 3.2300000E+02 9 5.5000737E+01 2.1579278E-01 5.2795409E-01 -3.7444073E-02 1.3640931E-02 1.1731256E-02 1.1612322E-02 2.1306824E-04 7.5804634E-04 7.0415955E-03 3.9993956E-05 6.7981064E-03 8.5279066E-02 4.0718856E-02 7.4883823E-05 1.7302324E+00 1.8820782E+01 -5.4852278E-02
2.6764000E+02 2.7427000E+02 8.6700000E+00 3.2800000E+02 9 5.5022026E+01 2.0773532E-01 5.0833619E-01 -3.5040076E-02 1.3212172E-02 1.1731406E-02 1.1616027E-02 2.0669792E-04 6.9767140E-04 6.8109781E-03 3.8798216E-05 6.5959966E-03 8.1650692E-02 3.9442626E-02 7.3061822E-05 1.7489179E+00 1.8801908E+01 -5.1722788E-02
2.6764000E+02 2.7427000E+02 8.6700000E+00 3.2900000E+02 9 5.5019808E+01 2.1862727E-01 5.3320589E-01 -3.4593255E-02 1.5205280E-02 1.3618150E-02 1.3503479E-02 2.0543015E-04 7.6710019E-04 7.8116488E-03 3.8560250E-05 7.5741077E-03 8.0982054E-02 4.5396876E-02 8.2720245E-05 1.8924511E+00 1.8647766E+01 -3.8899375E-02
2.6764000E+02 2.7427000E+02 8.6700000E+00 3.3000000E+02 9 5.5023595E+01 2.1701867E-01 5.2934420E-01 -3.4178164E-02 1.5095487E-02 1.3594392E-02 1.3480424E-02 2.0417134E-04 7.4954100E-04 7.7538619E-03 3.8323964E-05 7.5213561E-03 8.0356499E-02 4.5069560E-02 8.3398942E-05 1.8946112E+00 1.8643973E+01 -3.8559184E-02
2.6764000E+02 2.7427000E+02 8.6700000E+00 3.3500000E+02 9 5.5019694E+01 2.0665536E-01 5.0379518E-01 -3.3134023E-02 1.2561696E-02 1.1622559E-02 1.1511896E-02 1.9825254E-04 6.2220777E-04 6.4651265E-03 3.7212977E-05 6.2861161E-03 8.2507743E-02 3.7504528E-02 7.0716431E-05 1.6862387E+00 1.8864621E+01 -5.8293070E-02
2.6764000E+02 2.7427000E+02 8.6700000E+00 3.4000000E+02 9 5.4994849E+01 2.1612602E-01 5.2188939E-01 -3.2682557E-02 1.2545304E-02 1.1601575E-02 1.1493979E-02 1.9275629E-04 6.4028273E-04 6.4528990E-03 3.6181303E-05 6.2740342E-03 8.7091382E-02 3.7455034E-02 7.0173751E-05 1.6152981E+00 1.8936506E+01 -6.8117411E-02
2.6764000E+02 2.7427000E+02 8.6700000E+00 3.4500000E+02 9 5.4967213E+01 2.2826541E-01 5.4500583E-01 -3.2502167E-02 1.2845043E-02 1.1607611E-02 1.1502850E-02 1.8767720E-04 6.9353214E-04 6.6070792E-03 3.5227933E-05 6.4086406E-03 9.1975932E-02 3.8346684E-02 7.1548145E-05 1.5622271E+00 1.8989616E+01 -7.6921487E-02
2.6764000E+02 2.7427000E+02 8.6700000E+00 3.5000000E+02 9 5.4942562E+01 2.4005916E-01 5.6721293E-01 -3.2424517E-02 1.3282986E-02 1.1622240E-02 1.1520097E-02 1.8298666E-04 7.5781780E-04 6.8344045E-03 3.4347497E-05 6.6072400E-03 9.6217158E-02 3.9649718E-02 7.3591997E-05 1.5264104E+00 1.9025248E+01 -8.3739508E-02
2.6764000E+02 2.7427000E+02 8.6700000E+00 3.5500000E+02 9 5.4922754E+01 2.5015683E-01 5.8600143E-01 -3.2374029E-02 1.3737073E-02 1.1636456E-02 1.1536735E-02 1.7864811E-04 8.2000074E-04 7.0708205E-03 3.3533130E-05 6.8132011E-03 9.9555681E-02 4.1000807E-02 7.5648572E-05 1.5031616E+00 1.9048295E+01 -8.8641587E-02
2.6764000E+02 2.7427000E+02 8.6700000E+00 3.6000000E+02 9 5.4907724E+01 2.5823232E-01 6.0084649E-01 -3.2322657E-02 1.4145700E-02 1.1646884E-02 1.1549409E-02 1.7462438E-04 8.7377891E-04 7.2839506E-03 3.2777854E-05 6.9979916E-03 1.0204550E-01 4.2216635E-02 7.7435874E-05 1.4883032E+00 1.9062990E+01 -9.2024082E-02
2.6764000E+02 2.7427000E+02 8.6700000E+00 3.6500000E+02 9 5.4896676E+01 2.6445401E-01 6.1213981E-01 -3.2263766E-02 1.4487639E-02 1.1653001E-02 1.1557615E-02 1.7088086E-04 9.1711970E-04 7.4625625E-03 3.2075177E-05 7.1518345E-03 1.0384802E-01 4.3234051E-02 7.8879480E-05 1.4788419E+00 1.9072333E+01 -9.4308204E-02
2.6764000E+02 2.7427000E+02 8.6700000E+00 3.7000000E+02 9 5.4888677E+01 2.6915971E-01 6.2056858E-01 -3.2198753E-02 1.4762910E-02 1.1655468E-02 1.1562033E-02 1.6738667E-04 9.5079788E-04 7.6065474E-03 3.1419302E-05 7.2748210E-03 1.0513468E-01 4.4053129E-02 8.0000748E-05 1.4727969E+00 1.9078297E+01 -9.5837423E-02
2.6764000E+02 2.7427000E+02 8.6700000E+00 3.7500000E+02 9 5.4882910E+01 2.7269786E-01 6.2681786E-01 -3.2131004E-02 1.4980329E-02 1.1655252E-02 1.1563644E-02 1.6411481E-04 9.7647061E-04 7.7204128E-03 3.0805157E-05 7.3711137E-03 1.0604999E-01 4.4700102E-02 8.0854458E-05 1.4688986E+00 1.9082141E+01 -9.6862215E-02
2.6764000E+02 2.7427000E+02 8.6700000E+00 3.8000000E+02 9 5.4878737E+01 2.7536532E-01 6.3146029E-01 -3.2063597E-02 1.5150898E-02 1.1653246E-02 1.1563353E-02 1.6104187E-04 9.9584631E-04 7.8098340E-03 3.0228352E-05 7.4458675E-03 1.0670393E-01 4.5207696E-02 8.1499196E-05 1.4663468E+00 1.9084658E+01 -9.7554730E-02
2.6764000E+02 2.7427000E+02 8.6700000E+00 3.8500000E+02 9 5.4875690E+01 2.7739354E-01 6.3493640E-01 -3.1998695E-02 1.5284872E-02 1.1650145E-02 1.1561867E-02 1.5814768E-04 1.0104431E-03 7.8801223E-03 2.9685097E-05 7.5038672E-03 1.0717575E-01 4.5606416E-02 8.1985843E-05 1.4646427E+00 1.9086341E+01 -9.8029411E-02
2.6764000E+02 2.7427000E+02 8.6700000E+00 3.9000000E+02 9 5.4873434E+01 2.7895482E-01 6.3757045E-01 -3.1937578E-02 1.5390764E-02 1.1646443E-02 1.1559691E-02 1.5541479E-04 1.0214808E-03 7.9357012E-03 2.9172121E-05 7.5490702E-03 1.0752093E-01 4.5921587E-02 8.2354724E-05 1.4634758E+00 1.9087495E+01 -9.8361073E-02
2.6764000E+02 2.7427000E+02 8.6700000E+00 3.9500000E+02 9 5.4871739E+01 2.8017430E-01 6.3959562E-01 -3.1880859E-02 1.5475251E-02 1.1642471E-02 1.1557163E-02 1.5282816E-04 1.0299052E-03 7.9800487E-03 2.8686598E-05 7.5845679E-03 1.0777773E-01 4.6173067E-02 8.2636341E-05 1.4626529E+00 1.9088311E+01 -9.8598265E-02
2.6764000E+02 2.7427000E+02 8.6700000E+00 4.0000000E+02 9 5.4870442E+01 2.8114187E-01 6.4117767E-01 -3.1828707E-02 1.5543410E-02 1.1638437E-02 1.1554498E-02 1.5037471E-04 1.0364158E-03 8.0158166E-03 2.8226073E-05 7.6127029E-03 1.0797239E-01 4.6375958E-02 8.2853204E-05 1.4620525E+00 1.9088909E+01 -9.8772498E-02
2.6764000E+02 2.7427000E+02 8.6700000E+00 4.0500000E+02 9 5.4869432E+01 2.8192186E-01 6.4243404E-01 -3.1781016E-02 1.5599046E-02 1.1634461E-02 1.1551824E-02 1.4804306E-04 1.0415202E-03 8.0449957E-03 2.7788410E-05 7.6352236E-03 1.0812286E-01 4.6541576E-02 8.3021736E-05 1.4615981E+00 1.9089364E+01 -9.8904302E-02
2.6764000E+02 2.7427000E+02 8.6700000E+00 4.1000000E+02 9 5.4868630E+01 2.8256039E-01 6.4344804E-01 -3.1737527E-02 1.5644990E-02 1.1630608E-02 1.1549210E-02 1.4582322E-04 1.0455923E-03 8.0690709E-03 2.7371736E-05 7.6534284E-03 1.0824154E-01 4.6678347E-02 8.3153881E-05 1.4612407E+00 1.9089725E+01 -9.9007136E-02
2.6764000E+02 2.7427000E+02 8.6700000E+00 4.1200000E+02 9 5.4861390E+01 2.9673956E-01 6.7254086E-01 -3.1720784E-02 1.7840699E-02 1.2994850E-02 1.2913938E-02 1.4495257E-04 1.2349951E-03 9.1919062E-03 2.7208311E-05 8.7071708E-03 1.0828895E-01 5.3229669E-02 9.3640747E-05 1.5307704E+00 1.9011336E+01 -8.7291352E-02
2.6764000E+02 2.7427000E+02 8.6700000E+00 4.1700000E+02 9 5.4868232E+01 2.8231136E-01 6.4257948E-01 -3.1682655E-02 1.5543303E-02 1.1543180E-02 1.1463427E-02 1.4287567E-04 1.0221274E-03 8.0175486E-03 2.6818465E-05 7.5997809E-03 1.0837184E-01 4.6374641E-02 8.2991579E-05 1.4561589E+00 1.9094951E+01 -9.9937785E-02
2.6764000E+02 2.7427000E+02 8.6700000E+00 4.2200000E+02 9 5.4867786E+01 2.8263799E-01 6.4308686E-01 -3.1647894E-02 1.5564106E-02 1.1529444E-02 1.1450799E-02 1.4089109E-04 1.0365412E-03 8.0285335E-03 2.6445951E-05 7.6065073E-03 1.0844364E-01 4.6436469E-02 8.2543240E-05 1.4557898E+00 1.9095864E+01 -1.0004861E-01
2.6764000E+02 2.7427000E+02 8.6700000E+00 4.2700000E+02 9 5.4867273E+01 2.8319978E-01 6.4401546E-01 -3.1616153E-02 1.5620760E-02 1.1535210E-02 1.1457625E-02 1.3899228E-04 1.0455393E-03 8.0580136E-03 2.6089534E-05 7.6303786E-03 1.0850421E-01 4.6605188E-02 8.2707499E-05 1.4564560E+00 1.9095146E+01 -9.9953836E-02
2.6764000E+02 2.7427000E+02 8.6700000E+00 4.2900000E+02 9 5.4860084E+01 2.9745196E-01 6.7322400E-01 -3.1603919E-02 1.7832836E-02 1.2900513E-02 1.2823345E-02 1.3824607E-04 1.2382934E-03 9.1896938E-03 2.5949467E-05 8.6916158E-03 1.0853118E-01 5.3205204E-02 9.3296085E-05 1.5260503E+00 1.9016652E+01 -8.8120146E-02
2.6764000E+02 2.7427000E+02 8.6700000E+00 4.3000000E+02 9 5.4857846E+01 3.0185921E-01 6.8225390E-01 -3.1597915E-02 1.8511976E-02 1.3339037E-02 1.3262075E-02 1.3787624E-04 1.2817778E-03 9.5367216E-03 2.5880049E-05 9.0177522E-03 1.0854375E-01 5.5231717E-02 9.7030269E-05 1.5491436E+00 1.8990058E+01 -8.4472973E-02
2.6764000E+02 2.7427000E+02 8.6700000E+00 4.3500000E+02 9 5.4865293E+01 2.8653768E-01 6.5055175E-01 -3.1579254E-02 1.6094379E-02 1.1811350E-02 1.1736030E-02 1.3493466E-04 1.0618417E-03 8.2998588E-03 2.5327898E-05 7.8523741E-03 1.0859077E-01 4.8017942E-02 8.5533753E-05 1.4691224E+00 1.9080141E+01 -9.7675100E-02
2.6764000E+02 2.7427000E+02 8.6700000E+00 4.3600000E+02 9 5.4855754E+01 3.0561078E-01 6.9023641E-01 -3.1575749E-02 1.9093083E-02 1.3738674E-02 1.3663614E-02 1.3446796E-04 1.3514812E-03 9.8313517E-03 2.5240297E-05 9.2950496E-03 1.0860471E-01 5.6966300E-02 9.8007465E-05 1.5698771E+00 1.8968856E+01 -8.1391993E-02
2.6764000E+02 2.7427000E+02 8.6700000E+00 4.3700000E+02 9 5.4856724E+01 3.0608069E-01 6.9046411E-01 -3.1278627E-02 1.9182277E-02 1.3799983E-02 1.3725140E-02 1.3407998E-04 1.3283382E-03 9.8770817E-03 2.5167472E-05 9.3371768E-03 1.0836534E-01 5.7232304E-02 9.9550797E-05 1.5731506E+00 1.8963785E+01 -8.0742654E-02
2.6764000E+02 2.7427000E+02 8.6700000E+00 4.3800000E+02 9 5.4859848E+01 3.0605318E-01 6.8885760E-01 -3.0528581E-02 1.9248329E-02 1.3849242E-02 1.3774614E-02 1.3369429E-04 1.3134515E-03 9.9108099E-03 2.5095077E-05 9.3684055E-03 1.0774222E-01 5.7429359E-02 1.0049527E-04 1.5768197E+00 1.8959015E+01 -7.9882588E-02
2.6764000E+02 2.7427000E+02 8.6700000E+00 4.4300000E+02 9 5.4917642E+01 2.8176663E-01 6.1734815E-01 -1.9619053E-02 1.6614881E-02 1.2181615E-02 1.2107398E-02 1.3295913E-04 1.0768378E-03 8.5650107E-03 2.4957083E-05 8.1009264E-03 9.8551135E-02 4.9571430E-02 8.8446008E-05 1.5042503E+00 1.9041917E+01 -8.6505356E-02
2.6764000E+02 2.7427000E+02 8.6700000E+00 4.4400000E+02 9 5.4919794E+01 2.9779057E-01 6.4637402E-01 -1.7198745E-02 1.9413762E-02 1.4065138E-02 1.3991060E-02 1.3271009E-04 1.3248865E-03 9.9921491E-03 2.4910336E-05 9.4506604E-03 9.6517742E-02 5.7924759E-02 1.0022613E-04 1.6163129E+00 1.8919236E+01 -6.9462709E-02
2.6764000E+02 2.7427000E+02 8.6700000E+00 4.4500000E+02 9 5.4931499E+01 2.9616608E-01 6.3780831E-01 -1.4598378E-02 1.9425980E-02 1.4088454E-02 1.4014587E-02 1.3233122E-04 1.2897257E-03 9.9981768E-03 2.4839221E-05 9.4562404E-03 9.4328520E-02 5.7961261E-02 1.0146337E-04 1.6231150E+00 1.8910703E+01 -6.7587686E-02
2.6764000E+02 2.7427000E+02 8.6700000E+00 4.5000000E+02 9 5.4994813E+01 2.7269439E-01 5.6519797E-01 -2.2855251E-03 1.7070891E-02 1.2590084E-02 1.2517252E-02 1.3047636E-04 1.0773731E-03 8.7939283E-03 2.4491054E-05 8.3216647E-03 8.3948024E-02 5.0933760E-02 9.0914349E-05 1.5552341E+00 1.8987645E+01 -7.1731710E-02
2.6764000E+02 2.7427000E+02 8.6700000E+00 4.5300000E+02 9 5.5022458E+01 2.7708386E-01 5.6115797E-01 4.8291673E-03 1.8552591E-02 1.3718653E-02 1.3646339E-02 1.2954862E-04 1.1520230E-03 9.5456204E-03 2.4316913E-05 9.0397041E-03 7.7953466E-02 5.5357542E-02 9.7669705E-05 1.6403731E+00 1.8895480E+01 -5.8443876E-02
2.6764000E+02 2.7427000E+02 8.6700000E+00 4.5400000E+02 9 5.5029181E+01 2.8326946E-01 5.7008578E-01 7.1678776E-03 1.9794812E-02 1.4704869E-02 1.4632723E-02 1.2924791E-04 1.1863997E-03 1.0175025E-02 2.4260469E-05 9.6433772E-03 7.5984599E-02 5.9066769E-02 1.0331040E-04 1.7152144E+00 1.8814477E+01 -4.9784908E-02
2.6764000E+02 2.7427000E+02 8.6700000E+00 4.5900000E+02 9 5.5090718E+01 2.5676611E-01 4.9284734E-01 1.8694383E-02 1.6892844E-02 1.2832803E-02 1.2761436E-02 1.2785341E-04 9.7226246E-04 8.6916099E-03 2.3998714E-05 8.2458366E-03 6.6263074E-02 5.0406825E-02 9.0155529E-05 1.6031409E+00 1.8938204E+01 -5.7439536E-02
2.6764000E+02 2.7427000E+02 8.6700000E+00 4.6400000E+02 9 5.5133812E+01 2.4795893E-01 4.5763015E-01 2.7930428E-02 1.6550729E-02 1.2821359E-02 1.2750687E-02 1.2660739E-04 9.0883431E-04 8.5095923E-03 2.3764830E-05 8.0879261E-03 5.8481831E-02 4.9388371E-02 8.7984180E-05 1.6162470E+00 1.8925963E+01 -5.2490000E-02
2.6764000E+02 2.7427000E+02 8.6700000E+00 4.6900000E+02 9 5.5166799E+01 2.4115660E-01 4.3070255E-01 3.4996595E-02 1.6284146E-02 1.2842329E-02 1.2772164E-02 1.2569924E-04 8.5168475E-04 8.3668771E-03 2.3594366E-05 7.9658883E-03 5.2532220E-02 4.8594847E-02 8.6700876E-05 1.6275559E+00 1.8914674E+01 -4.8683122E-02
2.6764000E+02 2.7427000E+02 8.6700000E+00 4.7400000E+02 9 5.5191788E+01 2.3582174E-01 4.1012936E-01 4.0332004E-02 1.6058280E-02 1.2875187E-02 1.2805421E-02 1.2498471E-04 8.0238660E-04 8.2455649E-03 2.3460245E-05 7.8629316E-03 4.8043996E-02 4.7922460E-02 8.5758936E-05 1.6360658E+00 1.8905962E+01 -4.5890404E-02
2.6764000E+02 2.7427000E+02 8.6700000E+00 4.7900000E+02 9 5.5210687E+01 2.3158057E-01 3.9433648E-01 4.4346688E-02 1.5859049E-02 1.2908963E-02 1.2839539E-02 1.2437241E-04 7.6153693E-04 8.1384920E-03 2.3345313E-05 7.7721350E-03 4.4671121E-02 4.7329219E-02 8.4971431E-05 1.6417785E+00 1.8900021E+01 -4.3902473E-02
2.6764000E+02 2.7427000E+02 8.6700000E+00 4.8100000E+02 9 5.5212000E+01 2.4084394E-01 4.1204210E-01 4.5765946E-02 1.7513658E-02 1.4276839E-02 1.4207545E-02 1.2413917E-04 7.9840929E-04 8.9760087E-03 2.3301532E-05 8.5772509E-03 4.3483893E-02 5.2269752E-02 9.3126636E-05 1.7656934E+00 1.8767195E+01 -3.3495189E-02
2.6764000E+02 2.7427000E+02 8.6700000E+00 4.8200000E+02 9 5.5213606E+01 2.4320236E-01 4.1627599E-01 4.6431895E-02 1.7980723E-02 1.4721402E-02 1.4652171E-02 1.2402494E-04 8.0059278E-04 9.2112052E-03 2.3280092E-05 8.8058459E-03 4.2926678E-02 5.3664722E-02 9.5894130E-05 1.8114201E+00 1.8717922E+01 -3.0266659E-02
2.6764000E+02 2.7427000E+02 8.6700000E+00 4.8700000E+02 9 5.5234398E+01 2.2370496E-01 3.7002104E-01 4.9087997E-02 1.5187234E-02 1.2700271E-02 1.2631421E-02 1.2334381E-04 6.9223929E-04 7.7883370E-03 2.3152240E-05 7.4548834E-03 4.0696462E-02 4.5325495E-02 8.2448261E-05 1.6236720E+00 1.8918948E+01 -4.3848218E-02
2.6764000E+02 2.7427000E+02 8.6700000E+00 4.9200000E+02 9 5.5244486E+01 2.2033550E-01 3.5951985E-01 5.1109491E-02 1.4894225E-02 1.2574251E-02 1.2505789E-02 1.2264887E-04 6.7396544E-04 7.6361325E-03 2.3021796E-05 7.3155323E-03 3.9007954E-02 4.4451336E-02 8.0419500E-05 1.6150442E+00 1.8929143E+01 -4.3928853E-02
2.6764000E+02 2.7427000E+02 8.6700000E+00 4.9700000E+02 9 5.5251979E+01 2.1820534E-01 3.5227805E-01 5.2659437E-02 1.4732807E-02 1.2497965E-02 1.2429865E-02 1.2199958E-04 6.6434672E-04 7.5527706E-03 2.2899921E-05 7.2377539E-03 3.7717476E-02 4.3969470E-02 7.9588825E-05 1.6115986E+00 1.8933030E+01 -4.3698974E-02
2.6764000E+02 2.7427000E+02 8.6700000E+00 5.0200000E+02 9 5.5257719E+01 2.1673781E-01 3.4697487E-01 5.3869807E-02 1.4633168E-02 1.2449424E-02 1.2381682E-02 1.2135855E-04 6.5667358E-04 7.5017273E-03 2.2779597E-05 7.1889203E-03 3.6713403E-02 4.3671888E-02 7.9196056E-05 1.6101976E+00 1.8934512E+01 -4.3398547E-02
2.6764000E+02 2.7427000E+02 8.6700000E+00 5.0500000E+02 9 5.5256986E+01 2.2339984E-01 3.6005183E-01 5.4496350E-02 1.5762109E-02 1.3301563E-02 1.3234036E-02 1.2097369E-04 6.9250596E-04 8.0760585E-03 2.2707356E-05 7.7345129E-03 3.6198013E-02 4.7041763E-02 8.5069495E-05 1.6863623E+00 1.8852381E+01 -3.6705519E-02
2.6764000E+02 2.7427000E+02 8.6700000E+00 5.0600000E+02 9 5.5254488E+01 2.3005567E-01 3.7417312E-01 5.4694890E-02 1.6852186E-02 1.4186766E-02 1.4119310E-02 1.2084529E-04 7.1501156E-04 8.6287733E-03 2.2683256E-05 8.2639599E-03 3.6036686E-02 5.0296526E-02 9.0376314E-05 1.7741406E+00 1.8758859E+01 -3.0398259E-02
2.6764000E+02 2.7427000E+02 8.6700000E+00 5.1100000E+02 9 5.5266840E+01 2.1223456E-01 3.3458839E-01 5.5538644E-02 1.4108901E-02 1.2136183E-02 1.2069096E-02 1.2018501E-04 6.2432023E-04 7.2346036E-03 2.2559318E-05 6.9339187E-03 3.5335816E-02 4.2106683E-02 7.7249074E-05 1.5860829E+00 1.8959768E+01 -4.5067897E-02
2.6764000E+02 2.7427000E+02 8.6700000E+00 5.1600000E+02 9 5.5270401E+01 2.1076511E-01 3.3004373E-01 5.6229123E-02 1.3943187E-02 1.1987291E-02 1.1920588E-02 1.1949799E-04 6.2544125E-04 7.1513689E-03 2.2430360E-05 6.8515163E-03 3.4769642E-02 4.1611635E-02 7.5840495E-05 1.5783075E+00 1.8968936E+01 -4.5586411E-02
2.6764000E+02 2.7427000E+02 8.6700000E+00 5.2100000E+02 9 5.5273056E+01 2.1009721E-01 3.2728197E-01 5.6798003E-02 1.3883281E-02 1.1894954E-02 1.1828593E-02 1.1888547E-04 6.2872203E-04 7.1228063E-03 2.2315387E-05 6.8194534E-03 3.4305389E-02 4.1432207E-02 7.5482313E-05 1.5756705E+00 1.8971933E+01 -4.5646244E-02
2.6764000E+02 2.7427000E+02 8.6700000E+00 5.2600000E+02 9 5.5275177E+01 2.0974182E-01 3.2534523E-01 5.7275734E-02 1.3861675E-02 1.1833356E-02 1.1767316E-02 1.1830981E-04 6.2999481E-04 7.1137045E-03 2.2207333E-05 6.8060364E-03 3.3917341E-02 4.1367189E-02 7.5432195E-05 1.5748671E+00 1.8972794E+01 -4.5554109E-02
2.6764000E+02 2.7427000E+02 8.6700000E+00 5.3100000E+02 9 5.5276956E+01 2.0948934E-01 3.2379623E-01 5.7683564E-02 1.3850218E-02 1.1787718E-02 1.1721991E-02 1.1774820E-04 6.2942504E-04 7.1094612E-03 2.2101916E-05 6.7979196E-03 3.3587667E-02 4.1332597E-02 7.5440866E-05 1.5745354E+00 1.8973111E+01 -4.5438235E-02
2.6764000E+02 2.7427000E+02 8.6700000E+00 5.3600000E+02 9 5.5278492E+01 2.0926807E-01 3.2245719E-01 5.8036617E-02 1.3839609E-02 1.1750215E-02 1.1684800E-02 1.1718891E-04 6.2786735E-04 7.1053121E-03 2.1996935E-05 6.7906078E-03 3.3303687E-02 4.1300645E-02 7.5437774E-05 1.5742112E+00 1.8973417E+01 -4.5340555E-02
2.6764000E+02 2.7427000E+02 8.6700000E+00 5.4100000E+02 9 5.5279839E+01 2.0906093E-01 3.2126021E-01 5.8345901E-02 1.3827933E-02 1.1716980E-02 1.1651879E-02 1.1662746E-04 6.2585712E-04 7.1003340E-03 2.1891547E-05 6.7830981E-03 3.3056165E-02 4.1265579E-02 7.5413141E-05 1.5737858E+00 1.8973835E+01 -4.5268464E-02
2.6764000E+02 2.7427000E+02 8.6700000E+00 5.4600000E+02 9 5.5281033E+01 2.0886684E-01 3.2017820E-01 5.8619590E-02 1.3815539E-02 1.1686225E-02 1.1621439E-02 1.1606334E-04 6.2391286E-04 7.0947735E-03 2.1785660E-05 6.7754753E-03 3.2838225E-02 4.1228410E-02 7.5373187E-05 1.5732757E+00 1.8974348E+01 -4.5218015E-02
2.6764000E+02 2.7427000E+02 8.6700000E+00 5.5100000E+02 9 5.5282097E+01 2.0868821E-01 3.1919711E-01 5.8863888E-02 1.3803140E-02 1.1657157E-02 1.1592687E-02 1.1549774E-04 6.2218100E-04 7.0890543E-03 2.1679494E-05 6.7680167E-03 3.2644650E-02 4.1191253E-02 7.5325399E-05 1.5727171E+00 1.8974916E+01 -4.5183508E-02
2.6764000E+02 2.7427000E+02 8.6700000E+00 5.5600000E+02 9 5.5283052E+01 2.0852680E-01 3.1830649E-01 5.9083593E-02 1.3791280E-02 1.1629425E-02 1.1565270E-02 1.1493226E-04 6.2062591E-04 7.0835023E-03 2.1573351E-05 6.7609328E-03 3.2471402E-02 4.1155718E-02 7.5275033E-05 1.5721387E+00 1.8975506E+01 -4.5160197E-02
2.6764000E+02 2.7427000E+02 8.6700000E+00 5.6100000E+02 9 5.5283912E+01 2.0838255E-01 3.1749671E-01 5.9282480E-02 1.3780249E-02 1.1602854E-02 1.1539014E-02 1.1436840E-04 6.1927712E-04 7.0783024E-03 2.1467510E-05 6.7543251E-03 3.2315306E-02 4.1122663E-02 7.5225052E-05 1.5715617E+00 1.8976095E+01 -4.5144639E-02
2.6764000E+02 2.7427000E+02 8.6700000E+00 5.6600000E+02 9 5.5284692E+01 2.0825449E-01 3.1675871E-01 5.9463566E-02 1.3770154E-02 1.1577336E-02 1.1513810E-02 1.1380735E-04 6.1812071E-04 7.0735347E-03 2.1362199E-05 6.7482206E-03 3.2173826E-02 4.1092407E-02 7.5176891E-05 1.5709975E+00 1.8976671E+01 -4.5134561E-02
2.6764000E+02 2.7427000E+02 8.6700000E+00 5.7100000E+02 9 5.5285401E+01 2.0814121E-01 3.1608410E-01 5.9629294E-02 1.3760993E-02 1.1552791E-02 1.1489575E-02 1.1325006E-04 6.1711971E-04 7.0692157E-03 2.1257592E-05 6.7426024E-03 3.2044917E-02 4.1064945E-02 7.5131116E-05 1.5704513E+00 1.8977228E+01 -4.5128502E-02
2.6764000E+02 2.7427000E+02 8.6700000E+00 5.7600000E+02 9 5.5286050E+01 2.0804115E-01 3.1546536E-01 5.9781661E-02 1.3752710E-02 1.1529144E-02 1.1466237E-02 1.1269721E-04 6.1624851E-04 7.0653269E-03 2.1153821E-05 6.7374327E-03 3.1926904E-02 4.1040106E-02 7.5087851E-05 1.5699248E+00 1.8977764E+01 -4.5125501E-02
2.6764000E+02 2.7427000E+02 8.6700000E+00 5.8100000E+02 9 5.5286645E+01 2.0795281E-01 3.1489595E-01 5.9922319E-02 1.3745231E-02 1.1506329E-02 1.1443728E-02 1.1214932E-04 6.1548710E-04 7.0618383E-03 2.1050978E-05 6.7326685E-03 3.1818409E-02 4.1017668E-02 7.5047012E-05 1.5694183E+00 1.8978278E+01 -4.5124893E-02
2.6764000E+02 2.7427000E+02 8.6700000E+00 5.8200000E+02 9 5.5278975E+01 2.2355760E-01 3.4775771E-01 5.9949995E-02 1.6209227E-02 1.3293441E-02 1.3230901E-02 1.1203994E-04 6.9880018E-04 8.3165203E-03 2.1030448E-05 7.9235190E-03 3.1802492E-02 4.8373038E-02 8.6306907E-05 1.7356270E+00 1.8801383E+01 -3.1553547E-02
2.6764000E+02 2.7427000E+02 8.6700000E+00 5.8700000E+02 9 5.5287313E+01 2.0781465E-01 3.1426611E-01 6.0079362E-02 1.3733791E-02 1.1493005E-02 1.1431204E-02 1.1071626E-04 6.1226188E-04 7.0557071E-03 2.0781986E-05 6.7253537E-03 3.1703113E-02 4.0983382E-02 7.5247687E-05 1.5688301E+00 1.8978529E+01 -4.5125546E-02
2.6764000E+02 2.7427000E+02 8.6700000E+00 5.9200000E+02 9 5.5287680E+01 2.0801546E-01 3.1436190E-01 6.0202335E-02 1.3770307E-02 1.1503348E-02 1.1442217E-02 1.0951561E-04 6.1527578E-04 7.0739835E-03 2.0556619E-05 6.7416225E-03 3.1613155E-02 4.1092378E-02 7.4941573E-05 1.5707754E+00 1.8976949E+01 -4.4898137E-02
2.6764000E+02 2.7427000E+02 8.6700000E+00 5.9700000E+02 9 5.5288001E+01 2.0828281E-01 3.1453180E-01 6.0322924E-02 1.3812767E-02 1.1508221E-02 1.1447857E-02 1.0814140E-04 6.1732871E-04 7.0956013E-03 2.0298673E-05 6.7601439E-03 3.1526667E-02 4.1218995E-02 7.5051677E-05 1.5728014E+00 1.8974836E+01 -4.4662635E-02
2.6764000E+02 2.7427000E+02 8.6700000E+00 6.0200000E+02 9 5.5288319E+01 2.0851440E-01 3.1462202E-01 6.0439258E-02 1.3848053E-02 1.1507107E-02 1.1447586E-02 1.0663117E-04 6.1794497E-04 7.1135486E-03 2.0015196E-05 6.7750294E-03 3.1444612E-02 4.1324210E-02 7.5212853E-05 1.5743510E+00 1.8973144E+01 -4.4473829E-02
2.6764000E+02 2.7427000E+02 8.6700000E+00 6.0700000E+02 9 5.5288646E+01 2.0868021E-01 3.1459749E-01 6.0549757E-02 1.3872871E-02 1.1500992E-02 1.1442339E-02 1.0507593E-04 6.1761435E-04 7.1260712E-03 1.9723268E-05 6.7849022E-03 3.1367552E-02 4.1398209E-02 7.5335655E-05 1.5753258E+00 1.8972057E+01 -4.4342185E-02
2.6764000E+02 2.7427000E+02 8.6700000E+00 6.1200000E+02 9 5.5288977E+01 2.0878662E-01 3.1447740E-01 6.0653749E-02 1.3888606E-02 1.1491108E-02 1.1433313E-02 1.0353918E-04 6.1682825E-04 7.1338874E-03 1.9434813E-05 6.7905020E-03 3.1295566E-02 4.1445114E-02 7.5410294E-05 1.5758237E+00 1.8971488E+01 -4.4258722E-02
2.6764000E+02 2.7427000E+02 8.6700000E+00 6.1700000E+02 9 5.5289304E+01 2.0884987E-01 3.1429365E-01 6.0751201E-02 1.3897820E-02 1.1478587E-02 1.1421620E-02 1.0205516E-04 6.1600894E-04 7.1383310E-03 1.9156255E-05 6.7930808E-03 3.1228439E-02 4.1472562E-02 7.5448218E-05 1.5759871E+00 1.8971284E+01 -4.4210006E-02
2.6764000E+02 2.7427000E+02 8.6700000E+00 6.2200000E+02 9 5.5289622E+01 2.0888566E-01 3.1407426E-01 6.0842425E-02 1.3902828E-02 1.1464350E-02 1.1408174E-02 1.0063849E-04 6.1528494E-04 7.1406106E-03 1.8890339E-05 6.7937426E-03 3.1165820E-02 4.1487451E-02 7.5462642E-05 1.5759358E+00 1.8971315E+01 -4.4184378E-02
2.6764000E+02 2.7427000E+02 8.6700000E+00 6.2700000E+02 9 5.5289925E+01 2.0890511E-01 3.1383865E-01 6.0927872E-02 1.3905269E-02 1.1449093E-02 1.1393668E-02 9.9292744E-05 6.1470786E-04 7.1415819E-03 1.8637736E-05 6.7932634E-03 3.1107323E-02 4.1494676E-02 7.5463348E-05 1.5757546E+00 1.8971489E+01 -4.4173476E-02
2.6764000E+02 2.7427000E+02 8.6700000E+00 6.3200000E+02 9 5.5290214E+01 2.0891563E-01 3.1359932E-01 6.1008029E-02 1.3906235E-02 1.1433310E-02 1.1378598E-02 9.8015970E-05 6.1428777E-04 7.1418163E-03 1.8398080E-05 6.7921503E-03 3.1052571E-02 4.1497488E-02 7.5456579E-05 1.5755001E+00 1.8971742E+01 -4.4171652E-02
2.6764000E+02 2.7427000E+02 8.6700000E+00 6.3700000E+02 9 5.5290486E+01 2.0892164E-01 3.1336341E-01 6.1083357E-02 1.3906381E-02 1.1417334E-02 1.1363299E-02 9.6803819E-05 6.1398275E-04 7.1416583E-03 1.8170553E-05 6.7907049E-03 3.1001223E-02 4.1497849E-02 7.5445920E-05 1.5752059E+00 1.8972039E+01 -4.4175415E-02
2.6764000E+02 2.7427000E+02 8.6700000E+00 6.4200000E+02 9 5.5290743E+01 2.0892558E-01 3.1313464E-01 6.1154278E-02 1.3906085E-02 1.1401382E-02 1.1347990E-02 9.5651183E-05 6.1377306E-04 7.1413047E-03 1.7954198E-05 6.7890983E-03 3.0952977E-02 4.1496887E-02 7.5433312E-05 1.5748921E+00 1.8972358E+01 -4.4182646E-02
2.6764000E+02 2.7427000E+02 8.6700000E+00 6.4700000E+02 9 5.5290986E+01 2.0892884E-01 3.1291481E-01 6.1221167E-02 1.3905563E-02 1.1385587E-02 1.1332807E-02 9.4552964E-05 6.1363077E-04 7.1408674E-03 1.7748056E-05 6.7874252E-03 3.0907566E-02 4.1495243E-02 7.5419773E-05 1.5745701E+00 1.8972686E+01 -4.4192083E-02
2.6764000E+02 2.7427000E+02 8.6700000E+00 6.5000000E+02 9 5.5287294E+01 2.1661940E-01 3.2886467E-01 6.1259924E-02 1.5112758E-02 1.2222433E-02 1.2170011E-02 9.3912558E-05 6.5677487E-04 7.7570260E-03 1.7627849E-05 7.3682942E-03 3.0884320E-02 4.5098302E-02 8.1566092E-05 1.6490267E+00 1.8892392E+01 -3.7612441E-02
