x y z_datum Time Well_no H2O H O Charge Al C Ca Cl Fe K Mg Na S Si U pH pe Alkalinity
2.6764000E+02 2.7427000E+02 8.6700000E+00 0.0000000E+00 9 9.9704301E-01 7.2098600E-06 6.6484776E-04 -3.2324431E-06 0.0000000E+00 1.0067647E-04 6.3262499E-05 4.3211171E-04 0.0000000E+00 2.8240956E-04 5.5605062E-05 2.2967748E-04 1.4127542E-04 0.0000000E+00 0.0000000E+00 7.0300000E+00 1.1068788E+01 7.1999443E-03
2.6764000E+02 2.7427000E+02 8.6700000E+00 5.0000000E+00 9 5.5328125E+01 1.9406833E-02 6.2919347E-02 -3.0241705E-03 0.0000000E+00 7.2552574E-03 1.3663059E-03 1.0549957E-02 0.0000000E+00 6.2521467E-03 1.9802788E-03 8.6475058E-03 1.0534181E-02 0.0000000E+00 0.0000000E+00 2.3636162E+00 1.8021596E+01 -7.0231525E-03
2.6764000E+02 2.7427000E+02 8.6700000E+00 1.0000000E+01 9 5.5309268E+01 3.3551863E-02 1.0627484E-01 -2.7334437E-03 1.0685581E-03 7.8218151E-03 3.2094334E-03 8.2630038E-03 4.0592823E-05 5.4241677E-03 1.5510065E-03 7.3083274E-03 1.9093804E-02 3.1946911E-03 5.0747605E-06 1.9913359E+00 1.8473317E+01 -1.8271976E-02
2.6764000E+02 2.7427000E+02 8.6700000E+00 1.5000000E+01 9 5.5286529E+01 5.8197452E-02 1.5545349E-01 -2.4762972E-03 2.6874692E-03 8.1030422E-03 4.6197804E-03 6.2402046E-03 1.0862730E-04 5.0345006E-03 1.1713171E-03 6.4500459E-03 2.6665241E-02 8.0313205E-03 1.3378950E-05 1.8675866E+00 1.8635822E+01 -2.5932675E-02
2.6764000E+02 2.7427000E+02 8.6700000E+00 2.0000000E+01 9 5.5267277E+01 8.0661975E-02 1.9694226E-01 -2.2782352E-03 4.1848133E-03 8.2678202E-03 5.6542410E-03 4.6821830E-03 1.7968931E-04 4.8649589E-03 8.7886877E-04 5.9063825E-03 3.2497592E-02 1.2503098E-02 2.1742172E-05 1.8101136E+00 1.8714362E+01 -3.0917330E-02
2.6764000E+02 2.7427000E+02 8.6700000E+00 2.5000000E+01 9 5.5252890E+01 9.7859974E-02 2.2830448E-01 -2.1352504E-03 5.3761561E-03 8.3963744E-03 6.4106360E-03 3.5574168E-03 2.3894149E-04 4.8004109E-03 6.6774463E-04 5.5652558E-03 3.6708508E-02 1.6060146E-02 2.8809075E-05 1.7809070E+00 1.8755698E+01 -3.4047432E-02
2.6764000E+02 2.7427000E+02 8.6700000E+00 3.0000000E+01 9 5.5242594E+01 1.1032519E-01 2.5106465E-01 -2.0348287E-03 6.2694775E-03 8.5150249E-03 6.9702342E-03 2.7674664E-03 2.8325167E-04 4.7845774E-03 5.1946706E-04 5.3522020E-03 3.9666212E-02 1.8727004E-02 3.4315315E-05 1.7658014E+00 1.8778071E+01 -3.5959689E-02
2.6764000E+02 2.7427000E+02 8.6700000E+00 3.5000000E+01 9 5.5235315E+01 1.1920501E-01 2.6737884E-01 -1.9646748E-03 6.9228817E-03 8.6290424E-03 7.3922947E-03 2.2156126E-03 3.1483547E-04 4.7886250E-03 4.1588139E-04 5.2173193E-03 4.1732624E-02 2.0677504E-02 3.8435493E-05 1.7580447E+00 1.8790328E+01 -3.7115028E-02
2.6764000E+02 2.7427000E+02 8.6700000E+00 4.0000000E+01 9 5.5230155E+01 1.2552425E-01 2.7910550E-01 -1.9152381E-03 7.3978136E-03 8.7375500E-03 7.7178768E-03 1.8267273E-03 3.3664264E-04 4.7988190E-03 3.4288570E-04 5.1293018E-03 4.3188927E-02 2.2095224E-02 4.1465454E-05 1.7541509E+00 1.8797095E+01 -3.7815113E-02
2.6764000E+02 2.7427000E+02 8.6700000E+00 4.5000000E+01 9 5.5226453E+01 1.3006017E-01 2.8763557E-01 -1.8797966E-03 7.7445764E-03 8.8389750E-03 7.9749239E-03 1.5479329E-03 3.5180349E-04 4.8092308E-03 2.9055461E-04 5.0693488E-03 4.4233050E-02 2.3130374E-02 4.3686737E-05 1.7522967E+00 1.8800839E+01 -3.8244916E-02
2.6764000E+02 2.7427000E+02 8.6700000E+00 5.0000000E+01 9 5.5223752E+01 1.3336256E-01 2.9394554E-01 -1.8538329E-03 8.0004237E-03 8.9324893E-03 8.1824437E-03 1.3436940E-03 3.6233178E-04 4.8176849E-03 2.5221796E-04 5.0264250E-03 4.4998021E-02 2.3894159E-02 4.5324283E-05 1.7515045E+00 1.8802909E+01 -3.8514576E-02
2.6764000E+02 2.7427000E+02 8.6700000E+00 5.5000000E+01 9 5.5221742E+01 1.3580639E-01 2.9870197E-01 -1.8343658E-03 8.1917166E-03 9.0180449E-03 8.3534788E-03 1.1905590E-03 3.6981623E-04 4.8236665E-03 2.2347378E-04 4.9940834E-03 4.5571637E-02 2.4465261E-02 4.6544204E-05 1.7512609E+00 1.8804037E+01 -3.8688401E-02
2.6764000E+02 2.7427000E+02 8.6700000E+00 6.0000000E+01 9 5.5220218E+01 1.3764565E-01 3.0235696E-01 -1.8194292E-03 8.3368122E-03 9.0960759E-03 8.4970960E-03 1.0730623E-03 3.7531685E-04 4.8273365E-03 2.0141908E-04 4.9685355E-03 4.6011801E-02 2.4898466E-02 4.7464796E-05 1.7512942E+00 1.8804629E+01 -3.8803950E-02
2.6764000E+02 2.7427000E+02 8.6700000E+00 6.5000000E+01 9 5.5219040E+01 1.3905384E-01 3.0521900E-01 -1.8077131E-03 8.4484943E-03 9.1672253E-03 8.6196900E-03 9.8090010E-04 3.7932069E-04 4.8290834E-03 1.8411977E-04 4.9475256E-03 4.6357092E-02 2.5231928E-02 4.8169214E-05 1.7514539E+00 1.8804919E+01 -3.8883535E-02
2.6764000E+02 2.7427000E+02 8.6700000E+00 6.6000000E+01 9 5.5212860E+01 1.5126962E-01 3.3418211E-01 -1.8054893E-03 1.0522246E-02 1.1166247E-02 1.0628476E-02 9.6340604E-04 4.5306748E-04 5.8582181E-03 1.8083605E-04 5.9542511E-03 4.6428104E-02 3.1426811E-02 5.8037792E-05 1.9368215E+00 1.8610168E+01 -2.6587962E-02
2.6764000E+02 2.7427000E+02 8.6700000E+00 6.7000000E+01 9 5.5212743E+01 1.5133286E-01 3.3424649E-01 -1.8033760E-03 1.0510030E-02 1.1146528E-02 1.0618037E-02 9.4678207E-04 4.5277334E-04 5.8427645E-03 1.7771565E-04 5.9339473E-03 4.6491079E-02 3.1390033E-02 5.8944535E-05 1.9332118E+00 1.8612722E+01 -2.6798578E-02
2.6764000E+02 2.7427000E+02 8.6700000E+00 7.2000000E+01 9 5.5214979E+01 1.4044317E-01 3.0834099E-01 -1.7628729E-03 8.3685197E-03 9.1138442E-03 8.6228671E-03 8.7957711E-04 3.6919098E-04 4.7287763E-03 1.6510095E-04 4.8252602E-03 4.7291818E-02 2.4992985E-02 4.8388254E-05 1.7259733E+00 1.8922462E+01 -4.1215475E-02
2.6764000E+02 2.7427000E+02 8.6700000E+00 7.7000000E+01 9 5.5209586E+01 1.4317542E-01 3.1424816E-01 -1.7137227E-03 8.4920182E-03 9.1594947E-03 8.6994173E-03 8.2422088E-04 3.8978277E-04 4.7594552E-03 1.5471031E-04 4.8388040E-03 4.8235807E-02 2.5361275E-02 5.4131081E-05 1.7140418E+00 1.8993380E+01 -4.2529170E-02
2.6764000E+02 2.7427000E+02 8.6700000E+00 8.2000000E+01 9 5.5204502E+01 1.4612581E-01 3.2049653E-01 -1.6698800E-03 8.6787283E-03 9.2367289E-03 8.8025461E-03 7.7783104E-04 4.1280010E-04 4.8279023E-03 1.4600271E-04 4.8898927E-03 4.9077368E-02 2.5918076E-02 6.3191929E-05 1.7081723E+00 1.9032977E+01 -4.3308237E-02
2.6764000E+02 2.7427000E+02 8.6700000E+00 8.7000000E+01 9 5.5200422E+01 1.4865111E-01 3.2581903E-01 -1.6354071E-03 8.8551825E-03 9.3169252E-03 8.9047903E-03 7.3833269E-04 4.3114836E-04 4.8950782E-03 1.3858868E-04 4.9418390E-03 4.9746177E-02 2.6444329E-02 7.2331178E-05 1.7053025E+00 1.9055763E+01 -4.3771799E-02
2.6764000E+02 2.7427000E+02 8.6700000E+00 9.1000000E+01 9 5.5196336E+01 1.5332556E-01 3.3626476E-01 -1.6137024E-03 9.4846063E-03 9.8224430E-03 9.4259411E-03 7.1032646E-04 4.6783283E-04 5.1965727E-03 1.3333177E-04 5.2256992E-03 5.0177364E-02 2.8323558E-02 8.3992447E-05 1.7385593E+00 1.9032072E+01 -4.1050477E-02
2.6764000E+02 2.7427000E+02 8.6700000E+00 9.2000000E+01 9 5.5191065E+01 1.6308858E-01 3.5894477E-01 -1.6086348E-03 1.1100767E-02 1.1301903E-02 1.0909190E-02 7.0353753E-04 5.3498719E-04 6.0045885E-03 1.3205745E-04 6.0136448E-03 5.0289356E-02 3.3150816E-02 1.0002661E-04 1.8659207E+00 1.8904540E+01 -3.1715969E-02
2.6764000E+02 2.7427000E+02 8.6700000E+00 9.7000000E+01 9 5.5191035E+01 1.5201343E-01 3.3400753E-01 -2.1124444E-03 8.9084494E-03 9.3076704E-03 8.9315529E-03 6.7380813E-04 4.3818882E-04 4.8856838E-03 1.2647710E-04 4.9125704E-03 5.1479611E-02 2.6602501E-02 8.5486651E-05 1.6813152E+00 1.9106794E+01 -4.6536439E-02
2.6764000E+02 2.7427000E+02 8.6700000E+00 1.0200000E+02 9 5.5183077E+01 1.5507856E-01 3.4175778E-01 -2.7870677E-03 9.0574618E-03 9.3606494E-03 8.9992329E-03 6.4747145E-04 4.6243174E-04 4.9469358E-03 1.2153358E-04 4.9617514E-03 5.2859282E-02 2.7046758E-02 9.0659748E-05 1.6725736E+00 1.9128107E+01 -4.7891865E-02
2.6764000E+02 2.7427000E+02 8.6700000E+00 1.0700000E+02 9 5.5175950E+01 1.5811768E-01 3.4922722E-01 -3.3969646E-03 9.2424077E-03 9.4333873E-03 9.0851251E-03 6.2390577E-04 4.8498686E-04 5.0282069E-03 1.1711018E-04 5.0304478E-03 5.4067982E-02 2.7598192E-02 9.6497070E-05 1.6681144E+00 1.9141724E+01 -4.8785306E-02
2.6764000E+02 2.7427000E+02 8.6700000E+00 1.1200000E+02 9 5.5170360E+01 1.6063943E-01 3.5534188E-01 -3.8703910E-03 9.4092173E-03 9.5043217E-03 9.1679323E-03 6.0263582E-04 5.0252210E-04 5.1013639E-03 1.1311771E-04 5.0925521E-03 5.5010896E-02 2.8095592E-02 1.0179793E-04 1.6658662E+00 1.9150285E+01 -4.9363399E-02
2.6764000E+02 2.7427000E+02 8.6700000E+00 1.1700000E+02 9 5.5166227E+01 1.6258292E-01 3.6001679E-01 -4.2128701E-03 9.5434521E-03 9.5662537E-03 9.2406609E-03 5.8329397E-04 5.1524361E-04 5.1587950E-03 1.0948715E-04 5.1408430E-03 5.5710437E-02 2.8495894E-02 1.0617937E-04 1.6647269E+00 1.9155702E+01 -4.9738529E-02
2.6764000E+02 2.7427000E+02 8.6700000E+00 1.2200000E+02 9 5.5163237E+01 1.6404186E-01 3.6350901E-01 -4.4530810E-03 9.6470096E-03 9.6185383E-03 9.3028266E-03 5.6559220E-04 5.2439732E-04 5.2013543E-03 1.0616444E-04 5.1759330E-03 5.6221657E-02 2.8804740E-02 1.0963602E-04 1.6641533E+00 1.9159181E+01 -4.9985190E-02
2.6764000E+02 2.7427000E+02 8.6700000E+00 1.2400000E+02 9 5.5157098E+01 1.7480616E-01 3.8794020E-01 -4.5348512E-03 1.1390222E-02 1.1073690E-02 1.0761793E-02 5.5875727E-04 6.2310254E-04 6.0765967E-03 1.0488149E-04 6.0221466E-03 5.6415445E-02 3.4010166E-02 1.2931522E-04 1.7738636E+00 1.9048445E+01 -4.0223735E-02
2.6764000E+02 2.7427000E+02 8.6700000E+00 1.2500000E+02 9 5.5155139E+01 1.7801698E-01 3.9532394E-01 -4.5724180E-03 1.1901744E-02 1.1536856E-02 1.1226834E-02 5.5539927E-04 6.3423780E-04 6.3319958E-03 1.0425117E-04 6.2700865E-03 5.6504474E-02 3.5537849E-02 1.3621257E-04 1.8108560E+00 1.9011139E+01 -3.7352448E-02
2.6764000E+02 2.7427000E+02 8.6700000E+00 1.3000000E+02 9 5.5160619E+01 1.6448278E-01 3.6497392E-01 -4.6999480E-03 9.5803091E-03 9.5777768E-03 9.2758224E-03 5.4094618E-04 5.1144581E-04 5.1534535E-03 1.0153826E-04 5.1226351E-03 5.6780776E-02 2.8605242E-02 1.1313859E-04 1.6537896E+00 1.9172438E+01 -5.1212433E-02
2.6764000E+02 2.7427000E+02 8.6700000E+00 1.3100000E+02 9 5.5153365E+01 1.7857922E-01 3.9697236E-01 -4.7233749E-03 1.1914196E-02 1.1548570E-02 1.1248156E-02 5.3818742E-04 6.5287175E-04 6.3282711E-03 1.0102043E-04 6.2618207E-03 5.6854651E-02 3.5574927E-02 1.3640592E-04 1.8065360E+00 1.9017620E+01 -3.7808158E-02
2.6764000E+02 2.7427000E+02 8.6700000E+00 1.3200000E+02 9 5.5153118E+01 1.7864266E-01 3.9703868E-01 -4.7450046E-03 1.1904077E-02 1.1532828E-02 1.1233917E-02 5.3549454E-04 6.4217220E-04 6.3221297E-03 1.0051496E-04 6.2539585E-03 5.6908819E-02 3.5544404E-02 1.3860659E-04 1.8043011E+00 1.9019824E+01 -3.7973544E-02
2.6764000E+02 2.7427000E+02 8.6700000E+00 1.3700000E+02 9 5.5152508E+01 1.6649592E-01 3.7102714E-01 -5.9451807E-03 9.5854463E-03 9.5842307E-03 9.2920901E-03 5.2336497E-04 5.1557785E-04 5.1461958E-03 9.8238178E-05 5.1100005E-03 5.8405265E-02 2.8620244E-02 1.1468713E-04 1.6410563E+00 1.9169840E+01 -5.3190016E-02
2.6764000E+02 2.7427000E+02 8.6700000E+00 1.4200000E+02 9 5.5142281E+01 1.7001316E-01 3.8047909E-01 -7.5093434E-03 9.7771399E-03 9.6863034E-03 9.4003887E-03 5.1221116E-04 5.4301044E-04 5.2378120E-03 9.6144553E-05 5.1926783E-03 6.0329984E-02 2.9192024E-02 1.1348011E-04 1.6364809E+00 1.9148331E+01 -5.4495708E-02
2.6764000E+02 2.7427000E+02 8.6700000E+00 1.4700000E+02 9 5.5132808E+01 1.7359576E-01 3.8976500E-01 -8.9336585E-03 1.0006397E-02 9.8066044E-03 9.5265204E-03 5.0176581E-04 5.6467263E-04 5.3491891E-03 9.4183909E-05 5.2938145E-03 6.2076162E-02 2.9875805E-02 1.1066549E-04 1.6348559E+00 1.9119117E+01 -5.5404067E-02
2.6764000E+02 2.7427000E+02 8.6700000E+00 1.5200000E+02 9 5.5125256E+01 1.7656687E-01 3.9736873E-01 -1.0055610E-02 1.0206712E-02 9.9155997E-03 9.6410351E-03 4.9187785E-04 5.7919869E-04 5.4460035E-03 9.2327892E-05 5.3816241E-03 6.3456037E-02 3.0473292E-02 1.0593926E-04 1.6343778E+00 1.9087952E+01 -5.6027841E-02
2.6764000E+02 2.7427000E+02 8.6700000E+00 1.5700000E+02 9 5.5119633E+01 1.7882982E-01 4.0313113E-01 -1.0881439E-02 1.0362892E-02 1.0005027E-02 9.7357172E-03 4.8246460E-04 5.8850969E-04 5.5204184E-03 9.0560979E-05 5.4487623E-03 6.4480171E-02 3.0939160E-02 1.0015995E-04 1.6343031E+00 1.9058184E+01 -5.6455855E-02
2.6764000E+02 2.7427000E+02 8.6700000E+00 1.6200000E+02 9 5.5115558E+01 1.8049974E-01 4.0737117E-01 -1.1471503E-02 1.0479588E-02 1.0075842E-02 9.8115481E-03 4.7347782E-04 5.9406439E-04 5.5748214E-03 8.8874115E-05 5.4973794E-03 6.5221899E-02 3.1287274E-02 9.4200317E-05 1.6343488E+00 1.9031708E+01 -5.6751454E-02
2.6764000E+02 2.7427000E+02 8.6700000E+00 1.6700000E+02 9 5.5112616E+01 1.8172673E-01 4.1048186E-01 -1.1890054E-02 1.0566064E-02 1.0131744E-02 9.8722461E-03 4.6488556E-04 5.9741168E-04 5.6139621E-03 8.7261305E-05 5.5318580E-03 6.5758301E-02 3.1545251E-02 8.8641500E-05 1.6344255E+00 1.9009349E+01 -5.6958144E-02
2.6764000E+02 2.7427000E+02 8.6700000E+00 1.6800000E+02 9 5.5104879E+01 1.9638479E-01 4.4336924E-01 -1.1967412E-02 1.2966701E-02 1.2088891E-02 1.1830344E-02 4.6318265E-04 7.4974361E-04 6.8250352E-03 8.6941661E-05 6.7022571E-03 6.5865520E-02 3.8713642E-02 1.0094631E-04 1.7746587E+00 1.8858497E+01 -4.3326959E-02
2.6764000E+02 2.7427000E+02 8.6700000E+00 1.6900000E+02 9 5.5104433E+01 1.9647657E-01 4.4348612E-01 -1.2038909E-02 1.2951341E-02 1.2068815E-02 1.1811210E-02 4.6149507E-04 7.2981771E-04 6.8168835E-03 8.6624895E-05 6.6926157E-03 6.5958870E-02 3.8667461E-02 1.0062187E-04 1.7718126E+00 1.8856180E+01 -4.3565905E-02
2.6764000E+02 2.7427000E+02 8.6700000E+00 1.7400000E+02 9 5.5117754E+01 1.7504241E-01 4.0560121E-01 -1.6280961E-02 1.0446163E-02 1.0059453E-02 9.8063566E-03 4.5341795E-04 5.7361751E-04 5.5467567E-03 8.5108780E-05 5.4637470E-03 6.4973621E-02 3.1187100E-02 8.1189424E-05 1.6868099E+00 1.8931847E+01 -5.1613483E-02
2.6764000E+02 2.7427000E+02 8.6700000E+00 1.7500000E+02 9 5.5112821E+01 1.8635418E-01 4.3419621E-01 -1.7278824E-02 1.2606517E-02 1.1996976E-02 1.1744774E-02 4.5181679E-04 6.7962434E-04 6.6322287E-03 8.4808233E-05 6.5222377E-03 6.4729729E-02 3.7639901E-02 9.1582609E-05 1.8503599E+00 1.8758526E+01 -3.7401974E-02
2.6764000E+02 2.7427000E+02 8.6700000E+00 1.7600000E+02 9 5.5114909E+01 1.8387328E-01 4.3156438E-01 -1.8397317E-02 1.2491770E-02 1.1965009E-02 1.1713692E-02 4.5022971E-04 6.5523856E-04 6.5721267E-03 8.4510330E-05 6.4664075E-03 6.4434725E-02 3.7297771E-02 9.0882653E-05 1.8662880E+00 1.8738826E+01 -3.6230929E-02
2.6764000E+02 2.7427000E+02 8.6700000E+00 1.8100000E+02 9 5.5067606E+01 1.7806040E-01 4.3781542E-01 -2.8881364E-02 9.9085844E-03 9.9612820E-03 9.7142092E-03 4.4262673E-04 5.0657958E-04 5.2607140E-03 8.3083215E-05 5.2025489E-03 7.4701261E-02 2.9585512E-02 7.2868518E-05 1.6394155E+00 1.8962717E+01 -6.1010537E-02
2.6764000E+02 2.7427000E+02 8.6700000E+00 1.8600000E+02 9 5.4988253E+01 1.9721001E-01 4.9822188E-01 -3.9994092E-02 1.0068353E-02 1.0004340E-02 9.7613360E-03 4.3533716E-04 5.5332818E-04 5.3394993E-03 8.1714925E-05 5.2715804E-03 8.9317914E-02 3.0061498E-02 7.0166873E-05 1.5519035E+00 1.9042323E+01 -7.8615517E-02
2.6764000E+02 2.7427000E+02 8.6700000E+00 1.9100000E+02 9 5.4912719E+01 2.1897200E-01 5.5937389E-01 -4.9396943E-02 1.0615242E-02 1.0078764E-02 9.8396643E-03 4.2834261E-04 6.3887419E-04 5.6216984E-03 8.0402015E-05 5.5202405E-03 1.0295085E-01 3.1689856E-02 7.0294028E-05 1.4910994E+00 1.9096477E+01 -9.4335410E-02
2.6764000E+02 2.7427000E+02 8.6700000E+00 1.9600000E+02 9 5.4851822E+01 2.3829655E-01 6.1074385E-01 -5.6563609E-02 1.1279762E-02 1.0153059E-02 9.9177091E-03 4.2162545E-04 7.2666499E-04 5.9662544E-03 7.9141171E-05 5.8230622E-03 1.1378621E-01 3.3668099E-02 7.1482691E-05 1.4532451E+00 1.9128930E+01 -1.0619149E-01
2.6764000E+02 2.7427000E+02 8.6700000E+00 2.0100000E+02 9 5.4806360E+01 2.5369858E-01 6.5031673E-01 -6.1760505E-02 1.1907552E-02 1.0216731E-02 9.9849852E-03 4.1516883E-04 7.9957987E-04 6.2919882E-03 7.7929231E-05 6.1086888E-03 1.2178477E-01 3.5536841E-02 7.2821011E-05 1.4303349E+00 1.9147531E+01 -1.1447433E-01
2.6764000E+02 2.7427000E+02 8.6700000E+00 2.0600000E+02 9 5.4773583E+01 2.6536272E-01 6.7960684E-01 -6.5455149E-02 1.2440793E-02 1.0268782E-02 1.0040504E-02 4.0895678E-04 8.5640415E-04 6.5682724E-03 7.6763198E-05 6.3506594E-03 1.2749808E-01 3.7124132E-02 7.3954254E-05 1.4165983E+00 1.9157857E+01 -1.2005564E-01
2.6764000E+02 2.7427000E+02 8.6700000E+00 2.1100000E+02 9 5.4750199E+01 2.7401892E-01 7.0099485E-01 -6.8078506E-02 1.2872388E-02 1.0311400E-02 1.0086461E-02 4.0297427E-04 8.9978677E-04 6.7912068E-03 7.5640252E-05 6.5458819E-03 1.3154186E-01 3.8408933E-02 7.4804852E-05 1.4083874E+00 1.9163370E+01 -1.2376735E-01
2.6764000E+02 2.7427000E+02 8.6700000E+00 2.1600000E+02 9 5.4733437E+01 2.8043273E-01 7.1665810E-01 -6.9961016E-02 1.3215266E-02 1.0347276E-02 1.0125557E-02 3.9720725E-04 9.3279400E-04 6.9675353E-03 7.4557754E-05 6.7003834E-03 1.3442099E-01 3.9429755E-02 7.5403443E-05 1.4034840E+00 1.9166131E+01 -1.2623945E-01
2.6764000E+02 2.7427000E+02 8.6700000E+00 2.2100000E+02 9 5.4721247E+01 2.8522988E-01 7.2827732E-01 -7.1336003E-02 1.3486970E-02 1.0378678E-02 1.0160064E-02 3.9164259E-04 9.5800795E-04 7.1065041E-03 7.3513240E-05 6.8222281E-03 1.3650264E-01 4.0238798E-02 7.5808143E-05 1.4005598E+00 1.9167341E+01 -1.2790463E-01
2.6764000E+02 2.7427000E+02 8.6700000E+00 2.2600000E+02 9 5.4712208E+01 2.8887350E-01 7.3705522E-01 -7.2361894E-02 1.3703532E-02 1.0407255E-02 1.0191642E-02 3.8626810E-04 9.7740769E-04 7.2165866E-03 7.2504423E-05 6.9187563E-03 1.3803914E-01 4.0883757E-02 7.6073451E-05 1.3988238E+00 1.9167693E+01 -1.2904616E-01
2.6764000E+02 2.7427000E+02 8.6700000E+00 2.3100000E+02 9 5.4705359E+01 2.9169063E-01 7.4382302E-01 -7.3144683E-02 1.3877824E-02 1.0434105E-02 1.0221391E-02 3.8107249E-04 9.9246255E-04 7.3045835E-03 7.1529181E-05 6.9958600E-03 1.3919952E-01 4.1402920E-02 7.6241856E-05 1.3978055E+00 1.9167584E+01 -1.2984549E-01
2.6764000E+02 2.7427000E+02 8.6700000E+00 2.3600000E+02 9 5.4700054E+01 2.9390835E-01 7.4914902E-01 -7.3755325E-02 1.4019659E-02 1.0459902E-02 1.0249995E-02 3.7604529E-04 1.0042545E-03 7.3756694E-03 7.0585550E-05 7.0580369E-03 1.4009640E-01 4.1825475E-02 7.6344025E-05 1.3972238E+00 1.9167239E+01 -1.3041822E-01
2.6764000E+02 2.7427000E+02 8.6700000E+00 2.4100000E+02 9 5.4695858E+01 2.9568449E-01 7.5342321E-01 -7.4241806E-02 1.4136387E-02 1.0485028E-02 1.0277839E-02 3.7117682E-04 1.0135803E-03 7.4337105E-03 6.9671714E-05 7.1086637E-03 1.4080525E-01 4.2173285E-02 7.6401348E-05 1.3969094E+00 1.9166786E+01 -1.3083843E-01
2.6764000E+02 2.7427000E+02 8.6700000E+00 2.4600000E+02 9 5.4692473E+01 2.9713005E-01 7.5691661E-01 -7.4637088E-02 1.4233510E-02 1.0509671E-02 1.0305115E-02 3.6645814E-04 1.0210292E-03 7.4815948E-03 6.8785995E-05 7.1502748E-03 1.4137741E-01 4.2462721E-02 7.6428565E-05 1.3967590E+00 1.9166298E+01 -1.3115420E-01
2.6764000E+02 2.7427000E+02 8.6700000E+00 2.5100000E+02 9 5.4689692E+01 2.9832428E-01 7.5982061E-01 -7.4964209E-02 1.4315181E-02 1.0533896E-02 1.0331895E-02 3.6188099E-04 1.0270401E-03 7.5214967E-03 6.7926841E-05 7.1847859E-03 1.4184834E-01 4.2706143E-02 7.6435821E-05 1.3967089E+00 1.9165813E+01 -1.3139723E-01
2.6764000E+02 2.7427000E+02 8.6700000E+00 2.5600000E+02 9 5.4687368E+01 2.9932482E-01 7.6227277E-01 -7.5239548E-02 1.4384567E-02 1.0557701E-02 1.0358181E-02 3.5743773E-04 1.0319425E-03 7.5550701E-03 6.7092821E-05 7.2136595E-03 1.4224304E-01 4.2912967E-02 7.6430119E-05 1.3967194E+00 1.9165352E+01 -1.3158878E-01
2.6764000E+02 2.7427000E+02 8.6700000E+00 2.6100000E+02 9 5.4685394E+01 3.0017418E-01 7.6437350E-01 -7.5474934E-02 1.4444101E-02 1.0581046E-02 1.0383935E-02 3.5312132E-04 1.0359859E-03 7.5835854E-03 6.6282609E-05 7.2380225E-03 1.4257939E-01 4.3090445E-02 7.6416307E-05 1.3967653E+00 1.9164927E+01 -1.3174336E-01
2.6764000E+02 2.7427000E+02 8.6700000E+00 2.6400000E+02 9 5.4679415E+01 3.1047495E-01 7.8553077E-01 -7.5603873E-02 1.6003782E-02 1.1496973E-02 1.1301283E-02 3.5057568E-04 1.1766639E-03 8.3805549E-03 6.5804779E-05 7.9839119E-03 1.4276607E-01 4.7743031E-02 8.3587872E-05 1.4339817E+00 1.9122353E+01 -1.2366846E-01
2.6764000E+02 2.7427000E+02 8.6700000E+00 2.6500000E+02 9 5.4674224E+01 3.2034313E-01 8.0584723E-01 -7.5645559E-02 1.7530283E-02 1.2429321E-02 1.2234102E-02 3.4973199E-04 1.3218745E-03 9.1602200E-03 6.5646415E-05 8.7169321E-03 1.4282806E-01 5.2297285E-02 9.0314362E-05 1.4736198E+00 1.9077585E+01 -1.1552315E-01
2.6764000E+02 2.7427000E+02 8.6700000E+00 2.7000000E+02 9 5.4681870E+01 3.0300781E-01 7.7070721E-01 -7.5797913E-02 1.4785789E-02 1.0796087E-02 1.0602609E-02 3.4661371E-04 1.0412614E-03 7.7551711E-03 6.5061097E-05 7.3960142E-03 1.4303992E-01 4.4109661E-02 7.8400403E-05 1.4029942E+00 1.9156568E+01 -1.3052645E-01
2.6764000E+02 2.7427000E+02 8.6700000E+00 2.7500000E+02 9 5.4679275E+01 3.0649097E-01 7.7818293E-01 -7.5930231E-02 1.5295580E-02 1.1116974E-02 1.0925045E-02 3.4383794E-04 1.0954301E-03 8.0141773E-03 6.4540072E-05 7.6386736E-03 1.4322770E-01 4.5630621E-02 8.0141763E-05 1.4148399E+00 1.9143297E+01 -1.2800286E-01
2.6764000E+02 2.7427000E+02 8.6700000E+00 2.8000000E+02 9 5.4677034E+01 3.0938594E-01 7.8445805E-01 -7.6053718E-02 1.5715171E-02 1.1398679E-02 1.1208417E-02 3.4085074E-04 1.1290610E-03 8.2265488E-03 6.3979360E-05 7.8383112E-03 1.4340358E-01 4.6882664E-02 8.1941269E-05 1.4246943E+00 1.9131844E+01 -1.2592868E-01
2.6764000E+02 2.7427000E+02 8.6700000E+00 2.8500000E+02 9 5.4675212E+01 3.1156773E-01 7.8933674E-01 -7.6167518E-02 1.6030184E-02 1.1633279E-02 1.1444679E-02 3.3787370E-04 1.1494913E-03 8.3849642E-03 6.3420555E-05 7.9883131E-03 1.4356571E-01 4.7822918E-02 8.3321413E-05 1.4322253E+00 1.9122984E+01 -1.2436888E-01
2.6764000E+02 2.7427000E+02 8.6700000E+00 2.8900000E+02 9 5.4671689E+01 3.1753621E-01 8.0193544E-01 -7.6252706E-02 1.6945068E-02 1.2234458E-02 1.2047166E-02 3.3553004E-04 1.2237744E-03 8.8503432E-03 6.2980638E-05 8.4271352E-03 1.4368838E-01 5.0552821E-02 8.7517973E-05 1.4554478E+00 1.9096303E+01 -1.1952613E-01
2.6764000E+02 2.7427000E+02 8.6700000E+00 2.9000000E+02 9 5.4664304E+01 3.3208211E-01 8.3221527E-01 -7.6273645E-02 1.9228810E-02 1.3688775E-02 1.3501809E-02 3.3494674E-04 1.4494158E-03 1.0015485E-02 6.2871151E-05 9.5265043E-03 1.4372175E-01 5.7367233E-02 9.7036246E-05 1.5187708E+00 1.9025367E+01 -1.0712964E-01
2.6764000E+02 2.7427000E+02 8.6700000E+00 2.9500000E+02 9 5.4717379E+01 3.0203276E-01 7.6045301E-01 -7.0959151E-02 1.6210708E-02 1.1870263E-02 1.1684887E-02 3.3209746E-04 1.1322389E-03 8.4709153E-03 6.2336326E-05 8.0738192E-03 1.3568671E-01 4.8362665E-02 8.4437478E-05 1.4729195E+00 1.9080406E+01 -1.1237211E-01
2.6764000E+02 2.7427000E+02 8.6700000E+00 3.0000000E+02 9 5.4782139E+01 2.8505114E-01 7.1181359E-01 -6.3100731E-02 1.6094402E-02 1.1978174E-02 1.1794354E-02 3.2930973E-04 1.1240245E-03 8.4040469E-03 6.1813055E-05 8.0227723E-03 1.2381719E-01 4.8018399E-02 8.3430280E-05 1.5320387E+00 1.9020905E+01 -9.6408349E-02
2.6764000E+02 2.7427000E+02 8.6700000E+00 3.0100000E+02 9 5.4787494E+01 2.9793381E-01 7.3706484E-01 -6.1456785E-02 1.8720321E-02 1.3899986E-02 1.3716476E-02 3.2875459E-04 1.3729251E-03 9.7362573E-03 6.1708853E-05 9.2964321E-03 1.2133910E-01 5.5857626E-02 9.4504408E-05 1.6424416E+00 1.8900772E+01 -7.8252314E-02
2.6764000E+02 2.7427000E+02 8.6700000E+00 3.0200000E+02 9 5.4801694E+01 2.9367162E-01 7.2541291E-01 -5.9771017E-02 1.8596410E-02 1.3903026E-02 1.3719825E-02 3.2820180E-04 1.3294487E-03 9.6704325E-03 6.1605092E-05 9.2391043E-03 1.1879375E-01 5.5488970E-02 9.5023344E-05 1.6566569E+00 1.8885260E+01 -7.5320399E-02
2.6764000E+02 2.7427000E+02 8.6700000E+00 3.0300000E+02 9 5.4816394E+01 2.8899008E-01 7.1296503E-01 -5.8044099E-02 1.8428944E-02 1.3892325E-02 1.3709304E-02 3.2787834E-04 1.2924401E-03 9.5821020E-03 6.1544377E-05 9.1614819E-03 1.1618588E-01 5.4990512E-02 9.4658087E-05 1.6705921E+00 1.8871006E+01 -7.2503526E-02
2.6764000E+02 2.7427000E+02 8.6700000E+00 3.0800000E+02 9 5.4888492E+01 2.5234156E-01 6.2384195E-01 -5.0530835E-02 1.5096682E-02 1.1896095E-02 1.1715888E-02 3.2283683E-04 9.8724618E-04 7.8738052E-03 6.0598060E-05 7.5582094E-03 1.0483583E-01 4.5049344E-02 7.9063959E-05 1.6225943E+00 1.8930611E+01 -7.4877340E-02
2.6764000E+02 2.7427000E+02 8.6700000E+00 3.1300000E+02 9 5.4939199E+01 2.3563623E-01 5.8037542E-01 -4.4619420E-02 1.4452094E-02 1.1844306E-02 1.1668364E-02 3.1519810E-04 9.1493789E-04 7.5287516E-03 5.9164234E-05 7.2557146E-03 9.5913382E-02 4.3131224E-02 7.5499138E-05 1.6693912E+00 1.8884779E+01 -6.5530904E-02
2.6764000E+02 2.7427000E+02 8.6700000E+00 3.1800000E+02 9 5.4977442E+01 2.2257174E-01 5.4696044E-01 -4.0196512E-02 1.3891055E-02 1.1820808E-02 1.1649767E-02 3.0641650E-04 8.3441279E-04 7.2267198E-03 5.7515884E-05 6.9911274E-03 8.9240918E-02 4.1461739E-02 7.2912668E-05 1.7062355E+00 1.8848091E+01 -5.8867325E-02
2.6764000E+02 2.7427000E+02 8.6700000E+00 3.2300000E+02 9 5.5005668E+01 2.1245799E-01 5.2167298E-01 -3.6967498E-02 1.3404453E-02 1.1810528E-02 1.1644479E-02 2.9747370E-04 7.6279053E-04 6.9639435E-03 5.5837277E-05 6.7604888E-03 8.4371975E-02 4.0013554E-02 7.0826329E-05 1.7329577E+00 1.8821307E+01 -5.4321476E-02
2.6764000E+02 2.7427000E+02 8.6700000E+00 3.2800000E+02 9 5.5026359E+01 2.0464446E-01 5.0261578E-01 -3.4630429E-02 1.2987868E-02 1.1805111E-02 1.1643847E-02 2.8890043E-04 7.0642103E-04 6.7387122E-03 5.4228032E-05 6.5618675E-03 8.0849787E-02 3.8773466E-02 6.9087017E-05 1.7511782E+00 1.8802987E+01 -5.1297103E-02
2.6764000E+02 2.7427000E+02 8.6700000E+00 3.2900000E+02 9 5.5024051E+01 2.1553538E-01 5.2756549E-01 -3.4196308E-02 1.4981773E-02 1.3692251E-02 1.3531934E-02 2.8720410E-04 7.8043811E-04 7.7395065E-03 5.3909623E-05 7.5400614E-03 8.0200755E-02 4.4730137E-02 7.8105770E-05 1.8959692E+00 1.8648937E+01 -3.8493988E-02
2.6764000E+02 2.7427000E+02 8.6700000E+00 3.3000000E+02 9 5.5027718E+01 2.1399403E-01 5.2386734E-01 -3.3793157E-02 1.4879097E-02 1.3669965E-02 1.3510584E-02 2.8552900E-04 7.6699331E-04 7.6852654E-03 5.3595198E-05 7.4902179E-03 7.9593982E-02 4.4424020E-02 7.8518824E-05 1.8984411E+00 1.8645331E+01 -3.8144420E-02
2.6764000E+02 2.7427000E+02 8.6700000E+00 3.3500000E+02 9 5.5023806E+01 2.0369499E-01 4.9837455E-01 -3.2782112E-02 1.2350883E-02 1.1691325E-02 1.1536253E-02 2.7780812E-04 6.3404210E-04 6.3998025E-03 5.2145951E-05 6.2545671E-03 8.1742877E-02 3.6875375E-02 6.6814694E-05 1.6885351E+00 1.8865737E+01 -5.7833167E-02
2.6764000E+02 2.7427000E+02 8.6700000E+00 3.4000000E+02 9 5.4998491E+01 2.1335608E-01 5.1689390E-01 -3.2359477E-02 1.2342076E-02 1.1666357E-02 1.1515227E-02 2.7074567E-04 6.5905592E-04 6.3922194E-03 5.0820294E-05 6.2430922E-03 8.6412176E-02 3.6848390E-02 6.6301089E-05 1.6165288E+00 1.8938532E+01 -6.7770910E-02
2.6764000E+02 2.7427000E+02 8.6700000E+00 3.4500000E+02 9 5.4970462E+01 2.2567519E-01 5.4040855E-01 -3.2196623E-02 1.2651926E-02 1.1672091E-02 1.1524564E-02 2.6429275E-04 7.1898078E-04 6.5526023E-03 4.9609049E-05 6.3795253E-03 9.1366875E-02 3.7770089E-02 6.7487321E-05 1.5629261E+00 1.8992226E+01 -7.6651830E-02
2.6764000E+02 2.7427000E+02 8.6700000E+00 3.5000000E+02 9 5.4945769E+01 2.3749151E-01 5.6268682E-01 -3.2124107E-02 1.3092900E-02 1.1687627E-02 1.1543398E-02 2.5838279E-04 7.8543507E-04 6.7823742E-03 4.8499720E-05 6.5769223E-03 9.5617318E-02 3.9082085E-02 6.9324041E-05 1.5270611E+00 1.9027970E+01 -8.3466637E-02
2.6764000E+02 2.7427000E+02 8.6700000E+00 3.5500000E+02 9 5.4926172E+01 2.4748679E-01 5.8129411E-01 -3.2071246E-02 1.3542912E-02 1.1702922E-02 1.1561727E-02 2.5294806E-04 8.4710186E-04 7.0171783E-03 4.7479595E-05 6.7788940E-03 9.8922988E-02 4.0420991E-02 7.1213018E-05 1.5039736E+00 1.9050900E+01 -8.8318759E-02
2.6764000E+02 2.7427000E+02 8.6700000E+00 3.6000000E+02 9 5.4911433E+01 2.5541673E-01 5.9586801E-01 -3.2015087E-02 1.3944234E-02 1.1714461E-02 1.1576069E-02 2.4792658E-04 8.9866065E-04 7.2265202E-03 4.6537039E-05 6.9588274E-03 1.0136688E-01 4.1615040E-02 7.2882779E-05 1.4892990E+00 1.9065441E+01 -9.1641851E-02
2.6764000E+02 2.7427000E+02 8.6700000E+00 3.6500000E+02 9 5.4900642E+01 2.6150881E-01 6.0691655E-01 -3.1952208E-02 1.4279175E-02 1.1721764E-02 1.1585975E-02 2.4326426E-04 9.3914989E-04 7.4010143E-03 4.5661899E-05 7.1085691E-03 1.0312888E-01 4.2611614E-02 7.4253248E-05 1.4799806E+00 1.9074665E+01 -9.3875924E-02
2.6764000E+02 2.7427000E+02 8.6700000E+00 3.7000000E+02 9 5.4892820E+01 2.6612733E-01 6.1518075E-01 -3.1885465E-02 1.4549755E-02 1.1725496E-02 1.1592134E-02 2.3891498E-04 9.7020235E-04 7.5416729E-03 4.4845517E-05 7.2290441E-03 1.0438794E-01 4.3416740E-02 7.5336113E-05 1.4740336E+00 1.9080552E+01 -9.5369412E-02
2.6764000E+02 2.7427000E+02 8.6700000E+00 3.7500000E+02 9 5.4887143E+01 2.6962590E-01 6.2135679E-01 -3.1818582E-02 1.4765436E-02 1.1726590E-02 1.1595503E-02 2.3483978E-04 9.9387026E-04 7.6534581E-03 4.4080581E-05 7.3245804E-03 1.0528951E-01 4.4058569E-02 7.6176692E-05 1.4702012E+00 1.9084351E+01 -9.6371388E-02
2.6764000E+02 2.7427000E+02 8.6700000E+00 3.8000000E+02 9 5.4882986E+01 2.7229494E-01 6.2600540E-01 -3.1754381E-02 1.4936996E-02 1.1725904E-02 1.1596957E-02 2.3100583E-04 1.0119174E-03 7.7420521E-03 4.3360930E-05 7.4000882E-03 1.0594134E-01 4.4569155E-02 7.6825495E-05 1.4676969E+00 1.9086840E+01 -9.7050664E-02
2.6764000E+02 2.7427000E+02 8.6700000E+00 3.8500000E+02 9 5.4879901E+01 2.7435456E-01 6.2954576E-01 -3.1694517E-02 1.5074013E-02 1.1724115E-02 1.1597189E-02 2.2738545E-04 1.0257380E-03 7.8125172E-03 4.2681366E-05 7.4599212E-03 1.0641940E-01 4.4976990E-02 7.7326907E-05 1.4660308E+00 1.9088503E+01 -9.7518438E-02
2.6764000E+02 2.7427000E+02 8.6700000E+00 3.9000000E+02 9 5.4877575E+01 2.7596521E-01 6.3227972E-01 -3.1639716E-02 1.5184204E-02 1.1721717E-02 1.1596706E-02 2.2395515E-04 1.0363811E-03 7.8689303E-03 4.2037484E-05 7.5075822E-03 1.0677600E-01 4.5305013E-02 7.7716306E-05 1.4648974E+00 1.9089640E+01 -9.7846990E-02
2.6764000E+02 2.7427000E+02 8.6700000E+00 3.9500000E+02 9 5.4875794E+01 2.7724196E-01 6.3442132E-01 -3.1590093E-02 1.5273522E-02 1.1719048E-02 1.1595857E-02 2.2069496E-04 1.0446364E-03 7.9144337E-03 4.1425530E-05 7.5457757E-03 1.0704676E-01 4.5570929E-02 7.8020665E-05 1.4641057E+00 1.9090439E+01 -9.8083103E-02
2.6764000E+02 2.7427000E+02 8.6700000E+00 4.0000000E+02 9 5.4874407E+01 2.7826719E-01 6.3612225E-01 -3.1545420E-02 1.5346496E-02 1.1716331E-02 1.1594874E-02 2.1758774E-04 1.0510952E-03 7.9514113E-03 4.0842289E-05 7.5765618E-03 1.0725602E-01 4.5788201E-02 7.8260168E-05 1.4635354E+00 1.9091019E+01 -9.8257147E-02
2.6764000E+02 2.7427000E+02 8.6700000E+00 4.0500000E+02 9 5.4873311E+01 2.7910043E-01 6.3749082E-01 -3.1505303E-02 1.5406567E-02 1.1713699E-02 1.1593900E-02 2.1461871E-04 1.0561974E-03 7.9816715E-03 4.0284988E-05 7.6015102E-03 1.0742057E-01 4.5967072E-02 7.8449868E-05 1.4631101E+00 1.9091455E+01 -9.8388989E-02
2.6764000E+02 2.7427000E+02 8.6700000E+00 4.1000000E+02 9 5.4872433E+01 2.7978530E-01 6.3860549E-01 -3.1469292E-02 1.5456379E-02 1.1711226E-02 1.1593014E-02 2.1177506E-04 1.0602697E-03 8.0065981E-03 3.9751221E-05 7.6218270E-03 1.0755211E-01 4.6115398E-02 7.8601038E-05 1.4627808E+00 1.9091795E+01 -9.8491761E-02
2.6764000E+02 2.7427000E+02 8.6700000E+00 4.1200000E+02 9 5.4865178E+01 2.9395281E-01 6.6776898E-01 -3.1455515E-02 1.7656260E-02 1.3078408E-02 1.2960820E-02 2.1065689E-04 1.2626108E-03 9.1310341E-03 3.9541334E-05 8.6777823E-03 1.0760395E-01 5.2679218E-02 8.8304959E-05 1.5329980E+00 1.9013947E+01 -8.6748292E-02
2.6764000E+02 2.7427000E+02 8.6700000E+00 4.1700000E+02 9 5.4871949E+01 2.7958018E-01 6.3783918E-01 -3.1424558E-02 1.5357683E-02 1.1625592E-02 1.1509503E-02 2.0797143E-04 1.0358098E-03 7.9550289E-03 3.9037261E-05 7.5699867E-03 1.0769819E-01 4.5820621E-02 7.8460946E-05 1.4576662E+00 1.9097046E+01 -9.9429107E-02
2.6764000E+02 2.7427000E+02 8.6700000E+00 4.2200000E+02 9 5.4871456E+01 2.7992549E-01 6.3839057E-01 -3.1396690E-02 1.5378915E-02 1.1612218E-02 1.1497572E-02 2.0538666E-04 1.0489387E-03 7.9651666E-03 3.8552086E-05 7.5771499E-03 1.0777947E-01 4.5883752E-02 7.8119285E-05 1.4572482E+00 1.9097901E+01 -9.9550618E-02
2.6764000E+02 2.7427000E+02 8.6700000E+00 4.2700000E+02 9 5.4870894E+01 2.8051895E-01 6.3939891E-01 -3.1371558E-02 1.5439122E-02 1.1620101E-02 1.1506846E-02 2.0289436E-04 1.0587135E-03 7.9955029E-03 3.8084269E-05 7.6028579E-03 1.0784823E-01 4.6063084E-02 7.8269736E-05 1.4579974E+00 1.9097139E+01 -9.9446251E-02
2.6764000E+02 2.7427000E+02 8.6700000E+00 4.2900000E+02 9 5.4863701E+01 2.9475337E-01 6.6867041E-01 -3.1361921E-02 1.7655281E-02 1.2988768E-02 1.2876062E-02 2.0191173E-04 1.2647151E-03 9.1288068E-03 3.7899826E-05 8.6662147E-03 1.0787780E-01 5.2675338E-02 8.8053015E-05 1.5282918E+00 1.9019185E+01 -8.7580725E-02
2.6764000E+02 2.7427000E+02 8.6700000E+00 4.3000000E+02 9 5.4861456E+01 2.9916294E-01 6.7774545E-01 -3.1357204E-02 1.8337405E-02 1.3429480E-02 1.3317045E-02 2.0142394E-04 1.3142258E-03 9.4771444E-03 3.7808264E-05 8.9938410E-03 1.0789165E-01 5.4710767E-02 9.1433548E-05 1.5517316E+00 1.8992817E+01 -8.3913176E-02
2.6764000E+02 2.7427000E+02 8.6700000E+00 4.3500000E+02 9 5.4868954E+01 2.8372049E-01 6.4569734E-01 -3.1341837E-02 1.5893031E-02 1.1884578E-02 1.1773708E-02 1.9862196E-04 1.0757560E-03 8.2262926E-03 3.7282318E-05 7.8160391E-03 1.0794066E-01 4.7416995E-02 8.0786381E-05 1.4701539E+00 1.9083038E+01 -9.7275216E-02
2.6764000E+02 2.7427000E+02 8.6700000E+00 4.3600000E+02 9 5.4859448E+01 3.0271962E-01 6.8531242E-01 -3.1338884E-02 1.8886489E-02 1.3808248E-02 1.3697648E-02 1.9813723E-04 1.3779996E-03 9.7548901E-03 3.7191333E-05 9.2564109E-03 1.0795482E-01 5.6349760E-02 9.2612345E-05 1.5713709E+00 1.8972499E+01 -8.1010060E-02
2.6764000E+02 2.7427000E+02 8.6700000E+00 4.3700000E+02 9 5.4860181E+01 3.0321630E-01 6.8571478E-01 -3.1094400E-02 1.8975636E-02 1.3866247E-02 1.3755935E-02 1.9762155E-04 1.3609212E-03 9.8004770E-03 3.7094537E-05 9.2984437E-03 1.0776081E-01 5.6615603E-02 9.3807816E-05 1.5745999E+00 1.8967990E+01 -8.0401093E-02
2.6764000E+02 2.7427000E+02 8.6700000E+00 4.3800000E+02 9 5.4862833E+01 3.0326727E-01 6.8446447E-01 -3.0446055E-02 1.9042700E-02 1.3912461E-02 1.3802476E-02 1.9703683E-04 1.3490975E-03 9.8345873E-03 3.6984783E-05 9.3299933E-03 1.0722523E-01 5.6815638E-02 9.4573111E-05 1.5780867E+00 1.8963686E+01 -7.9615305E-02
2.6764000E+02 2.7427000E+02 8.6700000E+00 4.4300000E+02 9 5.4920116E+01 2.7918822E-01 6.1337185E-01 -1.9624265E-02 1.6415023E-02 1.2238955E-02 1.2130656E-02 1.9401574E-04 1.0940502E-03 8.4899783E-03 3.6417708E-05 8.0637749E-03 9.8123624E-02 4.8974834E-02 8.3533592E-05 1.5047320E+00 1.9045737E+01 -8.6335455E-02
2.6764000E+02 2.7427000E+02 8.6700000E+00 4.4400000E+02 9 5.4922304E+01 2.9517251E-01 6.4239402E-01 -1.7198671E-02 1.9214538E-02 1.4123195E-02 1.4015249E-02 1.9338429E-04 1.3548118E-03 9.9169534E-03 3.6299182E-05 9.4138003E-03 9.6087575E-02 5.7330133E-02 9.4729771E-05 1.6173446E+00 1.8923716E+01 -6.9277673E-02
2.6764000E+02 2.7427000E+02 8.6700000E+00 4.4500000E+02 9 5.4934137E+01 2.9353754E-01 6.3377790E-01 -1.4568527E-02 1.9230144E-02 1.4149160E-02 1.4041571E-02 1.9274361E-04 1.3243879E-03 9.9243904E-03 3.6178923E-05 9.4209737E-03 9.3874186E-02 5.7376769E-02 9.5665659E-05 1.6244905E+00 1.8915311E+01 -6.7360569E-02
2.6764000E+02 2.7427000E+02 8.6700000E+00 4.5000000E+02 9 5.4998380E+01 2.6997793E-01 5.6053081E-01 -2.0473950E-03 1.6878757E-02 1.2662498E-02 1.2556168E-02 1.9048700E-04 1.0964661E-03 8.7210604E-03 3.5755347E-05 8.2885680E-03 8.3317109E-02 5.0360280E-02 8.5914527E-05 1.5568306E+00 1.8990606E+01 -7.1332663E-02
2.6764000E+02 2.7427000E+02 8.6700000E+00 4.5300000E+02 9 5.5026480E+01 2.7424313E-01 5.5616408E-01 5.1591788E-03 1.8358388E-02 1.3798939E-02 1.3693202E-02 1.8942661E-04 1.1788816E-03 9.4709760E-03 3.5556307E-05 9.0061925E-03 7.7243251E-02 5.4777985E-02 9.2245689E-05 1.6430932E+00 1.8898181E+01 -5.7963490E-02
2.6764000E+02 2.7427000E+02 8.6700000E+00 4.5400000E+02 9 5.5033339E+01 2.8037351E-01 5.6496991E-01 7.5231049E-03 1.9597301E-02 1.4788264E-02 1.4682715E-02 1.8908862E-04 1.2139836E-03 1.0098363E-02 3.5492865E-05 9.6085881E-03 7.5252321E-02 5.8477416E-02 9.7525614E-05 1.7187136E+00 1.8817213E+01 -4.9293019E-02
2.6764000E+02 2.7427000E+02 8.6700000E+00 4.5900000E+02 9 5.5094726E+01 2.5393355E-01 4.8788844E-01 1.9017935E-02 1.6698179E-02 1.2925285E-02 1.2820616E-02 1.8751276E-04 9.9061715E-04 8.6163000E-03 3.5197068E-05 8.2121982E-03 6.5555389E-02 4.9825838E-02 8.5293955E-05 1.6057084E+00 1.8940159E+01 -5.6943088E-02
2.6764000E+02 2.7427000E+02 8.6700000E+00 4.6400000E+02 9 5.5137296E+01 2.4518402E-01 4.5308419E-01 2.8131779E-02 1.6355411E-02 1.2923806E-02 1.2819857E-02 1.8622216E-04 9.2688310E-04 8.4345601E-03 3.4954814E-05 8.0532887E-03 5.7873731E-02 4.8805415E-02 8.3378645E-05 1.6188657E+00 1.8927570E+01 -5.2054629E-02
2.6764000E+02 2.7427000E+02 8.6700000E+00 4.6900000E+02 9 5.5169656E+01 2.3848820E-01 4.2668871E-01 3.5057613E-02 1.6092994E-02 1.2954106E-02 1.2850694E-02 1.8526142E-04 8.7105747E-04 8.2954554E-03 3.4774479E-05 7.9316687E-03 5.2039315E-02 4.8024261E-02 8.2159283E-05 1.6303309E+00 1.8916084E+01 -4.8302451E-02
2.6764000E+02 2.7427000E+02 8.6700000E+00 4.7400000E+02 9 5.5194077E+01 2.3326869E-01 4.0661250E-01 4.0268443E-02 1.5872890E-02 1.2994237E-02 1.2891294E-02 1.8442097E-04 8.2255542E-04 8.1792310E-03 3.4616723E-05 7.8291262E-03 4.7653822E-02 4.7368996E-02 8.1237831E-05 1.6389968E+00 1.8907218E+01 -4.5553249E-02
2.6764000E+02 2.7427000E+02 8.6700000E+00 4.7900000E+02 9 5.5212527E+01 2.2913299E-01 3.9122576E-01 4.4186540E-02 1.5679865E-02 1.3032928E-02 1.2930441E-02 1.8360317E-04 7.8252877E-04 8.0778396E-03 3.4463218E-05 7.7384833E-03 4.4360886E-02 4.6794211E-02 8.0463966E-05 1.6448788E+00 1.8901103E+01 -4.3593817E-02
2.6764000E+02 2.7427000E+02 8.6700000E+00 4.8100000E+02 9 5.5213698E+01 2.3840372E-01 4.0908214E-01 4.5572016E-02 1.7338561E-02 1.4404470E-02 1.4302167E-02 1.8327542E-04 8.2177866E-04 8.9183897E-03 3.4401698E-05 8.5445217E-03 4.3201186E-02 5.1747009E-02 8.7967284E-05 1.7701958E+00 1.8768114E+01 -3.3183456E-02
2.6764000E+02 2.7427000E+02 8.6700000E+00 4.8200000E+02 9 5.5215228E+01 2.4078699E-01 4.1341160E-01 4.6222312E-02 1.7809180E-02 1.4851284E-02 1.4749072E-02 1.8311095E-04 8.2512457E-04 9.1559404E-03 3.4370827E-05 8.7742274E-03 4.2656745E-02 5.3152606E-02 9.0441695E-05 1.8167125E+00 1.8718635E+01 -2.9945627E-02
2.6764000E+02 2.7427000E+02 8.6700000E+00 4.8700000E+02 9 5.5235751E+01 2.2141241E-01 3.6737628E-01 4.8827319E-02 1.5018145E-02 1.2827035E-02 1.2725378E-02 1.8211754E-04 7.1237395E-04 7.7372941E-03 3.4184357E-05 7.4209411E-03 4.0469864E-02 4.4820510E-02 7.8041690E-05 1.6268186E+00 1.8919808E+01 -4.3561582E-02
2.6764000E+02 2.7427000E+02 8.6700000E+00 4.9200000E+02 9 5.5245694E+01 2.1810177E-01 3.5700797E-01 5.0820570E-02 1.4728376E-02 1.2699012E-02 1.2597957E-02 1.8103760E-04 6.9235088E-04 7.5887193E-03 3.3981647E-05 7.2806436E-03 3.8805409E-02 4.3956046E-02 7.6213138E-05 1.6180926E+00 1.8929789E+01 -4.3654580E-02
2.6764000E+02 2.7427000E+02 8.6700000E+00 4.9700000E+02 9 5.5253104E+01 2.1604430E-01 3.4990395E-01 5.2358609E-02 1.4574788E-02 1.2622619E-02 1.2522173E-02 1.7994796E-04 6.8349480E-04 7.5106876E-03 3.3777117E-05 7.2047009E-03 3.7525654E-02 4.3497584E-02 7.5386171E-05 1.6149407E+00 1.8933356E+01 -4.3402266E-02
2.6764000E+02 2.7427000E+02 8.6700000E+00 5.0200000E+02 9 5.5258804E+01 2.1463815E-01 3.4469847E-01 5.3566700E-02 1.4482232E-02 1.2573903E-02 1.2474084E-02 1.7882344E-04 6.7621755E-04 7.4640675E-03 3.3566039E-05 7.1578144E-03 3.6524647E-02 4.3221190E-02 7.4965758E-05 1.6138280E+00 1.8934573E+01 -4.3077200E-02
2.6764000E+02 2.7427000E+02 8.6700000E+00 5.0500000E+02 9 5.5258079E+01 2.2128930E-01 3.5781741E-01 5.4194021E-02 1.5615949E-02 1.3427309E-02 1.3327873E-02 1.7813623E-04 7.1611430E-04 8.0411422E-03 3.3437046E-05 7.7050151E-03 3.6009078E-02 4.6605398E-02 8.0313878E-05 1.6911117E+00 1.8852182E+01 -3.6359867E-02
2.6764000E+02 2.7427000E+02 8.6700000E+00 5.0600000E+02 9 5.5255592E+01 2.2792479E-01 3.7193032E-01 5.4393013E-02 1.6706240E-02 1.4313463E-02 1.4214157E-02 1.7790582E-04 7.3742314E-04 8.5939776E-03 3.3393798E-05 8.2344510E-03 3.5847374E-02 4.9860883E-02 8.5213325E-05 1.7799443E+00 1.8758394E+01 -3.0051586E-02
2.6764000E+02 2.7427000E+02 8.6700000E+00 5.1100000E+02 9 5.5267892E+01 2.1022992E-01 3.3241630E-01 5.5239538E-02 1.3966920E-02 1.2257639E-02 1.2159025E-02 1.7666578E-04 6.4173189E-04 7.2023717E-03 3.3161035E-05 6.9049129E-03 3.5146889E-02 4.1682775E-02 7.3097335E-05 1.5897413E+00 1.8959661E+01 -4.4722059E-02
2.6764000E+02 2.7427000E+02 8.6700000E+00 5.1600000E+02 9 5.5271427E+01 2.0879834E-01 3.2792038E-01 5.5928810E-02 1.3804559E-02 1.2107007E-02 1.2009074E-02 1.7544544E-04 6.4225320E-04 7.1207854E-03 3.2931973E-05 6.8234753E-03 3.4583512E-02 4.1197811E-02 7.1851031E-05 1.5819624E+00 1.8968606E+01 -4.5235125E-02
2.6764000E+02 2.7427000E+02 8.6700000E+00 5.2100000E+02 9 5.5274034E+01 2.0818636E-01 3.2526358E-01 5.6493216E-02 1.3751401E-02 1.2015448E-02 1.1918154E-02 1.7430168E-04 6.4671469E-04 7.0954466E-03 3.2717282E-05 6.7941670E-03 3.4124806E-02 4.1038588E-02 7.1482859E-05 1.5795898E+00 1.8971349E+01 -4.5271670E-02
2.6764000E+02 2.7427000E+02 8.6700000E+00 5.2600000E+02 9 5.5276095E+01 2.0788035E-01 3.2343082E-01 5.6963221E-02 1.3735430E-02 1.1954982E-02 1.1858314E-02 1.7317924E-04 6.4886610E-04 7.0889214E-03 3.2506594E-05 6.7830202E-03 3.3745288E-02 4.0990441E-02 7.1403692E-05 1.5790047E+00 1.8972030E+01 -4.5163080E-02
2.6764000E+02 2.7427000E+02 8.6700000E+00 5.3100000E+02 9 5.5277804E+01 2.0766933E-01 3.2197807E-01 5.7360263E-02 1.3728068E-02 1.1910227E-02 1.1814186E-02 1.7205574E-04 6.4866730E-04 7.0864559E-03 3.2295709E-05 6.7764196E-03 3.3426973E-02 4.0968119E-02 7.1394252E-05 1.5787989E+00 1.8972248E+01 -4.5040518E-02
2.6764000E+02 2.7427000E+02 8.6700000E+00 5.3600000E+02 9 5.5279261E+01 2.0748439E-01 3.2073388E-01 5.7699953E-02 1.3720659E-02 1.1873532E-02 1.1778123E-02 1.7092262E-04 6.4755903E-04 7.0836448E-03 3.2083017E-05 6.7701523E-03 3.3156737E-02 4.0945753E-02 7.1384291E-05 1.5785522E+00 1.8972488E+01 -4.4942002E-02
2.6764000E+02 2.7427000E+02 8.6700000E+00 5.4100000E+02 9 5.5280523E+01 2.0731135E-01 3.1963439E-01 5.7993931E-02 1.3711767E-02 1.1841290E-02 1.1746520E-02 1.6977790E-04 6.4607428E-04 7.0798159E-03 3.1868147E-05 6.7634440E-03 3.2924776E-02 4.0919018E-02 7.1359481E-05 1.5781823E+00 1.8972855E+01 -4.4871992E-02
2.6764000E+02 2.7427000E+02 8.6700000E+00 5.4600000E+02 9 5.5281624E+01 2.0715046E-01 3.1865342E-01 5.8251027E-02 1.3701981E-02 1.1811864E-02 1.1717740E-02 1.6862288E-04 6.4467208E-04 7.0753359E-03 3.1651344E-05 6.7565035E-03 3.2723642E-02 4.0889652E-02 7.1322661E-05 1.5777199E+00 1.8973321E+01 -4.4824830E-02
2.6764000E+02 2.7427000E+02 8.6700000E+00 5.5100000E+02 9 5.5282593E+01 2.0700501E-01 3.1777621E-01 5.8478030E-02 1.3692122E-02 1.1784512E-02 1.1691036E-02 1.6746011E-04 6.4330864E-04 7.0706781E-03 3.1433087E-05 6.7496652E-03 3.2547602E-02 4.0860083E-02 7.1279539E-05 1.5772036E+00 1.8973844E+01 -4.4794052E-02
2.6764000E+02 2.7427000E+02 8.6700000E+00 5.5600000E+02 9 5.5283452E+01 2.0687576E-01 3.1699047E-01 5.8680219E-02 1.3682719E-02 1.1758864E-02 1.1666040E-02 1.6629235E-04 6.4213154E-04 7.0661553E-03 3.1213893E-05 6.7431435E-03 3.2392197E-02 4.0831888E-02 7.1234457E-05 1.5766690E+00 1.8974388E+01 -4.4774442E-02
2.6764000E+02 2.7427000E+02 8.6700000E+00 5.6100000E+02 9 5.5284217E+01 2.0676219E-01 3.1628487E-01 5.8861741E-02 1.3674037E-02 1.1734698E-02 1.1642528E-02 1.6512213E-04 6.4119606E-04 7.0619311E-03 3.0994236E-05 6.7370378E-03 3.2253925E-02 4.0805850E-02 7.1189984E-05 1.5761375E+00 1.8974930E+01 -4.4762450E-02
2.6764000E+02 2.7427000E+02 8.6700000E+00 5.6600000E+02 9 5.5284903E+01 2.0666354E-01 3.1564920E-01 5.9025882E-02 1.3666178E-02 1.1711849E-02 1.1620332E-02 1.6395159E-04 6.4037438E-04 7.0580790E-03 3.0774519E-05 6.7313793E-03 3.2130015E-02 4.0782274E-02 7.1147430E-05 1.5756173E+00 1.8975460E+01 -4.4755845E-02
2.6764000E+02 2.7427000E+02 8.6700000E+00 5.7100000E+02 9 5.5285522E+01 2.0657814E-01 3.1507423E-01 5.9175267E-02 1.3659136E-02 1.1690170E-02 1.1599306E-02 1.6278251E-04 6.3969952E-04 7.0546097E-03 3.0555077E-05 6.7261518E-03 3.2018255E-02 4.0761139E-02 7.1107292E-05 1.5751146E+00 1.8975971E+01 -4.4753100E-02
2.6764000E+02 2.7427000E+02 8.6700000E+00 5.7600000E+02 9 5.5286084E+01 2.0650435E-01 3.1455193E-01 5.9312010E-02 1.3652856E-02 1.1669532E-02 1.1579319E-02 1.6161634E-04 6.3917642E-04 7.0515064E-03 3.0336183E-05 6.7213202E-03 3.1916866E-02 4.0742281E-02 7.1069647E-05 1.5746317E+00 1.8976462E+01 -4.4753233E-02
2.6764000E+02 2.7427000E+02 8.6700000E+00 5.8100000E+02 9 5.5286596E+01 2.0644086E-01 3.1407549E-01 5.9437826E-02 1.3647269E-02 1.1649818E-02 1.1560253E-02 1.6045429E-04 6.3875499E-04 7.0487409E-03 3.0118060E-05 6.7168458E-03 3.1824408E-02 4.0725495E-02 7.1034393E-05 1.5741676E+00 1.8976934E+01 -4.4755628E-02
2.6764000E+02 2.7427000E+02 8.6700000E+00 5.8200000E+02 9 5.5278970E+01 2.2192790E-01 3.4685243E-01 5.9462566E-02 1.6105726E-02 1.3438843E-02 1.3349407E-02 1.6022206E-04 7.2364527E-04 8.3002589E-03 3.0074468E-05 7.9052712E-03 3.1811132E-02 4.8064494E-02 8.1523492E-05 1.7420872E+00 1.8799660E+01 -3.1204786E-02
2.6764000E+02 2.7427000E+02 8.6700000E+00 5.8700000E+02 9 5.5287208E+01 2.0626968E-01 3.1342553E-01 5.9579004E-02 1.3629682E-02 1.1632675E-02 1.1544153E-02 1.5858523E-04 6.3624329E-04 7.0395419E-03 2.9767227E-05 6.7058700E-03 3.1725035E-02 4.0672835E-02 7.1153659E-05 1.5731701E+00 1.8977702E+01 -4.4804005E-02
2.6764000E+02 2.7427000E+02 8.6700000E+00 5.9200000E+02 9 5.5287553E+01 2.0645074E-01 3.1345409E-01 5.9698294E-02 1.3659461E-02 1.1632571E-02 1.1545156E-02 1.5660193E-04 6.3878901E-04 7.0541226E-03 2.9394953E-05 6.7180337E-03 3.1643866E-02 4.0761702E-02 7.0917022E-05 1.5745177E+00 1.8976654E+01 -4.4638628E-02
2.6764000E+02 2.7427000E+02 8.6700000E+00 5.9700000E+02 9 5.5287839E+01 2.0673675E-01 3.1363368E-01 5.9817630E-02 1.3701315E-02 1.1630336E-02 1.1544207E-02 1.5429781E-04 6.4217338E-04 7.0750227E-03 2.8962457E-05 6.7353428E-03 3.1565280E-02 4.0886479E-02 7.1008918E-05 1.5763010E+00 1.8974841E+01 -4.4432869E-02
2.6764000E+02 2.7427000E+02 8.6700000E+00 6.0200000E+02 9 5.5288117E+01 2.0699725E-01 3.1376363E-01 5.9932597E-02 1.3737869E-02 1.1625628E-02 1.1540861E-02 1.5185888E-04 6.4344767E-04 7.0931490E-03 2.8504659E-05 6.7499811E-03 3.1491266E-02 4.0995446E-02 7.1149404E-05 1.5777341E+00 1.8973320E+01 -4.4260095E-02
2.6764000E+02 2.7427000E+02 8.6700000E+00 6.0700000E+02 9 5.5288403E+01 2.0718835E-01 3.1378670E-01 6.0040938E-02 1.3764096E-02 1.1618320E-02 1.1534912E-02 1.4942374E-04 6.4378052E-04 7.1059259E-03 2.8047571E-05 6.7597445E-03 3.1422568E-02 4.1073629E-02 7.1260988E-05 1.5786493E+00 1.8972328E+01 -4.4138934E-02
2.6764000E+02 2.7427000E+02 8.6700000E+00 6.1200000E+02 9 5.5288693E+01 2.0731635E-01 3.1371686E-01 6.0141887E-02 1.3781101E-02 1.1608792E-02 1.1526699E-02 1.4706793E-04 6.4343836E-04 7.1139634E-03 2.7605373E-05 6.7652183E-03 3.1359231E-02 4.1124306E-02 7.1331972E-05 1.5791105E+00 1.8971815E+01 -4.4063312E-02
2.6764000E+02 2.7427000E+02 8.6700000E+00 6.1700000E+02 9 5.5288978E+01 2.0739829E-01 3.1358483E-01 6.0235517E-02 1.3791467E-02 1.1597623E-02 1.1516783E-02 1.4482335E-04 6.4298489E-04 7.1186219E-03 2.7184056E-05 6.7676444E-03 3.1300959E-02 4.1155177E-02 7.1370303E-05 1.5792548E+00 1.8971641E+01 -4.4020627E-02
2.6764000E+02 2.7427000E+02 8.6700000E+00 6.2200000E+02 9 5.5289253E+01 2.0745103E-01 3.1341822E-01 6.0322310E-02 1.3797568E-02 1.1585366E-02 1.1505713E-02 1.4269733E-04 6.4254027E-04 7.1211391E-03 2.6784990E-05 6.7681475E-03 3.1247308E-02 4.1173321E-02 7.1386877E-05 1.5791963E+00 1.8971684E+01 -4.3999717E-02
2.6764000E+02 2.7427000E+02 8.6700000E+00 6.2700000E+02 9 5.5289514E+01 2.0748659E-01 3.1323623E-01 6.0402899E-02 1.3801100E-02 1.1572463E-02 1.1493933E-02 1.4068527E-04 6.4216755E-04 7.1223912E-03 2.6407318E-05 6.7675248E-03 3.1197803E-02 4.1183792E-02 7.1390317E-05 1.5790172E+00 1.8971858E+01 -4.3992506E-02
2.6764000E+02 2.7427000E+02 8.6700000E+00 6.3200000E+02 9 5.5289760E+01 2.0751256E-01 3.1305062E-01 6.0477939E-02 1.3803150E-02 1.1559230E-02 1.1481765E-02 1.3877788E-04 6.4190911E-04 7.1229358E-03 2.6049291E-05 6.7662838E-03 3.1151987E-02 4.1189833E-02 7.1386324E-05 1.5787708E+00 1.8972104E+01 -4.3993682E-02
2.6764000E+02 2.7427000E+02 8.6700000E+00 6.3700000E+02 9 5.5289991E+01 2.0753334E-01 3.1286793E-01 6.0548041E-02 1.3804368E-02 1.1545878E-02 1.1469425E-02 1.3696472E-04 6.4180497E-04 7.1231031E-03 2.5708952E-05 6.7647260E-03 3.1109444E-02 4.1193389E-02 7.1378318E-05 1.5784901E+00 1.8972388E+01 -4.3999942E-02
2.6764000E+02 2.7427000E+02 8.6700000E+00 6.4200000E+02 9 5.5290207E+01 2.0755188E-01 3.1269159E-01 6.0613751E-02 1.3805144E-02 1.1532540E-02 1.1457052E-02 1.3523585E-04 6.4174312E-04 7.1230878E-03 2.5384434E-05 6.7630290E-03 3.1069808E-02 4.1195621E-02 7.1368264E-05 1.5781910E+00 1.8972692E+01 -4.4009378E-02
2.6764000E+02 2.7427000E+02 8.6700000E+00 6.4700000E+02 9 5.5290409E+01 2.0756956E-01 3.1252308E-01 6.0675547E-02 1.3805693E-02 1.1519295E-02 1.1444730E-02 1.3358235E-04 6.4173505E-04 7.1229955E-03 2.5074064E-05 6.7612894E-03 3.1032760E-02 4.1197174E-02 7.1357226E-05 1.5778847E+00 1.8973004E+01 -4.4020790E-02
2.6764000E+02 2.7427000E+02 8.6700000E+00 6.5000000E+02 9 5.5286711E+01 2.1523232E-01 3.2851305E-01 6.0711309E-02 1.5015625E-02 1.2359259E-02 1.2285234E-02 1.3261562E-04 6.8978986E-04 7.7404273E-03 2.4892605E-05 7.3431530E-03 3.1014078E-02 4.4808426E-02 7.6994051E-05 1.6531208E+00 1.8892750E+01 -3.7425988E-02
