x y z_datum Time Well_no H2O H O Charge Al C Ca Cl Fe K Mg Na S Si U pH pe Alkalinity
2.6764000E+02 2.7427000E+02 8.6700000E+00 0.0000000E+00 9 9.9704301E-01 7.2098600E-06 6.6484776E-04 -3.2324431E-06 0.0000000E+00 1.0067647E-04 6.3262499E-05 4.3211171E-04 0.0000000E+00 2.8240956E-04 5.5605062E-05 2.2967748E-04 1.4127542E-04 0.0000000E+00 0.0000000E+00 7.0300000E+00 1.1068788E+01 7.1999443E-03
2.6764000E+02 2.7427000E+02 8.6700000E+00 5.0000000E+00 9 5.5324584E+01 2.2383895E-02 6.8110441E-02 -2.9735694E-03 0.0000000E+00 6.9815197E-03 1.3147558E-03 1.0151912E-02 0.0000000E+00 6.0162560E-03 1.9055638E-03 8.3212392E-03 1.2023117E-02 0.0000000E+00 0.0000000E+00 2.1970974E+00 1.8211795E+01 -1.0479724E-02
2.6764000E+02 2.7427000E+02 8.6700000E+00 1.0000000E+01 9 5.5305140E+01 3.7612483E-02 1.1188545E-01 -2.6817278E-03 1.0864438E-03 7.4247610E-03 3.0394618E-03 7.8561894E-03 4.3932016E-05 5.1933916E-03 1.4746454E-03 6.9821648E-03 2.0615140E-02 3.2482493E-03 5.0619782E-06 1.9150040E+00 1.8563023E+01 -2.1966846E-02
2.6764000E+02 2.7427000E+02 8.6700000E+00 1.5000000E+01 9 5.5284412E+01 5.9949535E-02 1.5657260E-01 -2.4457314E-03 2.5241587E-03 7.7081756E-03 4.3591271E-03 5.9997638E-03 1.0821060E-04 4.8127502E-03 1.1261852E-03 6.1695610E-03 2.7563901E-02 7.5431464E-03 1.2390637E-05 1.8170645E+00 1.8693403E+01 -2.9139942E-02
2.6764000E+02 2.7427000E+02 8.6700000E+00 2.0000000E+01 9 5.5267585E+01 7.9383093E-02 1.9315844E-01 -2.2701205E-03 3.8368317E-03 7.9081773E-03 5.3302292E-03 4.6183504E-03 1.7118308E-04 4.6544123E-03 8.6688708E-04 5.6807307E-03 3.2735202E-02 1.1463463E-02 1.9628290E-05 1.7728567E+00 1.8755344E+01 -3.3512621E-02
2.6764000E+02 2.7427000E+02 8.6700000E+00 2.5000000E+01 9 5.5255062E+01 9.4262789E-02 2.2071210E-01 -2.1445693E-03 4.8784473E-03 8.0754122E-03 6.0487547E-03 3.6307227E-03 2.2220527E-04 4.5949025E-03 6.8150451E-04 5.3796696E-03 3.6432807E-02 1.4573625E-02 2.5752271E-05 1.7508922E+00 1.8787553E+01 -3.6171563E-02
2.6764000E+02 2.7427000E+02 8.6700000E+00 3.0000000E+01 9 5.5246102E+01 1.0504858E-01 2.4071782E-01 -2.0564225E-03 5.6574156E-03 8.2288379E-03 6.5892295E-03 2.9373307E-03 2.6016895E-04 4.5779114E-03 5.5135141E-04 5.1907003E-03 3.9029114E-02 1.6899248E-02 3.0554473E-05 1.7397755E+00 1.8804796E+01 -3.7773142E-02
2.6764000E+02 2.7427000E+02 8.6700000E+00 3.5000000E+01 9 5.5239773E+01 1.1271123E-01 2.5507188E-01 -1.9946925E-03 6.2250783E-03 8.3736428E-03 7.0050884E-03 2.4517421E-03 2.8710707E-04 4.5773466E-03 4.6020405E-04 5.0689653E-03 4.0847533E-02 1.8593915E-02 3.4169648E-05 1.7342820E+00 1.8814055E+01 -3.8730758E-02
2.6764000E+02 2.7427000E+02 8.6700000E+00 4.0000000E+01 9 5.5235290E+01 1.1814287E-01 2.6540522E-01 -1.9510324E-03 6.6357519E-03 8.5103357E-03 7.3334910E-03 2.1082973E-03 3.0546183E-04 4.5814552E-03 3.9573777E-04 4.9874716E-03 4.2133795E-02 1.9819918E-02 3.6836943E-05 1.7317360E+00 1.8818984E+01 -3.9303226E-02
2.6764000E+02 2.7427000E+02 8.6700000E+00 4.5000000E+01 9 5.5232074E+01 1.2202709E-01 2.7294717E-01 -1.9195484E-03 6.9343390E-03 8.6383495E-03 7.5997499E-03 1.8606337E-03 3.1791017E-04 4.5854207E-03 3.4925010E-04 4.9301501E-03 4.3061435E-02 2.0711346E-02 3.8793254E-05 1.7307315E+00 1.8821545E+01 -3.9648001E-02
2.6764000E+02 2.7427000E+02 8.6700000E+00 5.0000000E+01 9 5.5229720E+01 1.2485070E-01 2.7856597E-01 -1.8962553E-03 7.1543032E-03 8.7572049E-03 7.8208846E-03 1.6774020E-03 3.2647521E-04 4.5876328E-03 3.1485660E-04 4.8875525E-03 4.3747811E-02 2.1368097E-02 4.0234394E-05 1.7305151E+00 1.8822814E+01 -3.9859110E-02
2.6764000E+02 2.7427000E+02 8.6700000E+00 5.5000000E+01 9 5.5227954E+01 1.2694747E-01 2.8285439E-01 -1.8785226E-03 7.3193523E-03 8.8667548E-03 8.0082981E-03 1.5379107E-03 3.3251335E-04 4.5878840E-03 2.8867339E-04 4.8541904E-03 4.4270389E-02 2.1860933E-02 4.1308768E-05 1.7306837E+00 1.8823382E+01 -3.9991755E-02
2.6764000E+02 2.7427000E+02 8.6700000E+00 6.0000000E+01 9 5.5226595E+01 1.2854170E-01 2.8621042E-01 -1.8646318E-03 7.4458281E-03 8.9671508E-03 8.1696881E-03 1.4286410E-03 3.3694391E-04 4.5864824E-03 2.6816293E-04 4.8268777E-03 4.4679786E-02 2.2238622E-02 4.2123372E-05 1.7310254E+00 1.8823572E+01 -4.0078051E-02
2.6764000E+02 2.7427000E+02 8.6700000E+00 6.5000000E+01 9 5.5225522E+01 1.2978337E-01 2.8890037E-01 -1.8534590E-03 7.5448784E-03 9.0587547E-03 8.3103511E-03 1.3407524E-03 3.4031446E-04 4.5838673E-03 2.5166581E-04 4.8037503E-03 4.5009105E-02 2.2534436E-02 4.2753387E-05 1.7314290E+00 1.8823565E+01 -4.0136670E-02
2.6764000E+02 2.7427000E+02 8.6700000E+00 6.6000000E+01 9 5.5219426E+01 1.4183913E-01 3.1777301E-01 -1.8513251E-03 9.6216874E-03 1.1044481E-02 1.0305448E-02 1.3239659E-03 4.2339583E-04 5.6155948E-03 2.4851491E-04 5.8117522E-03 4.5077239E-02 2.8738118E-02 5.2479410E-05 1.9097100E+00 1.8636121E+01 -2.7842589E-02
2.6764000E+02 2.7427000E+02 8.6700000E+00 6.7000000E+01 9 5.5219503E+01 1.4151934E-01 3.1710020E-01 -1.8492845E-03 9.5524577E-03 1.1001048E-02 1.0270976E-02 1.3079128E-03 4.1426513E-04 5.5713350E-03 2.4550167E-04 5.7644908E-03 4.5137908E-02 2.8531190E-02 5.3025359E-05 1.9012180E+00 1.8643867E+01 -2.8334643E-02
2.6764000E+02 2.7427000E+02 8.6700000E+00 7.2000000E+01 9 5.5220924E+01 1.3097689E-01 2.9192626E-01 -1.8016044E-03 7.4081198E-03 9.0078037E-03 8.3149878E-03 1.2411680E-03 3.2640774E-04 4.4549175E-03 2.3297334E-04 4.6562514E-03 4.6062953E-02 2.2126062E-02 4.2639842E-05 1.7018370E+00 1.8959248E+01 -4.2943374E-02
2.6764000E+02 2.7427000E+02 8.6700000E+00 7.7000000E+01 9 5.5215344E+01 1.3399074E-01 2.9849707E-01 -1.7518694E-03 7.5762121E-03 9.0931848E-03 8.4319023E-03 1.1846765E-03 3.5124663E-04 4.5072170E-03 2.2236960E-04 4.6908283E-03 4.7018794E-02 2.2627469E-02 4.8515428E-05 1.6932756E+00 1.9022125E+01 -4.4017894E-02
2.6764000E+02 2.7427000E+02 8.6700000E+00 8.2000000E+01 9 5.5210565E+01 1.3684887E-01 3.0462509E-01 -1.7107895E-03 7.7679591E-03 9.1911462E-03 8.5569422E-03 1.1361657E-03 3.7328895E-04 4.5765165E-03 2.1326390E-04 4.7431315E-03 4.7814927E-02 2.3199441E-02 5.6774411E-05 1.6892426E+00 1.9055598E+01 -4.4642580E-02
2.6764000E+02 2.7427000E+02 8.6700000E+00 8.7000000E+01 9 5.5206859E+01 1.3919078E-01 3.0963188E-01 -1.6793153E-03 7.9360638E-03 9.2826715E-03 8.6719973E-03 1.0940125E-03 3.9020244E-04 4.6374939E-03 2.0535153E-04 4.7893123E-03 4.8434919E-02 2.3700923E-02 6.4842114E-05 1.6873243E+00 1.9074759E+01 -4.5018086E-02
2.6764000E+02 2.7427000E+02 8.6700000E+00 9.1000000E+01 9 5.5203132E+01 1.4351862E-01 3.1947947E-01 -1.6595427E-03 8.5313354E-03 9.7786090E-03 9.1848459E-03 1.0637165E-03 4.2494414E-04 4.9200950E-03 1.9966483E-04 5.0549685E-03 4.8835236E-02 2.5478278E-02 7.5338117E-05 1.7183981E+00 1.9051951E+01 -4.2392773E-02
2.6764000E+02 2.7427000E+02 8.6700000E+00 9.2000000E+01 9 5.5197994E+01 1.5310156E-01 3.4196134E-01 -1.6549229E-03 1.0142222E-02 1.1242742E-02 1.0653093E-02 1.0563473E-03 4.9776488E-04 5.7255842E-03 1.9828159E-04 5.8392657E-03 4.8939693E-02 3.0289552E-02 9.0906931E-05 1.8405976E+00 1.8929377E+01 -3.3091078E-02
2.6764000E+02 2.7427000E+02 8.6700000E+00 9.7000000E+01 9 5.5197031E+01 1.4233687E-01 3.1776338E-01 -2.2784236E-03 7.9428431E-03 9.2738848E-03 8.7024383E-03 1.0237367E-03 3.9235967E-04 4.6004380E-03 1.9216042E-04 4.7335597E-03 5.0298193E-02 2.3720574E-02 7.5988874E-05 1.6613263E+00 1.9126847E+01 -4.8114010E-02
2.6764000E+02 2.7427000E+02 8.6700000E+00 1.0200000E+02 9 5.5189016E+01 1.4559531E-01 3.2594035E-01 -2.9611361E-03 8.1247933E-03 9.3511141E-03 8.7958889E-03 9.9467645E-04 4.1969152E-04 4.6766609E-03 1.8670566E-04 4.7966373E-03 5.1678191E-02 2.4263202E-02 8.1097482E-05 1.6550267E+00 1.9145180E+01 -4.9277147E-02
2.6764000E+02 2.7427000E+02 8.6700000E+00 1.0700000E+02 9 5.5182398E+01 1.4851456E-01 3.3308967E-01 -3.5220078E-03 8.3118512E-03 9.4341697E-03 8.8934865E-03 9.6862474E-04 4.4067814E-04 4.7572511E-03 1.8181563E-04 4.8646715E-03 5.2802371E-02 2.4821088E-02 8.6496496E-05 1.6519632E+00 1.9156565E+01 -5.0021812E-02
2.6764000E+02 2.7427000E+02 8.6700000E+00 1.1200000E+02 9 5.5177369E+01 1.5084636E-01 3.3873555E-01 -3.9412114E-03 8.4706103E-03 9.5091666E-03 8.9815897E-03 9.4514510E-04 4.5652619E-04 4.8247647E-03 1.7740838E-04 4.9213830E-03 5.3656390E-02 2.5294610E-02 9.1257487E-05 1.6504868E+00 1.9163669E+01 -5.0501282E-02
2.6764000E+02 2.7427000E+02 8.6700000E+00 1.1700000E+02 9 5.5173674E+01 1.5263215E-01 3.4302843E-01 -4.2410626E-03 8.5967613E-03 9.5735070E-03 9.0577999E-03 9.2388051E-04 4.6811320E-04 4.8767730E-03 1.7341692E-04 4.9644202E-03 5.4288035E-02 2.5670909E-02 9.5169868E-05 1.6498154E+00 1.9168142E+01 -5.0811329E-02
2.6764000E+02 2.7427000E+02 8.6700000E+00 1.2200000E+02 9 5.5170989E+01 1.5398278E-01 3.4625897E-01 -4.4511207E-03 8.6946570E-03 9.6280040E-03 9.1230954E-03 9.0453516E-04 4.7645181E-04 4.9153452E-03 1.6978570E-04 4.9956059E-03 5.4752850E-02 2.5962957E-02 9.8273267E-05 1.6495517E+00 1.9170998E+01 -5.1013920E-02
2.6764000E+02 2.7427000E+02 8.6700000E+00 1.2400000E+02 9 5.5165156E+01 1.6430062E-01 3.6995936E-01 -4.5226679E-03 1.0392924E-02 1.1053270E-02 1.0552520E-02 8.9708658E-04 5.7364920E-04 5.7676383E-03 1.6838756E-04 5.8192363E-03 5.4930220E-02 3.1034107E-02 1.1692656E-04 1.7538608E+00 1.9065633E+01 -4.1475170E-02
2.6764000E+02 2.7427000E+02 8.6700000E+00 1.2500000E+02 9 5.5163381E+01 1.6721807E-01 3.7681136E-01 -4.5555546E-03 1.0867816E-02 1.1494633E-02 1.0995922E-02 8.9343257E-04 5.8382999E-04 6.0043195E-03 1.6770169E-04 6.0491063E-03 5.5011721E-02 3.2452421E-02 1.2316528E-04 1.7872657E+00 1.9031918E+01 -3.8787030E-02
2.6764000E+02 2.7427000E+02 8.6700000E+00 1.3000000E+02 9 5.5168869E+01 1.5394801E-01 3.4679507E-01 -4.6670910E-03 8.5719660E-03 9.5697104E-03 9.0788457E-03 8.7937569E-04 4.5952827E-04 4.8384179E-03 1.6506314E-04 4.9151097E-03 5.5260062E-02 2.5596477E-02 1.0084613E-04 1.6374247E+00 1.9185724E+01 -5.2433023E-02
2.6764000E+02 2.7427000E+02 8.6700000E+00 1.3100000E+02 9 5.5161662E+01 1.6800192E-01 3.7889015E-01 -4.6876359E-03 1.0924104E-02 1.1533368E-02 1.1044006E-02 8.7668343E-04 6.0979634E-04 6.0232745E-03 1.6455779E-04 6.0622852E-03 5.5328000E-02 3.2620283E-02 1.2386259E-04 1.7868292E+00 1.9034228E+01 -3.8954761E-02
2.6764000E+02 2.7427000E+02 8.6700000E+00 1.3200000E+02 9 5.5161574E+01 1.6779202E-01 3.7841188E-01 -4.7066260E-03 1.0873084E-02 1.1500185E-02 1.1012276E-02 8.7408109E-04 5.9130512E-04 5.9962303E-03 1.6406932E-04 6.0348939E-03 5.5376861E-02 3.2467742E-02 1.2548534E-04 1.7819743E+00 1.9039072E+01 -3.9320406E-02
2.6764000E+02 2.7427000E+02 8.6700000E+00 1.3700000E+02 9 5.5159344E+01 1.5628816E-01 3.5388508E-01 -6.1621941E-03 8.5798261E-03 9.5823798E-03 9.1009412E-03 8.6248912E-04 4.6434769E-04 4.8327623E-03 1.6189345E-04 4.9045725E-03 5.7168242E-02 2.5619646E-02 1.0235222E-04 1.6235792E+00 1.9178976E+01 -5.4707548E-02
2.6764000E+02 2.7427000E+02 8.6700000E+00 1.4200000E+02 9 5.5148891E+01 1.6010871E-01 3.6394613E-01 -7.7444239E-03 8.8144268E-03 9.7057507E-03 9.2303388E-03 8.5169228E-04 4.9555442E-04 4.9462855E-03 1.5986683E-04 5.0084240E-03 5.9110522E-02 2.6319490E-02 1.0150198E-04 1.6212707E+00 1.9152087E+01 -5.5811073E-02
2.6764000E+02 2.7427000E+02 8.6700000E+00 1.4700000E+02 9 5.5140081E+01 1.6353513E-01 3.7275852E-01 -9.0583469E-03 9.0432545E-03 9.8284326E-03 9.3587412E-03 8.4144426E-04 5.1564054E-04 5.0572131E-03 1.5794323E-04 5.1099189E-03 6.0725328E-02 2.7002106E-02 9.8904594E-05 1.6207291E+00 1.9120894E+01 -5.6563591E-02
2.6764000E+02 2.7427000E+02 8.6700000E+00 1.5200000E+02 9 5.5133314E+01 1.6624141E-01 3.7966486E-01 -1.0055835E-02 9.2298745E-03 9.9329864E-03 9.4687473E-03 8.3167651E-04 5.2873359E-04 5.1468048E-03 1.5610977E-04 5.1915900E-03 6.1958778E-02 2.7558838E-02 9.4655661E-05 1.6207670E+00 1.9089564E+01 -5.7081551E-02
2.6764000E+02 2.7427000E+02 8.6700000E+00 1.5700000E+02 9 5.5128320E+01 1.6827912E-01 3.8484558E-01 -1.0782452E-02 9.3729300E-03 1.0017488E-02 9.5584455E-03 8.2236708E-04 5.3699973E-04 5.2143556E-03 1.5436234E-04 5.2527625E-03 6.2866907E-02 2.7985632E-02 8.9568081E-05 1.6209823E+00 1.9060473E+01 -5.7437563E-02
2.6764000E+02 2.7427000E+02 8.6700000E+00 1.6200000E+02 9 5.5124692E+01 1.6978786E-01 3.8867144E-01 -1.1301734E-02 9.4801741E-03 1.0084608E-02 9.6305163E-03 8.1349760E-04 5.4201893E-04 5.2638287E-03 1.5269750E-04 5.2971309E-03 6.3526251E-02 2.8305607E-02 8.4359492E-05 1.6212302E+00 1.9035098E+01 -5.7682552E-02
2.6764000E+02 2.7427000E+02 8.6700000E+00 1.6700000E+02 9 5.5122056E+01 1.7090639E-01 3.9150262E-01 -1.1671430E-02 9.5604997E-03 1.0138062E-02 9.6886886E-03 8.0504562E-04 5.4509752E-04 5.2997689E-03 1.5111102E-04 5.3289330E-03 6.4005968E-02 2.8545286E-02 7.9503096E-05 1.6214647E+00 1.9014104E+01 -5.7852498E-02
2.6764000E+02 2.7427000E+02 8.6700000E+00 1.6800000E+02 9 5.5114466E+01 1.8536113E-01 4.2416177E-01 -1.1739832E-02 1.1955022E-02 1.2078920E-02 1.1630481E-02 8.0337174E-04 6.9959858E-04 6.5082879E-03 1.5079683E-04 6.4957231E-03 6.4102286E-02 3.5695154E-02 9.1423645E-05 1.7584298E+00 1.8866825E+01 -4.4266941E-02
2.6764000E+02 2.7427000E+02 8.6700000E+00 1.6900000E+02 9 5.5114257E+01 1.8506239E-01 4.2351194E-01 -1.1803128E-02 1.1882671E-02 1.2032630E-02 1.1585116E-02 8.0171417E-04 6.7292668E-04 6.4709439E-03 1.5048569E-04 6.4588043E-03 6.4185962E-02 3.5478958E-02 9.0850578E-05 1.7523933E+00 1.8868214E+01 -4.4783649E-02
2.6764000E+02 2.7427000E+02 8.6700000E+00 1.7400000E+02 9 5.5129390E+01 1.6222107E-01 3.8448697E-01 -1.6956426E-02 9.3856759E-03 1.0041388E-02 9.5982873E-03 7.9380811E-04 5.1788910E-04 5.2045183E-03 1.4900169E-04 5.2347423E-03 6.2857626E-02 2.8023315E-02 7.2626536E-05 1.6861866E+00 1.8926701E+01 -5.1146251E-02
2.6764000E+02 2.7427000E+02 8.6700000E+00 1.7500000E+02 9 5.5125000E+01 1.7285597E-01 4.1237922E-01 -1.8123325E-02 1.1516640E-02 1.1970320E-02 1.1528093E-02 7.9224196E-04 6.2363995E-04 6.2749520E-03 1.4870771E-04 6.2791795E-03 6.2549731E-02 3.4388443E-02 8.2725195E-05 1.8532166E+00 1.8750251E+01 -3.6774605E-02
2.6764000E+02 2.7427000E+02 8.6700000E+00 1.7600000E+02 9 5.5127464E+01 1.6991620E-01 4.0908010E-01 -1.9356877E-02 1.1363894E-02 1.1920507E-02 1.1479146E-02 7.9069065E-04 5.9518185E-04 6.1954286E-03 1.4841652E-04 6.2051345E-03 6.2209433E-02 3.3932941E-02 8.1884361E-05 1.8694961E+00 1.8730706E+01 -3.5589595E-02
2.6764000E+02 2.7427000E+02 8.6700000E+00 1.8100000E+02 9 5.5064147E+01 1.6982017E-01 4.2805010E-01 -3.0666560E-02 8.8683635E-03 9.9498600E-03 9.5126359E-03 7.8327954E-04 4.5453332E-04 4.9291040E-03 1.4702542E-04 4.9833330E-03 7.5352074E-02 2.6482087E-02 6.5203298E-05 1.6107198E+00 1.8987941E+01 -6.4916576E-02
2.6764000E+02 2.7427000E+02 8.6700000E+00 1.8600000E+02 9 5.4982238E+01 1.9080871E-01 4.9123076E-01 -4.1389514E-02 9.1210887E-03 1.0017294E-02 9.5840270E-03 7.7618962E-04 5.0875556E-04 5.0560524E-03 1.4569461E-04 5.0965119E-03 9.0374534E-02 2.7235088E-02 6.3364688E-05 1.5246112E+00 1.9067286E+01 -8.3312101E-02
2.6764000E+02 2.7427000E+02 8.6700000E+00 1.9100000E+02 9 5.4912067E+01 2.1143714E-01 5.4840596E-01 -4.9916613E-02 9.6673022E-03 1.0097062E-02 9.6675859E-03 7.6939843E-04 5.8850563E-04 5.3372801E-03 1.4441987E-04 5.3458799E-03 1.0301413E-01 2.8861670E-02 6.3752745E-05 1.4714219E+00 1.9114799E+01 -9.7904755E-02
2.6764000E+02 2.7427000E+02 8.6700000E+00 1.9600000E+02 9 5.4857780E+01 2.2886590E-01 5.9446404E-01 -5.6256229E-02 1.0286719E-02 1.0169701E-02 9.7438605E-03 7.6288526E-04 6.6788945E-04 5.6573726E-03 1.4319732E-04 5.6290481E-03 1.1265667E-01 3.0706001E-02 6.4942556E-05 1.4396205E+00 1.9141960E+01 -1.0836844E-01
2.6764000E+02 2.7427000E+02 8.6700000E+00 2.0100000E+02 9 5.4817721E+01 2.4260014E-01 6.2958614E-01 -6.0823523E-02 1.0865446E-02 1.0231385E-02 9.8090358E-03 7.5663116E-04 7.3396417E-04 5.9565235E-03 1.4202339E-04 5.8932682E-03 1.1968894E-01 3.2429129E-02 6.6247043E-05 1.4206697E+00 1.9157126E+01 -1.1553032E-01
2.6764000E+02 2.7427000E+02 8.6700000E+00 2.0600000E+02 9 5.4788843E+01 2.5302554E-01 6.5562770E-01 -6.4072716E-02 1.1358962E-02 1.0283304E-02 9.8643113E-03 7.5061875E-04 7.8450059E-04 6.2114148E-03 1.4089483E-04 6.1178682E-03 1.2470791E-01 3.3898606E-02 6.7373568E-05 1.4094146E+00 1.9165276E+01 -1.2031391E-01
2.6764000E+02 2.7427000E+02 8.6700000E+00 2.1100000E+02 9 5.4768177E+01 2.6079994E-01 6.7473299E-01 -6.6386882E-02 1.1760412E-02 1.0328029E-02 9.9122657E-03 7.4483211E-04 8.2204727E-04 6.4183572E-03 1.3980865E-04 6.2997517E-03 1.2826951E-01 3.5094047E-02 6.8237368E-05 1.4027687E+00 1.9169354E+01 -1.2347789E-01
2.6764000E+02 2.7427000E+02 8.6700000E+00 2.1600000E+02 9 5.4753310E+01 2.6657940E-01 6.8878896E-01 -6.8055136E-02 1.2079948E-02 1.0368029E-02 9.9553779E-03 7.3925671E-04 8.4983233E-04 6.5825454E-03 1.3876212E-04 6.4437401E-03 1.3081440E-01 3.6045680E-02 6.8850290E-05 1.3988735E+00 1.9171111E+01 -1.2557546E-01
2.6764000E+02 2.7427000E+02 8.6700000E+00 2.2100000E+02 9 5.4742449E+01 2.7091034E-01 6.9926611E-01 -6.9282331E-02 1.2332986E-02 1.0405153E-02 9.9955041E-03 7.3387922E-04 8.7061016E-04 6.7119742E-03 1.3775274E-04 6.5570471E-03 1.3266358E-01 3.6799373E-02 6.9259241E-05 1.3966144E+00 1.9171581E+01 -1.2698352E-01
2.6764000E+02 2.7427000E+02 8.6700000E+00 2.2600000E+02 9 5.4734340E+01 2.7420769E-01 7.0723453E-01 -7.0208204E-02 1.2534524E-02 1.0440565E-02 1.0033814E-02 7.2868747E-04 8.8645781E-04 6.8144656E-03 1.3677822E-04 6.6466511E-03 1.3403940E-01 3.7399762E-02 6.9516360E-05 1.3953271E+00 1.9171368E+01 -1.2794834E-01
2.6764000E+02 2.7427000E+02 8.6700000E+00 2.3100000E+02 9 5.4728126E+01 2.7677042E-01 7.1344223E-01 -7.0926086E-02 1.2697053E-02 1.0474867E-02 1.0070917E-02 7.2367032E-04 8.9883845E-04 6.8965440E-03 1.3583648E-04 6.7183532E-03 1.3509143E-01 3.7884018E-02 6.9666990E-05 1.3946181E+00 1.9170815E+01 -1.2862699E-01
2.6764000E+02 2.7427000E+02 8.6700000E+00 2.3600000E+02 9 5.4723236E+01 2.7880779E-01 7.1840089E-01 -7.1497792E-02 1.2830222E-02 1.0508278E-02 1.0107036E-02 7.1881754E-04 9.0876071E-04 6.9632484E-03 1.3492559E-04 6.7766337E-03 1.3591880E-01 3.8280860E-02 6.9746533E-05 1.3942550E+00 1.9170118E+01 -1.2911844E-01
2.6764000E+02 2.7427000E+02 8.6700000E+00 2.4100000E+02 9 5.4719288E+01 2.8046432E-01 7.2245756E-01 -7.1964340E-02 1.2941199E-02 1.0540791E-02 1.0142171E-02 7.1411979E-04 9.1689627E-04 7.0183221E-03 1.3404380E-04 6.8248166E-03 1.3658697E-01 3.8611614E-02 6.9780777E-05 1.3940996E+00 1.9169383E+01 -1.2948503E-01
2.6764000E+02 2.7427000E+02 8.6700000E+00 2.4600000E+02 9 5.4716026E+01 2.8183961E-01 7.2584816E-01 -7.2353223E-02 1.3035207E-02 1.0572293E-02 1.0176214E-02 7.0956848E-04 9.2368476E-04 7.0644958E-03 1.3318949E-04 6.8653243E-03 1.3713945E-01 3.8891836E-02 6.9787778E-05 1.3940696E+00 1.9168665E+01 -1.2976629E-01
2.6764000E+02 2.7427000E+02 8.6700000E+00 2.5100000E+02 9 5.4713279E+01 2.8300284E-01 7.2873467E-01 -7.2683182E-02 1.3116041E-02 1.0602648E-02 1.0209033E-02 7.0515573E-04 9.2942745E-04 7.1037491E-03 1.3236120E-04 6.8999149E-03 1.3760555E-01 3.9132817E-02 6.9779522E-05 1.3941152E+00 1.9167991E+01 -1.2998765E-01
2.6764000E+02 2.7427000E+02 8.6700000E+00 2.5600000E+02 9 5.4710927E+01 2.8400240E-01 7.3122997E-01 -7.2967274E-02 1.3186450E-02 1.0631740E-02 1.0240514E-02 7.0087428E-04 9.3433957E-04 7.1375193E-03 1.3155755E-04 6.9298593E-03 1.3800539E-01 3.9342744E-02 6.9763715E-05 1.3942056E+00 1.9167372E+01 -1.3016585E-01
2.6764000E+02 2.7427000E+02 8.6700000E+00 2.6100000E+02 9 5.4708885E+01 2.8487268E-01 7.3341425E-01 -7.3214821E-02 1.3248436E-02 1.0659492E-02 1.0270587E-02 6.9671749E-04 9.3857322E-04 7.1668606E-03 1.3077730E-04 6.9560733E-03 1.3835312E-01 3.9527577E-02 6.9744912E-05 1.3943217E+00 1.9166811E+01 -1.3031219E-01
2.6764000E+02 2.7427000E+02 8.6700000E+00 2.6400000E+02 9 5.4703104E+01 2.9469363E-01 7.5378526E-01 -7.3351836E-02 1.4745944E-02 1.1551843E-02 1.1164305E-02 6.9426691E-04 1.0731452E-03 7.9314563E-03 1.3031731E-04 7.6728930E-03 1.3854799E-01 4.3994835E-02 7.6477369E-05 1.4303331E+00 1.9125746E+01 -1.2255538E-01
2.6764000E+02 2.7427000E+02 8.6700000E+00 2.6500000E+02 9 5.4698037E+01 3.0428326E-01 7.7363514E-01 -7.3396285E-02 1.6237002E-02 1.2468112E-02 1.2081028E-02 6.9345483E-04 1.2139682E-03 8.6928525E-03 1.3016488E-04 8.3890849E-03 1.3861279E-01 4.8443362E-02 8.2943171E-05 1.4692623E+00 1.9081924E+01 -1.1459738E-01
2.6764000E+02 2.7427000E+02 8.6700000E+00 2.7000000E+02 9 5.4705590E+01 2.8715770E-01 7.3884340E-01 -7.3549345E-02 1.3517222E-02 1.0854910E-02 1.0468531E-02 6.9219243E-04 9.3898051E-04 7.3009074E-03 1.2992792E-04 7.0822337E-03 1.3881738E-01 4.0329556E-02 7.1260537E-05 1.3991131E+00 1.9160072E+01 -1.2943257E-01
2.6764000E+02 2.7427000E+02 8.6700000E+00 2.7500000E+02 9 5.4702872E+01 2.9074093E-01 7.4651659E-01 -7.3694383E-02 1.4038271E-02 1.1178389E-02 1.0793392E-02 6.8971570E-04 9.9326759E-04 7.5655240E-03 1.2946303E-04 7.3308334E-03 1.3901973E-01 4.1884031E-02 7.3064627E-05 1.4111997E+00 1.9146494E+01 -1.2687601E-01
2.6764000E+02 2.7427000E+02 8.6700000E+00 2.8000000E+02 9 5.4700610E+01 2.9354111E-01 7.5262911E-01 -7.3829165E-02 1.4440925E-02 1.1452544E-02 1.1069046E-02 6.8703096E-04 1.0252110E-03 7.7689073E-03 1.2895909E-04 7.5231061E-03 1.3920871E-01 4.3085578E-02 7.4745677E-05 1.4206670E+00 1.9135495E+01 -1.2490381E-01
2.6764000E+02 2.7427000E+02 8.6700000E+00 2.8500000E+02 9 5.4698806E+01 2.9557167E-01 7.5723917E-01 -7.3952532E-02 1.4731472E-02 1.1676264E-02 1.1294204E-02 6.8445358E-04 1.0439354E-03 7.9146294E-03 1.2847530E-04 7.6621173E-03 1.3938165E-01 4.3952868E-02 7.5967724E-05 1.4276285E+00 1.9127299E+01 -1.2348018E-01
2.6764000E+02 2.7427000E+02 8.6700000E+00 2.8900000E+02 9 5.4695421E+01 3.0118194E-01 7.6921500E-01 -7.4044516E-02 1.5596432E-02 1.2255505E-02 1.1874563E-02 6.8245068E-04 1.1141127E-03 8.3543738E-03 1.2809935E-04 8.0775714E-03 1.3951183E-01 4.6533881E-02 7.9837789E-05 1.4496967E+00 1.9102025E+01 -1.1889922E-01
2.6764000E+02 2.7427000E+02 8.6700000E+00 2.9000000E+02 9 5.4688120E+01 3.1553897E-01 7.9919123E-01 -7.4067105E-02 1.7859344E-02 1.3695753E-02 1.3315089E-02 6.8195320E-04 1.3351751E-03 9.5091051E-03 1.2800597E-04 9.1667482E-03 1.3954692E-01 5.3286014E-02 8.9176642E-05 1.5124947E+00 1.9031862E+01 -1.0662781E-01
2.6764000E+02 2.7427000E+02 8.6700000E+00 2.9500000E+02 9 5.4754130E+01 2.8231157E-01 7.1782443E-01 -6.7167308E-02 1.4834665E-02 1.1880094E-02 1.1500792E-02 6.7951332E-04 1.0230870E-03 7.9611841E-03 1.2754799E-04 7.7115454E-03 1.2911636E-01 4.4261977E-02 7.6627601E-05 1.4777067E+00 1.9075518E+01 -1.0860779E-01
2.6764000E+02 2.7427000E+02 8.6700000E+00 3.0000000E+02 9 5.4822126E+01 2.6461849E-01 6.6696664E-01 -5.8907184E-02 1.4734473E-02 1.1998889E-02 1.1620930E-02 6.7710637E-04 1.0169100E-03 7.9030533E-03 1.2709620E-04 7.6682726E-03 1.1663825E-01 4.3965773E-02 7.5770375E-05 1.5425902E+00 1.9010075E+01 -9.1738682E-02
2.6764000E+02 2.7427000E+02 8.6700000E+00 3.0100000E+02 9 5.4827891E+01 2.7697785E-01 6.9137291E-01 -5.7242523E-02 1.7306073E-02 1.3911442E-02 1.3533751E-02 6.7662621E-04 1.2541390E-03 9.2070690E-03 1.2700607E-04 8.9164790E-03 1.1412833E-01 5.1643173E-02 8.6575701E-05 1.6565627E+00 1.8886617E+01 -7.3802920E-02
2.6764000E+02 2.7427000E+02 8.6700000E+00 3.0200000E+02 9 5.4841884E+01 2.7257247E-01 6.7951450E-01 -5.5595706E-02 1.7148482E-02 1.3895733E-02 1.3518310E-02 6.7614719E-04 1.2076981E-03 9.1241001E-03 1.2691615E-04 8.8429785E-03 1.1164120E-01 5.1173996E-02 8.6839243E-05 1.6697659E+00 1.8872391E+01 -7.1130609E-02
2.6764000E+02 2.7427000E+02 8.6700000E+00 3.0300000E+02 9 5.4856357E+01 2.6761851E-01 6.6662315E-01 -5.3919492E-02 1.6924180E-02 1.3849978E-02 1.3472737E-02 6.7582150E-04 1.1684942E-03 9.0067798E-03 1.2685502E-04 8.7379326E-03 1.0910959E-01 5.0505881E-02 8.6023978E-05 1.6814783E+00 1.8860822E+01 -6.8723904E-02
2.6764000E+02 2.7427000E+02 8.6700000E+00 3.0800000E+02 9 5.4921412E+01 2.3353322E-01 5.8383155E-01 -4.7213216E-02 1.3700764E-02 1.1860829E-02 1.1491932E-02 6.6087219E-04 8.8453036E-04 7.3495983E-03 1.2404896E-04 7.1770810E-03 9.9001484E-02 4.0888599E-02 7.0981873E-05 1.6258287E+00 1.8927815E+01 -7.2325890E-02
2.6764000E+02 2.7427000E+02 8.6700000E+00 3.1300000E+02 9 5.4965140E+01 2.1943297E-01 5.4691714E-01 -4.2096088E-02 1.3187855E-02 1.1843514E-02 1.1485108E-02 6.4207860E-04 8.2392338E-04 7.0663585E-03 1.2052131E-04 6.9272307E-03 9.1306160E-02 3.9362561E-02 6.8147378E-05 1.6685937E+00 1.8885811E+01 -6.4054680E-02
2.6764000E+02 2.7427000E+02 8.6700000E+00 3.1800000E+02 9 5.4997892E+01 2.0838096E-01 5.1861264E-01 -3.8300029E-02 1.2724508E-02 1.1847482E-02 1.1499303E-02 6.2375742E-04 7.5353843E-04 6.8095807E-03 1.1708234E-04 6.7004666E-03 8.5605060E-02 3.7983847E-02 6.6059508E-05 1.7010107E+00 1.8853485E+01 -5.8265978E-02
2.6764000E+02 2.7427000E+02 8.6700000E+00 3.2300000E+02 9 5.5022098E+01 1.9972368E-01 4.9706281E-01 -3.5530619E-02 1.2307595E-02 1.1859346E-02 1.1520360E-02 6.0728782E-04 6.9146457E-04 6.5789939E-03 1.1399091E-04 6.4958286E-03 8.1450514E-02 3.6742977E-02 6.4296594E-05 1.7237789E+00 1.8830640E+01 -5.4365986E-02
2.6764000E+02 2.7427000E+02 8.6700000E+00 3.2800000E+02 9 5.5039891E+01 1.9297155E-01 4.8073412E-01 -3.3523735E-02 1.1943299E-02 1.1873481E-02 1.1542581E-02 5.9280177E-04 6.4310501E-04 6.3781506E-03 1.1127181E-04 6.3160757E-03 7.8443434E-02 3.5658381E-02 6.2775203E-05 1.7389212E+00 1.8815383E+01 -5.1791012E-02
2.6764000E+02 2.7427000E+02 8.6700000E+00 3.2900000E+02 9 5.5037108E+01 2.0393327E-01 5.0612705E-01 -3.3150810E-02 1.3950273E-02 1.3751989E-02 1.3422662E-02 5.8998343E-04 7.2576262E-04 7.3857775E-03 1.1074279E-04 7.2986292E-03 7.7889785E-02 4.1653670E-02 7.1752932E-05 1.8810511E+00 1.8664282E+01 -3.9078134E-02
2.6764000E+02 2.7427000E+02 8.6700000E+00 3.3000000E+02 9 5.5040409E+01 2.0231225E-01 5.0235955E-01 -3.2804361E-02 1.3815209E-02 1.3711443E-02 1.3383646E-02 5.8724239E-04 7.0530949E-04 7.3146060E-03 1.1022828E-04 7.2320157E-03 7.7371483E-02 4.1250774E-02 7.1921946E-05 1.8797036E+00 1.8664806E+01 -3.9024617E-02
2.6764000E+02 2.7427000E+02 8.6700000E+00 3.3500000E+02 9 5.5027688E+01 1.9519387E-01 4.8373987E-01 -3.2131877E-02 1.1314351E-02 1.1760466E-02 1.1439428E-02 5.7513387E-04 5.7670677E-04 6.0409316E-03 1.0795546E-04 6.0054587E-03 8.1122423E-02 3.3783634E-02 6.0414179E-05 1.6548745E+00 1.8899782E+01 -6.1436523E-02
2.6764000E+02 2.7427000E+02 8.6700000E+00 3.4000000E+02 9 5.4999213E+01 2.0629928E-01 5.0549140E-01 -3.1890656E-02 1.1389627E-02 1.1772182E-02 1.1457179E-02 5.6432283E-04 6.1402305E-04 6.0751388E-03 1.0592617E-04 6.0300872E-03 8.6332147E-02 3.4007100E-02 6.0286078E-05 1.5851206E+00 1.8970062E+01 -7.1860032E-02
2.6764000E+02 2.7427000E+02 8.6700000E+00 3.4500000E+02 9 5.4972347E+01 2.1817202E-01 5.2834734E-01 -3.1797225E-02 1.1711423E-02 1.1799847E-02 1.1490283E-02 5.5457716E-04 6.7279040E-04 6.2395628E-03 1.0409686E-04 6.1697209E-03 9.1076886E-02 3.4964522E-02 6.1470322E-05 1.5382195E+00 1.9016956E+01 -8.0154708E-02
2.6764000E+02 2.7427000E+02 8.6700000E+00 3.5000000E+02 9 5.4950176E+01 2.2882952E-01 5.4853289E-01 -3.1745732E-02 1.2119867E-02 1.1827890E-02 1.1523269E-02 5.4572168E-04 7.3344073E-04 6.4499432E-03 1.0243464E-04 6.3503228E-03 9.4895827E-02 3.6179929E-02 6.3086819E-05 1.5080480E+00 1.9047001E+01 -8.6184874E-02
2.6764000E+02 2.7427000E+02 8.6700000E+00 3.5500000E+02 9 5.4933004E+01 2.3764679E-01 5.6499272E-01 -3.1697057E-02 1.2524947E-02 1.1851931E-02 1.1551832E-02 5.3762213E-04 7.8860559E-04 6.6588397E-03 1.0091432E-04 6.5301848E-03 9.7794696E-02 3.7385390E-02 6.4712557E-05 1.4888934E+00 1.9066026E+01 -9.0376691E-02
2.6764000E+02 2.7427000E+02 8.6700000E+00 3.6000000E+02 9 5.4920186E+01 2.4461046E-01 5.7781250E-01 -3.1639357E-02 1.2884309E-02 1.1871226E-02 1.1575285E-02 5.3017265E-04 8.3453341E-04 6.8439590E-03 9.9516013E-05 6.6896011E-03 9.9921217E-02 3.8454852E-02 6.6156541E-05 1.4767887E+00 1.9078030E+01 -9.3215309E-02
2.6764000E+02 2.7427000E+02 8.6700000E+00 3.6500000E+02 9 5.4910826E+01 2.4996217E-01 5.8753065E-01 -3.1572119E-02 1.3184348E-02 1.1886393E-02 1.1594296E-02 5.2328743E-04 8.7039445E-04 6.9981576E-03 9.8223624E-05 6.8221507E-03 1.0145058E-01 3.9347824E-02 6.7356338E-05 1.4691366E+00 1.9085611E+01 -9.5109889E-02
2.6764000E+02 2.7427000E+02 8.6700000E+00 3.7000000E+02 9 5.4904061E+01 2.5401882E-01 5.9479792E-01 -3.1498750E-02 1.3426532E-02 1.1898484E-02 1.1609955E-02 5.1689543E-04 8.9738335E-04 7.1222349E-03 9.7023814E-05 6.9283794E-03 1.0254078E-01 4.0068664E-02 6.8315553E-05 1.4642760E+00 1.9090426E+01 -9.6367845E-02
2.6764000E+02 2.7427000E+02 8.6700000E+00 3.7500000E+02 9 5.4899177E+01 2.5708357E-01 6.0021579E-01 -3.1423207E-02 1.3618774E-02 1.1908535E-02 1.1623332E-02 5.1093698E-04 9.1741558E-04 7.2203564E-03 9.5905384E-05 7.0118487E-03 1.0331818E-01 4.0640908E-02 6.9066091E-05 1.4611593E+00 1.9093514E+01 -9.7205501E-02
2.6764000E+02 2.7427000E+02 8.6700000E+00 3.8000000E+02 9 5.4895629E+01 2.5940984E-01 6.0427653E-01 -3.1348711E-02 1.3770620E-02 1.1917382E-02 1.1635291E-02 5.0536153E-04 9.3228664E-04 7.2975155E-03 9.4858845E-05 7.0769190E-03 1.0387703E-01 4.1092953E-02 6.9647462E-05 1.4591318E+00 1.9095525E+01 -9.7768918E-02
2.6764000E+02 2.7427000E+02 8.6700000E+00 3.8500000E+02 9 5.4893018E+01 2.6119490E-01 6.0735622E-01 -3.1277461E-02 1.3890952E-02 1.1925613E-02 1.1646444E-02 5.0012598E-04 9.4330801E-04 7.3583318E-03 9.3876107E-05 7.1276778E-03 1.0428467E-01 4.1451215E-02 7.0096944E-05 1.4577851E+00 1.9096864E+01 -9.8154251E-02
2.6764000E+02 2.7427000E+02 8.6700000E+00 3.9000000E+02 9 5.4891062E+01 2.6258501E-01 6.0973059E-01 -3.1210750E-02 1.3987149E-02 1.1933596E-02 1.1657181E-02 4.9519347E-04 9.5163495E-04 7.4066335E-03 9.2950250E-05 7.1675320E-03 1.0458791E-01 4.1737647E-02 7.0445834E-05 1.4568690E+00 1.9097778E+01 -9.8423554E-02
2.6764000E+02 2.7427000E+02 8.6700000E+00 3.9500000E+02 9 5.4889567E+01 2.6368613E-01 6.1159658E-01 -3.1149196E-02 1.4064972E-02 1.1941525E-02 1.1667712E-02 4.9053233E-04 9.5808094E-04 7.4454005E-03 9.2075331E-05 7.1991471E-03 1.0481874E-01 4.1969392E-02 7.0718821E-05 1.4562282E+00 1.9098419E+01 -9.8616755E-02
2.6764000E+02 2.7427000E+02 8.6700000E+00 4.0000000E+02 9 5.4888398E+01 2.6457428E-01 6.1309326E-01 -3.1092966E-02 1.4128790E-02 1.1949473E-02 1.1678125E-02 4.8611532E-04 9.6317151E-04 7.4768945E-03 9.1246236E-05 7.2245385E-03 1.0499890E-01 4.2159451E-02 7.0934708E-05 1.4557653E+00 1.9098885E+01 -9.8759520E-02
2.6764000E+02 2.7427000E+02 8.6700000E+00 4.0500000E+02 9 5.4887464E+01 2.6530369E-01 6.1431829E-01 -3.1041943E-02 1.4181863E-02 1.1957431E-02 1.1688425E-02 4.8191887E-04 9.6725157E-04 7.5028036E-03 9.0458543E-05 7.2452032E-03 1.0514311E-01 4.2317518E-02 7.1107543E-05 1.4554190E+00 1.9099236E+01 -9.8868413E-02
2.6764000E+02 2.7427000E+02 8.6700000E+00 4.1000000E+02 9 5.4886700E+01 2.6591302E-01 6.1534034E-01 -3.0995852E-02 1.4226598E-02 1.1965347E-02 1.1698572E-02 4.7792258E-04 9.7057448E-04 7.5243758E-03 8.9708419E-05 7.2622437E-03 1.0526142E-01 4.2450759E-02 7.1247718E-05 1.4551503E+00 1.9099511E+01 -9.8954218E-02
2.6764000E+02 2.7427000E+02 8.6700000E+00 4.1200000E+02 9 5.4879692E+01 2.7963650E-01 6.4378988E-01 -3.0978184E-02 1.6376028E-02 1.3311876E-02 1.3045977E-02 4.7635485E-04 1.1643952E-03 8.6227163E-03 8.9414149E-05 8.2936042E-03 1.0530876E-01 4.8864017E-02 8.0568074E-05 1.5232143E+00 1.9024238E+01 -8.7463157E-02
2.6764000E+02 2.7427000E+02 8.6700000E+00 4.1700000E+02 9 5.4886453E+01 2.6536413E-01 6.1401517E-01 -3.0938440E-02 1.4084436E-02 1.1879081E-02 1.1615271E-02 4.7261119E-04 9.4389516E-04 7.4492177E-03 8.8711445E-05 7.1888388E-03 1.0539762E-01 4.2026465E-02 7.0871344E-05 1.4491140E+00 1.9105828E+01 -1.0006262E-01
2.6764000E+02 2.7427000E+02 8.6700000E+00 4.2200000E+02 9 5.4885868E+01 2.6593910E-01 6.1503280E-01 -3.0902732E-02 1.4141168E-02 1.1890137E-02 1.1628326E-02 4.6902847E-04 9.5943304E-04 7.4770645E-03 8.8038951E-05 7.2120550E-03 1.0547742E-01 4.2195437E-02 7.0760836E-05 1.4497375E+00 1.9105468E+01 -9.9993293E-02
2.6764000E+02 2.7427000E+02 8.6700000E+00 4.2700000E+02 9 5.4885275E+01 2.6660957E-01 6.1622309E-01 -3.0870677E-02 1.4213636E-02 1.1912825E-02 1.1652932E-02 4.6559376E-04 9.6930372E-04 7.5130270E-03 8.7394238E-05 7.2429793E-03 1.0554766E-01 4.2411375E-02 7.0985841E-05 1.4508577E+00 1.9104285E+01 -9.9818981E-02
2.6764000E+02 2.7427000E+02 8.6700000E+00 4.2900000E+02 9 5.4878290E+01 2.8042811E-01 6.4483265E-01 -3.0858415E-02 1.6381855E-02 1.3261312E-02 1.3002173E-02 4.6424277E-04 1.1668169E-03 8.6215133E-03 8.7140650E-05 8.2830753E-03 1.0557800E-01 4.8880573E-02 8.0392019E-05 1.5190951E+00 1.9028803E+01 -8.8204231E-02
2.6764000E+02 2.7427000E+02 8.6700000E+00 4.3000000E+02 9 5.4876185E+01 2.8455631E-01 6.5339321E-01 -3.0852421E-02 1.7024167E-02 1.3685385E-02 1.3426620E-02 4.6357290E-04 1.2112417E-03 8.9491932E-03 8.7014913E-05 8.5916379E-03 1.0559232E-01 5.0797260E-02 8.3495496E-05 1.5409785E+00 1.9004275E+01 -8.4739743E-02
2.6764000E+02 2.7427000E+02 8.6700000E+00 4.3500000E+02 9 5.4883666E+01 2.6896533E-01 6.2102799E-01 -3.0838997E-02 1.4542151E-02 1.2125733E-02 1.1870594E-02 4.5707639E-04 9.7920077E-04 7.6763082E-03 8.5795487E-05 7.3934573E-03 1.0567121E-01 4.3391452E-02 7.2637504E-05 1.4591984E+00 1.9094743E+01 -9.8330866E-02
2.6764000E+02 2.7427000E+02 8.6700000E+00 4.3600000E+02 9 5.4874107E+01 2.8801903E-01 6.6074010E-01 -3.0836998E-02 1.7546656E-02 1.4036963E-02 1.3782653E-02 4.5559161E-04 1.2775098E-03 9.2108151E-03 8.5516787E-05 8.8372448E-03 1.0569368E-01 5.2356738E-02 8.4408733E-05 1.5589591E+00 1.8985964E+01 -8.2070778E-02
2.6764000E+02 2.7427000E+02 8.6700000E+00 4.3700000E+02 9 5.4876918E+01 2.8797720E-01 6.5920147E-01 -3.0155816E-02 1.7597184E-02 1.4075923E-02 1.3822590E-02 4.5384189E-04 1.2556223E-03 9.2357456E-03 8.5188355E-05 8.8599068E-03 1.0513907E-01 5.2507389E-02 8.5331928E-05 1.5615852E+00 1.8982359E+01 -8.1370550E-02
2.6764000E+02 2.7427000E+02 8.6700000E+00 4.3800000E+02 9 5.4883583E+01 2.8713802E-01 6.5449431E-01 -2.8652222E-02 1.7617508E-02 1.4100387E-02 1.3848146E-02 4.5188590E-04 1.2405054E-03 9.2448300E-03 8.4821206E-05 8.8682396E-03 1.0388946E-01 5.2568069E-02 8.5787173E-05 1.5651016E+00 1.8978310E+01 -8.0235881E-02
2.6764000E+02 2.7427000E+02 8.6700000E+00 4.4300000E+02 9 5.4952968E+01 2.6141584E-01 5.7482128E-01 -1.5134786E-02 1.5017780E-02 1.2472388E-02 1.2223220E-02 4.4637992E-04 9.9587458E-04 7.9119036E-03 8.3787706E-05 7.6147377E-03 9.2525652E-02 4.4811027E-02 7.5110779E-05 1.4977831E+00 1.9053584E+01 -8.4869559E-02
2.6764000E+02 2.7427000E+02 8.6700000E+00 4.4400000E+02 9 5.4957006E+01 2.7715600E-01 6.0259239E-01 -1.2296676E-02 1.7831657E-02 1.4360579E-02 1.4111940E-02 4.4543412E-04 1.2509206E-03 9.3465007E-03 8.3610175E-05 8.9707998E-03 9.0142890E-02 5.3208893E-02 8.6359375E-05 1.6129798E+00 1.8929127E+01 -6.7475911E-02
2.6764000E+02 2.7427000E+02 8.6700000E+00 4.4500000E+02 9 5.4970132E+01 2.7516673E-01 5.9279031E-01 -9.4001036E-03 1.7823730E-02 1.4382359E-02 1.4134156E-02 4.4465153E-04 1.2185432E-03 9.3415695E-03 8.3463280E-05 8.9668153E-03 8.7705249E-02 5.3185343E-02 8.7143422E-05 1.6200148E+00 1.8920995E+01 -6.5480538E-02
2.6764000E+02 2.7427000E+02 8.6700000E+00 4.5000000E+02 9 5.5031893E+01 2.5193682E-01 5.2138818E-01 2.5687103E-03 1.5464631E-02 1.2916182E-02 1.2668688E-02 4.4338089E-04 9.9932945E-04 8.1341891E-03 8.3224774E-05 7.8323072E-03 7.7611840E-02 4.6146054E-02 7.7431984E-05 1.5497043E+00 1.8998653E+01 -6.9814647E-02
2.6764000E+02 2.7427000E+02 8.6700000E+00 4.5300000E+02 9 5.5057190E+01 2.5645787E-01 5.1887676E-01 9.1395855E-03 1.6923686E-02 1.4042159E-02 1.3794988E-02 4.4280238E-04 1.0779853E-03 8.8741922E-03 8.3116184E-05 8.5399803E-03 7.2074981E-02 5.0502095E-02 8.3620006E-05 1.6338222E+00 1.8908664E+01 -5.7007460E-02
2.6764000E+02 2.7427000E+02 8.6700000E+00 4.5400000E+02 9 5.5062999E+01 2.6268081E-01 5.2838425E-01 1.1264923E-02 1.8156619E-02 1.5022824E-02 1.4775758E-02 4.4261440E-04 1.1164998E-03 9.4989985E-03 8.3080900E-05 9.1391181E-03 7.0285698E-02 5.4183447E-02 8.8832484E-05 1.7086673E+00 1.8828704E+01 -4.8547303E-02
2.6764000E+02 2.7427000E+02 8.6700000E+00 4.5900000E+02 9 5.5117773E+01 2.3737192E-01 4.5629939E-01 2.1325713E-02 1.5261057E-02 1.3170598E-02 1.2924176E-02 4.4146172E-04 8.9589364E-04 8.0191231E-03 8.2864537E-05 7.7446522E-03 6.1805339E-02 4.5542456E-02 7.6756383E-05 1.5906569E+00 1.8956298E+01 -5.7168013E-02
2.6764000E+02 2.7427000E+02 8.6700000E+00 4.6400000E+02 9 5.5154585E+01 2.2990769E-01 4.2644629E-01 2.9223647E-02 1.4983635E-02 1.3196773E-02 1.2950450E-02 4.4128241E-04 8.4361386E-04 7.8726218E-03 8.2830878E-05 7.6166340E-03 5.5150674E-02 4.4716503E-02 7.5264846E-05 1.6024096E+00 1.8944823E+01 -5.2800364E-02
2.6764000E+02 2.7427000E+02 8.6700000E+00 4.6900000E+02 9 5.5182720E+01 2.2406300E-01 4.0352114E-01 3.5247173E-02 1.4754023E-02 1.3239004E-02 1.2992665E-02 4.4131259E-04 7.9450806E-04 7.7513310E-03 8.2836543E-05 7.5109379E-03 5.0078702E-02 4.4032833E-02 7.4258038E-05 1.6117290E+00 1.8935360E+01 -4.9516533E-02
2.6764000E+02 2.7427000E+02 8.6700000E+00 4.7400000E+02 9 5.5204110E+01 2.1938813E-01 3.8581765E-01 3.9804181E-02 1.4546496E-02 1.3280674E-02 1.3034380E-02 4.4123086E-04 7.5202396E-04 7.6414076E-03 8.2821202E-05 7.4154728E-03 4.6246705E-02 4.3414759E-02 7.3419690E-05 1.6180023E+00 1.8928852E+01 -4.7166292E-02
2.6764000E+02 2.7427000E+02 8.6700000E+00 4.7900000E+02 9 5.5220372E+01 2.1562038E-01 3.7208980E-01 4.3248342E-02 1.4357814E-02 1.3316144E-02 1.3069988E-02 4.4098436E-04 7.1679361E-04 7.5410364E-03 8.2774933E-05 7.3287727E-03 4.3355949E-02 4.2852631E-02 7.2678009E-05 1.6216784E+00 1.8924940E+01 -4.5525105E-02
2.6764000E+02 2.7427000E+02 8.6700000E+00 4.8100000E+02 9 5.5220908E+01 2.2476482E-01 3.9022083E-01 4.4468952E-02 1.6002871E-02 1.4665165E-02 1.4419079E-02 4.4085898E-04 7.6454630E-04 8.3745108E-03 8.2751398E-05 8.1283881E-03 4.2336131E-02 4.7764222E-02 8.0004120E-05 1.7381886E+00 1.8801143E+01 -3.5324283E-02
2.6764000E+02 2.7427000E+02 8.6700000E+00 4.8200000E+02 9 5.5222179E+01 2.2701422E-01 3.9447715E-01 4.5042510E-02 1.6449929E-02 1.5094885E-02 1.4848838E-02 4.4078964E-04 7.6746113E-04 8.5996706E-03 8.2738384E-05 8.3471534E-03 4.1856813E-02 4.9099326E-02 8.2304967E-05 1.7789535E+00 1.8757678E+01 -3.2270575E-02
2.6764000E+02 2.7427000E+02 8.6700000E+00 4.8700000E+02 9 5.5241303E+01 2.0793927E-01 3.4938659E-01 4.7355336E-02 1.3642946E-02 1.3079147E-02 1.2833653E-02 4.3979807E-04 6.5055261E-04 7.1687325E-03 8.2552260E-05 6.9905100E-03 3.9922087E-02 4.0719979E-02 6.9991163E-05 1.5991683E+00 1.8948293E+01 -4.6148871E-02
2.6764000E+02 2.7427000E+02 8.6700000E+00 4.9200000E+02 9 5.5249969E+01 2.0529750E-01 3.4071442E-01 4.9127279E-02 1.3427442E-02 1.2976774E-02 1.2731764E-02 4.3893065E-04 6.3915730E-04 7.0562018E-03 8.2389441E-05 6.8879678E-03 3.8447684E-02 4.0076778E-02 6.8614496E-05 1.5935646E+00 1.8954801E+01 -4.6043284E-02
2.6764000E+02 2.7427000E+02 8.6700000E+00 4.9700000E+02 9 5.5256513E+01 2.0359872E-01 3.3460199E-01 5.0505220E-02 1.3308803E-02 1.2912216E-02 1.2667721E-02 4.3800869E-04 6.3310710E-04 6.9943588E-03 8.2216385E-05 6.8306753E-03 3.7306016E-02 3.9722472E-02 6.8000384E-05 1.5914772E+00 1.8957154E+01 -4.5740937E-02
2.6764000E+02 2.7427000E+02 8.6700000E+00 5.0200000E+02 9 5.5261632E+01 2.0237126E-01 3.2995266E-01 5.1599364E-02 1.3229314E-02 1.2865629E-02 1.2621703E-02 4.3698866E-04 6.2736791E-04 6.9530743E-03 8.2024921E-05 6.7915343E-03 3.6404050E-02 3.9485011E-02 6.7653991E-05 1.5904088E+00 1.8958282E+01 -4.5442335E-02
2.6764000E+02 2.7427000E+02 8.6700000E+00 5.0500000E+02 9 5.5260813E+01 2.0873882E-01 3.4278149E-01 5.2172416E-02 1.4331602E-02 1.3695768E-02 1.3452201E-02 4.3634570E-04 6.6935106E-04 7.5135166E-03 8.1904233E-05 7.3241492E-03 3.5935783E-02 4.2775229E-02 7.2740379E-05 1.6607944E+00 1.8883125E+01 -3.8937326E-02
2.6764000E+02 2.7427000E+02 8.6700000E+00 5.0600000E+02 9 5.5258295E+01 2.1529279E-01 3.5685418E-01 5.2354800E-02 1.5420297E-02 1.4567612E-02 1.4324167E-02 4.3612817E-04 6.9399502E-04 8.0657877E-03 8.1863403E-05 7.8524252E-03 3.5788526E-02 4.6025632E-02 7.7545079E-05 1.7423905E+00 1.8796813E+01 -3.2674025E-02
2.6764000E+02 2.7427000E+02 8.6700000E+00 5.1100000E+02 9 5.5270239E+01 1.9782560E-01 3.1763036E-01 5.3146985E-02 1.2676339E-02 1.2527836E-02 1.2285085E-02 4.3488306E-04 5.9150560E-04 6.6695710E-03 8.1629690E-05 6.5231557E-03 3.5137232E-02 3.7834217E-02 6.5592647E-05 1.5649104E+00 1.8984896E+01 -4.7380219E-02
2.6764000E+02 2.7427000E+02 8.6700000E+00 5.1600000E+02 9 5.5273388E+01 1.9687882E-01 3.1409967E-01 5.3802972E-02 1.2581373E-02 1.2402502E-02 1.2160219E-02 4.3404570E-04 5.9792895E-04 6.6225111E-03 8.1472512E-05 6.4745207E-03 3.4602117E-02 3.7550225E-02 6.4750342E-05 1.5605849E+00 1.8990066E+01 -4.7589234E-02
2.6764000E+02 2.7427000E+02 8.6700000E+00 5.2100000E+02 9 5.5275843E+01 1.9646215E-01 3.1181631E-01 5.4355432E-02 1.2554676E-02 1.2320461E-02 1.2078615E-02 4.3326242E-04 6.0242446E-04 6.6108382E-03 8.1325488E-05 6.4583224E-03 3.4153521E-02 3.7469998E-02 6.4535520E-05 1.5594067E+00 1.8991494E+01 -4.7508677E-02
2.6764000E+02 2.7427000E+02 8.6700000E+00 5.2600000E+02 9 5.5277890E+01 1.9620776E-01 3.1004927E-01 5.4829252E-02 1.2545220E-02 1.2259861E-02 1.2018488E-02 4.3241515E-04 6.0378948E-04 6.6078517E-03 8.1166450E-05 6.4505245E-03 3.3771134E-02 3.7441365E-02 6.4485184E-05 1.5590062E+00 1.8991963E+01 -4.7373030E-02
2.6764000E+02 2.7427000E+02 8.6700000E+00 5.3100000E+02 9 5.5279658E+01 1.9599551E-01 3.0853750E-01 5.5241304E-02 1.2537625E-02 1.2210992E-02 1.1970132E-02 4.3149738E-04 6.0321597E-04 6.6055366E-03 8.0994181E-05 6.4438606E-03 3.3440753E-02 3.7418403E-02 6.4465145E-05 1.5586803E+00 1.8992300E+01 -4.7250829E-02
2.6764000E+02 2.7427000E+02 8.6700000E+00 5.3600000E+02 9 5.5281214E+01 1.9579345E-01 3.0718543E-01 5.5603637E-02 1.2528207E-02 1.2168915E-02 1.1928599E-02 4.3052270E-04 6.0162394E-04 6.6020112E-03 8.0811229E-05 6.4365570E-03 3.3152136E-02 3.7390079E-02 6.4437578E-05 1.5582486E+00 1.8992730E+01 -4.7157412E-02
2.6764000E+02 2.7427000E+02 8.6700000E+00 5.4100000E+02 9 5.5282596E+01 1.9559809E-01 3.0595756E-01 5.5925137E-02 1.2516992E-02 1.2131080E-02 1.1891332E-02 4.2950584E-04 5.9960241E-04 6.5973353E-03 8.0620359E-05 6.4285845E-03 3.2897714E-02 3.7356438E-02 6.4396629E-05 1.5577033E+00 1.8993274E+01 -4.7090919E-02
2.6764000E+02 2.7427000E+02 8.6700000E+00 5.4600000E+02 9 5.5283833E+01 1.9541217E-01 3.0483875E-01 5.6212536E-02 1.2504867E-02 1.2096215E-02 1.1857050E-02 4.2845924E-04 5.9772782E-04 6.5920143E-03 8.0423907E-05 6.4203239E-03 3.2671754E-02 3.7320105E-02 6.4345785E-05 1.5570888E+00 1.8993891E+01 -4.7045006E-02
2.6764000E+02 2.7427000E+02 8.6700000E+00 5.5100000E+02 9 5.5284944E+01 1.9523980E-01 3.0382012E-01 5.6471063E-02 1.2492690E-02 1.2063691E-02 1.1825122E-02 4.2739264E-04 5.9604076E-04 6.5865320E-03 8.0223701E-05 6.4121505E-03 3.2469811E-02 3.7283627E-02 6.4289995E-05 1.5564427E+00 1.8994543E+01 -4.7013758E-02
2.6764000E+02 2.7427000E+02 8.6700000E+00 5.5600000E+02 9 5.5285944E+01 1.9508306E-01 3.0289361E-01 5.6704865E-02 1.2481022E-02 1.2033182E-02 1.1795215E-02 4.2631345E-04 5.9456938E-04 6.5812094E-03 8.0021131E-05 6.4043090E-03 3.2288367E-02 3.7248678E-02 6.4233105E-05 1.5557936E+00 1.8995199E+01 -4.6992632E-02
2.6764000E+02 2.7427000E+02 8.6700000E+00 5.6100000E+02 9 5.5286849E+01 1.9494237E-01 3.0205102E-01 5.6917297E-02 1.2470164E-02 1.2004483E-02 1.1767123E-02 4.2522726E-04 5.9332048E-04 6.5762228E-03 7.9817248E-05 6.3969262E-03 3.2124586E-02 3.7216148E-02 6.4177547E-05 1.5551594E+00 1.8995841E+01 -4.6978491E-02
2.6764000E+02 2.7427000E+02 8.6700000E+00 5.6600000E+02 9 5.5287670E+01 1.9481735E-01 3.0128419E-01 5.7111110E-02 1.2460236E-02 1.1977438E-02 1.1740686E-02 4.2413828E-04 5.9221330E-04 6.5716506E-03 7.9612842E-05 6.3900498E-03 3.1976147E-02 3.7186397E-02 6.4124629E-05 1.5545477E+00 1.8996461E+01 -4.6969334E-02
2.6764000E+02 2.7427000E+02 8.6700000E+00 5.7100000E+02 9 5.5288417E+01 1.9470689E-01 3.0058539E-01 5.7288596E-02 1.2451258E-02 1.1951904E-02 1.1715759E-02 4.2304972E-04 5.9125738E-04 6.5675142E-03 7.9408514E-05 6.3836820E-03 3.1841120E-02 3.7159483E-02 6.4074927E-05 1.5539635E+00 1.8997053E+01 -4.6963780E-02
2.6764000E+02 2.7427000E+02 8.6700000E+00 5.7600000E+02 9 5.5289098E+01 1.9460952E-01 2.9994729E-01 5.7451686E-02 1.2443183E-02 1.1927746E-02 1.1692207E-02 4.2196403E-04 5.9046304E-04 6.5637957E-03 7.9204723E-05 6.3777982E-03 3.1717886E-02 3.7135269E-02 6.4028557E-05 1.5534084E+00 1.8997615E+01 -4.6960955E-02
2.6764000E+02 2.7427000E+02 8.6700000E+00 5.8100000E+02 9 5.5289721E+01 1.9452409E-01 2.9936328E-01 5.7602018E-02 1.2435940E-02 1.1904836E-02 1.1669900E-02 4.2088306E-04 5.8973610E-04 6.5604622E-03 7.9001820E-05 6.3723632E-03 3.1605073E-02 3.7113541E-02 6.3985432E-05 1.5528793E+00 1.8998150E+01 -4.6960379E-02
2.6764000E+02 2.7427000E+02 8.6700000E+00 5.8200000E+02 9 5.5282168E+01 2.0990610E-01 3.3220098E-01 5.7631587E-02 1.4912413E-02 1.3681695E-02 1.3446881E-02 4.2066707E-04 6.8929643E-04 7.8223446E-03 7.8961278E-05 7.5680348E-03 3.1587614E-02 4.4505732E-02 7.4424772E-05 1.7121601E+00 1.8829765E+01 -3.3344991E-02
2.6764000E+02 2.7427000E+02 8.6700000E+00 5.8700000E+02 9 5.5290630E+01 1.9400771E-01 2.9795258E-01 5.7783423E-02 1.2366713E-02 1.1855966E-02 1.1623243E-02 4.1691968E-04 5.8361451E-04 6.5234006E-03 7.8257874E-05 6.3350906E-03 3.1486862E-02 3.6906833E-02 6.3752271E-05 1.5490778E+00 1.9002048E+01 -4.7285312E-02
2.6764000E+02 2.7427000E+02 8.6700000E+00 5.9200000E+02 9 5.5290985E+01 1.9436505E-01 2.9820266E-01 5.7940654E-02 1.2418703E-02 1.1855689E-02 1.1625820E-02 4.1180679E-04 5.9006200E-04 6.5478355E-03 7.7298161E-05 6.3549629E-03 3.1395560E-02 3.7061871E-02 6.3617597E-05 1.5510594E+00 1.9000347E+01 -4.7043899E-02
2.6764000E+02 2.7427000E+02 8.6700000E+00 5.9700000E+02 9 5.5291301E+01 1.9474641E-01 2.9849006E-01 5.8092255E-02 1.2471289E-02 1.1856376E-02 1.1629483E-02 4.0647428E-04 5.9398763E-04 6.5726202E-03 7.6297222E-05 6.3747528E-03 3.1310510E-02 3.7218658E-02 6.3755591E-05 1.5529912E+00 1.8998390E+01 -4.6807024E-02
2.6764000E+02 2.7427000E+02 8.6700000E+00 6.0200000E+02 9 5.5291626E+01 1.9503571E-01 2.9863686E-01 5.8233485E-02 1.2510227E-02 1.1854804E-02 1.1630728E-02 4.0142882E-04 5.9539549E-04 6.5905241E-03 7.5350164E-05 6.3883125E-03 3.1231972E-02 3.7334766E-02 6.3895084E-05 1.5542959E+00 1.8997019E+01 -4.6634630E-02
2.6764000E+02 2.7427000E+02 8.6700000E+00 6.0700000E+02 9 5.5291961E+01 1.9523136E-01 2.9864813E-01 5.8363670E-02 1.2536095E-02 1.1850980E-02 1.1629487E-02 3.9680009E-04 5.9567586E-04 6.6018811E-03 7.4481329E-05 6.3960582E-03 3.1159572E-02 3.7411905E-02 6.3991251E-05 1.5550388E+00 1.8996220E+01 -4.6521707E-02
2.6764000E+02 2.7427000E+02 8.6700000E+00 6.1200000E+02 9 5.5292297E+01 1.9535754E-01 2.9856279E-01 5.8483581E-02 1.2552308E-02 1.1845247E-02 1.1626111E-02 3.9257728E-04 5.9529215E-04 6.6084449E-03 7.3688687E-05 6.3995983E-03 3.1092744E-02 3.7460246E-02 6.4046909E-05 1.5553690E+00 1.8995852E+01 -4.6453060E-02
2.6764000E+02 2.7427000E+02 8.6700000E+00 6.1700000E+02 9 5.5292626E+01 1.9543654E-01 2.9841753E-01 5.8594334E-02 1.2562082E-02 1.1837977E-02 1.1620999E-02 3.8871161E-04 5.9497587E-04 6.6118574E-03 7.2963082E-05 6.4004071E-03 3.1030906E-02 3.7489374E-02 6.4073748E-05 1.5554349E+00 1.8995765E+01 -4.6414241E-02
2.6764000E+02 2.7427000E+02 8.6700000E+00 6.2200000E+02 9 5.5292942E+01 1.9548726E-01 2.9823991E-01 5.8697015E-02 1.2567848E-02 1.1829547E-02 1.1614556E-02 3.8515183E-04 5.9456785E-04 6.6133556E-03 7.2294893E-05 6.3995834E-03 3.0973522E-02 3.7506538E-02 6.4082529E-05 1.5553310E+00 1.8995857E+01 -4.6394897E-02
2.6764000E+02 2.7427000E+02 8.6700000E+00 6.2700000E+02 9 5.5293243E+01 1.9552124E-01 2.9804806E-01 5.8792579E-02 1.2571226E-02 1.1820306E-02 1.1607156E-02 3.8185348E-04 5.9426086E-04 6.6137607E-03 7.1675776E-05 6.3978498E-03 3.0920120E-02 3.7516570E-02 6.4080904E-05 1.5551303E+00 1.8996054E+01 -4.6387619E-02
2.6764000E+02 2.7427000E+02 8.6700000E+00 6.3200000E+02 9 5.5293527E+01 1.9554597E-01 2.9785301E-01 5.8881840E-02 1.2573232E-02 1.1810544E-02 1.1599110E-02 3.7877967E-04 5.9404105E-04 6.6135828E-03 7.1098808E-05 6.3956507E-03 3.0870287E-02 3.7522499E-02 6.4073715E-05 1.5548758E+00 1.8996309E+01 -4.6387743E-02
2.6764000E+02 2.7427000E+02 8.6700000E+00 6.3700000E+02 9 5.5293794E+01 1.9556578E-01 2.9766098E-01 5.8965493E-02 1.2574468E-02 1.1800481E-02 1.1590655E-02 3.7589996E-04 5.9389776E-04 6.6131201E-03 7.0558272E-05 6.3932432E-03 3.0823667E-02 3.7526123E-02 6.4063793E-05 1.5545939E+00 1.8996593E+01 -4.6392388E-02
2.6764000E+02 2.7427000E+02 8.6700000E+00 6.4200000E+02 9 5.5294046E+01 1.9558311E-01 2.9747520E-01 5.9044131E-02 1.2575282E-02 1.1790273E-02 1.1581960E-02 3.7318903E-04 5.9382662E-04 6.6125390E-03 7.0049416E-05 6.3907709E-03 3.0779949E-02 3.7528483E-02 6.4052696E-05 1.5543000E+00 1.8996891E+01 -4.6399812E-02
2.6764000E+02 2.7427000E+02 8.6700000E+00 6.4700000E+02 9 5.5294283E+01 1.9559935E-01 2.9729712E-01 5.9118266E-02 1.2575869E-02 1.1780021E-02 1.1573139E-02 3.7062568E-04 5.9380393E-04 6.6119278E-03 6.9568263E-05 6.3883104E-03 3.0738863E-02 3.7530162E-02 6.4041230E-05 1.5540022E+00 1.8997193E+01 -4.6409008E-02
2.6764000E+02 2.7427000E+02 8.6700000E+00 6.5000000E+02 9 5.5290791E+01 2.0288919E-01 3.1272861E-01 5.9161225E-02 1.3748124E-02 1.2599059E-02 1.2393009E-02 3.6913670E-04 6.4347920E-04 7.2098848E-03 6.9288773E-05 6.9514579E-03 3.0717592E-02 4.1028829E-02 6.9372611E-05 1.6226493E+00 1.8923883E+01 -4.0008666E-02
