x y z_datum Time Well_no H2O H O Charge Al C Ca Cl Fe K Mg Na S Si U pH pe Alkalinity
2.6764000E+02 2.7427000E+02 8.6700000E+00 0.0000000E+00 9 9.9704301E-01 7.2098600E-06 6.6484776E-04 -3.2324431E-06 0.0000000E+00 1.0067647E-04 6.3262499E-05 4.3211171E-04 0.0000000E+00 2.8240956E-04 5.5605062E-05 2.2967748E-04 1.4127542E-04 0.0000000E+00 0.0000000E+00 7.0300000E+00 1.1068788E+01 7.1999443E-03
2.6764000E+02 2.7427000E+02 8.6700000E+00 5.0000000E+00 9 5.5323625E+01 2.3190473E-02 6.9516869E-02 -2.9598600E-03 0.0000000E+00 6.9073557E-03 1.3007893E-03 1.0044069E-02 0.0000000E+00 5.9523459E-03 1.8853212E-03 8.2328435E-03 1.2426516E-02 0.0000000E+00 0.0000000E+00 2.1617452E+00 1.8252768E+01 -1.1416297E-02
2.6764000E+02 2.7427000E+02 8.6700000E+00 1.0000000E+01 9 5.5303593E+01 3.9405125E-02 1.1409268E-01 -2.6656635E-03 1.1297537E-03 7.2666549E-03 2.9518935E-03 7.7298222E-03 4.5667065E-05 5.1408092E-03 1.4509256E-03 6.8992884E-03 2.1087544E-02 3.3779182E-03 5.2575105E-06 1.8955667E+00 1.8586603E+01 -2.3031769E-02
2.6764000E+02 2.7427000E+02 8.6700000E+00 1.5000000E+01 9 5.5283898E+01 6.0531345E-02 1.5634753E-01 -2.4402334E-03 2.4507176E-03 7.5669403E-03 4.2420334E-03 5.9565145E-03 1.0994086E-04 4.7524459E-03 1.1180671E-03 6.0955164E-03 2.7725275E-02 7.3235525E-03 1.2076432E-05 1.8036930E+00 1.8708547E+01 -3.0032626E-02
2.6764000E+02 2.7427000E+02 8.6700000E+00 2.0000000E+01 9 5.5268749E+01 7.7722847E-02 1.8956540E-01 -2.2783990E-03 3.6150391E-03 7.8256422E-03 5.2113439E-03 4.6834713E-03 1.6826822E-04 4.5835532E-03 8.7911060E-04 5.6228664E-03 3.2491037E-02 1.0800597E-02 1.8518504E-05 1.7638398E+00 1.8764442E+01 -3.4095361E-02
2.6764000E+02 2.7427000E+02 8.6700000E+00 2.5000000E+01 9 5.5257463E+01 9.0968740E-02 2.1476894E-01 -2.1632112E-03 4.5582355E-03 8.0552105E-03 5.9466971E-03 3.7773662E-03 2.1352505E-04 4.5215512E-03 7.0903022E-04 5.3418345E-03 3.5883526E-02 1.3617088E-02 2.4008479E-05 1.7454936E+00 1.8792108E+01 -3.6433586E-02
2.6764000E+02 2.7427000E+02 8.6700000E+00 3.0000000E+01 9 5.5249120E+01 1.0095709E-01 2.3367192E-01 -2.0804712E-03 5.2915316E-03 8.2589102E-03 6.5137051E-03 3.1265054E-03 2.4639187E-04 4.5053908E-03 5.8686043E-04 5.1669443E-03 3.8320662E-02 1.5806693E-02 2.8465725E-05 1.7367821E+00 1.8806524E+01 -3.7811330E-02
2.6764000E+02 2.7427000E+02 8.6700000E+00 3.5000000E+01 9 5.5242952E+01 1.0841621E-01 2.4785177E-01 -2.0202090E-03 5.8540393E-03 8.4385223E-03 6.9579260E-03 2.6524632E-03 2.6988695E-04 4.5078284E-03 4.9788039E-04 5.0535767E-03 4.0095901E-02 1.7486315E-02 3.2004837E-05 1.7327693E+00 1.8814176E+01 -3.8638521E-02
2.6764000E+02 2.7427000E+02 8.6700000E+00 4.0000000E+01 9 5.5238350E+01 1.1401340E-01 2.5856355E-01 -1.9756536E-03 6.2840405E-03 8.5962826E-03 7.3113271E-03 2.3019761E-03 2.8665203E-04 4.5165498E-03 4.3209223E-04 4.9768538E-03 4.1408577E-02 1.8770298E-02 3.4781110E-05 1.7311214E+00 1.8818218E+01 -3.9144044E-02
2.6764000E+02 2.7427000E+02 8.6700000E+00 4.5000000E+01 9 5.5234884E+01 1.1823767E-01 2.6672678E-01 -1.9421936E-03 6.6131060E-03 8.7347964E-03 7.5967626E-03 2.0387683E-03 2.9872518E-04 4.5261238E-03 3.8268684E-04 4.9223262E-03 4.2394467E-02 1.9752914E-02 3.6944708E-05 1.7306584E+00 1.8820298E+01 -3.9459357E-02
2.6764000E+02 2.7427000E+02 8.6700000E+00 5.0000000E+01 9 5.5232245E+01 1.2144897E-01 2.7301332E-01 -1.9166585E-03 6.8661140E-03 8.8566949E-03 7.8307849E-03 1.8379005E-03 3.0750232E-04 4.5343177E-03 3.4498296E-04 4.8817055E-03 4.3146923E-02 2.0508440E-02 3.8627480E-05 1.7307728E+00 1.8821303E+01 -3.9660427E-02
2.6764000E+02 2.7427000E+02 8.6700000E+00 5.5000000E+01 9 5.5230210E+01 1.2391578E-01 2.7791483E-01 -1.8968491E-03 7.0621253E-03 8.9644043E-03 8.0254766E-03 1.6820732E-03 3.1396019E-04 4.5404896E-03 3.1573341E-04 4.8501255E-03 4.3730709E-02 2.1093785E-02 3.9938368E-05 1.7311537E+00 1.8821715E+01 -3.9791494E-02
2.6764000E+02 2.7427000E+02 8.6700000E+00 6.0000000E+01 9 5.5228620E+01 1.2583194E-01 2.8178668E-01 -1.8812273E-03 7.2153518E-03 9.0600401E-03 8.1897071E-03 1.5591868E-03 3.1888902E-04 4.5446192E-03 2.9266703E-04 4.8246271E-03 4.4191126E-02 2.1551379E-02 4.0963869E-05 1.7316414E+00 1.8821802E+01 -3.9879019E-02
2.6764000E+02 2.7427000E+02 8.6700000E+00 6.5000000E+01 9 5.5227360E+01 1.2733858E-01 2.8488659E-01 -1.8687078E-03 7.3363553E-03 9.1453848E-03 8.3300243E-03 1.4607045E-03 3.2263375E-04 4.5469684E-03 2.7418141E-04 4.8033775E-03 4.4560138E-02 2.1912753E-02 4.1771181E-05 1.7321494E+00 1.8821718E+01 -3.9939152E-02
2.6764000E+02 2.7427000E+02 8.6700000E+00 6.6000000E+01 9 5.5221363E+01 1.3917611E-01 3.1361974E-01 -1.8663201E-03 9.4067721E-03 1.1128232E-02 1.0323356E-02 1.4419211E-03 4.1016535E-04 5.5741902E-03 2.7065569E-04 5.8066965E-03 4.4635597E-02 2.8097307E-02 5.1410800E-05 1.9106789E+00 1.8634178E+01 -2.7686962E-02
2.6764000E+02 2.7427000E+02 8.6700000E+00 6.7000000E+01 9 5.5221453E+01 1.3881027E-01 3.1284966E-01 -1.8640410E-03 9.3281050E-03 1.1078667E-02 1.0283799E-02 1.4239926E-03 3.9980908E-04 5.5238703E-03 2.6729041E-04 5.7534556E-03 4.4703277E-02 2.7862159E-02 5.1941935E-05 1.9010288E+00 1.8643116E+01 -2.8244192E-02
2.6764000E+02 2.7427000E+02 8.6700000E+00 7.2000000E+01 9 5.5222431E+01 1.2873898E-01 2.8821881E-01 -1.8135512E-03 7.2017664E-03 9.0738826E-03 8.3200364E-03 1.3505028E-03 3.0794228E-04 4.4126749E-03 2.5349602E-04 4.6483806E-03 4.5687656E-02 2.1510856E-02 4.1750468E-05 1.7006172E+00 1.8963383E+01 -4.2927116E-02
2.6764000E+02 2.7427000E+02 8.6700000E+00 7.7000000E+01 9 5.5216645E+01 1.3205167E-01 2.9529405E-01 -1.7628554E-03 7.4030432E-03 9.1625171E-03 8.4427851E-03 1.2893876E-03 3.3511985E-04 4.4795285E-03 2.4202440E-04 4.6948244E-03 4.6667297E-02 2.2111350E-02 4.7809783E-05 1.6932263E+00 1.9024327E+01 -4.3906593E-02
2.6764000E+02 2.7427000E+02 8.6700000E+00 8.2000000E+01 9 5.5211943E+01 1.3499250E-01 3.0151464E-01 -1.7229048E-03 7.6091315E-03 9.2617280E-03 8.5707483E-03 1.2378785E-03 3.5597841E-04 4.5547020E-03 2.3235588E-04 4.7512751E-03 4.7448026E-02 2.2726175E-02 5.5734869E-05 1.6901132E+00 1.9055284E+01 -4.4439855E-02
2.6764000E+02 2.7427000E+02 8.6700000E+00 8.7000000E+01 9 5.5208427E+01 1.3729291E-01 3.0638136E-01 -1.6932100E-03 7.7778445E-03 9.3500512E-03 8.6836075E-03 1.1939226E-03 3.7091534E-04 4.6151931E-03 2.2410515E-04 4.7960221E-03 4.8039307E-02 2.3229517E-02 6.3204035E-05 1.6886390E+00 1.9072681E+01 -4.4762235E-02
2.6764000E+02 2.7427000E+02 8.6700000E+00 9.1000000E+01 9 5.5204903E+01 1.4144459E-01 3.1590586E-01 -1.6746758E-03 8.3571040E-03 9.8373008E-03 9.1882500E-03 1.1627634E-03 4.0423912E-04 4.8893428E-03 2.1825642E-04 5.0530246E-03 4.8418878E-02 2.4959088E-02 7.3072901E-05 1.7192927E+00 1.9049609E+01 -4.2178020E-02
2.6764000E+02 2.7427000E+02 8.6700000E+00 9.2000000E+01 9 5.5199918E+01 1.5077466E-01 3.3814922E-01 -1.6703459E-03 9.9569209E-03 1.1297767E-02 1.0652932E-02 1.1552118E-03 4.8104764E-04 5.6891750E-03 2.1683894E-04 5.8317155E-03 4.8518066E-02 2.9737281E-02 8.8290332E-05 1.8415586E+00 1.8926865E+01 -3.2914155E-02
2.6764000E+02 2.7427000E+02 8.6700000E+00 9.7000000E+01 9 5.5198616E+01 1.4032597E-01 3.1428241E-01 -2.3264975E-03 7.7655806E-03 9.3246710E-03 8.6982312E-03 1.1222562E-03 3.6941421E-04 4.5680755E-03 2.1065301E-04 4.7294713E-03 4.9915453E-02 2.3192334E-02 7.3419532E-05 1.6614625E+00 1.9125318E+01 -4.7964434E-02
2.6764000E+02 2.7427000E+02 8.6700000E+00 1.0200000E+02 9 5.5190509E+01 1.4370948E-01 3.2269662E-01 -3.0155022E-03 7.9645680E-03 9.4069157E-03 8.7966850E-03 1.0932180E-03 3.9842560E-04 4.6531239E-03 2.0520240E-04 4.8006616E-03 5.1301952E-02 2.3785813E-02 7.8724051E-05 1.6559450E+00 1.9142951E+01 -4.9053773E-02
2.6764000E+02 2.7427000E+02 8.6700000E+00 1.0700000E+02 9 5.5184083E+01 1.4660704E-01 3.2974755E-01 -3.5515695E-03 8.1560330E-03 9.4929965E-03 8.8971714E-03 1.0674106E-03 4.1897657E-04 4.7361593E-03 2.0035821E-04 4.8709739E-03 5.2388804E-02 2.4356863E-02 8.4289422E-05 1.6534522E+00 1.9153624E+01 -4.9724473E-02
2.6764000E+02 2.7427000E+02 8.6700000E+00 1.1200000E+02 9 5.5179331E+01 1.4884552E-01 3.3514372E-01 -3.9376884E-03 8.3107044E-03 9.5678196E-03 8.9848971E-03 1.0442959E-03 4.3362142E-04 4.8018476E-03 1.9601948E-04 4.9259740E-03 5.3194708E-02 2.4818194E-02 8.9148472E-05 1.6522164E+00 1.9160323E+01 -5.0158021E-02
2.6764000E+02 2.7427000E+02 8.6700000E+00 1.1700000E+02 9 5.5175846E+01 1.5054847E-01 3.3922468E-01 -4.2121352E-03 8.4315970E-03 9.6309157E-03 9.0596303E-03 1.0234481E-03 4.4416660E-04 4.8514936E-03 1.9210624E-04 4.9667402E-03 5.3790922E-02 2.5178791E-02 9.3169348E-05 1.6515973E+00 1.9164660E+01 -5.0446707E-02
2.6764000E+02 2.7427000E+02 8.6700000E+00 1.2200000E+02 9 5.5173261E+01 1.5185587E-01 3.4234606E-01 -4.4085715E-03 8.5263653E-03 9.6845640E-03 9.1238403E-03 1.0045269E-03 4.5195912E-04 4.8888273E-03 1.8855464E-04 4.9966470E-03 5.4238552E-02 2.5461478E-02 9.6435430E-05 1.6513173E+00 1.9167535E+01 -5.0642953E-02
2.6764000E+02 2.7427000E+02 8.6700000E+00 1.2400000E+02 9 5.5167590E+01 1.6188368E-01 3.6570002E-01 -4.4765558E-03 1.0203079E-02 1.1103756E-02 1.0547096E-02 9.9724681E-04 5.5095733E-04 5.7303186E-03 1.8718813E-04 5.8099091E-03 5.4411386E-02 3.0468259E-02 1.1474506E-04 1.7552287E+00 1.9062618E+01 -4.1196708E-02
2.6764000E+02 2.7427000E+02 8.6700000E+00 1.2500000E+02 9 5.5165898E+01 1.6464757E-01 3.7234770E-01 -4.5081187E-03 1.0664491E-02 1.1539882E-02 1.0985215E-02 9.9367652E-04 5.6133743E-04 5.9602583E-03 1.8651797E-04 6.0332425E-03 5.4491371E-02 3.1846300E-02 1.2082354E-04 1.7880124E+00 1.9029550E+01 -3.8571780E-02
2.6764000E+02 2.7427000E+02 8.6700000E+00 1.3000000E+02 9 5.5171211E+01 1.5167297E-01 3.4258886E-01 -4.6201151E-03 8.3804446E-03 9.6145607E-03 9.0679386E-03 9.7926427E-04 4.3251333E-04 4.8001737E-03 1.8381272E-04 4.9046482E-03 5.4747145E-02 2.5025601E-02 9.9097806E-05 1.6378847E+00 1.9183682E+01 -5.2188366E-02
2.6764000E+02 2.7427000E+02 8.6700000E+00 1.3100000E+02 9 5.5164113E+01 1.6549797E-01 3.7455010E-01 -4.6410087E-03 1.0728485E-02 1.1578126E-02 1.1032928E-02 9.7671210E-04 5.8992306E-04 5.9830755E-03 1.8333366E-04 6.0498917E-03 5.4815244E-02 3.2037140E-02 1.2182948E-04 1.7878931E+00 1.9031641E+01 -3.8720729E-02
2.6764000E+02 2.7427000E+02 8.6700000E+00 1.3200000E+02 9 5.5164038E+01 1.6524728E-01 3.7399944E-01 -4.6605550E-03 1.0671272E-02 1.1543569E-02 1.0999732E-02 9.7427348E-04 5.6997189E-04 5.9530193E-03 1.8287592E-04 6.0195794E-03 5.4865054E-02 3.1866078E-02 1.2343837E-04 1.7826043E+00 1.9036939E+01 -3.9116909E-02
2.6764000E+02 2.7427000E+02 8.6700000E+00 1.3700000E+02 9 5.5161153E+01 1.5420452E-01 3.5017639E-01 -6.1926071E-03 8.3994851E-03 9.6331700E-03 9.0956656E-03 9.6293004E-04 4.3797542E-04 4.8005365E-03 1.8074670E-04 4.8999521E-03 5.6751301E-02 2.5082109E-02 1.0105141E-04 1.6238453E+00 1.9175618E+01 -5.4520335E-02
2.6764000E+02 2.7427000E+02 8.6700000E+00 1.4200000E+02 9 5.5150456E+01 1.5822464E-01 3.6066959E-01 -7.7981266E-03 8.6583609E-03 9.7687501E-03 9.2371734E-03 9.5231070E-04 4.7124723E-04 4.9265012E-03 1.7875340E-04 5.0157022E-03 5.8724798E-02 2.5854408E-02 1.0060491E-04 1.6224413E+00 1.9146522E+01 -5.5538483E-02
2.6764000E+02 2.7427000E+02 8.6700000E+00 1.4700000E+02 9 5.5141892E+01 1.6161286E-01 3.6935680E-01 -9.0649872E-03 8.8910328E-03 9.8967930E-03 9.3708085E-03 9.4229228E-04 4.9090695E-04 5.0394752E-03 1.7687290E-04 5.1192977E-03 6.0287160E-02 2.6548513E-02 9.8363273E-05 1.6224457E+00 1.9114986E+01 -5.6206012E-02
2.6764000E+02 2.7427000E+02 8.6700000E+00 1.5200000E+02 9 5.5135553E+01 1.6416695E-01 3.7588161E-01 -9.9925891E-03 9.0694221E-03 1.0000735E-02 9.4800599E-03 9.3278055E-04 5.0274926E-04 5.1249900E-03 1.7508750E-04 5.1972486E-03 6.1440576E-02 2.7080698E-02 9.4609968E-05 1.6226665E+00 1.9085144E+01 -5.6667334E-02
2.6764000E+02 2.7427000E+02 8.6700000E+00 1.5700000E+02 9 5.5130914E+01 1.6606269E-01 3.8071464E-01 -1.0663044E-02 9.2028934E-03 1.0082676E-02 9.5670619E-03 9.2371418E-04 5.0977954E-04 5.1878005E-03 1.7338569E-04 5.2539948E-03 6.2284179E-02 2.7478887E-02 9.0160544E-05 1.6228898E+00 1.9058341E+01 -5.6993258E-02
2.6764000E+02 2.7427000E+02 8.6700000E+00 1.6200000E+02 9 5.5127485E+01 1.6748656E-01 3.8433562E-01 -1.1151083E-02 9.3039280E-03 1.0147713E-02 9.6369323E-03 9.1505421E-04 5.1398326E-04 5.2342599E-03 1.7176018E-04 5.2955026E-03 6.2907686E-02 2.7780313E-02 8.5592948E-05 1.6231001E+00 1.9035013E+01 -5.7226055E-02
2.6764000E+02 2.7427000E+02 8.6700000E+00 1.6700000E+02 9 5.5124912E+01 1.6857589E-01 3.8709758E-01 -1.1510935E-02 9.3818885E-03 1.0200223E-02 9.6940645E-03 9.0677393E-04 5.1647755E-04 5.2691368E-03 1.7020593E-04 5.3262494E-03 6.3376148E-02 2.8012905E-02 8.1236153E-05 1.6232986E+00 1.9015244E+01 -5.7394215E-02
2.6764000E+02 2.7427000E+02 8.6700000E+00 1.6800000E+02 9 5.5117465E+01 1.8275486E-01 4.1952447E-01 -1.1578178E-02 1.1764909E-02 1.2139639E-02 1.1634397E-02 9.0513286E-04 6.7459688E-04 6.4718055E-03 1.6989789E-04 6.4875167E-03 6.3471044E-02 3.5128432E-02 9.3122308E-05 1.7608337E+00 1.8867881E+01 -4.3853170E-02
2.6764000E+02 2.7427000E+02 8.6700000E+00 1.6900000E+02 9 5.5117296E+01 1.8237860E-01 4.1872690E-01 -1.1641060E-02 1.1681022E-02 1.2089174E-02 1.1584840E-02 9.0350660E-04 6.4575885E-04 6.4286614E-03 1.6959263E-04 6.4449745E-03 6.3554277E-02 3.4877765E-02 9.2574032E-05 1.7540731E+00 1.8870187E+01 -4.4426290E-02
2.6764000E+02 2.7427000E+02 8.6700000E+00 1.7400000E+02 9 5.5132740E+01 1.5934759E-01 3.7951457E-01 -1.7055901E-02 9.1868615E-03 1.0093396E-02 9.5934049E-03 8.9572595E-04 4.8652307E-04 5.1636884E-03 1.6813217E-04 5.2224509E-03 6.2151489E-02 2.7430584E-02 7.4627377E-05 1.6915894E+00 1.8924555E+01 -5.0376492E-02
2.6764000E+02 2.7427000E+02 8.6700000E+00 1.7500000E+02 9 5.5128630E+01 1.6952217E-01 4.0696833E-01 -1.8283922E-02 1.1294506E-02 1.2021354E-02 1.1522224E-02 8.9418369E-04 5.9392001E-04 6.2220144E-03 1.6784268E-04 6.2559293E-03 6.1826204E-02 3.3726192E-02 8.4624526E-05 1.8613617E+00 1.8745576E+01 -3.6003208E-02
2.6764000E+02 2.7427000E+02 8.6700000E+00 1.7600000E+02 9 5.5131229E+01 1.6641251E-01 4.0346908E-01 -1.9580164E-02 1.1131313E-02 1.1969150E-02 1.1470873E-02 8.9265516E-04 5.6352441E-04 6.1371370E-03 1.6755576E-04 6.1769042E-03 6.1468482E-02 3.3239511E-02 8.3748145E-05 1.8786361E+00 1.8724958E+01 -3.4768860E-02
2.6764000E+02 2.7427000E+02 8.6700000E+00 1.8100000E+02 9 5.5063347E+01 1.6818669E-01 4.2625938E-01 -3.1137731E-02 8.6820651E-03 1.0004423E-02 9.5102301E-03 8.8533747E-04 4.2361911E-04 4.8948039E-03 1.6618220E-04 4.9771038E-03 7.5404044E-02 2.5926661E-02 6.7210964E-05 1.6083876E+00 1.8992637E+01 -6.5247687E-02
2.6764000E+02 2.7427000E+02 8.6700000E+00 1.8600000E+02 9 5.4979633E+01 1.9036177E-01 4.9133097E-01 -4.1675458E-02 8.9940019E-03 1.0084520E-02 9.5942411E-03 8.7832665E-04 4.8491386E-04 5.0525510E-03 1.6486623E-04 5.1182259E-03 9.0718131E-02 2.6856133E-02 6.5393656E-05 1.5200617E+00 1.9073353E+01 -8.4151278E-02
2.6764000E+02 2.7427000E+02 8.6700000E+00 1.9100000E+02 9 5.4911878E+01 2.1059715E-01 5.4677610E-01 -4.9720800E-02 9.5463834E-03 1.0171673E-02 9.6851457E-03 8.7160479E-04 5.5966806E-04 5.3370623E-03 1.6360451E-04 5.3705188E-03 1.0290701E-01 2.8501105E-02 6.5459138E-05 1.4687193E+00 1.9118254E+01 -9.8283047E-02
2.6764000E+02 2.7427000E+02 8.6700000E+00 1.9600000E+02 9 5.4861635E+01 2.2673472E-01 5.8945720E-01 -5.5575206E-02 1.0123943E-02 1.0247453E-02 9.7645269E-03 8.6515430E-04 6.3028876E-04 5.6352371E-03 1.6239372E-04 5.6343071E-03 1.1183343E-01 3.0220806E-02 6.6085441E-05 1.4394070E+00 1.9142333E+01 -1.0795357E-01
2.6764000E+02 2.7427000E+02 8.6700000E+00 2.0100000E+02 9 5.4825021E+01 2.3916243E-01 6.2154194E-01 -5.9814185E-02 1.0648745E-02 1.0311601E-02 9.8321334E-03 8.5895816E-04 6.9019428E-04 5.9058902E-03 1.6123067E-04 5.8738009E-03 1.1827027E-01 3.1783397E-02 6.6805529E-05 1.4223060E+00 1.9155237E+01 -1.1445438E-01
2.6764000E+02 2.7427000E+02 8.6700000E+00 2.0600000E+02 9 5.4798200E+01 2.4869761E-01 6.4569760E-01 -6.2911715E-02 1.1101165E-02 1.0366817E-02 9.8906748E-03 8.5300008E-04 7.3860698E-04 6.1387240E-03 1.6011231E-04 6.0799251E-03 1.2294163E-01 3.3130558E-02 6.7463171E-05 1.4121083E+00 1.9162068E+01 -1.1884419E-01
2.6764000E+02 2.7427000E+02 8.6700000E+00 2.1100000E+02 9 5.4778322E+01 2.5605073E-01 6.6404565E-01 -6.5205401E-02 1.1482014E-02 1.0415528E-02 9.9425872E-03 8.4726458E-04 7.7671722E-04 6.3342377E-03 1.5903573E-04 6.2529665E-03 1.2637520E-01 3.4264712E-02 6.8010491E-05 1.4059385E+00 1.9165517E+01 -1.2184185E-01
2.6764000E+02 2.7427000E+02 8.6700000E+00 2.1600000E+02 9 5.4763394E+01 2.6176190E-01 6.7813400E-01 -6.6928629E-02 1.1798757E-02 1.0459539E-02 9.9896840E-03 8.4173712E-04 8.0672863E-04 6.4963847E-03 1.5799820E-04 6.3963229E-03 1.2893562E-01 3.5208070E-02 6.8440559E-05 1.4021880E+00 1.9167048E+01 -1.2391576E-01
2.6764000E+02 2.7427000E+02 8.6700000E+00 2.2100000E+02 9 5.4752027E+01 2.6623408E-01 6.8907803E-01 -6.8242947E-02 1.2060654E-02 1.0500138E-02 1.0033260E-02 8.3640405E-04 8.3052109E-04 6.6299999E-03 1.5699715E-04 6.5142802E-03 1.3087400E-01 3.5988170E-02 6.8763512E-05 1.3999179E+00 1.9167488E+01 -1.2537119E-01
2.6764000E+02 2.7427000E+02 8.6700000E+00 2.2600000E+02 9 5.4743248E+01 2.6976864E-01 6.9768531E-01 -6.9261056E-02 1.2276906E-02 1.0538214E-02 1.0074212E-02 8.3125267E-04 8.4952816E-04 6.7398785E-03 1.5603021E-04 6.6111097E-03 1.3236467E-01 3.6632384E-02 6.8996252E-05 1.3985645E+00 1.9167321E+01 -1.2640847E-01
2.6764000E+02 2.7427000E+02 8.6700000E+00 2.3100000E+02 9 5.4736365E+01 2.7259120E-01 7.0454363E-01 -7.0062214E-02 1.2455838E-02 1.0574355E-02 1.0113134E-02 8.2627118E-04 8.6478933E-04 6.8303518E-03 1.5509516E-04 6.6906869E-03 1.3352964E-01 3.7165483E-02 6.9157056E-05 1.3977825E+00 1.9166831E+01 -1.2715999E-01
2.6764000E+02 2.7427000E+02 8.6700000E+00 2.3600000E+02 9 5.4730888E+01 2.7487000E-01 7.1008211E-01 -7.0702597E-02 1.2604564E-02 1.0608929E-02 1.0150399E-02 8.2144867E-04 8.7712891E-04 6.9051168E-03 1.5418996E-04 6.7563262E-03 1.3445500E-01 3.7608634E-02 6.9262802E-05 1.3973583E+00 1.9166185E+01 -1.2771393E-01
2.6764000E+02 2.7427000E+02 8.6700000E+00 2.4100000E+02 9 5.4726464E+01 2.7673070E-01 7.1461526E-01 -7.1222353E-02 1.2728947E-02 1.0642150E-02 1.0186229E-02 8.1677504E-04 8.8717394E-04 6.9672239E-03 1.5331269E-04 6.8107566E-03 1.3520190E-01 3.7979288E-02 6.9327807E-05 1.3971582E+00 1.9165480E+01 -1.2812957E-01
2.6764000E+02 2.7427000E+02 8.6700000E+00 2.4600000E+02 9 5.4722838E+01 2.7826760E-01 7.1837505E-01 -7.1650442E-02 1.2833737E-02 1.0674133E-02 1.0220743E-02 8.1224100E-04 8.9540209E-04 7.0191570E-03 1.5246163E-04 6.8561765E-03 1.3581422E-01 3.8291586E-02 6.9363556E-05 1.3970979E+00 1.9164773E+01 -1.2844709E-01
2.6764000E+02 2.7427000E+02 8.6700000E+00 2.5100000E+02 9 5.4719826E+01 2.7955113E-01 7.2153308E-01 -7.2007972E-02 1.2922693E-02 1.0704934E-02 1.0254001E-02 8.0783799E-04 9.0220401E-04 7.0628693E-03 1.5163516E-04 6.8943367E-03 1.3632371E-01 3.8556718E-02 6.9378951E-05 1.3971234E+00 1.9164094E+01 -1.2869417E-01
2.6764000E+02 2.7427000E+02 8.6700000E+00 2.5600000E+02 9 5.4717290E+01 2.8063500E-01 7.2421802E-01 -7.2310493E-02 1.2998818E-02 1.0734573E-02 1.0286030E-02 8.0355814E-04 9.0786790E-04 7.0999344E-03 1.5083182E-04 6.9266220E-03 1.3675360E-01 3.8783628E-02 6.9380702E-05 1.3972005E+00 1.9163461E+01 -1.2888997E-01
2.6764000E+02 2.7427000E+02 8.6700000E+00 2.6100000E+02 9 5.4715128E+01 2.8156011E-01 7.2652696E-01 -7.2569595E-02 1.3064499E-02 1.0763060E-02 1.0316840E-02 7.9939422E-04 9.1261293E-04 7.1316072E-03 1.5005023E-04 6.9541266E-03 1.3712109E-01 3.8979420E-02 6.9373740E-05 1.3973072E+00 1.9162878E+01 -1.2904794E-01
2.6764000E+02 2.7427000E+02 8.6700000E+00 2.6400000E+02 9 5.4709396E+01 2.9120016E-01 7.4663483E-01 -7.2711511E-02 1.4539188E-02 1.1650195E-02 1.1205348E-02 7.9693611E-04 1.0446599E-03 7.8845895E-03 1.4958883E-04 7.6599327E-03 1.3732463E-01 4.3378627E-02 7.5924563E-05 1.4330631E+00 1.9122182E+01 -1.2141035E-01
2.6764000E+02 2.7427000E+02 8.6700000E+00 2.6500000E+02 9 5.4704376E+01 3.0067007E-01 7.6631128E-01 -7.2757385E-02 1.6016449E-02 1.2563522E-02 1.2119130E-02 7.9612117E-04 1.1833348E-03 8.6388816E-03 1.4943586E-04 8.3695540E-03 1.3739196E-01 4.7786015E-02 8.2265013E-05 1.4719524E+00 1.9078499E+01 -1.1352103E-01
2.6764000E+02 2.7427000E+02 8.6700000E+00 2.7000000E+02 9 5.4711783E+01 2.8365069E-01 7.3168665E-01 -7.2922584E-02 1.3301164E-02 1.0949303E-02 1.0506491E-02 7.9328999E-04 9.1031995E-04 7.2487299E-03 1.4890443E-04 7.0630950E-03 1.3762068E-01 3.9685503E-02 7.0715980E-05 1.4012848E+00 1.9157032E+01 -1.2837273E-01
2.6764000E+02 2.7427000E+02 8.6700000E+00 2.7500000E+02 9 5.4709106E+01 2.8723052E-01 7.3934748E-01 -7.3060862E-02 1.3823998E-02 1.1276973E-02 1.0834901E-02 7.9196410E-04 9.6461876E-04 7.5153902E-03 1.4865556E-04 7.3130204E-03 1.3781179E-01 4.1245253E-02 7.2504996E-05 1.4135688E+00 1.9143231E+01 -1.2578505E-01
2.6764000E+02 2.7427000E+02 8.6700000E+00 2.8000000E+02 9 5.4706854E+01 2.9001744E-01 7.4543353E-01 -7.3194332E-02 1.4223876E-02 1.1553684E-02 1.1113036E-02 7.8941447E-04 9.9535499E-04 7.7179126E-03 1.4817698E-04 7.5035692E-03 1.3799986E-01 4.2438472E-02 7.4165565E-05 1.4230587E+00 1.9132199E+01 -1.2381987E-01
2.6764000E+02 2.7427000E+02 8.6700000E+00 2.8500000E+02 9 5.4705077E+01 2.9198959E-01 7.4993897E-01 -7.3317348E-02 1.4504934E-02 1.1777500E-02 1.1338389E-02 7.8666065E-04 1.0120068E-03 7.8591813E-03 1.4766007E-04 7.6373498E-03 1.3817390E-01 4.3277404E-02 7.5341005E-05 1.4298566E+00 1.9124177E+01 -1.2243929E-01
2.6764000E+02 2.7427000E+02 8.6700000E+00 2.8900000E+02 9 5.4701773E+01 2.9743866E-01 7.6164873E-01 -7.3408618E-02 1.5348644E-02 1.2353140E-02 1.1915234E-02 7.8450062E-04 1.0785996E-03 8.2882894E-03 1.4725462E-04 8.0421271E-03 1.3830422E-01 4.5794984E-02 7.9081611E-05 1.4515809E+00 1.9099328E+01 -1.1795687E-01
2.6764000E+02 2.7427000E+02 8.6700000E+00 2.9000000E+02 9 5.4694536E+01 3.1167036E-01 7.9146452E-01 -7.3430992E-02 1.7600588E-02 1.3791844E-02 1.3354238E-02 7.8396472E-04 1.2960287E-03 9.4374077E-03 1.4715403E-04 9.1259892E-03 1.3833919E-01 5.2514401E-02 8.8292846E-05 1.5144918E+00 1.9029179E+01 -1.0573817E-01
2.6764000E+02 2.7427000E+02 8.6700000E+00 2.9500000E+02 9 5.4763905E+01 2.7763758E-01 7.0757334E-01 -6.6117271E-02 1.4570526E-02 1.1975204E-02 1.1539042E-02 7.8137672E-04 9.8503063E-04 7.8872444E-03 1.4666825E-04 7.6674246E-03 1.2728527E-01 4.3474191E-02 7.5835699E-05 1.4824350E+00 1.9069941E+01 -1.0689072E-01
2.6764000E+02 2.7427000E+02 8.6700000E+00 3.0000000E+02 9 5.4833786E+01 2.5951610E-01 6.5537976E-01 -5.7622908E-02 1.4474713E-02 1.2100691E-02 1.1665942E-02 7.7884465E-04 9.7741283E-04 7.8316448E-03 1.4619297E-04 7.6257832E-03 1.1445475E-01 4.3191044E-02 7.5028764E-05 1.5506319E+00 1.9001110E+01 -8.9517355E-02
2.6764000E+02 2.7427000E+02 8.6700000E+00 3.0100000E+02 9 5.4839969E+01 2.7151958E-01 6.7920098E-01 -5.5924542E-02 1.7017643E-02 1.4014267E-02 1.3579800E-02 7.7834018E-04 1.2058974E-03 9.1206334E-03 1.4609828E-04 8.8606402E-03 1.1189405E-01 5.0783090E-02 8.5639670E-05 1.6667510E+00 1.8875652E+01 -7.1639398E-02
2.6764000E+02 2.7427000E+02 8.6700000E+00 3.0200000E+02 9 5.4854099E+01 2.6704870E-01 6.6718995E-01 -5.4263070E-02 1.6854655E-02 1.3998188E-02 1.3564002E-02 7.7783739E-04 1.1577079E-03 9.0350037E-03 1.4600390E-04 8.7843995E-03 1.0938501E-01 5.0297781E-02 8.5880795E-05 1.6803461E+00 1.8861045E+01 -6.8962896E-02
2.6764000E+02 2.7427000E+02 8.6700000E+00 3.0300000E+02 9 5.4868482E+01 2.6206288E-01 6.5432187E-01 -5.2601038E-02 1.6625234E-02 1.3960513E-02 1.3525299E-02 7.7967805E-04 1.1172242E-03 8.9164404E-03 1.4634940E-04 8.6785686E-03 1.0687045E-01 4.9614376E-02 8.5079848E-05 1.6922823E+00 1.8849161E+01 -6.6583876E-02
2.6764000E+02 2.7427000E+02 8.6700000E+00 3.0800000E+02 9 5.4929960E+01 2.2926620E-01 5.7454186E-01 -4.6305483E-02 1.3444860E-02 1.1956492E-02 1.1529125E-02 7.6562047E-04 8.4305168E-04 7.2834035E-03 1.4371073E-04 7.1372593E-03 9.7379083E-02 4.0124993E-02 7.0407449E-05 1.6320781E+00 1.8920491E+01 -7.0869863E-02
2.6764000E+02 2.7427000E+02 8.6700000E+00 3.1300000E+02 9 5.4969607E+01 2.1660230E-01 5.4120950E-01 -4.1659735E-02 1.2995370E-02 1.1936063E-02 1.1518760E-02 7.4759099E-04 7.8877289E-04 7.0342837E-03 1.4032651E-04 6.9170577E-03 9.0391595E-02 3.8787754E-02 6.7896243E-05 1.6719888E+00 1.8881253E+01 -6.3303353E-02
2.6764000E+02 2.7427000E+02 8.6700000E+00 3.1800000E+02 9 5.4999145E+01 2.0676344E-01 5.1582733E-01 -3.8229487E-02 1.2593450E-02 1.1937020E-02 1.1529469E-02 7.3011925E-04 7.2437108E-04 6.8103154E-03 1.3704697E-04 6.7194293E-03 8.5238533E-02 3.7591962E-02 6.6088355E-05 1.7020353E+00 1.8851235E+01 -5.8008403E-02
2.6764000E+02 2.7427000E+02 8.6700000E+00 3.2300000E+02 9 5.5021417E+01 1.9887886E-01 4.9605571E-01 -3.5677805E-02 1.2217791E-02 1.1939841E-02 1.1541173E-02 7.1420638E-04 6.6665190E-04 6.6014259E-03 1.3406005E-04 6.5346855E-03 8.1409063E-02 3.6473956E-02 6.4501075E-05 1.7232071E+00 1.8829975E+01 -5.4394420E-02
2.6764000E+02 2.7427000E+02 8.6700000E+00 3.2800000E+02 9 5.5038391E+01 1.9248731E-01 4.8047738E-01 -3.3761728E-02 1.1873523E-02 1.1940283E-02 1.1549538E-02 7.0001279E-04 6.2085429E-04 6.4105766E-03 1.3139584E-04 6.3651786E-03 7.8536097E-02 3.5449042E-02 6.3062225E-05 1.7375453E+00 1.8815545E+01 -5.1943481E-02
2.6764000E+02 2.7427000E+02 8.6700000E+00 3.2900000E+02 9 5.5035543E+01 2.0339131E-01 5.0598165E-01 -3.3402138E-02 1.3890003E-02 1.3815222E-02 1.3426023E-02 6.9724321E-04 7.1010188E-04 7.4230391E-03 1.3087598E-04 7.3523773E-03 7.8001851E-02 4.1472663E-02 7.1995185E-05 1.8794595E+00 1.8664796E+01 -3.9218472E-02
2.6764000E+02 2.7427000E+02 8.6700000E+00 3.3000000E+02 9 5.5038777E+01 2.0178171E-01 5.0222554E-01 -3.3064512E-02 1.3752546E-02 1.3769178E-02 1.3381487E-02 6.9454249E-04 6.8868712E-04 7.3505753E-03 1.3036904E-04 7.2847169E-03 7.7496308E-02 4.1062581E-02 7.2173916E-05 1.8776359E+00 1.8665813E+01 -3.9203541E-02
2.6764000E+02 2.7427000E+02 8.6700000E+00 3.3500000E+02 9 5.5024543E+01 1.9523807E-01 4.8446313E-01 -3.2399401E-02 1.1228775E-02 1.1796503E-02 1.1415481E-02 6.8259410E-04 5.5317766E-04 6.0642636E-03 1.2812627E-04 6.0483489E-03 8.1522061E-02 3.3527180E-02 6.0634065E-05 1.6484831E+00 1.8905080E+01 -6.2307841E-02
2.6764000E+02 2.7427000E+02 8.6700000E+00 3.4000000E+02 9 5.4995626E+01 2.0658389E-01 5.0657555E-01 -3.2114779E-02 1.1310436E-02 1.1800072E-02 1.1424965E-02 6.7199926E-04 5.9511668E-04 6.1010027E-03 1.2613757E-04 6.0771335E-03 8.6808053E-02 3.3769797E-02 6.0528045E-05 1.5785354E+00 1.8975552E+01 -7.2916763E-02
2.6764000E+02 2.7427000E+02 8.6700000E+00 3.4500000E+02 9 5.4970231E+01 2.1784821E-01 5.2810862E-01 -3.1932458E-02 1.1608155E-02 1.1822918E-02 1.1453080E-02 6.6255927E-04 6.5108588E-04 6.2521734E-03 1.2436563E-04 6.2066936E-03 9.1298133E-02 3.4655626E-02 6.1608321E-05 1.5337511E+00 1.9020301E+01 -8.0895586E-02
2.6764000E+02 2.7427000E+02 8.6700000E+00 3.5000000E+02 9 5.4950550E+01 2.2735873E-01 5.4593379E-01 -3.1774921E-02 1.1961534E-02 1.1845554E-02 1.1480441E-02 6.5409455E-04 7.0230253E-04 6.4331804E-03 1.2277676E-04 6.3628258E-03 9.4695331E-02 3.5707179E-02 6.2975699E-05 1.5059557E+00 1.9047962E+01 -8.6420342E-02
2.6764000E+02 2.7427000E+02 8.6700000E+00 3.5500000E+02 9 5.4935826E+01 2.3499081E-01 5.5998792E-01 -3.1627574E-02 1.2303398E-02 1.1864227E-02 1.1503381E-02 6.4645022E-04 7.4575680E-04 6.6084299E-03 1.2134189E-04 6.5145419E-03 9.7185192E-02 3.6724554E-02 6.4308928E-05 1.4885584E+00 1.9065241E+01 -9.0159476E-02
2.6764000E+02 2.7427000E+02 8.6700000E+00 3.6000000E+02 9 5.4924864E+01 2.4102723E-01 5.7093588E-01 -3.1490252E-02 1.2609859E-02 1.1879294E-02 1.1522330E-02 6.3949639E-04 7.8203957E-04 6.7653006E-03 1.2003662E-04 6.6506795E-03 9.9004936E-02 3.7636662E-02 6.5503522E-05 1.4774900E+00 1.9076225E+01 -9.2687303E-02
2.6764000E+02 2.7427000E+02 8.6700000E+00 3.6500000E+02 9 5.4916662E+01 2.4579362E-01 5.7946503E-01 -3.1364309E-02 1.2874883E-02 1.1891686E-02 1.1538277E-02 6.3312593E-04 8.1174172E-04 6.9006689E-03 1.1884085E-04 6.7682406E-03 1.0034400E-01 3.8425528E-02 6.6534213E-05 1.4703296E+00 1.9083332E+01 -9.4407725E-02
2.6764000E+02 2.7427000E+02 8.6700000E+00 3.7000000E+02 9 5.4910474E+01 2.4956761E-01 5.8613608E-01 -3.1250263E-02 1.3099659E-02 1.1902148E-02 1.1552019E-02 6.2725127E-04 8.3541149E-04 7.0152220E-03 1.1773815E-04 6.8675775E-03 1.0133876E-01 3.9094668E-02 6.7405135E-05 1.4656246E+00 1.9088008E+01 -9.5589753E-02
2.6764000E+02 2.7427000E+02 8.6700000E+00 3.7500000E+02 9 5.4905764E+01 2.5257028E-01 5.9138350E-01 -3.1147846E-02 1.3288294E-02 1.1911196E-02 1.1564109E-02 6.2180113E-04 8.5396238E-04 7.1111054E-03 1.1671513E-04 6.9504894E-03 1.0208542E-01 3.9656279E-02 6.8131480E-05 1.4624906E+00 1.9091128E+01 -9.6410206E-02
2.6764000E+02 2.7427000E+02 8.6700000E+00 3.8000000E+02 9 5.4902145E+01 2.5497304E-01 5.9553915E-01 -3.1056346E-02 1.3445779E-02 1.1919191E-02 1.1574941E-02 6.1671744E-04 8.6850646E-04 7.1908925E-03 1.1576090E-04 7.0192462E-03 1.0265200E-01 4.0125204E-02 6.8731947E-05 1.4603788E+00 1.9093236E+01 -9.6985837E-02
2.6764000E+02 2.7427000E+02 8.6700000E+00 3.8500000E+02 9 5.4899337E+01 2.5690829E-01 5.9885507E-01 -3.0974844E-02 1.3577014E-02 1.1926395E-02 1.1584805E-02 6.1195282E-04 8.7988436E-04 7.2571276E-03 1.1486655E-04 7.0760688E-03 1.0308694E-01 4.0516004E-02 6.9225374E-05 1.4589373E+00 1.9094680E+01 -9.7394773E-02
2.6764000E+02 2.7427000E+02 8.6700000E+00 3.9000000E+02 9 5.4897134E+01 2.5847781E-01 6.0152251E-01 -3.0902351E-02 1.3686400E-02 1.1933000E-02 1.1593913E-02 6.0746836E-04 8.8885975E-04 7.3121172E-03 1.1402480E-04 7.1229405E-03 1.0342495E-01 4.0841772E-02 6.9629265E-05 1.4579389E+00 1.9095684E+01 -9.7689566E-02
2.6764000E+02 2.7427000E+02 8.6700000E+00 3.9500000E+02 9 5.4895388E+01 2.5976019E-01 6.0368709E-01 -3.0837888E-02 1.3777761E-02 1.1939140E-02 1.1602418E-02 6.0323199E-04 8.9610025E-04 7.3578608E-03 1.1322961E-04 7.1615913E-03 1.0369102E-01 4.1113882E-02 6.9959152E-05 1.4572369E+00 1.9096394E+01 -9.7905596E-02
2.6764000E+02 2.7427000E+02 8.6700000E+00 4.0000000E+02 9 5.4893989E+01 2.6081656E-01 6.0545958E-01 -3.0780529E-02 1.3854324E-02 1.1944904E-02 1.1610423E-02 5.9921702E-04 9.0191518E-04 7.3960395E-03 1.1247598E-04 7.1934878E-03 1.0390325E-01 4.1341929E-02 7.0228431E-05 1.4567317E+00 1.9096908E+01 -9.8067040E-02
2.6764000E+02 2.7427000E+02 8.6700000E+00 4.0500000E+02 9 5.4892855E+01 2.6169385E-01 6.0692442E-01 -3.0729422E-02 1.3918755E-02 1.1950344E-02 1.1617993E-02 5.9540111E-04 9.0663870E-04 7.4280394E-03 1.1175972E-04 7.2198477E-03 1.0407482E-01 4.1533852E-02 7.0448374E-05 1.4563591E+00 1.9097289E+01 -9.8190297E-02
2.6764000E+02 2.7427000E+02 8.6700000E+00 4.1000000E+02 9 5.4891925E+01 2.6242854E-01 6.0814637E-01 -3.0683807E-02 1.3973248E-02 1.1955491E-02 1.1625169E-02 5.9176538E-04 9.1052895E-04 7.4549906E-03 1.1107727E-04 7.2416810E-03 1.0421536E-01 4.1696178E-02 7.0628335E-05 1.4560762E+00 1.9097580E+01 -9.8286584E-02
2.6764000E+02 2.7427000E+02 8.6700000E+00 4.1200000E+02 9 5.4884924E+01 2.7606194E-01 6.3647001E-01 -3.0666392E-02 1.6111950E-02 1.3297716E-02 1.2968191E-02 5.9033879E-04 1.0998998E-03 8.5479473E-03 1.1080949E-04 8.2679814E-03 1.0427068E-01 4.8077421E-02 7.9829826E-05 1.5240037E+00 1.9022564E+01 -8.6869236E-02
2.6764000E+02 2.7427000E+02 8.6700000E+00 4.1700000E+02 9 5.4891559E+01 2.6189649E-01 6.0681777E-01 -3.0627416E-02 1.3824393E-02 1.1859591E-02 1.1531969E-02 5.8693040E-04 8.8331291E-04 7.3770904E-03 1.1016972E-04 7.1650376E-03 1.0437516E-01 4.1251884E-02 7.0219311E-05 1.4495428E+00 1.9104436E+01 -9.9489061E-02
2.6764000E+02 2.7427000E+02 8.6700000E+00 4.2200000E+02 9 5.4890834E+01 2.6264217E-01 6.0812065E-01 -3.0592444E-02 1.3901078E-02 1.1872003E-02 1.1546202E-02 5.8366711E-04 9.0025440E-04 7.4157960E-03 1.0955719E-04 7.1976191E-03 1.0446644E-01 4.1480356E-02 7.0192319E-05 1.4505351E+00 1.9103674E+01 -9.9357714E-02
2.6764000E+02 2.7427000E+02 8.6700000E+00 4.2700000E+02 9 5.4890138E+01 2.6343851E-01 6.0951733E-01 -3.0560994E-02 1.3988009E-02 1.1895610E-02 1.1571556E-02 5.8053762E-04 9.1077591E-04 7.4597447E-03 1.0896977E-04 7.2353256E-03 1.0454476E-01 4.1739431E-02 7.0481190E-05 1.4519227E+00 1.9102195E+01 -9.9138392E-02
2.6764000E+02 2.7427000E+02 8.6700000E+00 4.2900000E+02 9 5.4883192E+01 2.7715382E-01 6.3798069E-01 -3.0548948E-02 1.6145399E-02 1.3240887E-02 1.2917520E-02 5.7930655E-04 1.1037461E-03 8.5628243E-03 1.0873869E-04 8.2702620E-03 1.0457772E-01 4.8176329E-02 7.9767362E-05 1.5201029E+00 1.9026882E+01 -8.7584721E-02
2.6764000E+02 2.7427000E+02 8.6700000E+00 4.3000000E+02 9 5.4881117E+01 2.8120799E-01 6.4642168E-01 -3.0543055E-02 1.6778480E-02 1.3661896E-02 1.3338870E-02 5.7869611E-04 1.1458393E-03 8.8858627E-03 1.0862411E-04 8.5743903E-03 1.0459324E-01 5.0065466E-02 8.2815648E-05 1.5417663E+00 1.9002622E+01 -8.4168775E-02
2.6764000E+02 2.7427000E+02 8.6700000E+00 4.3500000E+02 9 5.4888607E+01 2.6558107E-01 6.1397162E-01 -3.0530320E-02 1.4287115E-02 1.2102981E-02 1.1783222E-02 5.7284319E-04 9.1662404E-04 7.6087239E-03 1.0752548E-04 7.3721257E-03 1.0467251E-01 4.2631816E-02 7.2045411E-05 1.4595000E+00 1.9093418E+01 -9.7792181E-02
2.6764000E+02 2.7427000E+02 8.6700000E+00 4.3600000E+02 9 5.4879103E+01 2.8454490E-01 6.5356837E-01 -3.0527231E-02 1.7285654E-02 1.4012129E-02 1.3692896E-02 5.7190024E-04 1.2116426E-03 9.1405533E-03 1.0734849E-04 8.8134416E-03 1.0469121E-01 5.1579307E-02 8.3683773E-05 1.5594355E+00 1.8984595E+01 -8.1558982E-02
2.6764000E+02 2.7427000E+02 8.6700000E+00 4.3700000E+02 9 5.4881990E+01 2.8444000E-01 6.5188404E-01 -2.9835930E-02 1.7328079E-02 1.4046600E-02 1.3728130E-02 5.7053329E-04 1.1891200E-03 9.1616858E-03 1.0709191E-04 8.8323898E-03 1.0412659E-01 5.1705753E-02 8.4597751E-05 1.5618222E+00 1.8981237E+01 -8.0891305E-02
2.6764000E+02 2.7427000E+02 8.6700000E+00 4.3800000E+02 9 5.4888909E+01 2.8349452E-01 6.4687441E-01 -2.8284044E-02 1.7337760E-02 1.4065207E-02 1.3747727E-02 5.6875893E-04 1.1740492E-03 9.1655598E-03 1.0675885E-04 8.8356153E-03 1.0283605E-01 5.1734642E-02 8.5043440E-05 1.5650878E+00 1.8977429E+01 -7.9777367E-02
2.6764000E+02 2.7427000E+02 8.6700000E+00 4.4300000E+02 9 5.4962518E+01 2.5709790E-01 5.6379945E-01 -1.3827412E-02 1.4714733E-02 1.2407867E-02 1.2094736E-02 5.6096773E-04 9.3094715E-04 7.8200553E-03 1.0529640E-04 7.5683514E-03 9.0697564E-02 4.3908071E-02 7.4261790E-05 1.4979685E+00 1.9052596E+01 -8.3939521E-02
2.6764000E+02 2.7427000E+02 8.6700000E+00 4.4400000E+02 9 5.4967521E+01 2.7259443E-01 5.9077459E-01 -1.0786319E-02 1.7521864E-02 1.4292206E-02 1.3979794E-02 5.5968105E-04 1.1851594E-03 9.2510733E-03 1.0505489E-04 8.9208388E-03 8.8145965E-02 5.2285845E-02 8.5377363E-05 1.6143642E+00 1.8927111E+01 -6.6447786E-02
2.6764000E+02 2.7427000E+02 8.6700000E+00 4.4500000E+02 9 5.4981557E+01 2.7043863E-01 5.8024800E-01 -7.6919632E-03 1.7509153E-02 1.4312180E-02 1.4000272E-02 5.5877708E-04 1.1522020E-03 9.2437695E-03 1.0488521E-04 8.9143095E-03 8.5542315E-02 5.2248020E-02 8.6145906E-05 1.6218100E+00 1.8918590E+01 -6.4339957E-02
2.6764000E+02 2.7427000E+02 8.6700000E+00 4.5000000E+02 9 5.5043820E+01 2.4726170E-01 5.0855990E-01 4.4060616E-03 1.5157752E-02 1.2846934E-02 1.2535973E-02 5.5708134E-04 9.3472890E-04 8.0407421E-03 1.0456691E-04 7.7824766E-03 7.5344102E-02 4.5231685E-02 7.6522433E-05 1.5511015E+00 1.8996520E+01 -6.8557767E-02
2.6764000E+02 2.7427000E+02 8.6700000E+00 4.5300000E+02 9 5.5068324E+01 2.5182770E-01 5.0658164E-01 1.0792004E-02 1.6611353E-02 1.3972174E-02 1.3661266E-02 5.5698560E-04 1.0150119E-03 8.7786213E-03 1.0454894E-04 8.4875447E-03 6.9961035E-02 4.9571451E-02 8.2640045E-05 1.6357703E+00 1.8906080E+01 -5.5900480E-02
2.6764000E+02 2.7427000E+02 8.6700000E+00 4.5400000E+02 9 5.5073761E+01 2.5803376E-01 5.1632867E-01 1.2826504E-02 1.7840981E-02 1.4952350E-02 1.4641460E-02 5.5695362E-04 1.0551123E-03 9.4019435E-03 1.0454293E-04 9.0851108E-03 6.8247697E-02 5.3242946E-02 8.7811610E-05 1.7113928E+00 1.8825424E+01 -4.7516841E-02
2.6764000E+02 2.7427000E+02 8.6700000E+00 4.5900000E+02 9 5.5124345E+01 2.3363341E-01 4.4756809E-01 2.1994393E-02 1.4967424E-02 1.3100160E-02 1.2789279E-02 5.5693894E-04 8.3659757E-04 7.9348238E-03 1.0454018E-04 7.7012348E-03 6.0515929E-02 4.4667440E-02 7.5875839E-05 1.5900702E+00 1.8956207E+01 -5.6659118E-02
2.6764000E+02 2.7427000E+02 8.6700000E+00 4.6400000E+02 9 5.5157041E+01 2.2713567E-01 4.2126211E-01 2.9029062E-02 1.4739986E-02 1.3135283E-02 1.2824571E-02 5.5663541E-04 7.9288373E-04 7.8144756E-03 1.0448320E-04 7.5963802E-03 5.4592745E-02 4.3990453E-02 7.4619428E-05 1.6014186E+00 1.8945070E+01 -5.2671875E-02
2.6764000E+02 2.7427000E+02 8.6700000E+00 4.6900000E+02 9 5.5182244E+01 2.2198781E-01 4.0089339E-01 3.4435145E-02 1.4549217E-02 1.3185287E-02 1.2874277E-02 5.5716939E-04 7.5115511E-04 7.7141465E-03 1.0458343E-04 7.5088847E-03 5.0039319E-02 4.3422529E-02 7.3807674E-05 1.6105923E+00 1.8935695E+01 -4.9633826E-02
2.6764000E+02 2.7427000E+02 8.6700000E+00 4.7400000E+02 9 5.5201955E+01 2.1768972E-01 3.8462642E-01 3.8633330E-02 1.4361459E-02 1.3230224E-02 1.2918866E-02 5.5779346E-04 7.1390747E-04 7.6157200E-03 1.0470058E-04 7.4224752E-03 4.6505241E-02 4.2863338E-02 7.3077927E-05 1.6166563E+00 1.8929371E+01 -4.7432158E-02
2.6764000E+02 2.7427000E+02 8.6700000E+00 4.7900000E+02 9 5.5217540E+01 2.1403421E-01 3.7142548E-01 4.1925462E-02 1.4175654E-02 1.3265038E-02 1.2953434E-02 5.5823453E-04 6.8238083E-04 7.5179994E-03 1.0478337E-04 7.3369140E-03 4.3737306E-02 4.2309724E-02 7.2368443E-05 1.6200162E+00 1.8925773E+01 -4.5871746E-02
2.6764000E+02 2.7427000E+02 8.6700000E+00 4.8100000E+02 9 5.5218028E+01 2.2301924E-01 3.8952182E-01 4.3114114E-02 1.5815094E-02 1.4610479E-02 1.4298797E-02 5.5837334E-04 7.3718486E-04 8.3483238E-03 1.0480942E-04 8.1344142E-03 4.2742139E-02 4.7204422E-02 7.9651686E-05 1.7352035E+00 1.8803415E+01 -3.5710808E-02
2.6764000E+02 2.7427000E+02 8.6700000E+00 4.8200000E+02 9 5.5219307E+01 2.2518131E-01 3.9369218E-01 4.3678338E-02 1.6254940E-02 1.5037105E-02 1.4725390E-02 5.5843272E-04 7.3986959E-04 8.5691674E-03 1.0482057E-04 8.3504799E-03 4.2269555E-02 4.8517919E-02 8.1936057E-05 1.7749182E+00 1.8761048E+01 -3.2696607E-02
2.6764000E+02 2.7427000E+02 8.6700000E+00 4.8700000E+02 9 5.5238767E+01 2.0600515E-01 3.4805126E-01 4.6053681E-02 1.3415780E-02 1.3014040E-02 1.2702367E-02 5.5835667E-04 6.1729918E-04 7.1221775E-03 1.0480629E-04 6.9793354E-03 4.0274415E-02 4.0042705E-02 6.9537182E-05 1.5957729E+00 1.8950924E+01 -4.6666409E-02
2.6764000E+02 2.7427000E+02 8.6700000E+00 4.9200000E+02 9 5.5247963E+01 2.0331785E-01 3.3907454E-01 4.7944196E-02 1.3207817E-02 1.2917710E-02 1.2606439E-02 5.5763767E-04 6.1062999E-04 7.0138095E-03 1.0467133E-04 6.8803555E-03 3.8697400E-02 3.9422076E-02 6.8205804E-05 1.5911495E+00 1.8956375E+01 -4.6426015E-02
2.6764000E+02 2.7427000E+02 8.6700000E+00 4.9700000E+02 9 5.5255161E+01 2.0149596E-01 3.3248612E-01 4.9460201E-02 1.3088205E-02 1.2860425E-02 1.2549501E-02 5.5701664E-04 6.0529780E-04 6.9516905E-03 1.0455476E-04 6.8228444E-03 3.7435555E-02 3.9064958E-02 6.7605949E-05 1.5896825E+00 1.8958028E+01 -4.6008903E-02
2.6764000E+02 2.7427000E+02 8.6700000E+00 5.0200000E+02 9 5.5260963E+01 2.0007060E-01 3.2722723E-01 5.0690497E-02 1.2996695E-02 1.2817265E-02 1.2506735E-02 5.5630936E-04 5.9878498E-04 6.9042702E-03 1.0442200E-04 6.7784099E-03 3.6414972E-02 3.8791734E-02 6.7213241E-05 1.5886704E+00 1.8959057E+01 -4.5650409E-02
2.6764000E+02 2.7427000E+02 8.6700000E+00 5.0500000E+02 9 5.5260649E+01 2.0609670E-01 3.3942407E-01 5.1341555E-02 1.4072777E-02 1.3643187E-02 1.3332919E-02 5.5583955E-04 6.4294137E-04 7.4506078E-03 1.0433382E-04 7.2993735E-03 3.5878688E-02 4.2003745E-02 7.2167151E-05 1.6577589E+00 1.8885279E+01 -3.9198415E-02
2.6764000E+02 2.7427000E+02 8.6700000E+00 5.0600000E+02 9 5.5258345E+01 2.1244217E-01 3.5323025E-01 5.1549438E-02 1.5151419E-02 1.4512509E-02 1.4202332E-02 5.5567771E-04 6.7090529E-04 7.9969100E-03 1.0430344E-04 7.8236921E-03 3.5709155E-02 4.5224086E-02 7.6912343E-05 1.7383194E+00 1.8800077E+01 -3.2958094E-02
2.6764000E+02 2.7427000E+02 8.6700000E+00 5.1100000E+02 9 5.5270792E+01 1.9495729E-01 3.1345229E-01 5.2455871E-02 1.2387212E-02 1.2469733E-02 1.2159987E-02 5.5490409E-04 5.5865322E-04 6.5904212E-03 1.0415823E-04 6.4853858E-03 3.4956854E-02 3.6972473E-02 6.4910767E-05 1.5615657E+00 1.8987319E+01 -4.7672701E-02
2.6764000E+02 2.7427000E+02 8.6700000E+00 5.1600000E+02 9 5.5274333E+01 1.9403248E-01 3.0978921E-01 5.3206596E-02 1.2306827E-02 1.2353293E-02 1.2044040E-02 5.5402093E-04 5.6765789E-04 6.5512004E-03 1.0399245E-04 6.4433615E-03 3.4340784E-02 3.6732091E-02 6.4125512E-05 1.5583513E+00 1.8991303E+01 -4.7734817E-02
2.6764000E+02 2.7427000E+02 8.6700000E+00 5.2100000E+02 9 5.5277121E+01 1.9358740E-01 3.0733064E-01 5.3832628E-02 1.2285868E-02 1.2279346E-02 1.1970430E-02 5.5341765E-04 5.7183345E-04 6.5429792E-03 1.0387921E-04 6.4297038E-03 3.3827588E-02 3.6669078E-02 6.3938018E-05 1.5577982E+00 1.8992044E+01 -4.7559136E-02
2.6764000E+02 2.7427000E+02 8.6700000E+00 5.2600000E+02 9 5.5279453E+01 1.9325081E-01 3.0532249E-01 5.4362379E-02 1.2272432E-02 1.2222405E-02 1.1913834E-02 5.5280013E-04 5.7229370E-04 6.5384241E-03 1.0376330E-04 6.4198901E-03 3.3395208E-02 3.6628647E-02 6.3866056E-05 1.5574992E+00 1.8992389E+01 -4.7388603E-02
2.6764000E+02 2.7427000E+02 8.6700000E+00 5.3100000E+02 9 5.5281453E+01 1.9294078E-01 3.0356397E-01 5.4815904E-02 1.2256738E-02 1.2174052E-02 1.1865873E-02 5.5209782E-04 5.7087481E-04 6.5323197E-03 1.0363148E-04 6.4093113E-03 3.3027204E-02 3.6581570E-02 6.3804365E-05 1.5570102E+00 1.8992891E+01 -4.7264699E-02
2.6764000E+02 2.7427000E+02 8.6700000E+00 5.3600000E+02 9 5.5283186E+01 1.9264917E-01 3.0200152E-01 5.5208016E-02 1.2239053E-02 1.2131363E-02 1.1823621E-02 5.5131325E-04 5.6900108E-04 6.5248073E-03 1.0348421E-04 6.3980715E-03 3.2711075E-02 3.6528595E-02 6.3737340E-05 1.5563630E+00 1.8993546E+01 -4.7180571E-02
2.6764000E+02 2.7427000E+02 8.6700000E+00 5.4100000E+02 9 5.5284700E+01 1.9238016E-01 3.0061168E-01 5.5550025E-02 1.2220902E-02 1.2093028E-02 1.1785762E-02 5.5046312E-04 5.6721206E-04 6.5167271E-03 1.0332463E-04 6.3868580E-03 3.2437184E-02 3.6474257E-02 6.3667209E-05 1.5556388E+00 1.8994278E+01 -4.7124151E-02
2.6764000E+02 2.7427000E+02 8.6700000E+00 5.4600000E+02 9 5.5286028E+01 1.9213739E-01 2.9937577E-01 5.5850743E-02 1.2203398E-02 1.2058241E-02 1.1751477E-02 5.4956358E-04 5.6553342E-04 6.5087238E-03 1.0315579E-04 6.3761481E-03 3.2198009E-02 3.6421866E-02 6.3597625E-05 1.5548922E+00 1.8995034E+01 -4.7086288E-02
2.6764000E+02 2.7427000E+02 8.6700000E+00 5.5100000E+02 9 5.5287200E+01 1.9192114E-01 2.9827543E-01 5.6117127E-02 1.2187108E-02 1.2026405E-02 1.1720163E-02 5.4862759E-04 5.6403756E-04 6.5011445E-03 1.0298010E-04 6.3661711E-03 3.1987611E-02 3.6373106E-02 6.3530951E-05 1.5541566E+00 1.8995779E+01 -4.7060882E-02
2.6764000E+02 2.7427000E+02 8.6700000E+00 5.5600000E+02 9 5.5288240E+01 1.9172994E-01 2.9729333E-01 5.6354723E-02 1.2172245E-02 1.1997056E-02 1.1691351E-02 5.4766509E-04 5.6273802E-04 6.4941361E-03 1.0279943E-04 6.3570045E-03 3.1801269E-02 3.6328610E-02 6.3468420E-05 1.5534485E+00 1.8996496E+01 -4.7044059E-02
2.6764000E+02 2.7427000E+02 8.6700000E+00 5.6100000E+02 9 5.5289168E+01 1.9156169E-01 2.9641414E-01 5.6567986E-02 1.2158855E-02 1.1969829E-02 1.1664672E-02 5.4668360E-04 5.6166296E-04 6.4877677E-03 1.0261520E-04 6.3486364E-03 3.1635195E-02 3.6288518E-02 6.3410489E-05 1.5527771E+00 1.8997176E+01 -4.7033183E-02
2.6764000E+02 2.7427000E+02 8.6700000E+00 5.6600000E+02 9 5.5290000E+01 1.9141424E-01 2.9562434E-01 5.6760522E-02 1.2146881E-02 1.1944433E-02 1.1639832E-02 5.4568891E-04 5.6073156E-04 6.4820446E-03 1.0242849E-04 6.3410107E-03 3.1486328E-02 3.6252654E-02 6.3357154E-05 1.5521431E+00 1.8997818E+01 -4.7026624E-02
2.6764000E+02 2.7427000E+02 8.6700000E+00 5.7100000E+02 9 5.5290750E+01 1.9128512E-01 2.9491206E-01 5.6935270E-02 1.2136202E-02 1.1920632E-02 1.1616591E-02 5.4468547E-04 5.5992097E-04 6.4769256E-03 1.0224014E-04 6.3340561E-03 3.1352180E-02 3.6220661E-02 6.3308182E-05 1.5515455E+00 1.8998423E+01 -4.7023303E-02
2.6764000E+02 2.7427000E+02 8.6700000E+00 5.7600000E+02 9 5.5291429E+01 1.9117199E-01 2.9426711E-01 5.7094642E-02 1.2126680E-02 1.1898231E-02 1.1594752E-02 5.4367674E-04 5.5921813E-04 6.4723503E-03 1.0205080E-04 6.3276996E-03 3.1230715E-02 3.6192123E-02 6.3263234E-05 1.5509819E+00 1.8998993E+01 -4.7022503E-02
2.6764000E+02 2.7427000E+02 8.6700000E+00 5.8100000E+02 9 5.5292045E+01 1.9107295E-01 2.9368093E-01 5.7240629E-02 1.2118189E-02 1.1877065E-02 1.1574151E-02 5.4266543E-04 5.5858531E-04 6.4682647E-03 1.0186097E-04 6.3218737E-03 3.1120252E-02 3.6166664E-02 6.3221940E-05 1.5504492E+00 1.8999532E+01 -4.7023721E-02
2.6764000E+02 2.7427000E+02 8.6700000E+00 5.8200000E+02 9 5.5284607E+01 2.0621991E-01 3.2638708E-01 5.7269307E-02 1.4591174E-02 1.3653569E-02 1.3350768E-02 5.4246308E-04 6.6694196E-04 7.7279079E-03 1.0182299E-04 7.5162996E-03 3.1103147E-02 4.3548359E-02 7.3576082E-05 1.7092767E+00 1.8831730E+01 -3.3414821E-02
2.6764000E+02 2.7427000E+02 8.6700000E+00 5.8700000E+02 9 5.5293009E+01 1.9040589E-01 2.9205479E-01 5.7413539E-02 1.2030718E-02 1.1827261E-02 1.1526237E-02 5.3927991E-04 5.5063719E-04 6.4212948E-03 1.0122549E-04 6.2772227E-03 3.1004284E-02 3.5905508E-02 6.2971049E-05 1.5459484E+00 1.9004103E+01 -4.7421619E-02
2.6764000E+02 2.7427000E+02 8.6700000E+00 5.9200000E+02 9 5.5293359E+01 1.9077324E-01 2.9232348E-01 5.7570721E-02 1.2084599E-02 1.1825318E-02 1.1527214E-02 5.3404798E-04 5.5886279E-04 6.4466803E-03 1.0024343E-04 6.2978436E-03 3.0913265E-02 3.6066170E-02 6.2856668E-05 1.5479995E+00 1.9002328E+01 -4.7174652E-02
2.6764000E+02 2.7427000E+02 8.6700000E+00 5.9700000E+02 9 5.5293676E+01 1.9116438E-01 2.9262635E-01 5.7725171E-02 1.2138641E-02 1.1825839E-02 1.1530946E-02 5.2829618E-04 5.6324651E-04 6.4719346E-03 9.9163791E-05 6.3180047E-03 3.0828264E-02 3.6227280E-02 6.3012803E-05 1.5499545E+00 1.9000344E+01 -4.6934621E-02
2.6764000E+02 2.7427000E+02 8.6700000E+00 6.0200000E+02 9 5.5294015E+01 1.9144247E-01 2.9275106E-01 5.7869965E-02 1.2175993E-02 1.1823668E-02 1.1531853E-02 5.2278218E-04 5.6467211E-04 6.4885982E-03 9.8128785E-05 6.3305588E-03 3.0749616E-02 3.6338632E-02 6.3151739E-05 1.5511434E+00 1.8999092E+01 -4.6772979E-02
2.6764000E+02 2.7427000E+02 8.6700000E+00 6.0700000E+02 9 5.5294368E+01 1.9161835E-01 2.9272209E-01 5.8003787E-02 1.2198920E-02 1.1818414E-02 1.1529428E-02 5.1771183E-04 5.6495205E-04 6.4979769E-03 9.7177057E-05 6.3367286E-03 3.0676936E-02 3.6406968E-02 6.3237766E-05 1.5517050E+00 1.8998485E+01 -4.6677682E-02
2.6764000E+02 2.7427000E+02 8.6700000E+00 6.1200000E+02 9 5.5294720E+01 1.9172654E-01 2.9259807E-01 5.8126948E-02 1.2212394E-02 1.1810902E-02 1.1524481E-02 5.1311875E-04 5.6475443E-04 6.5027032E-03 9.6314913E-05 6.3388524E-03 3.0609710E-02 3.6447108E-02 6.3282860E-05 1.5518671E+00 1.8998297E+01 -4.6625757E-02
2.6764000E+02 2.7427000E+02 8.6700000E+00 6.1700000E+02 9 5.5295061E+01 1.9179341E-01 2.9242305E-01 5.8240240E-02 1.2220158E-02 1.1801954E-02 1.1517844E-02 5.0897775E-04 5.6440034E-04 6.5047113E-03 9.5537626E-05 6.3386681E-03 3.0547435E-02 3.6470208E-02 6.3302171E-05 1.5517982E+00 1.8998354E+01 -4.6600003E-02
2.6764000E+02 2.7427000E+02 8.6700000E+00 6.2200000E+02 9 5.5295386E+01 1.9183575E-01 2.9222457E-01 5.8344586E-02 1.2224579E-02 1.1792152E-02 1.1510127E-02 5.0524232E-04 5.6411371E-04 6.5052224E-03 9.4836468E-05 6.3372372E-03 3.0489659E-02 3.6483335E-02 6.3306343E-05 1.5516052E+00 1.8998545E+01 -4.6589518E-02
2.6764000E+02 2.7427000E+02 8.6700000E+00 6.2700000E+02 9 5.5295692E+01 1.9186403E-01 2.9201877E-01 5.8440897E-02 1.2227087E-02 1.1781875E-02 1.1501739E-02 5.0186003E-04 5.6391961E-04 6.5049606E-03 9.4201596E-05 6.3351778E-03 3.0435982E-02 3.6490748E-02 6.3301979E-05 1.5513484E+00 1.8998804E+01 -4.6587877E-02
2.6764000E+02 2.7427000E+02 8.6700000E+00 6.3200000E+02 9 5.5295979E+01 1.9188430E-01 2.9181441E-01 5.8530027E-02 1.2228497E-02 1.1771367E-02 1.1492949E-02 4.9877995E-04 5.6380972E-04 6.5043217E-03 9.3623450E-05 6.3328313E-03 3.0386048E-02 3.6494881E-02 6.3292958E-05 1.5510610E+00 1.8999097E+01 -4.6591452E-02
2.6764000E+02 2.7427000E+02 8.6700000E+00 6.3700000E+02 9 5.5296246E+01 1.9190046E-01 2.9161644E-01 5.8612742E-02 1.2229304E-02 1.1760779E-02 1.1483938E-02 4.9595612E-04 5.6372512E-04 6.5035422E-03 9.3093402E-05 6.3303874E-03 3.0339542E-02 3.6497212E-02 6.3281551E-05 1.5507610E+00 1.8999404E+01 -4.6598125E-02
2.6764000E+02 2.7427000E+02 8.6700000E+00 6.4200000E+02 9 5.5296496E+01 1.9191452E-01 2.9142709E-01 5.8689720E-02 1.2229776E-02 1.1750208E-02 1.1474823E-02 4.9334884E-04 5.6366453E-04 6.5027319E-03 9.2604004E-05 6.3279482E-03 3.0296178E-02 3.6498546E-02 6.3269069E-05 1.5504580E+00 1.8999714E+01 -4.6606718E-02
2.6764000E+02 2.7427000E+02 8.6700000E+00 6.4700000E+02 9 5.5296729E+01 1.9192771E-01 2.9124758E-01 5.8761555E-02 1.2230091E-02 1.1739712E-02 1.1465680E-02 4.9092481E-04 5.6367467E-04 6.5019660E-03 9.2149002E-05 6.3255659E-03 3.0255701E-02 3.6499407E-02 6.3256254E-05 1.5501595E+00 1.9000020E+01 -4.6616431E-02
2.6764000E+02 2.7427000E+02 8.6700000E+00 6.5000000E+02 9 5.5293326E+01 1.9903259E-01 3.0645452E-01 5.8802923E-02 1.3386793E-02 1.2554036E-02 1.2280782E-02 4.8952996E-04 6.1607353E-04 7.0914927E-03 9.1887180E-05 6.8818126E-03 3.0234810E-02 3.9951593E-02 6.8496200E-05 1.6176243E+00 1.8927981E+01 -4.0284828E-02
