x y z_datum Time Well_no H2O H O Charge Al C Ca Cl Fe K Mg Na S Si U pH pe Alkalinity
2.6764000E+02 2.7427000E+02 8.6700000E+00 0.0000000E+00 9 9.9704301E-01 7.2098600E-06 6.6484776E-04 -3.2324431E-06 0.0000000E+00 1.0067647E-04 6.3262499E-05 4.3211171E-04 0.0000000E+00 2.8240956E-04 5.5605062E-05 2.2967748E-04 1.4127542E-04 0.0000000E+00 0.0000000E+00 7.0300000E+00 1.1068788E+01 7.1999443E-03
2.6764000E+02 2.7427000E+02 8.6700000E+00 5.0000000E+00 9 5.5326767E+01 2.0548373E-02 6.4909848E-02 -3.0047678E-03 0.0000000E+00 7.1502940E-03 1.3465393E-03 1.0397329E-02 0.0000000E+00 6.1616955E-03 1.9516297E-03 8.5224004E-03 1.1105106E-02 0.0000000E+00 0.0000000E+00 2.2914534E+00 1.8103455E+01 -8.3485027E-03
2.6764000E+02 2.7427000E+02 8.6700000E+00 1.0000000E+01 9 5.5308082E+01 3.4698802E-02 1.0761438E-01 -2.7183378E-03 1.0388383E-03 7.7081301E-03 3.1620778E-03 8.1441759E-03 3.5610168E-05 5.3396201E-03 1.5287019E-03 7.1954030E-03 1.9539053E-02 3.1059161E-03 5.8054561E-06 1.9639765E+00 1.8501924E+01 -1.9492910E-02
2.6764000E+02 2.7427000E+02 8.6700000E+00 1.5000000E+01 9 5.5286430E+01 5.7986525E-02 1.5474980E-01 -2.4712499E-03 2.5865263E-03 8.0286469E-03 4.5675476E-03 6.2005010E-03 9.2992299E-05 4.9606740E-03 1.1638645E-03 6.3674390E-03 2.6815154E-02 7.7298007E-03 1.4648725E-05 1.8526210E+00 1.8648373E+01 -2.6793006E-02
2.6764000E+02 2.7427000E+02 8.6700000E+00 2.0000000E+01 9 5.5267806E+01 7.9687447E-02 1.9515268E-01 -2.2792567E-03 4.0514706E-03 8.2306900E-03 5.6126254E-03 4.6902186E-03 1.5320749E-04 4.8022713E-03 8.8037709E-04 5.8480329E-03 3.2469362E-02 1.2105043E-02 2.3433830E-05 1.8006450E+00 1.8720057E+01 -3.1494454E-02
2.6764000E+02 2.7427000E+02 8.6700000E+00 2.5000000E+01 9 5.5253568E+01 9.6718234E-02 2.2632650E-01 -2.1378912E-03 5.2394549E-03 8.3845533E-03 6.3872190E-03 3.5781905E-03 2.0569805E-04 4.7430276E-03 6.7164396E-04 5.5163732E-03 3.6632940E-02 1.5652238E-02 3.0844519E-05 1.7735919E+00 1.8758842E+01 -3.4500665E-02
2.6764000E+02 2.7427000E+02 8.6700000E+00 3.0000000E+01 9 5.5243180E+01 1.0929976E-01 2.4936688E-01 -2.0366256E-03 6.1454659E-03 8.5197037E-03 6.9670229E-03 2.7816013E-03 2.4688535E-04 4.7293413E-03 5.2212024E-04 5.3044616E-03 3.9615705E-02 1.8357071E-02 3.6638006E-05 1.7592627E+00 1.8780408E+01 -3.6380492E-02
2.6764000E+02 2.7427000E+02 8.6700000E+00 3.5000000E+01 9 5.5235720E+01 1.1840104E-01 2.6613076E-01 -1.9647274E-03 6.8173719E-03 8.6459825E-03 7.4090039E-03 2.2160262E-03 2.7735689E-04 4.7343598E-03 4.1595902E-04 5.1676345E-03 4.1733613E-02 2.0362847E-02 4.0993691E-05 1.7517876E+00 1.8792472E+01 -3.7538446E-02
2.6764000E+02 2.7427000E+02 8.6700000E+00 4.0000000E+01 9 5.5230366E+01 1.2495534E-01 2.7832670E-01 -1.9134137E-03 7.3112256E-03 8.7654864E-03 7.7538239E-03 1.8123763E-03 2.9904253E-04 4.7450926E-03 3.4019194E-04 5.0770369E-03 4.3245273E-02 2.1837079E-02 4.4211981E-05 1.7480358E+00 1.8799207E+01 -3.8248663E-02
2.6764000E+02 2.7427000E+02 8.6700000E+00 4.5000000E+01 9 5.5226486E+01 1.2970715E-01 2.8729307E-01 -1.8762256E-03 7.6753577E-03 8.8780142E-03 8.0296433E-03 1.5198421E-03 3.1432880E-04 4.7557847E-03 2.8528185E-04 5.0146673E-03 4.4340893E-02 2.2924108E-02 4.6582259E-05 1.7462964E+00 1.8802939E+01 -3.8686879E-02
2.6764000E+02 2.7427000E+02 8.6700000E+00 5.0000000E+01 9 5.5223625E+01 1.3320043E-01 2.9399858E-01 -1.8486837E-03 7.9467327E-03 8.9831039E-03 8.2556684E-03 1.3031883E-03 3.2503990E-04 4.7642834E-03 2.4461485E-04 4.9696081E-03 4.5152388E-02 2.3734283E-02 4.8338599E-05 1.7456224E+00 1.8804979E+01 -3.8961647E-02
2.6764000E+02 2.7427000E+02 8.6700000E+00 5.5000000E+01 9 5.5221472E+01 1.3581408E-01 2.9911651E-01 -1.8277752E-03 8.1520029E-03 9.0805736E-03 8.4449462E-03 1.1387156E-03 3.3277360E-04 4.7700945E-03 2.1374252E-04 4.9353307E-03 4.5768488E-02 2.4347154E-02 4.9655404E-05 1.7455022E+00 1.8806060E+01 -3.9138178E-02
2.6764000E+02 2.7427000E+02 8.6700000E+00 6.0000000E+01 9 5.5219816E+01 1.3780843E-01 3.0310729E-01 -1.8114977E-03 8.3099232E-03 9.1705376E-03 8.6063843E-03 1.0106711E-03 3.3837584E-04 4.7734365E-03 1.8970793E-04 4.9079769E-03 4.6248176E-02 2.4818692E-02 5.0657547E-05 1.7456512E+00 1.8806604E+01 -3.9255396E-02
2.6764000E+02 2.7427000E+02 8.6700000E+00 6.5000000E+01 9 5.5218515E+01 1.3936041E-01 3.0628467E-01 -1.7985182E-03 8.4335510E-03 9.2533015E-03 8.7461406E-03 9.0857013E-04 3.4255153E-04 4.7747557E-03 1.7054308E-04 4.8852476E-03 4.6630708E-02 2.5187864E-02 5.1432751E-05 1.7459205E+00 1.8806844E+01 -3.9336296E-02
2.6764000E+02 2.7427000E+02 8.6700000E+00 6.6000000E+01 9 5.5212296E+01 1.5163495E-01 3.3527735E-01 -1.7960446E-03 1.0506589E-02 1.1246649E-02 1.0750350E-02 8.8911145E-04 4.1599971E-04 5.8024238E-03 1.6689059E-04 5.8899192E-03 4.6709647E-02 3.1380539E-02 6.2026315E-05 1.9278887E+00 1.8614178E+01 -2.7069353E-02
2.6764000E+02 2.7427000E+02 8.6700000E+00 6.7000000E+01 9 5.5212223E+01 1.5159012E-01 3.3509873E-01 -1.7936844E-03 1.0473347E-02 1.1216214E-02 1.0730279E-02 8.7054492E-04 4.0784502E-04 5.7749275E-03 1.6340556E-04 5.8580704E-03 4.6780101E-02 3.1281044E-02 6.3132583E-05 1.9218773E+00 1.8618754E+01 -2.7408016E-02
2.6764000E+02 2.7427000E+02 8.6700000E+00 7.2000000E+01 9 5.5214039E+01 1.4094905E-01 3.0989899E-01 -1.7492197E-03 8.3572661E-03 9.2102794E-03 8.7669897E-03 7.9414610E-04 3.3282103E-04 4.6676036E-03 1.4906513E-04 4.7550472E-03 4.7663017E-02 2.4960039E-02 5.1653742E-05 1.7192268E+00 1.8933072E+01 -4.1828857E-02
2.6764000E+02 2.7427000E+02 8.6700000E+00 7.7000000E+01 9 5.5208540E+01 1.4389574E-01 3.1626050E-01 -1.6994900E-03 8.5078189E-03 9.2775341E-03 8.8699762E-03 7.3013295E-04 3.5425847E-04 4.7063950E-03 1.3704955E-04 4.7751157E-03 4.8631569E-02 2.5409099E-02 5.8316599E-05 1.7087995E+00 1.8999920E+01 -4.3035078E-02
2.6764000E+02 2.7427000E+02 8.6700000E+00 8.2000000E+01 9 5.5203523E+01 1.4689556E-01 3.2260825E-01 -1.6561067E-03 8.7013736E-03 9.3638839E-03 8.9867340E-03 6.7565771E-04 3.7528779E-04 4.7729684E-03 1.2682427E-04 4.8234898E-03 4.9478962E-02 2.5986397E-02 6.8265430E-05 1.7034048E+00 1.9037141E+01 -4.3777114E-02
2.6764000E+02 2.7427000E+02 8.6700000E+00 8.7000000E+01 9 5.5199461E+01 1.4947388E-01 3.2803216E-01 -1.6216156E-03 8.8824715E-03 9.4489069E-03 9.0979820E-03 6.2867593E-04 3.9264908E-04 4.8375438E-03 1.1800556E-04 4.8721126E-03 5.0160772E-02 2.6526576E-02 7.8119678E-05 1.7006511E+00 1.9059029E+01 -4.4235564E-02
2.6764000E+02 2.7427000E+02 8.6700000E+00 9.1000000E+01 9 5.5195360E+01 1.5417302E-01 3.3849069E-01 -1.5994807E-03 9.5077022E-03 9.9519147E-03 9.6197438E-03 5.9507843E-04 4.2600448E-04 5.1331471E-03 1.1169915E-04 5.1498375E-03 5.0609401E-02 2.8393347E-02 9.0708034E-05 1.7328273E+00 1.9036094E+01 -4.1571237E-02
2.6764000E+02 2.7427000E+02 8.6700000E+00 9.2000000E+01 9 5.5190071E+01 1.6396454E-01 3.6115551E-01 -1.5942801E-03 1.1120819E-02 1.1424958E-02 1.1097343E-02 5.8691653E-04 4.9283975E-04 5.9388242E-03 1.1016712E-04 5.9351360E-03 5.0727441E-02 3.3211466E-02 1.0807612E-04 1.8576507E+00 1.8910740E+01 -3.2271250E-02
2.6764000E+02 2.7427000E+02 8.6700000E+00 9.7000000E+01 9 5.5189533E+01 1.5309849E-01 3.3686148E-01 -2.1427823E-03 8.9470227E-03 9.4472487E-03 9.1397137E-03 5.5094365E-04 4.0011157E-04 4.8249445E-03 1.0341483E-04 4.8386649E-03 5.2015297E-02 2.6718559E-02 9.2266583E-05 1.6760022E+00 1.9111256E+01 -4.7132539E-02
2.6764000E+02 2.7427000E+02 8.6700000E+00 1.0200000E+02 9 5.5181499E+01 1.5634218E-01 3.4493841E-01 -2.8078948E-03 9.1170004E-03 9.5121388E-03 9.2224517E-03 5.1896961E-04 4.2398261E-04 4.8931316E-03 9.7413148E-05 4.8937680E-03 5.3408030E-02 2.7225414E-02 9.7956830E-05 1.6681731E+00 1.9131692E+01 -4.8413299E-02
2.6764000E+02 2.7427000E+02 8.6700000E+00 1.0700000E+02 9 5.5174488E+01 1.5942693E-01 3.5242799E-01 -3.3925547E-03 9.3082470E-03 9.5878860E-03 9.3141767E-03 4.9034558E-04 4.4467771E-04 4.9742544E-03 9.2040277E-05 4.9617538E-03 5.4602818E-02 2.7795714E-02 1.0435580E-04 1.6640231E+00 1.9144828E+01 -4.9271800E-02
2.6764000E+02 2.7427000E+02 8.6700000E+00 1.1200000E+02 9 5.5168944E+01 1.6200059E-01 3.5859119E-01 -3.8498910E-03 9.4799940E-03 9.6591058E-03 9.3997893E-03 4.6456097E-04 4.6133548E-04 5.0469944E-03 8.7200378E-05 5.0228289E-03 5.5543691E-02 2.8307908E-02 1.1011268E-04 1.6618640E+00 1.9153225E+01 -4.9840034E-02
2.6764000E+02 2.7427000E+02 8.6700000E+00 1.1700000E+02 9 5.5164760E+01 1.6403083E-01 3.6340467E-01 -4.1873097E-03 9.6214206E-03 9.7213123E-03 9.4750314E-03 4.4120788E-04 4.7382700E-04 5.1055503E-03 8.2816889E-05 5.0714909E-03 5.6256153E-02 2.8729720E-02 1.1486931E-04 1.6607686E+00 1.9158619E+01 -5.0215033E-02
2.6764000E+02 2.7427000E+02 8.6700000E+00 1.2200000E+02 9 5.5161665E+01 1.6559580E-01 3.6708616E-01 -4.4287733E-03 9.7336177E-03 9.7741865E-03 9.5397685E-03 4.1995593E-04 4.8300807E-04 5.1502987E-03 7.8827793E-05 5.1079710E-03 5.6788043E-02 2.9064390E-02 1.1863982E-04 1.6602359E+00 1.9162126E+01 -5.0464410E-02
2.6764000E+02 2.7427000E+02 8.6700000E+00 1.2400000E+02 9 5.5155512E+01 1.7633694E-01 3.9135015E-01 -4.5117227E-03 1.1460399E-02 1.1215891E-02 1.0986041E-02 4.1177194E-04 5.7147867E-04 6.0163352E-03 7.7291619E-05 5.9451842E-03 5.6992871E-02 3.4220782E-02 1.4000663E-04 1.7670080E+00 1.9054087E+01 -4.0823295E-02
2.6764000E+02 2.7427000E+02 8.6700000E+00 1.2500000E+02 9 5.5153573E+01 1.7948101E-01 3.9858456E-01 -4.5500085E-03 1.1959045E-02 1.1669435E-02 1.1441826E-02 4.0775683E-04 5.8245732E-04 6.2647333E-03 7.6537962E-05 6.1864287E-03 5.7087418E-02 3.5710052E-02 1.4758889E-04 1.8023474E+00 1.9018331E+01 -3.8031966E-02
2.6764000E+02 2.7427000E+02 8.6700000E+00 1.3000000E+02 9 5.5158909E+01 1.6611220E-01 3.6871409E-01 -4.6814907E-03 9.6696319E-03 9.7325303E-03 9.5142041E-03 3.9112775E-04 4.7132442E-04 5.1007213E-03 7.3416602E-05 5.0531942E-03 5.7379368E-02 2.8873107E-02 1.2240049E-04 1.6496536E+00 1.9175717E+01 -5.1738433E-02
2.6764000E+02 2.7427000E+02 8.6700000E+00 1.3100000E+02 9 5.5151585E+01 1.8032515E-01 4.0080968E-01 -4.7057376E-03 1.2008716E-02 1.1701374E-02 1.1484847E-02 3.8790435E-04 6.0504424E-04 6.2780115E-03 7.2811554E-05 6.1943653E-03 5.7459150E-02 3.5858217E-02 1.4744455E-04 1.8002754E+00 1.9022768E+01 -3.8332016E-02
2.6764000E+02 2.7427000E+02 8.6700000E+00 1.3200000E+02 9 5.5151367E+01 1.8030617E-01 4.0069558E-01 -4.7281815E-03 1.1983276E-02 1.1678430E-02 1.1463664E-02 3.8474956E-04 5.8842060E-04 6.2636138E-03 7.2219386E-05 6.1789286E-03 5.7517948E-02 3.5782016E-02 1.5021066E-04 1.7968145E+00 1.9026117E+01 -3.8586594E-02
2.6764000E+02 2.7427000E+02 8.6700000E+00 1.3700000E+02 9 5.5150030E+01 1.6841150E-01 3.7551432E-01 -6.0358742E-03 9.6902263E-03 9.7487785E-03 9.5420758E-03 3.7030429E-04 4.7604141E-04 5.0987546E-03 6.9507937E-05 5.0460584E-03 5.9152191E-02 2.8934301E-02 1.2416450E-04 1.6366430E+00 1.9171648E+01 -5.3821683E-02
2.6764000E+02 2.7427000E+02 8.6700000E+00 1.4200000E+02 9 5.5139761E+01 1.7206902E-01 3.8521026E-01 -7.5873939E-03 9.9002971E-03 9.8605293E-03 9.6612842E-03 3.5694420E-04 5.0220514E-04 5.1981768E-03 6.7000182E-05 5.1360484E-03 6.1074520E-02 2.9560925E-02 1.2262959E-04 1.6328666E+00 1.9149208E+01 -5.5043377E-02
2.6764000E+02 2.7427000E+02 8.6700000E+00 1.4700000E+02 9 5.5130544E+01 1.7561359E-01 3.9432469E-01 -8.9593067E-03 1.0129302E-02 9.9796805E-03 9.7873871E-03 3.4449043E-04 5.2100963E-04 5.3080372E-03 6.4662547E-05 5.2356374E-03 6.2770441E-02 3.0243998E-02 1.1943933E-04 1.6314171E+00 1.9120809E+01 -5.5909443E-02
2.6764000E+02 2.7427000E+02 8.6700000E+00 1.5200000E+02 9 5.5123150E+01 1.7856450E-01 4.0181503E-01 -1.0046754E-02 1.0328758E-02 1.0085295E-02 9.8995163E-03 3.3282001E-04 5.3378382E-04 5.4032617E-03 6.2471953E-05 5.3216860E-03 6.4119917E-02 3.0838956E-02 1.1430431E-04 1.6309383E+00 1.9090896E+01 -5.6518916E-02
2.6764000E+02 2.7427000E+02 8.6700000E+00 1.5700000E+02 9 5.5117529E+01 1.8086554E-01 4.0761249E-01 -1.0862743E-02 1.0488105E-02 1.0172354E-02 9.9926994E-03 3.2184749E-04 5.4219697E-04 5.4783541E-03 6.0412356E-05 5.3891005E-03 6.5141574E-02 3.1314303E-02 1.0813045E-04 1.6308581E+00 1.9062143E+01 -5.6945122E-02
2.6764000E+02 2.7427000E+02 8.6700000E+00 1.6200000E+02 9 5.5113363E+01 1.8260958E-01 4.1198093E-01 -1.1457955E-02 1.0610739E-02 1.0241887E-02 1.0068003E-02 3.1150912E-04 5.4746236E-04 5.5350148E-03 5.8471793E-05 5.4394517E-03 6.5897457E-02 3.1680155E-02 1.0179952E-04 1.6309229E+00 1.9036278E+01 -5.7243483E-02
2.6764000E+02 2.7427000E+02 8.6700000E+00 1.6700000E+02 9 5.5110295E+01 1.8392273E-01 4.1525390E-01 -1.1887762E-02 1.0704123E-02 1.0296990E-02 1.0128553E-02 3.0175328E-04 5.5085317E-04 5.5770441E-03 5.6640575E-05 5.4762605E-03 6.6454288E-02 3.1958764E-02 9.5897867E-05 1.6310324E+00 1.9014197E+01 -5.7454239E-02
2.6764000E+02 2.7427000E+02 8.6700000E+00 1.6800000E+02 9 5.5102509E+01 1.9864264E-01 4.4811448E-01 -1.1967550E-02 1.3100628E-02 1.2246626E-02 1.2079264E-02 2.9982502E-04 6.9156864E-04 6.7860263E-03 5.6278630E-05 6.6442989E-03 6.6566504E-02 3.9114755E-02 1.0905359E-04 1.7689264E+00 1.8865268E+01 -4.3871883E-02
2.6764000E+02 2.7427000E+02 8.6700000E+00 1.6900000E+02 9 5.5102111E+01 1.9860304E-01 4.4795374E-01 -1.2041598E-02 1.3062621E-02 1.2214070E-02 1.2047773E-02 2.9791928E-04 6.6588457E-04 6.7660916E-03 5.5920914E-05 6.6236909E-03 6.6664468E-02 3.9001045E-02 1.0888559E-04 1.7645719E+00 1.8864300E+01 -4.4239132E-02
2.6764000E+02 2.7427000E+02 8.6700000E+00 1.7400000E+02 9 5.5115982E+01 1.7665213E-01 4.0994916E-01 -1.6665119E-02 1.0581134E-02 1.0218039E-02 1.0056769E-02 2.8891153E-04 5.2745251E-04 5.5071738E-03 5.4230115E-05 5.4058470E-03 6.5577011E-02 3.1591471E-02 8.7944275E-05 1.6884735E+00 1.8931765E+01 -5.1559040E-02
2.6764000E+02 2.7427000E+02 8.6700000E+00 1.7500000E+02 9 5.5111155E+01 1.8784641E-01 4.3837107E-01 -1.7728952E-02 1.2731278E-02 1.2152751E-02 1.1992475E-02 2.8713049E-04 6.2836013E-04 6.5871949E-03 5.3895805E-05 6.4594287E-03 6.5316906E-02 3.8013850E-02 9.8963543E-05 1.8525111E+00 1.8757435E+01 -3.7298380E-02
2.6764000E+02 2.7427000E+02 8.6700000E+00 1.7600000E+02 9 5.5113314E+01 1.8525483E-01 4.3556802E-01 -1.8881727E-02 1.2605649E-02 1.2113178E-02 1.1953886E-02 2.8536964E-04 6.0140230E-04 6.5213531E-03 5.3565284E-05 6.3983042E-03 6.5015639E-02 3.7639261E-02 9.8353267E-05 1.8682150E+00 1.8737742E+01 -3.6141531E-02
2.6764000E+02 2.7427000E+02 8.6700000E+00 1.8100000E+02 9 5.5059405E+01 1.8187364E-01 4.4722100E-01 -2.9592842E-02 1.0074664E-02 1.0127246E-02 9.9726073E-03 2.7703321E-04 4.7292823E-04 5.2360565E-03 5.2000496E-05 5.1590004E-03 7.6473577E-02 3.0082616E-02 7.8999375E-05 1.6285740E+00 1.8975171E+01 -6.2838594E-02
2.6764000E+02 2.7427000E+02 8.6700000E+00 1.8600000E+02 9 5.4980397E+01 2.0133176E-01 5.0762879E-01 -4.0444317E-02 1.0261655E-02 1.0177992E-02 1.0027764E-02 2.6913067E-04 5.1472792E-04 5.3284039E-03 5.0517150E-05 5.2405485E-03 9.1005727E-02 3.0639712E-02 7.6269943E-05 1.5432699E+00 1.9052464E+01 -8.0421146E-02
2.6764000E+02 2.7427000E+02 8.6700000E+00 1.9100000E+02 9 5.4907857E+01 2.2220969E-01 5.6637774E-01 -4.9529363E-02 1.0788853E-02 1.0248556E-02 1.0102515E-02 2.6163065E-04 5.9368138E-04 5.6000405E-03 4.9109359E-05 5.4796197E-03 1.0409759E-01 3.2209504E-02 7.6461220E-05 1.4864120E+00 1.9102412E+01 -9.5461393E-02
2.6764000E+02 2.7427000E+02 8.6700000E+00 1.9600000E+02 9 5.4849085E+01 2.4079378E-01 6.1595534E-01 -5.6534344E-02 1.1430303E-02 1.0316411E-02 1.0174347E-02 2.5450420E-04 6.7820606E-04 5.9325836E-03 4.7771691E-05 5.7711237E-03 1.1455534E-01 3.4119171E-02 7.7704491E-05 1.4507916E+00 1.9132334E+01 -1.0682411E-01
2.6764000E+02 2.7427000E+02 8.6700000E+00 2.0100000E+02 9 5.4804347E+01 2.5591923E-01 6.5491364E-01 -6.1711517E-02 1.2050319E-02 1.0374617E-02 1.0236338E-02 2.4772466E-04 7.5038704E-04 6.2545060E-03 4.6499137E-05 6.0524775E-03 1.2242512E-01 3.5964884E-02 7.9103579E-05 1.4287801E+00 1.9149711E+01 -1.1490840E-01
2.6764000E+02 2.7427000E+02 8.6700000E+00 2.0600000E+02 9 5.4771408E+01 2.6763488E-01 6.8436733E-01 -6.5461389E-02 1.2589113E-02 1.0422542E-02 1.0287868E-02 2.4126747E-04 8.0791591E-04 6.5341160E-03 4.5287091E-05 6.2963036E-03 1.2816453E-01 3.7568783E-02 8.0296698E-05 1.4152867E+00 1.9159444E+01 -1.2047243E-01
2.6764000E+02 2.7427000E+02 8.6700000E+00 2.1100000E+02 9 5.4747488E+01 2.7649045E-01 7.0625543E-01 -6.8166063E-02 1.3032771E-02 1.0462011E-02 1.0330774E-02 2.3511009E-04 8.5248333E-04 6.7639386E-03 4.4131320E-05 6.4963324E-03 1.3229916E-01 3.8889530E-02 8.1191794E-05 1.4070606E+00 1.9164611E+01 -1.2424369E-01
2.6764000E+02 2.7427000E+02 8.6700000E+00 2.1600000E+02 9 5.4730101E+01 2.8314038E-01 7.2249808E-01 -7.0132328E-02 1.3389265E-02 1.0495415E-02 1.0367459E-02 2.2923183E-04 8.8663153E-04 6.9480763E-03 4.3027941E-05 6.6563251E-03 1.3528431E-01 3.9950883E-02 8.1812359E-05 1.4020618E+00 1.9167108E+01 -1.2679632E-01
2.6764000E+02 2.7427000E+02 8.6700000E+00 2.2100000E+02 9 5.4717313E+01 2.8816402E-01 7.3467146E-01 -7.1585472E-02 1.3673905E-02 1.0524867E-02 1.0400046E-02 2.2361369E-04 9.1281193E-04 7.0945245E-03 4.1973390E-05 6.7833904E-03 1.3746749E-01 4.0798414E-02 8.2217552E-05 1.3990304E+00 1.9168082E+01 -1.2854045E-01
2.6764000E+02 2.7427000E+02 8.6700000E+00 2.2600000E+02 9 5.4707731E+01 2.9201245E-01 7.4395347E-01 -7.2682835E-02 1.3902231E-02 1.0551933E-02 1.0430113E-02 2.1823827E-04 9.3306588E-04 7.2114215E-03 4.0964397E-05 6.8847151E-03 1.3909626E-01 4.1478362E-02 8.2466976E-05 1.3971985E+00 1.9168211E+01 -1.2975283E-01
2.6764000E+02 2.7427000E+02 8.6700000E+00 2.3100000E+02 9 5.4700388E+01 2.9501487E-01 7.5118110E-01 -7.3531480E-02 1.4087344E-02 1.0577650E-02 1.0458704E-02 2.1308960E-04 9.4895877E-04 7.3056445E-03 3.9997966E-05 6.9663384E-03 1.4034045E-01 4.2029705E-02 8.2608847E-05 1.3961011E+00 1.9167890E+01 -1.3061450E-01
2.6764000E+02 2.7427000E+02 8.6700000E+00 2.3600000E+02 9 5.4694626E+01 2.9740392E-01 7.5693455E-01 -7.4203569E-02 1.4239421E-02 1.0602632E-02 1.0486441E-02 2.0815303E-04 9.6163593E-04 7.3825477E-03 3.9071347E-05 7.0329356E-03 1.4131458E-01 4.2482722E-02 8.2678543E-05 1.3954567E+00 1.9167347E+01 -1.3124230E-01
2.6764000E+02 2.7427000E+02 8.6700000E+00 2.4100000E+02 9 5.4690002E+01 2.9934191E-01 7.6161291E-01 -7.4747857E-02 1.4366083E-02 1.0627195E-02 1.0513650E-02 2.0341509E-04 9.7191603E-04 7.4461474E-03 3.8182013E-05 7.0879974E-03 1.4209560E-01 4.2860085E-02 8.2700779E-05 1.3950942E+00 1.9166711E+01 -1.3171155E-01
2.6764000E+02 2.7427000E+02 8.6700000E+00 2.4600000E+02 9 5.4686212E+01 3.0094230E-01 7.6549179E-01 -7.5197626E-02 1.4472963E-02 1.0651462E-02 1.0540457E-02 1.9886344E-04 9.8038200E-04 7.4994165E-03 3.7327646E-05 7.1340979E-03 1.4273563E-01 4.3178557E-02 8.2692395E-05 1.3949080E+00 1.9166054E+01 -1.3207123E-01
2.6764000E+02 2.7427000E+02 8.6700000E+00 2.5100000E+02 9 5.4683048E+01 3.0228517E-01 7.6876370E-01 -7.5575949E-02 1.4564233E-02 1.0675434E-02 1.0566873E-02 1.9448671E-04 9.8745247E-04 7.5445560E-03 3.6506113E-05 7.1731388E-03 1.4327041E-01 4.3450545E-02 8.2664763E-05 1.3948326E+00 1.9165414E+01 -1.3235362E-01
2.6764000E+02 2.7427000E+02 8.6700000E+00 2.5600000E+02 9 5.4680364E+01 3.0342789E-01 7.7156526E-01 -7.5899117E-02 1.4643002E-02 1.0699051E-02 1.0592841E-02 1.9027447E-04 9.9343125E-04 7.5832082E-03 3.5715453E-05 7.2065358E-03 1.4372489E-01 4.3685306E-02 8.2625501E-05 1.3948265E+00 1.9164814E+01 -1.3258037E-01
2.6764000E+02 2.7427000E+02 8.6700000E+00 2.6100000E+02 9 5.4678053E+01 3.0441226E-01 7.7399516E-01 -7.6178856E-02 1.4711618E-02 1.0722223E-02 1.0618277E-02 1.8621707E-04 9.9854328E-04 7.6166119E-03 3.4953860E-05 7.2353558E-03 1.4411683E-01 4.3889825E-02 8.2579760E-05 1.3948629E+00 1.9164262E+01 -1.3276630E-01
2.6764000E+02 2.7427000E+02 8.6700000E+00 2.6400000E+02 9 5.4671931E+01 3.1469075E-01 7.9506876E-01 -7.6333136E-02 1.6254676E-02 1.1627093E-02 1.1524477E-02 1.8383640E-04 1.1287113E-03 8.4051202E-03 3.4506996E-05 7.9734686E-03 1.4433564E-01 4.8492847E-02 9.0244069E-05 1.4311647E+00 1.9121820E+01 -1.2482979E-01
2.6764000E+02 2.7427000E+02 8.6700000E+00 2.6500000E+02 9 5.4666696E+01 3.2454642E-01 8.1530563E-01 -7.6383127E-02 1.7771935E-02 1.2552127E-02 1.2449950E-02 1.8304874E-04 1.2646409E-03 9.1801212E-03 3.4359150E-05 8.7020583E-03 1.4440835E-01 5.3019511E-02 9.7422229E-05 1.4700344E+00 1.9077100E+01 -1.1675774E-01
2.6764000E+02 2.7427000E+02 8.6700000E+00 2.7000000E+02 9 5.4674114E+01 3.0733063E-01 7.8058534E-01 -7.6563403E-02 1.5050029E-02 1.0932273E-02 1.0831441E-02 1.8063932E-04 1.0028314E-03 7.7869818E-03 3.3906888E-05 7.3926413E-03 1.4465293E-01 4.4899297E-02 8.4600791E-05 1.4006989E+00 1.9155931E+01 -1.3166588E-01
2.6764000E+02 2.7427000E+02 8.6700000E+00 2.7500000E+02 9 5.4671252E+01 3.1098651E-01 7.8842971E-01 -7.6725289E-02 1.5577414E-02 1.1258505E-02 1.1159064E-02 1.7814687E-04 1.0571947E-03 8.0552463E-03 3.3439044E-05 7.6438592E-03 1.4487789E-01 4.6472684E-02 8.6440615E-05 1.4126901E+00 1.9142286E+01 -1.2910567E-01
2.6764000E+02 2.7427000E+02 8.6700000E+00 2.8000000E+02 9 5.4668809E+01 3.1395474E-01 7.9488199E-01 -7.6875459E-02 1.6000577E-02 1.1540593E-02 1.1442654E-02 1.7545716E-04 1.0889951E-03 8.2696037E-03 3.2934172E-05 7.8454764E-03 1.4508733E-01 4.7735391E-02 8.8350739E-05 1.4223998E+00 1.9130706E+01 -1.2705922E-01
2.6764000E+02 2.7427000E+02 8.6700000E+00 2.8500000E+02 9 5.4666804E+01 3.1619417E-01 7.9990864E-01 -7.7014257E-02 1.6317531E-02 1.1774474E-02 1.1678063E-02 1.7271922E-04 1.1085633E-03 8.4291733E-03 3.2420247E-05 7.9965931E-03 1.4528111E-01 4.8681448E-02 8.9777874E-05 1.4297777E+00 1.9121804E+01 -1.2553296E-01
2.6764000E+02 2.7427000E+02 8.6700000E+00 2.8900000E+02 9 5.4663163E+01 3.2216505E-01 8.1250512E-01 -7.7118337E-02 1.7224741E-02 1.2370298E-02 1.2275100E-02 1.7054453E-04 1.1775755E-03 8.8907543E-03 3.2012047E-05 8.4318608E-03 1.4542792E-01 5.1388496E-02 9.4216894E-05 1.4524491E+00 1.9095187E+01 -1.2076651E-01
2.6764000E+02 2.7427000E+02 8.6700000E+00 2.9000000E+02 9 5.4655730E+01 3.3675071E-01 8.4277107E-01 -7.7143927E-02 1.9505784E-02 1.3819409E-02 1.3724514E-02 1.7000242E-04 1.3915075E-03 1.0054685E-02 3.1910291E-05 9.5297931E-03 1.4546754E-01 5.8194796E-02 1.0431378E-04 1.5148323E+00 1.9024156E+01 -1.0840860E-01
2.6764000E+02 2.7427000E+02 8.6700000E+00 2.9500000E+02 9 5.4713993E+01 3.0543079E-01 7.6733758E-01 -7.1195777E-02 1.6501488E-02 1.2010720E-02 1.1917301E-02 1.6735944E-04 1.0928867E-03 8.5173591E-03 3.1414191E-05 8.0838989E-03 1.3647039E-01 4.9231521E-02 9.0852580E-05 1.4745771E+00 1.9074887E+01 -1.1223773E-01
2.6764000E+02 2.7427000E+02 8.6700000E+00 3.0000000E+02 9 5.4778675E+01 2.8859750E-01 7.1901465E-01 -6.3340619E-02 1.6409760E-02 1.2130193E-02 1.2038207E-02 1.6479136E-04 1.0916092E-03 8.4635390E-03 3.0932148E-05 8.0444778E-03 1.2460100E-01 4.8960561E-02 8.9677705E-05 1.5346497E+00 1.9014460E+01 -9.6140796E-02
2.6764000E+02 2.7427000E+02 8.6700000E+00 3.0100000E+02 9 5.4783782E+01 3.0153195E-01 7.4435374E-01 -6.1728221E-02 1.9027132E-02 1.4048896E-02 1.3957195E-02 1.6428077E-04 1.3288536E-03 9.7914054E-03 3.0836308E-05 9.3140866E-03 1.2217009E-01 5.6774326E-02 1.0134419E-04 1.6444866E+00 1.8893591E+01 -7.8099087E-02
2.6764000E+02 2.7427000E+02 8.6700000E+00 3.0200000E+02 9 5.4797510E+01 2.9734610E-01 7.3294736E-01 -6.0103584E-02 1.8894528E-02 1.4043807E-02 1.3952389E-02 1.6377321E-04 1.2828136E-03 9.7212765E-03 3.0741038E-05 9.2524922E-03 1.1971630E-01 5.6379708E-02 1.0207542E-04 1.6576476E+00 1.8878677E+01 -7.5345046E-02
2.6764000E+02 2.7427000E+02 8.6700000E+00 3.0300000E+02 9 5.4811403E+01 2.9285452E-01 7.2102145E-01 -5.8477180E-02 1.8722054E-02 1.4020106E-02 1.3929241E-02 1.6278337E-04 1.2455066E-03 9.6302608E-03 3.0555240E-05 9.1716094E-03 1.1726055E-01 5.5866232E-02 1.0186653E-04 1.6700635E+00 1.8865652E+01 -7.2781696E-02
2.6764000E+02 2.7427000E+02 8.6700000E+00 3.0800000E+02 9 5.4879828E+01 2.5747855E-01 6.3531073E-01 -5.1391371E-02 1.5459231E-02 1.2038647E-02 1.1950762E-02 1.5744409E-04 9.6931995E-04 7.9582417E-03 2.9553031E-05 7.6003530E-03 1.0655113E-01 4.6131932E-02 8.5211059E-05 1.6205099E+00 1.8928763E+01 -7.5686599E-02
2.6764000E+02 2.7427000E+02 8.6700000E+00 3.1300000E+02 9 5.4928626E+01 2.4153019E-01 5.9371360E-01 -4.5696156E-02 1.4862724E-02 1.1998983E-02 1.1914416E-02 1.5149943E-04 9.0330491E-04 7.6394068E-03 2.8437188E-05 7.3216191E-03 9.7947085E-02 4.4357071E-02 8.1481979E-05 1.6661144E+00 1.8884237E+01 -6.6541459E-02
2.6764000E+02 2.7427000E+02 8.6700000E+00 3.1800000E+02 9 5.4966454E+01 2.2862212E-01 5.6063427E-01 -4.1322425E-02 1.4309296E-02 1.1970209E-02 1.1889119E-02 1.4527082E-04 8.1998108E-04 7.3431698E-03 2.7268047E-05 7.0623590E-03 9.1339106E-02 4.2710232E-02 7.8794748E-05 1.7019714E+00 1.8848444E+01 -5.9940812E-02
2.6764000E+02 2.7427000E+02 8.6700000E+00 3.2300000E+02 9 5.4995042E+01 2.1836088E-01 5.3491443E-01 -3.8054942E-02 1.3811840E-02 1.1946596E-02 1.1868962E-02 1.3908098E-04 7.4350032E-04 7.0767498E-03 2.6106183E-05 6.8284988E-03 8.6401940E-02 4.1229692E-02 7.6585631E-05 1.7281452E+00 1.8822118E+01 -5.5370952E-02
2.6764000E+02 2.7427000E+02 8.6700000E+00 3.2800000E+02 9 5.5016369E+01 2.1030128E-01 5.1517963E-01 -3.5648150E-02 1.3379674E-02 1.1926875E-02 1.1852559E-02 1.3313579E-04 6.8250546E-04 6.8452078E-03 2.4990243E-05 6.6244865E-03 8.2764760E-02 3.9943202E-02 7.4721353E-05 1.7462295E+00 1.8803867E+01 -5.2280668E-02
2.6764000E+02 2.7427000E+02 8.6700000E+00 3.2900000E+02 9 5.5014154E+01 2.2122133E-01 5.4003876E-01 -3.5199237E-02 1.5374046E-02 1.3805599E-02 1.3731940E-02 1.3195799E-04 7.5373834E-04 7.8467643E-03 2.4769163E-05 7.6030790E-03 8.2091986E-02 4.5901197E-02 8.4362762E-05 1.8880131E+00 1.8651494E+01 -3.9459065E-02
2.6764000E+02 2.7427000E+02 8.6700000E+00 3.3000000E+02 9 5.5018011E+01 2.1952589E-01 5.3595853E-01 -3.4780794E-02 1.5249890E-02 1.3770287E-02 1.3697279E-02 1.3079264E-04 7.3194355E-04 7.7817934E-03 2.4550422E-05 7.5433948E-03 8.1460445E-02 4.5531021E-02 8.4972322E-05 1.8890312E+00 1.8648886E+01 -3.9195659E-02
2.6764000E+02 2.7427000E+02 8.6700000E+00 3.3500000E+02 9 5.5012153E+01 2.0981534E-01 5.1174397E-01 -3.3749727E-02 1.2707959E-02 1.1788983E-02 1.1719019E-02 1.2533961E-04 6.0576959E-04 6.4897359E-03 2.3526861E-05 6.3040504E-03 8.3976220E-02 3.7941681E-02 7.2254814E-05 1.6774724E+00 1.8872697E+01 -5.9707087E-02
2.6764000E+02 2.7427000E+02 8.6700000E+00 3.4000000E+02 9 5.4987443E+01 2.1933051E-01 5.2980622E-01 -3.3265682E-02 1.2700271E-02 1.1765798E-02 1.1698664E-02 1.2026928E-04 6.2291985E-04 6.4830030E-03 2.2575135E-05 6.2957021E-03 8.8526821E-02 3.7918145E-02 7.1750207E-05 1.6084074E+00 1.8942655E+01 -6.9469810E-02
2.6764000E+02 2.7427000E+02 8.6700000E+00 3.4500000E+02 9 5.4961311E+01 2.3086255E-01 5.5160653E-01 -3.3027438E-02 1.2979602E-02 1.1765747E-02 1.1701239E-02 1.1556442E-04 6.7191707E-04 6.6277919E-03 2.1692010E-05 6.4200740E-03 9.3145898E-02 3.8749081E-02 7.3032556E-05 1.5582140E+00 1.8992869E+01 -7.7894903E-02
2.6764000E+02 2.7427000E+02 8.6700000E+00 3.5000000E+02 9 5.4938208E+01 2.4196122E-01 5.7236626E-01 -3.2892376E-02 1.3386441E-02 1.1772567E-02 1.1710497E-02 1.1119709E-04 7.3363786E-04 6.8404348E-03 2.0872240E-05 6.6030834E-03 9.7121696E-02 3.9959554E-02 7.4942043E-05 1.5243278E+00 1.9026568E+01 -8.4377439E-02
2.6764000E+02 2.7427000E+02 8.6700000E+00 3.5500000E+02 9 5.4919482E+01 2.5155334E-01 5.9009996E-01 -3.2794329E-02 1.3814476E-02 1.1779635E-02 1.1719832E-02 1.0713666E-04 7.9452502E-04 7.0648628E-03 2.0110077E-05 6.7956868E-03 1.0027771E-01 4.1233115E-02 7.6896102E-05 1.5020433E+00 1.9048646E+01 -8.9078596E-02
2.6764000E+02 2.7427000E+02 8.6700000E+00 3.6000000E+02 9 5.4905074E+01 2.5933944E-01 6.0431533E-01 -3.2705198E-02 1.4206251E-02 1.1784278E-02 1.1726587E-02 1.0335360E-04 8.4708247E-04 7.2705646E-03 1.9399978E-05 6.9715917E-03 1.0266325E-01 4.2398785E-02 7.8629538E-05 1.4875462E+00 1.9062972E+01 -9.2368769E-02
2.6764000E+02 2.7427000E+02 8.6700000E+00 3.6500000E+02 9 5.4894342E+01 2.6542397E-01 6.1527628E-01 -3.2615754E-02 1.4538959E-02 1.1785794E-02 1.1730074E-02 9.9820958E-05 8.8940782E-04 7.4452887E-03 1.8736885E-05 7.1204881E-03 1.0441255E-01 4.3388706E-02 8.0057094E-05 1.4781484E+00 1.9072243E+01 -9.4623447E-02
2.6764000E+02 2.7427000E+02 8.6700000E+00 3.7000000E+02 9 5.4886488E+01 2.7008102E-01 6.2354628E-01 -3.2525105E-02 1.4809986E-02 1.1784460E-02 1.1730586E-02 9.6514751E-05 9.2233723E-04 7.5875048E-03 1.8116293E-05 7.2413013E-03 1.0567411E-01 4.4195126E-02 8.1184993E-05 1.4720418E+00 1.9078261E+01 -9.6153314E-02
2.6764000E+02 2.7427000E+02 8.6700000E+00 3.7500000E+02 9 5.4880778E+01 2.7361775E-01 6.2973079E-01 -3.2435188E-02 1.5026176E-02 1.1780935E-02 1.1728791E-02 9.3413822E-05 9.4752559E-04 7.7007426E-03 1.7534234E-05 7.3372332E-03 1.0657859E-01 4.4838410E-02 8.2056975E-05 1.4680404E+00 1.9082203E+01 -9.7190765E-02
2.6764000E+02 2.7427000E+02 8.6700000E+00 3.8000000E+02 9 5.4876617E+01 2.7630858E-01 6.3435940E-01 -3.2348257E-02 1.5197357E-02 1.1775919E-02 1.1725403E-02 9.0499551E-05 9.6669225E-04 7.7901605E-03 1.6987211E-05 7.4128074E-03 1.0722877E-01 4.5347803E-02 8.2725270E-05 1.4653816E+00 1.9084825E+01 -9.7899312E-02
2.6764000E+02 2.7427000E+02 8.6700000E+00 3.8500000E+02 9 5.4873558E+01 2.7837357E-01 6.3785066E-01 -3.2265999E-02 1.5333126E-02 1.1770012E-02 1.1721027E-02 8.7755513E-05 9.8130490E-04 7.8608228E-03 1.6472141E-05 7.4724101E-03 1.0770045E-01 4.5751849E-02 8.3237504E-05 1.4635805E+00 1.9086604E+01 -9.8389743E-02
2.6764000E+02 2.7427000E+02 8.6700000E+00 3.9000000E+02 9 5.4871278E+01 2.7997905E-01 6.4051719E-01 -3.2189386E-02 1.5441598E-02 1.1763662E-02 1.1716122E-02 8.5167151E-05 9.9251594E-04 7.9170276E-03 1.5986293E-05 7.5197358E-03 1.0804739E-01 4.6074689E-02 8.3632393E-05 1.4623310E+00 1.9087841E+01 -9.8735483E-02
2.6764000E+02 2.7427000E+02 8.6700000E+00 3.9500000E+02 9 5.4869551E+01 2.8124657E-01 6.4258511E-01 -3.2118800E-02 1.5529173E-02 1.1757182E-02 1.1711007E-02 8.2721509E-05 1.0012035E-03 7.9621714E-03 1.5527234E-05 7.5576872E-03 1.0830693E-01 4.6335360E-02 8.3939596E-05 1.4614398E+00 1.9088727E+01 -9.8984662E-02
2.6764000E+02 2.7427000E+02 8.6700000E+00 4.0000000E+02 9 5.4868219E+01 2.8226356E-01 6.4421542E-01 -3.2054225E-02 1.5600717E-02 1.1750769E-02 1.1705886E-02 8.0406997E-05 1.0080160E-03 7.9988407E-03 1.5092789E-05 7.5884637E-03 1.0850474E-01 4.6548329E-02 8.4181126E-05 1.4607843E+00 1.9089381E+01 -9.9168776E-02
2.6764000E+02 2.7427000E+02 8.6700000E+00 4.0500000E+02 9 5.4867173E+01 2.8309260E-01 6.4552212E-01 -3.1995400E-02 1.5659866E-02 1.1744538E-02 1.1700880E-02 7.8213207E-05 1.0134323E-03 8.0289720E-03 1.4681004E-05 7.6137049E-03 1.0865844E-01 4.6724417E-02 8.4373103E-05 1.4602863E+00 1.9089881E+01 -9.9308509E-02
2.6764000E+02 2.7427000E+02 8.6700000E+00 4.1000000E+02 9 5.4866337E+01 2.8377859E-01 6.4658617E-01 -3.1941939E-02 1.5709328E-02 1.1738545E-02 1.1696049E-02 7.6130760E-05 1.0178010E-03 8.0540082E-03 1.4290118E-05 7.6346268E-03 1.0878020E-01 4.6871674E-02 8.4527249E-05 1.4598949E+00 1.9090277E+01 -9.9417568E-02
2.6764000E+02 2.7427000E+02 8.6700000E+00 4.1200000E+02 9 5.4859128E+01 2.9788542E-01 6.7549289E-01 -3.1921385E-02 1.7890124E-02 1.3093369E-02 1.3051328E-02 7.5315020E-05 1.2041441E-03 9.1687678E-03 1.4137000E-05 8.6817593E-03 1.0882875E-01 5.3378557E-02 9.4931710E-05 1.5285430E+00 1.9012805E+01 -8.7790002E-02
2.6764000E+02 2.7427000E+02 8.6700000E+00 4.1700000E+02 9 5.4865928E+01 2.8352368E-01 6.4565827E-01 -3.1874745E-02 1.5602467E-02 1.1644529E-02 1.1603571E-02 7.3375283E-05 9.9363829E-04 7.9985495E-03 1.3772902E-05 7.5800717E-03 1.0891441E-01 4.6552564E-02 8.4359389E-05 1.4545254E+00 1.9095797E+01 -1.0040365E-01
2.6764000E+02 2.7427000E+02 8.6700000E+00 4.2200000E+02 9 5.4865407E+01 2.8398254E-01 6.4638270E-01 -3.1832405E-02 1.5639933E-02 1.1635062E-02 1.1595135E-02 7.1527785E-05 1.0093528E-03 8.0173430E-03 1.3426117E-05 7.5956876E-03 1.0898863E-01 4.6664066E-02 8.3992637E-05 1.4545124E+00 1.9096325E+01 -1.0044982E-01
2.6764000E+02 2.7427000E+02 8.6700000E+00 4.2700000E+02 9 5.4864859E+01 2.8459828E-01 6.4738479E-01 -3.1793943E-02 1.5702069E-02 1.1640580E-02 1.1601637E-02 6.9765828E-05 1.0187401E-03 8.0488965E-03 1.3095389E-05 7.6231149E-03 1.0905131E-01 4.6849137E-02 8.4178098E-05 1.4552348E+00 1.9095553E+01 -1.0034416E-01
2.6764000E+02 2.7427000E+02 8.6700000E+00 4.2900000E+02 9 5.4857707E+01 2.9876953E-01 6.7639575E-01 -3.1779152E-02 1.7898378E-02 1.2996582E-02 1.2958025E-02 6.9074319E-05 1.2083244E-03 9.1721018E-03 1.2965589E-05 8.6773005E-03 1.0907902E-01 5.3402180E-02 9.4675282E-05 1.5239616E+00 1.9017964E+01 -8.8599907E-02
2.6764000E+02 2.7427000E+02 8.6700000E+00 4.3000000E+02 9 5.4855508E+01 3.0309580E-01 6.8525898E-01 -3.1771903E-02 1.8564574E-02 1.3428076E-02 1.3389710E-02 6.8731833E-05 1.2501083E-03 9.5122706E-03 1.2901303E-05 8.9975197E-03 1.0909196E-01 5.5390119E-02 9.8346068E-05 1.5464645E+00 1.8991992E+01 -8.5022876E-02
2.6764000E+02 2.7427000E+02 8.6700000E+00 4.3500000E+02 9 5.4862991E+01 2.8773163E-01 6.5344117E-01 -3.1745706E-02 1.6140699E-02 1.1892165E-02 1.1854884E-02 6.6788698E-05 1.0296629E-03 8.2722133E-03 1.2536567E-05 7.8305080E-03 1.0913403E-01 4.8157592E-02 8.7040696E-05 1.4666858E+00 1.9081649E+01 -9.8265535E-02
2.6764000E+02 2.7427000E+02 8.6700000E+00 4.3600000E+02 9 5.4853422E+01 3.0686381E-01 6.9316399E-01 -3.1740631E-02 1.9143368E-02 1.3812929E-02 1.3775858E-02 6.6410811E-05 1.3176310E-03 9.8058641E-03 1.2465636E-05 9.2750441E-03 1.0914798E-01 5.7117702E-02 9.9564806E-05 1.5667488E+00 1.8970984E+01 -8.1982385E-02
2.6764000E+02 2.7427000E+02 8.6700000E+00 4.3700000E+02 9 5.4855053E+01 3.0717677E-01 6.9277334E-01 -3.1303151E-02 1.9221520E-02 1.3864806E-02 1.3827944E-02 6.6038952E-05 1.2926983E-03 9.8458162E-03 1.2395836E-05 9.3120273E-03 1.0879166E-01 5.7350774E-02 1.0110392E-04 1.5698256E+00 1.8966100E+01 -8.1302896E-02
2.6764000E+02 2.7427000E+02 8.6700000E+00 4.3800000E+02 9 5.4859516E+01 3.0686460E-01 6.9001035E-01 -3.0266519E-02 1.9273071E-02 1.3903856E-02 1.3867203E-02 6.5663402E-05 1.2761861E-03 9.8719498E-03 1.2325344E-05 9.3364986E-03 1.0792776E-01 5.7504595E-02 1.0201373E-04 1.5735110E+00 1.8961316E+01 -8.0324465E-02
2.6764000E+02 2.7427000E+02 8.6700000E+00 4.4300000E+02 9 5.4921288E+01 2.8206020E-01 6.1571675E-01 -1.8465377E-02 1.6655360E-02 1.2246009E-02 1.2209972E-02 6.4560166E-05 1.0441985E-03 8.5331816E-03 1.2118261E-05 8.0771030E-03 9.7989638E-02 4.9693671E-02 8.9843320E-05 1.5033114E+00 1.9042023E+01 -8.6243796E-02
2.6764000E+02 2.7427000E+02 8.6700000E+00 4.4400000E+02 9 5.4923997E+01 2.9804278E-01 6.4437372E-01 -1.5916895E-02 1.9458886E-02 1.4131111E-02 1.4095197E-02 6.4338793E-05 1.2905855E-03 9.9625739E-03 1.2076708E-05 9.4292369E-03 9.5848393E-02 5.8060875E-02 1.0159707E-04 1.6160014E+00 1.8918723E+01 -6.9092926E-02
2.6764000E+02 2.7427000E+02 8.6700000E+00 4.4500000E+02 9 5.4936012E+01 2.9633989E-01 6.3552616E-01 -1.3251667E-02 1.9466027E-02 1.4153780E-02 1.4117999E-02 6.4101181E-05 1.2535664E-03 9.9658547E-03 1.2032107E-05 9.4327531E-03 9.3604131E-02 5.8082281E-02 1.0279949E-04 1.6227919E+00 1.8910218E+01 -6.7195805E-02
2.6764000E+02 2.7427000E+02 8.6700000E+00 4.5000000E+02 9 5.4997313E+01 2.7319893E-01 5.6450524E-01 -1.3781303E-03 1.7118641E-02 1.2665487E-02 1.2630295E-02 6.3045615E-05 1.0432090E-03 8.7654572E-03 1.1833972E-05 8.3031049E-03 8.3593666E-02 5.1077784E-02 9.2293067E-05 1.5541136E+00 1.8987920E+01 -7.1592870E-02
2.6764000E+02 2.7427000E+02 8.6700000E+00 4.5300000E+02 9 5.5023309E+01 2.7783757E-01 5.6165938E-01 5.3752547E-03 1.8598102E-02 1.3791139E-02 1.3756299E-02 6.2414825E-05 1.1158982E-03 9.5159735E-03 1.1715570E-05 9.0205198E-03 7.7905245E-02 5.5494888E-02 9.9024669E-05 1.6379514E+00 1.8897072E+01 -5.8577651E-02
2.6764000E+02 2.7427000E+02 8.6700000E+00 4.5400000E+02 9 5.5029445E+01 2.8411864E-01 5.7102456E-01 7.5860913E-03 1.9841043E-02 1.4774765E-02 1.4740044E-02 6.2202231E-05 1.1519753E-03 1.0145785E-02 1.1675665E-05 9.6246171E-03 7.6044755E-02 5.9206247E-02 1.0465907E-04 1.7119769E+00 1.8816890E+01 -5.0009647E-02
2.6764000E+02 2.7427000E+02 8.6700000E+00 4.5900000E+02 9 5.5088322E+01 2.5809074E-01 4.9590659E-01 1.8540602E-02 1.6952119E-02 1.2911722E-02 1.2877763E-02 6.0835424E-05 9.3930385E-04 8.6692875E-03 1.1419108E-05 8.2331118E-03 6.6811171E-02 5.0585176E-02 9.1562863E-05 1.5993595E+00 1.8941160E+01 -5.8001520E-02
2.6764000E+02 2.7427000E+02 8.6700000E+00 4.6400000E+02 9 5.5129777E+01 2.4969888E-01 4.6221653E-01 2.7439094E-02 1.6638304E-02 1.2918437E-02 1.2885170E-02 5.9597522E-05 8.7968296E-04 8.5024708E-03 1.1186748E-05 8.0880490E-03 5.9318320E-02 4.9651096E-02 8.9500976E-05 1.6125862E+00 1.8928740E+01 -5.3139446E-02
2.6764000E+02 2.7427000E+02 8.6700000E+00 4.6900000E+02 9 5.5162102E+01 2.4303964E-01 4.3588904E-01 3.4368166E-02 1.6380249E-02 1.2949724E-02 1.2917042E-02 5.8548363E-05 8.2441553E-04 8.3647657E-03 1.0989816E-05 7.9692628E-03 5.3488148E-02 4.8883021E-02 8.8225887E-05 1.6237205E+00 1.8917618E+01 -4.9377938E-02
2.6764000E+02 2.7427000E+02 8.6700000E+00 4.7400000E+02 9 5.5186983E+01 2.3769522E-01 4.1539540E-01 3.9679883E-02 1.6152161E-02 1.2988432E-02 1.2956262E-02 5.7631510E-05 7.7640925E-04 8.2427817E-03 1.0817718E-05 7.8645065E-03 4.9023482E-02 4.8204040E-02 8.7240113E-05 1.6319361E+00 1.8909210E+01 -4.6604176E-02
2.6764000E+02 2.7427000E+02 8.6700000E+00 4.7900000E+02 9 5.5206040E+01 2.3338368E-01 3.9944770E-01 4.3726757E-02 1.5947260E-02 1.3026362E-02 1.2994657E-02 5.6800443E-05 7.3611500E-04 8.1330578E-03 1.0661722E-05 7.7704528E-03 4.5626712E-02 4.7593930E-02 8.6396610E-05 1.6373993E+00 1.8903525E+01 -4.4613874E-02
2.6764000E+02 2.7427000E+02 8.6700000E+00 4.8100000E+02 9 5.5207473E+01 2.4255687E-01 4.1694931E-01 4.5164978E-02 1.7590352E-02 1.4388579E-02 1.4357052E-02 5.6479215E-05 7.7531993E-04 8.9647028E-03 1.0601426E-05 8.5699168E-03 4.4424675E-02 5.2500147E-02 9.4480053E-05 1.7583871E+00 1.8773663E+01 -3.4250259E-02
2.6764000E+02 2.7427000E+02 8.6700000E+00 4.8200000E+02 9 5.5209158E+01 2.4484162E-01 4.2101751E-01 4.5841624E-02 1.8047149E-02 1.4828227E-02 1.4796789E-02 5.6321114E-05 7.7632906E-04 9.1946232E-03 1.0571750E-05 8.7935606E-03 4.3859019E-02 5.3864519E-02 9.7195627E-05 1.8022163E+00 1.8726319E+01 -3.1067518E-02
2.6764000E+02 2.7427000E+02 8.6700000E+00 4.8700000E+02 9 5.5230291E+01 2.2524905E-01 3.7450307E-01 4.8570322E-02 1.5250251E-02 1.2816949E-02 1.2786021E-02 5.5406983E-05 6.6538484E-04 7.7701441E-03 1.0400163E-05 7.4405177E-03 4.1570866E-02 4.5515158E-02 8.3734459E-05 1.6186177E+00 1.8923146E+01 -4.4602515E-02
2.6764000E+02 2.7427000E+02 8.6700000E+00 4.9200000E+02 9 5.5240644E+01 2.2194289E-01 3.6401063E-01 5.0664757E-02 1.4975324E-02 1.2705633E-02 1.2675180E-02 5.4556015E-05 6.4919310E-04 7.6273198E-03 1.0240432E-05 7.3094932E-03 3.9823131E-02 4.4694936E-02 8.1778763E-05 1.6114170E+00 1.8931849E+01 -4.4532708E-02
2.6764000E+02 2.7427000E+02 8.6700000E+00 4.9700000E+02 9 5.5248465E+01 2.1976236E-01 3.5654252E-01 5.2288402E-02 1.4814119E-02 1.2634859E-02 1.2604846E-02 5.3769345E-05 6.3814992E-04 7.5437015E-03 1.0092771E-05 7.2320108E-03 3.8472514E-02 4.4213750E-02 8.0930934E-05 1.6082944E+00 1.8935412E+01 -4.4245141E-02
2.6764000E+02 2.7427000E+02 8.6700000E+00 5.0200000E+02 9 5.5254546E+01 2.1819661E-01 3.5091749E-01 5.3570045E-02 1.4707112E-02 1.2585921E-02 1.2556327E-02 5.3017258E-05 6.2912189E-04 7.4881707E-03 9.9516001E-06 7.1802269E-03 3.7410020E-02 4.3894237E-02 8.0487174E-05 1.6067530E+00 1.8937057E+01 -4.3930333E-02
2.6764000E+02 2.7427000E+02 8.6700000E+00 5.0500000E+02 9 5.5254064E+01 2.2469703E-01 3.6359879E-01 5.4238111E-02 1.5815536E-02 1.3429048E-02 1.3399701E-02 5.2573932E-05 6.6405344E-04 8.0513360E-03 9.8683856E-06 7.7165959E-03 3.6860471E-02 4.7202981E-02 8.6254977E-05 1.6807783E+00 1.8857117E+01 -3.7311277E-02
2.6764000E+02 2.7427000E+02 8.6700000E+00 5.0600000E+02 9 5.5251646E+01 2.3130490E-01 3.7759485E-01 5.4450344E-02 1.6899637E-02 1.4309017E-02 1.4279752E-02 5.2426897E-05 6.8832714E-04 8.6008110E-03 9.8407864E-06 8.2433362E-03 3.6687849E-02 5.0439928E-02 9.1530144E-05 1.7665319E+00 1.8765644E+01 -3.1027479E-02
2.6764000E+02 2.7427000E+02 8.6700000E+00 5.1100000E+02 9 5.5264295E+01 2.1344787E-01 3.3782488E-01 5.5361920E-02 1.4158985E-02 1.2263961E-02 1.2235153E-02 5.1608640E-05 5.9436951E-04 7.2071431E-03 9.6871956E-06 6.9151799E-03 3.5931718E-02 4.2257938E-02 7.8426788E-05 1.5820401E+00 1.8962961E+01 -4.5636127E-02
2.6764000E+02 2.7427000E+02 8.6700000E+00 5.1600000E+02 9 5.5268064E+01 2.1205516E-01 3.3330101E-01 5.6112150E-02 1.4010078E-02 1.2123424E-02 1.2095046E-02 5.0839298E-05 5.9646237E-04 7.1318226E-03 9.5427863E-06 6.8413989E-03 3.5316179E-02 4.1813000E-02 7.7096473E-05 1.5753883E+00 1.8970968E+01 -4.6030000E-02
2.6764000E+02 2.7427000E+02 8.6700000E+00 5.2100000E+02 9 5.5270959E+01 2.1136204E-01 3.3036501E-01 5.6736125E-02 1.3950703E-02 1.2030968E-02 1.2002988E-02 5.0124541E-05 5.9850293E-04 7.1026366E-03 9.4086229E-06 6.8103545E-03 3.4806527E-02 4.1635182E-02 7.6733271E-05 1.5729124E+00 1.8973819E+01 -4.6053079E-02
2.6764000E+02 2.7427000E+02 8.6700000E+00 5.2600000E+02 9 5.5273315E+01 2.1094697E-01 3.2819578E-01 5.7263657E-02 1.3924018E-02 1.1964926E-02 1.1937328E-02 4.9440414E-05 5.9905887E-04 7.0899910E-03 9.2802089E-06 6.7953062E-03 3.4377494E-02 4.1555041E-02 7.6652421E-05 1.5719405E+00 1.8974876E+01 -4.5958441E-02
2.6764000E+02 2.7427000E+02 8.6700000E+00 5.3100000E+02 9 5.5275306E+01 2.1063977E-01 3.2643157E-01 5.7716100E-02 1.3907687E-02 1.1913838E-02 1.1886613E-02 4.8772523E-05 5.9825571E-04 7.0823932E-03 9.1548424E-06 6.7855726E-03 3.4011119E-02 4.1505932E-02 7.6636214E-05 1.5714221E+00 1.8975400E+01 -4.5844183E-02
2.6764000E+02 2.7427000E+02 8.6700000E+00 5.3600000E+02 9 5.5277027E+01 2.1037678E-01 3.2491068E-01 5.8108928E-02 1.3893634E-02 1.1871228E-02 1.1844371E-02 4.8113918E-05 5.9656417E-04 7.0757768E-03 9.0312190E-06 6.7771804E-03 3.3694409E-02 4.1463721E-02 7.6618366E-05 1.5709644E+00 1.8975851E+01 -4.5744725E-02
2.6764000E+02 2.7427000E+02 8.6700000E+00 5.4100000E+02 9 5.5278536E+01 2.1013746E-01 3.2356041E-01 5.8453556E-02 1.3879594E-02 1.1833538E-02 1.1807045E-02 4.7461800E-05 5.9450662E-04 7.0690654E-03 8.9088132E-06 6.7689386E-03 3.3417781E-02 4.1421616E-02 7.6585054E-05 1.5704534E+00 1.8976359E+01 -4.5667981E-02
2.6764000E+02 2.7427000E+02 8.6700000E+00 5.4600000E+02 9 5.5279872E+01 2.0991758E-01 3.2234672E-01 5.8758573E-02 1.3865451E-02 1.1798932E-02 1.1772800E-02 4.6815501E-05 5.9241920E-04 7.0622597E-03 8.7874998E-06 6.7607166E-03 3.3174024E-02 4.1379242E-02 7.6538829E-05 1.5698823E+00 1.8976933E+01 -4.5611878E-02
2.6764000E+02 2.7427000E+02 8.6700000E+00 5.5100000E+02 9 5.5281062E+01 2.0971687E-01 3.2125068E-01 5.9030571E-02 1.3851629E-02 1.1766522E-02 1.1740747E-02 4.6175335E-05 5.9057172E-04 7.0556126E-03 8.6673375E-06 6.7526734E-03 3.2957606E-02 4.1337847E-02 7.6485355E-05 1.5692773E+00 1.8977547E+01 -4.5571714E-02
2.6764000E+02 2.7427000E+02 8.6700000E+00 5.5600000E+02 9 5.5282128E+01 2.0953618E-01 3.2025894E-01 5.9274703E-02 1.3838534E-02 1.1735881E-02 1.1710460E-02 4.5541965E-05 5.8885218E-04 7.0493494E-03 8.5484508E-06 6.7449832E-03 3.2764201E-02 4.1298634E-02 7.6429344E-05 1.5686590E+00 1.8978175E+01 -4.5543295E-02
2.6764000E+02 2.7427000E+02 8.6700000E+00 5.6100000E+02 9 5.5283086E+01 2.0937459E-01 3.1936003E-01 5.9495067E-02 1.3826396E-02 1.1706787E-02 1.1681715E-02 4.4916094E-05 5.8739607E-04 7.0435898E-03 8.4309717E-06 6.7377514E-03 3.2590375E-02 4.1262279E-02 7.6373777E-05 1.5680485E+00 1.8978797E+01 -4.5523213E-02
2.6764000E+02 2.7427000E+02 8.6700000E+00 5.6600000E+02 9 5.5283952E+01 2.0923096E-01 3.1854368E-01 5.9694966E-02 1.3815303E-02 1.1679099E-02 1.1654372E-02 4.4298336E-05 5.8617071E-04 7.0383769E-03 8.3150156E-06 6.7310246E-03 3.2433363E-02 4.1229051E-02 7.6320297E-05 1.5674559E+00 1.8979400E+01 -4.5509174E-02
2.6764000E+02 2.7427000E+02 8.6700000E+00 5.7100000E+02 9 5.5284736E+01 2.0910425E-01 3.1780069E-01 5.9877102E-02 1.3805263E-02 1.1652700E-02 1.1628313E-02 4.3689180E-05 5.8500714E-04 7.0337088E-03 8.2006740E-06 6.7248105E-03 3.2290907E-02 4.1198966E-02 7.6269676E-05 1.5668828E+00 1.8979983E+01 -4.5499721E-02
2.6764000E+02 2.7427000E+02 8.6700000E+00 5.7600000E+02 9 5.5285449E+01 2.0899231E-01 3.1712266E-01 6.0043707E-02 1.3796211E-02 1.1627487E-02 1.1603435E-02 4.3088989E-05 5.8403207E-04 7.0295483E-03 8.0880152E-06 6.7190835E-03 3.2161143E-02 4.1171834E-02 7.6222119E-05 1.5663351E+00 1.8980539E+01 -4.5493685E-02
2.6764000E+02 2.7427000E+02 8.6700000E+00 5.8100000E+02 9 5.5286100E+01 2.0889373E-01 3.1650228E-01 6.0196645E-02 1.3788074E-02 1.1603360E-02 1.1579637E-02 4.2498020E-05 5.8317396E-04 7.0258549E-03 7.9770874E-06 6.7138110E-03 3.2042520E-02 4.1147433E-02 7.6177579E-05 1.5658114E+00 1.8981071E+01 -4.5490379E-02
2.6764000E+02 2.7427000E+02 8.6700000E+00 5.8200000E+02 9 5.5278441E+01 2.2449600E-01 3.4935270E-01 6.0226700E-02 1.6252282E-02 1.3386367E-02 1.3362710E-02 4.2380197E-05 6.7157271E-04 8.2807270E-03 7.9549714E-06 7.9046639E-03 3.2024572E-02 4.8503424E-02 8.7424241E-05 1.7302540E+00 1.8805959E+01 -3.1919571E-02
2.6764000E+02 2.7427000E+02 8.6700000E+00 5.8700000E+02 9 5.5286900E+01 2.0863999E-01 3.1557345E-01 6.0369906E-02 1.3759620E-02 1.1574730E-02 1.1551574E-02 4.1483093E-05 5.7745810E-04 7.0115952E-03 7.7865806E-06 6.6983434E-03 3.1911278E-02 4.1062390E-02 7.6393061E-05 1.5642522E+00 1.8982251E+01 -4.5576714E-02
2.6764000E+02 2.7427000E+02 8.6700000E+00 5.9200000E+02 9 5.5287316E+01 2.0887928E-01 3.1564961E-01 6.0508498E-02 1.3801009E-02 1.1575441E-02 1.1552781E-02 4.0596361E-05 5.8234805E-04 7.0330763E-03 7.6201366E-06 6.7166409E-03 3.1806763E-02 4.1185840E-02 7.6145537E-05 1.5662897E+00 1.8980567E+01 -4.5333667E-02
2.6764000E+02 2.7427000E+02 8.6700000E+00 5.9700000E+02 9 5.5287692E+01 2.0915514E-01 3.1575264E-01 6.0641883E-02 1.3843948E-02 1.1570747E-02 1.1548584E-02 3.9705069E-05 5.8461960E-04 7.0555582E-03 7.4528368E-06 6.7354323E-03 3.1706916E-02 4.1313841E-02 7.6275496E-05 1.5681972E+00 1.8978584E+01 -4.5101350E-02
2.6764000E+02 2.7427000E+02 8.6700000E+00 6.0200000E+02 9 5.5288066E+01 2.0937728E-01 3.1575299E-01 6.0768542E-02 1.3877360E-02 1.1560176E-02 1.1538514E-02 3.8806488E-05 5.8516566E-04 7.0731080E-03 7.2841686E-06 6.7497049E-03 3.1612701E-02 4.1413435E-02 7.6438816E-05 1.5695392E+00 1.8977116E+01 -4.4925228E-02
2.6764000E+02 2.7427000E+02 8.6700000E+00 6.0700000E+02 9 5.5288443E+01 2.0953279E-01 3.1564687E-01 6.0887496E-02 1.3900420E-02 1.1545582E-02 1.1524420E-02 3.7910984E-05 5.8489692E-04 7.0852651E-03 7.1160781E-06 6.7591179E-03 3.1524727E-02 4.1482164E-02 7.6562206E-05 1.5703407E+00 1.8976216E+01 -4.4804353E-02
2.6764000E+02 2.7427000E+02 8.6700000E+00 6.1200000E+02 9 5.5288816E+01 2.0963245E-01 3.1546175E-01 6.0998427E-02 1.3915121E-02 1.1528602E-02 1.1507932E-02 3.7030341E-05 5.8432507E-04 7.0930749E-03 6.9507771E-06 6.7646149E-03 3.1443118E-02 4.1525964E-02 7.6639772E-05 1.5707282E+00 1.8975764E+01 -4.4726896E-02
2.6764000E+02 2.7427000E+02 8.6700000E+00 6.1700000E+02 9 5.5289177E+01 2.0969260E-01 3.1522763E-01 6.1101495E-02 1.3923870E-02 1.1510346E-02 1.1490154E-02 3.6173588E-05 5.8351460E-04 7.0978042E-03 6.7899604E-06 6.7673244E-03 3.1367657E-02 4.1552009E-02 7.6681867E-05 1.5708242E+00 1.8975631E+01 -4.4680630E-02
2.6764000E+02 2.7427000E+02 8.6700000E+00 6.2200000E+02 9 5.5289522E+01 2.0972644E-01 3.1496836E-01 6.1197133E-02 1.3928681E-02 1.1491540E-02 1.1471810E-02 3.5346272E-05 5.8277129E-04 7.1005092E-03 6.6346692E-06 6.7681925E-03 3.1297942E-02 4.1566302E-02 7.6700069E-05 1.5707353E+00 1.8975701E+01 -4.4655332E-02
2.6764000E+02 2.7427000E+02 8.6700000E+00 6.2700000E+02 9 5.5289848E+01 2.0974422E-01 3.1470065E-01 6.1285895E-02 1.3931033E-02 1.1472658E-02 1.1453372E-02 3.4551060E-05 5.8213921E-04 7.1019592E-03 6.4854039E-06 6.7679188E-03 3.1233501E-02 4.1573251E-02 7.6703392E-05 1.5705344E+00 1.8975893E+01 -4.4643677E-02
2.6764000E+02 2.7427000E+02 8.6700000E+00 6.3200000E+02 9 5.5290154E+01 2.0975277E-01 3.1443496E-01 6.1368365E-02 1.3931913E-02 1.1453993E-02 1.1435133E-02 3.3788623E-05 5.8163322E-04 7.1026657E-03 6.3422908E-06 6.7669725E-03 3.1173855E-02 4.1575805E-02 7.6697912E-05 1.5702696E+00 1.8976155E+01 -4.4640715E-02
2.6764000E+02 2.7427000E+02 8.6700000E+00 6.3700000E+02 9 5.5290440E+01 2.0975651E-01 3.1417736E-01 6.1445108E-02 1.3931954E-02 1.1435716E-02 1.1417263E-02 3.3058404E-05 5.8123828E-04 7.1029517E-03 6.2052251E-06 6.7656570E-03 3.1118550E-02 4.1575848E-02 7.6687425E-05 1.5699711E+00 1.8976455E+01 -4.4643236E-02
2.6764000E+02 2.7427000E+02 8.6700000E+00 6.4200000E+02 9 5.5290708E+01 2.0975801E-01 3.1393090E-01 6.1516648E-02 1.3931535E-02 1.1417909E-02 1.1399847E-02 3.2359171E-05 5.8093360E-04 7.1030124E-03 6.0739756E-06 6.7641527E-03 3.1067174E-02 4.1574516E-02 7.6674183E-05 1.5696569E+00 1.8976772E+01 -4.4649258E-02
2.6764000E+02 2.7427000E+02 8.6700000E+00 6.4700000E+02 9 5.5290957E+01 2.0975878E-01 3.1369687E-01 6.1583460E-02 1.3930883E-02 1.1400604E-02 1.1382915E-02 3.1689373E-05 5.8070975E-04 7.1029665E-03 5.9482511E-06 6.7625631E-03 3.1019354E-02 4.1572484E-02 7.6659482E-05 1.5693375E+00 1.8977096E+01 -4.4657553E-02
2.6764000E+02 2.7427000E+02 8.6700000E+00 6.5000000E+02 9 5.5287311E+01 2.1736311E-01 3.2946770E-01 6.1621941E-02 1.5124672E-02 1.2229149E-02 1.2211679E-02 3.1297734E-05 6.2337636E-04 7.7124048E-03 5.8747386E-06 7.3372255E-03 3.0994862E-02 4.5135580E-02 8.2750336E-05 1.6419870E+00 1.8898633E+01 -3.8146179E-02
