9.22 14.92 13.23 15.23 7.13 5.11 2.98 7.09 5.08 11.63 9.12 3.67 1.73 1.7 4.14 8.32 3.66 7.07 13.21 7.7 4.22 9.78 8.19 4.65 3.76 11.37 9.61 8.41 15.46 24.25 14.1 5.08 17.87 9.8 8.18 5.53 3.92 2.66 7.29 4.97 2.92 3.44 3.96 1.84 1.24 3.63 1.24 2.04 6.31 5.18 9.14 15.4 43.73 26.07 12.13 5.7 2.88 8.22 5.87 3.95 5.27 6.36 7.81 3.68
6.52 17.57 7.29 18.74 24.9 15.09 5.18 10.55 7.41 10.48 16.22 3.61 2.06 2.82 7.33 32.16 10.54 10.06 6.42 11.83 6.01 7.62 3.64 9.16 11.29 19.73 14.34 17.28 11.53 13.4 14.63 6.97 5.42 13.02 14.84 4.57 2.91 1.5 4.8 9.01 5.38 4.76 3.15 2.43 1.79 3.05 3.44 4.04 6.43 6.82 13.76 10.19 22.91 14.85 29.43 14.88 7.56 7.26 5.48 3.67 6.78 3.33 7.41 5.54
5.73 8.72 3.74 12.77 15.03 10.7 10.14 10.18 5.63 3.69 9.15 8.03 6.49 5.37 9.31 19.89 20.51 17.57 11.43 6.6 6.32 6.04 6.56 8.99 6.28 16.97 16.3 17.32 9.67 10.31 14.32 6.65 15.75 11.54 7.4 3.34 2.48 1.98 2.59 3.31 11.33 11.48 6.33 2.64 3.33 5.58 9.68 3.58 5.25 13.88 11.53 7.05 8.92 13.13 29.37 16.86 21.71 6.74 4.8 3.86 4.48 6.81 8.35 7.13
4.67 6.46 11.63 7.16 11.4 6.87 3.84 4.25 6.06 3.21 4.0 10.38 17.95 7.4 9.27 11.03 12.37 24.96 18.4 6.19 4.75 4.5 2.93 5.55 4.65 9.03 21.23 17.63 15.76 13.67 7.79 4.01 15.39 15.21 14.02 7.75 3.54 5.94 3.45 2.58 4.79 13.29 8.03 11.13 6.7 6.38 9.48 10.62 6.31 12.23 6.5 3.08 8.23 9.95 12.09 8.18 13.57 5.35 10.31 8.52 8.26 4.3 5.76 6.39
22.9 10.76 4.72 6.46 3.85 5.74 4.73 4.82 5.28 5.27 9.08 13.18 15.32 7.0 5.47 10.55 10.91 15.79 14.04 8.15 5.7 8.92 4.41 5.56 8.9 11.55 16.56 13.95 29.04 21.87 10.67 9.13 16.19 14.07 19.56 27.43 17.73 8.39 5.6 1.43 6.49 10.66 25.31 13.87 8.82 14.89 9.6 15.6 10.79 7.98 6.52 4.86 9.7 4.42 5.47 6.12 6.45 5.27 8.25 14.68 13.59 11.2 8.74 5.85
20.49 18.87 3.9 2.88 3.26 8.03 4.69 8.89 4.99 3.67 8.28 6.38 8.1 8.25 3.37 10.32 7.56 10.54 4.28 6.09 8.05 12.03 8.04 6.42 9.15 24.6 26.97 31.18 10.55 7.45 16.61 11.76 8.57 26.71 38.26 16.22 18.81 12.39 5.27 4.73 5.64 12.19 16.72 17.72 7.75 14.8 17.7 15.18 7.79 7.76 5.52 4.82 7.04 4.99 3.68 3.89 3.95 5.26 4.43 12.44 25.72 9.69 9.39 7.5
9.02 9.26 5.1 5.63 2.13 8.26 10.6 8.49 2.94 2.27 7.91 3.64 6.51 6.05 3.36 7.19 6.8 6.21 5.52 2.64 4.48 13.51 24.13 21.95 9.05 9.94 21.16 21.18 9.17 6.71 10.6 8.71 5.18 25.09 20.52 15.85 9.92 8.36 6.43 10.49 10.61 9.82 13.4 10.6 4.65 8.6 33.46 11.52 8.21 3.59 5.06 4.89 12.16 3.49 2.25 2.13 3.95 2.95 7.64 8.44 21.31 10.96 17.09 8.51
4.72 14.74 13.37 4.77 3.95 7.65 3.73 5.49 5.56 5.18 3.79 3.97 5.68 6.95 4.19 6.44 4.68 12.03 11.28 3.9 7.36 14.37 18.88 20.28 13.84 10.89 27.47 20.89 14.85 5.04 30.75 6.38 6.63 7.65 9.55 6.88 4.69 6.4 9.7 8.72 35.8 12.39 10.43 7.69 5.23 3.36 15.37 7.33 5.51 7.79 5.79 4.45 6.96 7.0 4.0 1.98 2.59 2.17 4.58 3.64 19.26 25.93 14.97 10.3
9.36 13.72 11.16 8.43 4.55 5.61 3.35 4.51 4.78 9.07 6.44 3.59 4.81 5.82 12.05 10.16 8.65 17.78 15.86 10.43 9.34 11.41 5.75 9.22 14.59 14.99 22.73 38.79 16.72 11.64 19.5 5.37 3.84 6.53 2.08 4.23 3.32 4.06 6.38 15.37 17.09 12.63 5.79 2.02 4.04 3.47 9.56 7.02 8.63 8.55 11.19 2.7 3.63 8.3 2.33 2.44 1.82 4.9 9.68 3.91 12.63 23.55 18.28 9.26
14.91 26.61 10.83 10.71 2.79 4.34 3.73 5.46 5.42 9.43 6.72 4.08 5.1 10.31 14.09 13.4 21.29 22.8 23.6 14.5 9.26 10.58 7.32 3.7 15.22 9.21 21.86 32.66 23.7 12.31 17.35 7.54 3.96 5.5 1.68 2.57 4.0 4.25 3.56 8.53 10.0 4.58 11.67 3.02 4.17 2.35 1.92 4.07 12.88 14.62 11.12 1.98 2.85 6.97 3.38 1.76 2.8 6.18 3.99 7.05 23.9 10.0 16.26 5.47
22.87 22.41 8.58 6.53 4.93 7.68 2.66 4.03 4.56 6.95 5.36 3.64 5.08 19.62 8.26 13.15 12.58 12.59 19.1 14.56 11.7 10.4 8.51 4.63 7.82 8.95 17.58 17.93 28.45 14.59 12.22 6.56 7.49 5.83 1.74 2.89 6.1 3.89 5.59 17.01 11.11 14.16 19.0 6.6 4.95 2.92 3.6 10.48 14.46 15.87 9.01 10.36 4.28 2.04 1.45 3.79 6.18 8.25 5.76 6.6 10.84 11.41 25.18 2.09
5.74 4.98 10.03 9.47 6.56 14.18 3.17 6.24 5.93 3.41 8.52 7.92 7.61 12.89 18.0 14.68 5.45 8.21 13.95 6.57 7.29 9.34 9.18 5.85 4.35 8.6 11.62 12.17 7.14 7.01 12.12 12.23 3.35 3.27 2.97 4.43 3.5 2.99 9.21 10.02 23.51 12.95 21.9 6.38 9.58 4.9 9.95 9.88 14.66 7.54 15.27 8.21 2.62 2.29 1.59 4.8 5.65 6.12 8.03 10.08 16.39 8.37 4.05 1.61
10.14 4.38 5.98 16.82 6.58 5.68 5.81 10.49 7.41 20.1 14.21 21.03 8.12 15.53 11.76 7.69 5.82 5.97 6.69 3.38 6.43 3.92 4.86 2.55 3.94 5.2 7.79 6.39 7.56 4.33 10.23 5.38 8.62 3.09 1.55 5.06 5.83 6.04 13.08 7.3 12.62 18.52 10.57 6.94 12.45 7.98 7.66 9.69 5.82 10.17 14.53 6.73 7.51 6.95 1.76 5.05 10.85 5.55 11.49 6.03 11.66 11.18 4.66 1.65
6.05 5.76 18.28 23.6 5.51 9.22 12.76 8.45 8.68 14.73 17.55 29.12 11.25 7.04 8.33 10.09 7.6 4.67 8.25 2.16 2.45 2.12 2.04 3.27 2.54 9.89 13.01 7.71 7.82 5.54 2.9 3.99 11.65 5.02 3.82 4.29 5.26 12.44 10.41 4.64 5.49 5.56 6.65 10.74 22.81 11.74 6.94 4.55 4.1 6.05 7.32 4.29 4.29 10.97 8.86 9.91 19.95 27.53 13.5 5.21 6.96 4.76 5.53 1.99
10.35 7.72 14.4 14.17 12.68 11.51 4.89 6.85 7.88 24.3 24.06 20.51 9.1 7.86 3.37 11.03 9.48 4.62 5.51 4.04 2.04 2.97 2.13 2.62 5.41 18.38 20.13 7.28 8.93 7.14 6.46 7.69 10.72 5.73 3.48 3.63 6.42 9.41 10.54 2.21 5.05 5.33 7.18 9.94 6.57 13.38 9.59 2.14 1.19 1.41 2.53 5.74 4.56 5.0 8.8 9.97 15.38 18.5 5.99 2.47 1.73 3.03 3.74 2.34
9.37 9.25 30.18 19.72 19.7 11.7 4.96 9.93 13.44 18.0 30.17 21.42 19.13 15.16 6.46 10.59 9.86 5.96 6.32 3.64 3.64 3.43 5.26 2.33 6.95 46.26 12.79 8.01 13.33 8.04 10.01 7.58 6.37 6.08 4.77 3.38 5.33 11.86 6.54 2.18 4.12 5.91 5.19 10.82 5.55 10.93 5.43 2.07 0.81 0.62 2.04 3.19 3.07 4.12 8.73 17.0 11.1 10.4 5.95 2.49 1.25 0.76 1.05 3.89
16.18 5.69 12.35 19.89 12.7 7.89 6.13 5.56 9.13 23.57 27.68 15.44 15.16 10.07 5.57 8.79 5.47 4.79 3.79 4.85 5.1 4.52 5.75 4.04 10.4 23.48 15.64 10.44 8.38 12.76 11.38 2.4 6.1 4.48 9.74 10.88 10.56 10.84 14.03 5.24 4.18 6.89 17.83 16.82 11.46 6.59 5.93 2.43 1.52 1.19 2.38 2.21 8.4 5.94 3.29 7.33 6.61 5.18 25.38 3.41 1.91 0.63 1.4 3.35
11.58 7.82 7.56 12.33 4.08 6.2 9.22 12.76 14.06 30.22 11.2 28.81 14.06 6.81 3.75 9.32 2.74 2.81 5.86 3.11 3.29 4.97 7.64 16.33 18.15 20.94 9.01 4.31 8.09 6.28 5.03 1.49 6.47 6.03 14.9 26.92 9.8 11.73 15.3 10.84 11.01 8.94 8.43 34.38 25.06 10.51 4.23 5.02 2.91 3.17 2.85 3.65 5.2 2.47 2.27 3.29 4.79 8.18 8.83 4.82 4.75 1.89 0.77 1.62
11.83 7.37 10.69 5.76 6.98 10.13 9.68 12.06 17.42 32.84 28.76 13.36 15.1 11.23 7.28 9.42 3.18 2.76 4.97 3.24 4.51 8.28 7.41 19.83 10.94 27.53 19.04 4.38 1.87 4.01 10.46 1.9 3.95 9.05 26.64 14.2 9.08 11.46 16.89 10.66 16.9 10.55 9.35 10.36 26.07 13.84 7.3 6.26 7.28 2.84 5.82 5.95 6.23 2.25 1.5 1.97 7.55 10.35 3.81 5.42 5.91 4.73 1.79 2.56
7.96 8.83 17.66 12.42 7.49 7.74 6.99 11.06 22.82 14.1 11.86 13.38 19.73 13.3 3.85 2.57 4.07 7.33 4.02 3.6 3.48 6.79 10.67 6.43 7.91 10.03 7.84 3.8 4.28 1.72 4.81 2.34 4.45 10.75 11.85 5.78 14.05 13.93 27.79 20.11 11.7 7.23 6.55 9.2 11.36 19.86 15.56 15.4 11.39 2.14 8.12 4.66 5.18 4.36 5.2 2.63 5.48 6.96 7.0 9.82 15.72 5.98 3.49 6.56
13.53 21.03 16.72 15.33 5.98 5.36 5.73 4.65 15.63 9.43 14.1 7.56 10.26 4.66 4.45 3.22 5.37 5.23 4.67 4.71 8.78 3.54 5.83 6.88 2.78 6.85 9.32 5.0 4.24 4.16 5.47 4.77 4.99 7.22 11.67 7.33 12.47 23.22 36.73 30.14 12.39 20.97 12.15 11.45 11.46 17.91 10.91 6.61 5.08 5.58 4.28 2.66 4.5 4.35 3.96 5.69 3.94 5.59 5.57 13.96 7.06 10.25 9.32 4.52
9.45 19.07 18.51 10.24 5.43 11.38 11.61 12.03 13.75 7.1 7.37 5.33 4.58 4.4 3.28 6.08 4.5 10.57 8.69 5.91 4.58 4.87 3.87 6.45 3.24 6.34 12.63 8.71 7.78 7.51 8.68 7.64 14.63 5.24 15.22 31.18 14.73 14.33 30.13 20.91 27.57 49.47 10.52 5.76 11.05 15.49 19.84 4.98 4.07 3.87 5.35 3.96 1.14 1.28 3.26 4.7 5.5 6.41 8.19 9.99 7.71 14.1 3.05 1.95
5.63 16.17 7.79 7.66 12.4 8.15 10.91 16.89 6.05 7.42 10.32 3.04 2.77 2.91 3.5 4.1 2.94 7.0 6.43 5.06 7.31 5.01 4.17 10.14 2.48 3.66 5.71 8.04 4.85 7.46 17.42 17.84 22.51 8.31 9.05 18.45 11.48 7.24 12.23 11.36 27.27 33.57 12.91 7.87 6.89 5.81 6.05 7.59 5.0 2.41 3.69 6.31 3.65 2.12 1.51 3.33 7.05 8.79 6.78 13.96 7.88 13.34 3.33 2.48
4.03 11.55 18.3 7.3 7.65 6.08 5.39 7.42 6.22 4.83 7.24 2.51 3.43 4.06 1.75 1.43 3.06 4.55 3.58 3.91 4.41 8.4 7.71 7.79 1.83 4.34 2.09 6.64 10.9 9.78 14.84 22.09 19.75 14.38 15.8 12.47 11.39 11.12 15.45 9.33 12.82 14.08 11.68 4.03 4.77 3.81 4.13 8.2 12.34 5.24 5.73 3.22 3.05 3.08 2.55 2.22 4.18 15.35 19.71 15.14 12.47 8.47 4.06 5.21
3.87 5.45 8.8 10.97 5.26 5.68 2.55 4.64 5.44 6.37 17.36 4.16 2.92 2.85 2.39 1.91 2.39 2.46 1.91 4.83 12.49 9.52 12.23 6.91 3.31 4.53 2.82 7.36 17.58 12.37 23.77 39.98 22.39 26.18 28.57 19.9 23.67 16.34 9.92 6.54 16.28 9.56 3.02 3.49 5.34 6.95 4.35 4.24 16.64 12.14 6.99 6.73 5.64 2.88 3.98 4.21 6.67 15.18 13.35 19.37 22.82 17.38 6.82 4.97
7.44 8.65 11.15 5.08 7.28 4.11 2.59 4.21 8.4 7.75 22.85 4.95 6.13 5.26 2.35 2.36 2.57 2.5 3.25 5.21 9.75 14.07 7.69 6.79 7.27 11.44 5.79 9.93 12.72 11.39 17.18 27.72 21.31 17.94 35.13 35.95 41.22 10.38 8.86 1.88 5.22 4.3 1.85 2.49 4.03 5.33 5.02 3.0 5.73 7.61 7.23 8.28 4.65 4.08 4.1 5.03 7.13 19.03 9.02 8.92 13.95 26.28 16.11 5.51
8.72 9.49 5.93 17.4 10.12 8.01 11.73 7.04 7.79 10.75 9.67 3.29 3.69 5.73 5.41 9.51 2.92 3.44 2.28 4.19 7.43 15.24 3.75 7.56 4.73 7.24 8.79 17.27 6.32 13.9 11.43 10.04 19.29 28.09 23.93 35.33 13.01 7.64 5.47 1.96 1.41 1.97 5.11 5.24 5.96 2.9 4.93 2.6 3.27 5.43 6.01 4.68 4.35 8.45 3.78 5.7 13.84 14.69 15.94 9.69 5.05 13.2 15.04 10.31
5.53 6.46 4.63 12.51 12.38 10.57 20.84 6.94 6.63 5.89 4.85 3.51 5.34 3.72 11.56 10.59 6.46 3.36 5.77 3.37 4.04 5.43 6.0 5.02 5.23 9.12 12.14 8.87 10.07 19.71 8.25 14.43 18.06 29.56 19.01 21.17 8.09 5.16 5.38 4.0 1.28 2.4 11.66 10.2 6.29 3.51 4.61 3.3 3.18 6.86 3.99 6.6 4.02 4.12 6.26 9.88 5.7 9.45 12.28 8.25 8.96 6.31 6.05 11.35
4.97 3.71 10.25 8.02 13.03 22.06 13.93 5.65 6.1 3.74 3.94 4.52 3.56 11.31 11.63 13.73 12.36 8.27 3.45 2.96 7.6 11.88 2.49 2.29 3.99 4.18 11.3 8.0 11.58 12.7 15.74 19.09 16.95 12.53 10.58 10.42 8.99 8.43 5.23 3.83 7.1 2.85 5.88 7.96 18.75 8.42 5.81 2.01 2.25 8.64 7.94 4.72 5.26 1.42 4.23 10.55 8.36 6.36 7.49 4.57 9.5 4.01 5.57 3.48
5.29 5.15 8.72 14.4 21.83 38.01 16.65 9.14 7.12 3.65 9.11 5.77 6.23 10.56 16.42 20.47 12.64 14.69 8.47 3.92 4.78 7.17 3.23 1.75 1.87 3.2 8.27 14.73 8.61 11.09 6.01 16.01 7.43 10.18 7.9 12.32 13.93 7.79 6.59 4.85 8.47 3.87 7.11 8.01 9.29 2.35 7.13 3.44 4.09 7.29 5.79 6.78 8.42 3.45 2.88 4.91 9.26 17.43 7.5 4.77 3.94 5.86 8.21 9.59
10.38 13.77 12.58 10.56 18.88 21.73 11.13 8.08 5.97 3.87 5.81 5.65 7.15 9.68 7.19 10.69 9.27 12.29 7.92 0.98 5.02 4.19 2.39 1.59 1.92 3.26 7.88 3.77 3.4 8.88 5.39 10.03 8.9 19.28 5.77 12.71 16.18 9.67 6.57 6.17 8.55 11.73 7.95 14.42 7.18 2.98 4.49 3.4 5.14 12.0 11.64 5.95 21.1 12.92 4.02 5.03 11.49 10.74 13.52 4.09 3.39 6.28 15.35 11.72
6.72 16.22 27.94 42.6 17.44 10.45 6.55 7.55 4.53 4.07 2.16 3.86 5.19 10.98 15.21 14.79 9.4 13.09 10.01 1.96 1.79 2.01 3.12 3.02 1.73 5.37 5.08 2.87 2.81 4.37 3.63 3.45 5.38 10.03 5.19 15.22 9.07 7.02 3.98 7.25 10.0 12.74 14.9 6.04 3.92 3.41 3.52 1.6 6.51 8.51 9.9 16.97 11.78 5.59 4.64 4.42 7.06 4.16 13.16 7.98 4.86 5.31 5.13 12.44
8.47 14.38 22.57 33.97 28.39 6.73 3.66 8.18 5.0 3.54 4.84 6.77 8.71 17.31 18.06 9.22 15.36 7.08 13.77 6.38 4.58 2.71 2.97 5.84 5.03 3.94 3.21 3.09 1.78 5.15 5.87 4.09 2.08 5.25 6.53 10.67 6.15 4.32 2.36 5.57 11.32 10.61 11.65 9.11 4.32 3.27 5.07 2.32 4.53 6.18 8.58 7.56 6.86 3.12 4.09 5.47 4.03 5.33 12.92 11.51 15.5 7.42 6.09 10.32
11.39 16.31 18.72 28.45 8.46 8.83 4.43 14.26 3.62 4.1 6.02 15.07 8.56 22.78 22.15 10.27 12.95 8.53 16.0 9.12 4.5 3.94 3.87 5.47 3.66 5.2 8.41 4.77 4.2 4.18 2.55 6.1 4.86 6.46 4.81 3.66 2.45 4.0 1.69 6.27 6.11 6.9 10.68 7.75 3.53 3.62 6.2 5.29 10.56 4.84 4.4 2.58 9.97 2.02 3.37 3.63 11.51 15.55 13.56 25.33 25.54 6.73 6.43 9.25
4.11 19.24 9.93 13.3 6.09 7.69 3.83 10.57 7.06 9.79 5.71 7.94 12.15 9.54 14.06 13.58 7.79 9.08 19.25 6.57 13.83 11.12 5.98 5.07 6.05 6.36 6.14 6.63 7.56 5.65 9.03 12.01 8.82 10.24 8.62 2.39 1.66 2.12 3.6 5.6 5.79 5.62 5.5 6.13 3.56 2.68 9.88 7.68 5.08 2.49 2.82 3.05 3.03 1.67 3.66 3.67 7.46 10.96 9.11 18.43 17.09 7.35 9.55 5.69
4.95 12.49 14.09 28.54 18.03 7.84 3.51 8.39 5.3 14.56 8.15 9.78 14.01 12.23 8.7 13.14 5.2 4.66 12.47 19.16 24.43 16.59 10.16 4.84 12.03 10.54 4.57 8.4 6.41 8.28 12.44 14.28 16.43 16.49 5.02 1.63 1.19 2.28 4.19 7.92 5.22 5.36 2.27 3.94 5.63 7.99 2.96 4.22 4.83 1.33 3.97 3.33 3.88 1.88 4.93 4.0 4.82 4.4 7.12 8.03 15.05 9.41 10.06 2.81
7.92 23.63 23.12 39.29 10.58 4.67 3.04 2.96 7.9 24.52 16.82 9.09 5.36 7.75 8.95 4.14 4.64 1.87 5.22 17.59 24.92 25.51 5.51 4.97 10.58 12.98 7.12 8.54 2.24 7.53 22.42 8.63 12.31 11.76 4.76 2.09 0.91 1.98 3.13 4.62 5.08 4.68 3.33 3.2 6.59 8.89 6.77 3.94 2.3 2.09 6.36 6.37 7.97 4.84 3.59 2.26 3.89 4.57 4.7 6.01 12.33 15.21 10.4 6.06
18.39 18.6 26.93 23.13 4.5 6.02 6.68 4.57 11.3 16.08 16.79 19.67 7.88 5.82 3.88 3.91 7.11 2.42 5.54 4.91 13.61 8.01 8.3 3.75 4.27 9.66 15.22 5.13 5.24 4.05 6.49 8.35 20.35 8.92 5.09 1.96 2.77 2.7 1.54 4.07 2.8 6.09 5.45 11.36 7.06 8.4 5.08 5.69 4.71 6.85 4.3 4.73 14.49 3.51 4.52 4.0 6.54 2.85 6.12 4.13 9.51 6.89 11.83 7.26
10.51 21.26 20.29 21.74 5.41 7.14 2.12 7.44 32.35 33.1 4.78 19.0 20.7 17.45 9.1 4.81 2.47 3.96 4.11 4.2 4.65 8.53 4.21 8.11 5.81 15.04 11.67 4.3 4.2 2.83 6.51 19.18 15.33 8.42 8.81 3.51 2.21 2.9 3.02 2.28 3.09 6.0 3.45 14.87 7.75 14.4 8.59 6.21 3.78 4.9 5.8 5.45 9.51 5.81 7.73 6.05 10.02 4.06 2.53 4.89 11.49 13.5 11.45 13.43
2.84 6.52 10.27 15.61 12.14 14.39 6.57 6.82 11.59 18.81 11.18 8.63 9.11 8.06 7.11 11.65 3.52 2.74 2.66 3.49 3.3 6.36 4.96 3.07 4.65 6.89 6.02 12.01 10.5 4.75 10.69 6.54 8.23 6.0 5.04 2.41 1.94 1.71 4.19 3.26 2.17 3.09 3.08 7.36 7.83 8.12 5.45 7.71 8.06 6.04 5.58 4.04 6.71 6.59 7.5 4.74 6.43 6.02 6.8 6.86 8.03 12.1 18.98 13.94
4.33 13.03 13.52 6.19 4.41 13.12 7.1 3.29 8.69 12.74 12.1 11.99 10.41 6.72 3.42 7.57 4.27 3.54 2.69 4.21 3.88 5.37 6.77 2.07 3.94 5.02 9.27 12.56 8.04 4.88 8.65 9.43 7.13 3.19 6.25 3.54 4.16 2.51 1.77 3.82 2.69 3.6 2.25 5.93 5.01 6.87 7.0 8.57 8.31 3.19 6.25 4.92 12.51 6.41 7.86 3.01 6.87 4.4 11.11 7.7 19.41 12.23 24.93 12.38
3.5 13.15 10.84 5.53 3.02 9.58 12.86 6.96 6.2 12.36 10.79 8.75 6.96 4.55 2.0 3.29 6.88 16.42 10.43 8.33 5.64 3.7 3.39 2.67 1.42 5.24 15.61 15.3 23.27 3.95 6.07 5.24 17.89 4.53 6.37 5.74 5.45 4.89 8.59 8.26 5.86 2.8 5.77 4.37 4.65 8.45 8.1 4.78 5.55 6.29 3.17 6.17 7.64 7.0 8.17 3.87 3.28 8.26 22.96 14.82 18.35 18.12 24.5 9.58
3.24 6.1 10.26 11.23 6.25 6.34 12.5 15.61 13.99 27.9 5.46 3.66 4.45 5.7 5.32 4.36 2.47 17.2 23.89 7.4 6.2 1.77 2.11 3.09 4.12 6.17 13.12 6.46 7.33 4.06 4.9 4.62 8.79 5.5 9.27 7.42 3.26 6.85 5.88 8.39 9.86 5.31 3.15 7.57 7.25 8.28 5.83 5.25 5.9 6.68 3.26 3.48 6.84 4.49 8.08 3.91 3.68 10.06 25.2 15.85 33.38 16.26 12.16 17.97
9.28 7.29 4.63 6.06 7.14 16.12 21.5 15.19 8.73 22.31 10.11 4.25 5.4 9.1 5.05 6.83 4.9 7.26 5.83 10.1 5.08 4.81 1.43 2.24 5.52 6.29 8.89 6.79 3.79 4.39 3.15 4.17 18.3 10.05 4.28 3.37 4.33 4.54 9.53 5.4 8.0 3.22 2.95 7.09 7.31 8.83 6.69 8.35 9.19 7.98 5.82 2.67 5.31 5.45 4.21 4.79 5.04 15.71 16.04 19.27 16.05 8.72 17.52 14.31
4.9 7.7 5.97 5.29 4.3 18.68 18.26 8.16 6.06 9.49 8.5 9.76 5.83 6.11 7.06 17.11 5.74 3.65 4.08 3.71 3.42 3.36 3.43 1.52 3.32 6.33 8.33 4.42 5.65 4.14 4.14 5.29 8.6 4.66 3.96 3.69 9.37 6.11 7.49 6.85 5.01 3.52 2.95 2.98 10.5 10.19 13.44 20.71 14.41 12.52 16.9 10.94 4.04 5.22 7.51 4.38 6.18 20.17 15.19 22.17 14.39 6.35 10.81 8.16
5.83 6.6 3.54 5.29 3.99 6.75 6.93 7.84 8.16 12.27 14.04 14.11 8.55 6.78 4.11 9.68 7.86 4.97 4.66 3.94 4.62 2.48 5.1 5.46 4.76 3.36 3.86 5.92 7.44 6.07 2.78 3.9 2.92 3.0 5.54 5.69 10.16 8.62 7.04 3.38 2.13 3.29 3.91 3.88 12.81 19.75 10.58 11.07 19.88 16.22 17.77 15.14 4.97 3.72 4.04 3.22 4.79 8.86 10.85 13.7 6.86 5.32 7.98 6.17
10.61 3.41 6.45 10.65 4.55 3.22 5.58 6.96 7.92 39.84 14.68 11.96 4.54 5.77 12.65 8.69 4.76 10.35 5.68 3.76 4.05 2.12 2.7 7.24 11.72 7.61 8.1 3.15 7.24 5.43 4.02 1.9 3.81 2.29 7.76 10.42 10.16 7.95 16.12 3.32 8.5 4.6 5.97 5.78 21.88 5.96 9.11 14.98 15.02 29.36 19.86 23.05 9.33 5.72 3.51 1.77 1.81 8.75 7.67 6.38 8.06 6.89 10.73 9.93
9.52 2.97 3.72 7.49 4.04 2.65 6.38 8.91 14.95 24.82 20.54 11.83 4.15 5.11 4.09 8.78 9.25 7.14 2.53 2.51 6.45 5.77 8.02 13.75 4.48 6.17 8.12 6.87 4.66 11.24 4.47 5.93 3.4 4.51 9.56 23.17 16.68 12.64 12.72 8.05 11.14 5.31 10.82 9.49 8.85 4.06 8.89 13.27 15.2 29.59 18.66 28.56 14.98 4.66 2.8 2.35 2.66 8.79 8.55 13.55 10.52 8.97 23.68 26.16
5.56 3.89 8.31 7.07 4.18 5.29 3.53 10.88 14.0 10.7 8.85 19.31 14.79 7.91 3.29 4.28 2.88 4.0 2.24 2.3 6.41 13.44 27.32 10.31 4.74 7.41 3.34 4.12 10.29 16.04 8.0 11.48 4.8 6.33 11.96 20.57 37.06 20.02 15.15 6.19 16.76 7.66 10.77 10.71 7.56 3.81 4.96 20.13 23.12 24.4 18.31 22.74 5.2 3.39 3.89 4.81 5.44 8.82 6.4 12.97 12.86 15.28 23.71 19.46
5.81 7.9 8.54 4.09 5.4 3.88 5.55 19.7 14.96 11.99 8.54 16.83 19.48 16.64 3.79 2.94 2.27 4.25 5.02 4.73 15.47 14.1 15.18 4.23 4.45 5.4 4.64 4.95 20.42 14.51 18.25 8.46 3.96 10.55 22.44 19.08 27.69 10.97 12.32 4.56 9.07 5.6 9.27 4.91 7.3 6.71 4.39 19.1 38.47 22.93 12.93 8.51 3.15 3.27 4.15 5.26 11.2 11.1 18.16 30.54 19.39 7.68 19.46 20.08
14.1 5.93 2.98 2.65 3.68 3.54 4.82 6.19 15.69 10.55 7.02 6.29 8.08 8.31 3.96 4.99 2.38 3.85 5.1 7.64 10.09 11.38 6.01 3.3 3.23 5.15 3.13 9.79 9.08 27.45 16.28 13.65 10.02 6.3 18.16 25.14 24.8 6.46 6.85 1.25 3.26 3.51 7.73 4.13 6.2 4.66 6.2 18.25 21.33 10.49 6.14 4.5 4.24 4.11 7.1 14.75 12.11 10.21 17.93 17.36 17.68 11.48 7.32 12.08
22.94 11.42 2.94 2.26 3.38 6.5 6.99 8.47 5.63 9.88 4.31 6.13 3.46 5.87 9.1 6.53 4.55 6.79 6.58 5.65 7.15 10.85 8.14 3.18 2.46 4.59 14.45 7.73 7.06 12.09 25.44 10.08 9.79 5.71 11.47 11.13 12.02 6.85 4.95 1.43 1.11 1.08 4.53 2.22 4.66 5.04 5.72 5.13 11.39 8.48 3.13 2.8 4.53 4.3 5.69 10.58 14.11 8.1 7.71 12.21 13.09 12.94 10.8 10.58
6.54 8.0 6.0 3.43 11.26 4.58 6.41 6.96 9.23 6.48 5.64 3.67 2.62 3.23 7.14 9.84 7.45 8.54 10.62 7.18 9.47 14.83 7.08 6.24 3.05 3.97 5.59 10.25 17.1 19.43 18.28 9.99 8.08 5.57 13.27 8.87 5.5 6.66 4.11 3.61 1.73 0.76 2.77 2.63 9.06 9.38 3.54 6.38 5.36 5.0 4.63 3.9 4.8 3.25 7.35 8.11 6.48 7.09 6.27 12.32 11.66 12.89 13.04 13.82
6.49 8.51 10.48 3.53 5.81 3.51 3.86 6.98 6.51 6.43 10.62 4.89 2.01 2.11 4.95 4.78 7.97 8.97 3.32 11.69 16.12 8.96 6.4 11.85 10.03 3.15 4.19 9.92 11.03 8.84 16.81 11.9 8.33 5.82 9.5 7.71 13.39 8.35 5.25 3.41 2.13 1.1 2.63 5.39 12.81 11.32 5.52 6.81 12.79 7.49 4.86 2.79 7.2 3.71 3.69 5.64 11.99 9.49 3.52 8.45 6.93 11.81 30.7 17.86
3.93 4.56 8.67 4.02 3.91 6.82 4.58 5.01 15.31 7.64 7.72 3.22 2.7 1.8 3.1 5.68 7.04 8.56 6.35 12.2 14.81 10.96 9.92 11.07 5.61 5.87 7.94 10.24 8.95 9.9 10.26 16.17 23.5 9.86 5.42 12.44 11.32 11.21 7.13 5.27 3.76 2.94 4.21 7.98 11.64 14.84 11.6 6.6 8.74 4.85 5.4 4.01 5.59 3.01 3.87 8.04 6.23 10.65 2.59 2.67 5.37 17.09 20.81 18.99
4.68 4.39 5.17 4.78 4.81 7.28 9.68 6.56 15.02 11.93 10.55 3.35 2.36 5.37 3.44 4.35 5.92 10.9 9.22 7.11 7.14 8.01 13.91 17.95 6.13 4.3 4.63 8.23 4.34 9.56 10.58 11.9 36.97 10.92 13.96 19.9 11.94 13.38 8.2 6.06 3.86 3.26 8.21 15.61 13.51 8.84 8.4 8.2 15.46 7.04 4.62 3.4 9.02 4.69 5.8 7.86 6.89 3.66 5.34 5.46 9.43 13.8 11.75 18.63
9.04 10.13 5.16 4.79 4.95 7.36 6.99 10.06 5.29 5.77 3.9 3.65 5.28 9.19 3.48 1.84 3.13 10.36 13.52 7.01 5.88 6.86 4.94 14.43 5.14 4.94 4.12 1.99 5.24 10.58 10.3 6.65 18.14 19.4 31.58 18.77 6.0 9.18 7.12 6.42 4.23 4.22 9.61 9.65 12.55 8.92 13.56 7.46 5.97 8.65 10.88 4.3 10.04 8.93 14.81 10.25 4.74 6.79 6.13 5.5 10.12 22.26 16.74 18.02
9.76 6.95 16.35 5.35 4.07 4.82 13.06 11.19 3.46 0.93 5.81 3.42 4.38 5.95 5.3 1.83 5.89 9.2 12.28 15.42 9.6 6.04 3.96 9.82 2.95 5.98 4.91 10.38 7.25 8.03 9.77 15.57 11.21 22.58 13.0 8.55 13.05 15.96 6.74 7.29 9.59 9.78 9.93 6.11 4.83 8.03 26.08 15.07 8.37 9.96 7.2 3.72 21.21 12.56 10.34 4.78 4.36 10.45 6.58 13.5 9.14 18.04 22.28 19.61
11.03 8.97 14.8 5.64 2.44 5.34 4.57 6.8 5.2 2.4 4.21 5.09 8.66 6.42 7.24 3.79 7.28 11.33 7.77 11.53 8.67 1.75 10.66 7.29 7.07 9.67 3.71 7.43 18.2 9.22 8.97 10.81 16.3 14.58 14.49 8.46 9.55 13.04 9.74 8.8 11.58 6.56 6.64 11.6 8.08 13.48 15.47 4.61 19.38 7.26 8.7 6.17 17.87 8.38 16.96 5.78 8.7 9.51 6.62 10.0 12.6 18.72 28.03 20.61
7.41 12.42 7.01 6.97 6.51 2.73 2.89 3.25 4.52 4.2 3.94 2.68 11.18 7.87 13.36 10.99 5.69 8.88 3.43 5.2 5.07 2.64 1.91 2.95 5.93 8.22 5.8 28.9 10.14 8.73 6.82 7.74 16.45 8.55 6.76 6.26 4.96 8.88 9.62 23.88 20.87 3.86 4.77 8.2 6.79 6.42 3.09 5.24 11.1 19.76 23.05 11.86 8.37 9.4 6.5 9.74 4.5 8.79 9.4 8.75 8.21 7.78 13.09 20.94
21.6 9.9 2.77 10.04 7.06 1.99 3.32 1.36 2.76 4.4 3.04 3.47 9.22 7.97 10.32 9.85 4.49 3.8 4.08 3.29 4.39 3.35 2.85 2.8 3.79 7.26 6.17 14.72 7.55 17.07 7.43 9.49 10.89 9.11 9.52 10.85 2.92 6.37 7.08 23.29 16.02 4.67 9.98 7.89 5.41 6.45 5.29 6.83 7.64 15.14 40.14 13.23 15.38 8.61 11.35 14.14 12.82 6.88 5.81 5.27 5.8 5.71 8.4 11.7
14.92 11.42 6.78 6.96 4.16 3.25 1.42 0.87 1.32 2.2 3.72 2.63 8.25 8.61 13.31 7.52 4.41 4.07 3.34 3.59 8.8 4.9 2.45 1.22 2.98 11.72 14.27 20.31 20.34 12.69 15.29 18.15 16.94 11.01 5.7 7.76 12.96 11.85 5.59 8.63 10.55 10.22 14.84 10.98 7.23 3.34 4.44 7.79 13.72 27.83 17.99 9.16 11.41 16.02 22.07 13.52 10.52 4.96 3.52 2.98 3.0 3.08 15.6 10.45
14.39 11.15 12.53 5.27 5.87 6.48 2.86 0.85 2.24 2.03 3.02 2.9 3.59 6.37 30.22 11.48 2.94 4.2 7.95 5.98 4.22 2.17 2.56 1.26 1.85 9.29 12.7 17.51 24.08 15.83 11.14 12.61 9.55 17.1 21.88 11.41 5.85 6.73 7.48 5.85 9.62 5.18 15.03 22.1 9.84 7.91 3.98 4.9 17.73 13.06 6.94 12.35 10.18 11.55 34.96 17.22 5.12 1.26 1.87 1.51 2.6 2.66 11.49 5.72
12.45 18.71 5.45 8.46 11.37 8.74 3.01 2.07 1.35 2.48 3.74 3.78 3.6 6.83 20.41 14.93 4.04 6.5 4.42 1.79 4.9 3.46 2.63 1.54 4.81 7.06 10.93 19.7 10.89 8.12 7.09 12.4 14.0 14.48 15.83 16.35 7.61 11.87 8.5 6.92 11.11 9.26 11.24 17.43 10.91 7.62 7.97 6.3 7.97 8.38 5.2 5.21 13.05 10.3 14.54 7.15 3.9 0.93 0.65 0.84 2.13 5.05 8.34 5.22
