10.62 14.38 12.96 26.21 21.9 9.97 6.45 18.33 8.8 7.8 7.07 16.95 11.3 10.53 4.0 5.16 7.75 6.05 4.88 6.67 17.14 42.12 21.16 13.93 10.89 9.74 2.6 7.35 10.23 7.22 6.86 6.96 10.86 9.98 9.17 13.93 11.35 7.06 7.87 8.45 10.25 10.87 10.07 8.8 7.82 7.81 9.62 9.66 11.52 5.62 12.49 13.21 14.55 12.7 12.19 7.51 4.2 8.44 8.09 11.39 16.76 12.24 16.72 22.1
9.82 12.23 23.23 21.18 21.4 8.41 7.28 10.03 12.09 8.54 8.01 13.93 16.26 12.23 8.4 7.17 8.59 2.53 5.93 8.49 25.93 47.64 43.71 13.54 5.78 8.0 6.09 9.49 9.84 8.88 11.4 31.51 10.0 13.03 18.52 10.86 4.57 5.56 6.11 15.74 5.8 7.63 5.84 4.46 8.32 9.52 15.11 20.4 7.36 13.82 9.49 12.18 7.69 5.82 7.49 5.89 2.46 13.18 9.8 16.81 5.75 6.53 7.44 21.69
9.92 19.41 13.52 19.32 10.21 16.48 5.66 12.29 7.51 11.74 6.9 7.6 7.65 8.54 9.07 4.34 6.53 7.07 7.06 10.67 12.29 21.04 41.68 21.07 12.74 14.66 14.07 12.49 12.05 15.98 17.46 25.19 17.0 22.43 33.15 11.88 7.19 3.72 7.29 5.74 8.19 5.97 5.79 6.01 5.96 10.07 32.79 11.57 18.95 15.86 13.48 11.29 8.09 7.96 6.23 4.22 6.66 3.5 7.12 6.36 5.5 6.49 7.0 6.38
9.14 10.27 10.2 11.03 6.4 16.0 12.99 4.61 8.07 4.76 10.93 7.55 18.15 14.77 10.82 10.07 7.78 12.41 8.24 10.06 10.47 30.77 31.74 29.75 14.53 15.22 9.68 16.09 7.86 15.35 21.65 30.06 9.76 16.95 7.17 11.07 6.32 7.41 13.04 11.22 13.96 6.72 2.73 11.48 16.08 19.52 52.17 19.91 12.81 34.79 24.39 13.82 8.14 5.77 4.96 5.74 5.33 2.74 4.77 7.54 4.67 4.49 9.58 11.01
9.44 10.02 2.89 5.12 5.05 8.01 19.25 3.18 7.45 15.23 6.66 10.37 17.42 14.4 19.21 14.2 16.2 11.19 11.74 8.46 10.35 10.4 18.56 23.27 15.63 10.82 9.65 7.71 8.45 5.37 8.65 10.73 11.86 5.37 5.74 5.33 8.66 14.67 15.72 6.72 11.4 2.23 3.92 12.46 11.0 23.57 21.03 13.62 8.34 17.7 26.36 24.66 10.25 8.13 5.09 3.16 4.13 3.19 1.87 6.11 2.12 10.77 4.86 10.33
10.24 5.82 7.12 3.05 4.83 10.23 17.16 9.41 10.47 15.06 23.29 16.73 20.96 30.3 15.03 23.08 10.68 7.97 8.46 12.57 10.06 8.18 10.06 18.27 15.38 12.43 12.22 12.08 5.67 8.24 20.56 15.38 7.16 5.79 5.27 7.6 13.68 10.42 24.74 6.82 7.99 2.48 4.7 6.29 11.75 21.85 11.52 9.0 13.08 18.93 24.01 9.1 6.19 8.64 4.86 4.34 4.13 2.54 1.48 1.87 3.62 4.4 9.13 14.51
10.62 6.02 3.31 4.61 6.61 13.11 30.37 6.61 15.0 11.32 25.77 8.04 14.87 14.3 16.14 11.92 7.78 12.5 18.71 12.35 9.91 7.53 12.03 17.91 26.26 4.69 6.07 13.61 5.24 19.47 13.56 9.74 8.81 4.29 3.53 7.29 21.96 12.31 15.31 9.48 7.58 9.51 8.82 5.79 15.07 15.93 11.21 8.08 15.18 14.4 17.0 13.26 11.71 7.83 4.82 6.93 6.67 3.92 1.32 1.85 3.36 6.08 4.74 6.49
5.92 5.35 4.78 2.38 3.08 7.38 8.6 12.38 6.0 20.02 13.12 13.51 5.67 6.7 7.18 10.89 16.92 15.96 29.56 9.99 10.34 6.41 2.0 5.52 14.09 4.93 7.04 15.05 11.32 9.74 12.52 12.33 15.78 7.84 6.97 17.04 28.38 11.69 11.66 14.45 7.26 8.0 8.11 13.57 23.5 20.12 4.61 3.7 5.75 10.97 15.26 20.32 13.89 9.83 7.43 7.62 7.32 4.78 2.39 2.17 3.88 12.25 13.22 6.5
10.98 7.36 6.38 8.67 8.47 8.73 6.66 18.24 17.1 18.01 11.61 9.52 8.83 7.3 4.82 8.37 7.38 5.59 10.84 7.17 5.51 9.75 2.5 4.34 6.02 3.44 5.78 13.09 27.81 15.7 12.11 20.07 21.89 9.36 8.56 22.99 21.59 26.26 13.41 12.59 11.2 9.0 8.76 12.24 13.88 17.1 4.04 3.81 7.65 8.53 14.37 12.29 7.56 11.02 9.58 5.69 6.3 5.51 6.88 5.22 4.56 10.65 7.9 1.74
15.44 8.24 8.74 6.73 9.52 7.7 15.11 27.31 42.13 10.81 25.32 11.62 10.87 9.22 5.71 4.76 5.31 4.94 9.13 7.58 6.52 4.58 4.89 3.61 7.6 12.15 9.58 14.42 15.75 15.14 11.49 16.91 9.67 12.46 9.6 10.84 18.06 24.56 15.09 14.3 10.28 13.47 14.59 9.48 16.37 17.91 14.58 9.6 10.86 16.44 10.39 10.28 12.64 16.32 6.65 6.2 7.87 7.11 11.1 7.6 4.17 9.23 9.66 1.66
7.85 12.66 4.5 6.01 16.0 11.22 12.58 17.91 19.09 6.21 13.54 8.38 15.74 4.36 4.18 2.71 5.33 5.67 12.52 6.24 9.23 5.68 3.67 4.84 12.24 19.52 18.99 11.4 16.75 7.33 7.92 5.48 3.82 9.48 6.69 9.29 11.15 18.34 4.36 13.2 20.41 13.3 10.76 6.86 13.24 16.29 9.43 6.79 9.72 6.78 12.07 6.42 8.93 6.78 2.82 7.31 14.34 10.36 19.64 9.61 3.24 7.99 3.93 6.67
7.37 7.13 7.14 6.67 9.39 12.0 8.31 35.15 30.63 15.24 12.36 9.5 14.87 8.8 8.36 5.33 5.99 6.84 6.94 6.32 5.36 2.29 2.58 8.7 11.04 16.06 15.84 9.42 17.27 6.62 4.05 8.24 4.31 7.86 3.06 4.51 6.81 7.58 8.7 15.45 14.19 8.89 12.53 24.75 14.47 20.11 12.0 11.02 5.73 8.1 4.78 9.89 3.99 1.86 4.27 4.82 7.53 13.66 11.87 4.23 4.17 4.35 3.98 9.11
2.97 6.38 4.79 4.28 6.33 5.69 11.15 22.66 54.18 13.63 15.29 14.14 11.41 7.62 6.27 6.03 9.64 13.0 3.08 7.98 4.32 1.57 8.31 10.04 10.84 17.66 10.81 11.48 10.63 8.36 7.09 3.75 2.83 3.78 2.13 3.66 7.65 5.57 7.93 13.94 15.35 12.46 22.15 24.37 19.62 29.65 20.41 12.54 7.08 4.2 3.67 3.43 1.9 2.92 6.64 14.92 4.22 13.52 7.87 6.96 7.85 6.55 3.48 16.28
2.41 2.1 3.07 1.98 4.73 7.59 16.52 18.54 27.15 17.49 17.47 9.13 10.49 11.19 10.32 8.18 6.46 3.58 3.4 2.73 2.84 2.31 8.21 12.02 13.84 10.68 8.91 6.91 5.36 14.02 9.8 2.23 4.17 6.22 1.75 1.7 3.16 4.5 8.41 11.0 9.03 11.08 15.41 21.15 16.51 18.54 15.33 12.17 9.17 7.59 3.11 3.3 0.89 2.07 8.61 7.95 7.08 12.72 5.72 13.09 9.83 6.52 17.78 16.3
2.7 2.99 2.73 1.78 2.25 6.8 21.28 27.58 28.76 20.56 9.74 5.02 7.84 6.36 6.35 10.1 7.73 4.2 2.35 1.55 1.93 6.21 7.58 17.94 13.53 7.47 11.82 13.21 4.59 6.72 4.8 2.28 6.17 8.26 3.54 2.01 3.44 3.99 3.35 4.18 7.25 9.35 22.79 17.86 16.16 8.72 6.59 9.37 8.27 3.56 4.93 2.35 0.74 1.79 3.5 5.35 7.46 5.8 5.02 23.17 6.94 10.15 14.8 12.74
2.76 2.92 3.42 2.12 3.88 5.28 22.85 28.91 19.88 19.14 13.56 6.25 7.17 5.24 9.54 8.31 6.87 1.55 3.18 2.14 6.14 6.65 17.26 13.76 9.39 8.76 11.75 29.06 12.62 8.13 4.66 5.14 5.52 5.94 5.92 4.3 2.57 3.1 1.83 3.09 2.73 7.45 15.2 31.19 21.0 17.54 9.58 17.91 4.92 5.07 4.06 3.51 1.21 3.27 5.92 6.95 2.51 2.84 6.04 5.98 13.16 13.67 13.94 13.24
0.98 2.28 1.61 3.31 4.7 6.37 13.71 31.57 14.75 9.11 12.91 7.05 6.33 8.25 17.01 5.71 10.29 1.32 2.39 2.75 8.34 7.14 23.88 18.1 13.57 5.35 13.06 6.8 30.05 6.37 5.51 6.4 4.82 5.64 6.91 2.2 4.14 2.86 2.51 5.68 3.31 11.02 25.2 24.22 36.34 18.87 10.36 6.94 9.54 3.7 3.24 3.12 2.33 5.95 3.24 4.49 3.47 4.17 7.7 11.97 20.91 27.94 19.18 15.53
1.22 4.62 3.99 3.84 3.08 5.28 7.1 33.68 11.98 6.25 12.29 12.02 8.13 12.8 9.7 6.5 5.19 4.99 3.07 3.95 4.61 11.55 14.36 15.93 11.6 17.57 10.61 13.29 19.95 13.21 9.93 7.03 5.63 7.87 2.31 4.83 5.51 8.72 5.6 3.06 4.47 10.71 9.76 22.78 33.59 21.82 10.43 7.45 5.2 2.65 2.47 2.1 4.49 4.89 3.24 6.46 4.19 3.71 8.09 7.51 36.45 21.8 38.13 24.25
3.59 2.86 5.4 5.55 5.93 10.6 23.33 17.27 21.94 7.77 9.8 11.12 16.09 12.69 22.24 6.31 13.37 6.36 4.09 3.32 8.96 8.12 30.32 14.13 13.94 14.54 5.64 14.92 34.61 17.13 8.0 5.23 5.84 11.93 6.68 15.36 7.39 8.34 5.69 4.3 7.28 9.7 13.03 19.03 34.82 15.91 10.18 5.49 4.41 6.25 1.67 4.82 8.98 4.24 4.66 6.61 2.7 12.73 7.16 13.85 8.25 20.16 12.11 33.5
3.74 4.22 4.18 6.29 5.87 10.46 8.16 10.98 8.94 6.23 11.28 10.65 18.44 12.69 10.56 7.41 14.2 10.01 14.61 9.81 10.61 11.1 24.24 14.91 14.35 5.46 9.13 18.54 29.83 21.41 5.91 4.41 5.56 7.43 9.56 14.48 9.12 5.85 5.19 2.27 3.31 4.37 19.62 26.25 28.64 18.35 16.98 3.87 10.57 7.95 5.73 6.91 8.82 3.33 4.45 1.96 3.3 3.46 6.07 3.67 7.5 13.31 15.13 8.03
10.04 6.49 12.21 13.31 9.27 5.98 9.76 4.82 7.75 6.44 21.55 9.75 20.23 4.4 3.83 8.45 10.71 18.46 11.79 9.13 18.93 10.75 19.22 11.11 9.29 8.59 8.68 12.79 17.41 22.27 7.61 5.51 5.48 4.26 8.0 20.74 10.66 4.34 4.05 3.58 5.11 3.96 5.38 10.33 8.61 22.38 8.42 5.71 8.16 11.44 4.49 3.09 2.85 7.04 2.04 2.24 1.77 3.51 3.76 5.69 7.09 5.81 8.47 9.94
14.56 15.1 9.82 11.87 5.92 2.99 5.16 3.58 5.41 8.34 4.93 5.38 9.77 9.31 8.09 7.14 14.89 13.23 20.22 10.8 8.96 9.96 13.55 11.44 9.35 8.91 6.14 6.59 13.93 7.51 7.54 4.21 9.32 7.4 7.47 5.54 10.54 3.27 3.89 5.04 5.32 5.75 4.77 8.51 10.23 11.92 8.89 15.88 8.37 16.18 11.7 5.42 4.62 4.55 1.4 1.06 1.91 4.36 1.74 10.05 3.55 3.8 3.59 4.3
22.74 16.43 11.22 12.16 6.1 3.82 4.89 3.71 2.54 7.82 2.51 5.76 5.64 7.03 3.51 9.03 7.8 13.16 8.45 8.69 6.51 16.66 10.37 8.87 5.38 8.57 8.34 15.28 16.85 13.05 9.69 6.44 9.21 6.4 7.53 10.67 4.88 2.45 4.4 4.01 10.05 3.06 5.47 10.02 11.72 7.68 11.35 10.21 13.1 9.54 13.2 3.9 3.93 5.7 3.45 2.22 2.03 3.84 5.39 8.86 10.39 4.5 2.72 4.08
16.69 8.18 9.63 7.06 4.61 10.91 4.35 3.57 4.88 2.52 6.93 2.48 3.44 4.99 7.52 6.55 7.06 13.77 8.03 8.14 7.92 6.1 15.06 6.33 4.98 12.16 27.05 24.17 7.1 7.27 12.97 13.65 11.22 7.71 11.58 5.69 2.76 3.44 2.5 8.83 3.96 8.32 14.73 21.89 7.83 10.36 10.22 6.46 9.21 10.78 7.95 6.73 2.52 2.73 3.64 2.1 1.85 3.12 5.16 10.67 12.91 4.41 4.86 2.6
9.74 12.16 7.79 4.62 5.67 9.05 5.34 7.4 3.91 4.23 3.79 3.06 1.53 3.88 10.34 3.24 11.4 6.33 10.84 12.57 13.13 28.31 22.37 6.04 17.41 17.34 28.06 41.55 9.22 10.59 30.32 14.76 12.09 7.82 4.7 4.1 4.58 4.96 7.75 9.39 4.43 6.75 16.85 12.38 25.52 11.1 14.87 9.58 7.22 4.97 6.54 7.39 5.2 4.02 2.37 2.72 3.51 3.39 6.27 8.22 7.03 6.51 3.52 2.87
8.03 5.98 4.33 5.44 4.19 8.52 4.84 16.13 4.95 15.25 9.43 3.28 5.35 7.76 6.7 6.05 6.3 6.75 15.8 13.54 12.85 32.09 5.11 9.4 13.22 14.74 22.3 15.28 15.31 16.15 17.87 27.15 12.24 7.61 3.77 5.5 2.8 11.37 6.78 6.59 7.26 6.79 10.48 12.37 7.97 19.1 12.28 12.31 12.75 2.89 3.8 5.45 5.16 1.84 4.32 3.2 4.77 3.04 5.75 5.16 7.94 5.76 5.37 4.93
5.34 4.22 3.59 8.03 13.44 15.11 21.17 13.85 12.35 5.68 13.85 4.39 3.94 7.84 7.23 5.19 4.67 3.41 6.34 12.46 13.69 11.04 13.21 8.43 35.68 21.51 15.33 15.55 23.16 13.92 13.38 17.34 9.18 6.36 10.31 3.44 3.17 4.48 5.22 5.07 10.57 6.73 18.31 9.04 8.48 10.3 9.29 10.19 6.43 2.62 2.65 6.42 2.94 2.48 1.55 5.28 4.25 6.19 6.17 7.35 5.4 11.48 4.6 6.35
4.35 15.09 10.35 10.51 9.86 11.16 13.41 9.57 5.92 5.23 10.44 6.54 3.67 3.81 5.72 4.18 4.29 5.11 4.9 5.66 6.71 5.91 6.96 16.49 13.73 34.18 16.02 11.87 11.55 8.8 9.67 26.78 7.93 6.04 10.73 3.68 3.49 8.44 7.13 4.71 4.73 5.21 9.32 5.45 12.61 7.51 11.7 3.07 5.57 3.76 6.93 2.72 8.15 2.18 5.24 8.07 7.63 7.51 8.31 8.12 10.34 8.97 3.27 4.9
8.26 6.56 30.46 15.05 16.4 27.35 7.89 7.93 7.23 8.87 11.64 13.22 3.18 3.37 10.5 7.55 5.43 6.15 3.32 5.74 8.4 4.28 5.08 9.75 7.62 15.79 13.55 11.64 17.49 5.54 3.27 10.26 4.67 9.15 5.58 4.81 9.1 11.71 8.67 4.25 4.67 4.93 10.51 12.55 11.72 14.28 8.96 8.56 10.6 5.28 6.97 10.27 10.83 9.95 7.09 7.09 16.76 15.0 8.41 10.16 6.55 4.04 3.39 5.62
4.23 5.38 29.78 13.82 16.18 21.55 19.9 7.91 6.9 7.79 9.09 11.04 4.21 2.64 4.3 9.74 5.78 7.61 4.52 6.82 18.89 5.22 4.63 5.05 10.28 20.41 22.17 15.2 17.98 11.9 10.04 7.6 9.19 4.27 6.05 8.72 14.7 4.4 5.49 3.8 3.98 5.87 4.2 5.27 9.74 10.15 11.92 10.27 13.15 10.52 17.3 5.98 13.29 8.34 15.35 11.69 13.21 17.17 9.84 3.94 4.03 2.24 3.11 7.16
8.97 3.46 22.93 35.6 30.94 22.22 15.18 4.91 7.23 6.08 3.96 5.79 2.22 1.69 2.37 3.29 4.66 6.17 7.67 17.09 30.91 8.25 9.43 13.15 9.54 26.78 20.78 18.02 16.83 13.57 14.91 7.36 25.37 8.44 8.03 6.48 11.33 8.59 5.97 7.46 16.83 7.43 9.93 6.79 9.6 13.94 35.41 8.5 15.48 14.07 10.0 7.85 6.22 4.42 6.45 18.42 11.15 30.69 8.52 2.44 3.95 3.51 3.52 6.45
8.05 12.3 26.61 20.18 8.95 10.71 4.8 12.3 3.05 4.62 2.97 2.72 3.37 2.07 1.47 3.0 3.46 4.6 9.56 13.66 16.48 14.84 8.39 8.29 10.91 19.01 14.71 7.28 4.57 6.96 16.77 15.46 14.12 17.3 5.04 6.92 8.69 14.69 4.51 9.77 11.95 11.24 16.39 14.05 17.0 36.03 24.44 9.95 14.0 9.58 15.43 5.89 5.47 5.39 12.49 8.21 21.12 18.89 6.23 5.13 4.31 5.92 6.36 4.01
9.85 19.17 20.73 25.42 14.95 5.54 4.5 7.02 4.03 11.43 5.46 6.71 6.86 4.0 2.26 3.2 3.31 1.91 4.69 13.72 9.39 10.78 12.78 9.89 15.12 9.04 6.38 8.84 3.15 12.49 9.72 9.9 20.82 9.51 7.59 10.52 6.52 11.22 6.86 9.68 14.95 12.87 12.34 12.44 19.57 11.25 6.23 9.29 4.29 4.23 4.65 3.22 4.24 2.53 8.0 18.76 19.1 33.76 27.14 12.39 16.04 9.65 13.37 16.16
5.23 12.02 5.81 14.79 13.79 7.33 4.66 8.68 3.45 7.8 5.38 6.66 5.56 4.51 3.38 2.11 2.98 1.67 2.45 9.11 6.98 5.78 11.95 20.26 16.96 17.24 11.26 5.74 7.43 6.13 6.05 25.58 16.69 10.03 8.18 5.11 5.69 7.05 5.48 6.43 5.46 7.31 10.04 8.88 16.7 3.1 7.97 6.1 6.53 2.94 4.04 3.45 2.28 1.63 8.92 14.42 41.92 14.34 22.33 7.6 8.7 11.34 11.78 14.46
5.04 6.44 4.22 7.85 7.79 12.55 6.44 9.95 12.01 6.01 6.92 3.87 3.03 4.41 4.7 3.08 3.14 2.16 3.76 13.96 9.32 9.95 11.91 23.69 24.43 18.76 15.47 6.98 4.12 5.84 4.91 20.42 10.7 8.84 10.85 7.08 5.06 6.6 7.44 4.34 5.61 14.6 14.62 21.61 18.79 9.69 6.01 13.39 4.16 3.01 5.59 4.24 3.26 1.94 3.56 17.0 25.27 14.27 27.92 17.61 14.09 12.26 9.21 11.4
6.14 7.2 11.08 3.15 8.2 8.07 8.79 7.43 20.66 12.94 7.46 4.29 2.5 4.89 9.27 4.73 2.34 8.47 11.32 8.18 13.55 6.05 12.64 15.4 11.0 13.29 3.46 3.16 3.32 5.91 6.7 9.0 4.86 13.11 12.07 6.18 3.55 5.42 10.97 6.96 7.29 16.16 18.73 18.45 19.57 8.68 8.34 12.48 6.42 4.32 5.84 4.26 5.44 3.4 5.3 7.7 11.84 20.95 17.97 42.43 10.32 11.88 5.74 4.81
9.42 12.13 9.93 9.81 7.9 8.02 8.98 6.47 14.75 22.44 6.21 5.96 3.24 4.38 7.1 5.76 4.34 6.83 8.98 7.03 7.37 11.03 9.53 7.96 6.47 8.26 3.73 7.69 6.51 5.43 8.36 6.84 6.27 10.65 10.35 8.34 9.63 5.06 20.88 8.47 8.01 11.68 19.04 14.12 18.99 5.92 6.64 6.34 5.24 3.83 4.01 6.97 8.43 4.7 7.5 16.33 14.1 15.04 15.15 17.6 16.96 15.31 4.38 5.5
10.14 9.91 6.19 17.58 12.08 10.48 11.8 4.89 4.8 7.63 7.14 4.79 6.87 8.02 14.57 11.44 3.25 3.76 4.64 4.77 12.89 7.21 13.99 4.61 6.87 5.98 4.16 3.49 2.92 9.23 6.35 6.81 5.89 4.59 6.14 11.87 7.21 10.03 11.68 10.12 9.85 6.58 14.27 36.37 8.31 4.68 5.13 2.85 7.35 5.88 4.79 9.43 14.16 6.87 10.46 10.88 6.06 12.94 17.36 14.77 24.01 4.85 4.09 2.81
5.26 5.2 12.03 13.75 13.51 7.48 6.17 11.22 6.83 9.59 4.82 8.71 7.71 23.25 17.05 8.05 6.01 2.94 5.49 5.76 8.1 13.71 14.35 5.9 4.14 5.24 5.28 4.69 8.39 7.08 6.02 3.92 9.15 3.65 19.87 8.78 15.83 10.64 11.32 7.13 11.38 6.47 8.83 24.17 6.63 4.37 4.81 4.44 3.88 4.5 4.35 18.61 17.09 15.49 8.82 7.62 13.79 27.42 9.1 22.33 18.52 4.52 5.12 5.5
11.75 8.41 5.9 6.43 4.85 2.21 3.37 4.62 3.77 4.35 1.71 3.48 6.59 7.73 7.32 7.39 7.77 5.46 4.51 3.72 3.83 19.49 14.73 8.08 5.37 7.83 7.96 3.78 15.64 21.54 11.47 8.32 5.48 9.85 11.37 18.94 8.82 6.29 3.4 4.07 8.61 3.91 4.94 3.24 6.47 2.16 3.37 6.0 9.4 5.55 12.13 5.09 9.51 8.74 12.74 6.56 21.8 8.91 6.41 5.33 11.41 4.19 5.24 3.6
11.63 8.34 7.24 7.53 3.18 2.29 1.58 3.51 9.09 2.02 3.33 1.72 7.59 6.08 7.72 10.05 6.32 6.19 5.65 3.0 6.34 10.29 26.79 6.68 9.27 3.5 6.26 9.53 16.19 28.11 15.74 6.84 9.23 7.38 11.54 14.8 5.65 5.3 4.29 9.16 8.58 6.49 4.27 9.25 7.14 6.34 7.74 15.87 13.05 13.0 9.08 5.6 4.76 5.71 9.48 6.13 12.29 5.75 4.37 4.32 5.65 5.29 3.55 4.07
5.08 8.39 3.13 4.28 1.17 1.72 1.61 3.6 4.38 1.95 1.13 4.99 5.17 8.53 11.05 9.16 11.53 11.44 10.39 7.11 7.45 9.48 18.28 4.22 4.16 2.7 6.21 9.45 12.26 12.32 14.34 9.2 10.49 13.4 14.02 12.0 7.35 7.09 5.79 8.67 6.73 5.19 5.57 6.57 11.13 3.56 12.46 10.59 15.11 12.31 6.25 2.82 3.05 6.05 12.08 8.56 7.63 4.95 6.48 4.24 3.01 6.75 4.84 5.86
5.6 2.95 3.32 7.93 3.05 4.68 2.74 8.37 5.96 2.39 1.22 3.68 3.86 8.81 16.08 8.69 10.38 8.06 2.83 6.59 4.04 14.36 10.94 3.74 3.62 3.39 8.01 19.54 19.78 11.92 17.85 30.97 14.85 36.76 21.73 25.21 9.02 6.44 3.66 4.75 10.96 4.44 3.83 6.69 3.17 5.47 2.78 10.41 9.15 15.8 6.2 1.76 2.34 4.71 8.41 4.88 3.43 4.1 9.16 10.02 5.29 5.94 6.56 9.68
9.75 5.44 2.63 3.9 4.9 3.79 3.62 4.5 8.07 2.21 2.77 1.55 2.7 7.95 6.41 10.85 8.25 8.08 8.0 6.21 5.17 7.29 7.66 4.53 10.6 6.86 12.8 21.0 16.37 15.25 12.45 29.12 17.89 16.5 22.7 8.23 6.14 5.46 4.58 3.83 7.9 2.76 2.83 3.19 3.75 4.97 7.12 11.4 29.16 7.87 3.28 1.37 2.39 4.05 4.64 3.59 2.0 2.5 2.76 4.14 3.43 11.63 7.58 6.06
12.61 7.73 3.03 3.61 3.44 3.03 5.0 4.84 4.96 3.25 3.27 3.93 2.36 4.81 5.07 7.9 9.54 23.06 17.27 12.92 19.79 18.52 7.16 12.42 8.13 22.51 48.27 24.06 14.0 9.68 10.51 21.64 21.13 3.37 15.79 5.43 4.92 5.05 4.17 10.64 9.09 2.57 3.58 5.7 10.32 10.03 12.24 8.04 10.19 9.41 2.33 1.61 1.81 2.05 2.58 3.97 2.19 3.05 6.25 6.88 7.43 11.63 9.02 8.99
6.52 2.92 2.46 0.91 1.15 3.23 1.39 2.63 3.35 6.78 4.49 2.66 3.26 2.82 15.19 5.53 4.97 24.0 17.58 12.01 22.17 9.73 7.68 9.54 4.2 9.61 15.56 7.48 10.33 11.44 9.18 37.01 10.22 9.55 5.56 5.03 4.07 6.76 5.93 8.74 4.54 3.69 3.78 5.69 6.5 5.86 7.79 6.79 2.75 2.24 1.21 1.19 2.02 2.35 2.11 2.62 2.0 4.5 5.69 12.2 16.16 22.93 7.47 7.74
2.8 2.82 1.79 1.04 0.88 2.22 3.37 3.63 4.12 11.85 5.0 6.22 4.47 4.14 5.59 4.09 1.62 5.98 15.05 11.24 22.91 17.26 8.87 5.1 7.09 6.25 27.96 7.0 10.31 15.45 20.14 14.56 21.41 6.98 5.24 4.25 3.44 2.34 4.29 7.47 5.11 7.21 4.56 9.41 5.89 7.93 6.42 6.02 3.07 1.91 1.17 2.1 0.88 1.95 2.69 2.55 3.0 8.14 6.2 14.1 22.49 13.87 14.22 11.11
4.09 2.77 0.71 1.43 1.37 6.83 7.53 5.56 5.12 17.07 5.56 9.92 6.78 3.59 3.76 2.28 1.58 3.58 14.32 14.41 17.88 15.93 8.33 8.0 7.62 10.59 13.03 9.75 7.15 5.99 18.02 5.51 17.87 14.88 4.15 3.39 3.9 2.55 3.99 5.72 6.49 10.88 16.65 6.39 18.17 5.23 10.45 5.3 2.71 1.86 1.71 2.02 4.03 2.77 2.27 4.82 5.96 3.99 7.8 10.46 32.78 23.96 18.13 8.55
3.59 5.43 1.94 2.83 1.57 4.5 4.9 8.72 9.23 14.66 13.07 9.06 4.99 2.08 2.2 2.52 2.69 3.56 14.2 37.09 17.75 24.37 10.57 6.79 11.27 12.61 32.79 15.22 5.09 3.51 4.28 4.81 9.11 20.45 4.93 6.94 3.44 6.85 7.22 10.87 19.53 14.03 13.67 20.99 17.85 13.65 18.84 5.2 2.52 2.15 1.39 1.9 6.64 2.49 2.52 10.28 8.74 3.21 8.81 10.22 12.77 35.37 13.86 14.66
2.75 4.71 3.44 2.03 3.91 10.75 3.97 6.88 6.46 6.62 13.19 5.63 3.8 5.92 3.27 1.27 2.58 1.94 12.05 19.93 23.19 13.89 22.39 8.6 11.93 8.55 20.88 13.79 5.24 4.19 2.51 4.83 6.12 13.4 8.02 5.6 7.55 15.16 11.35 9.33 11.95 9.92 12.64 8.46 10.2 13.74 19.06 5.78 4.81 2.19 1.61 0.99 4.76 3.14 5.78 7.91 10.9 3.37 3.79 9.05 7.45 8.89 8.84 4.62
2.13 6.03 2.96 1.59 6.21 9.39 6.37 12.13 5.06 8.88 12.3 8.98 7.07 10.13 6.58 3.48 3.2 3.24 5.0 23.36 19.0 14.03 14.56 9.98 11.93 18.37 31.13 10.54 3.15 1.43 1.88 3.17 9.55 12.59 9.86 9.79 9.53 20.37 15.93 17.1 14.23 39.28 34.98 13.94 32.75 22.88 9.52 9.32 5.99 2.98 2.61 1.75 1.92 3.59 2.56 3.93 7.83 2.08 7.88 7.16 7.7 7.2 6.88 4.36
3.64 6.25 2.28 3.84 5.59 3.99 6.45 3.69 3.28 4.12 6.4 7.23 9.86 5.89 5.56 2.33 3.34 3.93 3.49 8.15 15.16 7.12 4.77 8.97 6.63 25.56 21.37 10.95 1.92 1.56 1.78 8.28 5.24 9.58 6.44 5.37 13.74 9.65 21.91 17.21 15.77 44.26 19.79 7.13 17.01 13.99 6.62 5.31 4.04 3.11 1.55 1.28 2.01 2.75 4.39 7.41 3.5 3.06 3.68 11.37 6.2 4.58 3.53 9.88
4.72 3.35 2.34 4.7 5.74 5.37 4.85 3.61 4.55 9.2 3.21 8.73 4.31 6.99 7.23 12.15 5.07 5.2 3.54 2.95 4.97 4.13 3.0 7.35 10.6 9.63 13.1 10.23 2.16 0.87 2.68 3.41 8.39 5.15 9.05 5.65 7.78 17.51 24.28 21.26 15.67 35.3 25.53 18.85 11.99 11.96 4.7 3.94 3.02 1.27 1.72 2.29 2.38 3.36 5.35 6.99 2.99 3.87 2.23 9.17 4.96 3.17 9.16 11.19
7.38 1.34 3.25 4.09 5.23 5.28 5.01 1.95 3.57 7.73 3.42 7.34 6.81 5.95 11.67 17.19 15.46 9.41 2.98 2.51 4.62 8.76 2.84 14.35 10.85 17.73 5.35 4.63 1.72 1.37 3.81 7.57 5.75 4.94 3.83 8.65 10.98 12.2 19.48 12.55 9.69 14.75 13.69 9.09 13.0 8.71 9.28 3.13 3.78 3.41 2.92 3.42 4.98 4.71 20.04 7.87 4.91 2.9 3.01 2.72 8.07 3.54 3.75 5.66
6.87 3.05 2.83 4.82 4.85 5.54 6.84 6.83 10.4 8.78 13.15 6.9 10.13 12.18 14.75 25.37 23.02 6.46 5.23 2.76 3.89 4.74 5.24 15.44 33.97 11.79 6.95 2.77 1.73 2.48 4.82 9.93 10.02 7.98 6.01 6.47 7.3 16.04 10.47 29.33 9.61 12.22 7.59 9.34 5.87 8.01 7.56 6.27 5.95 4.87 3.29 4.32 3.51 6.61 10.43 15.76 8.05 6.35 7.17 5.3 8.99 4.08 5.02 5.46
7.45 8.76 6.14 4.72 3.5 3.79 3.53 20.18 4.06 14.14 9.48 7.62 6.56 7.59 10.08 24.56 25.51 13.16 6.39 1.55 2.44 3.45 10.46 18.24 11.95 11.27 5.21 3.56 2.14 3.55 3.13 3.11 8.05 6.67 5.68 7.6 6.91 10.72 15.49 9.14 10.51 11.11 3.74 8.41 4.69 2.7 10.62 4.9 1.99 3.05 3.23 7.03 9.96 6.24 7.06 10.76 6.49 3.96 10.28 5.98 7.44 4.17 2.29 1.84
9.16 12.53 13.99 8.77 9.66 8.91 6.79 6.8 7.42 18.27 19.16 27.27 8.08 11.79 33.28 18.06 13.6 6.11 1.23 3.62 2.59 5.38 10.68 15.16 5.16 8.99 6.55 2.69 5.06 9.54 6.22 6.09 2.85 6.59 4.21 6.68 3.72 20.76 19.56 16.53 7.97 6.57 3.64 8.72 3.88 3.07 3.81 6.86 2.22 5.1 5.34 7.91 9.97 5.5 10.68 12.89 12.99 8.39 10.54 10.81 8.53 3.91 6.27 1.99
3.86 17.84 9.26 12.72 13.89 8.23 9.37 3.55 15.9 11.98 25.35 12.41 22.03 14.76 22.37 7.38 7.18 3.18 1.94 3.04 2.54 3.41 13.78 4.68 8.34 8.07 3.66 4.37 2.22 6.86 5.2 2.43 2.73 4.15 2.43 3.53 5.3 6.86 15.27 7.55 6.3 9.14 10.09 5.58 4.89 2.95 2.88 4.03 4.16 2.73 5.49 8.06 10.1 7.15 8.89 3.51 8.71 6.01 5.3 18.49 10.63 15.73 5.01 2.96
5.93 12.86 10.97 20.83 5.36 6.65 9.79 5.08 9.66 15.2 8.25 19.68 9.45 24.49 5.89 6.08 3.92 1.78 3.33 2.71 3.88 7.67 9.9 9.92 11.51 6.51 5.7 5.09 2.01 9.59 5.35 3.19 3.16 2.62 2.04 2.32 2.88 10.16 7.8 18.52 6.93 10.48 8.22 6.98 4.34 5.43 5.14 2.34 6.7 1.59 3.77 7.66 9.65 4.59 4.53 2.56 15.39 4.47 7.68 9.45 17.46 16.21 12.14 4.75
15.31 5.28 22.39 12.39 10.89 3.73 5.94 3.36 8.54 10.94 11.66 13.11 8.59 6.64 4.69 3.79 4.77 3.24 3.95 3.96 2.23 9.91 6.69 7.38 5.99 3.58 2.32 2.54 4.73 9.94 5.18 4.25 1.27 4.35 3.69 3.5 6.0 9.1 11.23 14.77 13.49 9.79 7.25 11.55 7.02 5.32 3.27 6.12 6.19 4.55 5.05 5.18 6.39 6.8 4.87 8.5 12.77 8.06 7.41 14.07 12.24 19.15 10.98 5.86
10.12 5.7 8.65 8.7 6.1 3.11 8.48 7.38 14.59 24.16 17.38 13.55 10.7 7.09 3.8 7.27 3.11 4.72 7.5 3.28 6.15 5.89 6.4 5.08 2.63 1.91 4.89 4.02 10.22 10.53 4.19 3.85 1.2 1.61 5.01 3.68 6.57 9.9 13.11 5.55 4.87 8.74 15.09 46.55 10.18 8.34 6.93 8.53 11.67 8.68 14.43 8.39 8.16 7.86 4.79 23.3 16.09 13.08 11.73 10.56 15.98 24.02 15.28 9.31
8.93 3.35 4.83 2.69 3.51 2.72 3.32 3.59 14.79 8.53 15.79 13.84 8.61 6.04 4.12 6.41 5.79 5.56 7.26 3.71 9.64 10.91 6.29 8.24 1.17 2.61 1.87 4.86 5.18 9.98 13.83 3.47 1.5 1.12 1.87 4.67 5.6 11.95 7.67 12.58 5.34 8.25 8.75 8.19 4.97 3.55 6.15 4.81 10.79 9.81 7.61 5.86 5.16 7.03 9.3 14.3 17.3 12.78 13.0 18.66 24.46 12.37 16.75 13.06
5.52 2.18 2.6 2.49 2.57 1.68 1.13 5.38 6.18 22.17 12.06 8.42 10.25 7.51 11.23 11.89 5.26 8.27 7.74 5.67 7.27 6.1 5.53 4.42 2.47 0.78 2.77 5.04 6.99 12.81 9.6 3.73 3.77 4.05 2.6 11.67 8.03 12.17 14.82 25.91 9.42 19.26 18.54 10.52 4.92 3.63 4.0 23.45 10.01 21.58 15.07 7.81 9.85 7.9 7.29 13.36 17.9 10.37 13.96 11.52 12.63 17.41 13.79 14.01
3.76 2.86 2.03 2.77 1.23 1.3 1.91 2.84 8.15 8.35 10.98 10.12 11.8 7.35 8.6 10.75 7.08 9.03 5.67 3.95 4.86 3.83 3.18 2.0 1.42 0.84 3.88 3.15 7.09 15.75 10.55 7.81 5.7 4.86 5.64 12.7 13.68 7.71 10.14 9.93 11.64 10.99 8.12 13.8 4.65 4.23 6.4 9.56 20.55 16.62 27.96 13.38 14.54 17.01 36.32 21.58 14.82 14.22 19.82 13.83 14.81 14.98 15.64 21.94
