9.32 15.47 6.5 8.05 12.41 6.58 10.33 3.61 5.5 8.95 6.33 6.15 5.16 7.04 7.14 5.2 7.32 12.43 8.23 15.12 23.03 10.93 4.96 12.09 11.52 7.34 3.82 5.95 2.92 5.78 2.34 4.05 5.34 9.0 9.18 9.19 7.3 4.2 10.74 8.28 12.17 14.2 9.52 8.45 6.45 11.77 5.14 5.32 3.17 9.95 4.55 1.51 5.52 7.63 4.24 14.75 3.79 11.04 7.44 4.94 4.2 4.63 8.42 17.81
2.51 6.67 6.74 10.66 12.67 6.59 10.66 8.38 12.44 17.03 8.83 5.07 7.99 8.58 3.19 3.96 5.67 8.38 6.96 19.01 24.84 10.11 4.21 12.82 18.27 6.53 3.15 4.94 3.26 7.23 2.17 3.45 5.27 8.66 6.99 7.06 5.74 5.03 9.64 7.75 17.09 10.21 8.89 5.45 5.69 6.14 4.75 2.54 3.16 12.9 5.56 2.11 5.03 9.72 8.34 16.21 8.71 7.85 7.98 5.93 4.99 3.09 6.38 8.97
4.83 5.79 9.21 7.14 7.17 5.8 5.82 11.42 29.42 15.47 11.98 2.91 4.41 3.72 1.5 2.41 5.31 7.4 7.72 14.25 27.01 12.46 3.88 6.34 14.54 9.13 6.1 7.46 4.5 5.55 5.9 4.25 2.54 1.62 5.1 3.19 9.92 14.73 15.84 8.7 20.26 6.1 13.2 13.35 8.33 3.87 5.25 4.83 4.02 7.03 2.37 3.89 2.92 5.9 8.12 3.92 8.71 7.33 4.49 7.05 7.15 7.5 7.75 12.21
5.5 8.04 15.61 11.96 14.03 7.98 3.56 3.91 9.74 6.56 10.42 1.47 3.28 0.71 1.35 1.81 3.5 10.0 12.7 16.26 23.98 22.01 11.72 12.64 23.38 7.98 5.49 8.94 4.53 4.15 8.14 3.05 1.72 0.56 3.31 2.77 8.7 10.17 10.05 8.8 8.1 8.13 14.55 10.18 8.0 5.03 4.28 3.58 2.82 4.01 4.46 9.14 10.45 7.38 12.85 6.78 5.69 8.74 9.32 10.13 20.0 10.18 17.2 18.61
3.22 4.14 11.38 14.68 16.13 7.64 12.98 5.46 7.11 8.81 10.33 3.48 3.42 1.65 1.09 3.52 3.76 4.25 8.33 10.33 13.96 8.82 5.17 9.03 8.96 9.74 3.5 2.95 6.42 3.59 5.67 2.44 1.73 1.2 3.2 3.9 4.34 7.2 8.51 9.98 9.61 8.2 13.26 6.37 5.43 8.41 8.99 6.87 2.63 7.5 5.4 20.76 17.15 15.49 16.47 10.73 4.76 5.99 13.72 14.73 8.57 15.52 25.16 30.7
4.56 2.17 6.0 10.24 5.1 12.04 12.83 8.25 9.69 12.28 9.28 5.6 5.43 3.49 1.59 4.56 5.18 4.59 11.91 10.71 8.26 8.29 3.48 5.93 5.17 4.56 4.63 3.19 8.68 7.58 6.21 5.74 3.82 7.48 5.84 10.42 7.22 4.83 7.85 2.53 7.58 4.39 4.76 4.55 5.01 11.92 7.1 5.26 3.43 10.31 9.26 22.36 7.76 14.66 15.59 15.62 4.09 6.22 10.71 7.43 9.46 14.16 20.08 57.66
5.94 4.26 7.23 6.68 4.29 15.67 8.78 9.58 9.18 17.47 10.55 10.4 9.89 2.17 2.52 2.38 3.77 5.26 5.51 13.55 9.46 6.42 6.78 8.96 5.39 7.19 3.64 1.93 3.72 7.14 6.79 8.78 14.53 17.53 11.25 12.72 6.03 4.72 4.14 2.48 7.58 9.68 11.67 15.31 7.63 9.92 7.47 6.43 7.81 10.03 11.92 11.11 6.89 10.45 6.07 9.48 2.57 4.31 11.01 11.24 22.88 15.28 10.46 28.14
5.48 4.12 3.48 5.17 6.7 7.17 10.96 6.93 6.19 14.78 16.14 6.37 8.34 2.34 3.91 3.32 5.08 4.43 3.76 9.65 10.24 6.43 12.71 12.11 14.09 11.18 11.74 2.98 6.89 8.47 16.77 11.66 23.92 23.54 22.92 19.07 9.71 2.44 2.41 4.93 7.7 10.99 7.73 12.38 7.92 9.53 10.34 5.0 6.74 8.67 6.88 9.09 7.31 14.0 4.59 7.7 5.1 6.43 12.2 12.09 16.97 12.98 5.6 13.38
9.16 5.06 3.09 3.8 7.51 5.66 8.71 2.84 5.92 4.03 10.78 5.47 4.77 5.33 4.97 4.92 7.7 4.11 5.99 9.11 12.43 6.91 4.0 6.78 5.36 5.36 7.51 5.94 9.18 10.43 17.72 15.26 37.89 22.43 28.72 32.34 6.5 3.03 3.76 4.66 5.98 4.59 6.03 5.29 5.7 11.25 4.93 6.82 9.57 10.58 9.53 7.31 8.95 6.59 11.63 9.49 10.92 25.66 11.1 28.61 20.67 12.47 11.9 10.34
9.66 3.42 2.56 2.26 5.19 10.84 3.36 2.6 5.48 3.31 5.44 4.51 4.52 4.78 3.75 4.28 9.96 9.63 10.54 8.0 10.7 6.54 5.52 3.82 4.43 4.0 7.59 20.86 13.77 30.24 23.13 20.79 46.22 12.25 18.25 19.97 6.3 4.12 3.95 4.15 1.51 2.24 4.27 5.59 5.69 7.75 2.9 9.78 12.69 21.16 7.28 10.32 3.22 9.01 8.57 19.49 17.05 18.61 15.49 45.36 14.49 12.9 11.29 10.83
8.01 2.55 3.18 3.35 4.72 8.02 2.38 2.44 1.83 4.23 2.89 8.55 10.34 7.84 7.17 6.94 14.68 8.95 8.44 10.89 5.75 4.27 2.91 8.32 4.71 7.04 15.03 23.59 28.21 49.4 14.36 25.65 21.54 20.03 19.98 13.37 9.04 3.19 3.85 2.18 2.16 2.31 4.49 9.79 9.89 4.06 8.59 3.57 5.18 7.61 4.72 3.65 3.58 9.51 8.8 26.01 17.23 8.06 20.67 39.96 15.48 14.43 10.11 6.79
3.44 1.89 5.61 9.53 5.24 3.18 2.66 2.36 1.86 2.28 2.24 4.77 8.8 20.75 22.25 16.27 27.74 9.15 9.33 7.64 14.44 6.42 11.74 7.79 8.55 6.71 25.33 21.37 45.23 23.28 17.02 15.63 22.77 15.73 18.29 10.43 11.58 3.92 6.15 4.95 2.9 4.08 2.71 8.35 7.56 4.36 8.39 4.07 5.12 9.28 7.19 2.06 2.82 4.94 9.96 15.39 12.15 9.03 23.6 9.57 18.84 11.85 10.91 12.73
6.17 2.39 7.24 2.27 7.07 2.92 3.74 2.41 1.93 1.02 3.98 2.77 4.54 23.8 32.14 28.95 27.59 14.87 10.86 8.23 24.43 9.78 17.98 6.57 4.05 5.6 17.99 17.05 53.77 10.89 26.24 13.08 35.34 8.11 22.35 18.31 20.48 23.92 30.63 5.55 5.55 3.9 6.48 5.02 4.33 2.52 5.69 5.95 8.34 8.42 8.92 3.06 4.92 6.35 16.03 15.86 12.65 13.69 7.27 6.77 7.94 7.58 5.26 14.63
8.4 8.38 11.34 4.75 7.2 3.3 3.8 3.18 2.45 2.74 10.42 3.81 4.74 11.47 8.05 12.36 37.89 12.0 14.96 6.94 18.25 22.14 18.11 4.3 8.82 15.08 14.99 21.92 44.44 20.22 23.49 16.65 4.57 4.26 9.18 13.31 9.08 11.01 7.78 8.09 6.31 8.98 7.65 9.13 2.42 2.61 2.9 5.49 5.66 10.41 3.07 6.24 3.77 6.56 24.57 41.72 44.2 31.03 15.53 14.61 6.49 9.81 5.81 7.74
11.38 20.6 10.4 17.23 11.11 10.14 5.55 7.69 5.39 10.56 10.88 8.41 6.08 13.37 3.37 8.29 17.89 7.22 4.74 5.0 3.59 7.59 11.83 5.36 8.19 13.27 9.58 23.37 36.96 34.9 18.62 15.85 5.51 10.29 6.59 23.16 10.54 3.82 4.47 4.79 13.83 21.47 6.69 7.28 3.58 7.26 4.76 4.84 4.6 9.11 4.84 7.5 3.9 4.55 8.72 64.96 20.26 32.22 16.25 14.22 10.49 5.9 4.95 9.17
9.91 20.19 13.09 14.28 16.36 11.22 5.79 11.04 6.36 14.48 11.2 7.86 3.82 13.56 6.96 16.35 31.18 6.63 3.6 7.07 11.27 7.73 22.78 10.26 7.28 11.69 7.43 16.1 24.42 16.14 10.24 7.9 8.28 13.83 3.34 15.88 11.87 7.79 3.03 4.07 7.45 8.74 10.17 10.98 5.3 5.28 3.02 2.39 2.67 4.9 6.01 4.72 7.54 3.32 9.23 10.72 12.35 10.87 10.15 3.66 4.28 4.01 4.99 5.52
10.99 20.81 11.5 4.45 11.8 4.1 6.94 14.54 9.56 7.93 13.99 7.29 6.11 10.7 16.01 20.79 22.65 12.63 6.14 5.55 7.59 7.16 10.99 4.46 5.22 1.26 8.62 8.9 15.07 23.57 22.18 19.43 14.08 10.29 8.67 5.05 11.36 16.43 4.42 9.33 7.52 5.57 8.59 18.43 10.5 5.77 6.68 2.12 2.68 5.42 3.95 3.93 4.86 5.36 8.37 5.43 6.03 6.0 7.69 7.02 3.18 3.7 3.23 6.23
6.85 19.18 15.48 6.04 8.28 2.23 7.3 4.56 6.48 4.16 6.13 7.81 4.59 4.24 13.19 14.1 12.06 11.89 7.65 4.93 6.36 16.61 11.21 4.23 7.58 1.95 5.16 10.25 14.66 18.25 23.65 42.06 9.22 13.74 14.7 6.67 4.88 7.36 3.77 7.98 5.85 5.8 9.1 17.86 13.69 8.73 9.2 2.76 2.81 4.23 8.0 6.02 3.91 10.7 8.7 8.85 3.69 3.93 4.3 7.96 8.18 6.03 2.47 6.94
7.62 8.86 11.84 13.75 6.3 6.23 4.74 3.26 15.12 13.29 6.24 8.21 9.57 3.04 9.15 12.38 7.3 8.56 8.19 5.74 3.9 5.9 6.96 3.68 4.66 4.48 3.15 7.78 10.05 16.05 8.39 15.56 2.77 13.9 9.7 8.59 3.32 2.99 4.43 7.62 5.44 18.23 7.85 9.45 15.06 18.68 17.62 11.54 3.98 7.28 11.0 14.52 4.17 8.81 7.99 8.44 7.34 4.99 8.14 7.95 15.85 8.17 2.67 8.74
12.86 18.67 19.65 26.35 7.73 11.99 5.99 3.65 15.92 16.65 4.74 5.54 11.42 5.95 5.22 10.5 13.87 4.37 5.55 4.95 4.78 6.81 3.46 3.7 2.52 3.34 3.11 4.79 13.13 13.37 14.01 4.79 3.18 10.12 9.72 6.54 5.13 5.24 5.03 5.8 4.03 7.23 17.97 8.3 7.76 8.73 12.88 21.65 10.07 8.65 11.61 12.48 9.45 6.06 11.6 6.72 6.78 19.62 16.12 21.2 39.94 14.46 6.74 5.89
27.87 24.71 39.7 12.27 13.4 6.3 7.73 6.56 25.79 11.37 10.11 5.46 24.08 17.3 6.01 13.23 19.47 9.51 8.3 5.98 6.42 11.15 7.73 7.04 5.9 3.09 5.17 9.06 8.36 12.75 9.0 1.91 3.39 5.87 6.21 9.35 4.21 5.68 3.03 3.57 2.68 7.52 15.12 5.04 10.07 8.34 15.74 16.94 20.71 7.81 11.79 10.76 6.88 3.87 7.37 3.31 4.79 8.72 8.0 8.83 19.63 6.91 7.0 4.57
9.31 15.04 31.5 8.96 6.31 7.31 13.9 12.61 25.72 19.22 14.87 9.78 31.83 26.66 17.17 16.05 22.72 12.51 7.05 5.59 4.97 9.05 10.85 16.3 11.51 2.06 5.75 10.66 17.36 6.26 3.93 2.68 3.36 6.06 5.41 6.63 4.71 2.82 3.24 2.26 1.49 5.2 7.48 4.85 4.77 11.95 17.04 25.01 44.19 21.3 7.72 8.82 3.84 4.03 6.07 5.89 5.53 9.65 2.81 10.32 10.75 11.62 7.1 2.91
2.29 8.89 24.08 23.83 14.9 20.86 18.78 12.21 23.18 11.67 8.83 11.85 25.2 15.56 17.85 12.85 11.71 17.15 6.49 6.43 10.91 26.77 15.67 31.47 7.49 2.92 3.59 21.05 6.78 5.13 3.87 5.74 4.91 8.46 6.0 6.73 4.15 2.61 1.22 2.93 1.94 6.81 6.55 3.78 4.46 10.57 17.05 34.13 37.75 32.33 10.83 9.64 9.05 4.03 4.54 2.59 5.68 5.25 2.97 5.29 4.54 9.28 6.31 4.24
1.83 5.84 9.08 7.98 11.52 17.27 13.58 28.02 26.48 25.34 8.87 6.91 22.25 11.24 12.16 8.98 15.85 19.15 12.01 15.8 17.8 26.39 16.49 16.66 4.23 2.99 1.93 5.18 6.26 3.33 4.0 3.37 1.77 1.91 3.88 6.31 4.22 5.51 2.18 5.52 4.66 16.0 9.93 7.06 3.41 15.85 23.93 37.04 8.93 10.58 8.16 7.37 2.14 2.55 1.87 4.31 8.67 5.74 7.23 3.73 11.42 15.84 8.41 7.98
5.15 4.71 7.75 6.11 11.75 8.57 18.44 16.85 11.78 15.01 10.25 5.06 12.14 11.76 4.49 7.97 29.2 18.76 14.35 24.91 15.1 47.34 24.05 14.31 3.58 2.8 1.03 2.29 2.5 5.4 4.26 3.14 1.63 1.41 3.16 5.35 5.23 4.47 7.69 12.35 6.03 18.9 16.27 10.65 15.48 26.01 30.28 19.67 12.23 5.93 10.14 5.49 2.47 1.95 3.11 2.6 6.08 6.45 7.79 3.18 10.14 13.08 5.77 3.7
2.47 3.11 4.9 6.87 14.32 9.45 21.54 16.51 14.43 12.42 7.39 3.22 2.62 8.81 8.99 6.24 40.97 30.55 22.18 30.59 19.03 50.7 35.35 19.13 11.7 3.44 2.13 4.03 3.08 5.69 4.51 4.02 2.53 3.88 4.28 13.05 5.67 4.09 7.85 7.58 4.9 14.51 10.98 10.67 7.41 28.18 15.91 8.55 11.88 6.94 9.16 3.43 3.22 5.06 4.58 6.13 4.16 14.77 6.16 2.99 10.26 4.42 8.47 4.27
2.79 3.86 10.94 13.99 22.39 15.93 13.8 14.46 12.48 7.74 5.22 1.76 1.6 9.09 12.56 10.09 38.18 37.44 20.66 22.85 27.27 40.97 26.47 13.87 4.02 6.02 2.57 8.7 4.0 3.78 3.96 2.52 3.63 6.46 4.71 13.5 5.01 4.66 5.04 6.31 5.4 9.4 18.91 11.96 16.99 23.07 14.07 14.34 10.3 19.17 16.12 4.53 6.47 6.08 6.82 8.39 11.1 9.34 3.81 3.47 3.21 5.78 8.89 8.28
4.89 7.49 12.48 27.79 42.64 17.84 9.96 7.25 6.28 5.73 6.33 1.53 2.59 5.83 5.22 6.98 19.86 22.63 13.11 27.88 34.68 37.39 28.04 28.55 6.89 8.82 8.67 11.82 5.5 9.13 3.84 4.7 6.68 4.51 7.75 6.9 7.97 5.92 2.21 4.48 4.64 21.4 27.46 17.82 12.92 12.57 11.4 20.01 6.82 23.36 18.13 9.05 5.89 4.49 8.41 11.13 19.57 8.46 12.3 5.68 5.95 8.26 11.82 9.38
8.37 4.5 14.25 9.81 84.9 29.13 11.15 6.54 14.5 7.46 8.23 4.71 3.82 2.62 6.62 8.64 22.23 18.07 13.82 20.16 15.04 15.3 10.88 23.53 11.83 8.04 7.89 9.94 3.48 8.81 4.59 3.3 7.43 3.25 4.21 4.18 6.92 3.33 3.72 2.11 3.25 6.22 10.82 10.31 9.67 9.23 14.09 34.93 21.09 11.39 18.77 9.93 8.91 11.85 19.37 19.39 12.49 8.84 12.78 8.8 9.42 5.67 10.06 8.09
7.29 4.19 10.73 12.18 33.58 23.56 6.33 8.4 18.86 7.08 6.49 5.82 9.79 5.73 11.47 21.43 12.99 22.07 17.17 18.43 9.96 4.45 9.51 10.18 5.09 2.35 1.57 3.06 2.69 9.29 7.06 6.47 9.27 6.66 6.75 7.39 6.75 4.16 4.88 3.52 5.58 5.11 7.32 7.47 7.74 4.35 17.52 20.0 8.59 15.34 14.68 11.6 22.41 27.32 26.75 11.52 10.78 8.42 8.34 21.19 5.91 5.19 10.57 6.17
9.43 6.37 8.67 21.37 22.2 6.9 14.3 9.65 14.97 14.19 4.2 3.97 6.41 7.14 9.02 31.41 20.87 33.14 24.4 21.37 12.84 8.16 5.03 7.09 3.16 1.54 1.32 1.75 1.34 4.33 6.72 10.19 6.29 11.42 7.34 5.29 5.01 4.19 4.08 5.68 2.12 2.96 6.56 6.9 8.55 6.36 17.0 16.79 5.75 12.58 14.66 13.19 14.54 16.0 8.85 6.64 8.27 6.84 5.38 12.34 5.25 7.29 8.1 7.97
12.04 10.53 8.25 25.93 22.48 14.6 13.52 9.21 14.77 20.93 4.66 3.89 2.47 5.25 3.76 13.34 6.69 18.81 17.59 11.69 10.81 8.93 6.79 12.07 3.03 2.08 1.84 4.3 1.8 2.26 5.96 5.32 8.72 6.04 4.45 5.98 3.42 2.46 4.72 1.77 1.81 3.6 3.13 4.9 5.08 9.09 11.69 17.39 9.21 7.53 17.49 14.33 16.99 28.03 11.17 9.06 12.76 7.89 19.2 5.34 9.35 6.17 5.66 8.28
17.5 10.9 25.78 17.49 17.58 29.23 11.3 4.19 11.68 11.49 5.18 4.11 3.55 3.18 6.38 7.74 8.32 7.53 4.96 11.44 5.27 7.19 4.71 5.4 2.12 1.51 1.41 3.75 5.09 1.98 5.02 4.61 7.66 9.69 6.4 6.47 5.06 3.24 10.21 2.46 6.7 9.23 6.47 8.03 2.36 5.95 8.5 15.12 15.61 3.73 14.41 7.56 22.58 15.56 6.71 7.56 6.73 13.02 18.82 8.47 18.58 7.07 13.15 2.36
10.49 12.44 16.05 21.15 19.27 13.03 10.82 5.0 10.02 6.72 3.94 3.82 4.57 5.4 7.37 9.45 13.49 10.96 3.72 5.57 8.65 6.47 6.19 1.93 2.07 1.39 1.54 3.96 6.55 7.16 6.7 4.18 6.13 5.11 13.83 13.54 8.9 6.12 3.49 4.32 9.29 5.45 10.43 3.17 2.64 3.41 8.3 5.46 5.52 5.16 7.66 8.48 19.86 6.36 3.05 4.45 3.14 5.82 6.68 11.15 22.98 27.17 25.65 8.03
10.77 7.07 9.21 15.12 11.84 7.12 2.39 3.12 2.94 5.73 3.64 4.16 5.76 6.31 3.73 4.64 5.51 9.88 4.77 5.65 13.65 5.57 2.59 1.83 2.3 1.83 1.42 5.64 7.41 12.69 7.84 5.95 2.56 5.73 6.35 12.2 8.55 9.53 3.96 7.93 6.91 9.89 24.37 7.75 4.61 7.13 15.94 8.79 7.01 11.65 11.84 19.04 11.69 5.34 1.79 2.6 2.82 1.75 5.04 9.46 30.52 26.14 3.7 10.98
7.96 2.37 3.21 9.65 5.76 9.52 1.8 2.49 1.88 4.39 4.48 4.9 4.52 10.01 5.8 10.98 7.93 19.04 9.91 7.25 8.38 6.9 1.6 2.2 3.29 3.09 2.09 9.56 14.83 10.76 12.76 8.76 2.69 4.62 12.28 9.93 5.74 5.69 5.63 6.84 5.69 6.81 10.11 9.24 6.85 4.64 14.82 32.58 12.03 7.04 5.98 4.73 7.61 3.06 1.84 2.1 2.12 3.24 4.73 9.9 12.08 29.69 5.21 14.87
10.0 6.16 5.95 8.96 6.48 5.88 2.35 1.65 1.64 2.3 1.46 3.15 5.09 6.05 13.76 14.46 12.23 13.79 8.82 12.53 3.85 7.87 2.95 2.3 3.51 1.73 1.29 3.56 8.27 3.75 3.98 9.75 2.99 4.28 17.96 12.82 8.42 7.1 9.34 8.73 5.38 3.64 5.38 5.66 3.75 3.75 11.18 14.66 20.79 4.13 7.93 7.96 14.06 9.11 10.35 4.15 3.33 4.49 9.78 8.67 13.44 18.64 16.91 21.73
9.57 6.91 6.49 5.14 3.99 4.38 1.75 1.03 1.89 3.05 2.58 6.09 6.42 8.09 12.71 19.0 20.19 7.76 6.88 5.18 5.58 7.91 9.75 6.05 2.91 4.74 3.69 2.69 7.9 2.3 3.44 6.04 6.63 5.51 5.08 8.32 16.34 6.03 25.19 10.13 9.76 5.73 9.98 7.26 5.03 3.17 8.22 10.41 9.65 3.58 4.85 5.01 5.26 8.73 8.74 3.05 2.28 5.4 10.11 13.22 6.06 16.32 6.17 18.69
13.65 4.65 5.17 5.47 1.84 9.96 2.91 1.63 5.29 9.51 10.5 9.38 11.69 16.17 19.56 23.15 9.15 6.79 7.61 5.63 5.99 2.03 6.98 5.28 4.45 6.67 4.44 5.52 6.9 7.86 6.48 16.76 9.77 14.64 8.23 7.73 21.27 9.21 11.33 7.86 6.61 7.52 7.84 4.25 6.2 2.99 5.88 4.59 4.56 2.59 3.73 3.0 5.62 8.5 7.63 3.8 3.35 7.27 20.33 10.3 9.88 13.54 3.31 4.34
7.27 2.58 4.79 2.14 1.19 5.47 2.18 3.97 4.95 15.66 9.22 13.71 7.4 20.03 11.85 11.32 8.58 15.37 14.45 8.06 6.67 4.39 8.17 6.94 5.34 8.25 8.07 9.67 13.87 11.34 9.16 5.82 12.07 11.13 12.82 15.31 8.01 8.68 15.99 9.49 21.37 9.91 9.35 7.63 7.15 4.66 2.41 3.64 3.71 3.14 3.35 2.64 3.04 7.56 3.39 6.67 7.98 13.95 15.45 12.47 8.7 14.82 6.78 2.54
15.3 6.69 3.56 2.75 4.25 6.51 2.75 3.86 5.92 8.29 8.6 7.95 9.99 25.78 11.31 21.24 13.06 15.28 11.53 5.72 4.7 3.78 7.06 12.21 4.05 12.77 16.77 16.56 20.21 12.93 9.22 8.92 18.65 15.19 14.93 19.03 5.69 10.12 17.27 8.39 32.53 18.0 18.17 11.14 6.42 4.52 3.51 2.22 3.26 1.55 3.09 2.42 3.49 3.57 4.98 3.95 14.56 15.91 8.5 10.67 10.02 11.18 14.29 7.56
19.92 28.98 6.43 5.86 8.94 10.52 5.06 4.56 3.78 6.31 3.44 11.85 10.64 12.33 9.39 28.84 18.12 13.57 7.47 4.05 5.58 3.37 5.52 9.32 10.18 11.88 25.96 20.48 22.27 12.84 4.21 2.74 9.54 8.69 10.53 6.31 3.34 3.67 7.19 12.09 8.0 15.63 25.96 11.03 8.13 2.98 2.31 3.19 2.58 1.71 3.24 2.25 2.94 5.7 9.65 10.78 13.83 23.16 13.43 9.41 9.2 13.19 20.83 14.3
19.36 23.13 6.92 2.87 7.02 7.09 9.14 7.24 5.46 7.06 3.27 11.59 12.95 13.44 16.37 15.36 22.89 13.53 7.19 3.84 3.53 2.26 5.48 11.42 14.29 9.15 28.41 30.79 21.29 13.91 5.76 3.9 4.51 5.72 7.03 6.74 5.9 3.4 8.51 11.23 9.14 11.54 17.58 5.94 4.19 1.69 3.21 2.42 3.15 3.76 3.09 1.69 2.22 10.7 14.07 21.75 38.86 14.92 25.41 9.49 5.02 5.97 5.58 12.75
28.45 10.0 9.7 2.78 2.28 6.01 5.67 7.34 3.79 5.87 5.61 6.7 5.68 27.17 54.42 13.27 38.02 15.3 7.49 12.06 8.58 11.43 11.21 25.23 39.46 6.46 15.32 12.82 17.01 6.84 3.95 8.54 1.9 4.67 4.63 5.56 5.08 2.7 7.4 3.96 3.37 10.21 8.98 6.52 2.32 1.26 3.26 2.44 1.75 4.07 2.51 3.16 1.94 12.01 13.23 29.83 51.93 11.46 9.86 10.99 15.1 14.81 10.96 5.32
24.29 12.49 6.07 3.81 1.88 3.07 5.05 2.6 5.43 8.16 5.6 5.18 2.52 20.84 29.06 21.08 15.77 11.26 8.13 8.45 12.97 13.73 14.3 35.81 39.42 19.05 9.26 13.24 9.08 5.02 3.89 10.72 2.75 2.97 6.62 6.21 2.55 6.64 4.19 2.4 1.82 4.61 11.02 8.16 3.26 2.84 5.11 5.05 5.97 8.86 2.21 3.64 3.36 12.25 23.43 44.02 21.88 24.93 11.59 24.59 21.48 13.32 6.78 9.76
7.0 14.1 6.19 3.17 1.1 2.26 0.92 1.43 3.46 7.28 8.67 5.27 4.36 19.7 26.57 43.04 13.28 19.78 4.64 6.85 8.92 9.42 16.48 39.58 32.18 23.75 10.05 15.21 18.27 10.48 5.49 6.36 2.73 3.88 4.95 4.67 2.05 5.41 3.2 3.3 1.95 2.4 6.0 10.41 4.45 2.3 5.87 3.99 8.44 6.12 5.61 3.17 3.64 12.97 54.27 39.91 38.59 55.72 30.44 56.77 35.78 14.2 4.55 6.81
8.86 17.48 6.35 7.85 4.29 2.78 1.48 2.44 7.59 4.76 13.22 5.61 5.45 22.91 12.27 20.94 38.64 24.85 9.33 5.71 5.85 7.28 16.33 11.55 10.72 9.42 10.97 10.21 34.35 7.47 4.01 2.08 1.05 2.48 5.63 3.45 3.88 5.19 2.76 2.17 2.28 1.38 4.98 10.31 8.03 4.65 4.45 5.78 6.32 8.34 9.39 5.83 9.6 9.26 43.93 36.17 33.84 114.53 45.4 41.06 23.97 11.98 3.99 1.33
7.82 4.8 4.72 4.7 6.8 3.17 3.88 3.02 6.38 5.77 8.81 4.85 7.83 9.69 17.22 12.62 37.46 17.07 9.93 8.73 9.91 14.29 17.28 5.75 9.9 7.79 8.65 15.52 24.32 9.47 5.91 2.65 2.62 2.56 7.32 4.42 19.25 4.29 2.76 1.3 1.19 1.07 13.84 6.79 6.01 5.22 4.11 5.17 11.23 7.5 5.9 8.88 9.14 11.46 12.9 15.57 25.75 50.31 37.25 11.76 14.06 22.29 9.36 2.06
8.19 6.35 4.03 4.44 11.17 4.99 7.8 4.66 5.03 4.52 9.81 8.49 21.72 11.65 21.78 11.06 22.03 18.05 25.98 16.13 24.91 17.0 12.75 11.2 11.46 13.54 10.03 15.76 13.27 11.33 17.06 5.98 4.15 5.21 6.75 6.4 8.93 2.69 1.01 1.3 1.11 2.53 4.04 12.81 3.98 2.11 4.11 4.36 5.74 11.52 4.8 6.15 9.3 24.49 8.37 7.87 17.31 22.19 16.36 10.85 6.0 9.09 9.22 3.21
6.18 9.56 2.09 2.23 2.95 3.68 5.23 3.68 6.18 3.89 6.27 13.37 12.1 13.57 12.66 11.19 8.71 46.68 34.43 42.09 13.4 7.42 6.16 6.19 11.97 12.05 15.88 21.78 11.43 10.05 15.86 13.24 4.88 7.07 13.22 2.78 2.86 2.06 1.0 3.29 2.3 2.54 2.96 9.26 6.56 2.06 11.18 16.34 7.54 9.71 10.51 4.34 4.26 16.65 14.7 19.83 14.84 28.53 8.96 15.3 7.7 4.81 4.86 4.5
7.91 19.5 6.75 2.89 3.98 2.88 5.63 3.51 4.46 3.82 2.01 17.24 13.92 7.98 11.08 5.5 11.3 18.95 28.59 36.74 11.6 14.76 5.67 4.24 4.29 7.11 14.61 7.84 9.36 9.89 19.36 20.83 7.36 11.19 10.9 3.9 1.41 2.38 1.53 3.84 3.49 2.8 3.87 8.66 4.53 7.15 8.23 19.0 10.87 5.12 15.72 10.27 4.86 6.31 16.77 9.26 14.52 14.28 15.18 9.4 11.05 5.25 6.22 5.46
12.76 13.48 14.99 11.03 6.05 9.09 11.08 3.9 10.39 4.7 2.45 5.34 7.43 5.53 9.86 9.95 9.78 5.39 13.02 9.59 5.52 8.71 3.66 5.17 4.18 7.25 8.63 3.99 11.98 7.78 24.42 11.45 9.35 9.76 13.05 5.53 4.68 1.82 2.02 0.82 1.82 4.3 7.33 9.98 8.5 18.97 9.99 12.68 6.94 4.52 7.22 8.52 2.08 4.59 11.4 5.18 10.6 11.95 13.19 18.28 13.13 8.38 8.07 14.22
12.34 13.78 13.41 11.9 6.46 12.73 16.1 6.08 4.52 3.44 6.19 2.66 8.58 4.09 9.5 12.72 17.03 6.27 6.13 5.86 4.4 7.11 7.58 6.25 6.02 5.11 2.33 4.18 4.7 12.31 15.61 11.19 10.69 11.66 20.09 13.79 6.12 4.06 3.46 2.1 1.75 4.21 4.65 6.91 18.84 22.12 9.81 16.82 7.0 8.1 5.81 1.88 3.89 4.34 3.71 4.33 6.3 6.71 9.1 8.28 10.55 4.0 9.6 8.07
9.08 9.57 6.35 5.13 8.68 7.44 5.34 6.5 1.96 5.6 6.81 2.66 8.41 10.12 13.33 14.93 11.63 14.87 7.21 17.18 19.9 11.06 14.72 9.59 6.3 3.27 4.15 7.96 2.64 11.69 19.64 23.41 16.88 11.8 14.9 20.21 11.18 5.77 3.04 5.17 2.05 2.94 4.54 4.25 8.97 17.2 5.21 11.34 7.49 9.09 3.46 2.25 2.27 5.39 4.77 5.2 9.09 7.91 5.79 11.2 6.02 6.57 3.22 6.17
9.03 13.98 5.77 2.95 7.11 8.51 3.87 5.37 2.2 3.12 4.39 3.61 6.16 15.45 16.17 14.07 10.65 14.14 11.88 27.3 14.91 5.74 3.23 6.32 4.22 0.94 1.88 3.3 3.38 7.56 14.91 33.27 14.87 20.71 20.56 34.76 17.93 7.13 4.72 5.53 2.76 3.13 5.95 8.71 26.62 19.44 9.26 10.9 5.26 4.47 4.54 2.23 2.85 2.26 7.52 5.27 11.2 8.83 4.0 7.33 4.96 8.59 6.2 4.67
6.72 9.22 4.54 4.17 5.05 4.38 5.31 1.78 2.93 2.66 2.64 6.94 10.96 8.61 14.36 10.56 6.64 8.6 10.02 16.9 13.43 5.57 5.69 6.18 5.93 2.09 0.92 3.77 8.66 8.58 18.34 21.42 22.01 9.97 27.13 16.89 13.27 5.47 4.38 3.95 4.87 3.94 9.09 8.32 25.08 18.56 13.43 8.89 4.06 4.49 5.79 3.34 4.25 3.71 7.49 3.79 5.35 7.45 13.98 7.19 7.79 3.29 3.97 4.03
5.2 5.43 7.1 4.24 4.53 4.06 6.62 4.13 4.77 3.48 7.74 4.0 25.13 9.18 19.54 11.25 21.87 15.51 6.82 7.48 11.5 3.16 5.88 3.97 3.44 2.46 1.56 2.33 5.75 4.05 3.38 4.3 13.42 6.4 18.25 7.18 6.71 3.88 10.36 5.27 6.61 5.47 9.9 8.03 15.29 18.76 45.07 11.09 6.16 3.75 3.43 3.64 1.77 1.99 3.29 2.92 9.46 7.44 21.09 9.98 8.79 4.84 4.71 7.04
12.48 11.78 14.94 8.15 4.64 2.0 8.78 6.57 3.77 3.79 5.62 5.11 7.39 19.38 11.04 8.9 43.41 14.2 15.71 11.84 19.75 16.44 7.85 11.86 2.98 3.24 5.01 2.24 4.6 4.22 3.1 6.3 7.83 8.26 8.31 6.31 6.82 7.02 8.35 3.45 4.26 2.94 6.19 6.03 3.49 13.72 20.21 13.69 14.95 4.72 3.4 3.09 1.46 1.31 2.18 4.28 4.32 10.08 11.65 11.4 15.77 12.42 17.18 12.78
7.65 13.68 15.72 9.97 5.28 2.65 5.13 5.3 2.78 4.91 12.91 17.93 13.63 26.39 21.38 21.15 39.98 29.47 22.81 30.25 39.81 26.07 20.49 21.4 8.7 8.61 4.48 2.63 1.93 2.28 2.76 1.81 2.91 3.0 2.38 7.0 3.56 7.04 4.45 4.35 4.49 3.02 10.29 9.09 7.54 17.01 7.98 14.11 10.38 6.96 10.24 4.54 1.71 2.36 1.81 5.77 3.99 6.02 5.9 8.37 24.2 20.98 18.84 5.59
8.96 14.03 11.36 8.92 8.87 3.76 4.04 11.01 3.77 8.05 12.56 22.61 25.29 28.55 25.31 23.04 14.67 34.77 11.41 13.93 13.09 17.98 20.77 24.27 7.8 9.21 7.57 4.78 3.8 4.56 4.52 2.63 4.48 3.6 2.13 4.45 3.82 2.37 2.29 3.58 3.96 2.3 6.9 6.66 17.5 8.71 11.07 5.61 7.27 9.26 9.97 6.04 3.55 5.49 8.03 4.94 9.19 4.97 7.53 18.28 39.05 28.63 19.21 4.52
16.3 14.91 8.23 6.83 10.25 11.73 5.76 8.99 6.75 7.69 11.09 7.45 13.43 11.93 17.59 10.87 8.14 15.7 10.27 21.81 46.88 38.23 20.9 13.23 8.03 3.02 4.5 4.95 3.43 5.83 3.5 4.37 6.03 3.04 2.62 1.45 3.93 3.33 3.06 5.3 2.51 3.31 6.56 5.97 10.0 7.12 15.62 9.29 10.85 17.56 23.19 12.97 8.91 9.97 7.53 10.74 27.32 7.36 12.65 16.37 32.77 16.3 11.44 5.78
11.33 12.25 9.34 8.25 6.09 14.69 14.09 18.29 5.22 10.6 5.18 7.94 13.62 6.67 13.56 11.94 7.4 14.84 12.17 21.69 51.69 54.08 12.53 21.88 13.68 9.06 3.81 3.87 2.99 3.1 3.87 2.57 2.73 1.26 1.77 1.82 1.22 2.09 2.38 5.34 7.35 3.7 6.11 11.19 15.77 22.01 14.39 11.2 21.15 14.1 23.48 6.9 8.39 7.0 6.16 13.54 16.5 6.3 3.26 5.73 7.51 10.86 9.21 10.75
10.6 11.34 10.9 20.56 8.38 16.83 9.13 7.09 4.27 5.56 4.09 6.93 5.63 8.67 6.36 8.33 6.47 9.78 9.59 20.75 39.18 23.02 13.58 22.04 15.91 15.55 12.48 7.45 2.57 2.34 2.89 6.54 4.32 1.72 1.12 2.34 1.33 1.67 3.95 6.03 8.54 10.15 7.35 15.75 27.7 20.14 16.21 8.05 9.34 14.95 9.5 5.58 6.17 10.39 16.13 16.67 14.5 6.72 1.83 6.62 5.18 5.59 7.64 4.06
11.75 9.9 9.64 32.07 12.69 8.95 7.54 6.69 6.78 6.65 3.84 4.41 4.5 12.3 9.68 6.41 8.05 8.68 25.02 26.15 28.31 33.4 25.31 17.73 24.86 19.45 18.78 8.8 1.74 1.98 2.84 4.67 3.82 2.56 2.12 1.39 1.87 1.23 5.8 6.44 16.11 7.87 16.12 23.84 24.49 8.6 25.91 5.24 8.75 5.91 4.81 3.57 8.11 8.31 11.61 20.07 17.16 16.46 4.71 2.26 3.88 4.83 5.24 4.25
