11.78 7.15 10.28 4.19 4.2 5.8 4.64 5.42 6.54 6.16 7.8 17.22 5.21 6.91 8.4 6.64 8.92 7.78 4.87 10.51 7.41 10.51 9.55 2.26 2.48 4.01 6.47 10.86 8.39 7.98 4.3 7.71 9.74 9.59 4.22 3.54 2.39 4.82 11.98 12.29 8.95 11.23 15.98 20.38 11.59 12.77 6.75 5.72 2.52 2.85 2.66 8.62 6.63 9.12 7.18 7.61 16.09 5.35 4.19 9.47 18.91 20.23 22.33 15.55
6.27 6.5 5.46 7.13 5.41 4.32 6.62 7.45 5.69 9.88 11.58 19.18 4.52 5.87 9.03 6.89 7.02 5.97 6.28 10.05 6.53 4.95 4.07 5.17 6.94 6.69 5.82 3.44 5.16 4.15 5.24 4.73 3.38 3.14 3.53 4.21 4.77 5.38 5.29 3.86 6.0 14.93 25.74 10.63 15.94 20.97 12.98 13.86 5.33 3.51 3.1 6.85 7.59 6.14 5.41 4.54 4.94 5.41 7.71 15.41 12.92 34.19 26.95 15.04
4.1 4.94 3.39 7.23 4.36 6.69 6.77 13.42 9.92 10.35 17.51 13.0 4.21 5.28 6.15 10.38 9.54 3.72 7.49 16.31 6.07 4.1 3.02 4.72 4.04 4.68 6.71 12.45 10.28 5.65 9.14 4.54 4.84 3.93 9.68 5.15 5.96 5.83 8.74 6.76 7.41 13.37 14.59 18.28 15.16 15.96 17.9 11.0 8.19 5.96 4.74 4.67 4.15 5.46 6.74 12.26 10.29 15.0 13.47 13.83 27.92 29.85 28.64 9.51
9.54 7.89 12.97 10.19 8.38 10.22 9.22 19.14 10.86 11.75 18.62 16.68 7.88 7.67 10.27 10.61 6.36 3.85 8.38 9.5 4.42 1.77 3.17 1.94 5.29 5.67 5.63 4.92 8.18 5.18 8.97 4.13 7.84 4.5 19.18 6.35 10.11 11.43 17.45 5.52 9.74 18.41 12.48 10.84 16.91 18.66 49.67 24.37 3.38 4.37 5.2 7.76 4.27 5.82 15.25 16.02 9.73 15.38 19.68 13.43 6.44 9.83 12.77 16.42
6.96 16.59 9.55 13.35 9.16 16.34 19.81 8.58 11.6 21.79 29.72 65.59 13.25 17.79 20.41 10.95 6.04 2.57 4.27 17.18 8.66 5.84 4.42 3.28 5.6 3.71 3.44 3.01 3.18 2.38 4.9 6.84 11.32 12.38 8.91 10.24 12.3 14.59 12.19 11.54 12.83 10.36 10.74 8.62 22.84 22.77 17.88 15.46 8.75 5.02 15.15 6.54 8.5 8.15 10.85 23.44 27.64 11.97 6.8 7.45 9.7 9.88 6.24 8.45
11.27 8.15 7.42 4.71 14.36 17.19 23.66 14.91 7.31 12.17 22.19 36.74 34.35 8.58 10.5 9.97 4.44 5.53 6.47 20.31 16.24 6.71 7.99 4.82 8.87 2.75 1.77 1.94 2.76 4.18 5.97 5.46 7.71 6.83 4.37 6.68 6.13 13.61 5.53 10.23 20.23 14.16 4.07 6.3 10.17 14.21 11.53 13.7 6.96 3.84 8.95 19.32 7.86 17.66 11.87 6.53 9.11 7.33 8.26 12.37 9.04 3.83 2.87 7.14
5.45 6.97 7.87 7.05 15.6 20.19 23.92 18.18 10.49 13.88 14.92 15.75 9.34 9.64 12.87 19.35 5.74 2.71 10.75 7.55 14.02 6.73 7.45 7.28 8.48 2.52 2.72 2.62 4.31 5.81 8.63 11.65 10.38 6.95 5.4 8.09 12.61 15.73 8.86 11.19 9.97 4.64 3.28 6.65 8.53 10.45 6.57 10.68 6.82 11.02 12.13 12.68 8.43 10.62 11.61 6.48 8.12 13.18 5.95 10.2 11.26 6.41 5.13 5.58
6.97 4.45 4.92 5.25 14.65 24.74 53.41 34.32 19.39 9.53 8.98 15.76 16.54 10.17 10.78 14.19 8.09 5.82 15.98 8.73 5.72 3.3 5.6 7.88 6.75 1.69 1.77 2.33 3.74 6.21 6.49 5.35 10.39 10.27 16.8 16.01 15.57 8.84 9.62 11.23 12.09 7.65 2.34 4.75 6.73 7.67 15.46 8.89 9.61 12.33 4.56 5.66 6.22 9.33 13.45 6.87 7.08 9.5 10.83 5.43 10.26 5.96 8.96 10.15
11.52 2.87 4.8 10.7 5.76 15.67 46.96 26.8 21.57 15.14 10.52 10.89 12.93 8.35 14.42 9.46 9.18 10.47 10.43 12.61 7.43 3.32 7.11 4.13 5.94 3.93 1.81 4.64 3.5 6.9 10.32 12.84 11.11 9.02 3.36 7.31 8.17 11.78 7.48 11.46 9.31 5.57 7.56 10.16 4.0 9.49 6.16 5.6 12.74 13.73 8.78 2.99 3.8 13.95 12.26 8.96 4.48 7.45 4.68 5.53 4.06 7.14 15.1 6.63
11.49 8.32 3.13 4.46 4.37 12.69 18.44 19.15 11.95 15.4 10.46 5.98 11.12 12.6 15.39 6.13 7.43 10.28 16.38 4.85 2.51 4.4 6.0 6.0 4.35 2.62 2.35 3.58 3.42 11.29 21.95 14.34 2.35 6.59 8.8 6.66 4.32 7.1 7.02 11.41 12.08 5.36 7.84 8.58 6.26 5.48 7.73 7.54 9.01 4.95 4.15 2.23 4.0 7.58 8.89 12.01 5.86 5.89 5.69 5.62 3.74 9.92 10.9 2.22
4.45 7.14 3.48 12.29 5.86 7.01 5.38 5.91 13.14 24.25 10.26 6.44 7.32 18.81 18.17 12.46 7.17 8.36 5.92 9.21 3.53 10.58 9.59 7.38 3.25 2.04 2.82 4.05 2.52 5.88 16.19 16.15 6.01 8.67 7.18 7.66 3.43 5.58 8.46 21.6 14.01 8.36 6.52 20.28 16.29 9.06 5.49 8.27 5.54 3.95 1.88 1.65 2.5 5.7 7.87 4.05 6.77 5.99 8.58 5.29 8.45 7.69 5.16 2.16
3.77 3.91 5.49 3.42 5.45 13.14 7.46 9.23 7.26 8.03 9.31 15.29 22.18 23.36 32.07 17.71 5.71 6.19 8.1 4.93 3.34 5.57 13.64 4.11 3.1 3.05 3.02 1.57 3.85 4.17 12.66 4.86 9.33 7.89 6.18 9.56 4.39 4.87 10.95 10.42 10.97 15.16 8.77 9.24 14.67 10.67 12.84 6.06 5.17 3.76 2.27 1.51 5.56 3.51 2.39 2.0 4.22 3.33 8.77 5.26 4.9 3.15 3.49 4.45
3.05 1.77 1.84 2.65 2.69 8.83 11.23 8.97 6.83 7.37 4.4 28.52 23.28 37.35 22.73 18.06 10.84 15.63 4.56 5.54 8.2 4.91 2.21 5.47 5.6 7.58 4.45 2.27 1.6 3.2 14.12 7.95 9.39 4.27 4.99 7.85 9.78 6.67 18.19 8.19 6.8 4.83 10.28 6.03 11.09 13.33 12.45 6.84 9.93 5.42 3.95 3.28 4.83 2.91 1.71 1.67 7.21 2.69 4.31 10.86 6.46 3.72 1.98 2.75
3.71 1.29 1.85 2.56 6.42 7.3 10.12 11.46 10.9 5.32 5.84 26.59 9.57 6.62 14.63 28.5 17.85 7.7 3.66 3.34 2.9 3.38 2.1 5.29 5.56 6.0 5.64 5.22 1.8 5.59 7.19 10.8 5.35 3.31 7.43 8.57 20.44 3.65 8.42 8.27 6.7 4.63 5.1 6.37 7.81 7.26 8.4 9.34 7.86 3.02 2.17 3.66 5.33 2.14 3.15 6.46 14.23 5.08 5.12 4.01 4.8 1.12 2.63 8.09
3.84 5.13 4.47 6.79 6.78 4.61 5.52 11.46 14.87 8.86 9.19 13.48 11.38 17.32 13.86 31.62 14.13 7.06 2.51 3.48 3.56 4.88 2.94 3.19 5.26 5.63 4.59 6.55 2.71 3.58 7.53 6.21 8.44 3.49 8.45 15.71 4.54 10.43 16.44 12.32 8.7 5.07 7.94 8.8 5.37 6.33 5.83 6.6 3.4 2.42 1.23 0.94 1.25 1.27 3.7 11.51 10.98 8.44 3.48 4.71 6.1 5.24 6.33 12.03
6.76 10.09 10.29 4.94 2.95 4.39 5.39 8.94 12.98 8.92 13.38 19.99 5.99 8.91 13.45 14.37 13.73 9.68 4.08 3.82 4.73 7.36 11.36 3.78 2.35 1.98 3.01 1.78 3.89 3.73 8.63 6.78 6.0 6.16 6.34 9.51 5.47 7.0 15.36 17.29 11.19 15.6 8.81 18.16 12.18 5.43 19.41 8.37 4.36 1.94 1.03 0.61 1.02 0.96 1.97 6.32 6.92 3.24 4.29 4.63 6.59 9.15 15.22 17.12
6.91 10.9 5.72 4.63 2.08 5.37 12.67 11.86 8.03 10.33 13.51 16.4 14.3 12.53 50.88 9.59 8.84 13.64 8.51 11.61 9.55 3.28 7.19 2.54 1.88 3.02 3.09 2.0 2.59 3.91 13.86 18.21 9.4 7.23 4.99 6.17 3.46 7.82 16.37 16.32 10.46 24.52 14.34 18.94 10.87 5.05 7.75 13.28 7.22 3.36 1.4 1.99 2.38 4.93 5.54 4.93 9.3 4.85 4.37 6.95 7.78 10.59 9.3 12.69
1.94 3.78 5.12 2.39 4.5 6.4 9.08 5.33 5.84 4.02 16.9 17.15 17.4 18.71 37.39 32.04 20.81 29.95 10.25 3.69 2.62 2.04 2.24 3.08 3.16 4.47 4.47 2.01 4.89 6.59 7.64 3.76 5.21 9.33 14.57 5.59 3.51 18.53 9.53 12.68 12.91 10.41 11.55 15.01 6.12 8.38 5.2 7.22 5.7 3.05 5.68 4.51 5.16 6.74 7.84 7.12 7.24 24.84 11.95 3.82 4.88 4.95 14.13 12.07
3.21 6.57 5.39 2.41 2.92 5.09 4.13 4.61 8.85 10.81 8.27 13.86 12.47 21.47 76.49 40.22 26.07 10.15 7.21 4.1 3.12 2.07 3.83 2.18 2.6 5.13 4.53 3.85 1.95 5.2 6.16 9.31 5.11 22.87 17.55 12.11 7.06 12.0 4.81 8.89 3.81 20.79 14.11 22.03 4.13 4.36 2.99 4.25 7.36 5.16 3.34 5.69 7.26 10.55 12.07 5.19 6.57 10.76 7.4 4.47 4.33 7.24 3.89 7.0
4.79 11.93 4.32 2.73 2.4 3.15 3.45 4.7 4.95 6.7 10.99 13.16 7.03 12.05 31.08 16.99 31.26 9.26 11.35 3.02 4.43 1.57 3.31 1.41 1.37 2.55 2.37 2.99 2.02 3.23 3.93 8.93 7.4 50.72 21.76 12.66 15.28 8.83 14.33 22.04 12.92 13.33 26.5 20.09 6.71 8.21 3.94 5.65 4.1 9.23 5.68 8.07 11.94 7.77 9.04 10.19 5.49 5.21 3.42 2.32 2.1 3.59 5.01 2.83
8.55 17.38 8.56 4.83 3.65 3.29 3.12 3.45 4.28 7.38 13.98 6.42 13.33 8.69 18.47 12.29 16.29 13.4 7.22 4.25 6.7 2.73 2.83 1.21 1.98 1.34 1.59 3.52 1.8 1.27 6.05 9.13 7.58 14.32 13.83 15.45 14.73 21.44 15.06 16.76 23.1 12.25 21.81 21.49 7.51 7.35 5.56 14.52 25.59 12.91 10.23 19.39 18.67 30.71 14.11 14.08 9.47 3.8 5.11 7.21 2.95 5.54 4.01 2.83
7.78 7.78 3.07 5.72 9.29 4.88 2.94 3.32 2.83 6.68 15.07 7.72 9.92 5.79 7.41 9.43 15.91 8.12 7.66 6.86 3.1 3.58 3.56 2.57 1.36 0.62 1.73 1.94 2.05 1.85 8.69 7.36 7.47 11.57 13.9 11.07 14.79 12.28 24.04 20.99 17.07 4.98 5.29 8.43 6.41 5.02 14.12 11.52 10.06 4.89 15.96 39.97 27.42 14.68 18.49 27.54 10.32 9.45 9.4 7.22 5.17 8.27 5.55 8.4
4.99 9.3 7.69 6.36 6.45 2.98 4.42 3.99 3.19 5.52 7.39 7.28 6.5 8.31 7.33 8.55 6.41 4.9 9.25 11.11 3.74 3.52 4.42 4.73 1.98 1.93 0.87 1.43 3.15 3.02 6.01 7.68 4.68 4.36 4.17 7.66 9.87 16.66 16.65 11.48 10.02 9.35 4.92 3.01 5.94 3.74 6.26 8.06 7.67 16.39 10.81 22.17 11.97 18.62 14.32 5.96 6.8 8.35 9.2 5.5 6.13 6.3 10.31 6.99
5.16 6.47 3.76 7.79 4.28 3.42 2.23 2.86 3.24 3.74 8.38 6.49 7.29 6.88 5.38 4.83 8.02 3.65 5.9 7.96 5.58 5.43 8.48 4.63 2.39 3.9 3.37 2.53 3.54 3.66 3.93 1.71 2.63 4.25 4.97 4.76 4.58 8.69 14.49 7.27 4.13 7.73 5.1 2.48 5.15 6.77 8.23 22.64 16.7 14.67 21.5 11.68 12.55 9.66 9.74 8.12 10.74 7.7 10.66 4.49 9.32 5.82 6.74 4.92
5.67 7.67 6.35 14.42 5.76 2.17 2.24 2.08 2.77 8.69 4.2 6.42 8.26 7.7 9.66 12.04 6.45 9.55 10.17 10.27 17.03 11.71 8.6 13.24 9.84 11.44 9.22 3.05 2.78 5.29 4.44 1.92 1.98 2.91 7.38 5.85 6.38 2.76 11.2 6.0 2.11 5.99 4.76 4.09 5.44 10.76 21.36 15.87 18.52 6.2 7.96 13.13 21.79 22.24 11.71 4.46 20.08 13.89 15.96 13.98 9.08 9.83 7.57 9.52
11.18 7.18 5.66 17.98 9.83 2.66 2.12 1.71 4.06 15.79 6.75 6.93 4.22 7.32 3.48 7.12 7.62 8.35 13.43 7.44 24.05 16.33 11.99 6.95 15.8 11.86 20.89 10.2 3.52 10.4 6.72 2.58 2.35 3.36 6.94 7.47 3.93 6.53 14.27 7.52 5.64 2.86 5.62 4.25 6.21 10.2 9.76 12.15 16.63 5.61 5.3 6.51 12.34 12.42 16.08 5.08 8.4 10.03 8.21 7.07 10.64 11.97 5.92 9.55
6.44 13.26 14.95 10.58 6.89 3.98 3.25 9.22 11.35 25.75 4.8 9.06 18.83 7.85 5.61 4.81 3.69 12.34 10.3 20.17 20.8 9.91 3.45 5.51 9.3 10.06 9.75 6.34 3.38 7.57 7.06 3.21 2.55 3.34 5.43 6.27 6.0 6.87 20.04 10.56 8.2 5.69 6.64 5.11 4.17 11.08 41.1 9.51 9.64 7.42 4.6 4.07 8.17 12.46 11.01 7.16 5.54 10.11 8.33 12.67 7.75 5.44 4.58 8.42
8.83 9.13 13.89 16.04 5.38 9.22 18.73 27.45 15.49 5.0 7.15 11.35 6.26 9.04 10.32 10.01 8.52 25.02 15.58 20.04 13.77 14.75 4.25 6.9 2.81 9.81 9.72 7.21 5.1 3.78 4.03 4.07 1.66 2.73 2.47 4.16 4.44 10.21 26.13 35.27 4.47 4.08 4.93 4.93 10.8 8.29 24.05 23.39 12.43 8.66 7.85 5.62 5.73 3.62 10.51 9.73 15.95 7.57 8.54 15.57 6.78 5.34 5.98 6.66
10.66 11.94 18.7 26.48 13.43 29.99 70.79 34.36 24.39 6.87 8.19 19.73 21.64 14.04 9.86 9.0 36.44 36.06 17.65 11.49 12.77 6.58 7.86 15.18 19.15 6.46 7.88 6.61 5.23 5.9 3.91 3.92 2.61 2.54 3.1 6.35 6.48 13.59 27.07 15.34 5.58 6.41 5.01 3.62 2.86 6.3 23.59 14.84 8.77 6.96 5.79 4.3 2.34 10.01 8.23 9.75 11.12 13.03 8.36 22.39 11.27 4.23 15.99 12.18
5.84 11.74 23.77 24.9 16.64 22.02 35.54 59.08 23.18 20.19 15.22 17.67 22.23 11.25 19.24 16.98 19.27 34.99 15.38 12.16 5.92 5.2 15.1 10.99 12.49 8.11 6.92 6.31 4.43 5.18 6.51 4.04 5.23 3.13 6.34 8.1 11.57 18.52 36.25 12.63 7.82 5.47 14.63 7.89 5.96 5.48 11.1 9.29 3.82 2.97 4.87 1.46 0.8 2.74 7.3 12.48 14.6 13.83 7.77 6.23 12.59 8.15 21.19 20.94
6.54 13.43 20.64 16.62 15.63 32.59 64.63 37.7 32.61 20.02 16.16 15.14 15.94 22.96 21.13 15.73 26.39 25.32 26.99 7.7 3.24 2.25 7.21 4.96 4.82 8.44 10.97 7.04 9.61 5.99 5.03 5.63 2.1 2.82 4.33 10.55 10.65 18.4 35.68 17.34 5.63 17.03 15.03 8.26 4.83 7.24 9.63 8.26 4.26 5.67 3.36 1.05 2.42 4.39 10.17 8.29 7.69 9.53 8.52 7.71 7.54 10.12 6.97 17.99
3.95 4.27 12.37 20.91 17.23 13.21 27.3 24.19 18.39 29.52 14.74 11.37 8.97 18.71 25.7 17.96 33.53 18.7 11.47 11.53 3.2 1.31 2.75 2.14 5.78 14.75 14.52 14.13 20.42 4.66 1.34 2.64 2.79 2.79 2.91 6.79 11.19 32.18 27.94 17.16 8.27 5.32 3.47 5.48 7.17 7.64 6.56 5.98 6.99 9.74 4.92 1.87 3.17 3.75 8.84 9.22 9.51 12.08 9.25 11.14 5.26 17.51 8.55 10.06
4.23 4.66 8.62 9.09 23.49 16.96 21.08 20.29 8.28 18.47 14.61 7.94 15.25 11.38 12.74 9.07 20.31 25.61 12.8 8.44 6.64 1.61 2.29 2.72 4.58 18.15 19.6 13.66 13.93 6.36 1.71 1.77 2.01 5.19 5.08 6.67 5.11 21.65 9.71 7.67 5.59 5.15 3.61 4.6 4.1 7.58 8.53 6.56 7.4 8.37 5.76 2.21 3.79 3.97 7.47 4.52 8.52 13.46 32.68 14.16 5.82 4.7 12.37 10.31
3.54 4.38 6.23 10.53 17.66 9.45 6.75 8.46 9.89 13.08 37.2 8.96 10.67 6.74 7.37 12.91 28.74 14.36 21.23 6.74 5.0 2.56 2.19 1.9 3.18 11.83 8.56 11.73 11.39 4.48 3.16 3.27 3.62 3.28 3.41 6.68 7.43 16.23 9.46 7.23 6.05 8.3 3.58 6.43 6.17 2.68 3.77 3.21 6.87 10.84 5.44 5.07 1.31 2.12 4.73 4.52 5.83 15.23 29.84 7.57 3.83 6.42 7.43 8.53
4.03 7.32 10.19 10.13 8.9 2.72 3.77 4.59 15.49 12.84 17.05 17.57 11.52 6.53 14.24 23.3 38.09 11.63 12.82 9.53 2.79 3.08 4.28 4.94 3.34 4.65 6.42 5.81 7.04 4.92 2.03 2.0 1.64 2.64 5.77 5.95 5.32 4.08 5.75 6.52 14.09 13.9 11.33 6.39 7.61 3.7 5.9 8.44 9.53 7.5 5.86 4.2 4.12 2.55 4.01 9.51 3.36 21.78 19.71 6.58 3.92 2.44 5.82 9.9
2.93 3.72 6.09 11.11 9.03 2.8 3.12 5.66 8.34 8.73 8.19 16.62 14.42 5.42 10.51 21.68 10.37 19.02 9.63 8.15 4.45 4.98 5.86 2.13 1.82 9.03 6.04 10.03 2.9 5.84 2.52 6.35 4.55 4.89 3.08 3.04 1.24 1.99 2.61 3.83 3.02 4.84 21.03 9.94 7.41 3.6 3.65 8.21 8.14 7.74 5.75 5.5 3.56 6.64 13.31 16.12 6.55 9.97 19.44 4.81 2.42 3.42 7.87 11.17
5.56 6.27 7.86 15.38 5.6 5.46 8.38 2.27 6.52 5.93 8.31 8.54 14.39 8.52 8.57 10.02 5.75 12.36 9.9 7.85 5.84 5.02 3.36 3.94 1.26 3.01 3.75 5.19 3.43 3.35 8.34 18.96 6.65 7.86 4.07 4.06 2.56 1.68 2.03 1.98 3.02 5.04 6.98 13.12 4.16 3.62 3.42 2.63 5.24 3.01 4.78 9.44 3.67 7.81 16.77 3.91 5.14 10.2 4.19 2.8 1.79 4.91 16.95 11.28
4.56 6.16 8.83 8.59 9.13 9.47 5.17 7.14 5.77 6.82 4.8 8.66 11.32 3.17 5.24 11.74 4.84 5.79 14.33 11.66 5.71 8.62 3.78 1.45 1.46 2.34 2.37 5.0 5.34 2.27 5.77 13.23 6.5 5.62 4.56 2.84 8.02 5.96 3.59 5.42 2.14 4.25 4.9 8.59 8.45 7.11 3.75 2.73 4.36 5.52 10.78 4.34 3.58 5.23 11.7 2.24 4.32 4.51 4.82 2.43 2.68 4.13 7.59 5.51
4.22 4.02 6.44 8.73 16.54 10.89 11.74 7.6 2.94 5.29 7.45 6.72 9.21 3.68 4.78 10.43 11.25 12.92 18.1 10.02 7.66 11.56 6.99 2.43 1.97 1.79 1.75 5.24 11.46 5.9 4.94 3.5 6.16 3.2 11.03 6.44 9.24 7.18 3.68 3.28 7.9 8.02 13.67 5.51 12.85 13.48 2.79 3.23 3.04 6.13 14.55 8.19 8.86 6.71 6.22 3.98 4.47 7.41 5.4 2.68 2.06 4.82 11.07 10.71
8.72 7.28 5.77 11.09 11.23 8.13 8.92 7.51 3.66 3.65 4.03 6.12 5.62 4.47 5.4 7.17 7.16 7.18 7.2 13.3 13.97 17.72 5.73 3.18 2.36 2.9 4.2 5.72 13.24 5.42 6.48 4.56 5.87 9.53 11.65 9.77 17.54 5.14 4.19 3.03 5.64 12.04 7.14 16.17 13.94 4.94 3.25 3.31 6.5 5.35 8.17 7.81 7.73 15.81 5.64 4.66 5.11 4.04 2.35 7.26 6.57 6.33 8.41 8.39
8.65 9.9 5.41 8.0 11.77 12.49 11.74 11.25 6.74 5.09 7.24 11.83 6.24 2.97 4.06 8.16 7.04 5.12 5.64 5.46 15.21 6.86 3.11 2.79 2.78 1.89 4.65 5.74 4.57 6.05 5.26 7.35 13.19 13.28 26.49 24.22 11.02 5.92 4.2 2.65 4.97 6.23 9.45 7.29 16.02 11.19 6.33 4.68 3.99 5.37 6.44 7.55 9.76 12.85 11.45 4.15 5.58 8.46 3.38 9.54 5.87 7.78 6.1 9.34
7.27 7.31 9.26 7.63 16.76 7.98 6.1 11.49 9.18 6.29 10.38 6.21 5.41 4.21 11.12 22.53 11.03 10.19 11.16 16.42 30.96 8.02 2.78 1.3 3.48 3.36 7.55 7.03 2.23 4.04 6.8 9.59 9.99 13.77 11.9 30.87 14.42 5.22 5.24 5.03 4.33 5.62 15.03 7.25 10.45 12.17 9.79 10.19 8.15 5.7 5.09 6.58 6.69 10.76 8.4 9.77 7.25 8.37 6.62 9.85 13.55 13.31 7.63 13.34
8.42 9.54 13.14 17.18 15.44 10.08 10.9 10.49 5.45 2.29 5.83 6.62 5.07 1.88 8.92 24.94 43.02 7.7 10.36 20.8 31.87 8.42 5.77 4.37 10.63 5.02 11.74 8.95 9.75 2.47 8.23 4.55 7.42 14.99 16.3 35.26 8.96 4.76 11.39 5.97 3.92 4.39 5.94 7.41 11.59 23.96 28.48 9.19 6.32 8.49 6.78 5.03 7.11 8.43 9.29 12.53 7.22 7.8 10.85 10.44 6.48 13.09 7.29 19.38
7.77 9.65 18.83 15.88 8.42 7.03 12.76 24.75 4.78 3.79 4.79 3.97 3.36 3.69 10.93 10.69 10.57 9.19 11.19 13.46 31.24 7.39 2.43 5.35 6.76 12.4 9.92 5.1 4.54 7.54 10.04 8.16 8.07 6.74 10.84 8.19 16.97 11.14 8.16 6.62 3.49 4.89 8.39 13.12 14.02 13.8 17.61 9.03 3.22 7.27 5.59 3.05 5.3 10.48 15.81 18.46 8.96 8.51 10.23 12.83 3.64 14.2 19.34 10.78
4.56 7.72 7.32 8.32 8.88 11.87 12.43 9.81 3.62 4.07 5.16 8.17 7.86 6.63 8.59 10.28 21.74 19.89 12.6 6.16 10.89 5.79 4.15 5.84 4.83 9.16 6.63 9.15 6.42 11.45 6.71 5.16 3.54 3.33 9.46 8.38 3.57 14.27 8.01 5.17 6.08 6.96 6.95 15.04 18.38 14.4 22.04 9.03 2.22 3.38 7.64 6.02 8.0 12.42 14.03 8.15 7.19 4.61 3.48 3.57 5.47 6.4 26.88 15.59
2.84 3.72 3.75 4.11 3.97 5.97 5.91 6.54 4.54 4.0 11.46 11.7 12.78 15.19 12.2 15.63 14.79 10.44 16.64 10.72 7.71 10.66 8.57 13.16 4.15 10.49 6.55 10.39 11.71 13.75 5.06 8.17 2.56 2.82 4.13 11.3 7.55 5.82 4.08 3.39 6.54 5.15 2.7 16.64 21.57 14.15 20.7 8.01 6.02 5.04 11.51 13.31 17.1 31.02 9.23 5.09 2.76 2.88 2.04 2.59 5.22 6.27 8.31 16.4
4.59 2.23 2.22 3.14 5.32 4.97 4.13 4.81 4.93 5.07 10.3 10.77 13.83 18.47 16.63 9.94 6.9 11.29 9.01 15.74 16.93 11.61 26.14 12.73 9.87 11.28 4.94 8.62 12.06 17.79 6.09 5.71 5.1 4.25 7.3 3.78 2.7 3.91 2.98 1.44 5.39 3.77 5.55 8.36 28.84 25.41 17.63 4.67 4.52 5.52 10.76 22.0 39.18 40.01 21.58 5.54 3.38 1.08 1.4 1.96 3.88 4.3 12.9 13.22
3.76 3.76 4.91 4.5 5.39 4.98 8.77 5.96 3.97 7.22 7.25 8.7 15.07 31.85 13.14 8.78 4.5 9.28 6.31 22.28 15.19 10.02 16.23 19.3 9.47 8.28 9.62 9.6 17.56 13.2 8.12 12.57 6.18 8.78 2.48 3.43 5.23 2.49 3.98 2.62 5.21 3.22 4.96 8.74 13.06 5.65 4.15 6.81 4.8 6.56 9.16 18.41 31.19 43.62 27.62 5.0 1.03 2.2 2.55 2.48 9.33 5.93 18.43 9.86
4.4 1.81 3.01 4.65 5.01 9.49 9.84 4.3 7.04 4.79 12.8 10.9 13.04 13.7 11.15 16.72 5.96 6.85 10.17 15.55 8.32 14.23 10.81 26.43 7.38 7.56 8.64 11.73 9.14 6.03 8.52 8.68 9.21 6.63 7.0 6.35 12.54 5.61 8.8 11.89 10.68 4.79 6.05 8.48 8.05 4.32 7.92 2.75 4.89 6.57 4.86 14.13 13.9 8.19 8.09 3.44 2.62 1.41 3.06 3.34 5.27 10.82 11.63 22.91
5.43 3.62 7.33 12.2 6.83 6.94 5.88 6.71 4.55 7.52 10.69 11.74 6.31 10.05 7.18 12.04 9.48 7.82 5.82 7.32 6.0 18.76 9.01 34.41 22.03 10.63 3.72 7.78 6.25 8.18 7.25 7.69 8.77 15.21 8.69 6.57 9.51 8.51 10.45 28.22 17.6 11.89 15.72 15.25 18.17 19.39 10.18 5.01 5.55 6.62 7.83 5.87 12.11 5.69 8.96 5.13 1.47 2.49 4.15 1.62 2.75 6.42 5.48 5.78
7.04 12.61 37.0 12.79 12.53 3.56 8.94 8.65 7.44 15.23 10.83 9.33 13.62 7.28 13.84 8.0 7.45 6.37 4.46 4.87 5.26 9.89 19.63 10.14 4.62 8.77 6.28 8.53 4.07 3.84 6.25 6.83 6.74 24.34 16.25 3.63 3.37 4.68 17.73 34.05 18.3 8.51 14.38 28.13 21.54 17.66 13.3 5.29 8.63 9.25 7.36 8.08 7.99 3.66 6.21 11.43 3.83 2.53 2.68 1.54 2.17 3.43 6.99 5.77
11.75 17.34 16.46 15.22 4.6 4.92 8.2 22.67 26.27 10.94 18.52 18.3 15.6 13.03 8.56 4.37 3.87 6.6 21.84 14.0 15.27 12.79 12.58 5.57 3.43 4.76 10.31 3.94 4.34 2.35 5.17 6.37 8.57 12.24 6.62 2.14 4.06 5.8 8.57 27.7 18.49 14.41 10.04 14.14 16.54 24.05 13.74 12.07 8.91 6.45 8.44 7.82 10.93 9.73 6.46 4.41 4.41 4.39 4.07 3.17 1.58 6.64 8.0 6.04
4.75 9.4 6.34 4.73 14.49 5.24 8.47 18.72 24.55 23.58 15.44 25.42 18.24 7.08 3.22 7.08 7.47 12.6 20.15 21.55 17.42 18.7 12.55 6.81 4.77 2.52 8.63 6.64 4.3 4.84 3.44 4.57 7.95 5.49 1.87 3.49 4.47 6.52 7.48 12.34 11.53 6.4 6.67 8.07 16.45 12.26 13.81 7.06 8.86 7.26 6.74 12.61 16.25 10.47 9.2 5.2 4.78 4.83 1.13 2.63 2.52 9.07 9.92 9.03
9.96 4.35 4.68 4.85 15.15 3.3 5.61 10.22 21.61 17.29 22.04 17.03 18.95 6.12 3.49 5.94 5.23 7.39 29.5 33.33 20.79 22.01 13.15 8.89 4.32 4.13 4.2 4.85 4.67 5.93 4.55 8.24 5.46 3.92 1.75 7.19 7.71 8.35 7.18 5.91 3.88 5.42 7.68 3.33 5.01 7.27 6.67 9.86 4.28 9.22 5.48 18.83 11.73 10.67 5.58 5.36 2.51 3.85 1.88 3.58 3.5 7.69 7.67 20.06
4.58 4.87 4.9 7.01 7.51 12.19 7.41 9.66 16.92 24.23 37.03 11.21 7.24 2.72 2.06 4.48 4.58 4.67 9.23 17.01 18.48 14.51 19.68 10.07 2.27 1.59 2.03 3.19 5.19 3.95 4.78 5.85 6.84 4.7 5.22 5.93 10.35 5.04 6.23 3.07 1.76 2.4 3.69 7.38 5.39 3.38 2.75 1.79 4.07 6.69 4.49 18.2 6.8 3.68 4.01 13.37 9.94 3.1 2.46 1.92 5.32 8.57 14.93 8.72
4.23 5.09 2.94 3.92 11.27 9.77 22.48 7.26 18.33 25.95 22.7 12.85 6.91 2.87 2.89 2.76 10.12 7.64 8.47 9.25 16.56 18.21 18.12 7.05 1.35 1.82 2.84 1.8 3.66 6.53 4.39 5.29 7.37 5.02 11.19 11.51 10.6 7.36 3.64 8.02 3.91 5.59 10.81 5.73 3.09 2.26 1.71 6.29 2.29 1.46 3.22 5.71 8.16 4.8 3.24 7.49 4.73 8.02 5.01 10.27 10.2 8.26 20.9 9.43
1.83 8.34 3.98 3.38 12.91 22.01 9.1 7.84 5.07 9.86 15.22 14.93 5.01 1.71 3.01 3.44 9.44 8.27 13.48 9.45 17.47 13.61 30.67 3.63 2.92 1.69 5.39 2.39 1.34 2.05 5.04 4.22 8.62 4.94 12.87 10.26 6.79 5.7 9.42 7.2 5.23 12.77 14.46 14.97 6.51 4.84 5.84 5.14 3.75 2.67 4.64 5.53 2.82 4.5 2.02 3.33 6.09 8.42 4.43 10.61 11.05 9.43 10.02 9.57
1.68 5.45 11.9 6.52 5.4 32.18 12.52 9.16 4.65 3.82 13.03 9.14 3.47 2.85 2.65 5.46 3.34 10.87 13.41 9.96 20.5 29.16 9.23 4.61 2.28 3.79 3.09 2.09 2.27 3.24 7.14 6.64 4.83 5.97 8.35 9.73 3.73 2.98 7.09 2.89 6.61 25.81 23.47 8.07 7.68 7.06 6.68 6.15 6.84 6.75 9.04 7.63 4.41 7.96 7.77 5.27 7.69 11.68 11.39 15.76 6.89 11.36 6.93 6.69
1.39 3.65 8.96 4.96 7.79 10.05 11.31 9.28 7.4 4.35 6.95 6.35 6.42 2.95 3.87 6.96 7.51 7.49 4.05 12.85 19.95 16.93 6.93 6.02 2.43 3.33 8.2 2.65 3.01 4.06 8.16 9.39 4.28 7.5 5.66 2.53 3.18 4.85 5.58 4.38 2.34 16.55 14.26 6.96 6.04 8.39 5.1 4.68 4.13 6.48 10.81 4.53 7.76 7.04 14.07 7.98 7.35 10.11 11.3 12.79 16.33 10.09 10.82 11.33
4.11 5.2 5.47 2.71 3.42 7.44 10.85 12.86 8.21 7.18 7.03 12.09 11.84 7.92 5.6 4.33 5.92 7.54 4.22 4.15 10.19 21.59 24.12 11.33 11.4 4.7 4.96 6.0 5.53 11.53 9.65 9.63 12.49 10.32 18.37 7.58 4.06 4.98 3.37 2.7 5.08 4.92 11.18 6.78 9.38 11.19 20.95 12.64 4.93 4.56 5.73 6.87 7.82 11.02 11.35 11.75 13.46 7.55 8.25 7.28 7.93 8.59 9.32 15.09
9.1 2.55 1.97 1.94 7.17 7.02 8.8 13.59 13.69 4.76 7.34 8.12 11.16 11.85 5.08 6.8 14.43 3.31 2.36 3.68 12.86 23.66 7.2 17.86 13.99 10.16 4.27 8.76 5.84 7.7 10.0 12.8 10.71 20.55 13.17 9.62 8.82 4.48 5.29 1.01 6.51 4.22 6.98 9.47 14.01 19.26 35.24 15.6 7.26 5.44 3.63 9.67 13.8 17.1 32.58 35.29 11.73 5.49 3.88 4.43 6.57 2.4 5.86 5.73
18.77 7.87 3.65 3.0 3.64 6.04 7.32 9.18 10.83 8.62 6.73 4.64 6.5 11.36 7.0 8.94 8.52 3.87 2.8 7.72 7.52 25.3 14.61 21.8 20.28 12.56 3.45 9.7 14.79 13.45 16.09 10.52 8.92 10.27 29.03 5.91 4.88 3.13 3.93 4.61 4.15 7.54 5.81 5.18 11.66 14.37 27.52 20.58 4.61 8.74 9.64 18.05 29.31 20.01 19.15 30.41 4.93 3.72 4.8 6.23 2.39 4.19 3.68 12.36
24.19 6.18 2.83 2.9 5.13 4.74 11.6 17.33 12.26 16.44 8.27 4.14 4.15 8.32 3.72 6.42 4.29 5.92 2.37 9.74 4.36 10.4 9.85 13.08 6.04 10.06 4.13 5.97 5.83 11.08 11.93 11.78 5.37 15.35 25.91 7.64 5.01 5.27 5.28 2.66 4.83 4.67 4.6 6.35 10.8 8.35 16.47 17.24 21.58 10.32 6.31 6.69 16.83 7.35 12.96 19.04 3.64 2.56 3.42 4.69 3.11 3.53 3.25 6.71
7.09 5.31 2.32 2.59 7.63 11.62 14.56 21.5 24.06 21.06 17.01 11.12 7.38 5.56 5.87 8.74 6.28 6.96 3.72 5.03 7.92 7.56 8.96 13.79 5.63 4.81 4.71 3.31 5.06 5.34 8.94 6.36 7.4 7.69 9.34 11.58 5.03 4.78 2.59 4.1 8.62 8.37 7.89 12.67 10.56 15.41 23.77 16.93 13.68 18.83 15.21 9.14 8.9 10.67 9.28 4.94 4.67 4.02 7.47 1.82 2.56 2.24 3.77 6.29
