7.16 8.26 9.64 12.77 4.1 3.07 9.8 4.86 6.38 1.92 2.84 5.64 9.23 15.2 8.71 22.52 21.51 29.14 29.82 15.65 8.87 13.43 25.95 27.65 37.48 42.64 22.29 23.11 14.79 10.08 12.31 9.58 11.3 23.58 15.85 15.98 16.46 22.23 13.0 10.9 5.47 13.75 19.7 8.72 6.85 10.21 21.39 19.08 17.5 15.17 9.48 9.55 14.75 23.11 14.25 6.1 1.68 1.04 1.64 1.52 2.48 8.78 4.62 7.46
3.87 3.67 7.5 13.41 5.5 6.21 3.7 4.42 6.01 4.83 4.29 5.82 8.45 21.38 20.83 39.19 35.97 28.23 22.68 17.96 16.72 23.97 32.68 66.12 59.4 21.78 11.08 13.61 23.83 14.29 18.71 25.92 15.15 12.84 12.63 10.31 15.98 18.8 14.33 13.42 8.91 27.06 14.48 15.95 8.91 16.44 18.67 19.7 39.33 12.68 8.97 9.5 24.06 16.16 8.0 6.74 3.0 2.3 1.38 2.18 2.75 6.31 5.92 4.58
5.33 8.35 5.62 6.56 5.34 4.76 1.91 3.51 1.96 2.69 7.09 4.6 9.02 29.12 39.68 53.28 48.66 30.35 19.91 45.63 32.91 17.75 18.74 64.34 41.4 14.37 5.89 8.44 24.52 37.22 40.6 21.0 17.94 16.53 9.81 4.74 7.77 18.04 15.05 14.08 7.42 6.65 7.66 17.0 17.44 15.86 10.4 18.54 48.16 16.93 12.97 10.58 14.68 6.49 3.6 3.66 2.64 2.82 0.84 1.15 1.38 1.96 2.28 3.35
2.08 6.19 6.46 5.31 9.18 4.22 3.19 2.32 2.19 3.2 9.23 10.27 7.95 15.28 17.44 30.14 25.19 31.1 21.89 37.85 40.36 21.82 21.86 24.55 13.47 18.54 9.04 10.63 9.76 9.8 14.05 10.16 10.72 11.92 7.54 3.6 4.37 6.76 6.3 10.92 5.68 2.21 8.87 12.45 20.98 10.21 5.74 9.81 10.25 14.7 11.8 9.06 6.39 4.88 2.81 3.42 4.1 2.69 1.32 1.39 1.3 0.57 0.78 1.85
3.82 7.47 4.25 5.6 5.98 7.51 2.89 4.48 6.55 6.4 6.64 15.43 11.1 7.27 19.09 13.18 24.08 26.58 21.6 12.79 14.29 17.69 20.86 14.6 4.26 7.89 4.86 7.27 7.56 5.22 7.6 12.13 18.39 28.7 13.6 6.5 7.1 5.08 5.17 4.68 2.2 2.83 9.33 9.25 6.64 6.62 8.36 7.55 4.1 6.45 8.21 8.54 6.26 3.46 2.96 2.38 2.83 3.47 1.58 1.3 4.34 1.55 1.16 1.78
5.76 6.19 5.68 4.36 1.83 7.48 8.38 8.17 12.95 15.1 15.81 18.68 10.75 6.28 21.98 16.37 22.16 13.42 15.17 10.17 9.03 22.8 27.06 8.85 2.0 4.75 4.97 7.74 4.33 2.83 4.85 5.59 7.8 17.28 13.73 7.14 8.69 6.41 13.96 5.95 4.05 5.14 5.19 6.4 1.64 1.81 5.85 7.13 2.77 4.34 5.67 11.88 11.24 7.87 8.38 4.02 3.46 3.97 2.59 1.63 3.12 1.44 2.07 4.9
2.04 3.83 5.81 3.54 3.58 3.58 4.17 4.97 7.61 6.89 9.63 16.4 10.47 18.59 21.38 22.6 21.02 13.07 9.87 6.77 4.6 5.22 16.46 5.12 2.29 6.96 8.84 14.14 8.34 7.99 6.11 5.16 9.29 9.86 14.79 13.29 13.43 4.39 5.18 3.04 3.56 9.59 6.24 4.94 3.59 7.24 9.43 14.61 6.85 5.4 4.16 12.54 12.86 7.53 6.27 3.5 2.32 3.99 4.77 2.06 2.06 2.16 4.79 10.26
1.25 2.33 2.67 4.29 5.35 4.43 3.53 4.46 5.77 10.37 16.85 9.58 10.1 14.78 22.95 20.84 17.1 15.79 17.31 11.88 7.23 7.35 10.26 4.65 4.43 10.78 9.94 9.59 5.84 10.67 10.74 8.69 9.37 11.76 19.11 12.29 9.94 8.54 5.67 8.57 6.19 4.73 4.12 7.33 16.42 14.76 15.84 25.43 14.51 9.75 12.39 21.73 24.71 14.76 9.09 6.4 2.33 5.25 6.6 3.38 1.35 2.88 5.76 10.17
1.71 1.77 1.96 3.27 6.65 3.82 4.63 5.91 5.35 11.51 16.18 5.87 9.06 28.47 13.19 11.59 9.48 12.46 8.4 8.6 18.17 8.88 8.34 7.74 11.2 10.75 9.48 7.05 5.7 12.45 9.72 13.45 11.28 5.65 5.04 8.42 6.84 5.75 6.74 18.8 15.61 9.15 3.93 7.19 24.72 24.82 11.5 7.86 5.82 6.9 13.02 20.03 19.95 18.73 12.96 6.03 2.14 3.67 5.17 5.33 3.41 7.31 6.19 13.79
2.29 1.93 1.79 1.55 4.41 8.33 5.17 6.89 13.34 38.08 11.23 6.79 5.56 11.78 4.01 5.11 4.44 10.33 11.02 9.96 30.44 10.01 10.53 7.91 16.04 7.51 7.31 6.88 3.29 4.51 5.42 8.48 7.86 10.43 5.48 7.31 6.52 7.21 10.11 15.63 6.46 5.69 3.73 7.91 9.84 12.3 6.7 4.13 9.44 11.81 13.3 17.55 14.23 6.38 6.89 14.86 9.74 10.2 5.51 6.76 5.98 6.94 5.34 13.87
2.34 1.72 2.91 3.68 2.56 4.52 6.81 10.52 12.23 16.28 13.27 17.73 6.19 4.47 4.61 4.4 4.7 4.91 3.59 13.79 18.12 11.12 8.55 13.51 13.02 8.71 17.87 9.41 1.8 2.87 9.02 8.06 10.04 19.04 8.93 11.62 8.24 7.19 5.53 9.33 7.74 7.28 6.58 8.6 15.77 11.89 6.75 3.19 5.93 6.66 6.19 15.39 9.68 9.71 12.24 13.02 9.52 24.43 6.41 5.52 6.35 9.34 8.66 16.77
1.46 1.64 4.37 3.56 1.91 2.79 10.2 11.74 20.86 14.05 8.22 15.76 9.1 9.89 6.69 4.43 2.72 4.72 4.18 6.19 4.54 8.72 13.73 21.92 12.42 8.66 19.53 14.02 1.84 2.35 5.23 6.8 7.73 8.9 5.13 5.45 8.48 5.53 2.97 5.76 6.94 8.67 6.88 6.32 11.04 12.32 15.25 7.37 6.71 11.25 7.19 13.47 7.0 11.64 20.62 13.65 14.57 11.01 4.66 3.69 4.71 9.67 7.1 13.35
1.59 1.88 2.04 2.35 1.04 2.18 5.09 7.99 18.31 13.63 13.08 11.46 9.73 5.61 5.22 4.65 2.13 3.52 3.48 4.06 4.18 7.06 20.2 39.49 16.31 9.43 12.45 10.65 3.27 3.53 2.49 9.24 10.71 10.23 3.8 3.38 7.24 3.68 2.8 4.03 6.49 9.56 4.63 8.39 19.38 13.53 13.03 18.95 18.59 11.01 5.69 11.42 8.9 10.35 13.09 8.49 13.88 9.63 8.28 3.7 5.74 6.38 4.17 11.78
4.59 3.69 2.88 5.24 3.72 5.03 7.25 7.55 9.89 7.01 10.4 7.72 12.76 5.61 3.37 2.01 1.51 4.94 5.56 10.44 8.16 23.1 39.13 84.79 40.23 21.62 19.58 8.64 4.25 1.91 0.86 2.62 4.85 5.3 7.71 5.72 6.45 7.55 6.48 3.94 8.27 11.87 6.27 17.03 11.83 7.47 7.25 12.76 17.3 29.36 22.99 29.66 18.6 12.3 14.5 13.54 7.89 4.52 8.84 2.42 2.71 2.53 3.28 7.28
8.21 6.85 3.54 3.44 11.46 7.83 4.22 4.18 3.06 5.22 9.91 10.33 4.75 5.18 3.27 1.99 1.99 2.28 3.62 10.78 18.39 51.19 87.75 114.7 52.61 25.31 41.52 25.19 8.17 5.29 1.12 1.9 6.96 4.29 10.91 4.87 3.21 7.61 14.59 10.12 8.68 16.33 8.54 16.73 9.15 9.08 5.52 8.41 38.2 42.47 18.4 10.8 12.97 8.37 11.69 11.39 4.49 4.64 5.55 2.38 2.85 3.84 2.58 6.24
11.68 10.69 4.59 3.77 9.78 9.33 2.65 3.81 3.14 4.63 14.09 10.33 3.18 3.17 3.54 3.98 11.66 9.76 7.68 10.97 27.79 83.37 54.86 31.7 22.75 12.28 16.97 15.75 5.8 13.42 7.93 6.51 6.47 7.1 11.15 8.22 13.16 30.78 18.71 7.95 9.8 12.37 7.63 8.83 21.38 23.94 18.95 14.23 39.42 49.18 25.78 10.76 6.65 5.37 7.18 12.99 4.42 5.69 7.23 5.77 2.05 4.0 3.26 5.31
7.84 8.03 5.11 7.89 10.29 6.75 2.4 3.86 2.52 6.83 48.18 18.19 4.77 6.45 5.93 6.14 10.94 17.41 14.25 12.29 18.73 28.84 36.32 21.19 16.23 12.74 19.48 15.98 6.99 6.29 7.61 11.52 15.84 16.63 6.42 9.52 14.58 22.98 14.04 6.6 12.71 30.19 17.24 7.21 20.51 34.21 24.28 12.09 10.52 13.31 17.66 18.23 5.98 5.78 5.48 8.64 5.94 6.53 5.89 5.53 3.06 3.46 3.47 3.54
3.45 4.36 5.98 13.85 14.65 13.57 4.82 5.65 2.58 8.98 20.15 12.08 5.87 8.04 7.82 9.77 12.63 17.02 25.9 15.16 26.71 17.1 18.07 10.51 9.14 8.7 6.37 8.16 5.8 5.32 6.45 7.17 8.18 12.49 7.27 11.0 20.68 12.47 5.84 3.6 5.81 16.64 10.91 7.98 10.25 29.69 33.41 26.17 14.53 7.41 10.53 19.25 25.51 13.93 4.24 6.37 4.62 5.92 3.16 2.17 1.89 2.82 4.25 4.02
2.65 6.23 8.19 14.12 11.05 8.32 8.81 6.45 4.22 8.07 17.88 7.76 5.1 10.02 3.56 4.19 12.84 14.31 18.12 24.64 16.1 22.82 15.51 12.92 8.4 7.41 3.87 4.74 8.21 3.95 4.0 5.02 4.5 4.01 4.45 10.01 22.12 14.03 8.2 6.86 9.96 9.91 12.97 14.69 13.86 23.03 14.59 29.34 15.02 7.93 8.88 34.16 40.8 14.82 4.98 4.74 3.68 6.73 4.16 1.85 1.84 2.71 3.71 6.63
3.31 7.07 7.62 6.67 12.95 12.99 10.97 4.17 5.38 4.22 13.77 8.8 5.08 12.51 4.72 13.05 16.19 10.45 8.91 11.39 4.75 10.11 6.14 5.75 6.05 4.41 3.68 3.96 10.85 5.96 3.94 3.18 2.58 2.21 2.43 7.24 9.94 8.8 4.52 9.4 9.47 7.3 16.14 27.04 14.26 20.26 11.59 17.89 21.0 7.2 11.11 33.33 37.0 16.08 6.04 2.05 2.26 5.24 3.49 2.64 1.84 1.75 1.69 14.15
3.06 5.4 7.58 7.03 10.34 10.26 7.53 7.23 3.08 1.98 11.92 10.33 11.17 8.64 3.19 8.31 6.41 5.13 3.55 4.64 3.8 4.7 4.83 3.27 3.42 3.82 4.51 4.26 6.67 11.64 3.71 3.47 3.29 3.27 2.51 6.52 5.83 3.9 3.52 8.37 7.14 10.15 10.88 18.52 14.22 14.1 5.97 7.46 19.5 4.71 16.61 12.52 8.35 10.27 6.57 3.25 2.39 6.96 2.34 3.76 5.19 4.13 1.91 7.21
6.13 5.91 6.14 9.02 17.36 12.38 8.52 9.6 5.28 6.82 21.22 21.54 10.66 6.35 6.25 11.7 5.01 5.75 2.75 2.48 3.28 4.47 7.61 7.31 5.55 3.04 4.06 3.23 3.63 11.58 5.02 3.12 2.59 3.03 2.04 4.96 4.18 4.4 7.9 5.86 3.28 7.51 11.34 11.12 14.59 27.24 14.39 14.64 7.45 7.98 15.67 9.85 5.74 11.28 13.64 7.44 5.21 5.17 3.64 4.43 6.75 5.37 5.62 8.51
7.49 10.41 3.32 6.11 14.79 10.81 11.35 20.57 12.48 15.93 20.49 37.99 11.84 9.9 12.87 6.32 4.48 3.88 3.94 5.23 9.07 5.02 4.59 11.44 6.56 5.79 6.94 3.15 3.21 15.94 6.37 1.78 1.56 2.01 1.81 4.67 4.35 5.77 10.4 6.48 5.0 6.74 3.61 4.76 14.56 20.51 13.23 14.66 7.61 9.81 8.89 10.25 9.55 9.54 16.68 9.37 8.64 7.56 3.95 6.47 6.88 6.49 7.52 7.18
7.54 13.37 6.27 19.72 19.25 18.69 9.51 25.83 20.15 21.67 19.62 21.82 18.5 8.53 15.27 5.35 8.09 9.15 7.32 6.44 10.97 11.99 3.17 7.22 5.94 8.31 4.18 4.05 3.14 7.33 5.38 1.84 1.85 4.62 6.66 4.9 6.09 3.42 3.19 2.46 3.33 4.98 4.12 14.1 21.79 23.41 33.86 29.91 20.2 13.86 8.03 12.05 9.42 5.73 15.22 19.24 8.37 10.74 12.65 20.97 7.22 6.71 10.2 4.87
9.86 19.26 10.77 21.75 23.13 21.21 9.92 21.09 15.86 12.2 16.64 18.68 25.81 17.73 16.7 11.66 7.75 4.93 3.79 10.02 13.83 11.34 11.71 16.27 20.94 19.82 7.14 8.17 5.17 6.84 7.49 5.29 3.31 2.8 7.24 5.81 5.79 4.36 4.16 3.94 3.14 9.04 11.85 14.81 11.85 16.84 23.38 40.76 25.07 11.38 6.12 9.73 6.64 9.65 20.75 10.22 19.44 20.03 26.27 12.93 10.02 7.73 6.74 3.95
14.4 15.68 8.68 6.3 9.51 15.97 12.49 12.75 13.66 12.62 8.03 10.67 21.57 25.02 18.75 19.31 13.2 5.51 2.2 5.65 10.14 17.24 24.61 15.03 15.63 14.63 9.72 6.99 5.07 9.0 6.33 4.72 4.61 4.27 7.14 3.98 7.59 15.66 6.58 5.63 5.61 9.88 21.17 16.47 13.62 17.49 10.59 20.72 19.29 10.66 4.51 4.7 5.83 9.49 10.54 7.24 13.5 23.02 32.28 16.93 16.4 11.92 7.7 4.32
11.02 6.75 4.88 2.84 4.75 13.17 16.97 11.52 8.17 14.71 11.47 6.55 4.13 5.89 10.06 12.22 12.94 5.46 1.77 6.83 5.62 20.26 39.51 28.2 13.86 10.61 7.59 2.3 4.77 7.23 3.06 6.14 9.17 3.55 3.87 7.33 19.58 28.99 21.38 7.69 18.38 21.95 29.13 26.22 13.63 10.29 4.08 14.64 9.87 10.46 5.88 5.64 11.12 9.44 6.8 6.47 8.15 32.72 47.86 47.92 45.6 10.15 5.34 4.91
6.26 6.38 6.44 2.76 4.5 7.32 10.18 8.16 6.85 8.31 12.99 13.58 4.51 7.8 12.74 18.88 15.22 7.3 1.62 2.21 2.31 5.25 35.33 24.6 13.82 12.11 7.88 3.21 3.49 8.31 5.46 14.43 11.81 5.03 3.2 5.91 12.36 19.16 24.33 9.71 21.98 18.83 14.98 37.34 20.52 16.59 17.35 12.34 8.7 13.4 10.0 9.44 11.61 7.82 10.74 5.78 5.9 24.19 28.06 23.29 28.92 13.68 5.21 8.8
7.91 5.58 4.19 3.6 4.02 4.07 11.04 10.88 4.89 6.85 6.61 4.27 4.0 7.49 10.11 11.56 10.12 16.69 5.11 2.77 2.97 4.79 34.96 17.83 7.91 7.56 6.98 6.08 5.68 11.13 10.85 34.32 19.43 9.45 4.59 10.58 12.14 9.39 6.47 9.92 15.69 8.77 5.08 9.14 10.67 6.02 25.67 17.18 21.33 8.98 4.02 8.95 4.33 5.26 12.1 8.45 4.63 14.38 6.42 12.21 19.65 8.3 3.98 5.31
13.0 12.98 6.34 7.47 7.62 4.64 5.65 10.57 6.57 13.37 3.49 3.6 8.17 9.82 10.17 6.55 5.42 9.25 4.49 2.14 2.64 6.12 19.28 32.87 32.95 8.89 9.12 8.85 14.36 10.45 7.93 22.87 16.18 18.72 5.47 12.77 11.67 6.16 3.28 6.8 7.84 6.19 7.98 4.8 3.89 3.61 15.39 24.41 15.69 12.0 5.86 8.39 2.98 3.01 8.98 11.46 7.61 12.28 6.21 15.37 22.1 16.08 13.21 4.91
24.89 17.91 5.87 10.49 9.07 5.8 7.4 8.0 6.4 12.89 6.68 6.0 5.34 6.0 3.6 2.9 3.41 3.09 2.75 2.0 2.94 4.24 13.28 37.82 36.09 11.29 16.59 20.91 14.35 17.37 9.45 10.13 5.65 12.03 7.9 13.11 15.16 12.29 7.39 4.47 4.12 3.71 3.65 1.98 1.52 1.87 5.12 25.67 26.93 15.01 14.04 11.49 4.6 6.3 8.03 7.78 7.41 9.26 6.63 24.2 20.02 11.56 9.1 11.78
21.42 16.81 5.28 12.43 8.66 14.28 19.6 16.57 19.26 10.99 8.24 4.75 3.65 2.97 1.9 2.18 2.86 2.27 1.23 1.98 2.65 3.49 5.46 13.86 17.65 13.22 8.99 7.87 8.05 13.79 12.52 7.34 8.72 9.96 9.12 10.02 9.84 22.72 7.04 2.49 4.0 4.82 2.63 1.59 1.72 4.89 17.67 30.49 43.35 30.93 20.55 15.22 5.9 13.84 12.87 14.18 8.43 4.5 7.4 21.53 18.25 15.98 15.33 14.15
12.43 14.62 5.02 10.0 15.16 33.46 47.05 27.0 9.85 8.72 11.85 3.91 2.97 3.87 2.75 2.79 7.61 3.08 1.41 4.46 2.29 5.54 9.73 12.61 10.46 14.07 15.63 7.97 12.42 11.46 17.13 18.42 27.19 11.08 14.8 18.28 7.09 30.21 10.79 3.53 3.58 5.48 1.5 1.91 4.33 13.88 31.31 37.7 29.02 18.25 19.45 17.52 11.29 12.95 28.56 10.94 9.29 8.29 16.77 24.69 18.13 18.08 9.1 20.0
12.81 6.33 8.1 14.65 24.98 25.73 39.88 24.77 7.25 8.77 14.34 4.38 3.28 6.44 4.69 4.1 7.75 6.53 3.08 10.32 5.26 8.37 6.67 12.1 15.28 15.03 36.6 16.47 13.92 12.87 17.63 34.21 35.13 17.96 18.56 11.44 10.15 9.32 5.58 5.14 6.51 14.32 3.3 3.33 6.27 25.28 21.7 18.78 15.12 7.45 11.43 9.48 12.86 9.93 18.33 11.94 7.27 14.17 14.75 27.76 18.09 18.98 8.92 9.86
13.81 12.09 6.04 7.73 11.4 12.05 26.72 27.78 14.0 15.43 14.04 2.49 1.75 1.57 1.9 4.82 3.4 6.78 5.28 17.63 15.99 14.42 12.11 24.31 15.47 14.02 27.24 13.32 21.82 13.78 9.79 25.84 28.01 29.53 29.86 12.91 6.4 3.36 8.38 6.77 3.91 6.57 5.13 4.06 6.2 17.17 17.04 20.34 7.9 5.83 7.54 8.66 11.01 13.87 11.17 15.0 16.76 16.84 9.25 14.14 23.48 14.59 16.8 8.69
12.13 18.54 7.87 7.21 11.24 7.11 13.65 36.46 24.85 18.19 18.64 10.76 3.6 0.88 2.92 5.18 2.63 2.91 3.56 3.78 11.52 11.77 7.93 38.72 23.89 38.17 20.04 13.68 8.57 12.92 16.93 11.65 12.68 15.75 14.53 11.07 6.65 5.07 15.21 9.39 4.94 5.06 7.19 9.84 9.8 8.83 8.81 12.37 7.79 10.15 8.9 10.09 20.69 29.04 21.71 12.09 20.4 17.01 14.6 11.38 14.36 12.85 7.27 17.59
10.43 9.43 7.46 6.39 8.66 10.59 17.62 61.98 26.27 23.71 15.49 6.74 3.83 2.2 5.73 3.23 3.47 2.91 3.29 3.09 4.96 13.82 7.71 11.21 18.77 48.24 15.08 9.89 6.42 10.53 7.56 6.73 14.26 17.24 15.82 11.42 10.41 6.35 9.99 5.99 3.89 2.98 2.76 9.21 6.51 7.4 7.21 6.9 6.8 8.15 13.34 10.25 16.21 17.63 5.55 5.58 15.65 8.31 9.08 16.47 19.29 9.29 3.59 13.36
6.49 6.24 5.08 9.0 9.58 30.98 36.22 57.03 26.4 29.24 18.71 7.32 5.51 4.53 6.63 4.57 3.14 1.96 2.17 3.92 2.77 6.91 6.09 5.39 23.23 19.96 10.94 5.02 4.62 5.04 3.65 7.47 10.45 28.85 19.13 9.51 8.44 6.63 4.57 4.66 3.56 2.81 5.0 9.21 4.31 6.3 5.22 5.58 10.1 9.73 13.36 10.54 10.71 18.45 4.41 4.36 8.75 4.73 15.76 20.68 25.8 9.23 6.8 11.69
13.89 6.28 6.39 14.93 8.84 10.19 42.82 50.14 17.39 24.98 13.17 5.03 3.76 8.5 8.13 10.06 6.24 2.87 3.69 3.15 2.19 2.33 3.65 7.56 20.57 26.94 21.85 10.04 4.04 3.67 5.3 10.23 11.65 28.75 25.76 16.02 8.19 9.53 5.69 6.13 5.12 1.91 1.84 2.42 4.73 5.23 4.09 8.19 12.13 10.29 45.05 44.82 17.13 25.75 6.32 4.93 5.56 6.8 16.68 20.43 21.57 19.46 17.71 24.12
11.31 4.98 11.52 11.53 8.36 18.85 56.83 54.95 12.2 30.65 6.74 3.9 3.67 6.78 5.49 6.35 5.46 3.26 3.57 2.7 5.51 4.12 4.15 6.79 13.07 15.26 13.96 8.81 8.54 5.82 4.56 11.19 19.22 70.13 25.56 19.39 8.37 6.23 8.6 9.83 9.56 2.83 3.36 2.89 5.41 6.57 4.57 13.47 13.63 16.53 59.97 65.54 42.88 41.18 8.73 6.63 5.6 10.88 22.99 16.83 17.94 28.57 20.65 8.72
3.81 4.39 11.89 15.09 9.69 17.83 19.83 31.56 8.0 11.76 4.6 4.97 6.3 7.75 8.87 7.53 11.11 4.81 2.82 3.85 7.14 3.59 4.24 8.41 10.85 15.38 31.36 13.16 17.57 8.95 4.2 30.0 22.75 59.03 33.47 29.17 11.34 5.63 16.24 9.82 9.97 5.45 4.36 4.72 13.25 12.09 5.87 21.25 20.23 23.74 34.7 33.48 20.7 19.51 12.43 8.35 11.29 18.89 26.39 11.08 21.97 17.17 16.21 17.4
4.88 4.9 7.61 11.15 20.78 13.92 10.31 28.68 13.42 8.45 8.99 11.21 8.06 9.56 10.05 6.91 10.28 5.69 2.33 3.02 4.69 5.98 4.36 14.58 8.05 8.38 16.45 14.06 23.54 11.13 7.68 25.65 50.55 42.04 24.54 8.88 15.71 15.74 22.15 15.18 8.85 8.82 5.66 9.36 8.96 10.94 10.33 8.34 13.92 24.56 21.67 21.08 18.43 11.0 7.02 9.8 9.06 20.66 15.77 8.61 16.86 9.32 7.93 9.79
4.7 6.86 5.56 3.77 23.95 15.27 20.48 29.15 15.18 17.15 11.51 7.03 6.12 6.62 7.12 4.23 2.76 2.38 3.17 10.31 9.11 10.92 4.97 5.74 4.1 6.16 4.66 4.64 13.31 7.09 11.71 23.3 51.94 37.97 20.59 8.15 8.92 13.2 8.56 6.1 4.43 3.2 5.71 11.47 7.18 5.75 4.8 5.24 8.59 27.75 30.81 14.14 19.07 12.49 4.37 5.25 8.6 13.94 10.48 20.04 18.64 5.78 5.13 6.81
4.06 7.3 7.05 7.07 35.73 8.05 13.33 11.62 19.83 16.24 10.16 9.29 6.95 3.83 5.93 2.74 1.97 5.9 5.95 10.99 7.68 6.1 5.03 4.47 3.67 5.49 3.5 5.26 7.09 4.02 6.76 10.11 14.79 17.74 14.76 10.83 11.93 20.08 5.45 3.98 6.11 1.9 3.19 4.64 6.57 8.18 5.24 6.23 10.66 49.02 90.98 23.77 17.3 10.74 8.65 9.52 11.11 9.45 10.93 21.92 9.38 4.6 3.89 9.46
3.99 3.41 3.23 10.51 14.24 9.79 12.32 5.17 11.76 9.82 5.37 3.68 3.61 4.37 6.33 5.61 5.06 14.38 18.89 15.36 3.08 1.76 3.34 3.67 6.53 14.46 10.33 4.81 4.93 4.5 7.05 10.19 16.86 13.44 20.3 16.45 10.81 25.42 5.92 3.54 1.63 0.88 1.56 5.56 5.12 6.81 15.65 8.38 8.36 15.76 63.55 29.82 22.88 14.83 8.21 10.78 7.07 5.56 4.52 10.86 9.76 4.85 8.23 14.22
2.97 3.42 3.64 6.72 5.72 7.67 6.56 10.3 18.9 9.59 5.4 4.16 3.27 6.47 4.89 4.98 8.57 5.75 7.7 11.7 5.58 2.75 5.22 6.17 6.43 7.57 6.61 2.5 3.83 5.01 7.84 12.08 13.2 25.82 27.57 28.13 9.94 10.71 4.63 2.72 1.52 1.46 3.04 4.5 5.66 8.65 11.03 6.1 4.27 12.81 50.76 43.64 25.47 9.77 6.43 7.1 6.71 6.72 6.31 7.47 7.62 6.87 9.93 5.45
3.88 3.34 2.98 3.21 6.82 5.08 4.69 5.5 7.56 14.19 11.98 4.92 4.12 15.46 8.63 7.94 14.27 6.95 5.8 9.59 8.76 6.32 11.33 13.06 7.58 9.28 5.59 3.58 5.79 5.27 8.57 9.93 7.31 21.39 16.67 13.03 12.01 16.0 7.05 2.06 1.26 1.28 4.72 3.25 5.5 7.13 4.52 10.13 4.01 6.0 18.81 61.64 33.32 9.13 6.45 5.47 9.49 11.18 7.08 11.6 10.37 7.44 12.03 5.77
2.75 4.87 3.59 4.82 5.29 7.68 7.44 5.95 6.31 31.25 22.95 6.35 5.21 5.43 6.17 14.61 14.73 7.55 7.59 17.43 42.4 13.14 5.89 7.4 6.77 5.18 2.97 2.2 3.19 4.68 5.12 3.79 5.92 23.11 10.13 9.8 19.59 25.38 6.54 3.27 2.18 1.17 2.25 1.68 5.06 8.75 3.92 6.8 5.86 6.09 8.88 31.89 25.55 9.31 4.62 3.82 7.65 18.7 7.87 5.58 7.63 4.86 9.52 2.86
2.4 3.1 2.5 8.25 4.01 6.09 6.94 4.54 4.36 18.86 12.38 6.96 7.33 7.04 9.62 13.97 17.08 8.91 11.84 10.82 33.6 17.04 5.67 6.31 3.53 3.19 2.0 3.47 3.01 3.8 4.25 5.01 8.19 21.71 10.7 5.94 7.38 5.09 3.7 1.65 2.62 1.72 1.23 1.31 3.23 7.81 7.14 16.06 6.45 6.13 6.56 12.15 9.08 9.28 19.13 11.12 10.05 8.72 9.22 4.9 8.87 8.81 9.18 4.22
4.75 3.27 9.06 17.77 3.07 3.11 2.49 1.75 4.61 8.24 6.05 11.77 5.81 9.54 23.29 11.93 10.66 10.35 7.95 9.0 20.58 15.6 2.6 4.7 3.24 2.63 2.22 6.85 8.85 7.34 10.1 3.73 6.43 8.4 8.01 5.16 6.58 3.27 4.1 3.56 2.62 1.44 0.91 2.38 1.52 3.56 6.82 10.53 16.69 22.63 20.48 24.83 18.31 19.79 23.19 12.29 17.74 13.44 8.07 3.47 4.57 9.21 7.82 3.8
7.26 5.29 6.1 10.97 2.98 3.5 3.2 2.68 8.15 8.41 6.37 10.37 9.2 5.27 6.38 3.82 7.74 16.02 8.22 13.22 11.62 21.9 5.2 5.48 5.36 3.91 2.84 2.32 4.0 3.74 6.12 3.09 4.06 4.69 8.9 6.95 1.77 2.83 3.19 4.0 3.91 1.66 0.8 2.03 2.54 2.58 11.5 6.91 16.4 16.67 20.35 15.92 13.48 28.36 24.68 31.77 48.0 20.59 6.45 10.81 4.18 5.39 7.96 5.98
9.82 6.6 3.65 6.27 6.42 3.17 7.2 9.95 16.2 6.89 7.1 9.52 5.17 3.94 4.41 4.32 4.11 5.44 8.67 12.52 10.63 11.07 4.4 6.47 6.87 4.53 3.29 2.32 1.57 1.48 2.08 1.98 3.15 3.0 5.12 7.27 2.02 2.68 5.16 7.15 3.2 1.71 1.5 2.01 4.83 2.84 13.04 17.95 21.33 10.77 14.4 14.62 23.23 23.78 24.94 54.67 42.64 11.2 6.49 10.99 3.34 12.49 10.36 15.28
6.16 4.73 4.47 6.66 4.73 4.66 9.58 6.3 5.94 4.24 5.88 11.53 8.77 8.85 2.6 6.57 6.72 3.85 6.92 7.75 13.54 7.02 5.65 4.11 5.23 4.93 4.96 1.63 1.59 2.31 3.29 3.6 4.5 7.5 9.63 11.24 2.23 2.24 5.45 8.1 2.15 2.21 2.55 3.27 5.5 2.59 9.3 11.66 13.9 12.26 30.61 22.09 53.36 44.78 14.65 25.11 17.23 8.15 12.66 14.1 6.46 13.36 8.68 6.98
5.39 5.5 5.8 5.48 3.4 4.94 5.23 5.78 6.11 7.73 6.59 6.07 8.59 11.53 5.49 5.4 7.79 6.27 7.07 6.84 17.56 10.76 9.13 4.62 1.54 1.19 3.2 1.22 1.2 2.37 4.8 6.67 7.49 16.89 10.27 13.2 5.27 3.71 4.3 2.52 3.02 3.67 7.48 7.7 7.52 4.01 4.53 5.25 14.86 22.4 11.18 18.47 40.46 21.53 13.79 32.84 19.63 14.4 35.06 16.49 7.37 4.09 2.25 1.84
6.83 5.7 9.27 4.97 5.66 2.82 1.78 3.23 7.51 17.36 10.14 9.12 10.4 17.79 18.21 8.6 16.65 9.84 7.72 4.39 5.54 9.51 12.53 14.23 4.31 4.22 3.77 2.9 1.35 1.56 4.34 2.63 4.21 6.52 13.31 9.05 5.6 2.88 4.42 3.42 5.0 4.64 7.73 13.77 5.4 3.71 1.83 3.43 5.84 18.69 8.18 12.33 31.7 16.48 39.6 51.63 40.49 25.04 46.91 16.76 6.09 5.02 3.84 5.83
10.13 12.68 16.68 7.81 5.34 3.35 2.75 5.64 23.59 27.36 27.07 18.03 12.27 11.9 8.88 6.58 21.22 14.51 6.17 3.23 2.99 5.79 15.68 17.82 9.61 6.45 3.7 4.01 1.06 1.08 5.76 3.39 2.17 2.8 9.25 6.23 7.09 7.39 7.19 10.94 8.31 5.2 7.28 7.6 2.56 3.54 1.6 1.96 4.63 15.52 14.25 12.12 25.63 33.74 59.13 37.49 23.67 10.97 20.75 11.84 8.66 7.48 4.14 3.08
19.96 11.12 8.4 11.97 5.48 3.27 3.51 5.92 20.49 24.72 36.41 19.46 21.69 12.01 5.74 5.36 5.37 6.14 6.22 6.83 9.05 8.17 11.45 9.76 7.2 7.69 3.31 3.93 2.24 1.89 5.24 3.64 1.98 2.53 9.75 7.45 7.13 7.07 6.25 8.88 11.8 5.33 4.93 5.87 3.45 5.15 2.67 3.24 3.54 7.53 9.5 15.84 22.47 46.61 35.21 27.54 44.35 8.69 11.35 9.31 9.62 5.05 5.59 3.79
32.71 12.65 8.06 7.3 4.12 3.71 3.27 8.13 7.36 7.29 13.87 24.77 17.71 6.89 3.92 7.39 9.47 9.41 10.18 9.11 9.85 3.79 2.71 4.88 7.14 15.73 7.63 8.56 5.67 4.3 8.65 3.63 5.17 4.04 7.38 11.8 13.89 5.16 5.87 17.08 19.47 10.68 4.56 10.58 5.81 5.64 5.73 6.7 6.84 9.42 6.12 4.99 16.23 40.73 41.37 41.56 59.71 15.89 6.88 3.78 3.61 3.81 2.98 4.25
17.4 7.6 7.04 7.42 4.1 4.74 3.07 5.31 4.75 5.59 16.39 22.29 12.22 7.78 6.57 6.57 7.7 6.46 9.9 19.3 11.53 6.67 5.78 5.58 10.26 18.4 11.92 10.03 6.01 5.18 7.76 11.35 8.54 8.42 3.11 4.26 5.75 3.88 4.73 9.68 21.03 16.28 13.49 7.81 10.68 5.49 7.95 6.31 3.83 3.48 3.4 3.61 10.0 30.56 17.34 23.9 37.23 31.5 8.88 6.93 4.23 2.93 2.94 3.79
4.79 5.57 4.81 2.88 3.32 5.38 4.02 5.43 5.08 5.42 27.17 32.59 9.3 7.51 7.98 3.91 3.03 3.49 4.75 10.08 12.46 6.64 7.75 8.17 5.57 8.14 10.18 11.6 11.03 12.69 5.24 7.13 7.34 6.39 2.56 5.4 7.46 3.14 2.22 7.19 7.8 6.54 21.7 4.43 12.16 6.75 5.88 7.24 5.3 2.57 1.77 4.92 6.79 13.05 9.44 10.68 13.5 14.81 7.41 3.43 5.13 3.71 3.28 2.11
1.53 2.29 3.43 2.91 4.22 4.87 3.25 3.96 3.18 7.32 17.39 15.28 10.06 10.21 5.02 3.76 3.56 4.47 6.11 3.63 7.14 4.84 8.67 6.5 4.88 8.15 14.2 23.91 15.04 14.99 8.87 4.69 6.85 5.76 4.08 9.1 10.66 11.05 4.59 11.92 4.69 6.13 12.37 2.78 4.4 2.14 3.53 4.93 6.23 3.73 5.65 10.09 13.7 10.58 8.36 11.5 7.61 7.03 5.29 1.98 3.51 4.45 4.68 2.53
1.91 2.04 3.36 2.65 10.24 5.45 4.47 4.81 3.42 7.57 13.09 14.57 6.4 6.48 3.64 2.66 2.65 5.45 6.0 5.12 4.3 2.03 7.03 10.69 13.65 6.31 11.26 16.6 9.67 11.58 9.98 5.46 9.24 19.81 8.53 12.46 10.35 7.05 10.14 10.71 9.14 6.38 6.95 2.41 5.11 8.07 12.24 12.68 6.59 4.04 3.37 4.86 7.79 5.26 4.63 7.76 5.97 4.48 3.88 2.61 3.92 5.52 6.59 2.14
4.76 4.94 4.14 2.45 7.78 3.96 4.09 2.26 3.66 7.0 5.21 23.97 21.99 11.56 6.4 6.27 5.05 3.66 3.73 7.93 4.71 2.59 4.81 7.85 14.43 8.9 11.11 11.63 12.99 12.47 12.55 4.84 5.17 10.57 13.78 6.85 5.71 3.56 6.55 7.98 8.12 8.04 6.61 8.88 6.45 9.81 28.95 14.0 5.81 6.67 5.76 3.9 5.75 4.01 6.63 5.91 3.2 2.92 3.87 7.08 8.07 5.81 8.68 4.29
5.01 8.3 6.67 5.77 6.89 4.44 3.88 2.02 3.73 4.62 8.76 20.53 20.65 10.26 7.57 8.85 7.84 3.87 4.91 7.87 4.01 2.16 2.93 7.16 12.64 9.23 10.22 10.09 12.61 16.85 14.24 2.38 2.57 4.76 11.27 6.65 9.44 9.94 6.17 13.8 12.61 25.12 10.5 10.99 15.13 10.89 34.3 7.98 9.04 6.8 6.65 5.4 8.31 4.42 4.82 5.41 2.6 5.71 3.63 7.09 15.1 7.05 4.35 5.9
