4.46 7.08 7.78 4.58 1.58 3.16 5.34 10.11 10.05 6.74 4.82 7.16 4.2 5.37 7.21 10.74 2.43 2.95 3.97 5.24 4.29 6.32 2.61 4.68 1.94 6.14 11.1 10.94 7.43 3.42 5.97 2.68 1.74 2.69 4.61 5.44 20.95 31.94 15.97 18.89 8.36 14.69 14.88 9.41 6.94 4.18 3.4 4.01 4.13 6.54 4.83 7.67 9.7 13.06 5.37 6.39 3.62 3.28 6.1 7.36 6.98 6.58 17.57 18.87
3.17 7.7 7.59 4.78 4.8 2.16 3.16 5.11 6.85 4.54 3.5 2.98 3.79 5.73 14.52 9.51 4.06 3.05 3.13 6.72 3.18 7.49 3.39 2.65 2.41 4.97 11.48 14.92 5.89 10.67 7.25 5.48 4.02 4.42 10.15 7.04 9.69 20.43 8.61 19.24 13.49 12.3 8.64 4.84 4.86 5.3 3.34 9.61 9.13 9.01 5.67 6.69 6.52 9.71 7.3 4.72 7.94 6.59 7.55 6.87 2.55 7.87 11.12 11.63
11.92 8.13 9.81 6.11 5.13 7.25 5.65 3.64 8.66 4.16 3.98 3.59 5.44 8.28 11.83 11.46 7.4 5.46 2.67 6.73 7.23 5.59 3.26 1.44 3.33 4.8 7.03 14.02 14.14 14.55 22.3 4.34 10.36 12.05 11.91 12.93 14.51 14.11 12.56 9.83 10.04 3.99 10.56 4.03 3.12 4.75 3.09 13.8 10.92 4.87 5.07 6.94 6.67 6.21 3.11 3.37 8.03 7.69 8.26 5.23 3.23 7.47 10.71 21.84
11.79 9.39 8.23 14.21 5.88 3.06 4.36 4.8 8.32 10.3 4.63 2.61 3.17 4.52 5.32 11.23 6.1 5.15 2.71 5.23 6.16 2.28 1.44 1.88 3.6 7.32 16.29 8.18 18.16 21.94 8.41 6.06 7.42 10.93 5.44 10.41 8.13 24.19 12.79 11.96 4.75 4.71 8.38 3.14 2.18 3.22 4.7 11.15 10.82 7.39 5.02 8.93 6.1 3.51 4.14 3.95 8.74 5.07 4.15 4.43 3.9 7.3 11.46 13.98
13.99 12.93 12.69 5.96 9.91 5.09 4.01 3.99 11.31 18.67 10.11 4.04 4.06 7.05 3.88 5.74 5.27 4.42 3.82 4.91 2.81 1.9 2.06 2.99 3.03 6.42 6.66 14.6 27.9 22.18 10.7 8.19 6.22 9.36 4.49 15.96 10.64 17.3 18.73 11.74 9.93 5.91 5.13 2.65 2.27 3.82 12.93 15.11 14.06 5.0 6.86 3.06 2.27 2.36 9.24 5.35 7.33 9.32 3.39 2.65 3.61 6.25 13.0 15.0
13.2 16.42 18.88 13.15 7.08 3.5 3.96 2.82 5.48 14.46 8.65 29.4 10.35 3.58 3.19 3.06 4.61 5.11 4.71 4.21 4.34 3.96 5.98 3.98 2.44 7.64 18.9 11.5 11.85 10.7 7.46 7.93 4.39 10.72 9.35 6.89 11.57 11.02 29.28 15.48 13.52 7.91 5.82 4.27 5.44 5.5 11.29 7.81 14.66 16.49 4.74 2.86 5.28 3.92 8.28 10.85 3.95 10.13 4.62 4.49 4.18 10.67 7.67 31.68
11.91 9.16 12.34 11.24 6.83 5.19 6.46 9.98 5.63 13.84 10.16 16.2 16.6 3.33 2.17 5.94 5.25 2.9 3.46 4.22 9.18 5.85 11.2 3.5 2.38 5.16 7.78 5.25 12.2 15.08 7.38 9.21 4.41 6.64 11.99 3.91 8.53 13.47 24.99 18.22 17.07 3.33 8.13 6.94 6.78 7.54 8.84 7.2 8.28 7.47 5.09 4.34 9.92 3.94 4.54 9.51 7.19 17.55 9.55 5.01 5.09 5.82 19.41 27.38
8.82 8.27 9.75 9.05 6.65 6.09 1.88 5.34 4.77 9.68 16.93 17.87 12.54 3.42 4.37 7.93 3.14 1.4 4.72 7.6 15.8 6.91 4.01 3.69 6.41 6.88 7.78 5.74 6.6 8.64 5.05 3.26 3.08 7.89 9.94 4.41 10.4 10.36 23.34 12.14 12.25 9.3 5.77 8.36 5.71 2.56 6.42 6.56 13.75 7.81 5.79 4.26 6.95 5.06 6.39 7.31 19.59 18.29 6.16 5.46 10.6 9.99 52.13 34.07
22.1 15.16 12.21 12.3 8.69 7.23 4.93 5.04 5.64 6.31 7.08 5.25 10.11 8.2 17.62 21.63 8.38 1.44 1.99 4.89 11.92 10.03 6.31 4.0 4.47 3.3 5.11 10.32 9.43 18.67 7.3 3.16 4.62 4.24 4.7 5.88 12.53 12.88 20.78 11.61 5.24 9.1 4.99 7.5 4.23 3.68 3.39 4.86 2.97 5.06 3.16 3.89 3.93 4.66 4.87 8.46 8.83 10.99 7.71 4.8 13.39 12.2 19.93 32.29
12.44 9.57 12.06 16.39 11.61 3.46 4.33 4.86 5.02 3.7 8.6 3.17 5.13 13.94 13.43 19.63 20.7 3.81 4.23 8.23 7.59 7.32 5.94 2.47 4.99 6.7 9.49 7.5 5.72 8.3 4.08 3.83 14.98 6.5 7.5 9.33 9.76 7.93 12.56 11.61 8.11 11.16 7.69 5.65 5.28 4.51 2.97 3.97 3.39 4.43 4.85 5.01 4.25 8.26 15.12 8.28 13.51 4.48 9.51 7.71 19.6 12.2 26.31 34.14
6.01 5.42 4.44 10.13 7.4 8.06 5.75 7.52 5.02 1.44 2.79 2.57 3.5 24.64 19.91 15.59 22.8 8.24 1.81 16.01 8.55 7.37 6.66 4.33 2.86 4.02 7.03 8.5 8.09 13.94 11.37 5.27 10.93 3.83 6.63 10.03 9.09 8.51 12.05 17.51 7.09 5.3 7.64 3.61 15.42 12.52 9.18 3.64 2.35 4.71 6.75 4.11 3.48 5.58 12.32 9.05 5.73 6.76 10.82 7.01 10.21 10.15 13.0 27.61
6.28 6.33 3.13 6.52 2.79 3.54 7.76 6.5 3.65 4.02 5.15 5.23 6.42 7.96 22.59 33.23 31.15 26.5 8.56 14.65 9.42 3.97 4.86 5.7 5.26 16.32 11.66 6.16 5.13 5.09 7.77 3.78 8.1 5.37 8.23 6.54 4.6 14.88 15.48 11.36 8.08 3.83 5.04 6.8 7.62 14.2 8.29 4.0 13.99 10.6 7.22 7.47 4.47 3.89 6.88 7.85 5.74 7.54 17.8 11.87 10.25 6.43 4.76 16.96
5.89 5.87 4.02 6.93 6.74 9.42 4.5 2.17 2.43 4.05 6.14 8.46 7.67 16.39 24.33 24.31 42.32 17.21 10.41 10.55 11.83 3.75 4.28 6.68 7.28 13.67 9.8 8.03 6.53 3.98 5.17 6.09 5.28 4.13 4.73 3.94 5.14 10.58 15.53 10.0 7.9 5.84 4.52 9.55 7.01 8.28 10.05 4.0 6.71 6.11 3.9 6.03 5.66 6.5 10.34 4.01 3.08 5.93 6.16 11.27 5.61 9.09 7.56 13.45
7.63 4.35 3.1 5.3 4.44 9.91 3.72 2.09 6.51 12.62 9.28 9.52 6.33 14.68 21.36 16.16 13.8 13.31 15.15 18.95 19.47 2.52 4.16 4.16 12.8 15.42 15.18 9.72 6.45 2.73 3.56 6.23 6.33 6.03 5.79 4.15 4.53 4.7 8.35 6.75 5.35 11.4 10.29 5.59 8.98 5.15 5.84 10.42 6.51 11.51 9.22 11.0 10.88 5.41 8.16 6.24 4.18 9.25 6.83 4.51 2.96 9.99 5.45 10.33
11.56 8.79 3.75 4.73 7.69 5.69 5.18 3.27 4.97 5.44 11.69 16.15 11.63 8.35 9.72 9.43 6.87 9.87 8.96 11.78 14.46 4.58 3.59 5.93 5.8 9.38 8.66 10.7 7.59 4.44 7.0 9.18 2.49 4.2 4.14 2.68 2.95 5.07 12.04 11.86 6.27 5.21 6.52 6.24 15.25 9.7 9.89 8.38 6.23 9.35 8.94 7.78 6.29 4.04 9.16 4.72 7.68 7.39 4.53 3.76 2.28 5.67 4.1 3.09
16.33 7.16 4.98 3.06 7.24 8.19 11.47 10.0 5.36 4.79 10.54 13.7 8.44 19.96 11.08 5.67 6.82 17.4 8.56 15.14 5.46 4.03 3.13 4.76 6.13 20.46 8.76 9.86 6.94 4.68 6.27 3.9 5.07 4.97 4.23 3.99 3.25 3.65 5.26 10.41 12.55 6.59 9.28 6.14 8.34 12.09 9.42 15.28 17.02 21.37 13.11 8.3 3.47 4.02 13.08 13.98 8.57 8.52 2.11 4.67 3.49 3.41 8.75 4.36
12.71 9.44 6.78 10.7 13.22 6.2 11.53 4.66 7.27 9.11 9.67 10.81 10.48 16.42 13.8 7.94 9.78 7.67 11.92 5.6 4.64 2.61 3.14 4.11 5.82 10.59 11.76 8.5 15.18 9.05 15.67 5.86 4.26 4.25 6.79 7.79 5.11 4.11 10.39 8.47 11.22 12.83 10.71 11.46 15.06 16.85 7.59 6.6 7.88 9.76 22.31 13.53 8.17 6.47 5.95 11.88 6.09 10.32 4.84 3.56 5.28 6.79 3.44 6.42
8.51 11.6 15.47 9.93 21.37 5.81 10.0 10.18 6.95 14.73 15.2 10.83 17.43 13.43 6.86 6.01 6.27 11.42 10.9 5.99 3.08 4.4 3.14 7.27 8.55 8.41 20.59 8.47 7.92 11.31 6.22 10.74 12.65 4.67 9.37 6.46 6.8 5.68 5.82 13.27 13.49 8.55 8.17 10.15 9.31 18.57 13.34 9.72 21.1 11.76 12.07 13.21 9.92 4.32 7.23 11.32 9.74 10.39 3.99 8.14 5.13 4.46 5.24 7.98
13.47 9.46 24.05 15.83 15.39 15.97 5.6 8.19 7.99 7.96 10.31 11.32 16.36 22.23 6.9 6.93 9.45 7.48 5.21 6.26 2.65 4.0 4.2 3.6 6.9 6.05 17.45 12.77 6.09 4.31 3.6 5.76 13.41 6.02 5.2 13.49 12.82 13.1 17.84 12.33 9.84 6.8 5.19 12.11 8.82 19.18 14.64 6.26 6.85 6.07 8.69 12.59 10.5 7.69 6.25 7.39 11.08 10.29 8.09 6.16 7.45 6.61 5.36 3.99
8.81 9.28 20.38 18.49 13.23 9.84 4.24 7.4 18.63 14.37 9.97 10.69 18.53 11.6 10.33 9.12 18.46 12.98 9.29 7.26 3.17 5.67 6.89 3.38 8.35 5.78 4.48 6.42 3.45 4.16 4.72 11.43 8.45 7.75 6.62 10.0 8.48 12.32 6.27 14.77 11.35 16.35 11.07 8.92 9.45 10.37 14.36 12.13 3.02 4.92 9.39 11.89 7.51 8.06 3.62 8.33 17.79 13.2 7.21 2.7 4.34 4.76 3.86 3.22
4.48 8.15 19.61 17.84 7.89 7.51 3.47 7.76 27.33 14.92 17.05 18.84 16.77 13.86 15.25 25.09 17.2 14.03 8.24 6.72 6.02 7.28 9.33 7.51 5.29 4.96 2.4 4.31 5.94 8.05 11.37 18.03 14.43 14.23 10.0 6.53 3.46 5.75 5.92 11.04 17.96 22.08 27.99 7.74 14.69 12.14 14.13 5.18 4.54 3.09 17.69 16.14 9.15 22.39 5.58 6.5 10.74 6.58 3.55 3.88 5.91 4.66 5.42 5.0
1.53 12.41 12.31 8.45 3.8 5.84 5.27 8.6 13.15 21.85 8.9 8.97 9.07 17.72 20.99 22.66 14.15 13.25 12.11 12.12 14.28 12.82 17.07 6.91 4.95 5.69 4.84 8.67 14.37 5.71 5.5 11.99 9.97 9.89 11.06 5.41 7.84 2.82 3.86 5.67 8.69 21.58 25.18 18.03 37.44 13.34 20.38 5.14 3.23 7.23 21.78 21.95 10.49 19.3 11.05 5.15 6.51 3.6 4.0 8.73 3.19 3.88 5.57 9.09
2.26 8.25 2.34 7.34 6.72 3.71 3.17 8.34 7.95 15.63 9.35 4.58 8.27 19.63 27.9 36.92 18.99 14.33 15.13 7.2 9.12 8.2 19.42 18.27 18.39 17.35 15.06 25.3 6.7 5.9 6.46 17.95 11.1 7.69 4.55 7.65 6.33 9.8 6.55 7.19 5.06 9.8 11.68 11.39 17.66 21.08 11.21 10.4 3.59 4.96 14.45 28.01 39.39 24.67 8.41 6.49 9.25 3.67 3.99 7.01 6.36 8.78 9.28 10.02
4.36 4.58 4.16 4.88 5.94 4.89 5.44 3.97 6.61 4.37 4.57 8.74 21.83 37.73 23.29 14.54 18.63 32.18 13.61 7.3 14.26 10.14 13.82 13.58 17.08 20.99 22.87 24.89 12.98 8.09 5.25 13.48 17.07 4.08 3.79 7.96 10.13 6.86 5.73 4.45 4.97 4.67 11.25 10.0 12.96 12.98 7.11 6.15 4.76 5.53 7.4 43.4 19.16 11.88 15.37 16.98 15.61 7.03 2.91 3.92 3.61 5.97 14.37 26.41
5.69 6.08 5.04 10.37 7.72 5.13 6.03 7.61 4.71 6.57 4.9 9.09 16.95 21.22 9.36 17.88 16.2 26.8 14.82 4.04 7.97 12.14 16.8 15.43 16.67 17.99 18.38 28.7 15.42 7.45 17.48 16.88 25.37 10.17 7.11 6.05 11.56 7.15 4.2 5.32 2.88 4.61 8.52 7.89 7.88 23.59 5.5 6.21 2.89 6.43 9.02 27.69 16.04 12.0 18.47 29.21 17.56 6.57 6.53 6.62 9.17 9.3 20.99 22.39
5.19 6.98 6.47 7.72 9.32 5.3 14.96 10.11 8.73 6.37 3.06 4.94 10.79 12.84 7.85 13.59 11.01 15.06 19.28 5.21 6.65 8.17 3.7 9.35 7.29 18.24 19.65 14.84 5.87 8.46 7.98 10.51 11.57 6.55 10.02 11.76 6.71 6.43 4.83 2.79 3.85 4.44 6.11 6.82 6.42 10.22 5.01 3.77 6.38 4.95 8.4 22.71 13.14 10.42 25.5 11.61 32.0 10.63 17.88 10.94 9.9 14.06 34.2 15.23
5.68 3.12 11.63 3.67 8.97 20.37 24.14 16.61 19.99 5.98 3.59 8.95 6.67 15.67 9.32 4.7 3.2 6.75 15.88 7.1 3.98 7.59 2.76 4.27 10.21 17.79 16.43 13.35 9.16 8.89 8.2 6.87 11.78 5.29 9.39 5.97 4.82 12.8 9.02 3.05 4.33 3.46 3.61 3.92 8.26 7.66 4.6 5.26 3.9 6.8 5.24 15.09 19.22 13.33 31.99 25.89 14.4 16.16 11.55 15.67 17.67 20.22 38.45 44.78
11.7 13.64 18.51 8.18 5.58 14.73 12.69 14.3 14.98 16.26 14.63 13.01 18.02 11.18 4.29 1.81 4.24 4.92 14.33 5.05 2.75 3.46 2.4 3.8 8.85 8.17 13.39 18.95 23.75 4.32 6.28 3.59 5.11 6.33 8.35 7.39 6.15 8.51 4.32 6.03 3.8 5.45 6.78 5.91 2.93 1.89 2.31 4.97 3.87 9.91 15.37 6.18 13.59 15.77 13.18 42.93 14.43 10.74 21.35 26.23 10.8 22.83 17.39 15.01
10.99 11.06 21.71 21.34 32.49 22.59 11.55 20.99 13.82 11.58 6.86 7.81 19.77 10.51 7.21 2.83 3.83 2.42 6.91 2.65 1.82 6.84 5.52 7.97 5.13 5.09 18.27 23.84 22.85 6.28 6.71 9.55 6.9 4.57 8.62 7.99 9.0 11.58 9.13 5.7 8.83 8.75 4.83 4.35 2.55 1.75 4.68 5.03 7.98 5.84 9.17 5.18 15.42 10.31 12.69 21.79 23.55 18.37 17.89 30.31 17.69 27.53 34.55 19.33
10.53 11.58 22.12 37.33 28.61 28.29 10.85 15.51 16.48 15.97 5.89 12.13 17.03 10.24 8.77 3.22 4.41 4.18 3.92 3.31 1.51 3.65 3.52 3.81 6.67 6.22 9.68 24.32 7.78 4.38 4.89 5.96 7.33 10.14 6.79 8.52 9.68 7.93 10.45 9.81 11.15 6.82 4.97 5.79 1.9 1.7 3.12 6.07 8.68 10.62 11.5 10.04 9.17 9.75 4.84 10.67 17.71 30.59 18.21 19.85 8.1 9.97 10.93 18.51
8.62 10.66 8.74 22.23 34.68 14.35 21.14 15.61 14.44 12.19 10.96 10.25 41.02 10.91 9.08 5.25 6.68 5.32 4.21 4.89 1.98 2.46 7.45 4.47 11.98 9.81 7.83 4.91 4.04 4.36 7.01 7.87 8.49 21.66 5.12 4.53 12.13 9.19 13.95 24.07 6.42 4.74 4.46 4.32 7.21 4.45 4.01 3.45 4.56 8.09 4.95 7.82 11.2 18.0 8.63 7.22 11.68 5.89 7.99 15.51 17.51 13.97 13.1 10.24
6.08 7.06 8.19 10.95 18.54 23.16 9.89 11.18 22.48 26.8 29.82 16.71 57.11 12.91 11.91 10.83 5.72 8.82 5.14 6.61 4.24 1.97 6.65 9.46 17.26 16.49 6.21 2.46 2.21 3.4 4.05 5.33 10.72 15.02 6.47 3.22 8.06 12.51 7.3 12.31 9.85 6.93 11.49 4.72 6.85 3.35 4.16 3.51 8.1 15.61 13.83 8.37 11.56 11.89 12.74 6.12 10.18 16.42 6.94 11.79 16.59 6.69 10.25 12.97
1.73 4.25 8.6 14.89 15.81 45.41 19.87 5.64 13.56 13.68 22.61 22.73 17.83 18.88 11.93 11.59 7.19 11.71 8.35 8.02 6.32 7.22 18.4 9.01 9.78 18.63 5.91 4.61 8.44 3.76 3.99 2.61 7.74 15.4 6.81 3.6 13.15 10.05 7.39 13.27 12.92 5.36 5.04 5.62 7.34 10.87 9.96 7.68 9.32 11.3 13.26 7.46 8.99 22.48 19.14 11.29 8.39 12.33 19.79 22.28 26.42 12.41 16.23 10.32
3.58 6.65 11.03 7.23 9.44 23.58 40.33 17.79 37.6 18.3 10.51 10.54 12.54 16.03 7.66 21.88 11.46 11.96 9.24 7.05 7.81 14.17 37.12 14.66 13.16 10.45 6.85 5.49 4.88 2.61 1.75 3.96 6.19 6.79 8.51 4.59 5.47 9.32 4.64 13.97 9.34 4.01 4.66 8.79 5.99 6.97 6.79 15.97 7.51 14.8 40.08 10.26 6.65 18.41 20.9 8.59 14.2 14.98 19.12 17.24 18.18 10.41 10.62 7.11
6.69 5.69 9.82 16.58 12.07 20.51 31.53 11.15 18.84 11.83 13.78 16.59 10.12 11.23 6.98 21.62 8.89 5.34 7.06 7.68 14.87 30.3 21.75 13.04 8.11 5.32 7.34 3.79 4.08 3.47 1.91 3.34 11.17 6.31 9.28 8.77 7.0 10.91 9.04 5.38 8.94 5.48 3.12 11.04 4.32 2.54 7.18 7.68 3.22 7.03 9.5 19.07 12.98 12.93 16.42 23.99 18.24 24.83 16.87 17.59 16.38 15.44 8.52 24.66
11.11 20.27 15.07 15.37 18.63 13.47 18.46 20.59 12.68 25.97 22.1 14.62 9.07 12.84 16.33 19.18 9.37 2.35 5.14 13.56 17.5 11.75 23.09 15.0 13.81 4.77 3.01 3.43 5.23 3.82 3.95 2.76 8.18 9.49 11.45 12.03 12.29 11.01 8.39 7.03 6.9 13.42 6.95 2.8 2.55 1.2 4.75 7.82 3.67 10.84 9.13 16.28 15.79 11.29 15.52 18.68 18.53 19.45 19.1 13.08 12.54 7.57 7.29 14.29
13.21 19.47 7.55 9.4 25.77 21.52 18.67 24.89 12.04 18.25 10.25 6.92 3.74 20.8 23.86 20.27 6.83 2.04 7.76 11.14 28.13 13.94 7.89 8.64 2.92 2.52 2.31 8.64 8.3 12.04 6.32 1.65 3.16 16.24 11.83 22.0 10.68 13.85 7.14 7.63 9.8 6.14 3.26 3.2 5.72 3.45 3.7 2.52 3.99 8.06 6.46 7.12 13.03 17.32 11.51 24.38 24.68 16.41 13.3 7.3 6.69 4.99 4.86 11.56
13.37 9.97 7.08 15.83 27.01 13.1 16.0 14.17 14.65 28.12 8.1 6.45 4.55 17.39 33.07 12.41 12.28 4.42 11.82 16.37 34.48 18.2 9.06 7.85 4.54 2.64 2.81 3.08 2.86 5.78 8.6 4.16 4.4 17.36 10.09 10.61 14.31 15.32 9.96 19.02 10.95 12.93 5.64 2.16 6.01 4.8 4.03 3.97 6.18 6.2 2.12 5.42 8.55 6.8 7.81 11.97 12.99 24.59 9.75 7.9 3.22 4.58 3.77 11.22
7.22 9.65 10.63 9.3 11.88 14.54 18.72 15.3 7.59 12.43 7.17 6.29 7.98 18.34 44.42 11.03 11.94 8.01 8.94 16.55 22.8 14.38 5.46 4.73 3.35 6.21 3.65 3.4 5.03 7.98 11.53 11.41 7.64 19.3 10.39 10.5 12.44 11.73 15.78 15.81 10.84 9.61 11.28 4.08 5.06 3.64 1.29 4.58 3.06 2.04 2.29 3.93 4.93 5.82 5.46 9.05 12.92 17.58 15.02 8.97 1.88 4.38 5.36 5.48
6.85 10.03 15.57 12.99 10.59 10.77 16.44 52.96 8.8 15.82 8.19 8.15 7.04 9.26 21.8 11.04 11.72 20.88 10.41 21.88 8.63 8.54 4.02 8.76 6.18 6.69 10.57 8.33 4.55 9.97 31.04 15.51 7.52 11.48 21.32 17.27 13.62 8.97 16.33 8.01 11.24 5.58 7.99 5.22 3.69 3.81 3.87 6.06 3.14 3.31 1.66 1.86 2.6 3.62 7.52 5.37 8.03 7.96 13.34 8.85 3.19 4.7 5.45 3.12
11.53 2.78 10.12 22.49 9.11 31.51 22.62 19.93 5.89 9.1 14.37 4.86 3.33 3.31 6.97 6.28 5.52 8.78 6.26 14.18 9.13 9.07 4.24 3.62 5.69 7.76 10.95 16.23 12.65 11.13 19.09 15.23 8.29 8.5 10.58 9.68 5.63 6.47 8.59 6.03 6.69 5.08 5.04 4.15 3.82 4.24 4.38 17.1 2.7 1.6 1.91 1.73 4.0 3.96 4.47 10.55 6.45 5.56 9.44 5.02 9.7 11.06 10.64 5.04
10.94 5.04 9.05 18.07 16.66 21.95 18.76 14.95 20.24 11.39 18.57 4.46 2.45 3.69 6.53 4.32 3.9 5.47 3.94 14.05 17.98 11.4 6.58 6.44 7.67 7.26 6.04 6.09 11.03 9.36 13.52 40.31 8.23 4.42 10.05 6.0 7.64 11.7 9.41 6.32 4.84 5.64 4.17 6.34 3.37 5.69 3.62 5.25 2.28 1.55 3.22 3.17 4.08 4.63 2.5 2.46 8.59 7.15 10.99 8.85 12.89 22.16 10.25 8.82
11.59 8.97 7.06 34.35 35.02 20.49 14.58 5.5 10.57 22.67 18.8 4.03 5.02 4.7 4.5 5.56 3.03 6.32 3.87 4.62 13.29 7.07 5.32 7.16 11.56 3.98 12.82 10.87 11.08 20.17 16.0 16.76 17.59 3.64 3.47 3.91 4.1 5.91 11.75 9.55 11.53 4.81 2.23 3.37 2.24 3.06 3.17 1.11 2.31 4.18 4.76 6.02 6.15 2.41 6.89 5.28 10.37 10.74 4.61 6.92 21.04 23.68 14.51 11.87
12.14 17.23 7.12 37.68 30.28 31.85 21.76 9.74 13.7 9.53 12.71 10.63 4.25 4.58 5.15 6.76 6.58 22.85 5.43 4.46 8.6 5.0 5.65 6.0 6.72 10.78 16.78 10.58 7.69 24.51 17.28 16.84 13.47 7.33 4.59 7.53 5.48 9.95 6.86 6.21 10.09 11.43 4.36 5.01 3.85 3.57 2.99 1.32 3.03 6.44 6.95 12.45 15.54 5.28 4.64 4.81 6.15 8.15 8.18 11.05 19.08 16.76 7.64 5.84
8.17 17.71 7.04 10.37 41.3 25.35 15.94 14.92 9.04 5.34 11.88 5.24 4.09 5.17 8.92 14.46 14.12 11.9 4.65 2.87 8.98 12.92 10.44 11.26 3.74 8.91 17.69 13.13 8.52 23.77 9.06 6.8 11.03 7.16 6.75 7.72 7.11 7.53 7.53 9.02 6.34 6.36 6.04 5.97 5.26 4.41 7.23 1.89 4.05 5.09 7.77 10.07 11.12 4.05 5.31 6.9 6.13 13.95 9.83 11.84 6.15 8.58 10.54 6.47
7.78 13.33 10.25 16.59 18.8 18.66 13.56 28.04 17.52 14.82 24.99 14.08 4.44 4.03 7.44 27.15 22.93 7.64 22.44 6.72 7.3 7.21 7.42 7.79 5.53 7.23 11.63 10.88 6.04 14.26 13.89 2.97 7.02 10.41 12.8 10.55 7.61 3.58 11.1 7.88 6.6 9.11 3.61 3.43 4.55 5.77 7.35 3.74 4.64 7.05 5.43 8.64 7.03 5.67 4.82 8.56 4.69 6.66 6.43 11.28 9.25 8.56 7.69 8.78
9.46 19.22 8.34 12.59 14.93 15.83 18.79 16.32 14.21 12.34 11.5 9.57 3.6 8.84 24.96 14.19 24.94 3.78 7.28 7.42 13.77 9.72 13.14 3.96 3.67 6.23 7.56 13.06 15.21 13.71 8.51 4.79 3.24 4.81 5.8 6.34 10.73 7.43 7.2 8.94 4.35 9.02 8.14 3.68 5.64 3.59 4.63 4.26 4.42 7.06 12.24 8.78 6.27 5.15 7.87 11.39 28.72 5.46 9.24 8.02 9.22 10.43 12.23 8.27
19.26 22.65 29.75 14.9 24.56 12.07 13.66 9.43 12.35 9.6 11.54 5.66 6.08 8.87 14.68 16.94 16.18 9.69 6.22 6.8 6.05 7.49 5.3 4.85 4.74 6.97 7.19 8.14 9.6 10.17 5.6 4.96 7.24 3.09 11.02 16.42 6.6 8.54 3.8 8.08 5.59 9.22 31.91 4.04 4.34 3.91 3.56 7.08 7.65 4.9 7.07 6.61 6.52 5.49 5.18 9.0 22.48 12.6 18.06 9.9 12.02 9.09 4.17 4.38
22.79 25.53 28.06 11.73 13.34 7.52 7.82 8.75 9.51 5.13 4.81 8.95 12.63 14.48 9.58 10.84 11.25 6.98 2.97 3.26 6.82 8.08 2.82 5.68 6.76 2.94 4.42 5.74 11.42 6.66 7.03 2.93 4.16 2.49 7.78 27.5 9.01 10.96 4.83 7.5 4.36 4.67 6.54 6.72 2.67 6.57 4.88 5.77 4.11 5.99 5.4 6.82 3.77 4.1 9.27 14.68 19.79 7.08 7.02 17.88 45.19 28.65 7.08 7.78
35.21 24.29 32.75 5.54 5.12 4.09 7.05 15.0 21.58 6.27 12.89 17.82 8.93 5.5 7.25 3.48 6.57 9.46 2.42 3.03 6.37 2.86 2.24 4.09 4.13 4.13 6.01 4.38 9.24 5.4 6.83 3.42 4.59 4.26 6.23 16.32 10.21 10.89 7.54 4.17 6.93 6.31 13.13 5.0 3.06 7.07 5.48 3.35 6.43 11.4 13.57 7.23 5.94 1.43 3.7 4.19 7.0 4.25 6.5 28.63 18.81 8.09 5.23 4.5
17.24 13.97 7.21 5.32 4.53 5.57 6.47 7.93 13.85 9.84 8.08 23.77 10.04 12.19 7.38 5.03 2.96 5.21 3.18 6.21 5.75 9.22 5.22 6.17 6.19 2.83 11.25 6.55 6.21 5.34 11.2 9.34 5.13 4.49 2.82 8.76 7.37 7.67 24.7 10.07 16.62 11.09 12.41 5.3 4.33 8.61 7.36 2.63 4.87 9.11 6.21 5.89 4.61 4.64 7.51 3.43 2.3 4.0 4.85 12.27 8.21 7.95 7.94 8.76
9.08 5.43 4.24 7.08 7.6 7.9 8.11 14.8 7.82 7.08 6.83 12.58 15.12 8.22 22.53 4.35 2.71 6.32 6.53 6.66 5.43 3.29 7.15 5.0 13.7 7.42 11.73 4.41 3.03 4.85 7.75 6.16 3.0 10.5 7.24 6.81 6.71 4.92 8.71 17.16 15.75 19.06 14.69 10.01 15.26 10.9 5.81 4.24 3.07 5.56 2.72 3.12 6.29 4.93 6.68 9.79 7.48 4.61 2.27 5.56 3.51 3.14 11.46 4.13
4.73 3.08 3.76 4.74 5.28 5.95 10.38 14.29 8.31 5.25 7.06 3.56 9.99 7.19 13.41 9.86 7.19 4.86 5.95 2.89 8.47 5.55 11.34 9.57 9.82 10.56 9.74 8.34 6.63 6.75 3.74 7.4 3.31 10.37 12.25 11.36 7.52 5.56 12.86 17.69 13.42 6.77 7.63 12.59 8.92 8.92 6.93 3.76 4.17 3.7 5.06 9.55 7.6 6.24 6.09 13.38 8.05 9.46 4.84 5.59 5.8 5.76 10.76 3.07
4.6 6.93 5.56 4.53 5.05 4.48 8.96 11.59 9.07 7.72 6.23 3.29 7.16 5.9 3.04 8.71 6.47 6.47 20.86 8.31 5.2 8.49 13.59 9.53 27.2 14.64 7.2 24.45 4.83 3.84 2.45 6.13 11.93 13.5 11.63 6.24 7.28 3.29 16.34 22.35 29.16 11.39 6.16 4.75 3.84 2.99 5.98 6.85 5.04 4.34 3.25 5.99 5.52 6.47 7.18 12.38 4.92 8.33 3.43 4.87 5.13 5.1 7.62 5.69
7.74 8.51 5.03 5.77 2.1 3.46 7.32 7.91 18.73 5.8 3.9 4.42 11.4 11.11 3.26 5.37 4.89 5.87 13.54 15.19 16.92 14.75 13.69 15.24 14.65 16.39 9.46 15.07 10.43 6.7 3.49 5.71 6.42 9.03 21.1 10.58 14.66 7.5 9.96 16.01 11.01 6.61 3.79 5.89 7.76 7.59 2.55 2.38 1.84 3.15 10.11 6.42 6.95 10.97 8.39 10.07 7.11 8.61 11.5 4.04 9.17 5.23 4.03 6.94
4.02 5.41 6.05 3.55 2.06 3.32 7.28 4.41 8.35 7.61 4.61 6.52 15.56 5.6 2.74 3.24 6.52 12.34 22.13 10.7 7.55 10.98 6.76 11.29 9.79 15.84 15.67 10.79 5.34 8.03 3.16 9.39 12.57 5.51 14.54 11.99 13.29 12.51 8.3 17.28 10.82 11.03 4.18 2.99 5.25 6.59 2.77 2.46 1.96 3.53 10.06 8.19 5.2 13.11 14.45 6.72 7.3 7.5 8.98 7.52 4.75 4.85 3.15 13.19
4.08 2.77 3.28 1.83 3.48 6.47 9.1 7.89 9.27 8.31 5.22 6.03 7.96 4.58 2.62 3.95 11.6 8.49 16.14 13.58 13.16 7.88 16.99 10.14 5.29 7.12 13.47 13.35 8.2 7.82 15.63 7.65 17.41 2.61 5.22 10.23 12.33 16.5 9.23 6.77 5.09 5.53 3.91 4.8 3.5 4.99 2.84 1.76 1.72 6.81 12.09 10.58 15.96 20.91 6.88 4.26 3.5 6.87 10.66 5.41 8.31 7.41 5.26 9.11
2.43 3.2 3.15 3.3 2.8 3.22 4.92 3.77 12.25 15.47 5.02 8.38 3.88 3.02 2.43 2.03 6.58 15.05 21.0 24.93 13.19 4.75 11.42 3.88 2.88 13.6 12.94 8.08 7.31 6.97 10.14 5.76 5.38 5.31 4.88 11.24 14.37 18.09 3.54 9.86 5.19 5.89 2.19 3.38 4.22 4.03 2.84 2.15 2.93 5.69 15.81 14.69 14.66 11.89 4.32 3.38 9.41 5.45 15.2 7.56 8.03 8.42 3.87 8.2
2.71 4.01 3.66 2.37 4.89 3.56 4.26 3.2 5.29 5.83 3.99 5.28 6.74 3.84 2.55 4.69 3.86 8.96 13.69 13.9 7.94 6.19 6.46 8.92 5.83 16.35 8.95 6.96 5.05 5.31 9.11 11.37 6.26 10.02 7.08 9.96 10.76 9.06 3.23 4.95 3.13 2.5 2.69 6.22 12.5 6.68 8.22 4.79 2.5 6.97 17.4 22.71 16.42 12.48 10.91 5.27 12.6 11.68 13.4 13.26 9.85 9.99 3.9 3.72
2.47 6.23 6.08 9.11 5.08 4.82 3.85 2.59 3.15 4.14 3.73 4.22 7.17 5.57 3.15 5.08 7.09 3.4 6.55 18.03 4.76 5.71 7.89 7.81 8.63 24.04 9.85 6.66 8.88 3.99 5.35 9.6 8.54 14.41 6.58 10.6 11.46 7.32 3.96 4.56 2.47 2.17 5.93 7.45 9.95 5.09 7.25 10.51 7.86 15.77 7.07 14.82 7.49 9.5 24.85 10.56 8.53 15.35 12.85 15.91 8.68 8.14 5.15 6.27
6.05 11.95 8.82 23.33 7.28 7.51 6.08 3.06 4.54 10.34 2.42 2.01 2.76 1.99 10.43 10.64 6.1 5.41 4.89 12.29 9.34 8.45 10.77 17.44 11.85 15.58 10.67 8.57 11.87 7.75 6.71 5.57 5.78 5.99 5.28 4.95 2.88 4.57 4.38 3.41 5.36 2.97 9.14 5.74 10.07 4.8 4.28 7.55 9.34 11.77 10.42 10.64 7.38 10.39 24.66 8.0 10.26 32.27 10.71 18.93 11.29 6.17 6.26 6.78
9.8 20.67 9.28 11.59 5.83 11.21 5.79 5.49 3.54 8.42 4.88 1.44 2.13 4.94 5.69 5.25 7.35 7.29 8.72 7.89 8.64 12.24 7.95 14.92 15.91 20.28 19.4 15.02 13.24 5.37 5.14 9.78 13.21 6.78 7.04 7.19 4.91 3.28 3.71 4.69 12.84 5.82 6.63 9.57 4.96 4.17 4.24 6.39 9.02 9.68 12.29 7.65 15.25 12.71 24.88 13.82 7.98 26.03 9.62 8.93 9.14 5.32 5.67 11.88
7.55 10.4 8.42 14.8 22.37 11.39 9.38 3.81 2.52 3.16 1.83 1.34 2.92 6.31 5.98 7.21 10.37 11.06 7.38 6.84 6.66 15.04 15.84 11.84 7.86 15.03 21.49 24.01 24.96 9.11 3.59 14.98 7.53 6.37 6.75 5.34 5.19 3.8 4.11 4.6 4.88 7.41 5.69 14.31 6.03 8.92 3.34 5.79 4.28 4.77 7.32 18.14 21.26 12.47 9.28 7.21 8.44 30.63 8.66 5.21 7.76 4.27 3.45 8.3
4.6 3.17 17.96 11.33 21.55 10.42 8.38 4.44 3.87 2.35 2.34 1.33 1.76 3.96 3.32 5.97 4.17 11.38 6.78 5.6 9.46 6.35 6.68 5.66 7.5 7.3 13.19 10.39 16.22 16.38 6.8 8.79 6.64 7.73 17.76 13.56 7.98 3.5 2.33 6.18 10.5 11.15 11.06 16.3 5.94 5.58 4.07 9.56 6.6 4.17 10.04 10.88 12.58 9.6 5.93 6.7 7.22 7.8 9.22 5.93 6.76 7.44 10.99 10.51
