6.29 27.52 18.48 7.97 12.74 13.57 3.98 7.66 3.74 4.32 6.61 7.88 10.5 7.14 2.58 3.7 2.65 2.63 5.61 11.41 7.09 4.99 4.66 14.42 12.84 21.45 21.41 7.91 16.1 8.91 9.2 12.75 19.44 25.93 28.29 17.51 19.98 6.69 2.32 3.65 1.94 6.7 3.11 11.73 8.74 8.89 9.79 6.51 11.8 17.11 18.78 17.28 7.43 4.46 2.23 2.73 2.21 4.95 7.32 9.31 8.63 6.34 13.83 10.49
10.32 24.31 11.53 13.91 8.85 11.69 8.87 8.75 5.77 7.47 6.59 6.31 4.6 8.31 3.09 4.12 2.91 4.66 5.77 7.67 3.5 4.29 7.75 16.81 18.05 20.95 10.06 5.18 12.49 9.28 11.43 22.91 20.16 18.37 23.72 9.32 24.61 10.51 6.24 5.82 1.96 2.57 2.69 3.42 10.56 15.3 18.76 16.09 31.38 14.95 12.64 14.42 8.21 4.15 4.77 3.32 4.58 7.92 13.55 7.14 14.73 10.21 7.85 5.89
12.1 31.97 13.3 6.24 4.61 5.5 8.39 8.44 5.7 5.2 7.99 5.27 5.29 5.99 2.5 3.41 2.62 3.47 9.53 8.97 9.18 12.0 8.54 11.34 7.61 7.34 3.9 9.32 12.17 9.85 12.47 21.93 18.92 16.21 17.39 12.66 15.74 6.82 6.09 5.54 1.81 2.81 5.18 3.4 3.71 12.12 14.41 13.41 25.06 41.1 24.58 12.59 5.29 2.24 3.11 3.06 3.72 9.82 19.08 27.34 25.78 8.68 5.83 10.71
8.3 10.82 8.89 10.69 6.29 6.19 9.84 5.31 5.4 7.59 8.36 4.31 4.39 2.85 1.86 2.23 2.75 6.63 11.42 10.92 14.84 14.19 6.95 7.13 15.81 9.69 8.74 5.83 9.6 13.19 7.63 9.04 14.87 18.97 23.12 14.63 9.41 6.32 9.27 3.81 1.32 1.99 10.47 2.23 5.47 8.8 12.62 31.04 15.0 37.81 26.33 12.83 4.8 3.27 2.06 1.92 1.87 9.15 13.4 15.0 29.69 8.38 4.65 9.9
11.43 7.49 9.45 15.13 6.59 4.12 7.45 2.42 8.13 1.83 3.64 6.26 2.53 2.33 2.17 2.74 3.12 5.1 3.97 8.72 7.5 22.88 10.28 7.56 22.33 19.14 8.56 9.62 7.96 10.65 11.53 5.88 9.46 10.99 7.89 7.91 6.38 7.7 7.61 2.31 2.7 2.77 3.54 3.53 5.87 12.96 27.09 32.59 30.77 22.93 13.68 4.79 3.06 2.8 1.73 1.74 3.0 3.84 4.34 11.95 9.84 15.71 8.96 12.78
13.79 8.15 8.08 8.02 8.4 5.2 4.59 5.58 5.36 1.48 2.18 2.53 2.84 2.21 7.9 5.61 6.93 4.77 3.62 7.52 12.87 9.74 6.88 8.98 11.14 17.93 6.84 6.93 9.59 17.7 14.19 6.32 7.02 7.3 3.25 4.86 6.27 2.8 9.38 5.63 3.97 2.89 5.54 4.38 4.59 6.78 12.43 36.96 15.78 16.61 9.32 2.17 2.18 1.34 1.52 1.87 5.95 2.23 2.21 4.74 12.76 11.71 14.11 9.35
10.01 7.7 9.14 8.62 5.37 4.33 4.89 4.14 2.77 1.78 2.21 2.93 2.71 3.34 5.33 10.7 9.4 3.73 4.57 3.24 4.8 3.9 4.79 6.73 28.82 19.35 7.69 2.74 5.41 13.09 9.44 19.37 9.96 5.73 3.51 2.5 2.56 3.67 3.74 6.04 5.97 3.77 4.76 9.07 6.15 4.96 15.05 12.01 7.43 12.97 7.96 4.39 3.55 3.19 1.96 4.76 6.54 4.05 3.23 6.28 19.99 19.27 16.58 7.09
14.24 17.27 10.46 6.17 5.26 6.91 5.36 3.03 6.61 2.69 2.56 2.71 1.82 4.53 4.07 6.86 10.9 5.43 5.26 2.81 3.16 6.43 5.56 8.08 10.64 11.94 7.6 3.94 4.87 8.12 17.23 13.23 7.24 6.74 11.03 7.56 6.56 6.48 7.84 9.47 5.63 3.95 5.33 9.45 8.91 5.81 3.95 6.06 9.12 10.04 3.76 4.73 4.01 3.41 1.91 3.33 10.15 4.77 3.17 4.44 13.34 14.13 7.42 19.74
15.89 9.18 6.64 8.54 5.26 9.63 7.73 4.24 5.19 6.31 3.3 4.8 4.23 7.15 3.33 4.77 10.88 5.01 7.79 4.06 11.92 14.13 7.34 5.56 7.75 11.05 9.83 7.71 7.03 7.37 6.36 5.17 4.3 3.45 7.02 7.64 8.83 12.57 13.09 10.0 10.03 3.69 5.74 5.56 5.26 7.11 4.84 3.6 5.34 5.95 10.0 7.8 8.73 4.87 3.43 2.78 3.15 2.4 5.51 9.96 13.28 18.79 12.36 25.41
29.18 23.14 7.36 12.36 13.21 12.53 11.76 4.66 5.16 5.79 4.1 9.49 4.17 5.34 6.51 2.75 3.19 5.86 3.22 7.62 10.82 15.61 9.15 5.93 3.23 8.1 3.84 4.23 6.12 4.61 5.26 4.61 8.61 6.37 7.0 6.51 9.83 9.57 14.35 13.07 10.43 5.49 5.97 4.37 8.04 6.3 3.55 4.81 5.81 3.1 4.63 6.81 7.56 10.44 3.31 1.73 1.85 2.53 3.0 4.83 4.14 12.81 32.9 30.64
13.38 20.48 18.27 8.56 10.49 7.6 11.71 5.04 4.09 3.03 3.95 5.23 7.12 8.04 3.05 4.93 3.21 2.89 4.56 5.7 9.42 30.66 19.24 7.81 5.2 4.96 4.86 4.66 3.05 8.93 5.16 8.33 7.93 9.07 4.66 3.91 3.16 5.78 4.92 9.34 15.55 5.94 7.12 4.01 3.66 5.12 5.63 4.9 8.76 10.64 4.64 5.1 8.69 5.46 2.57 4.1 4.72 7.07 4.82 7.7 3.14 8.33 22.05 22.59
18.15 34.38 18.07 5.82 8.58 10.01 11.68 3.78 2.09 5.76 5.29 6.84 9.24 4.88 4.67 3.02 3.46 3.06 3.47 7.5 9.3 7.96 6.62 6.84 3.5 8.24 4.57 5.2 2.88 6.53 3.07 6.58 10.64 6.51 2.36 5.08 6.07 7.14 4.92 16.36 6.6 7.9 3.58 2.95 4.13 13.96 7.91 11.11 11.88 8.1 4.63 6.7 6.62 5.25 6.93 3.49 3.37 16.72 9.13 14.41 5.99 6.52 11.61 16.77
25.49 18.69 10.51 3.51 3.54 10.26 4.87 3.51 2.71 4.57 8.24 9.37 16.53 5.24 4.11 2.64 2.2 1.36 3.57 5.58 9.43 9.49 6.52 8.31 12.24 8.06 4.22 2.5 3.74 6.01 6.74 16.29 15.31 4.97 4.0 3.64 6.93 8.07 5.8 13.91 8.13 7.35 5.47 2.96 5.36 9.81 7.43 7.71 4.23 2.69 4.07 3.41 6.61 5.89 5.47 4.61 5.28 7.35 9.7 12.37 6.08 3.36 7.26 8.39
21.82 30.08 12.3 4.88 4.91 12.37 4.89 4.23 4.71 6.35 7.2 8.2 6.72 5.73 9.35 3.12 2.63 1.35 1.72 3.22 5.41 3.4 4.17 10.88 11.37 6.78 3.17 1.15 2.11 7.0 5.65 6.97 8.54 2.3 4.92 4.16 4.49 6.63 5.06 8.22 13.18 7.76 12.21 3.25 7.71 6.5 7.03 5.56 3.99 2.2 4.05 2.5 5.07 6.5 4.4 3.31 7.15 7.79 12.62 4.23 4.27 5.49 7.38 11.17
8.73 8.65 8.46 17.15 16.13 7.45 9.22 4.37 3.7 5.52 3.44 7.43 6.39 2.81 4.64 1.59 1.65 1.43 2.88 3.37 3.91 3.37 4.73 6.77 12.29 7.27 4.11 1.4 4.16 3.81 5.81 9.66 6.19 4.6 4.41 6.17 7.33 9.15 5.89 4.03 17.74 8.98 5.05 3.97 5.7 3.54 5.09 2.27 1.81 1.81 3.81 8.63 4.0 3.04 6.9 3.16 6.29 5.67 19.15 6.4 4.57 7.02 7.48 3.25
8.22 6.83 10.31 19.13 18.37 13.36 8.82 6.94 6.34 3.51 5.93 5.93 2.78 3.51 2.98 1.28 0.59 1.35 2.36 3.23 3.47 4.85 9.87 15.93 14.3 6.74 3.81 1.36 5.37 5.86 13.29 14.61 7.99 6.63 4.44 9.37 6.29 7.02 5.2 4.52 5.28 4.73 3.87 4.81 5.89 3.32 3.98 1.99 2.04 2.56 8.2 9.9 6.36 5.95 4.85 12.33 7.3 9.03 11.43 4.35 5.57 10.23 10.12 8.88
12.35 10.56 11.56 25.58 15.3 10.57 15.11 5.17 4.89 3.63 3.82 7.67 6.8 4.67 5.81 1.17 1.43 1.55 1.75 2.82 2.21 9.3 23.46 18.61 24.26 16.56 4.07 2.61 3.17 6.59 20.31 11.61 9.96 8.47 6.95 8.02 9.99 12.98 14.6 8.81 3.96 1.42 2.04 2.53 1.59 4.24 5.38 2.82 1.66 4.89 3.05 8.68 5.77 4.76 7.02 6.78 10.19 8.88 8.04 5.41 9.38 11.58 10.53 5.16
6.62 10.18 7.24 6.05 19.88 16.68 17.65 11.51 5.61 4.74 4.64 22.3 8.49 12.23 4.59 3.12 2.41 1.85 3.82 6.33 3.95 3.69 11.65 8.47 16.25 9.93 6.02 5.58 4.11 3.17 4.92 5.77 5.45 11.72 5.38 13.09 10.71 13.18 19.22 14.69 4.79 2.99 1.68 1.98 4.24 5.89 7.36 4.11 4.16 7.03 4.99 3.88 5.35 5.15 5.53 6.28 2.95 11.79 6.88 16.11 12.1 8.23 9.65 6.76
10.79 18.85 6.54 7.31 10.96 7.65 7.0 7.57 7.18 6.96 10.0 10.74 18.14 9.79 4.79 3.89 5.32 4.49 7.61 15.38 3.74 7.27 4.88 7.52 6.69 4.47 4.05 6.92 3.03 3.86 4.72 5.4 7.59 6.6 6.18 8.7 4.92 13.37 6.9 22.72 11.39 4.82 5.38 5.47 1.92 5.67 4.49 3.1 4.57 6.81 8.33 5.07 8.18 8.61 4.5 3.93 3.12 4.46 2.72 11.1 11.53 10.1 17.23 9.41
11.13 11.09 4.35 5.38 5.21 3.58 7.62 8.68 5.58 7.76 13.4 20.21 6.0 6.87 7.0 4.9 6.57 7.54 8.86 16.52 8.25 5.11 8.31 7.29 6.99 4.5 3.82 8.89 4.4 6.18 2.48 3.46 5.17 8.39 3.28 6.62 8.37 12.12 8.33 14.96 12.01 6.68 4.05 4.92 3.58 10.86 9.18 12.14 11.86 8.1 6.59 4.76 10.25 14.42 10.45 2.53 2.66 3.82 1.94 4.55 6.99 20.87 22.69 8.83
7.54 7.47 4.56 4.92 5.97 6.15 8.62 5.03 5.5 5.69 5.29 12.02 6.35 6.31 9.9 5.01 6.84 9.01 10.99 11.33 18.45 10.62 10.73 6.29 4.98 3.04 8.98 9.51 5.93 5.01 4.11 6.68 7.77 4.15 7.58 9.49 19.07 10.56 5.17 5.77 14.21 3.45 2.8 2.48 3.87 10.82 7.29 14.11 15.79 6.12 8.37 5.05 6.61 4.82 5.39 2.02 6.57 3.73 3.48 4.58 8.13 8.95 18.84 7.92
10.96 12.38 6.72 8.79 4.52 8.31 6.47 4.05 9.58 13.86 7.28 6.4 5.68 7.75 8.22 6.57 8.65 6.78 3.05 9.56 24.35 10.73 9.94 8.28 7.83 6.97 12.92 5.88 8.28 7.05 8.21 12.99 12.43 7.24 13.73 10.87 20.54 4.99 4.34 2.93 4.85 6.94 3.94 2.02 2.18 3.49 3.87 7.05 6.68 6.65 11.49 6.32 6.16 3.86 3.32 4.76 9.67 6.8 7.85 7.32 6.25 12.55 18.37 22.18
9.69 6.3 10.46 14.27 8.93 8.83 10.37 3.63 16.46 12.55 7.22 6.83 6.59 11.45 9.71 8.37 5.24 4.39 6.07 9.78 18.5 8.41 9.26 4.66 6.29 7.97 14.18 5.9 9.92 5.32 7.4 8.15 10.87 7.91 17.06 13.84 11.09 7.17 4.03 2.31 6.19 12.87 7.4 2.54 3.1 6.96 7.44 6.85 9.64 10.18 9.8 8.83 8.94 3.53 2.44 5.63 11.97 10.17 11.88 5.86 11.03 17.19 13.84 10.32
2.51 4.02 7.13 9.44 10.41 19.46 12.27 12.04 13.73 12.31 5.81 5.72 7.19 17.19 11.3 12.94 7.67 5.39 4.55 17.45 18.56 21.82 9.21 5.26 7.8 20.67 13.82 12.95 15.89 10.28 8.65 6.77 5.46 8.25 14.13 11.4 11.99 8.24 3.8 5.06 6.39 10.6 8.71 3.88 2.91 12.47 3.93 5.22 3.39 7.66 5.71 6.46 9.51 6.63 4.58 9.81 19.49 19.05 12.07 8.33 7.05 9.86 10.45 11.64
7.28 2.71 8.05 5.06 4.51 6.02 9.39 11.45 18.0 27.88 9.4 4.98 13.3 9.0 4.56 3.49 7.23 3.55 5.66 8.94 16.74 30.18 15.91 10.73 17.62 24.16 10.24 9.81 8.78 10.38 13.28 13.65 14.57 11.26 5.67 3.33 5.36 3.76 4.47 16.24 15.07 18.56 5.94 3.44 3.64 4.28 6.75 7.27 10.16 8.21 10.02 10.11 9.68 6.43 8.28 10.78 10.2 16.21 5.57 8.22 7.18 6.38 9.68 7.09
6.58 3.98 5.45 5.54 2.92 6.98 6.7 14.31 17.37 16.91 14.79 7.16 7.43 6.51 3.44 3.19 4.22 3.62 11.22 18.41 17.03 30.84 17.42 23.26 49.6 35.91 22.79 15.29 5.82 12.65 8.27 9.49 18.06 22.02 10.74 4.52 1.89 2.92 3.39 9.11 18.59 11.57 4.03 2.28 1.62 1.78 3.56 6.85 8.66 6.86 4.65 12.36 5.83 9.17 16.11 14.88 16.01 18.11 5.28 6.86 8.26 3.4 5.46 5.46
4.69 12.87 12.38 11.42 12.73 8.57 14.77 13.95 7.98 22.13 12.34 8.94 15.27 8.61 8.52 3.1 3.27 9.71 5.47 11.33 19.57 11.43 18.39 17.25 18.11 25.33 21.73 11.71 8.9 8.66 13.14 8.51 10.79 11.63 11.59 3.89 3.78 4.16 2.58 10.26 10.34 10.97 5.77 5.87 5.58 2.61 5.02 4.63 6.41 5.94 11.59 11.92 12.14 19.27 23.37 15.48 27.47 26.93 4.83 11.74 4.91 2.32 3.19 2.65
6.58 11.07 10.47 16.17 13.28 15.34 11.39 15.64 13.44 22.64 11.93 11.27 19.67 15.57 7.8 5.41 6.07 11.25 8.73 16.15 19.55 19.86 8.15 15.36 10.12 13.2 9.31 8.18 7.98 18.09 20.74 15.22 7.92 6.27 10.51 2.64 6.63 8.22 8.19 11.58 17.17 7.97 4.13 4.67 6.24 3.55 4.26 6.61 9.32 11.78 6.51 18.41 10.83 13.16 39.27 31.59 23.91 11.68 7.06 9.49 5.37 2.47 2.75 3.44
4.9 10.15 7.83 15.37 26.76 12.89 17.42 7.35 19.14 23.43 12.46 15.09 17.58 18.3 14.23 15.01 3.63 11.47 12.65 9.58 19.24 9.05 17.63 11.95 6.73 4.92 8.94 5.42 7.82 11.98 31.61 28.42 9.33 5.6 4.65 5.87 7.14 11.64 11.86 10.06 22.99 11.7 7.5 4.64 7.37 6.59 8.12 7.74 15.84 11.22 4.85 9.25 4.88 12.43 19.51 19.46 32.0 9.09 6.75 7.02 2.92 2.37 5.25 1.64
7.74 9.07 9.65 17.37 16.6 8.97 10.47 10.8 12.36 15.96 21.48 13.93 10.82 12.92 19.67 24.67 11.8 10.83 5.3 5.89 12.14 15.4 12.27 20.14 8.41 13.58 8.47 1.7 3.88 5.36 16.5 8.92 10.19 8.5 5.62 11.12 10.81 4.26 9.13 9.57 5.61 10.32 7.1 11.67 7.12 5.4 6.5 9.36 5.17 10.18 5.62 5.38 16.61 20.2 29.33 25.81 10.62 9.74 6.04 2.2 2.96 8.41 5.47 4.5
8.18 3.6 6.07 14.26 8.27 6.03 5.65 9.3 17.89 15.81 27.86 14.88 7.15 6.16 10.34 22.2 22.21 8.29 7.56 10.19 16.23 16.37 17.22 20.44 18.07 25.0 9.83 3.87 3.86 6.87 8.59 12.25 10.79 6.44 5.09 9.9 7.72 4.25 6.06 4.68 10.42 8.65 5.96 8.8 3.85 5.91 5.91 10.96 8.37 6.53 6.62 5.03 6.49 18.93 23.36 25.26 14.34 6.23 6.23 4.22 4.9 10.37 9.5 2.61
6.35 8.15 7.05 17.08 15.23 10.47 8.12 8.08 25.59 22.28 21.52 15.27 9.54 7.91 21.53 52.03 35.93 15.57 6.27 18.65 15.88 16.61 15.73 18.71 9.92 7.88 5.55 4.42 2.94 3.98 6.42 3.66 2.97 4.28 3.18 6.02 5.95 5.22 3.84 4.34 5.14 6.23 12.91 10.01 9.43 7.22 15.25 12.45 12.63 15.15 9.39 9.04 6.93 19.95 20.61 16.14 13.24 7.42 7.15 5.9 6.81 8.73 7.39 5.42
5.94 3.79 9.0 15.78 15.17 7.82 8.28 10.09 11.43 12.05 23.34 17.14 8.62 8.57 11.42 22.16 32.89 7.93 7.89 22.48 24.69 9.67 19.33 14.94 9.15 8.73 5.05 7.13 4.35 3.55 3.75 3.64 5.95 10.96 6.11 6.92 14.02 8.07 9.91 3.34 6.03 3.3 7.57 7.27 8.24 7.14 12.36 8.54 6.94 13.55 9.63 7.31 5.01 5.29 11.56 7.06 7.95 8.83 7.96 5.82 9.33 6.85 4.46 7.55
4.32 4.72 11.59 10.34 19.68 9.79 5.46 7.84 8.01 10.84 12.68 12.09 8.91 7.25 9.72 18.11 22.31 13.08 12.62 17.77 26.99 13.15 9.09 5.32 8.32 10.21 8.74 13.81 3.7 3.33 3.53 3.46 7.54 9.59 9.1 9.83 6.73 9.35 6.93 5.29 4.29 0.95 2.96 3.25 6.25 7.58 15.21 15.82 32.01 20.15 8.33 5.79 2.95 3.58 11.55 8.84 9.7 12.98 5.04 10.9 8.36 6.0 5.3 13.22
6.6 8.23 12.2 10.6 8.43 4.31 3.92 3.88 9.67 9.5 5.71 6.16 7.62 8.55 22.36 11.35 15.24 20.73 13.97 15.24 32.57 22.58 17.01 8.1 4.27 8.65 8.64 12.57 18.79 4.64 4.61 5.86 4.32 5.93 7.92 6.6 16.16 18.25 11.97 9.43 2.25 1.23 1.88 2.53 7.25 7.27 11.45 16.76 10.7 18.91 13.74 5.22 6.6 6.94 13.71 7.84 8.4 6.55 4.66 5.03 7.08 5.96 7.69 5.07
8.32 4.43 7.39 4.25 6.11 5.74 4.54 6.94 5.88 9.44 3.49 10.09 5.67 20.12 25.98 28.06 17.19 19.32 30.28 16.79 36.25 35.37 13.95 7.13 6.43 13.17 11.47 15.48 13.01 9.0 2.81 3.36 4.3 4.96 8.55 12.58 6.46 11.37 8.93 3.67 1.69 1.25 1.54 5.36 7.87 20.96 13.78 21.78 18.11 13.14 11.88 11.29 9.45 15.73 17.37 23.73 11.99 16.68 4.31 5.45 11.13 22.7 12.05 6.76
5.23 5.31 7.83 5.85 8.73 6.32 7.93 7.57 7.69 9.99 5.43 4.93 13.68 8.0 17.8 33.16 21.12 32.18 22.11 13.95 25.95 28.59 14.25 11.15 13.01 25.52 15.76 8.9 8.35 4.22 2.63 3.21 5.36 8.19 14.51 15.17 12.37 12.47 5.27 2.84 2.42 1.68 1.49 4.53 8.07 11.37 16.57 15.06 21.42 30.84 27.02 7.97 8.82 14.56 8.97 25.66 26.39 22.14 9.02 9.1 10.36 13.2 12.13 9.3
5.16 3.63 3.55 4.08 5.61 6.9 7.23 8.84 12.97 19.43 7.33 7.48 7.3 10.13 14.39 15.59 10.86 22.25 15.49 22.82 30.7 19.4 16.72 24.38 16.83 34.62 30.94 27.78 6.41 7.64 4.84 1.73 4.33 10.87 12.41 33.41 21.98 10.42 2.76 4.01 2.52 2.47 1.35 6.42 15.34 12.73 9.36 6.96 21.5 28.57 32.44 16.18 22.27 19.36 10.47 10.56 12.64 34.61 14.68 16.06 19.6 28.98 22.35 20.2
4.69 2.16 3.89 4.31 11.33 7.93 10.63 7.03 7.72 11.69 11.52 6.84 13.64 8.21 15.39 7.92 7.26 9.79 22.84 53.59 47.52 11.07 20.34 27.71 12.61 42.01 22.71 20.84 13.16 5.29 3.37 3.77 5.99 17.3 35.75 23.13 30.64 15.98 7.08 3.12 5.17 3.66 3.13 4.04 10.71 12.01 7.08 8.67 6.21 13.83 16.55 19.59 25.62 8.03 10.93 5.92 22.31 12.86 11.54 12.83 11.42 21.94 32.11 21.53
1.68 2.97 3.6 2.94 5.01 6.17 5.07 8.57 6.23 12.22 14.05 3.77 5.42 17.63 17.56 18.57 22.26 23.08 25.14 24.3 19.31 9.27 18.54 30.71 40.82 29.23 20.28 7.65 10.99 6.75 3.96 6.73 6.83 13.38 19.78 13.14 15.09 13.06 4.3 8.31 8.57 2.83 7.29 4.93 12.53 7.87 4.62 2.93 7.29 8.54 18.02 16.53 18.25 10.76 9.87 11.41 17.28 34.13 12.02 11.6 10.72 12.66 20.87 23.09
3.89 3.09 2.05 5.6 3.67 2.74 6.34 7.49 12.94 12.84 11.95 3.41 4.0 6.64 10.88 4.37 19.9 24.22 40.11 36.35 9.21 7.83 10.06 8.26 17.07 5.65 5.18 4.9 8.36 5.15 8.25 5.88 10.18 9.62 11.68 10.75 16.84 24.97 8.42 11.0 14.28 6.13 8.17 5.16 9.26 6.97 4.36 3.42 5.81 9.28 19.28 22.72 15.69 3.33 6.08 4.99 5.01 11.01 9.58 14.73 18.22 14.46 17.58 16.37
1.94 3.14 2.22 1.91 6.58 9.89 7.21 5.59 5.13 5.62 5.26 10.2 5.21 5.88 9.35 4.16 7.36 17.13 31.79 33.72 14.43 9.76 10.84 14.66 16.66 4.12 8.18 6.72 5.0 7.34 4.25 8.63 8.69 8.98 13.17 9.94 9.47 20.66 9.59 5.14 7.83 6.8 6.89 3.42 7.35 9.86 2.22 2.31 3.15 5.18 10.14 16.57 12.36 9.71 20.48 9.45 8.43 9.31 10.64 23.08 34.15 10.87 19.69 23.16
7.06 5.81 3.68 8.24 8.38 12.6 12.24 4.77 4.05 4.66 2.36 6.55 6.39 4.63 8.41 4.93 10.05 9.28 8.36 10.32 6.71 10.46 8.84 10.75 9.24 7.72 6.06 5.81 8.59 14.06 9.21 8.52 5.96 10.48 6.82 10.78 11.09 34.9 11.87 14.54 6.96 8.58 4.18 6.72 8.58 7.06 4.0 3.55 7.33 7.37 9.58 7.52 8.52 10.77 7.31 12.1 7.51 5.67 8.82 12.09 16.05 12.4 19.35 18.66
6.64 5.12 2.48 5.73 7.93 18.96 18.73 15.13 9.42 6.54 4.91 5.51 7.49 5.7 7.33 14.05 10.55 19.85 14.3 16.02 14.57 10.04 5.66 5.32 3.05 7.89 12.12 14.21 13.17 14.56 8.13 3.62 5.45 5.31 3.35 9.93 8.19 12.18 26.06 26.95 18.15 11.41 2.99 3.84 2.38 2.91 2.26 7.34 11.73 14.79 3.19 4.16 5.23 6.26 10.46 8.69 5.4 10.81 9.39 8.2 14.67 10.57 24.43 15.63
7.94 5.26 8.12 5.1 8.81 6.23 10.52 16.43 17.05 12.35 9.41 5.84 6.76 6.77 2.15 14.69 16.55 16.19 15.61 5.51 5.5 5.15 2.81 4.25 6.02 4.93 16.97 14.78 16.95 6.08 4.05 6.38 5.0 8.38 5.98 4.89 5.91 13.19 16.0 25.09 12.87 8.97 8.92 2.92 2.71 2.38 5.39 11.16 4.88 10.42 7.62 2.75 7.51 7.29 6.49 13.13 6.53 17.54 9.78 6.78 14.74 14.0 13.73 17.61
7.2 7.65 6.98 12.69 2.97 5.15 7.12 11.11 16.8 8.92 18.05 11.56 4.47 5.56 4.96 13.64 23.23 11.53 6.16 4.01 5.77 7.35 5.22 9.99 15.1 11.12 13.18 14.34 10.16 4.25 3.2 3.6 5.65 6.1 8.08 6.82 14.22 8.1 14.68 10.77 12.06 4.74 3.73 4.35 2.55 5.02 3.67 9.37 7.73 5.28 6.47 5.01 14.52 11.28 16.55 9.72 8.56 11.51 7.51 5.7 8.05 15.91 16.7 7.62
10.08 4.21 6.96 6.69 7.1 5.2 5.21 9.24 12.55 5.77 12.48 19.78 8.35 15.66 6.73 8.35 5.41 4.76 5.82 3.87 6.48 9.84 16.73 7.99 18.98 12.28 17.99 23.82 18.65 7.71 4.88 5.17 3.52 3.7 6.54 5.88 9.7 6.92 10.23 14.53 11.41 5.48 5.36 2.7 3.99 4.68 6.53 17.14 9.62 4.49 4.9 4.42 15.41 11.7 22.36 17.68 9.93 11.3 10.26 8.22 12.79 11.86 13.86 4.37
10.24 18.08 6.87 10.5 13.68 4.59 6.53 12.02 9.45 4.6 13.93 13.56 11.51 13.96 23.2 9.28 5.84 5.62 4.26 4.19 5.73 6.8 13.03 26.47 26.57 10.12 12.63 7.36 7.11 6.9 3.86 4.67 4.49 5.22 10.86 9.78 8.11 6.43 4.69 6.11 8.91 5.76 4.93 3.71 5.29 8.86 10.84 8.12 3.76 3.99 7.59 4.19 8.41 16.82 32.65 14.72 14.65 15.2 12.73 8.35 4.66 7.4 11.45 6.24
10.54 6.15 6.4 10.82 7.78 5.28 4.51 8.87 9.21 7.26 12.09 10.21 18.8 14.67 28.47 7.09 6.62 5.33 6.33 4.15 6.13 6.49 15.44 11.64 21.03 21.07 9.66 6.77 8.6 6.81 6.98 5.15 4.94 10.4 22.58 7.99 5.81 4.96 2.58 5.83 3.87 8.48 2.83 4.35 4.5 6.27 9.3 7.45 3.98 3.67 4.16 4.04 9.88 4.62 18.63 19.14 25.39 38.35 18.04 11.09 7.36 7.86 9.05 4.49
3.73 3.24 3.78 8.21 5.0 11.98 8.34 14.29 7.81 5.05 3.99 7.73 18.64 17.59 15.54 12.79 5.3 7.78 9.9 9.62 13.52 13.68 2.79 3.84 5.32 11.27 7.43 4.76 12.49 12.7 5.46 5.66 6.38 14.12 25.56 10.07 5.43 2.93 2.81 5.3 2.92 4.26 3.38 2.21 5.26 15.42 11.66 9.64 2.9 8.29 5.31 10.3 5.45 11.94 15.22 7.51 10.16 27.14 29.54 24.52 29.89 12.95 9.75 12.7
5.45 1.15 2.89 6.64 2.87 3.94 6.22 6.42 4.79 4.16 3.12 9.54 11.84 15.5 12.06 16.46 7.45 10.83 8.07 15.46 17.56 9.4 4.75 6.76 5.53 13.65 7.93 11.99 14.68 20.99 14.78 11.75 13.62 18.31 15.05 11.01 6.37 3.16 4.36 4.07 2.92 2.58 2.77 2.1 4.85 13.02 11.21 9.19 1.83 4.14 9.54 7.32 7.52 15.6 6.44 7.94 8.63 27.56 29.23 11.78 18.61 10.46 10.28 11.08
9.68 4.74 6.54 8.29 3.85 5.61 3.82 5.44 2.59 2.57 5.32 12.57 10.34 13.1 15.66 20.89 17.54 8.61 5.79 10.8 6.47 6.27 3.86 4.08 6.06 9.28 7.24 9.32 7.1 16.31 28.12 10.58 24.18 19.91 18.41 5.01 1.36 1.82 3.3 3.23 3.64 5.47 2.58 3.08 5.15 9.32 13.19 21.13 15.77 7.53 9.01 9.6 9.22 8.17 6.26 10.67 8.45 7.08 9.82 11.67 8.9 13.09 10.32 13.97
10.74 6.46 5.85 9.33 7.26 5.24 4.82 3.84 4.5 5.32 6.74 6.91 8.26 6.42 8.82 8.7 8.88 8.53 6.56 2.93 4.24 3.88 4.69 3.95 6.2 7.12 5.31 8.38 10.95 19.05 44.27 11.76 17.37 9.86 11.37 4.92 2.88 4.36 10.45 4.48 7.4 4.18 2.37 4.89 6.24 5.6 11.61 18.81 19.34 8.12 5.42 16.47 8.06 10.96 3.86 4.77 5.34 4.94 8.85 10.48 12.27 4.75 5.18 4.63
9.82 4.54 8.12 9.56 10.37 5.3 3.93 4.46 2.78 3.56 5.69 11.51 9.89 7.32 5.8 8.44 6.7 6.4 2.47 1.62 4.72 4.03 9.08 11.72 8.11 6.75 5.35 5.52 13.06 17.08 39.73 15.97 12.59 8.22 6.46 5.09 2.67 5.19 6.75 6.34 5.22 3.0 5.41 6.21 9.02 5.59 13.71 10.84 18.54 6.39 7.0 15.96 15.67 11.03 9.5 6.02 4.48 7.84 13.28 28.42 12.38 5.58 7.61 5.16
9.04 8.12 13.61 8.51 9.38 9.26 2.95 4.64 4.46 4.12 5.37 4.82 9.08 7.49 3.94 5.08 6.06 3.38 2.64 1.98 4.41 13.65 12.47 18.68 10.27 4.67 5.79 8.79 8.95 30.23 17.45 18.09 9.71 5.49 10.49 6.17 2.81 10.15 12.86 11.36 11.12 6.59 6.73 5.74 2.84 2.83 3.4 5.69 7.2 7.1 4.79 7.95 15.93 11.68 6.54 6.79 4.86 4.74 6.97 15.83 18.99 10.86 8.41 8.36
3.89 9.94 7.57 6.54 6.38 3.59 6.02 4.42 6.9 7.11 4.99 5.12 5.78 4.61 6.17 6.13 6.84 6.49 3.32 3.75 14.7 17.24 8.45 12.76 8.06 6.84 9.91 9.75 28.25 33.41 16.45 8.08 2.2 2.34 5.12 4.72 8.51 22.0 8.42 12.79 9.67 4.15 6.27 4.7 5.83 3.41 3.42 2.46 5.69 5.29 4.17 5.68 13.77 9.33 4.25 3.87 2.4 6.19 14.25 23.89 29.86 13.32 5.77 6.26
11.09 17.57 13.01 17.38 11.23 4.25 3.77 2.53 7.41 6.26 11.56 6.0 6.83 4.86 3.3 3.61 4.9 4.95 11.89 19.97 11.55 15.77 8.46 7.26 4.1 3.84 7.07 11.23 18.1 29.69 8.67 8.0 3.06 1.82 4.52 8.89 13.48 23.73 9.89 6.82 8.27 4.22 5.67 4.76 4.37 6.69 1.46 6.52 6.91 4.32 6.01 7.2 8.85 5.38 2.74 3.85 3.25 3.45 21.83 15.34 16.48 21.57 5.46 7.05
8.38 8.86 7.45 16.86 11.63 3.21 3.65 2.48 7.79 20.54 6.35 17.02 8.84 4.06 2.66 3.22 4.51 9.08 11.04 16.48 23.35 9.47 9.13 3.35 5.89 7.22 7.49 11.17 12.68 20.97 23.41 9.4 7.02 5.22 6.01 9.41 13.7 11.87 9.87 4.66 11.08 4.82 6.92 5.36 4.67 10.09 6.67 11.17 12.88 6.64 7.12 17.12 6.75 7.08 5.84 8.42 3.25 2.59 12.17 11.41 18.98 16.11 6.22 4.62
8.4 12.73 13.92 19.12 15.03 5.2 3.79 4.11 7.4 10.12 14.04 7.35 3.37 4.45 2.71 5.18 6.91 19.92 11.5 27.97 18.89 6.46 4.32 4.49 4.95 7.67 7.35 20.38 17.08 13.26 37.43 13.16 18.08 13.9 4.45 13.15 18.29 13.54 11.32 3.61 6.11 4.69 2.09 1.8 8.51 8.31 13.18 36.04 15.79 12.18 6.25 8.8 10.3 8.98 8.27 11.25 3.84 9.61 12.38 13.14 11.18 4.63 4.28 6.04
12.03 13.79 16.79 7.74 8.71 5.16 3.12 5.13 11.81 12.5 10.75 10.95 4.49 4.68 4.35 6.54 13.87 12.94 20.26 22.45 27.45 8.7 5.24 5.2 7.13 8.79 13.75 30.93 17.7 10.68 14.71 12.09 16.66 10.61 9.91 13.3 7.78 8.03 11.88 6.57 10.23 5.84 3.18 0.96 2.04 3.98 6.63 16.91 17.52 11.26 10.63 9.38 22.3 12.38 14.57 17.82 6.06 6.97 10.61 10.62 8.9 4.87 3.23 7.33
18.12 14.56 17.91 5.68 5.95 4.61 2.48 6.64 10.02 11.96 11.48 6.13 3.86 4.18 6.13 7.55 18.36 11.62 16.14 26.17 27.37 13.07 8.81 4.5 2.41 5.56 5.51 20.97 24.64 11.74 6.3 7.82 9.16 7.11 6.95 14.6 7.95 12.02 8.99 6.18 11.97 5.53 3.59 3.39 2.75 6.14 11.84 11.95 12.3 12.11 21.34 13.29 30.57 20.24 15.56 9.78 4.98 5.57 4.65 8.48 10.23 5.11 5.59 9.52
5.55 8.2 5.92 3.82 9.34 9.45 10.21 7.07 6.78 6.4 6.17 5.99 7.02 8.82 11.92 10.38 8.43 11.35 13.82 22.83 23.41 28.09 16.63 6.25 4.73 5.38 6.93 14.8 5.54 8.23 3.41 3.63 6.91 14.57 24.17 29.3 14.84 18.39 5.6 10.9 8.49 3.34 5.66 6.15 9.62 12.79 10.26 5.28 9.79 6.8 7.41 8.55 20.51 16.49 20.27 20.21 3.79 4.67 4.01 7.51 7.89 5.13 6.47 8.43
7.18 11.36 3.24 3.69 8.4 9.38 10.18 7.56 8.3 7.86 4.43 10.2 8.7 8.06 7.74 6.5 7.44 8.69 19.54 23.28 9.81 10.63 8.34 6.07 10.7 9.04 7.27 9.17 6.38 6.12 2.77 5.92 12.1 31.05 48.72 37.05 8.34 18.12 9.69 8.47 6.64 8.98 5.15 7.24 8.42 12.82 15.08 14.14 15.98 14.24 16.12 6.62 4.42 9.45 20.25 10.67 13.19 8.52 6.22 13.16 7.97 13.35 8.07 13.44
9.81 9.01 8.12 9.09 7.01 7.56 12.06 8.0 8.06 9.46 7.15 29.89 12.18 3.5 4.29 4.15 3.96 12.86 21.19 15.47 19.63 7.23 6.62 5.85 13.29 13.33 6.19 11.83 8.3 7.62 11.42 10.15 22.65 51.04 66.47 22.03 26.16 11.72 20.47 13.5 7.0 5.07 4.09 5.16 5.66 6.67 5.36 8.85 6.46 12.45 13.02 4.12 4.26 4.89 8.92 5.12 7.72 12.84 11.86 15.05 21.07 26.88 8.51 5.0
