6.34 19.43 6.07 8.29 7.88 5.02 3.33 8.27 3.28 8.02 5.05 6.13 14.92 8.43 11.38 8.29 5.37 11.07 5.14 5.68 7.21 6.76 11.09 9.37 5.8 5.45 8.22 5.3 4.63 8.04 7.52 24.84 11.01 13.4 15.08 8.9 13.92 11.23 9.9 14.45 1.96 1.57 1.74 4.66 14.19 4.49 4.49 6.2 7.68 9.8 10.51 7.25 23.04 10.14 9.21 15.45 9.35 10.94 6.33 5.46 2.88 12.82 11.05 3.48
6.15 9.86 5.65 9.67 7.99 4.91 5.87 2.2 4.9 10.75 22.44 17.54 10.94 10.46 5.43 3.09 4.34 5.55 5.89 2.67 4.87 15.6 3.34 10.22 6.56 8.41 11.46 13.09 13.74 8.61 8.65 21.26 17.53 21.14 19.07 15.55 10.23 13.47 7.76 12.06 2.65 1.98 3.13 7.87 6.03 8.28 3.95 6.39 3.5 7.61 4.42 11.26 13.01 19.17 5.88 12.21 11.31 9.7 5.36 5.66 4.89 5.99 9.51 2.36
6.66 4.89 14.22 6.14 6.04 12.46 10.53 7.07 3.42 11.43 27.16 30.93 10.83 4.96 5.19 6.34 4.61 6.22 5.98 5.49 2.78 7.26 9.35 9.92 10.06 11.87 10.55 8.74 11.06 8.46 9.4 5.97 16.11 5.42 8.87 8.07 10.05 15.63 8.62 6.01 3.6 4.94 3.86 6.52 7.0 2.95 7.68 10.13 5.73 9.41 8.36 10.24 8.42 11.87 10.47 9.04 5.75 5.27 2.98 2.34 3.72 5.31 4.61 4.45
8.98 4.84 5.25 10.51 2.42 13.06 9.39 9.04 5.96 15.11 16.66 25.69 6.61 4.49 4.09 10.01 7.27 10.11 5.89 13.49 3.27 4.95 14.01 13.8 12.18 24.07 9.86 9.62 12.17 4.96 4.48 7.2 4.59 5.25 9.56 14.4 11.94 14.05 9.56 16.3 5.46 4.51 7.81 7.35 8.16 4.89 3.45 5.92 15.3 14.34 17.49 12.67 9.41 14.96 6.77 4.85 3.71 5.84 5.95 1.67 3.63 3.62 7.51 6.41
9.09 11.63 7.24 15.61 15.44 8.63 9.5 19.52 8.37 9.32 26.54 54.45 26.5 5.66 7.87 5.18 6.91 7.92 9.62 13.91 8.26 5.72 6.21 8.8 11.01 24.59 10.34 9.34 13.87 6.71 2.15 1.3 4.72 2.05 7.4 10.42 13.7 42.25 25.32 24.01 7.71 3.68 19.54 7.2 7.79 5.72 2.82 15.22 8.63 12.7 18.24 10.7 7.32 3.76 5.83 3.35 3.13 8.36 2.89 3.98 4.95 3.48 8.62 5.09
10.14 7.62 10.54 24.53 23.02 20.72 12.91 7.44 9.43 19.41 31.99 53.66 32.28 8.57 17.08 10.24 10.1 13.8 8.75 11.97 4.6 9.94 7.63 14.5 14.93 9.05 11.52 12.35 11.9 5.98 5.5 1.84 2.37 3.42 8.63 9.52 14.73 56.18 48.99 26.99 5.71 6.16 5.91 5.61 6.0 4.48 4.51 5.48 11.76 7.21 12.68 5.94 9.35 3.43 4.41 5.21 2.57 5.58 4.46 3.43 5.16 3.17 3.48 11.69
19.47 12.23 6.69 17.42 35.35 25.81 37.04 5.29 14.94 11.87 27.1 19.44 12.05 12.49 13.64 16.75 9.66 8.04 11.62 11.13 5.69 3.6 7.62 5.8 7.02 6.14 9.5 11.72 7.72 6.46 7.03 4.89 4.26 6.2 9.28 10.76 10.17 24.05 37.03 20.71 3.21 2.08 2.69 3.44 5.77 2.96 5.29 10.12 4.99 6.6 6.1 2.45 9.98 4.22 2.84 6.21 2.7 5.81 6.11 6.41 4.39 9.35 3.61 11.79
17.37 9.77 9.0 17.83 46.01 20.53 6.87 6.01 13.3 8.9 14.9 11.41 16.97 7.84 14.06 19.32 9.9 13.86 8.85 10.25 12.56 3.59 12.56 4.96 2.89 4.78 5.52 10.85 13.93 10.08 11.54 3.06 3.72 6.22 7.06 6.24 11.7 10.93 25.11 11.13 7.39 2.01 3.49 4.81 3.86 7.35 5.28 6.46 14.52 2.81 6.32 4.2 10.5 12.9 3.38 4.78 6.51 1.88 5.52 7.56 6.08 5.62 4.09 15.63
7.41 9.23 11.41 22.86 22.01 11.59 4.82 4.1 4.78 6.6 11.06 11.31 16.22 18.48 19.58 32.41 10.15 9.12 8.63 11.78 6.63 13.94 14.56 9.33 5.81 5.19 10.0 12.24 13.17 5.9 4.87 3.42 3.57 6.27 2.78 5.66 8.31 10.19 19.98 9.01 10.18 6.94 5.23 11.24 3.64 6.17 8.79 8.49 8.84 6.77 7.33 6.86 13.58 14.96 7.83 4.4 18.67 7.14 6.1 9.74 14.12 9.05 9.73 14.18
13.89 6.41 5.03 16.38 7.2 6.32 6.07 4.83 2.91 3.95 6.42 9.37 24.94 14.64 16.33 24.47 21.6 22.3 13.19 22.83 15.39 9.26 31.81 5.23 4.65 12.15 14.79 16.49 10.98 4.95 5.55 3.06 5.75 4.0 7.6 10.85 8.52 10.61 14.96 19.76 9.27 10.45 9.02 9.06 6.84 4.5 7.04 13.34 7.21 6.64 4.31 2.31 8.88 13.93 11.74 8.89 15.55 15.74 8.96 11.71 17.43 18.13 20.07 14.93
13.14 13.17 9.0 21.21 18.66 8.38 10.94 4.25 5.06 4.8 5.07 10.39 12.86 13.71 18.38 29.26 23.46 14.46 21.13 22.18 15.08 6.56 11.6 7.4 3.74 9.41 15.3 14.03 14.65 6.51 4.13 9.38 11.92 5.58 3.66 5.13 8.05 13.3 11.64 21.02 6.08 6.18 7.07 6.09 4.41 3.94 10.67 12.55 6.29 6.77 3.73 3.24 10.24 6.87 7.26 20.91 23.53 20.69 8.58 16.07 14.54 22.11 12.53 8.04
7.45 7.38 13.51 11.35 8.28 21.01 16.68 7.5 7.01 4.02 8.66 12.55 12.81 12.14 35.07 35.34 14.99 12.81 33.31 26.07 16.7 7.52 6.27 10.5 8.93 9.58 17.81 14.49 14.46 6.48 3.5 11.27 15.73 12.88 8.92 5.01 8.19 7.98 13.12 21.08 11.87 9.39 4.19 4.5 1.76 2.91 6.52 13.93 13.78 6.01 3.87 10.36 8.54 8.9 7.27 13.44 13.44 20.88 12.63 17.39 15.56 24.91 10.73 4.93
8.24 6.04 11.73 12.26 12.78 13.63 12.0 11.59 14.03 8.16 9.06 8.68 6.27 12.1 11.07 21.41 13.15 13.0 20.24 10.63 5.44 17.36 8.69 5.25 4.79 13.1 8.7 20.33 12.06 4.84 5.33 6.47 19.15 11.46 8.27 12.51 10.31 9.48 5.64 7.45 13.04 17.13 4.31 3.68 5.79 8.2 11.85 8.28 6.79 6.93 6.13 6.7 9.24 7.16 11.16 14.12 9.83 12.69 17.3 10.85 16.8 15.98 11.19 4.49
4.31 5.52 16.48 8.61 13.83 18.9 14.26 10.67 4.17 14.7 15.9 22.68 10.48 15.41 15.61 11.49 19.46 25.5 20.13 14.05 9.05 10.24 5.89 4.35 3.2 12.12 5.33 8.31 15.07 13.91 14.15 8.1 15.09 13.43 6.95 10.88 8.01 16.25 10.19 17.74 6.14 16.33 4.77 6.3 8.2 18.91 13.33 11.54 5.67 2.52 3.46 4.01 5.89 8.17 8.48 10.75 10.18 12.74 10.36 11.88 31.6 16.94 10.28 3.56
4.27 5.71 3.09 13.11 6.49 20.05 12.9 5.83 2.31 9.72 13.65 14.73 9.71 10.59 13.23 7.26 4.12 8.42 7.8 9.74 8.42 12.93 6.72 2.64 1.67 5.26 8.46 16.53 7.09 6.74 11.52 7.79 9.83 9.94 12.75 7.76 6.84 14.43 8.33 17.84 10.73 9.25 5.79 5.7 9.71 14.58 19.73 5.07 3.35 3.32 5.87 3.61 6.54 4.05 6.08 7.69 6.59 22.74 12.81 11.79 24.78 24.97 14.74 5.17
4.63 4.44 4.82 15.42 21.04 12.32 17.2 4.57 8.5 21.33 16.51 11.5 10.82 4.16 8.3 2.5 5.0 4.89 4.03 17.67 10.73 5.01 4.34 1.92 1.95 1.69 4.15 11.95 7.11 4.34 4.04 8.84 14.38 8.39 14.45 7.98 23.78 22.96 9.61 14.52 5.07 6.14 2.96 3.22 6.01 7.29 13.61 4.68 1.71 2.23 4.54 4.59 4.51 3.85 5.82 3.74 7.02 10.6 5.7 12.09 22.06 22.28 10.53 7.06
6.06 6.13 6.15 24.21 25.77 16.03 7.75 8.07 8.15 11.37 23.35 12.14 6.74 3.73 2.21 5.32 4.55 3.8 2.34 12.01 16.74 6.8 3.49 1.99 0.68 1.35 2.6 3.42 16.3 3.75 9.05 6.19 21.66 10.68 5.34 13.28 21.31 13.68 12.93 14.5 10.8 2.52 2.46 3.01 4.31 8.27 23.88 6.2 2.06 1.81 10.69 6.29 6.04 6.36 4.41 5.54 6.65 7.28 6.4 8.13 13.67 11.54 4.25 13.45
7.24 3.98 9.59 10.64 16.95 16.49 10.68 10.3 15.5 13.47 11.62 9.76 8.75 7.83 3.66 7.35 5.15 5.8 4.77 9.05 14.12 7.4 4.09 2.03 1.15 0.8 2.74 5.76 6.1 7.21 9.45 9.65 17.78 20.75 11.86 14.54 11.11 15.08 12.33 8.39 6.52 4.16 5.71 1.58 2.49 6.1 10.78 3.74 1.74 3.38 13.53 15.79 7.4 6.45 4.03 5.43 9.67 7.58 10.14 13.08 15.73 4.85 5.33 9.99
4.51 3.56 5.98 11.29 10.66 9.04 8.61 9.99 8.15 12.27 12.02 5.86 7.37 3.51 3.04 6.67 4.4 7.4 7.99 8.41 10.19 7.77 10.24 2.1 1.17 1.22 1.46 6.28 5.91 2.85 6.96 6.71 25.28 16.39 34.82 34.45 8.06 6.5 14.45 8.44 13.63 6.42 4.35 2.47 1.62 3.77 7.1 5.46 2.65 5.54 19.93 26.65 13.76 9.94 4.53 4.05 6.65 5.37 7.16 7.51 10.16 8.89 5.7 16.07
3.56 5.68 15.34 14.16 7.87 14.64 9.33 6.52 10.38 7.33 6.19 7.47 5.68 3.27 9.65 8.63 5.65 6.09 8.81 26.95 4.7 6.21 13.08 5.08 0.77 0.99 4.49 3.41 5.57 2.14 4.36 8.18 13.93 38.61 23.29 18.87 15.21 11.3 15.19 9.62 6.3 4.8 2.31 0.76 1.1 2.03 4.58 7.41 5.32 8.26 25.13 29.52 9.58 3.96 13.53 3.39 5.08 5.61 5.57 9.94 6.85 5.92 10.24 12.18
4.0 3.32 4.36 5.72 8.26 9.17 6.69 9.19 10.43 3.41 8.45 3.99 5.53 3.52 8.44 5.95 9.34 6.57 13.14 10.51 10.66 10.52 19.82 3.46 2.19 2.5 4.75 3.45 7.48 3.33 5.85 6.23 11.24 15.99 29.14 15.43 16.62 15.75 24.23 16.26 6.95 6.6 3.39 1.11 1.35 1.49 6.8 4.38 7.12 18.66 23.7 15.48 9.41 3.41 6.73 2.84 4.95 12.71 9.33 18.28 7.78 11.49 9.48 17.38
7.86 6.18 3.86 7.68 8.01 9.08 4.4 8.07 19.36 8.06 9.55 6.28 3.97 6.11 7.91 5.48 7.61 8.32 30.54 14.64 7.42 17.95 5.8 2.67 1.71 4.56 4.17 7.81 6.72 2.54 8.13 10.83 7.9 7.66 7.9 13.22 19.77 14.63 24.82 18.34 6.53 5.25 1.28 1.75 2.44 1.06 3.2 2.76 5.05 6.28 22.65 17.15 9.6 5.86 5.99 7.51 8.98 17.49 15.36 9.68 7.7 8.41 11.62 14.33
9.32 4.93 4.59 6.28 6.53 6.95 9.19 6.56 7.3 6.42 16.76 4.72 9.33 11.22 8.13 6.67 7.79 18.78 21.66 17.95 11.35 8.65 5.64 2.58 1.99 5.14 5.04 9.24 5.27 8.32 17.01 20.89 12.25 4.06 9.2 17.22 9.77 20.78 12.91 20.8 9.91 7.35 0.74 1.98 3.7 2.55 2.48 5.18 2.51 8.59 17.79 20.67 17.23 11.61 4.86 8.43 10.18 27.51 13.46 10.41 14.5 26.03 13.86 16.7
7.23 5.26 3.96 4.98 4.57 3.31 7.91 5.23 7.19 5.67 4.03 8.6 8.9 6.69 5.72 4.59 4.27 13.05 7.1 10.34 11.43 7.28 5.66 2.26 4.44 2.99 7.3 13.03 9.47 16.43 21.67 15.45 11.96 5.58 4.78 10.12 12.82 11.32 3.95 12.8 9.87 2.19 0.92 3.88 4.24 8.46 3.18 4.82 7.17 9.41 18.83 10.18 10.76 9.79 6.09 12.45 18.68 32.23 25.18 10.22 17.37 26.28 21.04 20.82
6.16 7.26 3.15 4.49 6.35 6.56 8.95 15.4 6.75 7.19 6.01 12.28 4.34 4.66 1.73 2.91 3.82 4.95 12.24 9.84 7.5 7.3 4.61 4.78 7.75 9.84 4.15 16.17 20.31 21.82 26.01 15.63 7.77 5.58 3.33 9.86 7.19 11.77 7.49 18.12 9.52 3.84 2.06 6.32 5.86 9.56 8.17 6.54 4.81 12.6 7.36 8.79 13.31 6.33 7.77 12.5 28.1 15.52 9.24 22.9 11.75 9.91 6.26 8.51
4.99 5.16 4.52 6.93 7.93 10.59 8.01 10.96 9.4 6.99 7.12 4.55 4.97 5.05 5.82 3.34 5.78 7.05 7.62 5.66 3.76 7.01 9.77 5.81 8.74 8.04 9.26 7.44 12.28 14.46 18.11 7.66 5.02 4.13 3.89 2.58 7.22 5.92 11.09 16.98 4.39 8.78 4.39 3.51 9.02 7.6 8.26 4.5 8.14 11.51 8.2 10.08 8.28 7.04 15.1 10.58 19.49 23.48 5.24 8.7 2.53 8.77 8.99 8.7
7.08 8.82 3.98 8.4 8.61 11.5 12.8 14.23 12.07 8.22 7.91 4.69 2.68 5.46 2.11 12.03 4.49 7.9 6.14 4.89 2.11 2.22 3.29 18.04 8.17 11.64 13.16 5.25 5.04 13.03 20.1 10.69 4.59 3.53 4.89 4.68 2.51 3.49 8.01 4.65 3.5 5.15 3.34 7.25 5.79 10.83 8.44 3.19 5.78 7.72 5.87 5.23 5.45 4.55 12.03 16.88 6.75 11.35 7.25 6.06 4.65 4.24 9.06 10.38
7.13 2.96 8.07 6.02 11.85 13.11 6.7 9.04 8.83 6.21 7.28 7.77 8.64 3.12 3.03 3.52 2.03 3.38 6.07 6.35 2.54 2.43 3.69 6.32 3.57 5.18 7.21 3.77 3.4 3.07 7.18 7.01 6.12 5.9 6.04 6.77 0.89 1.75 2.65 5.44 4.07 4.23 3.05 6.92 4.95 9.68 7.61 3.23 3.83 6.2 4.69 6.66 2.7 6.08 12.91 13.63 5.95 12.25 5.85 8.42 4.68 3.07 3.99 10.43
7.78 4.84 6.24 9.42 9.3 11.19 5.89 6.08 5.24 5.08 4.66 5.16 4.0 2.78 5.57 1.64 1.62 2.49 3.7 8.5 3.94 5.7 11.22 7.33 13.97 7.4 4.06 3.33 6.54 5.76 5.22 4.15 6.72 4.84 7.12 4.65 1.47 1.21 2.48 2.65 4.39 5.29 7.12 4.49 14.04 5.98 3.48 4.03 8.71 11.13 9.35 6.53 4.52 6.13 17.08 8.78 3.87 6.44 8.47 5.67 10.81 3.65 5.2 4.67
6.14 3.94 5.53 10.66 5.32 6.8 5.05 3.57 8.07 6.12 9.54 6.69 4.13 3.62 3.04 1.6 2.41 4.11 3.5 2.88 3.53 4.31 8.44 14.12 6.97 14.23 5.11 10.01 4.63 2.98 6.51 4.44 5.9 4.92 5.73 3.86 1.93 1.29 2.87 9.14 4.3 8.45 6.45 5.73 24.25 14.54 6.09 7.21 11.09 5.47 7.06 8.28 8.52 10.89 19.26 3.91 5.54 2.86 5.59 9.55 14.91 10.59 4.31 2.12
4.25 4.99 9.72 12.62 5.72 8.34 11.47 6.33 5.87 12.54 14.07 7.49 4.17 7.25 5.72 2.24 3.45 3.17 10.96 6.45 4.04 12.86 6.44 8.08 15.3 8.48 17.26 10.76 12.4 2.79 3.4 4.44 3.56 2.31 3.76 2.08 3.6 2.29 5.74 13.19 8.09 9.46 5.97 8.92 33.42 10.24 31.67 8.16 11.72 9.3 10.36 5.31 10.91 8.29 11.76 3.66 4.8 2.97 4.89 15.63 16.62 6.57 1.74 1.76
2.96 4.3 9.38 15.25 4.79 15.02 15.3 13.27 10.07 3.98 12.14 11.86 5.69 4.55 3.09 4.51 5.2 2.26 4.93 6.62 4.12 15.73 10.66 6.78 4.08 9.44 8.2 7.87 10.24 4.14 2.39 6.26 4.71 3.75 7.22 7.71 3.92 2.76 4.23 12.68 14.45 6.83 2.6 4.6 13.03 7.26 10.43 10.79 13.11 10.5 14.58 9.92 13.81 12.83 8.04 2.26 4.77 11.29 11.64 30.96 16.68 7.39 5.95 5.26
5.08 3.68 8.51 15.4 10.54 5.82 15.52 9.42 9.41 4.53 4.83 7.57 7.41 5.71 4.45 3.86 8.12 5.18 4.69 8.15 7.47 11.4 8.72 6.74 5.75 6.1 9.85 13.3 9.93 2.35 2.72 3.94 15.02 4.42 10.43 12.73 4.26 4.34 3.62 17.32 12.53 6.77 4.77 4.65 6.04 8.19 8.27 12.49 7.83 7.25 7.54 9.77 13.85 12.99 5.86 9.52 3.01 14.19 14.62 40.24 21.88 8.6 11.15 9.42
5.59 3.87 7.47 3.84 15.62 5.31 6.87 5.83 2.65 2.94 4.2 11.72 9.17 5.75 2.56 4.74 15.32 9.34 3.16 8.13 9.43 13.9 9.56 3.91 8.65 4.85 6.23 7.1 13.82 8.71 3.63 2.01 8.09 5.19 6.03 7.6 7.32 8.98 5.51 12.75 11.03 9.19 7.84 6.38 5.92 4.82 13.01 18.88 5.97 4.26 11.99 13.65 30.08 16.71 11.75 10.31 15.5 13.29 23.3 37.96 14.35 6.73 10.49 5.08
4.2 9.23 2.65 4.23 10.16 12.53 4.4 5.1 3.06 5.25 3.16 4.88 12.27 8.26 5.42 9.67 20.9 19.89 8.23 14.77 8.46 23.33 15.91 4.85 13.49 3.46 8.54 7.78 2.88 5.26 3.19 4.96 6.03 6.24 6.12 12.33 8.16 7.36 9.92 12.44 14.28 17.06 5.76 7.3 6.64 9.37 13.86 13.35 11.33 15.87 10.3 8.62 14.03 10.77 6.9 5.64 5.45 8.16 13.48 22.83 10.31 9.26 6.09 5.96
6.46 7.06 2.34 5.38 4.1 9.67 4.2 5.53 5.93 4.19 4.7 4.88 4.43 2.89 3.51 12.38 17.79 25.37 15.31 15.73 7.26 9.48 4.53 5.48 5.41 4.87 3.36 4.08 1.84 3.08 6.47 5.03 6.56 9.39 9.83 21.2 5.86 4.88 6.62 9.28 14.75 15.29 11.11 9.73 10.85 11.33 25.48 24.15 23.32 23.37 9.19 16.61 19.1 6.92 10.83 2.69 4.41 5.44 10.28 15.26 6.84 11.93 5.71 4.55
6.95 7.36 6.65 12.33 6.74 7.05 9.33 5.76 7.06 6.19 8.67 6.51 11.23 2.58 6.65 13.08 22.0 23.14 10.31 12.85 7.24 7.25 2.35 4.55 7.95 3.56 4.41 3.93 3.52 1.86 6.04 4.26 1.83 7.72 10.3 13.1 6.55 8.91 5.8 6.18 9.59 11.34 9.45 17.61 9.05 16.97 12.79 5.8 12.06 19.24 6.27 12.05 10.86 12.36 6.87 6.08 2.88 4.82 7.64 7.92 4.86 8.8 8.74 10.9
14.28 7.8 6.65 5.76 5.32 14.88 11.33 7.84 4.48 4.77 11.6 12.66 16.23 8.08 7.91 10.97 7.98 20.23 11.98 11.42 8.71 2.92 11.12 5.16 7.29 10.52 6.71 8.61 3.7 3.92 7.44 6.69 5.55 4.48 21.34 20.11 10.93 16.24 6.52 10.34 10.62 8.08 17.25 8.82 9.04 14.39 9.47 13.7 8.61 17.22 16.91 10.61 12.69 13.96 10.29 5.04 4.69 10.97 4.07 7.01 8.2 6.72 8.62 8.1
19.49 13.23 10.86 6.57 11.33 9.0 16.99 7.86 3.97 11.17 12.19 17.42 28.9 9.0 7.13 7.33 16.71 9.15 14.98 15.19 8.62 4.41 6.04 11.63 11.02 9.57 22.14 6.71 2.74 5.06 7.29 6.96 10.57 7.63 28.7 14.92 6.14 6.41 7.99 11.4 3.78 5.51 5.84 9.64 11.06 13.21 9.28 11.56 16.13 6.83 6.06 7.22 16.43 6.39 10.46 5.34 3.77 7.47 6.77 4.64 6.62 4.6 9.17 8.25
16.02 9.95 8.15 5.82 6.35 17.97 13.47 8.89 4.3 6.06 10.23 13.8 10.86 18.0 15.08 10.76 14.01 8.49 9.9 20.52 11.33 6.84 7.87 24.21 27.21 14.04 24.17 10.24 9.44 15.05 10.31 5.62 11.32 6.45 4.79 10.9 7.12 7.95 6.32 4.6 3.6 4.12 9.45 6.29 8.34 9.96 9.88 17.55 11.9 6.11 9.08 4.78 18.79 10.16 9.23 8.12 3.09 3.95 3.14 3.34 3.68 2.04 3.55 4.39
9.82 4.34 6.64 7.93 10.23 13.69 9.11 10.95 8.41 5.57 5.39 6.69 7.0 14.34 4.58 5.85 5.05 4.95 7.51 11.58 9.77 9.25 13.55 25.04 17.48 45.5 29.98 18.46 11.82 11.74 5.35 2.69 6.32 5.91 4.09 4.14 9.58 7.84 6.44 5.52 4.03 3.47 1.2 5.58 4.63 4.44 8.8 9.38 22.8 3.31 4.43 9.51 11.66 24.34 12.8 5.15 7.05 3.09 3.65 2.04 0.94 2.38 4.52 9.39
6.04 4.75 15.78 5.33 12.45 6.69 14.54 11.69 17.5 5.36 6.89 4.54 7.99 6.06 3.64 2.58 3.76 4.59 4.61 10.46 17.82 9.78 12.95 13.97 26.1 41.18 36.21 16.82 21.26 8.48 8.62 1.77 7.81 6.65 7.75 7.14 13.54 8.39 7.93 6.19 4.14 4.02 2.71 2.73 2.94 4.66 5.37 8.36 39.49 5.12 10.12 13.89 9.35 14.12 11.09 10.85 8.24 5.78 2.27 2.71 0.94 2.07 4.3 8.27
12.21 11.04 23.95 13.19 8.04 5.23 7.33 13.3 7.79 11.08 19.41 4.25 6.11 8.46 2.45 3.24 2.4 4.35 6.88 12.63 13.06 15.84 17.27 15.75 33.16 27.04 31.16 21.99 25.97 9.86 7.84 2.3 5.83 14.82 11.25 6.05 4.24 5.36 11.93 4.95 5.75 3.67 3.37 5.15 4.07 5.65 9.69 9.26 23.3 5.84 8.87 15.09 27.01 14.48 5.92 9.76 8.27 10.76 4.14 2.72 1.72 3.91 4.54 5.78
21.54 9.07 9.85 8.82 9.37 5.34 8.33 5.34 13.01 12.69 15.68 13.25 7.38 9.77 10.46 2.42 3.59 4.68 11.99 43.81 11.82 8.34 15.07 15.05 19.18 18.89 63.99 66.22 18.45 8.85 4.74 6.17 10.36 7.1 17.61 6.81 3.34 4.89 6.61 14.96 9.16 10.95 5.61 5.93 14.11 6.03 14.4 20.6 12.68 9.51 6.61 9.48 13.78 22.35 12.86 6.01 5.03 4.86 4.5 4.23 3.47 3.34 5.19 2.99
22.11 13.29 8.11 17.01 5.21 5.58 9.36 10.24 6.4 22.56 14.67 14.33 10.26 6.41 5.09 4.02 9.13 5.06 16.01 26.65 14.1 14.19 8.53 18.8 7.54 9.53 21.81 35.61 32.18 8.01 4.88 6.37 3.95 2.18 5.66 8.75 1.34 4.2 5.43 10.81 17.79 21.02 15.27 12.19 9.5 7.24 18.95 24.99 14.91 9.92 6.91 12.31 15.05 10.79 18.82 5.93 4.68 4.5 4.92 3.1 3.59 2.79 2.78 5.04
13.18 11.17 3.97 7.34 3.83 9.33 11.12 17.57 8.16 14.55 20.86 7.49 12.88 9.8 9.17 6.9 7.29 7.39 7.27 12.29 9.47 20.84 6.08 10.34 17.3 22.66 26.63 26.6 13.98 20.87 9.09 11.88 3.14 3.85 3.18 9.2 2.07 3.04 5.28 17.14 16.9 38.65 12.41 14.88 9.2 7.76 13.04 12.89 23.08 11.9 9.95 17.83 8.97 18.91 14.34 6.4 5.98 3.19 2.63 5.3 2.84 6.49 2.21 5.79
4.79 5.09 3.45 2.7 3.67 9.8 21.72 14.45 7.32 12.76 15.43 3.54 12.77 7.1 6.88 4.06 5.34 2.53 4.86 7.78 8.9 10.23 9.48 11.21 17.8 15.22 22.34 21.67 22.67 11.24 22.94 8.67 3.58 5.37 7.93 9.54 3.95 2.38 6.14 6.7 27.06 33.85 19.52 23.78 16.9 6.39 11.01 15.32 11.44 8.93 11.3 13.81 9.63 19.01 13.34 8.08 7.1 7.1 2.93 3.45 5.41 10.11 7.1 5.14
4.77 2.21 3.71 4.51 3.57 14.13 9.45 16.76 8.83 14.72 8.37 4.38 8.81 8.33 9.85 6.69 1.63 4.09 2.7 9.82 8.43 19.73 11.66 14.55 6.47 12.64 17.43 16.21 46.31 19.62 22.25 12.37 8.08 7.15 8.24 9.71 4.32 6.35 4.79 17.89 9.46 10.9 13.67 13.83 22.21 8.62 5.44 13.72 7.4 7.44 11.51 12.15 9.58 10.49 16.6 9.71 15.07 10.81 2.43 2.32 5.87 8.58 8.13 2.35
8.53 4.29 3.63 2.22 4.38 4.34 9.67 9.05 5.19 5.18 3.47 5.17 6.22 5.74 5.72 7.19 2.95 2.27 3.11 13.59 14.72 30.94 16.56 9.48 21.53 4.29 12.87 13.57 36.37 40.27 8.0 13.43 12.32 7.25 12.6 3.54 3.24 10.18 3.46 30.57 15.57 13.45 9.38 10.34 5.1 5.55 5.52 14.12 13.95 10.53 5.17 10.53 9.38 6.04 13.81 35.18 13.22 9.02 3.16 5.28 6.78 10.4 13.51 6.99
10.69 3.73 2.18 2.52 3.5 4.6 5.38 10.34 13.76 6.73 6.39 7.81 1.85 6.55 5.25 4.57 3.46 3.58 3.46 10.85 17.67 25.81 13.69 15.44 24.12 6.89 8.77 40.05 22.18 22.96 13.06 13.5 14.31 6.4 10.89 7.75 4.25 5.94 5.8 14.9 20.15 9.81 6.63 17.33 5.98 3.22 3.81 5.89 15.23 5.39 7.89 6.8 3.86 5.84 14.26 27.14 31.09 12.74 8.58 11.53 5.18 7.05 13.37 5.95
13.2 5.57 2.14 1.01 4.22 8.28 11.19 7.97 12.85 10.33 5.65 3.17 4.55 3.87 6.63 3.69 2.41 9.47 6.85 21.85 29.35 13.94 9.08 9.51 10.75 5.77 11.04 46.52 25.13 21.71 17.72 6.77 6.62 7.63 5.12 9.98 4.21 5.93 6.32 6.1 19.77 15.99 9.74 28.07 5.89 3.08 1.57 8.25 7.62 3.39 2.85 6.7 7.91 5.09 9.82 36.1 38.78 26.84 18.52 17.53 12.3 11.32 3.64 8.29
7.79 12.76 5.92 3.46 5.13 8.12 13.69 14.07 6.45 7.01 11.33 3.62 7.7 6.42 6.6 9.76 3.83 7.62 8.67 11.48 39.02 9.64 12.06 14.07 9.73 6.95 12.92 28.99 53.98 16.99 24.91 7.88 15.76 8.41 9.21 6.96 7.45 1.91 7.86 4.34 17.88 12.01 9.42 8.34 4.46 3.52 2.91 3.04 10.59 2.73 7.46 2.51 6.0 4.17 5.87 15.79 28.86 12.5 20.29 21.71 13.7 14.75 4.44 10.06
11.87 9.37 4.92 2.27 5.83 7.7 5.21 12.51 3.94 8.3 17.6 5.21 6.54 8.71 8.28 7.56 3.87 9.1 11.87 11.15 8.46 5.64 15.21 25.03 7.33 4.03 6.86 14.55 11.89 9.92 15.92 10.04 14.54 8.99 7.41 9.59 8.21 15.77 5.46 7.69 16.41 26.44 17.29 5.5 5.74 4.7 5.72 3.4 6.9 2.68 4.56 2.52 2.68 3.18 8.32 14.41 8.2 12.14 26.33 41.22 25.35 18.35 20.92 5.6
11.43 4.53 5.15 3.97 3.29 11.94 5.26 7.14 7.26 6.74 16.2 7.13 7.02 12.7 6.45 3.78 11.13 8.87 9.9 12.35 13.01 14.48 15.28 13.47 9.25 4.63 6.7 3.81 10.39 8.3 10.83 17.01 5.85 11.24 8.74 6.2 9.51 9.34 14.68 7.43 7.03 16.79 8.84 6.27 7.35 4.87 4.02 2.43 2.76 1.84 1.57 3.5 3.05 6.14 6.21 6.75 12.42 21.32 14.77 29.68 18.75 11.75 9.86 5.04
6.67 6.7 3.42 8.2 5.38 6.55 10.79 5.69 4.91 2.91 5.03 8.08 14.98 7.51 4.84 5.16 7.34 7.9 21.63 21.68 13.45 14.13 12.97 9.27 2.8 3.02 9.19 4.04 9.02 13.46 16.53 45.94 19.01 9.05 5.2 7.15 19.61 16.52 11.08 10.17 7.8 14.46 7.47 4.32 3.16 4.85 6.42 1.84 3.65 2.61 2.89 2.69 2.61 4.6 15.06 9.13 16.81 23.17 42.25 17.02 22.89 26.88 8.54 5.54
13.15 7.59 7.08 3.59 5.77 5.72 5.88 12.94 4.67 2.87 4.36 7.11 15.86 8.49 4.75 9.5 9.55 7.75 21.18 16.59 21.12 15.91 11.01 13.13 1.99 2.96 3.35 2.0 9.17 11.19 34.13 41.38 17.56 5.94 5.91 8.7 3.53 8.67 10.52 8.01 5.11 8.64 7.33 5.78 3.1 4.38 6.18 2.65 7.41 3.71 3.55 5.71 3.51 5.7 5.22 6.68 14.79 14.8 26.52 31.39 10.74 15.53 8.09 8.46
6.75 7.01 6.14 5.3 3.89 5.48 3.73 7.05 6.58 2.21 2.94 8.2 19.7 7.28 3.53 5.55 4.88 10.4 13.93 20.31 27.91 27.38 7.23 9.8 5.01 3.4 3.04 2.09 4.52 9.64 15.75 31.59 26.29 4.05 8.6 10.38 9.74 8.78 20.09 10.99 6.04 7.28 7.73 8.69 5.33 1.73 4.49 4.03 19.37 5.27 7.44 17.53 8.46 5.18 9.23 9.73 13.5 16.87 16.93 18.62 24.35 12.27 6.35 7.5
2.89 4.2 4.92 4.9 6.85 5.38 6.13 2.62 5.74 5.19 6.61 10.91 6.68 10.85 4.02 4.45 4.86 7.0 19.42 69.87 13.49 18.67 9.72 8.05 3.93 2.21 1.75 2.6 3.97 4.73 7.76 15.04 20.37 10.49 18.22 10.42 15.81 15.04 12.74 12.47 3.36 10.97 10.26 9.96 5.93 3.35 2.47 12.08 9.94 6.09 9.88 10.43 10.09 4.3 4.52 18.31 12.0 16.64 9.91 12.5 17.42 11.37 9.49 8.15
2.92 7.76 5.31 4.7 8.13 6.49 5.59 4.14 6.54 8.94 8.92 6.25 5.12 11.83 5.9 5.51 9.07 10.68 20.18 36.76 12.07 33.17 8.93 6.83 5.98 2.97 6.22 3.21 3.78 5.24 14.97 23.25 17.88 13.36 15.2 10.11 8.75 17.94 8.94 32.78 4.56 12.89 11.57 13.96 18.64 11.27 8.59 7.91 7.12 10.03 8.31 11.16 5.33 4.4 5.25 11.44 34.11 27.82 17.45 49.14 7.45 10.29 4.59 6.83
3.76 4.83 4.36 10.45 9.65 8.71 13.11 7.71 12.92 8.48 13.98 12.71 4.63 10.12 15.27 3.99 8.84 6.71 19.09 14.82 9.96 13.09 5.86 5.43 10.87 3.51 11.07 5.64 7.9 6.68 5.19 15.95 5.47 15.3 11.49 8.51 4.94 6.82 9.12 14.06 13.89 13.84 8.69 9.74 14.35 8.65 8.42 6.02 6.25 5.53 7.52 9.41 8.13 11.38 8.02 10.19 17.49 28.62 16.32 40.08 11.13 4.57 10.03 8.57
5.79 4.58 5.19 21.23 9.84 9.21 13.94 12.07 6.92 13.4 8.37 6.08 9.53 5.53 16.14 7.12 4.0 8.54 15.27 11.44 15.06 7.78 12.73 6.58 5.38 9.5 10.14 14.88 6.05 7.15 4.24 4.19 6.7 6.51 18.73 9.79 7.99 12.62 8.53 14.15 13.5 7.92 5.28 10.78 15.98 7.49 9.87 9.12 8.23 9.95 10.09 9.48 10.61 8.61 10.52 6.58 7.82 20.95 14.18 8.3 7.81 7.41 13.11 14.79
3.75 6.14 5.3 10.33 15.67 6.97 5.78 13.47 6.25 18.96 9.68 6.04 10.62 6.88 8.27 4.29 4.95 15.49 8.0 18.7 6.03 5.38 6.46 4.95 3.04 3.78 6.39 5.95 21.54 8.86 2.87 6.59 10.7 9.08 3.73 5.25 7.57 10.36 8.72 13.56 17.04 5.38 6.54 8.67 7.04 14.19 17.9 22.29 12.42 3.72 17.09 5.69 12.11 13.56 7.98 15.63 10.85 7.47 18.99 10.73 12.56 7.83 10.06 14.93
2.46 4.75 4.06 7.41 10.24 5.81 3.08 8.19 9.63 11.61 10.93 6.65 22.15 9.95 12.6 14.69 7.12 13.06 12.67 8.77 7.82 12.41 15.83 3.56 5.74 2.23 6.23 6.53 15.04 19.7 5.9 5.27 17.7 5.28 2.9 6.8 8.8 11.84 8.63 24.29 23.59 7.04 10.09 9.37 9.2 10.4 10.3 15.23 10.99 7.3 5.52 6.3 11.43 7.26 8.9 10.64 16.36 12.12 7.38 15.48 8.17 8.43 7.24 8.78
3.15 6.29 6.33 4.49 9.71 5.42 4.19 10.67 16.58 25.1 12.54 7.59 14.35 15.57 13.25 8.81 6.03 13.25 12.09 7.11 4.61 15.48 19.61 8.62 5.15 4.31 7.71 7.11 14.24 22.01 23.72 8.11 16.31 3.34 3.03 8.82 10.06 11.69 15.57 22.74 9.06 9.59 7.9 7.61 8.94 7.86 16.84 13.9 18.6 11.3 4.66 10.45 8.4 12.16 8.16 8.77 5.4 7.04 20.01 19.12 8.77 5.97 5.51 8.18
