7.26 20.99 9.94 11.09 7.0 6.45 7.46 11.01 15.55 38.82 33.74 20.59 4.52 9.33 9.18 9.25 4.47 5.95 12.48 19.73 19.19 8.68 3.26 1.95 2.4 4.3 3.65 9.68 8.78 3.55 6.27 9.31 12.21 25.27 31.58 30.19 15.33 12.17 5.73 4.68 8.88 6.25 3.81 3.91 9.13 6.99 3.92 1.32 4.07 4.89 3.62 2.33 2.81 7.42 6.91 7.5 10.95 6.79 9.21 10.69 12.93 3.63 2.54 3.62
14.41 22.1 20.75 9.62 8.05 4.08 4.2 5.59 15.45 13.54 23.26 22.61 13.38 4.44 14.63 8.0 12.16 6.3 7.52 14.67 24.0 6.35 4.75 6.02 5.49 4.95 9.0 8.04 4.95 3.11 4.21 8.41 15.57 19.35 15.38 48.56 14.36 13.02 4.8 9.71 9.02 7.01 3.25 3.24 9.08 8.33 6.84 2.36 4.73 5.16 1.98 2.98 3.55 2.18 2.47 4.86 3.39 8.06 6.4 4.51 6.78 4.57 5.0 3.35
26.22 14.9 12.49 8.26 8.08 4.16 8.87 5.78 7.65 10.37 8.31 14.79 6.93 10.57 10.02 5.81 20.41 6.57 9.67 14.11 12.72 4.21 7.21 4.48 9.21 14.85 21.57 8.99 10.88 10.24 3.97 10.21 24.73 24.67 22.89 38.55 10.97 13.41 6.28 7.2 4.89 6.53 4.01 3.79 7.49 8.56 7.67 2.3 3.26 3.95 1.99 5.35 2.78 2.63 4.09 9.05 9.97 7.35 7.79 6.64 5.7 11.53 4.23 2.69
25.41 10.02 8.25 4.82 8.56 7.35 9.23 3.9 1.47 6.92 10.64 17.72 10.67 15.61 4.95 9.2 13.84 5.22 10.3 12.65 8.46 6.22 9.55 8.79 9.11 10.28 7.63 11.28 8.55 3.95 9.14 9.36 9.75 8.91 25.73 17.16 20.66 4.85 5.37 8.01 4.42 4.63 4.62 4.43 8.25 4.47 11.08 6.34 5.71 2.18 2.08 1.95 2.64 2.6 9.35 17.16 11.09 4.87 10.79 13.78 4.12 9.79 8.69 7.65
6.11 7.53 9.0 7.2 5.49 8.79 13.64 2.75 2.89 4.28 6.72 11.91 16.75 7.52 4.46 5.63 9.23 15.34 8.94 14.06 10.85 6.42 3.97 19.36 8.42 7.36 12.27 13.12 7.29 8.34 24.27 15.65 15.38 16.55 9.71 15.16 14.01 12.72 4.54 11.31 8.91 11.13 4.95 12.26 5.12 7.49 4.49 12.42 6.38 2.79 2.35 3.78 7.0 1.53 2.28 3.2 4.77 4.18 7.4 12.39 6.41 12.6 7.84 10.93
6.37 9.06 8.01 9.23 5.9 5.0 7.92 8.42 5.3 5.48 5.58 11.17 24.3 8.07 11.19 6.25 8.86 16.35 7.1 9.85 10.84 5.64 12.78 26.89 17.31 10.41 11.89 7.27 8.72 20.81 25.76 9.4 18.97 13.36 15.77 14.11 14.25 10.21 10.09 9.4 5.04 7.68 10.79 13.64 10.45 6.26 7.6 9.51 2.94 3.72 3.36 6.94 3.96 4.58 3.01 2.93 6.02 8.33 18.97 14.12 23.01 12.71 15.74 9.07
17.13 14.14 6.86 4.35 2.89 2.8 6.42 4.33 3.34 4.54 7.28 16.79 12.89 17.93 2.99 6.81 7.07 4.99 9.33 10.8 3.83 7.42 7.8 10.72 16.9 20.67 10.26 7.19 14.89 11.3 11.21 18.02 25.89 39.42 17.46 7.55 13.68 8.84 9.09 7.34 13.57 9.14 18.47 21.62 19.71 8.32 12.13 4.16 3.05 3.51 2.7 7.45 2.86 3.82 3.0 6.56 9.99 17.32 29.38 22.04 21.28 21.91 7.62 12.26
6.51 10.93 6.99 2.91 3.04 4.71 2.67 2.95 7.49 7.33 9.24 9.99 12.67 11.91 4.35 9.36 4.25 12.02 9.62 11.24 6.28 6.1 14.2 23.5 13.94 17.03 9.1 12.43 16.6 19.93 15.21 20.72 26.49 28.98 19.22 3.09 6.37 7.05 8.97 5.92 10.81 11.84 6.59 7.73 10.38 11.6 7.21 4.81 4.5 3.27 2.75 6.51 5.54 6.91 5.95 4.36 5.53 27.14 30.4 9.64 19.71 17.69 13.71 10.55
20.66 26.78 13.91 5.8 5.14 2.88 1.95 7.15 7.23 4.79 3.72 7.44 15.26 15.19 13.54 6.81 3.14 5.94 12.48 7.57 14.82 7.17 11.99 35.39 43.66 19.58 7.7 8.42 7.02 12.18 8.83 6.79 18.26 15.94 18.76 3.57 3.16 3.87 9.87 6.96 6.34 7.65 10.39 12.17 13.65 7.07 7.37 5.93 5.86 3.19 5.26 3.39 8.54 6.4 4.79 4.57 10.25 22.68 32.13 13.42 10.47 10.62 10.36 5.73
17.82 26.95 6.21 8.3 7.75 6.48 4.12 7.72 7.34 3.57 3.83 4.39 8.21 11.28 17.34 7.53 4.0 4.94 8.46 9.35 15.11 10.81 11.01 36.58 35.97 30.09 8.94 22.48 9.08 18.79 7.26 7.9 7.01 10.85 8.12 6.13 8.58 10.54 9.04 10.15 3.37 6.42 9.22 10.42 8.8 11.41 8.76 2.24 5.43 4.81 7.17 3.91 7.43 5.88 4.14 5.65 13.67 18.42 11.32 11.2 9.82 6.85 5.97 8.08
13.52 13.64 9.16 9.73 10.36 6.73 3.84 4.76 12.7 2.42 8.39 7.26 7.62 8.97 8.0 10.11 11.16 5.89 5.82 10.9 14.19 14.88 23.99 24.88 21.53 7.61 14.38 8.19 12.29 8.41 9.04 8.1 4.83 5.57 3.66 7.84 11.65 9.23 7.84 12.16 5.63 5.76 10.2 9.78 11.24 7.88 10.05 4.29 9.56 6.75 8.61 4.95 6.78 8.37 11.57 12.85 11.56 14.27 20.44 6.46 6.04 4.05 5.77 8.2
7.62 11.24 23.06 23.24 48.11 17.04 4.92 6.38 5.05 7.57 9.44 3.94 3.38 5.31 5.01 7.58 7.81 6.15 4.74 4.89 11.87 9.3 43.83 21.02 14.41 10.46 7.77 9.63 12.32 16.96 6.01 8.5 10.43 3.83 2.86 5.24 2.61 5.85 7.06 6.28 7.17 4.77 4.19 5.83 10.32 6.07 4.18 17.62 4.78 7.97 6.18 5.82 5.19 9.94 5.32 6.37 8.56 5.25 10.9 5.18 5.29 4.69 5.68 6.18
8.77 10.78 25.45 23.98 21.73 20.05 7.94 16.3 6.74 9.13 5.09 5.42 2.12 2.48 7.65 9.28 16.75 8.95 6.55 4.62 11.65 12.34 26.77 14.91 10.93 13.28 14.24 9.17 7.58 14.36 10.65 13.26 6.54 3.25 5.06 2.27 2.4 3.93 5.83 9.21 8.37 8.39 4.01 4.89 6.55 12.92 8.44 9.43 7.44 10.08 14.03 10.86 6.88 8.37 4.48 4.57 5.69 4.02 3.22 10.38 8.5 9.46 11.28 4.66
14.92 11.41 13.41 19.75 21.82 12.93 19.27 8.78 10.91 5.28 12.62 3.99 3.88 5.67 5.35 8.64 8.21 7.84 4.14 9.65 10.31 31.1 20.66 13.62 11.79 12.08 12.72 8.2 5.13 4.42 6.88 6.46 8.59 7.03 7.4 4.13 3.98 8.31 7.4 6.89 8.53 5.51 7.19 3.78 6.02 13.14 16.56 13.97 16.85 10.86 14.15 10.24 10.01 4.14 3.91 23.77 22.9 13.64 5.84 3.92 3.21 13.14 8.55 10.05
9.8 7.74 10.62 16.14 7.6 15.07 16.42 15.55 5.45 3.78 4.53 3.3 2.92 2.17 4.14 6.02 2.74 2.67 3.16 6.59 8.44 22.61 12.29 9.95 5.51 4.01 8.77 10.22 5.25 9.78 12.12 9.82 6.02 9.65 7.97 10.79 7.61 8.34 10.95 12.74 13.69 11.85 7.32 4.44 2.91 10.0 9.78 8.74 15.06 16.31 9.69 10.43 16.39 6.84 9.94 15.09 4.39 10.14 11.14 5.02 5.14 9.81 13.57 4.41
3.84 8.04 11.44 13.96 14.86 16.25 5.65 3.63 5.4 2.64 2.52 3.98 4.5 4.09 7.49 7.38 3.36 3.27 3.74 16.95 13.38 12.3 15.04 7.95 7.75 4.08 6.69 4.55 6.61 10.15 6.73 10.8 16.8 6.08 10.26 14.16 10.49 9.72 10.43 13.35 7.63 10.85 14.33 4.54 3.14 10.77 5.96 12.56 8.4 11.4 7.46 10.49 7.82 11.42 14.8 7.39 5.19 11.17 6.97 12.59 6.37 8.04 13.54 6.56
4.26 18.54 22.7 8.09 10.09 6.52 4.35 1.87 3.36 3.1 1.87 2.6 2.58 5.88 9.21 9.27 9.3 7.95 7.04 9.81 12.17 33.83 42.67 5.71 12.88 10.62 7.63 4.61 3.56 4.54 2.27 6.62 3.28 3.22 3.87 12.26 14.43 17.91 12.19 5.4 6.66 10.24 14.67 6.0 4.34 5.86 9.55 13.95 12.0 7.72 9.96 12.49 21.45 13.57 8.54 2.58 4.3 5.62 9.33 20.73 6.2 7.54 6.97 13.5
15.6 12.58 18.6 8.45 5.34 11.87 6.06 2.97 2.02 3.3 4.29 2.26 1.96 4.59 8.32 9.12 12.31 8.28 10.46 15.87 28.41 44.27 25.32 15.96 14.79 14.83 7.31 11.99 7.44 3.35 7.47 6.28 6.37 3.9 7.19 7.66 8.9 18.93 16.98 9.82 10.63 10.8 11.39 5.79 1.93 4.85 6.82 17.34 18.42 6.69 7.62 11.83 36.45 7.17 6.93 6.71 6.26 4.84 16.49 6.68 5.24 7.33 16.21 23.67
12.0 27.3 7.52 8.76 5.9 15.16 8.75 1.66 1.11 1.57 3.78 4.45 5.41 8.23 18.87 11.1 16.96 25.69 13.32 17.38 33.62 45.41 55.04 29.9 20.56 11.48 9.65 10.47 8.44 4.88 4.6 3.49 6.87 6.25 14.18 13.27 9.98 11.93 9.69 8.35 15.0 29.33 6.66 5.32 8.68 8.95 11.02 18.0 16.92 23.46 14.23 17.66 18.73 10.81 10.78 7.01 3.78 4.69 7.73 13.85 5.82 8.48 7.99 10.51
7.25 13.58 5.92 8.3 8.0 6.33 9.54 5.03 1.4 1.33 2.34 8.06 5.34 10.54 19.14 16.09 24.4 35.69 26.79 26.38 40.69 60.5 40.37 19.64 12.88 8.23 26.98 16.37 20.3 11.61 16.57 9.03 8.9 7.25 7.61 9.26 10.51 24.88 18.21 11.03 42.0 37.18 18.41 10.31 13.89 8.25 19.15 20.57 12.02 25.18 25.64 16.48 16.52 9.06 4.87 2.5 3.39 1.36 2.28 4.09 3.82 7.87 10.42 3.5
17.49 12.71 8.1 7.28 9.49 8.16 3.99 2.61 2.82 2.54 6.16 13.99 16.24 9.71 12.4 12.18 29.52 35.48 9.59 20.76 46.3 60.92 13.48 18.78 10.54 18.36 20.33 36.56 22.08 16.56 26.52 21.29 10.86 11.07 10.71 17.1 25.99 27.9 10.86 6.9 32.15 40.02 30.95 13.86 18.68 11.03 15.66 13.14 27.39 25.42 24.22 32.23 7.61 7.44 5.46 3.13 3.24 2.05 3.3 7.56 7.0 11.04 3.93 6.69
9.36 6.99 11.76 6.44 4.92 3.16 3.86 2.28 2.46 2.72 6.18 16.01 23.85 9.86 13.24 17.53 29.24 40.93 40.69 15.42 32.4 27.14 12.47 15.16 6.82 11.31 9.08 17.57 11.54 12.57 55.5 34.58 14.1 11.14 11.77 9.61 19.75 48.88 25.77 13.17 37.2 21.63 24.62 18.26 16.38 15.0 12.71 15.41 7.82 26.44 21.68 9.45 4.21 2.76 4.45 1.8 1.21 2.16 1.9 4.63 6.99 11.24 4.06 4.12
4.8 8.2 9.79 11.64 7.92 4.31 1.85 2.59 2.21 6.4 6.34 30.99 23.34 5.68 9.18 16.55 41.75 33.64 42.52 28.86 17.8 12.31 16.1 18.11 10.44 6.93 6.8 13.28 6.93 9.12 16.79 14.63 9.96 15.43 7.24 4.51 11.2 12.22 16.79 13.89 18.94 10.32 13.37 11.02 16.34 9.81 7.75 16.78 17.18 42.26 21.55 16.23 4.79 2.91 3.85 1.7 1.55 1.16 0.61 1.71 4.56 10.06 5.43 5.63
4.22 11.63 17.84 7.64 8.51 6.13 1.79 2.48 3.01 1.93 6.96 11.94 17.18 15.43 11.81 9.65 24.58 13.22 9.61 7.31 11.77 11.18 12.01 14.23 8.4 9.55 7.96 7.98 7.86 6.48 11.85 10.9 8.43 11.97 2.47 5.17 6.37 21.84 19.67 26.42 9.36 6.04 2.89 10.7 13.33 15.12 15.21 14.33 26.86 25.55 20.3 10.59 6.95 4.58 3.44 3.21 7.01 4.64 1.49 1.72 4.4 12.07 7.0 8.61
3.38 10.23 7.87 10.75 6.25 7.1 6.34 4.19 3.0 2.17 9.63 10.53 8.01 4.73 5.01 6.65 6.69 5.96 4.4 4.12 9.46 4.41 7.61 12.41 6.47 3.61 9.62 6.7 10.75 8.96 7.5 4.62 13.06 5.06 3.31 9.22 5.48 8.65 14.83 24.83 11.84 4.69 6.6 6.93 5.26 5.03 6.14 9.05 9.4 23.34 8.88 7.76 7.18 4.27 2.14 5.31 5.46 4.18 2.76 2.14 8.89 13.99 22.61 17.89
2.77 3.55 12.86 9.34 5.44 10.21 7.63 8.12 3.26 5.96 1.88 12.59 18.12 18.47 6.82 11.33 3.0 9.81 6.43 2.55 3.65 2.84 6.17 8.09 8.48 3.99 3.83 5.41 14.24 14.36 4.19 2.55 6.16 6.75 2.8 7.3 12.9 7.48 14.64 15.09 10.29 4.5 7.77 4.9 6.78 6.61 2.97 5.28 7.51 11.03 6.58 5.55 5.54 9.9 8.02 8.64 9.82 4.39 2.7 3.26 8.19 8.4 12.11 8.53
6.16 7.54 13.04 9.36 11.36 11.23 9.8 6.98 8.18 9.8 6.3 11.3 5.39 13.73 10.76 7.96 8.79 7.73 11.28 2.38 2.96 2.49 4.53 6.49 4.54 11.18 4.36 5.96 11.52 10.8 4.39 2.81 5.64 7.22 8.4 5.38 4.62 9.97 9.79 11.64 2.55 5.14 3.6 4.52 8.58 4.01 4.75 6.98 7.79 8.89 10.39 5.94 5.48 8.62 5.55 7.55 9.0 3.0 4.23 7.65 6.31 9.39 20.83 9.5
7.37 6.94 7.91 6.13 10.73 9.52 11.08 5.18 11.91 7.22 6.88 11.44 8.96 6.28 4.43 8.76 12.09 10.84 7.8 2.58 3.36 5.38 2.71 2.75 3.76 5.73 4.81 7.94 8.09 4.87 11.88 11.05 12.97 5.49 9.3 9.05 3.89 8.17 7.96 6.87 8.69 8.0 3.61 6.46 10.52 12.22 7.37 4.97 14.03 7.83 19.14 8.4 10.38 1.89 2.19 13.6 6.52 2.31 4.28 7.82 6.19 7.85 17.08 27.74
5.57 7.93 3.5 1.35 3.87 7.13 8.39 4.67 5.45 5.76 10.5 11.37 7.18 5.73 4.94 11.27 10.84 17.4 11.08 7.31 5.83 4.42 2.98 4.26 5.88 4.16 2.79 4.66 3.32 5.98 7.25 4.39 6.77 6.56 14.22 6.13 3.91 3.36 3.39 5.8 6.68 4.99 12.4 3.84 14.65 20.72 7.2 4.34 9.13 10.71 10.28 6.18 6.91 5.7 7.65 9.15 6.88 14.49 15.69 9.62 8.99 9.6 15.9 23.44
7.51 6.42 1.99 1.85 4.06 7.05 12.01 4.36 2.41 2.67 3.85 6.5 6.62 6.2 1.43 3.49 5.64 12.16 11.09 17.34 4.08 2.88 2.04 2.54 2.88 3.42 2.65 2.78 6.58 6.47 6.41 5.86 5.02 3.0 3.38 7.93 4.36 1.26 1.29 6.75 16.62 10.05 10.32 2.91 5.09 9.63 6.73 4.62 11.05 12.2 7.92 10.46 6.78 20.6 37.42 13.74 5.6 8.76 9.23 5.36 5.33 7.82 8.1 20.61
8.6 10.17 3.94 2.58 6.75 5.84 15.99 3.86 7.6 3.85 5.49 4.85 9.03 4.12 1.87 2.88 5.02 4.24 5.86 8.67 10.8 5.69 1.59 1.93 3.97 6.28 2.42 2.35 4.04 7.72 8.93 10.14 5.92 3.48 7.28 13.58 10.17 5.86 3.13 2.25 7.13 5.33 2.82 1.95 3.55 5.46 5.22 7.57 8.8 9.66 12.97 8.87 28.57 18.35 18.3 14.72 20.16 11.97 10.36 5.9 9.87 12.17 20.93 14.66
5.91 7.0 5.2 5.9 2.52 7.94 2.97 6.26 6.33 4.44 7.84 11.65 8.01 3.35 6.48 2.75 5.04 2.67 3.89 7.1 15.47 7.57 3.84 3.77 3.1 3.99 3.34 4.87 1.95 4.96 5.32 2.99 3.85 3.49 5.37 7.22 4.78 9.11 5.3 3.15 6.74 9.49 6.32 6.78 3.3 3.74 4.99 15.14 7.87 9.03 24.28 13.05 8.72 36.91 29.6 36.82 12.82 7.66 10.68 20.22 22.18 20.13 60.07 23.95
6.19 8.73 2.43 3.47 4.84 10.78 10.44 8.1 11.24 14.95 20.03 13.68 4.43 3.14 4.29 3.87 3.17 2.05 2.56 4.52 5.0 4.59 1.56 1.86 2.53 1.77 4.0 6.57 5.76 4.42 7.03 2.8 2.79 3.73 8.06 4.01 9.29 9.22 5.33 4.71 4.74 6.89 9.98 17.2 12.35 3.3 3.31 7.03 4.32 7.23 10.59 6.29 13.1 59.8 35.91 17.7 10.36 21.7 10.64 46.97 32.65 18.35 34.28 12.98
9.17 9.84 2.9 7.9 6.73 5.89 12.47 7.54 7.45 9.54 17.6 13.09 3.96 6.1 5.5 8.55 5.51 3.8 2.42 1.37 4.35 3.95 4.26 1.7 3.6 2.01 7.58 11.25 7.91 8.64 6.75 4.23 2.02 4.6 5.81 7.24 9.73 6.5 7.85 10.23 6.27 13.72 8.39 12.21 3.75 5.03 4.78 4.35 6.59 3.95 7.41 5.66 13.52 28.95 20.23 17.33 23.33 33.03 25.18 28.06 30.33 15.55 11.21 9.86
7.07 5.1 3.95 8.27 6.04 8.06 16.91 19.5 19.65 14.51 10.88 11.03 7.71 7.87 11.69 16.97 6.51 4.71 2.91 3.56 6.21 6.63 6.99 3.1 2.28 4.74 4.09 10.23 20.29 16.75 5.4 6.2 3.55 3.5 6.26 8.7 4.2 4.53 7.45 4.81 6.44 7.4 10.92 18.67 4.59 4.67 2.66 7.78 3.78 4.72 8.31 11.95 13.38 4.84 5.91 7.48 20.02 21.18 17.95 18.34 14.78 7.9 15.54 13.66
9.92 6.53 8.29 2.97 3.92 8.87 19.99 12.05 27.63 12.04 12.94 16.13 11.63 13.82 42.85 28.68 7.26 2.09 2.31 3.37 5.15 8.26 7.89 4.54 3.76 2.84 3.64 9.26 12.07 17.65 7.57 5.63 4.1 9.1 13.12 7.88 7.04 8.76 7.08 4.47 6.49 7.26 10.79 7.31 9.07 5.77 3.8 2.57 11.73 15.67 12.6 6.58 8.32 6.54 15.52 11.79 10.42 12.03 15.74 12.6 15.36 6.64 15.36 7.34
3.27 3.71 3.44 2.79 4.25 4.52 7.57 16.51 39.36 36.09 13.89 13.99 14.62 23.9 17.44 18.57 9.83 4.75 5.7 9.44 7.64 12.0 5.56 6.38 5.47 4.66 3.74 11.63 11.92 9.74 8.69 6.84 3.02 10.81 8.22 11.24 10.0 8.63 6.46 6.44 3.52 6.42 8.0 9.22 4.79 4.7 1.42 2.19 8.1 17.96 7.73 7.69 5.72 9.59 20.23 18.67 11.82 7.89 10.35 7.76 7.51 5.05 15.38 4.71
6.07 5.02 3.08 4.05 1.59 3.85 6.1 13.86 44.84 41.28 33.19 5.39 9.8 8.12 25.26 19.51 14.44 3.73 6.08 2.91 8.78 9.8 5.71 8.26 6.03 5.11 3.74 5.07 14.99 11.82 11.37 5.13 3.32 4.92 3.76 5.29 4.28 3.16 8.05 8.41 4.23 2.6 3.43 6.8 2.38 2.16 2.48 2.92 11.68 21.0 20.67 34.25 27.74 21.06 14.52 38.59 15.91 5.31 4.82 7.48 2.83 3.12 3.7 3.91
8.28 4.06 3.46 4.05 1.99 4.34 6.57 5.85 8.27 48.87 14.01 6.9 10.56 14.93 20.21 18.46 11.44 8.07 7.07 8.26 5.41 4.97 11.65 14.16 9.72 6.03 14.17 7.49 10.34 7.8 5.88 6.33 10.92 6.93 6.64 7.13 2.45 1.8 5.46 5.1 4.04 1.22 2.59 2.68 5.37 3.53 3.35 2.28 4.75 17.01 42.57 44.95 27.79 20.24 16.01 39.44 9.28 11.48 6.0 7.11 1.92 3.07 4.23 4.59
6.4 3.31 2.44 1.17 1.9 10.07 15.84 9.77 8.22 24.83 12.45 14.23 5.53 20.82 5.63 12.36 8.29 7.59 6.78 10.76 3.68 8.5 24.72 11.18 9.34 18.12 18.24 9.25 9.13 7.63 4.24 9.01 7.0 8.24 2.8 1.69 2.36 1.82 5.49 2.23 3.27 0.99 1.4 1.7 8.72 3.03 1.78 2.21 4.8 11.92 31.5 22.04 28.38 21.32 20.56 12.08 11.17 11.87 2.46 3.45 2.26 7.62 7.43 19.61
5.69 0.94 4.38 5.28 4.68 6.34 11.06 10.48 16.85 21.34 16.92 16.01 22.74 12.69 13.44 6.2 3.61 6.75 19.76 13.36 5.34 8.94 8.99 8.14 21.39 22.76 35.78 13.02 13.94 3.28 7.53 7.13 7.95 10.71 2.58 1.59 1.73 3.96 5.12 3.74 2.73 1.42 1.07 3.73 1.57 6.12 2.49 2.04 3.93 9.53 15.9 11.38 20.02 10.49 15.35 23.1 17.88 11.53 4.42 3.01 5.51 16.99 5.45 11.55
2.45 2.43 3.67 12.7 13.65 25.25 13.89 13.94 26.33 17.82 10.76 16.62 20.89 10.94 18.25 10.87 3.86 5.3 4.23 5.1 11.58 8.98 5.89 16.59 27.46 21.72 25.82 12.15 10.91 7.45 15.66 6.46 7.5 5.8 4.21 2.59 2.12 3.38 5.9 4.77 2.06 0.93 1.26 2.08 2.42 4.59 2.92 3.31 3.45 7.34 15.19 16.27 12.27 22.61 35.74 25.53 24.13 14.88 15.53 9.46 11.11 14.88 13.03 14.53
1.93 3.42 4.02 2.94 19.22 14.74 29.12 20.8 16.93 10.58 18.57 20.5 19.72 12.67 11.66 4.44 5.24 5.94 3.28 3.91 2.66 7.61 9.16 9.3 11.79 10.95 15.06 12.04 8.26 9.46 10.74 7.07 8.98 8.47 7.34 6.13 5.46 6.13 4.4 3.65 2.99 2.51 2.73 1.59 2.68 7.49 4.48 3.91 4.98 5.04 19.52 9.48 14.27 21.59 16.65 12.56 18.85 13.16 8.72 5.06 5.92 8.67 14.93 10.53
2.42 3.88 1.41 4.18 8.23 11.84 17.97 11.42 13.48 7.66 15.75 20.41 34.85 10.0 9.06 8.32 7.2 5.38 4.64 3.92 4.33 8.58 8.95 26.22 27.87 20.97 8.77 7.12 16.23 10.11 6.59 8.39 8.71 11.87 12.82 23.11 5.7 4.31 4.35 3.1 1.68 2.04 0.8 1.48 2.83 7.17 6.07 7.47 8.84 11.66 4.08 7.99 13.01 33.83 15.59 14.4 18.87 11.61 6.05 4.97 12.96 8.37 10.38 18.56
2.41 2.26 2.5 2.96 3.91 7.48 8.62 12.4 18.87 29.75 16.19 18.43 16.21 8.77 10.56 3.72 5.84 6.26 14.45 4.86 8.25 7.07 13.19 23.89 30.63 24.48 9.3 16.25 16.27 18.88 12.89 8.76 23.46 20.25 24.32 20.74 7.67 5.14 5.19 3.22 2.91 1.57 1.09 0.84 1.55 7.61 5.24 7.19 10.61 9.45 16.44 12.63 26.66 20.49 12.13 6.5 11.18 6.66 11.38 10.74 28.14 5.83 5.1 5.79
2.67 2.7 3.87 6.9 8.76 8.91 15.76 30.7 6.6 31.61 21.15 22.79 10.9 10.37 13.31 5.29 9.39 1.87 5.69 8.56 5.54 7.52 13.93 25.23 19.18 38.72 15.94 23.88 7.31 8.63 11.25 21.78 16.91 47.01 55.35 40.19 14.52 12.7 3.69 2.26 2.42 2.36 1.7 0.91 1.33 3.22 4.27 8.06 10.69 9.84 11.77 21.3 19.92 18.8 8.43 3.19 3.86 11.77 23.76 14.77 5.94 9.84 11.46 8.03
8.24 5.15 4.06 3.51 5.6 11.41 14.74 12.39 6.93 13.22 10.15 9.97 5.43 10.3 7.16 6.44 7.37 7.06 5.45 14.26 10.25 15.18 9.33 23.24 31.9 15.6 19.77 15.02 11.53 6.76 4.77 6.26 14.6 25.71 22.11 11.93 12.74 8.5 2.1 1.76 3.81 3.99 4.12 1.77 3.27 2.43 6.5 8.23 15.37 14.22 7.71 9.98 13.67 18.15 8.56 3.25 3.08 5.24 12.98 7.39 8.78 16.07 11.95 19.41
16.26 12.04 7.03 5.29 15.37 12.76 22.02 8.42 9.44 19.4 7.2 9.66 4.94 6.92 4.06 5.02 4.59 6.23 7.99 8.21 6.83 5.9 6.96 12.66 8.59 9.07 8.12 5.51 7.44 8.35 9.69 4.45 9.47 8.36 6.01 8.24 4.85 3.14 4.42 3.64 5.42 5.08 6.85 5.01 6.68 3.87 3.81 6.38 4.75 11.38 7.79 6.52 7.16 10.1 6.3 4.4 1.88 1.31 3.7 7.98 10.78 18.37 19.16 14.24
21.98 10.87 20.1 11.68 9.76 15.46 11.09 9.38 10.3 27.03 6.61 11.49 11.2 6.19 4.42 13.09 5.82 5.35 2.73 2.63 3.5 6.79 13.88 6.59 8.24 8.4 9.05 12.24 12.98 14.31 7.21 4.98 4.5 4.44 5.96 9.17 9.23 7.36 6.62 4.53 7.65 6.94 14.56 9.99 6.63 6.23 5.39 4.43 3.45 2.47 4.65 8.67 5.82 4.1 4.34 6.01 2.35 2.08 2.85 5.57 10.92 13.62 15.02 9.49
8.26 10.37 7.04 4.88 9.39 12.48 36.5 7.18 16.51 17.9 17.89 9.4 9.59 5.76 3.64 4.14 4.85 2.04 3.62 3.69 1.89 15.7 12.83 4.41 7.64 24.06 17.9 7.68 22.29 14.36 6.13 3.45 3.32 3.11 4.1 2.64 7.15 5.71 2.98 2.98 5.48 13.84 19.95 4.69 5.5 4.63 8.02 4.16 9.59 4.5 4.6 7.42 6.08 5.57 7.46 3.07 7.22 9.26 7.11 2.52 3.32 11.08 22.95 12.34
3.93 8.83 5.17 7.14 9.03 13.46 12.09 15.99 11.64 11.28 11.91 13.35 6.97 3.29 1.69 4.47 2.66 0.9 2.83 2.58 2.17 6.96 7.38 4.98 12.37 29.07 15.77 9.42 19.21 9.09 3.76 2.81 2.45 2.87 4.2 4.59 3.49 2.34 2.07 5.88 4.69 13.06 5.26 5.08 4.05 7.63 6.86 11.24 12.34 11.93 7.2 11.53 7.09 16.31 7.5 6.02 6.71 11.79 4.39 3.22 4.92 3.46 5.0 5.22
3.19 3.23 3.7 8.6 15.96 14.78 12.89 12.09 25.36 22.74 12.71 8.81 7.25 4.12 3.8 2.44 3.58 3.25 2.89 1.73 5.87 3.89 7.12 8.69 13.18 10.46 8.53 8.56 9.34 10.41 5.79 2.78 3.3 2.51 5.85 3.06 4.09 1.88 4.42 5.08 4.31 7.57 6.63 3.88 2.69 4.3 3.6 4.09 9.27 14.95 9.07 6.87 5.99 7.53 4.53 9.55 14.2 16.29 4.83 6.25 4.83 2.45 4.73 5.22
2.38 3.06 3.19 5.73 12.74 6.49 11.33 9.72 14.54 10.63 23.6 6.77 2.53 3.8 3.02 4.01 6.82 3.52 1.61 1.63 4.95 8.45 15.25 5.75 6.24 8.29 8.06 6.89 3.11 3.72 2.48 3.13 2.61 2.55 3.23 7.28 2.1 3.55 5.58 8.36 3.37 10.49 10.97 6.02 4.73 1.85 6.99 6.26 16.53 19.98 19.83 9.86 10.3 8.87 7.44 5.33 6.04 6.61 8.25 6.81 3.11 3.99 3.5 2.65
4.3 2.55 1.49 3.34 11.98 6.31 12.66 8.59 12.91 8.55 8.02 4.91 2.21 4.38 3.19 6.24 11.04 6.23 6.01 4.17 3.33 10.49 10.14 12.43 13.95 7.97 2.1 2.23 3.22 2.6 1.46 8.08 3.82 2.91 5.43 6.43 6.23 10.3 6.82 7.1 11.32 7.27 3.92 14.68 6.2 3.15 6.58 5.51 15.05 24.51 9.77 3.39 7.19 6.56 5.44 11.84 9.22 6.9 9.3 6.02 6.15 3.59 1.25 2.37
3.84 2.16 4.0 11.83 3.89 4.56 3.98 5.77 9.06 4.27 4.4 3.52 4.27 2.38 3.87 4.04 4.45 14.28 16.98 6.23 6.7 5.44 13.91 24.28 12.4 5.07 1.41 2.61 4.12 2.89 4.59 4.98 3.49 5.56 8.87 4.37 3.32 7.08 9.21 14.01 17.91 12.78 8.01 13.38 7.02 3.0 2.42 2.58 7.29 6.82 10.14 12.58 5.7 7.52 10.53 4.91 3.71 5.9 11.75 11.17 8.78 4.42 3.33 11.01
5.18 2.78 3.04 10.11 17.25 9.75 4.86 3.94 3.08 6.44 4.38 4.57 5.3 7.05 9.99 11.11 8.11 23.46 12.36 12.2 3.56 6.16 5.59 16.56 12.85 1.88 2.51 9.2 5.36 3.93 13.43 6.25 2.57 8.7 8.18 3.64 3.51 5.09 7.49 21.69 14.51 16.52 11.93 4.54 4.75 3.23 2.92 4.65 2.23 1.32 6.96 15.49 14.76 10.29 15.52 5.39 9.73 6.49 13.16 9.94 5.83 2.37 9.43 12.71
11.21 7.69 5.54 6.35 13.01 10.39 8.37 4.09 3.8 6.96 14.43 5.89 6.09 7.54 8.66 6.46 14.4 13.22 6.87 13.21 13.85 10.05 5.13 6.58 3.22 7.17 7.44 14.59 3.8 7.67 16.8 9.99 11.54 13.2 6.89 5.37 7.19 4.56 6.34 15.08 17.03 15.99 5.85 4.18 2.63 7.42 5.07 1.62 4.91 4.59 8.62 14.39 24.59 20.34 14.11 8.27 13.8 17.72 27.14 16.94 10.16 4.93 4.48 8.11
10.42 10.18 5.06 10.01 7.53 14.21 23.34 30.34 17.41 7.59 9.41 3.58 5.21 6.24 5.88 8.58 7.02 5.69 9.64 24.65 13.12 5.94 7.63 5.19 2.64 4.06 10.23 8.58 12.02 11.78 11.6 21.17 35.65 10.78 5.46 3.23 8.05 5.4 14.04 14.64 15.83 7.47 4.23 8.93 2.91 8.25 3.69 4.26 3.25 8.52 6.7 10.62 10.9 11.45 13.53 15.12 4.6 5.13 9.76 8.5 8.27 3.54 1.68 2.54
13.56 13.96 10.84 21.09 14.11 17.81 29.03 48.18 12.27 16.06 6.55 6.48 5.61 4.31 3.46 5.72 4.43 5.08 9.54 15.0 16.39 5.24 11.21 2.36 3.99 6.51 15.1 16.89 9.78 11.09 9.23 16.35 15.79 8.78 7.59 5.96 9.03 5.09 14.82 8.85 22.79 4.25 3.88 3.29 3.8 5.28 2.76 4.58 3.58 9.39 7.24 7.13 6.33 12.31 18.1 18.09 7.53 7.38 6.21 10.16 7.79 3.18 3.62 2.87
10.12 12.04 18.11 11.64 17.62 55.71 31.59 17.17 6.6 8.45 8.08 12.81 7.42 1.35 3.4 4.31 8.43 10.5 6.9 9.45 18.01 8.43 10.69 3.59 4.82 5.14 26.21 29.97 18.5 22.12 14.74 12.73 4.81 4.1 4.77 3.97 4.2 6.91 12.02 20.75 12.46 7.95 4.21 2.45 2.44 5.77 6.34 3.67 2.13 2.95 5.49 8.41 8.3 21.44 15.05 9.41 7.12 17.96 9.87 9.88 8.51 7.04 5.27 5.37
12.87 34.71 12.58 17.57 23.1 68.49 49.96 22.7 9.16 6.75 22.29 18.22 9.94 3.46 1.29 2.56 7.54 8.87 4.31 7.33 9.33 4.61 5.01 3.19 2.76 5.25 21.88 23.0 42.48 15.84 6.2 3.77 4.54 2.13 1.51 5.0 4.34 4.52 6.13 4.8 15.76 4.33 3.79 5.81 6.27 1.91 3.31 3.12 4.12 6.95 9.53 6.01 9.21 13.53 7.87 23.87 13.62 13.67 21.68 20.2 5.72 8.16 2.93 6.0
25.07 11.14 27.9 27.52 36.5 39.53 56.5 28.15 4.73 8.68 12.75 8.24 12.4 9.92 2.4 2.59 3.68 6.08 6.74 13.6 6.3 6.42 6.18 3.23 4.45 10.17 12.3 26.3 35.32 18.61 5.32 4.67 3.27 2.27 1.67 2.56 1.66 3.1 4.53 11.4 6.13 5.37 14.23 13.71 13.07 4.04 1.84 1.64 5.56 7.83 5.43 5.3 12.94 9.51 16.02 31.2 10.27 11.89 21.38 14.15 8.77 8.52 4.18 3.29
14.65 13.89 23.66 16.1 53.98 38.61 71.56 28.64 19.7 13.76 12.34 9.63 7.63 4.91 5.74 3.65 7.63 4.22 7.64 4.26 3.44 4.5 5.78 2.72 5.1 16.92 16.81 13.89 14.86 16.4 11.35 6.76 3.21 2.33 2.1 3.81 2.55 5.62 4.59 9.67 3.47 12.43 17.14 9.48 9.51 9.15 2.5 3.31 6.55 3.91 8.87 17.48 19.39 9.58 22.84 22.53 14.36 15.15 9.03 11.46 12.27 22.46 17.23 9.61
13.15 31.02 24.64 12.51 24.09 33.37 40.22 22.27 23.15 13.2 13.93 17.38 15.01 7.11 19.1 17.47 9.63 4.39 3.63 3.55 2.55 4.41 4.35 5.93 3.93 3.3 7.99 7.75 18.42 23.35 6.27 4.45 6.44 4.89 5.09 4.47 6.47 12.83 11.87 8.8 10.21 24.89 13.93 10.76 9.81 9.63 6.86 7.01 6.11 5.07 10.43 10.12 17.82 12.96 18.18 11.81 39.59 35.43 10.4 6.31 9.07 18.81 11.19 10.13
