7.71 5.21 12.37 16.43 13.43 9.73 6.32 8.37 11.12 7.27 14.55 6.18 8.18 7.69 3.57 6.88 7.28 9.18 9.2 4.38 5.5 6.39 8.14 6.85 4.39 6.09 3.81 8.06 15.29 3.18 2.46 3.97 6.57 8.25 18.98 3.24 4.68 6.88 4.89 5.05 5.99 5.45 9.26 6.96 5.58 6.95 6.64 16.36 7.59 3.39 2.01 1.41 3.78 1.1 1.91 3.35 15.36 17.0 11.36 5.13 3.45 1.88 5.48 6.22
4.54 4.38 7.18 18.22 11.74 6.69 7.5 6.7 8.19 6.42 12.63 10.82 8.92 9.73 6.03 7.3 13.48 9.73 10.69 6.0 5.08 5.86 4.26 4.94 3.91 6.08 12.22 8.13 9.71 6.51 8.77 6.94 7.03 6.18 10.1 5.72 7.06 8.53 8.02 6.35 3.76 9.52 12.26 10.7 5.11 18.54 7.92 10.91 6.47 3.04 1.42 0.89 2.67 1.99 1.26 1.85 6.48 18.38 8.89 3.55 5.43 5.63 4.49 7.65
10.38 3.93 12.16 11.48 7.71 4.0 5.1 7.29 6.24 7.93 8.61 16.03 5.49 9.42 7.21 15.33 18.91 9.45 8.59 8.98 7.22 3.75 3.5 2.2 4.06 6.56 11.57 14.11 10.61 13.94 27.63 9.96 7.9 7.56 12.11 11.99 4.54 4.66 7.24 5.12 5.7 11.41 10.28 15.45 13.2 20.77 25.14 9.58 3.72 3.82 2.9 0.85 1.53 2.32 2.17 5.63 10.98 17.28 18.44 8.69 4.13 5.77 4.15 3.81
7.95 4.28 6.51 2.6 4.33 2.92 6.21 10.15 10.69 4.25 10.04 25.84 18.2 12.7 11.08 11.7 11.88 7.22 8.86 6.66 5.04 4.53 2.12 2.53 4.4 6.14 5.89 8.2 5.03 10.65 13.48 21.95 6.66 18.07 17.59 15.76 2.85 5.86 3.62 5.78 6.42 8.79 13.26 21.64 11.16 10.0 16.47 14.3 9.16 6.4 1.66 1.05 2.11 4.54 3.25 5.71 12.08 9.9 17.42 11.51 5.07 4.17 5.89 3.25
6.2 8.97 6.92 4.02 1.2 4.6 7.09 8.65 3.95 12.06 9.73 10.57 5.51 10.48 9.78 15.46 6.09 2.08 2.23 3.89 3.01 2.68 2.63 1.54 2.6 8.3 7.81 8.74 4.8 8.84 6.68 8.7 11.21 13.92 16.42 8.36 4.63 4.78 4.04 6.34 4.41 5.67 8.59 7.55 5.01 7.76 11.21 12.7 5.51 8.31 1.01 1.58 1.54 3.5 7.44 6.8 5.02 4.57 7.04 4.49 9.65 4.74 7.48 9.93
9.81 5.5 2.61 3.28 3.11 5.5 4.14 2.31 3.24 4.7 6.44 6.16 3.08 7.19 18.09 9.12 4.26 3.41 1.18 1.95 1.13 3.26 2.27 3.23 2.57 8.31 2.92 10.67 1.92 5.67 11.02 7.22 4.58 6.31 6.29 5.28 4.12 2.2 7.29 4.0 7.89 5.96 3.52 6.37 7.49 12.42 8.43 8.36 8.47 7.42 2.4 2.01 1.79 3.44 9.18 5.53 5.65 3.53 3.75 2.05 7.88 3.71 4.31 8.78
2.33 4.42 3.32 1.93 2.77 4.81 1.96 3.77 3.88 3.86 1.63 3.68 3.75 8.34 8.31 10.21 4.41 4.24 1.41 1.38 2.04 4.4 3.65 3.12 7.72 6.27 4.67 6.65 4.15 8.63 10.7 14.98 16.07 5.45 4.45 2.77 6.27 4.22 6.04 4.56 6.04 6.71 3.41 6.54 6.02 9.4 12.18 7.81 9.74 6.13 2.85 3.71 2.17 3.49 7.78 4.44 24.76 5.33 3.87 3.73 4.26 2.37 4.66 9.96
4.09 2.1 3.93 1.98 2.55 3.54 2.86 2.49 3.86 2.52 2.04 1.14 4.1 11.2 7.16 5.69 7.09 9.14 3.59 1.5 2.88 2.78 8.59 11.18 11.11 9.89 7.14 6.53 13.97 15.85 6.69 20.11 16.56 4.53 1.16 2.07 8.44 3.08 3.73 5.61 4.76 8.53 5.86 5.2 14.78 24.04 13.44 9.75 13.15 5.38 2.56 4.35 4.52 2.82 8.25 8.34 9.86 15.88 6.85 4.0 3.27 1.78 2.58 10.99
3.79 3.2 4.46 2.99 2.65 7.33 3.49 7.12 4.44 4.38 1.39 1.77 2.06 3.77 9.42 6.27 4.26 3.84 4.47 3.25 3.69 4.02 14.92 10.8 23.61 6.75 7.59 10.38 13.24 6.92 7.45 9.52 8.75 5.14 2.79 2.46 7.23 5.19 3.98 13.04 4.73 6.48 5.22 6.36 6.92 17.66 12.92 13.59 7.62 8.61 3.03 7.63 5.91 3.93 6.39 7.41 6.59 10.0 12.85 10.13 5.52 1.42 2.03 6.23
5.46 3.38 5.62 1.82 2.85 10.34 4.8 3.49 3.53 2.77 2.94 2.43 1.24 2.46 6.77 9.39 6.97 4.79 5.43 4.2 4.63 16.14 8.37 18.03 25.74 9.68 6.96 12.87 8.38 4.75 14.99 18.02 10.09 4.48 4.56 6.43 8.12 3.01 5.13 5.78 6.25 3.66 4.29 4.47 3.66 9.83 6.07 8.37 5.32 4.65 7.82 7.59 3.43 3.5 3.96 9.67 5.39 4.43 8.5 10.21 3.19 2.49 2.52 3.87
2.76 2.15 5.34 3.59 5.38 5.54 6.97 2.96 2.72 4.43 6.17 2.32 3.2 1.83 5.33 10.08 6.24 4.77 8.08 5.79 5.24 12.8 7.31 13.68 10.78 11.35 5.93 3.56 4.65 7.08 11.78 41.09 15.04 5.91 4.15 6.21 3.53 3.18 4.06 9.79 3.76 5.91 3.29 2.33 3.39 5.21 5.03 6.07 3.26 3.32 8.77 3.61 3.12 1.76 3.12 5.31 7.55 2.21 9.98 5.25 3.46 1.92 1.85 3.53
1.33 2.48 2.86 5.52 6.67 4.37 5.04 4.12 4.6 9.6 7.1 2.54 2.31 3.16 3.94 7.03 4.37 4.83 15.04 8.08 6.43 5.09 12.65 14.07 20.44 7.83 7.38 2.12 2.58 2.7 6.85 17.34 15.71 6.2 9.88 6.05 3.81 5.38 8.91 3.05 2.56 4.13 5.18 2.85 2.35 3.01 3.78 10.34 4.14 4.27 7.67 3.79 3.5 1.95 2.87 6.3 3.2 6.49 6.5 7.58 3.78 3.98 2.14 4.46
2.34 1.69 2.99 3.25 4.54 2.49 5.32 4.12 3.12 13.22 8.34 11.52 3.25 6.4 4.57 5.49 5.94 3.5 10.85 10.6 10.81 9.04 22.02 15.9 16.16 12.68 8.65 4.22 2.23 2.34 3.6 12.78 11.92 12.44 9.0 11.77 5.25 6.46 12.94 6.96 6.28 2.46 4.43 2.11 1.01 2.33 4.49 4.69 4.91 4.15 9.03 5.34 4.93 1.63 1.78 4.53 4.27 5.12 13.09 4.63 1.8 2.84 4.08 5.49
2.48 2.66 1.74 4.06 4.62 6.08 7.09 8.0 4.08 12.49 5.95 8.28 6.03 5.44 5.79 8.58 8.75 3.21 5.96 3.81 32.61 21.93 59.52 14.93 9.63 12.95 8.99 3.55 4.07 2.63 7.08 8.85 9.84 10.85 15.69 10.45 5.0 5.91 15.79 8.07 10.07 3.48 4.02 3.41 1.35 2.51 1.66 7.6 5.45 5.43 8.22 12.4 7.83 4.5 3.23 3.38 3.7 5.18 4.13 2.27 1.6 2.59 3.23 2.33
3.03 4.49 5.23 4.77 8.03 6.41 10.71 12.77 13.56 12.41 7.15 3.93 6.3 4.35 9.65 8.19 8.37 2.9 6.25 6.56 27.66 44.37 17.45 22.65 9.5 8.55 5.32 3.6 5.96 5.41 9.24 6.38 7.76 8.86 11.87 8.56 10.94 10.29 12.85 6.36 4.18 7.95 5.28 4.26 2.64 2.29 3.37 5.92 6.68 7.52 5.51 12.82 9.23 6.6 5.94 3.69 3.16 3.81 3.88 6.07 4.57 3.62 3.97 4.97
2.27 6.67 5.01 6.57 4.83 6.69 6.74 12.89 20.33 7.19 16.43 6.54 8.6 6.8 10.25 4.42 7.34 5.69 4.58 6.1 26.29 35.2 31.46 19.5 7.53 10.99 4.14 2.09 7.0 9.92 8.49 2.51 5.12 7.73 14.65 18.68 28.75 11.87 10.27 13.6 10.76 9.58 7.24 2.94 2.09 2.0 1.55 8.23 6.96 10.94 8.21 7.93 11.02 5.71 4.1 4.91 3.86 5.05 4.94 10.1 4.02 3.43 8.43 5.88
3.66 5.03 13.81 5.8 5.46 5.77 19.24 11.7 11.54 7.49 20.45 22.01 13.43 10.48 5.59 4.18 9.08 4.9 6.03 13.68 11.69 27.6 34.81 14.35 5.4 9.95 4.0 2.41 4.78 10.04 8.88 7.99 5.23 12.76 14.88 21.87 22.29 37.63 12.45 11.07 23.95 30.64 9.09 3.97 2.81 2.05 1.47 6.4 11.82 11.71 11.95 10.88 6.05 3.48 3.12 2.48 6.43 4.82 4.96 5.81 4.89 3.67 3.55 8.38
5.49 6.16 6.07 8.58 8.79 11.17 11.86 23.01 8.7 8.13 17.3 11.62 5.52 13.51 3.93 4.51 3.98 5.22 10.79 10.63 12.95 32.52 25.9 7.09 6.33 10.41 15.13 9.89 2.46 5.52 5.28 9.04 6.46 15.26 17.13 27.67 11.23 14.09 16.38 12.4 10.7 22.58 9.78 3.45 3.01 2.26 2.02 7.4 12.22 13.47 10.11 10.36 9.22 3.49 5.84 2.09 5.98 4.12 10.35 3.48 4.84 4.82 6.19 6.97
3.43 4.4 4.34 8.53 12.14 11.99 6.69 14.95 3.85 7.03 3.77 9.14 4.78 6.38 3.65 4.5 2.66 3.61 9.88 10.0 12.76 19.73 6.71 9.11 12.55 8.26 16.73 4.92 1.77 4.64 6.5 2.61 12.1 20.42 37.41 19.11 26.18 7.94 12.15 22.91 9.31 14.16 10.81 5.0 2.01 1.55 2.89 11.1 14.37 21.64 10.71 7.38 7.12 4.3 4.88 2.88 2.37 1.55 14.66 9.72 3.68 4.09 6.2 11.21
6.36 6.26 3.88 10.3 8.09 11.49 4.25 3.95 4.55 5.93 1.82 6.53 3.76 5.09 6.9 5.39 3.07 4.15 4.41 12.8 11.85 23.4 8.14 7.23 9.25 12.91 11.64 16.33 3.05 5.91 7.42 5.43 16.94 12.8 46.22 17.45 15.32 10.99 12.0 8.71 13.43 8.2 7.07 3.19 6.37 3.13 9.7 8.74 27.02 15.17 17.36 5.1 5.72 3.65 5.69 3.37 2.97 2.08 6.25 7.23 3.98 2.59 4.05 16.12
7.16 8.32 4.52 4.96 3.64 10.98 6.39 2.89 3.72 5.18 4.06 10.14 9.5 5.18 12.24 7.03 10.5 4.42 6.61 3.55 11.49 18.89 21.87 13.65 13.15 9.56 11.13 12.6 9.02 10.4 5.54 3.85 8.23 8.01 13.4 12.79 10.63 14.3 9.69 6.29 12.66 11.9 7.47 5.85 4.76 7.21 10.03 4.94 17.3 12.49 14.43 10.99 4.62 5.67 4.43 4.93 4.8 3.15 5.99 2.57 4.05 5.12 6.5 14.84
11.4 13.68 6.78 6.12 3.95 3.94 2.25 4.48 2.57 6.09 2.78 1.44 5.01 4.92 11.16 10.68 8.53 8.09 8.22 3.68 6.1 9.53 16.46 11.76 15.29 14.42 20.09 13.56 7.83 10.73 2.07 4.99 8.37 9.32 7.73 4.86 8.22 17.1 12.18 4.86 5.99 19.09 13.12 6.0 7.72 8.0 8.35 6.0 13.06 8.54 5.62 10.03 6.78 7.16 6.36 8.02 11.46 3.97 7.39 5.74 3.3 6.42 9.69 6.87
19.07 9.39 3.84 5.56 3.2 2.79 1.22 2.46 6.23 11.91 1.8 1.81 2.64 6.67 6.37 5.74 10.7 9.92 8.07 4.68 4.58 8.02 20.61 19.19 23.11 10.47 9.36 5.81 6.4 3.22 2.78 4.07 8.14 10.29 4.91 2.67 11.02 12.0 8.38 3.29 10.59 22.99 9.37 4.22 4.08 16.46 9.26 11.12 11.02 18.25 7.34 5.63 7.56 8.56 7.11 7.82 18.07 5.51 5.78 3.9 4.9 2.65 2.28 3.1
15.71 6.09 6.0 3.35 2.8 1.7 2.7 3.6 11.64 6.48 4.95 3.01 3.95 6.65 8.18 6.75 7.45 17.5 7.17 5.53 3.19 7.49 15.82 33.79 23.0 21.72 5.75 4.63 3.01 3.35 1.83 3.56 8.48 12.93 5.39 2.03 4.82 19.13 6.91 6.04 11.71 9.52 4.98 3.34 2.53 9.12 7.67 8.93 15.92 10.1 8.25 8.17 21.53 6.62 6.02 7.92 18.54 7.07 5.86 6.24 3.45 3.37 3.53 3.03
11.48 14.34 9.27 3.97 2.92 1.73 2.18 3.35 5.69 4.7 4.25 4.2 4.37 7.89 6.42 23.99 16.48 17.2 15.05 9.2 3.59 5.24 13.88 54.1 18.63 9.47 12.78 5.49 5.12 1.75 1.75 1.85 5.25 8.28 2.76 2.05 4.87 14.07 14.37 10.83 9.52 12.42 9.15 6.3 2.68 4.5 6.76 6.84 17.78 7.31 4.08 4.88 18.26 10.74 4.41 9.27 7.86 9.99 4.94 3.45 1.99 5.92 4.34 7.52
10.2 16.44 5.55 3.66 4.55 4.88 3.77 3.26 6.94 7.49 4.87 4.3 6.63 8.04 9.98 17.23 18.01 13.8 15.56 10.07 6.21 7.46 6.77 22.42 13.4 6.14 4.17 6.48 3.46 2.72 2.84 3.52 1.85 4.77 4.76 5.44 6.51 10.26 10.85 18.71 6.16 6.65 4.07 4.42 3.64 1.69 4.63 7.43 5.53 2.03 3.39 3.76 11.86 6.13 2.71 9.97 7.28 12.27 6.37 6.53 2.77 5.05 5.2 6.86
6.32 9.5 1.4 2.23 1.76 10.78 4.12 2.8 4.26 10.54 4.82 6.56 4.64 11.53 17.28 24.77 18.27 12.61 17.85 12.64 14.01 13.57 7.34 8.59 9.75 6.13 5.43 3.78 4.39 4.14 3.07 1.31 3.14 3.58 6.14 6.67 5.26 10.93 5.74 3.94 5.3 2.57 3.74 5.0 3.44 3.1 2.37 4.23 1.95 1.99 3.33 3.92 8.03 4.94 6.2 8.84 5.92 2.83 4.67 16.65 14.94 4.03 10.22 12.26
7.0 6.99 2.37 2.57 2.49 3.13 6.46 3.84 11.03 6.49 5.28 5.57 10.71 6.3 8.18 6.75 30.48 15.82 9.31 11.38 12.8 6.46 6.89 5.73 4.48 11.34 15.86 7.31 3.33 3.32 1.78 1.22 2.99 2.63 4.81 9.02 6.04 11.95 9.49 5.25 3.78 3.14 2.89 10.84 3.26 3.73 2.36 2.43 1.11 1.6 2.18 6.77 10.86 11.1 9.4 10.12 8.65 4.43 7.86 6.91 11.11 11.4 15.73 28.39
4.89 6.85 2.54 3.67 3.87 5.0 4.25 5.04 12.56 3.34 3.71 7.29 10.12 6.61 6.18 6.0 13.16 16.4 4.09 11.33 13.2 4.64 3.21 7.4 7.13 6.94 8.3 5.84 4.24 1.18 2.23 1.13 3.63 4.58 5.68 9.09 7.65 6.13 6.44 6.18 4.89 4.66 3.08 13.75 4.08 4.46 3.23 4.57 2.27 3.34 5.21 12.2 14.31 16.36 25.2 19.67 10.42 8.63 13.92 14.36 8.24 9.51 18.08 31.84
5.35 4.51 1.7 2.17 12.46 4.92 2.49 3.72 19.02 6.04 5.29 11.09 12.34 5.86 6.54 6.08 10.36 8.67 3.64 11.91 9.99 8.83 4.85 4.31 6.91 7.34 4.38 6.13 3.52 3.65 2.05 2.36 2.81 4.34 8.76 11.38 7.37 4.82 6.44 10.82 3.88 5.17 3.49 15.65 12.28 5.74 4.25 2.64 7.27 5.75 6.51 7.19 4.59 5.74 19.93 16.69 11.52 11.76 4.07 14.73 3.13 4.71 9.84 45.94
6.64 5.8 3.63 6.37 9.17 9.86 4.92 6.93 8.24 4.9 6.54 10.96 10.51 3.11 3.52 4.38 9.3 7.21 1.99 5.17 12.63 7.16 6.14 3.69 5.74 13.51 7.73 9.97 3.07 5.69 3.75 4.01 3.11 9.98 6.76 15.52 4.03 3.27 2.82 5.51 2.34 3.67 4.52 6.91 8.19 8.68 5.24 3.24 6.61 5.1 10.64 3.81 3.5 3.73 23.62 8.25 7.67 8.79 3.97 3.25 6.13 4.17 9.48 18.06
6.42 5.37 5.27 7.29 6.82 6.83 2.71 13.52 4.43 3.73 4.5 22.53 16.03 4.41 6.03 4.43 5.17 5.68 5.4 3.71 3.76 2.13 4.4 2.58 7.11 4.7 8.48 6.56 6.54 3.22 3.95 3.59 5.5 8.6 13.4 12.21 11.07 4.11 5.31 2.22 1.81 4.89 4.27 6.38 6.17 6.41 8.66 4.6 6.28 8.55 5.7 6.0 3.48 6.52 9.18 14.0 9.01 8.18 3.0 8.38 5.73 8.14 10.5 9.24
4.32 2.21 8.86 5.26 5.54 4.51 2.31 4.78 3.6 3.05 4.78 11.8 24.13 15.31 8.18 2.69 2.39 4.56 6.9 9.14 2.0 2.32 3.4 7.54 5.59 4.29 9.82 10.16 10.6 4.12 4.0 6.07 7.4 10.61 10.4 12.74 13.38 7.97 7.48 2.9 2.13 3.68 5.83 4.06 6.48 5.17 12.03 4.9 4.29 5.6 4.41 5.74 11.04 9.21 8.13 8.35 12.25 9.6 5.21 4.25 2.73 5.33 7.73 5.62
3.28 4.19 4.56 8.09 8.06 5.04 10.18 8.28 3.57 5.21 8.42 10.71 12.79 5.94 8.55 4.38 4.41 5.38 10.83 5.38 3.19 4.83 7.37 5.73 9.76 4.36 9.42 5.02 7.45 4.04 6.48 11.2 8.25 5.81 19.81 11.81 12.52 11.04 5.74 3.94 3.11 4.95 8.46 3.87 9.09 11.41 13.6 7.43 4.33 5.93 4.81 6.47 7.61 8.55 5.96 12.35 6.53 5.31 3.12 3.14 3.69 5.79 3.51 8.28
4.55 4.67 10.9 6.31 12.37 4.99 7.44 7.08 14.96 10.93 16.3 7.31 7.9 3.04 12.28 11.07 6.47 5.43 5.53 6.43 4.3 7.61 13.71 10.56 11.51 9.02 9.58 5.23 2.19 2.46 3.84 8.35 7.95 6.87 10.73 17.84 7.77 26.09 15.01 9.47 5.04 5.68 5.69 4.34 12.44 14.41 13.28 5.9 5.47 8.45 10.14 4.59 5.55 6.36 13.55 8.13 3.88 3.71 3.05 5.4 5.06 4.01 5.9 15.41
3.22 12.85 8.16 9.63 7.18 5.28 4.33 5.14 7.93 10.47 9.21 10.34 9.33 5.49 7.37 6.06 13.79 6.2 5.38 4.07 9.03 6.96 16.88 17.02 14.93 7.31 4.82 1.96 10.0 5.01 4.0 4.12 5.41 6.96 13.7 10.29 6.68 14.67 15.4 10.11 6.02 4.99 3.75 6.07 3.73 8.61 12.91 7.45 12.02 8.61 8.73 4.0 6.73 9.17 5.58 6.38 4.59 2.57 5.62 7.8 2.28 4.21 4.36 10.39
11.61 13.84 6.99 5.36 10.84 8.1 11.08 6.82 5.46 13.05 18.12 9.43 12.2 6.9 5.38 8.16 9.54 7.4 4.2 6.52 4.61 6.29 8.09 18.71 9.15 8.38 2.4 2.56 10.16 9.09 5.78 6.33 7.41 6.58 15.42 7.09 6.05 12.71 4.32 7.67 6.18 4.29 2.84 3.91 7.61 14.06 8.01 4.34 4.16 5.84 9.25 4.3 12.09 9.75 10.14 6.35 5.82 8.31 9.72 10.76 2.36 5.04 3.14 13.18
9.46 22.42 3.73 5.81 14.82 9.18 9.7 7.18 8.48 19.36 19.06 20.41 17.79 9.25 4.04 8.26 10.4 5.68 3.78 4.08 4.6 14.67 12.61 10.07 8.4 7.29 1.71 3.55 7.16 6.45 8.3 8.05 5.2 7.54 10.0 12.06 8.52 16.02 7.65 9.52 6.22 5.62 3.6 3.21 6.55 6.9 6.63 2.68 7.15 5.22 6.18 7.74 19.65 7.98 7.03 9.91 10.61 9.17 14.96 11.82 9.57 6.02 3.67 6.49
6.02 31.95 12.66 6.57 5.23 6.39 6.34 11.43 6.55 9.29 9.73 13.0 14.69 13.04 5.0 5.36 2.59 6.83 2.64 1.95 2.92 5.46 10.61 11.54 9.31 7.24 2.62 3.74 14.73 8.94 18.67 8.51 12.76 10.92 10.04 13.31 24.73 26.73 8.5 6.08 7.02 5.13 7.93 5.47 3.41 4.14 4.0 3.92 6.07 6.79 10.37 18.55 14.23 13.19 4.47 7.33 16.53 17.9 6.89 19.1 9.74 5.31 4.24 4.21
6.63 14.37 7.42 11.05 3.72 3.51 4.93 13.66 17.67 11.78 13.42 19.96 15.74 12.32 3.88 4.12 2.52 4.79 4.13 2.19 1.8 2.67 4.16 12.0 4.21 6.52 5.22 5.81 16.36 21.43 27.89 18.38 8.64 14.18 12.4 14.62 16.82 23.66 16.06 6.21 10.13 13.58 17.56 6.93 11.2 3.79 6.55 2.72 12.37 4.83 11.24 6.02 13.21 10.57 11.04 3.5 12.16 14.61 6.38 5.92 12.52 5.66 4.06 2.94
9.14 16.23 6.34 8.16 3.73 6.6 7.42 26.92 19.72 9.29 29.0 23.24 10.99 5.49 6.15 4.37 6.74 5.57 7.99 4.51 4.36 2.05 5.79 7.98 10.61 6.42 13.68 10.13 11.52 15.2 33.52 31.16 13.55 8.13 13.33 14.07 10.26 7.62 11.8 10.08 5.11 15.21 18.51 11.6 13.24 10.86 6.95 6.33 4.84 8.09 7.65 8.42 12.0 8.96 9.65 5.71 7.37 15.22 9.18 5.36 10.1 12.74 9.7 5.91
6.21 13.35 5.44 3.42 3.48 9.71 12.44 20.96 12.89 10.06 32.43 39.34 14.42 6.69 4.82 6.62 7.49 7.1 10.05 7.67 7.46 8.65 5.89 5.64 12.68 24.96 16.2 15.25 7.18 10.79 25.72 30.98 17.11 14.55 11.39 15.15 10.12 8.56 7.24 11.98 8.52 7.61 30.31 19.03 14.95 16.35 20.34 8.78 13.02 7.58 12.26 12.64 15.89 10.21 11.35 13.49 7.28 11.56 9.32 6.69 11.43 6.99 6.86 4.45
7.06 6.34 6.06 6.39 3.53 9.45 18.62 25.82 25.03 22.29 23.93 39.01 14.9 6.9 3.75 2.88 4.67 8.73 8.22 6.79 11.1 15.85 11.65 6.72 16.67 15.42 11.03 13.83 11.31 13.52 29.35 19.73 17.76 25.18 24.37 15.58 18.2 11.77 11.78 7.93 5.85 5.98 12.69 12.95 19.39 22.55 17.01 10.37 20.9 14.83 8.41 17.57 7.07 7.46 7.19 11.78 9.25 11.69 2.89 3.05 4.89 4.46 4.78 5.09
8.46 6.37 6.42 6.26 4.13 9.56 12.5 13.54 46.08 15.88 11.48 19.84 19.5 6.63 3.52 2.77 3.95 10.59 13.94 5.15 8.21 38.3 8.29 20.99 26.67 16.41 3.83 17.45 13.73 29.79 18.54 12.2 13.75 16.67 12.04 13.55 12.78 8.43 4.94 3.79 4.27 5.52 10.34 6.83 9.64 11.08 13.45 5.18 15.47 10.18 11.54 9.39 8.78 8.16 3.99 6.26 6.96 3.7 2.95 2.12 3.23 2.26 3.98 4.82
5.88 7.63 6.99 7.62 5.77 11.47 16.2 15.99 20.82 23.93 21.95 12.52 29.32 8.67 5.21 2.77 5.23 8.54 4.25 5.51 7.29 24.71 9.16 5.79 21.67 6.38 6.52 16.58 18.36 25.79 14.44 10.31 28.02 15.85 24.2 25.01 29.55 8.99 4.09 4.46 4.78 6.99 3.89 6.28 12.5 4.91 1.91 3.88 8.65 7.96 4.23 4.9 5.88 7.55 3.85 4.78 6.33 5.19 3.88 2.57 1.72 3.08 7.3 13.82
2.04 3.43 4.36 7.42 3.61 6.85 18.38 17.71 20.35 23.12 31.12 42.26 67.01 15.03 10.17 5.17 4.16 6.84 4.42 10.84 14.43 18.67 11.14 4.29 8.52 10.54 5.03 7.47 16.03 9.17 15.44 10.97 21.13 28.08 31.48 52.59 11.24 9.85 7.79 5.05 3.19 6.29 2.56 5.49 6.33 7.75 3.21 3.74 11.6 7.96 3.45 6.04 9.92 6.52 2.6 2.72 3.18 6.25 2.44 4.02 2.6 4.25 7.39 21.84
1.64 1.42 2.71 2.52 2.8 6.88 26.13 34.33 29.44 37.24 47.27 47.78 64.92 36.79 24.01 16.88 3.06 7.56 9.14 16.42 9.34 6.57 6.97 6.74 9.41 6.28 10.54 7.79 10.14 5.73 7.35 14.18 14.32 16.33 38.07 37.93 7.62 6.18 7.25 8.4 9.19 5.22 3.16 6.81 5.6 5.56 7.36 2.95 5.21 5.47 7.14 7.36 7.27 8.01 10.12 2.47 2.1 2.32 1.3 5.69 2.93 10.4 9.26 13.86
3.35 1.14 8.27 5.97 11.07 7.84 23.5 29.5 31.09 23.13 27.05 20.93 27.38 16.06 16.6 15.61 7.03 4.07 12.47 10.95 16.32 3.7 5.05 7.56 8.83 4.94 8.68 7.9 6.47 7.52 6.21 29.13 20.12 49.3 40.21 22.82 4.41 4.72 6.09 21.71 6.05 6.8 7.12 6.12 4.56 4.05 6.97 9.43 4.61 9.7 13.01 14.58 10.1 6.93 5.28 5.42 2.21 2.49 2.86 5.12 2.83 6.31 9.7 8.55
2.1 2.5 6.51 4.08 7.92 9.59 18.54 21.81 28.86 32.15 19.46 15.71 14.97 11.56 11.51 8.87 8.01 6.89 6.91 14.38 9.21 2.37 5.65 6.85 5.09 5.22 5.49 9.51 9.81 4.84 4.64 39.19 30.19 40.3 50.32 27.86 12.85 6.32 6.88 7.08 7.05 9.36 13.48 6.98 7.44 6.75 17.01 41.34 15.87 13.02 12.67 16.65 7.47 9.41 4.69 4.83 2.99 5.5 4.15 5.44 3.54 5.11 11.11 8.5
3.2 2.84 7.0 4.81 5.35 8.18 11.8 23.03 33.52 19.58 25.97 5.98 6.27 9.66 10.3 6.02 6.26 5.75 8.92 12.76 6.88 5.67 8.23 8.96 4.7 17.42 8.76 13.45 12.27 12.54 10.59 21.86 27.7 22.56 25.93 39.9 9.3 15.42 10.0 8.16 4.01 3.61 10.09 10.98 9.17 18.83 21.72 24.12 15.39 14.95 20.21 41.34 7.38 5.27 7.62 8.28 4.42 10.4 3.45 9.25 4.85 6.94 18.36 15.37
7.17 6.72 3.65 10.84 13.3 12.75 19.19 28.65 20.57 9.91 19.83 6.03 6.83 11.01 11.23 9.2 10.6 9.95 9.91 17.64 5.93 6.39 3.88 14.05 4.47 12.23 13.08 6.27 6.63 17.73 12.68 14.42 9.45 24.44 16.87 16.83 11.07 11.47 16.43 17.65 3.51 7.71 11.62 8.92 13.47 20.3 17.61 17.3 10.43 7.98 25.5 16.84 6.38 7.27 5.78 3.77 4.3 3.95 7.76 8.08 11.25 8.54 10.63 11.4
7.36 19.55 9.91 9.67 7.62 16.04 19.89 32.26 19.1 13.01 10.41 14.1 13.06 15.01 11.41 11.08 13.24 20.19 9.21 8.05 7.39 4.74 3.5 3.49 8.35 10.66 12.78 3.53 4.01 5.01 14.11 6.43 12.73 13.59 12.99 14.62 13.25 10.52 14.51 9.47 3.78 10.3 13.24 8.98 19.02 20.37 8.81 18.14 5.58 9.96 19.92 12.61 11.82 16.65 5.31 3.86 3.06 4.71 7.11 6.45 8.25 13.03 15.13 10.99
6.81 17.72 10.23 7.36 10.75 7.16 23.78 14.1 11.94 10.23 24.98 25.0 8.54 11.99 9.71 7.77 10.59 32.44 10.57 10.54 6.46 6.69 4.56 3.19 5.03 7.27 7.88 4.34 3.65 7.08 5.94 2.92 10.67 19.41 8.55 12.87 13.56 8.94 11.88 4.8 7.35 6.58 7.66 12.25 18.14 14.09 11.88 7.11 12.55 9.0 9.05 9.74 30.25 13.79 4.39 3.04 3.58 2.95 3.15 2.23 7.28 10.34 13.48 6.74
5.79 18.54 19.11 11.68 8.56 8.09 14.47 16.14 13.91 7.96 14.88 14.63 17.15 13.87 12.65 9.05 6.01 13.46 13.69 5.05 9.26 3.51 3.98 4.3 3.9 4.07 5.66 3.99 4.42 4.02 5.27 3.17 9.88 13.35 7.06 9.83 13.03 8.18 11.31 4.72 9.67 8.89 15.95 13.17 7.42 6.22 5.16 3.04 7.03 7.96 7.95 15.35 28.21 7.53 4.29 7.68 6.13 3.35 1.04 1.5 6.69 17.38 10.18 8.13
8.61 8.4 26.59 19.2 13.79 6.0 10.99 8.62 17.2 8.69 11.19 11.64 21.64 17.04 25.5 11.29 11.33 12.53 18.74 5.87 5.58 9.76 4.88 3.16 2.92 5.35 3.33 2.88 3.71 3.05 3.4 10.06 4.45 5.86 5.22 14.26 19.88 11.81 13.72 8.31 17.55 19.93 7.82 10.25 11.68 5.1 5.81 4.95 10.06 7.19 15.78 24.56 44.03 12.31 7.21 14.88 9.73 3.08 0.62 0.94 4.58 5.06 13.27 7.72
13.31 12.7 23.03 30.28 13.38 13.93 10.87 18.19 8.6 13.1 5.53 9.11 9.98 16.68 31.21 11.39 14.46 8.16 10.52 6.87 7.08 4.51 9.61 3.77 4.17 2.76 3.98 2.26 8.96 7.48 13.05 8.49 9.08 10.58 8.0 9.79 20.06 15.53 17.5 12.82 14.43 12.21 20.46 13.28 19.13 9.12 9.45 6.55 5.44 9.2 9.94 22.94 30.77 11.51 8.88 17.79 9.82 3.09 1.05 1.87 2.3 2.29 9.86 18.11
25.93 8.74 18.41 15.48 23.02 18.03 24.62 22.93 11.85 16.58 13.33 6.9 4.68 10.63 8.62 9.46 8.91 10.42 6.43 5.24 5.82 6.16 5.7 6.04 2.6 3.43 2.99 3.73 7.34 6.64 14.29 11.62 7.64 7.92 11.77 13.11 15.3 18.58 25.42 10.73 17.81 9.38 18.54 18.64 25.02 15.95 10.39 6.93 8.14 9.67 8.43 17.76 23.36 12.02 11.04 16.01 7.36 4.82 3.93 3.65 2.43 3.68 11.23 12.96
27.13 13.59 24.14 8.98 20.96 41.62 12.8 13.84 12.91 8.06 13.43 15.95 5.82 4.78 6.23 12.56 8.08 2.91 4.07 3.76 6.64 10.64 6.67 2.14 3.91 6.22 5.06 3.2 5.32 7.41 7.99 9.95 4.33 7.43 13.4 17.67 15.73 18.03 15.11 18.21 20.59 12.03 12.95 6.17 16.89 12.48 10.96 9.07 6.36 15.3 13.41 31.45 30.12 7.78 12.76 28.37 21.3 3.05 3.72 5.87 9.08 9.09 12.22 10.75
12.29 21.71 12.38 8.84 13.3 18.08 10.38 6.13 9.28 11.98 7.35 7.29 4.55 11.5 4.11 7.16 5.45 2.62 4.47 3.37 5.61 5.84 4.42 3.35 5.18 5.95 8.41 5.13 9.44 14.42 10.43 9.16 3.39 6.76 14.9 9.69 21.83 15.96 7.75 8.03 17.28 13.65 15.28 5.03 9.53 16.88 13.01 16.0 6.7 8.38 9.51 21.4 23.05 32.06 7.72 37.59 16.88 7.02 5.3 7.63 6.31 10.09 7.88 6.86
5.2 8.3 5.6 7.57 17.46 14.99 19.1 14.65 8.93 10.1 6.25 4.17 6.0 5.39 3.73 5.0 5.88 5.64 4.29 4.42 3.85 3.85 5.29 2.99 5.89 4.73 3.26 5.81 5.71 16.28 4.77 4.82 8.34 13.83 12.37 10.78 5.34 13.78 6.02 6.23 10.0 11.47 16.88 4.47 23.96 12.1 31.58 15.98 16.04 5.24 7.31 8.45 28.06 14.84 10.18 12.9 17.85 6.48 9.21 4.35 3.47 10.16 10.21 10.73
6.84 6.04 2.87 6.28 21.09 18.79 9.45 7.71 7.89 7.4 9.35 5.48 4.92 5.25 6.03 11.64 8.5 4.24 5.55 2.69 2.94 2.08 5.44 4.44 5.8 2.96 2.28 4.1 5.48 6.31 6.27 4.07 7.78 7.69 9.65 3.21 2.69 5.54 2.93 4.34 17.52 15.23 4.71 8.18 17.77 22.65 22.03 12.68 13.96 16.35 5.49 7.65 14.33 12.84 3.02 12.34 10.67 5.98 10.71 6.98 2.5 4.23 8.66 11.22
4.66 2.27 4.38 5.52 14.97 11.15 11.52 14.42 9.64 11.46 14.01 7.09 10.5 8.96 7.57 15.1 5.65 4.51 2.85 2.57 1.93 2.43 2.24 4.63 2.22 3.59 3.86 4.17 7.62 10.34 7.3 10.74 6.2 4.93 10.51 5.66 7.01 5.25 1.87 4.79 13.79 12.0 11.29 11.28 17.02 27.77 28.78 12.79 14.89 9.28 4.09 7.91 14.44 13.36 6.3 6.4 12.6 4.43 7.73 7.09 5.14 2.91 5.47 11.51
2.77 2.89 2.72 6.41 9.6 5.53 17.78 25.48 24.1 15.09 11.93 13.93 14.25 13.08 9.33 21.8 7.67 6.69 4.05 5.74 4.41 4.49 7.18 4.43 2.07 2.37 3.7 6.14 11.48 19.54 19.99 11.25 3.87 4.63 10.82 6.96 7.33 4.15 4.17 6.54 15.3 26.94 39.79 24.38 32.78 56.11 34.44 55.86 25.06 9.31 4.9 21.48 8.42 8.72 5.49 8.38 6.68 13.73 8.2 4.17 6.12 4.34 4.49 12.7
2.67 3.08 2.96 2.77 12.46 17.32 8.82 25.91 47.62 16.96 8.37 8.12 7.52 9.87 11.15 15.93 10.43 16.4 5.39 6.59 4.43 5.7 5.4 10.87 5.64 1.95 2.28 13.07 9.4 23.32 14.94 14.13 4.84 11.03 5.31 5.7 5.36 3.15 5.92 13.02 19.48 30.44 64.63 28.96 33.61 25.32 35.92 35.38 37.91 13.58 13.79 18.74 7.28 6.74 11.86 9.67 8.97 4.19 10.53 14.42 12.59 5.38 8.83 22.27
