8.9 7.9 1.98 2.22 2.55 5.5 7.18 9.46 7.4 3.02 3.24 5.14 2.49 2.33 3.59 6.48 3.81 4.17 3.57 8.44 5.79 7.75 4.98 8.88 5.37 11.37 9.1 17.48 15.17 6.86 5.37 9.5 34.27 41.57 20.93 12.79 8.33 6.25 4.06 2.94 2.53 3.73 4.32 5.66 10.88 3.78 5.89 1.96 1.95 11.2 5.76 2.88 8.82 13.65 4.06 6.73 3.38 7.06 8.25 9.0 7.33 10.06 16.89 10.18
7.13 3.44 2.14 2.5 3.94 2.83 6.16 5.7 9.67 4.99 4.64 4.88 8.52 2.17 3.56 1.36 4.94 4.7 8.42 8.21 6.8 6.08 3.84 8.42 14.37 7.91 10.65 16.64 17.54 9.44 4.14 21.27 17.65 27.94 12.6 18.71 7.46 3.36 6.18 6.31 4.95 5.23 3.76 12.24 5.1 5.6 7.72 15.13 4.71 7.3 5.65 5.33 11.83 10.61 4.8 4.92 6.53 7.11 7.77 12.72 6.23 8.08 6.43 10.68
3.7 2.21 2.74 3.89 4.6 4.49 8.16 8.34 5.23 3.48 3.23 14.29 5.87 3.43 3.44 2.24 7.88 8.6 9.48 9.72 10.51 10.74 5.27 6.21 13.47 10.85 8.03 16.4 24.17 9.61 4.82 11.46 10.38 6.63 10.49 10.92 5.02 8.71 8.41 6.25 6.05 4.66 2.85 4.14 3.76 7.05 10.91 24.4 12.3 9.01 5.25 8.88 16.02 16.91 8.81 5.79 3.96 5.79 11.68 7.66 10.15 5.71 6.98 5.66
2.47 2.04 2.13 2.23 9.22 3.73 2.17 5.36 2.74 3.39 8.89 9.07 4.4 7.9 5.25 5.51 3.32 25.61 23.79 18.94 10.19 13.91 6.85 6.25 20.43 6.63 12.55 20.73 8.09 13.95 4.55 12.75 6.43 6.07 13.44 8.55 7.84 7.08 8.0 4.9 3.89 2.68 2.35 1.91 6.88 6.44 8.22 11.21 17.93 17.96 7.88 8.55 6.44 12.58 6.53 6.84 2.39 5.38 5.48 18.39 8.12 4.7 6.11 3.87
4.5 4.32 1.4 5.07 15.42 4.08 5.77 5.22 7.73 8.85 5.82 4.13 5.85 3.77 7.33 10.57 7.08 14.58 13.71 6.87 15.41 8.32 5.46 4.98 6.61 6.17 13.53 14.13 9.62 14.8 8.09 6.24 10.27 4.84 13.44 10.03 4.42 16.92 9.45 6.61 1.61 3.47 4.35 3.68 5.4 9.01 13.48 5.11 14.78 8.2 9.71 6.58 5.6 5.79 3.86 3.04 5.38 2.79 6.34 6.05 5.02 5.48 8.2 4.38
3.65 5.36 1.59 9.75 10.69 6.98 7.67 8.53 9.91 8.65 6.71 4.24 10.39 9.84 8.01 27.51 16.05 26.3 8.3 13.29 14.11 7.16 6.54 3.94 9.51 9.09 8.48 15.4 13.57 7.55 3.34 4.4 4.52 5.55 7.62 5.49 4.98 11.69 10.33 8.31 8.17 6.15 9.51 3.77 3.21 6.17 10.93 14.69 10.51 9.08 14.75 3.32 5.95 5.95 6.77 3.5 2.92 2.62 8.22 3.86 4.43 6.31 5.98 2.31
5.99 8.69 5.45 6.98 12.43 11.37 14.48 10.8 5.93 4.62 2.88 4.43 6.83 11.19 27.21 13.1 14.39 21.39 26.59 9.21 22.0 10.68 7.6 6.53 5.06 10.85 13.04 16.15 12.38 9.46 7.29 8.03 5.58 2.68 2.88 3.87 18.74 8.24 8.2 6.36 6.22 3.29 3.9 4.89 4.07 5.72 6.56 14.11 11.44 15.26 6.65 2.98 12.37 4.94 7.31 4.37 3.66 3.27 6.5 8.66 3.91 10.48 6.85 3.91
7.65 4.56 8.33 14.1 6.83 5.62 6.46 9.78 9.0 2.18 2.25 6.58 13.36 15.09 14.77 21.53 40.74 24.43 19.25 10.25 11.27 10.13 6.77 2.91 3.24 11.93 10.5 10.69 20.15 8.45 5.39 3.48 3.61 6.39 4.73 7.06 10.52 12.81 11.64 20.05 3.78 3.6 4.13 10.4 17.09 13.08 6.89 7.72 6.39 13.5 13.19 8.68 4.17 6.59 3.99 2.56 2.53 1.98 7.88 3.48 3.78 1.66 6.55 8.6
12.12 5.7 5.65 9.12 11.93 8.6 4.99 14.61 6.01 8.54 3.56 4.0 5.89 15.34 22.44 16.2 21.98 17.6 21.44 15.08 8.24 17.62 13.18 9.14 4.83 6.02 7.3 13.38 22.83 9.98 4.93 1.47 1.97 3.65 7.11 12.8 5.58 9.03 14.34 5.73 8.39 8.46 3.84 10.59 13.55 5.13 7.24 6.39 4.68 17.5 23.8 11.79 7.94 8.97 10.49 3.64 1.17 3.31 4.65 2.76 2.03 1.55 4.36 6.19
6.52 6.24 4.46 9.54 14.21 12.65 7.44 12.65 5.85 9.17 4.69 2.62 4.59 12.33 24.72 13.1 9.31 20.21 57.62 21.88 12.05 15.27 11.54 14.78 10.54 3.49 8.04 12.52 10.76 6.52 4.49 1.8 3.83 1.83 8.66 9.87 7.8 9.26 13.14 22.14 14.46 12.74 10.97 8.43 3.62 1.29 5.63 3.49 10.46 16.67 13.11 25.81 9.17 11.94 13.44 7.91 3.67 5.42 2.53 1.22 2.2 1.86 4.43 4.0
5.6 6.05 5.19 5.87 7.78 6.58 12.77 14.28 12.47 3.91 2.92 2.42 9.46 23.98 19.39 44.68 9.93 12.14 25.45 13.55 33.61 18.54 5.51 5.39 11.05 6.28 4.14 2.65 5.15 7.81 5.78 6.27 5.51 4.07 7.54 3.86 15.0 18.01 26.7 17.95 25.07 15.96 15.63 4.43 4.64 4.1 10.43 8.26 4.08 10.76 23.47 15.91 14.93 5.21 16.27 8.28 3.95 3.96 3.55 1.69 2.57 4.56 3.89 5.12
5.79 8.08 4.98 6.94 5.07 8.46 16.68 14.05 8.02 4.9 3.93 5.6 6.25 11.98 20.41 15.29 9.29 7.97 12.05 16.97 22.26 16.5 13.62 7.95 5.7 5.23 1.76 3.69 6.39 9.57 19.74 14.4 7.02 5.01 5.65 7.4 11.53 14.61 12.75 14.48 23.26 14.21 10.42 5.73 6.88 7.23 12.9 6.25 6.19 6.58 12.78 8.45 10.94 18.42 11.46 9.64 6.42 10.26 4.33 3.19 2.7 1.31 3.35 8.16
7.33 4.3 3.42 7.19 5.08 8.82 23.52 12.05 14.53 5.47 3.9 4.17 12.0 9.87 10.55 11.54 12.21 11.73 8.96 33.36 18.71 34.91 37.81 15.96 10.93 2.91 2.77 2.64 5.36 7.4 17.86 12.04 4.84 5.05 2.46 17.44 13.99 13.35 11.36 13.99 21.7 15.6 12.54 5.94 7.06 9.83 3.88 7.85 5.61 5.3 3.74 7.89 12.56 19.82 12.67 8.59 17.12 7.28 3.85 2.39 3.06 3.66 3.87 8.7
3.31 7.97 7.32 9.2 3.75 9.87 7.4 9.23 10.77 6.67 3.62 4.44 12.77 11.19 5.46 7.95 6.34 7.32 11.47 34.59 44.38 34.17 22.63 16.5 7.49 10.48 3.71 7.57 8.26 3.27 5.39 8.39 4.46 9.57 5.78 8.66 7.41 6.17 8.7 6.99 21.98 31.67 13.17 4.47 1.93 4.83 7.03 5.77 4.55 5.63 8.34 6.16 12.94 7.56 31.55 24.18 14.46 10.61 10.8 7.48 5.63 4.28 6.34 10.33
4.21 10.66 21.16 10.49 4.35 9.51 6.2 5.95 9.48 15.21 6.35 4.3 3.14 5.08 2.14 6.79 11.7 10.04 11.75 17.15 23.12 17.46 12.94 8.11 14.8 9.46 8.68 7.68 5.33 5.12 6.83 7.37 4.21 9.59 3.31 10.4 6.19 3.55 5.53 10.49 29.67 23.54 7.04 8.48 5.01 6.15 8.3 10.4 7.37 8.54 7.45 11.85 8.3 9.56 19.57 24.46 10.8 7.59 7.33 8.73 8.44 5.0 6.12 9.84
9.86 17.95 15.49 7.4 6.06 6.41 13.59 23.67 19.41 15.38 10.82 2.99 3.0 5.56 1.63 4.88 8.6 13.65 9.37 10.97 20.95 19.19 13.1 5.03 19.04 17.68 10.11 3.87 2.19 5.76 4.95 3.74 3.05 5.8 21.42 5.66 9.37 2.94 8.04 4.79 8.92 28.57 5.08 15.28 5.89 6.99 5.45 4.21 16.96 11.12 10.93 19.41 4.23 7.6 19.06 20.23 6.81 5.14 5.83 4.54 9.03 6.72 6.46 9.47
20.73 29.62 3.8 5.3 8.71 10.28 13.96 31.58 37.38 17.72 4.57 5.06 1.91 2.8 6.93 8.09 10.11 11.5 11.4 12.0 17.02 23.47 16.05 12.12 15.55 15.45 1.94 1.63 2.92 2.74 6.69 3.98 3.85 7.21 22.51 12.9 6.39 5.88 3.39 3.94 10.2 14.75 7.5 6.15 7.53 5.13 12.31 7.61 6.88 12.37 12.41 10.72 4.63 12.2 13.72 7.79 5.26 3.93 3.21 5.66 2.54 13.29 6.0 12.7
18.36 7.28 5.76 9.97 11.8 18.98 19.56 13.7 36.05 13.9 4.89 7.71 7.9 5.66 6.6 4.33 7.77 8.51 8.77 7.64 12.01 13.26 11.23 10.66 21.86 9.6 3.89 3.97 3.5 3.4 2.79 5.84 5.57 7.84 19.71 9.67 21.66 7.04 2.14 3.77 6.64 14.23 8.06 9.94 4.2 6.62 4.01 4.77 4.71 10.93 9.7 6.66 6.85 7.25 12.37 5.67 7.12 15.13 4.37 2.43 4.22 8.16 6.97 6.07
11.8 7.49 9.58 15.69 14.02 18.12 11.89 14.09 20.73 26.53 6.59 12.51 8.11 10.58 10.12 6.33 5.32 5.82 2.92 4.74 11.71 17.42 7.95 15.29 9.23 36.58 3.91 6.47 5.68 3.46 3.36 6.98 11.66 12.3 19.05 11.06 10.92 12.16 3.71 6.82 7.64 6.87 11.09 3.97 4.28 7.24 7.59 6.22 5.01 3.71 6.12 12.26 2.21 2.2 8.34 7.63 17.8 22.29 10.1 7.35 6.19 4.63 6.58 5.85
7.04 12.46 27.39 25.6 26.19 13.57 17.66 7.47 9.84 17.84 13.07 13.1 3.55 9.44 7.32 4.94 5.47 6.48 3.83 6.88 18.67 21.97 36.12 9.87 15.11 23.51 12.0 13.57 6.1 2.39 3.65 5.5 7.76 13.31 14.16 11.35 8.7 12.12 7.26 13.46 11.52 3.83 8.56 3.94 5.82 4.71 6.14 6.46 17.14 4.43 5.66 4.31 2.66 5.19 2.91 11.36 18.18 23.33 15.12 9.53 5.13 2.07 3.14 4.57
8.25 6.2 17.0 18.11 15.39 7.51 15.18 14.22 10.35 15.12 10.62 9.0 13.39 7.02 10.35 4.71 9.35 3.36 7.96 5.35 6.06 23.87 20.13 18.26 18.12 15.2 12.56 5.94 5.37 2.61 11.11 9.88 9.84 6.41 10.49 7.49 7.38 6.61 10.14 21.34 6.98 4.79 5.32 4.08 2.59 5.41 4.26 5.59 10.79 6.55 4.17 2.78 2.11 4.76 4.58 15.8 15.15 16.76 16.0 11.87 7.03 5.42 12.46 6.11
7.25 14.06 13.26 11.35 14.28 18.09 15.9 9.51 8.63 6.17 8.74 6.83 12.9 5.53 3.52 4.74 4.65 5.13 3.38 6.9 7.48 18.75 24.96 9.17 7.9 11.43 14.65 10.03 7.63 7.54 9.14 15.68 5.73 2.96 7.23 6.39 4.08 5.61 7.36 9.97 6.55 8.29 8.11 3.47 2.78 3.36 6.96 5.76 7.01 6.29 5.91 4.5 1.67 5.89 6.44 11.88 8.42 5.66 16.49 8.64 3.0 7.72 2.8 16.2
11.14 10.75 17.51 19.78 34.46 14.29 15.59 5.56 6.07 5.24 9.56 10.03 9.6 4.44 9.23 5.39 11.29 14.97 8.85 6.27 14.26 12.81 17.83 6.49 3.76 4.41 10.17 9.54 5.87 5.32 5.67 6.18 3.72 2.3 4.48 8.39 4.32 3.17 8.41 11.74 8.29 6.07 5.48 3.98 4.27 12.09 12.01 10.15 4.75 5.74 2.51 2.05 3.84 2.97 15.08 7.83 4.34 5.52 8.13 9.04 4.28 12.22 4.72 9.62
13.73 19.15 29.88 9.48 15.33 27.77 8.67 4.19 5.02 4.39 14.05 11.32 10.66 2.45 5.07 7.49 15.84 15.76 9.98 16.96 14.64 15.4 17.04 5.97 6.42 5.47 7.83 7.98 15.27 7.99 4.41 4.51 6.12 6.86 7.11 9.55 4.2 4.26 4.04 3.59 5.74 3.17 7.81 4.34 6.37 13.18 19.38 6.12 3.74 5.22 1.18 4.9 4.17 3.58 10.6 6.01 10.28 13.16 13.68 12.11 6.59 5.31 6.51 3.96
18.79 14.27 19.87 7.21 5.97 8.77 8.64 11.16 6.83 8.78 15.26 11.33 5.53 7.06 3.35 10.34 8.95 8.18 13.38 10.04 7.91 7.42 4.95 5.77 5.61 5.97 12.43 12.16 13.5 9.89 4.69 4.69 8.77 8.98 11.3 5.49 3.95 10.08 6.68 6.74 12.41 2.77 6.05 5.46 8.47 10.64 8.98 4.82 2.77 2.26 3.45 0.81 2.52 3.05 7.41 4.38 7.34 9.36 4.61 7.96 7.86 9.24 11.96 4.68
21.86 6.27 8.36 13.44 9.02 11.2 5.2 10.65 13.68 9.23 10.97 6.33 13.04 5.81 10.12 4.13 9.91 6.5 6.9 4.29 6.98 7.82 5.3 4.67 4.95 6.07 15.7 13.37 8.82 6.32 5.56 2.87 4.06 3.62 4.8 3.92 6.28 8.84 6.54 10.89 8.28 5.49 4.68 5.72 4.54 10.27 9.18 9.97 10.29 10.77 6.31 4.51 3.44 2.7 5.17 4.81 6.33 6.68 4.61 4.9 7.37 4.44 8.75 3.3
9.85 15.87 15.29 12.97 14.83 9.7 7.17 2.7 9.04 8.17 8.63 9.37 8.35 13.89 11.89 12.47 6.91 4.29 6.0 4.44 6.94 8.43 9.39 2.02 3.48 2.8 4.63 9.65 9.03 14.05 6.93 6.9 10.19 3.01 2.47 3.8 8.93 6.91 20.13 8.43 9.54 6.35 2.32 3.55 3.14 11.45 18.58 13.07 13.3 9.66 9.97 5.49 2.01 5.54 7.48 6.31 3.49 6.48 12.57 9.74 8.72 4.15 4.71 3.22
15.39 5.53 19.27 8.54 6.45 6.09 2.62 2.57 6.24 8.45 9.54 13.45 7.58 12.94 10.7 13.48 5.94 4.75 5.12 7.0 5.0 8.96 8.01 4.88 1.9 3.09 2.31 8.04 15.48 20.32 9.24 14.17 14.76 3.51 2.24 4.53 9.06 15.93 12.13 8.9 6.49 7.87 3.59 5.14 8.82 15.45 18.9 22.42 12.94 12.74 14.12 7.03 7.32 8.87 7.13 7.85 2.8 6.36 11.86 9.74 3.77 2.83 2.21 4.38
7.85 6.88 19.29 10.33 3.31 2.45 3.59 5.1 18.49 7.21 7.36 5.25 8.73 7.39 3.59 5.46 8.38 3.71 5.34 5.07 3.89 11.56 8.9 3.01 4.2 3.03 2.67 5.82 9.52 28.8 21.4 16.33 22.42 10.75 2.25 4.54 6.85 14.69 26.47 11.13 2.58 6.05 14.52 7.93 12.42 15.64 19.63 13.09 13.41 16.63 13.37 13.13 10.32 5.49 6.26 15.25 6.16 8.34 10.02 3.3 3.04 4.27 4.79 4.6
4.42 12.73 19.62 13.35 5.26 6.03 2.89 8.07 12.41 8.54 5.69 6.22 4.26 6.61 3.09 7.99 7.17 6.03 6.39 4.5 12.38 15.12 4.84 5.54 2.22 3.26 4.05 7.86 7.01 9.94 11.83 12.23 30.47 5.98 4.54 5.02 4.97 13.38 19.49 10.08 6.83 4.77 7.75 8.92 14.88 14.26 34.68 11.19 17.41 15.71 13.9 12.56 8.9 5.86 11.64 10.6 9.49 10.42 14.19 4.28 1.32 5.3 6.99 14.51
6.42 10.17 10.84 9.22 12.18 3.8 3.96 3.43 5.22 9.75 7.9 3.14 6.44 2.66 4.77 4.74 5.41 13.72 7.09 3.52 6.12 5.73 7.14 8.46 4.35 2.88 4.18 3.69 7.38 11.29 18.05 20.69 10.35 18.38 9.13 12.93 9.75 15.95 20.05 10.13 7.81 4.39 7.64 13.13 15.84 16.65 21.99 14.71 11.69 5.15 4.58 3.05 6.74 15.22 11.64 8.12 19.67 10.56 7.25 7.2 4.9 3.73 8.54 9.81
10.5 14.11 7.02 21.33 9.69 5.92 7.44 2.5 10.01 13.82 6.94 4.65 2.48 2.1 1.75 2.41 4.22 5.36 5.17 2.74 7.26 3.84 5.62 7.05 3.86 3.48 4.86 7.46 7.11 21.42 22.96 16.23 7.34 10.31 13.6 5.54 6.79 18.26 10.7 5.58 1.89 6.49 12.29 27.93 37.37 22.47 20.6 14.91 4.66 3.3 8.02 7.73 6.09 4.64 10.16 9.31 17.0 7.08 9.08 3.62 6.24 4.79 5.98 10.98
16.63 29.23 13.0 11.96 6.15 12.42 3.44 8.02 10.67 10.24 6.67 7.15 1.79 4.42 3.2 4.34 4.92 9.29 5.04 4.19 3.57 8.5 1.95 5.66 2.56 2.41 3.93 9.03 15.01 3.98 9.93 7.8 4.42 12.65 11.33 7.15 4.84 3.37 4.51 4.32 3.59 18.71 17.0 17.22 28.17 46.87 23.46 32.36 7.78 6.31 13.82 5.56 4.52 4.52 5.04 10.09 12.57 6.35 5.65 9.74 4.79 15.15 18.75 27.24
6.96 9.3 9.46 15.23 11.99 8.56 5.17 2.18 3.04 5.25 3.96 10.31 8.89 3.79 2.98 3.41 6.22 6.17 8.56 4.5 5.38 5.16 3.32 3.49 4.47 7.01 8.54 13.61 4.79 7.28 17.21 15.07 10.08 15.87 9.78 17.64 5.01 1.3 2.51 4.89 4.43 15.29 14.1 13.38 12.0 12.23 11.38 25.05 9.25 8.26 7.56 6.47 6.34 3.93 2.67 10.28 17.27 4.57 9.67 4.89 6.55 17.75 20.24 20.69
14.91 14.71 14.47 10.91 4.23 7.02 2.49 4.08 1.43 4.93 3.04 8.41 11.42 8.52 3.31 2.61 8.92 8.17 9.32 6.49 2.64 3.98 2.13 4.13 10.41 8.98 9.19 7.8 7.05 13.28 13.66 43.63 29.72 12.25 7.9 8.0 6.42 3.51 3.71 5.18 9.41 17.39 12.95 8.71 15.52 10.19 5.93 12.64 15.0 12.95 5.85 6.57 4.28 6.0 12.88 11.21 7.96 3.46 5.27 3.09 2.79 5.09 21.08 25.97
10.46 11.63 15.09 6.15 16.03 3.99 6.05 8.37 6.51 7.69 3.66 5.79 7.37 15.48 5.46 5.88 3.23 9.12 12.04 7.13 4.06 3.73 1.98 7.42 6.17 3.49 7.51 6.15 11.54 12.94 15.3 30.06 30.44 10.41 15.0 16.11 8.95 6.95 4.11 3.37 10.32 6.01 12.61 8.68 11.61 6.86 4.7 4.86 8.87 7.16 5.95 8.94 8.28 23.75 15.17 10.44 3.64 2.95 3.23 5.1 2.26 11.45 19.29 13.15
9.83 11.62 11.57 7.21 13.01 7.9 8.77 14.82 11.07 8.4 4.07 1.74 17.23 7.84 19.13 5.52 7.57 14.49 17.4 6.05 5.41 4.09 3.76 5.88 5.56 3.49 3.79 11.85 9.99 10.83 13.63 31.55 20.91 14.17 21.52 10.43 8.76 6.36 3.79 24.0 6.4 9.69 12.79 17.55 7.44 6.39 4.28 4.11 12.09 2.9 4.73 10.05 14.27 17.62 8.97 17.33 4.03 4.83 3.76 5.09 6.99 11.48 7.83 5.89
5.48 16.23 5.42 8.24 11.25 15.17 12.8 18.0 7.0 4.51 6.85 4.86 7.8 15.54 12.46 9.24 2.16 6.49 8.84 7.49 5.86 3.72 2.86 4.83 10.01 9.19 7.32 13.9 26.73 13.2 21.21 16.86 32.38 34.16 35.67 45.22 20.63 10.44 11.1 21.34 12.42 21.39 7.12 6.02 9.9 5.01 5.89 4.85 2.98 5.36 7.73 10.74 12.07 14.96 14.41 6.43 3.57 4.98 8.02 5.74 4.94 5.22 3.15 2.89
13.16 8.56 2.74 13.15 10.18 3.6 9.49 14.02 8.56 10.09 14.02 14.85 6.75 13.77 7.4 10.13 4.88 5.15 3.1 3.36 5.31 5.08 3.23 18.25 21.11 16.24 15.43 26.32 16.63 20.95 21.03 24.9 22.81 25.44 23.55 30.06 12.11 11.29 18.43 15.03 17.37 8.02 7.87 11.33 6.03 8.51 5.7 6.94 5.88 5.85 4.47 4.07 10.51 14.53 10.6 6.19 5.07 7.81 9.2 6.69 6.96 4.78 4.81 3.82
22.83 10.19 3.23 10.71 3.68 3.42 7.0 9.63 13.68 11.51 14.45 12.91 20.97 11.26 18.61 5.94 4.86 7.08 6.01 2.6 3.09 3.89 5.42 8.53 17.53 9.95 22.19 26.72 29.81 27.52 17.25 30.34 10.68 16.88 11.91 17.74 14.03 24.98 14.08 10.94 10.37 9.33 13.6 7.04 8.58 12.22 14.9 5.22 5.81 9.35 4.03 4.65 7.14 6.9 10.91 6.09 5.14 3.82 4.85 7.35 12.99 9.59 8.73 3.52
12.17 10.11 8.16 2.71 1.77 2.13 5.41 10.19 10.2 12.1 8.37 9.92 7.3 12.01 9.81 8.24 6.13 14.38 4.97 4.23 3.3 3.04 8.95 17.25 11.9 9.95 24.76 32.09 40.8 14.39 16.69 15.98 28.64 14.44 18.17 13.58 18.76 21.35 13.53 7.52 16.42 16.12 7.46 3.57 4.66 12.84 16.92 4.05 2.69 8.76 4.51 9.84 4.99 13.37 23.57 3.97 5.26 6.2 5.0 22.11 15.37 9.85 13.82 8.06
7.86 4.43 9.08 3.4 2.81 5.53 8.99 14.63 5.49 7.23 15.05 5.59 12.34 7.73 5.78 2.75 7.45 9.42 7.52 5.15 3.95 3.1 4.57 14.57 14.34 12.44 15.54 22.54 20.2 21.82 13.89 11.1 16.02 21.48 33.08 27.18 26.38 18.48 11.12 13.54 16.05 19.27 11.29 3.3 4.67 12.58 6.02 6.92 7.03 8.56 12.92 13.61 11.44 24.56 21.0 8.14 3.34 4.32 11.62 18.71 15.7 12.93 4.8 3.48
5.68 6.62 6.08 1.02 2.04 3.37 3.89 5.05 4.86 7.59 9.87 7.21 11.58 15.8 7.75 7.67 8.89 9.63 16.54 7.47 4.6 3.29 5.38 3.97 25.03 26.29 18.83 12.66 10.38 13.51 6.87 5.73 6.78 15.26 13.99 13.78 7.61 12.23 13.16 10.94 13.47 16.75 11.94 4.51 6.85 12.97 8.55 11.53 7.03 12.29 10.67 5.36 10.78 5.68 16.03 17.31 6.31 6.16 35.65 17.84 12.25 10.56 5.67 9.07
5.46 4.87 3.1 5.09 5.64 5.12 3.05 2.5 7.45 8.55 5.67 6.18 6.67 20.81 8.01 11.96 5.86 5.1 6.4 2.73 3.47 2.48 3.16 5.08 11.29 23.51 25.18 27.29 17.97 14.19 13.45 4.18 12.6 8.79 16.55 5.67 2.66 2.87 5.67 9.18 24.99 10.62 3.24 4.53 4.26 7.4 9.46 8.16 5.1 11.82 8.26 4.71 7.42 12.22 16.14 23.75 17.56 30.5 52.46 32.47 20.2 9.79 5.88 7.98
3.12 3.68 2.79 4.23 10.41 3.96 2.77 2.85 2.84 5.46 3.42 5.3 14.2 8.84 6.39 10.98 10.17 4.38 2.95 1.81 2.76 1.22 3.13 11.12 13.69 17.95 19.16 22.69 57.83 15.41 12.45 7.81 5.25 7.39 6.12 5.06 3.51 2.82 4.93 11.61 44.86 11.18 7.45 2.18 1.98 3.41 13.11 6.83 10.68 6.3 9.74 4.91 7.19 5.43 28.75 24.32 9.47 27.32 20.67 14.78 21.9 9.01 8.0 7.0
4.43 3.45 2.89 3.88 10.15 10.46 6.62 5.74 3.58 4.83 1.9 6.79 7.72 7.66 10.98 3.78 3.98 2.98 1.04 2.51 5.74 3.86 3.75 7.56 10.36 24.92 14.74 23.76 60.46 22.78 12.03 5.29 8.37 5.47 10.16 3.4 4.62 2.93 3.46 8.01 16.21 9.23 4.42 2.45 2.11 3.2 9.69 12.87 10.6 7.65 17.22 14.31 6.94 12.22 27.93 17.98 9.82 10.84 14.83 18.36 18.74 7.71 5.11 9.25
5.08 1.59 5.78 7.23 11.03 12.07 9.05 6.13 8.03 4.77 8.84 10.38 10.16 5.11 7.61 2.69 3.2 1.58 1.87 4.57 4.45 6.14 4.4 3.01 5.66 10.38 20.71 14.62 31.5 9.71 13.6 10.93 9.95 9.43 5.67 2.64 3.19 3.23 7.2 12.0 15.37 6.28 6.51 5.24 3.86 4.76 6.09 13.93 7.26 4.97 8.16 10.02 12.65 20.1 6.49 11.45 6.11 6.56 5.5 19.86 10.02 5.35 4.24 3.73
3.21 1.4 6.58 10.44 11.52 7.87 14.31 6.37 14.44 15.73 12.2 7.74 10.56 3.9 3.8 5.02 3.82 5.07 3.86 4.92 3.97 4.52 8.78 3.58 2.68 8.63 10.24 15.89 15.96 13.26 10.6 9.81 6.76 11.67 4.27 4.63 3.84 4.11 6.0 8.91 4.15 5.8 5.21 5.11 5.78 4.75 7.84 3.1 5.31 5.5 13.96 13.19 21.9 10.95 6.49 10.1 9.44 9.12 9.56 9.95 9.74 7.71 2.98 4.32
3.16 4.75 4.16 9.4 7.05 16.03 8.44 11.67 32.88 7.3 9.28 5.29 2.9 4.14 4.92 2.25 6.74 15.41 5.14 4.94 2.97 3.88 3.97 2.54 1.98 5.62 10.29 14.29 6.42 5.6 17.68 14.44 8.57 6.75 10.31 8.61 7.15 3.44 6.61 4.75 5.66 16.47 10.36 6.6 7.73 6.3 10.11 6.6 9.55 12.57 12.69 6.34 8.92 10.6 10.42 11.73 4.45 5.07 11.13 8.29 13.6 6.63 5.02 5.68
3.84 8.5 5.77 7.96 11.01 18.93 14.79 17.18 23.68 7.57 5.07 4.19 6.38 10.86 5.52 3.27 6.59 4.54 8.26 3.8 8.17 4.44 3.09 1.29 5.1 3.89 7.65 10.09 10.57 7.15 9.76 11.5 7.25 4.61 5.41 10.45 7.3 6.95 6.03 4.2 7.89 10.32 12.05 8.25 7.53 7.49 10.15 11.57 9.47 15.47 5.45 5.47 7.3 5.53 9.29 9.61 9.24 5.16 10.77 18.05 19.07 8.88 5.63 3.88
5.04 12.19 6.94 8.31 15.41 23.24 13.43 5.87 11.77 19.24 11.42 12.78 10.86 9.18 10.72 4.61 7.11 5.41 4.84 3.69 6.59 7.39 4.35 2.47 4.8 7.51 9.08 6.39 10.03 6.59 10.81 18.52 6.62 5.48 11.05 5.12 7.48 19.48 6.95 4.02 11.96 8.82 9.03 4.78 7.67 8.89 7.82 10.81 4.76 3.9 2.57 6.2 6.61 6.04 6.72 4.07 12.55 13.21 22.65 8.39 10.6 10.5 4.37 3.82
10.55 24.41 11.42 25.2 40.59 15.44 14.9 4.56 7.68 6.52 6.67 16.71 7.07 4.9 4.71 6.57 4.46 8.79 3.78 5.03 12.76 12.89 8.84 13.18 7.6 3.87 8.15 10.0 22.24 10.99 17.49 24.93 5.11 6.56 11.15 10.73 11.3 11.94 7.44 5.16 9.36 9.04 8.04 5.15 12.05 7.89 4.44 10.31 7.6 7.31 3.71 8.48 10.4 14.0 7.22 5.72 5.55 16.3 10.91 7.89 8.16 8.55 5.12 2.1
18.54 11.68 28.27 22.82 30.95 7.72 8.7 4.46 6.2 17.6 5.61 21.02 8.74 3.39 7.68 7.12 13.84 8.4 3.87 10.96 11.7 7.63 7.0 8.55 5.43 10.35 9.24 7.92 9.7 8.45 13.05 20.4 8.78 8.62 15.44 11.22 11.08 19.16 7.24 14.03 10.77 18.53 15.73 19.65 6.65 17.24 12.94 10.09 34.98 24.86 14.73 11.2 6.26 10.51 11.32 18.55 14.49 17.68 14.2 7.15 10.08 22.39 18.13 5.86
9.87 13.1 20.14 32.09 20.46 8.69 5.36 2.9 6.09 11.83 5.2 4.48 2.85 9.53 13.01 9.38 9.42 7.64 4.82 22.79 12.87 20.29 10.85 6.7 3.73 17.46 20.48 32.86 6.49 5.31 11.88 43.0 23.99 10.53 15.26 10.81 11.48 8.21 18.96 24.29 9.09 7.56 14.35 12.31 12.36 11.92 13.18 18.22 15.93 32.92 46.0 11.45 5.48 12.15 14.2 20.17 14.76 12.31 11.56 21.61 7.84 21.07 31.72 11.35
12.0 8.6 32.74 24.07 13.54 4.19 2.35 3.06 3.54 12.04 18.71 5.09 1.85 5.06 10.92 13.01 21.49 10.47 9.03 16.48 23.79 12.43 12.0 10.92 7.46 16.13 25.1 31.7 9.72 6.82 7.93 18.52 23.42 23.49 5.32 10.36 18.34 8.58 16.71 26.25 15.59 11.87 6.22 5.99 5.09 6.39 24.4 20.04 13.24 32.47 20.16 15.8 13.78 14.63 16.77 17.33 14.41 6.92 7.12 12.75 6.98 13.73 22.31 15.61
18.87 22.65 21.44 14.05 4.63 3.06 2.96 6.56 6.17 4.22 23.7 4.35 4.04 2.5 3.99 10.46 13.55 13.46 12.51 5.94 8.43 8.18 7.11 4.62 12.47 9.44 19.1 21.49 10.63 11.03 14.64 13.1 16.21 12.16 6.56 12.24 26.3 47.3 18.63 10.27 5.28 8.91 20.71 10.23 9.11 14.6 20.18 9.46 9.9 22.3 22.77 13.57 19.14 16.15 38.46 17.98 9.3 3.63 8.0 14.33 7.15 22.01 22.06 15.16
13.78 20.06 13.75 9.85 5.45 3.44 3.44 6.08 16.82 8.81 7.29 7.81 6.01 3.76 4.91 10.3 11.95 19.09 9.36 5.73 5.79 10.95 4.57 8.43 7.17 14.86 30.12 20.85 13.34 8.57 3.7 7.43 7.21 5.87 9.56 13.53 9.12 13.49 11.08 12.68 13.59 13.2 20.01 17.09 14.05 16.0 12.8 9.15 9.29 27.24 22.15 14.9 10.8 20.67 26.35 20.7 16.84 27.58 6.15 12.13 4.46 11.52 16.38 20.25
6.66 5.86 13.93 25.53 10.37 4.62 3.73 5.36 6.03 14.06 8.79 7.82 6.54 4.29 3.85 4.09 31.43 10.26 7.91 7.01 5.12 14.37 12.94 28.96 18.73 12.34 12.61 19.14 40.43 7.15 4.77 5.1 6.85 16.25 9.18 16.02 7.82 7.61 5.88 6.08 8.6 7.97 9.59 14.3 6.16 19.04 11.22 13.6 17.29 12.51 13.2 8.17 9.13 8.29 18.27 5.24 14.78 27.43 13.78 9.78 4.67 6.03 20.04 12.56
7.16 12.99 15.07 17.06 10.73 11.04 2.63 7.44 5.91 11.97 13.15 5.5 3.91 5.57 2.81 7.75 5.34 30.24 17.92 9.74 3.68 14.83 28.46 16.63 34.95 11.65 7.86 10.45 11.48 11.52 4.31 14.22 13.02 15.0 9.38 4.83 5.8 2.7 3.72 2.84 4.49 9.36 8.63 4.78 4.85 8.79 14.98 12.76 19.68 14.24 8.87 7.4 6.98 4.53 8.73 18.72 11.47 8.75 9.55 3.51 6.05 2.75 18.16 11.49
5.86 12.32 10.56 6.54 7.61 5.58 4.82 11.46 17.06 9.1 6.45 6.42 3.12 4.75 3.95 7.66 14.28 17.37 15.9 10.55 6.27 9.24 13.57 11.23 12.71 14.79 5.68 8.65 5.34 11.08 12.72 6.49 5.73 6.3 2.07 1.96 1.85 1.61 5.18 5.07 4.73 8.36 10.74 4.28 7.44 14.12 19.09 19.63 10.44 15.08 6.56 8.0 8.11 7.66 5.82 11.05 20.23 7.08 4.25 6.91 8.37 6.18 9.23 23.37
6.37 3.58 5.38 5.76 7.77 9.72 6.34 7.02 18.02 6.21 4.17 1.3 2.9 2.34 1.69 5.19 16.08 10.92 8.93 13.76 8.42 5.58 16.52 7.62 44.67 29.23 15.84 12.63 6.58 26.26 14.41 8.09 7.89 4.55 2.25 2.94 1.22 1.62 3.96 3.76 3.57 8.24 3.41 4.53 2.35 7.84 12.58 6.01 8.68 6.35 8.1 4.66 5.93 5.01 7.42 23.61 20.16 11.65 11.23 4.35 8.16 8.04 11.96 16.01
5.03 5.82 12.65 8.17 26.64 40.47 14.92 11.1 8.41 9.17 2.18 2.08 3.53 5.18 3.18 4.95 11.21 15.01 9.96 5.09 7.62 7.62 14.03 17.9 10.83 21.94 8.47 11.5 12.93 11.38 15.11 7.38 9.34 4.88 5.28 4.2 2.9 3.2 3.33 4.41 6.24 5.38 6.3 3.04 4.27 8.85 14.93 10.54 9.25 8.08 2.9 6.78 4.35 4.27 7.0 6.68 7.07 7.58 5.77 5.58 2.22 6.67 9.91 13.78
6.14 7.23 10.67 25.08 29.29 17.14 9.84 10.13 17.81 6.88 2.4 4.42 6.0 5.45 3.15 4.18 7.61 11.68 7.17 5.62 13.04 11.33 8.86 11.51 15.3 21.0 9.38 14.85 22.62 9.72 9.89 5.12 5.59 8.62 2.3 4.03 6.02 5.44 3.88 4.18 3.56 5.13 3.57 4.44 5.18 8.72 12.89 16.54 12.31 6.48 3.49 4.49 6.66 9.69 9.49 15.93 5.15 3.83 4.13 4.86 2.25 4.84 5.68 7.04
4.25 8.15 13.49 10.25 32.38 27.38 27.3 17.17 14.22 8.68 4.88 6.36 4.84 7.82 3.95 4.08 4.9 4.76 10.38 7.85 4.14 8.72 10.89 10.06 15.41 21.41 16.58 27.17 28.5 13.16 16.59 6.55 4.5 4.93 1.88 2.91 3.6 7.93 9.83 4.88 2.12 3.96 3.67 8.46 6.42 8.07 7.01 4.63 6.83 4.18 6.1 5.91 7.55 9.68 16.85 22.84 4.82 4.06 5.15 2.65 9.96 3.61 5.2 10.08
